0.338227544168, 1.09722661541, 2.1492016091, 0.557875663992, 30.5747252997, 1.2270498047, 0.0946068792404, 0.0131479649853, 41.1236171547, 149.92716192, 0.0199316344887, 0.0
0.147185904175, 0.911710725734, 2.580335343, 0.540167042062, 82.122818527, 1.05843943071, 1.51380233054, 4.76530801426, 8.71275035933, 216.711237734, 0.00721578358748, 0.0285714285714
0.135027668412, 1.05610751561, 5.6320803612, 0.456936221057, 17.3263676567, 46.8715997051, 0.742455459519, 1.8350564844, 1.09848263312, 176.006543106, 0.0, 0.625
0.300747536698, 1.08089250619, 2.15360838818, 0.594657925026, 4.09970967054, 5.93762845303, 0.959156169457, 4.00272733448, 31.6752360726, 129.706528531, 0.0791559812237, 0.0
0.179646453766, 0.997707350963, 4.0731183521, 0.652979915864, 30.502900465, 38.7283197478, 0.0585396679388, 4.25911237288, 17.7325383722, 112.395959093, 0.291544391386, 0.285714285714
0.221196749883, 1.19519199738, 5.6161374585, 0.424083569523, 17.5635438238, 1.37564282292, 0.408436631057, 4.87354102679, 16.2600241769, 630.266197052, 0.018753227372, 0.0
0.147185904175, 1.09722661541, 2.1492016091, 0.499706187001, 30.5747252997, 1.2270498047, 0.772944849647, 0.0131479649853, 17.5217458501, 126.085728276, 0.0121360323823, 0.125
0.116291890044, 1.10953091925, 6.85529603088, 0.600099592388, 70.247485571, 2.04015478272, 1.95794231286, 0.913233302428, 26.6235246199, 956.517444498, 0.00846269620219, 0.0
0.116291890044, 1.10953091925, 6.85529603088, 0.600099592388, 70.247485571, 2.04015478272, 1.95794231286, 0.913233302428, 26.6235246199, 690.071601771, 0.0109731015796, 0.0
0.147185904175, 1.09722661541, 2.03096712216, 0.557875663992, 31.6749342774, 1.2270498047, 0.772944849647, 0.0131479649853, 17.5217458501, 117.858169901, 0.00947018311646, 0.166666666667
0.147185904175, 1.09722661541, 2.1492016091, 0.557875663992, 30.5747252997, 1.2270498047, 0.772944849647, 0.0131479649853, 17.5217458501, 144.01603655, 0.0213548127955, 0.0588235294118
0.221196749883, 1.16974189781, 5.6161374585, 0.692367924775, 82.6223699933, 1.37564282292, 0.418206391828, 3.10386474362, 37.1923266137, 561.569665686, 0.0238561139122, 0.0
0.135221952079, 1.04041364706, 8.27340075289, 0.682299209426, 84.4139156716, 15.7866447661, 0.761703669177, 3.90062957988, 5.01525646325, 322.564355004, 0.0259846340348, 0.0
0.290233930825, 0.837217892339, 7.92355593628, 0.455757134861, 42.0668567172, 4.37747432509, 0.571409361642, 2.62979084418, 16.2786327546, 255.22868899, 0.0693145987192, 0.0
0.116291890044, 1.10953091925, 6.85529603088, 0.548796605588, 77.4522914332, 2.04015478272, 1.95794231286, 1.69693213548, 1.50495205431, 480.313777927, 0.00875835193488, 0.2
0.171809523404, 1.12985189221, 3.93727504438, 0.544917665308, 77.0819676016, 1.25889758589, 0.761703669177, 4.01460298402, 17.0571876721, 319.190912473, 0.0207420865317, 0.12
0.385025946572, 1.15844243846, 2.26669853847, 0.529356342039, 71.0353493676, 22.0337234421, 0.0963252713874, 0.792523137948, 22.9092533924, 151.673530695, 0.219782985198, 0.0
0.186151733171, 1.04776837226, 2.93432084494, 0.441372269278, 32.9565328743, 14.4739368747, 0.53207632537, 2.99647864604, 40.3715561045, 211.200566232, 0.100973306622, 0.0
0.171809523404, 1.12985189221, 2.20687815491, 0.561853550058, 81.0580936005, 24.5997892659, 0.0185772683819, 4.01460298402, 17.0571876721, 163.016149326, 0.147894202442, 0.0
0.829907768172, 1.06222297332, 5.65347440017, 0.673282596753, 41.1380054477, 2.66720367389, 0.671816874139, 3.33142774948, 11.226640874, 198.204628859, 0.145203623347, 0.0
0.116291890044, 1.09793104655, 6.85529603088, 0.600099592388, 70.247485571, 1.7382713239, 1.95794231286, 0.913233302428, 26.6235246199, 775.208614599, 0.0119372640402, 0.0816326530612
0.147185904175, 1.09722661541, 2.1492016091, 0.537992287487, 30.5747252997, 1.2270498047, 0.772944849647, 0.0131479649853, 9.28691358214, 171.315742952, 0.0147376930463, 0.333333333333
0.385025946572, 1.15844243846, 2.26669853847, 0.453957359525, 71.0353493676, 7.02268892087, 0.0963252713874, 0.792523137948, 26.5039678788, 138.456740316, 0.14740096143, 0.25
0.779715617697, 0.826153424483, 2.93432084494, 0.441372269278, 32.9565328743, 23.6295140629, 0.53207632537, 2.99647864604, 17.0571876721, 137.356710974, 0.417627475201, 0.428571428571
0.207836794948, 1.09722661541, 2.1492016091, 0.499706187001, 30.5747252997, 1.2270498047, 0.772944849647, 0.00637008805581, 17.5217458501, 142.874650712, 0.0322573081103, 0.434782608696
0.188884315931, 1.11101335811, 2.42930682937, 0.582169546415, 41.6664695499, 6.04641708551, 0.854843326431, 1.74182962852, 34.6570610261, 198.206670375, 0.0560734328265, 0.272727272727
0.290233930825, 0.837217892339, 5.5936207424, 0.455757134861, 42.0668567172, 4.37747432509, 0.571409361642, 2.14128710829, 42.1136551339, 315.11001117, 0.0618383257624, 0.0769230769231
0.262780840217, 0.938119028123, 4.35429779958, 0.541486271967, 25.4930059621, 2.77528137043, 1.72913969435, 3.79341263796, 35.2755401362, 544.875285649, 0.0336566869353, 0.0
0.652940593311, 0.917883687139, 6.80536292235, 0.656520198733, 18.1028372827, 3.6786968316, 1.38149780943, 1.88358778723, 15.663296105, 525.183645863, 0.0848437982619, 0.0
0.355214010436, 0.894814041074, 6.17787073038, 0.517786394139, 41.8370679374, 3.38391638588, 0.770569016267, 1.46449364352, 12.1171333048, 273.13467994, 0.100276611503, 0.222222222222
0.107377636404, 1.09158484485, 5.3074745805, 0.570248614781, 53.2460612708, 21.103790821, 0.12600184706, 3.18213770324, 17.7325383722, 333.300328044, 0.0889468813757, 0.0
0.290233930825, 1.05610751561, 5.5936207424, 0.455757134861, 42.0668567172, 4.37747432509, 0.571409361642, 2.14128710829, 22.3958563831, 439.49277198, 0.0580219256544, 0.181818181818
0.221196749883, 1.19519199738, 5.6161374585, 0.659717036103, 31.9681578237, 1.37564282292, 0.408436631057, 3.10386474362, 37.1923266137, 448.923704668, 0.0254202339618, 0.272727272727
0.188884315931, 1.11101335811, 3.690152212, 0.582169546415, 76.2665621695, 6.04641708551, 0.854843326431, 4.07757657289, 34.6570610261, 369.446694246, 0.0528853972304, 0.272727272727
0.500363556127, 0.89667706257, 3.15894452028, 0.528577673174, 82.122818527, 40.8239121607, 0.761703669177, 4.76530801426, 35.038958924, 151.905150938, 0.677840109348, 0.0
0.385025946572, 1.06162633631, 2.26669853847, 0.453957359525, 71.0353493676, 18.4901598067, 0.691168976902, 3.61859422064, 26.5039678788, 155.369571596, 0.297595113804, 0.142857142857
0.500363556127, 1.09722661541, 2.1492016091, 0.537992287487, 30.5747252997, 40.8239121607, 0.772944849647, 0.0131479649853, 4.1358454566, 158.627257193, 0.417619737345, 0.0
0.290233930825, 0.837217892339, 5.5936207424, 0.455757134861, 42.0668567172, 4.37747432509, 0.571409361642, 2.14128710829, 22.3958563831, 320.493732996, 0.101290816597, 0.0
0.779715617697, 0.826153424483, 2.93432084494, 0.441372269278, 32.9565328743, 14.4739368747, 0.53207632537, 2.99647864604, 40.3715561045, 164.280478438, 0.312153795981, 0.047619047619
0.543036371147, 0.871709645623, 2.15360838818, 0.624623033298, 76.2157698304, 6.468585, 1.64626321841, 4.68018487516, 23.8941989171, 178.470545389, 0.217935207588, 0.0769230769231
0.543036371147, 0.871709645623, 2.15360838818, 0.624623033298, 76.2157698304, 6.468585, 1.64626321841, 4.68018487516, 23.8941989171, 220.199065252, 0.184363173322, 0.0294117647059
0.152237942113, 0.972602205291, 2.46130328751, 0.529356342039, 49.2172383749, 22.0337234421, 1.51563192844, 0.314773284678, 18.7524799316, 205.024364649, 0.18664758904, 0.0714285714286
0.369209433111, 0.997707350963, 4.0731183521, 0.652979915864, 26.9331799387, 38.7283197478, 0.0585396679388, 3.3770658834, 17.7325383722, 226.264354332, 0.338814141663, 0.0
0.39943018444, 0.871709645623, 2.16809508953, 0.624623033298, 21.7665960106, 6.468585, 2.95229575604, 4.87488496375, 23.8941989171, 286.537505182, 0.183515405111, 0.217948717949
0.179646453766, 0.997707350963, 4.0731183521, 0.652979915864, 26.9331799387, 38.7283197478, 0.0585396679388, 3.3770658834, 17.7325383722, 219.526843485, 0.388070848067, 0.0
0.237454168473, 0.936007453572, 4.63733106626, 0.528604331194, 43.0196782816, 48.1474202811, 0.53900477823, 1.41197270033, 41.3455927632, 298.490953268, 0.149912182596, 0.0
0.39943018444, 0.871709645623, 2.15360838818, 0.624623033298, 21.7665960106, 1.37564282292, 1.64626321841, 4.87488496375, 23.8941989171, 230.446177906, 0.0506239382988, 0.352941176471
0.171809523404, 1.12985189221, 3.93727504438, 0.544917665308, 77.0819676016, 1.25889758589, 0.0185772683819, 4.01460298402, 17.0571876721, 338.022234743, 0.0257309233648, 0.368421052632
0.147185904175, 1.09722661541, 2.1492016091, 0.557875663992, 30.5747252997, 1.2270498047, 0.772944849647, 0.0131479649853, 41.1236171547, 189.019917607, 0.0204166431273, 0.4375
0.147185904175, 1.19519199738, 5.6161374585, 0.424083569523, 17.5635438238, 1.37564282292, 0.408436631057, 4.87354102679, 16.2600241769, 326.680726672, 0.0271509206, 0.416666666667
0.500363556127, 0.89667706257, 3.15894452028, 0.528577673174, 82.122818527, 40.8239121607, 0.761703669177, 4.76530801426, 35.038958924, 151.803542141, 0.369184349896, 0.277777777778
0.171809523404, 1.12985189221, 2.20687815491, 0.561853550058, 77.0819676016, 24.5997892659, 0.0185772683819, 4.01460298402, 17.0571876721, 172.806909046, 0.292324073815, 0.538461538462
0.289544946393, 0.918992035075, 6.2605671671, 0.461627972868, 10.2100141863, 6.50009244502, 0.0946068792404, 0.523126566552, 13.8335789335, 204.676859011, 0.156742662696, 0.277777777778
0.365625686224, 0.943278745467, 5.30684512075, 0.461627972868, 34.8741996417, 6.50009244502, 0.772944849647, 2.07509635567, 13.8335789335, 200.863375931, 0.138169066022, 0.307692307692
0.188884315931, 1.11101335811, 3.690152212, 0.582169546415, 76.2665621695, 6.04641708551, 0.854843326431, 1.74182962852, 34.6570610261, 347.75379892, 0.0666984136253, 0.25
0.290233930825, 0.837217892339, 5.5936207424, 0.455757134861, 42.0668567172, 4.37747432509, 0.571409361642, 2.14128710829, 38.7070731458, 441.013009783, 0.0830128525806, 0.142857142857
0.290233930825, 0.837217892339, 5.5936207424, 0.455757134861, 42.0668567172, 4.37747432509, 1.64626321841, 2.14128710829, 17.0027050014, 340.183463375, 0.0873658922337, 0.3375
0.355214010436, 1.04343866934, 6.17787073038, 0.517786394139, 28.1952709479, 3.38391638588, 2.01114674078, 1.46449364352, 3.75071668488, 706.678921291, 0.0424154463816, 0.0695652173913
0.447567132238, 1.09680057229, 3.80660217672, 0.425702274343, 41.6664695499, 3.48442412224, 3.17481785714, 0.143166601705, 41.1236171547, 912.976132509, 0.074866396385, 0.00271002710027
0.332651515753, 1.10953091925, 6.85529603088, 0.600099592388, 70.247485571, 2.04015478272, 2.60878798327, 4.70982830378, 26.6235246199, 952.996204148, 0.046715471707, 0.047619047619
0.355214010436, 1.04343866934, 6.17787073038, 0.517786394139, 47.4836684888, 3.38391638588, 2.01114674078, 1.46449364352, 12.1171333048, 913.297711041, 0.057033558346, 0.0
0.652940593311, 0.917883687139, 6.80536292235, 0.607010764008, 18.1028372827, 3.6786968316, 1.38149780943, 1.88358778723, 15.663296105, 585.085067939, 0.0850436181534, 0.0
0.471674862593, 0.918992035075, 6.2605671671, 0.461627972868, 10.2100141863, 6.50009244502, 0.0946068792404, 0.523126566552, 13.8335789335, 311.890845771, 0.132567244132, 0.230769230769
0.516879411994, 1.0998604982, 2.37086335038, 0.488599126222, 86.6746329463, 3.6786968316, 1.20149656244, 2.88090419414, 30.0373633121, 357.824025726, 0.0940161802765, 0.153846153846
0.262780840217, 0.938119028123, 4.35429779958, 0.459614467166, 25.4930059621, 7.98930268717, 1.72913969435, 3.79341263796, 35.2755401362, 465.049029096, 0.0960872787743, 0.0
0.149538237479, 1.03702740968, 4.56282065032, 0.60739128481, 80.8145989938, 7.73139574825, 2.89972896993, 1.41288778434, 3.07805280199, 554.48407922, 0.0702391512604, 0.213836477987
0.500363556127, 0.911710725734, 3.15894452028, 0.540167042062, 82.122818527, 40.8239121607, 1.51380233054, 4.76530801426, 8.71275035933, 175.566639369, 0.429522210926, 0.0
0.128121099201, 0.943221347109, 4.97834157351, 0.676157107642, 17.5635438238, 34.851391844, 1.15648659858, 2.62979084418, 16.2786327546, 405.716013707, 0.134032993724, 0.0
0.500363556127, 0.911710725734, 3.15894452028, 0.540167042062, 82.122818527, 40.8239121607, 0.38055478423, 4.76530801426, 1.09848263312, 168.493711269, 0.345911668064, 0.481481481481
0.385025946572, 1.15844243846, 2.26669853847, 0.453957359525, 71.0353493676, 18.4901598067, 0.691168976902, 0.792523137948, 26.5039678788, 186.23936537, 0.37318244755, 0.1
0.39943018444, 0.871709645623, 2.15360838818, 0.624623033298, 21.7665960106, 6.468585, 1.64626321841, 4.87488496375, 23.8941989171, 184.084484982, 0.239096080043, 0.269230769231
0.786902748533, 0.826153424483, 2.93432084494, 0.441372269278, 32.9565328743, 14.4739368747, 0.53207632537, 2.99647864604, 40.3715561045, 192.599070598, 0.252719642227, 0.214285714286
0.521672004858, 0.972602205291, 2.46130328751, 0.406139029022, 49.2172383749, 22.0337234421, 1.51563192844, 0.314773284678, 18.7524799316, 223.577413799, 0.324001877403, 0.0769230769231
0.221967881033, 0.884716153964, 5.3074745805, 0.570248614781, 97.0071022407, 21.103790821, 0.12600184706, 3.18213770324, 18.5016782165, 249.971624975, 0.198434283622, 0.272727272727
0.152237942113, 0.972602205291, 2.46130328751, 0.529356342039, 49.2172383749, 22.0337234421, 1.51563192844, 0.314773284678, 18.7524799316, 240.952013696, 0.1999512397, 0.255319148936
0.238589640818, 0.825145475434, 6.2605671671, 0.619457480842, 10.2100141863, 38.5764252215, 0.770569016267, 0.360644287121, 41.3455927632, 260.925517265, 0.299737484071, 0.157894736842
0.441110754656, 1.16974189781, 2.45885136348, 0.585131081792, 77.4522914332, 27.8838501427, 1.26160121236, 0.719845971546, 35.4272837586, 255.478968718, 0.423098043014, 0.0
0.166946700174, 1.0772459755, 4.09419055819, 0.47421019047, 49.6064357135, 34.4958458753, 0.649475101232, 2.42332792124, 25.9789081841, 298.77432077, 0.167934535462, 0.25
0.146513776418, 0.943221347109, 4.97834157351, 0.540727917946, 65.6005022889, 34.851391844, 1.15648659858, 4.07757657289, 16.2786327546, 355.743962926, 0.207983555793, 0.0
0.221967881033, 0.884716153964, 5.3074745805, 0.51372013964, 97.0071022407, 21.103790821, 0.12600184706, 3.35343646668, 34.4591099666, 310.097519305, 0.237909138492, 0.0
0.672405980851, 1.16056710368, 2.13715878379, 0.659717036103, 31.9681578237, 16.8728426123, 2.49989799006, 3.60579850782, 8.80592512651, 301.329482468, 0.333323893694, 0.0
0.122264425723, 1.19205550055, 4.0731183521, 0.652979915864, 9.84732580543, 40.2458521615, 0.0963252713874, 1.79019818479, 40.1369434114, 356.585835415, 0.186306564556, 0.0
0.122264425723, 1.19205550055, 2.83563302186, 0.527656508537, 9.84732580543, 40.2458521615, 0.0963252713874, 1.79019818479, 40.1369434114, 303.198402601, 0.255252441197, 0.0
0.116291890044, 1.10953091925, 6.85529603088, 0.600099592388, 70.247485571, 2.04015478272, 1.95794231286, 0.913233302428, 26.6235246199, 929.049362581, 0.0391048218505, 0.392156862745
0.171809523404, 1.12985189221, 3.93727504438, 0.468807478981, 67.1172167455, 1.25889758589, 0.0185772683819, 4.01460298402, 17.0571876721, 217.501772216, 0.0230485495659, 0.5
0.188884315931, 1.11101335811, 3.690152212, 0.520634837779, 78.7554223183, 6.04641708551, 0.854843326431, 4.76796906642, 34.6570610261, 285.774097988, 0.102939120656, 0.481481481481
0.543036371147, 0.871709645623, 2.04148244006, 0.624623033298, 76.2157698304, 6.468585, 0.380555182086, 4.68018487516, 23.8941989171, 159.704963678, 0.393934405481, 0.565217391304
0.125149371167, 0.918992035075, 4.09419055819, 0.47421019047, 49.6064357135, 34.4958458753, 0.393291627066, 2.42332792124, 25.9789081841, 178.615284738, 0.29641768772, 0.653846153846
0.365625686224, 0.943278745467, 5.30684512075, 0.461627972868, 34.8741996417, 6.50009244502, 0.0946068792404, 2.07509635567, 13.8335789335, 303.166461809, 0.141161043787, 0.357142857143
0.516879411994, 1.0998604982, 2.37086335038, 0.488599126222, 86.6746329463, 3.6786968316, 1.20149656244, 2.88090419414, 30.0373633121, 263.231095392, 0.173095723589, 0.360655737705
0.516879411994, 1.0998604982, 2.37086335038, 0.488599126222, 86.6746329463, 3.6786968316, 1.20149656244, 2.88090419414, 30.0373633121, 293.966853201, 0.139455385982, 0.360655737705
0.300747536698, 1.08089250619, 2.76499572685, 0.594657925026, 4.09970967054, 5.93762845303, 0.959156169457, 4.00272733448, 31.6752360726, 203.689016394, 0.219625206539, 0.32
0.135027668412, 1.05610751561, 5.6320803612, 0.456936221057, 17.3263676567, 46.8715997051, 0.447963634001, 0.523126566552, 1.09848263312, 406.491301935, 0.0829561306157, 0.25
0.675774174146, 1.05025831213, 8.25481416255, 0.544917665308, 59.7727660706, 1.25889758589, 0.983818476649, 4.94348694822, 33.269481199, 613.243925642, 0.0693736280741, 0.368421052632
0.290233930825, 0.938119028123, 5.5936207424, 0.455757134861, 42.0668567172, 4.37747432509, 0.571409361642, 2.14128710829, 22.3958563831, 357.28877598, 0.089739208967, 0.307692307692
0.355214010436, 1.12942841209, 6.17787073038, 0.517786394139, 41.8370679374, 3.38391638588, 2.01114674078, 1.46449364352, 12.1171333048, 917.494030281, 0.0586825778079, 0.0
0.500363556127, 0.911710725734, 3.15894452028, 0.540167042062, 82.122818527, 40.8239121607, 1.51380233054, 4.76530801426, 8.71275035933, 222.796500124, 0.511131016357, 0.046511627907
0.39943018444, 0.871709645623, 2.15360838818, 0.624623033298, 21.7665960106, 6.468585, 1.64626321841, 4.87488496375, 23.8941989171, 192.650778196, 0.257351782532, 0.476744186047
0.116291890044, 1.10953091925, 6.85529603088, 0.600099592388, 77.4522914332, 2.04015478272, 1.95794231286, 1.69693213548, 26.6235246199, 982.063413404, 0.0312667122461, 0.59793814433
0.171809523404, 1.12985189221, 3.93727504438, 0.544917665308, 77.0819676016, 1.25889758589, 0.761703669177, 4.01460298402, 40.3715561045, 393.674579878, 0.0336059859507, 0.631578947368
