1.59500009946, 1.00000001582, 1.36514992151, 1.10458566413, 1.85855855778, 0.979240653065, 5.48803329521, 1.06032152603, 0.94371423305, 1.60969090232, 5.08938807358, 1.10660151417, 4.08796027942, 0.998705271882, 1.09000090087, 1.09700181984, 1.02833464549, 1.04015700073, 8.54305387273, 1.10207934096, 0.938090507192, 413.664118364, 1.04912973989, 1.11535414117, 1.22010849118, 4.5123696029, 1.02967855178, 136.944771888, 16.2936479538, 945.112336499, 0.268096514745
3.7664724912, 1.00000002256, 1.62734043535, 1.10930767595, 6.11223856002, 0.890487118631, 5.4589091468, 1.06219912366, 0.95518761518, 2.73092591376, 4.90512800067, 0.946137427964, 3.1020037508, 1.09432048192, 1.0900001815, 1.09213491926, 1.02407520991, 1.11501455597, 9.7393082733, 1.15580882668, 0.978369819569, 390.079724977, 1.18063067791, 3.11118610746, 1.02984362469, 4.71136855786, 1.16822242221, 41.8863339893, 9.62748538204, 168.557658044, 1.60857908847
5.0699790395, 1.00000045736, 1.09095050463, 1.21820964433, 5.77482818842, 0.828872978531, 1.72008014318, 1.1135681708, 0.930603375087, 4.21968390396, 6.16651002647, 1.17149403529, 4.42517803665, 0.972827548463, 1.09000032083, 1.01629647936, 1.0306300504, 0.921487063249, 4.91291497835, 0.973323100296, 0.776759843816, 601.004381804, 1.17157698991, 5.91330188776, 1.13491492277, 4.80784190333, 1.21614362727, 79.4598649997, 19.1153489591, 194.568019414, 0.0
2.85490950373, 1.00000062057, 1.39744904351, 1.11039151934, 5.3717084077, 0.776344710332, 2.6692675839, 1.2549965336, 0.947624685425, 2.96035987114, 5.34358897713, 1.19989395129, 1.46733599221, 1.11031119952, 1.0900003147, 1.04683246139, 1.0286054176, 1.11943746462, 8.91610037409, 0.967778104062, 0.99492726746, 722.580799319, 1.18778937285, 1.79432961396, 1.07759591213, 2.34794511906, 0.90245239071, 30.1679481764, 7.46790246618, 93.1901939864, 5.8981233244
5.02275359651, 1.00000002851, 1.63184877982, 1.21726857806, 6.00224786338, 0.879206800304, 4.41693032633, 1.22500888745, 0.978730160269, 5.96851196339, 5.58770589049, 0.927012088623, 3.20398768088, 1.14018403321, 1.0900000073, 1.00089181979, 1.03539913537, 0.851146057709, 9.75426807817, 1.14456341953, 0.882628395801, 167.970248024, 1.07799169514, 2.87285367812, 0.9766050687, 3.81871206478, 1.11715310408, 37.3716584417, 11.057093381, 48.89611072, 0.536193029491
1.26325164348, 1.00000087455, 1.5060908672, 0.882150777876, 2.04901892423, 0.806322307465, 4.48965870605, 1.03051603844, 0.935683179989, 4.72450080062, 4.96137836251, 0.857337451328, 2.37902261301, 1.19213496464, 1.09000056327, 1.00089181979, 1.01437104104, 1.18621506126, 3.03580324926, 0.946287280095, 0.796789068715, 831.270097174, 1.18199549183, 1.02078086653, 1.13879687074, 3.77528041508, 1.12889724388, 58.2961208099, 17.144316746, 129.841888711, 0.268096514745
4.91930941703, 1.00000093355, 1.58525405426, 0.812857054011, 6.81899623625, 0.888912681186, 5.77502567656, 1.23720385202, 0.987283085584, 3.71973794888, 5.8769045416, 1.07595355499, 1.35086115312, 1.0192024399, 1.09000021742, 1.01565763239, 1.03960584719, 0.815857456791, 4.81337020259, 1.12389355231, 0.961994227961, 680.058556633, 0.917240411069, 5.17499509299, 1.23846704538, 1.05362608861, 0.971180936505, 172.719980069, 18.1981202899, 810.323579332, 0.0
4.05770539007, 1.00000044393, 1.41184923433, 0.880290138031, 2.49347081522, 0.938699152694, 1.55135932382, 1.13352066511, 0.919004658963, 5.94044487754, 5.52795288197, 1.02547935718, 4.60023387922, 1.26036700641, 1.09000069495, 1.08423221154, 1.00230385165, 1.08820369393, 8.57278939715, 1.12607393957, 0.809710815759, 982.921887928, 0.957735456233, 3.77600433191, 0.993487062921, 5.00954321086, 1.01497102348, 258.811491964, 16.3824455086, 1100.23087287, 0.268096514745
5.30533311925, 1.00000000138, 1.13983156664, 1.15197865395, 4.11169208754, 0.982054286666, 3.94925368289, 1.10512863106, 0.966929104663, 4.86056273615, 5.7620969451, 0.949308235254, 3.14453246726, 1.22307521315, 1.09000048475, 1.08780762873, 1.04548312474, 1.09659690631, 9.72613882245, 0.914388690145, 0.971303900839, 611.897234575, 1.09017399719, 5.50239459885, 1.23531015299, 1.18134294226, 0.974567629005, 95.7452791148, 10.7184648599, 977.616800889, 4.28954423592
3.98158110435, 1.00000031128, 1.59906723026, 1.18071650628, 2.49347081522, 0.945551935741, 5.8679006443, 1.07146775043, 0.934375080296, 3.06306183154, 5.51321106086, 1.09284883265, 1.35258427327, 1.23012609503, 1.09000006402, 1.0305255243, 1.02041993933, 0.823738346238, 9.785197205, 1.01657197494, 0.786832068379, 555.239194642, 1.06940891873, 3.947937048, 1.01666827926, 5.00954321086, 1.29401648111, 59.9479353619, 10.9083033777, 396.941787685, 2.9490616622
3.08179433011, 1.00000071422, 1.21769384952, 1.18353075523, 3.86867597912, 0.930671481853, 3.83511097711, 1.11966197509, 0.910004153773, 3.06306183154, 5.87929646413, 0.826950450957, 4.32796405882, 1.25652018012, 1.09000096496, 1.09044816485, 1.02160125283, 0.879348223564, 6.85942429799, 0.988016743108, 0.828312217861, 28.6352311354, 1.07196752735, 1.16031746247, 1.00029991979, 4.02530918748, 1.19943712226, 268.431493652, 21.0304964633, 583.111553267, 0.0
3.98158110435, 1.00000031128, 1.59906723026, 1.18071650628, 5.21212209022, 0.945551935741, 5.85664319315, 1.07146775043, 0.934375080296, 3.06306183154, 5.51321106086, 1.09284883265, 1.35258427327, 1.17794183771, 1.09000006402, 1.0305255243, 1.02041993933, 0.823738346238, 9.785197205, 1.01657197494, 0.786832068379, 555.239194642, 1.06940891873, 3.947937048, 1.01666827926, 1.50627998614, 1.13013817261, 122.159157042, 22.5883540767, 227.780391837, 0.0
2.57049685851, 1.00000089165, 1.63184877982, 1.17372339768, 4.0397898433, 0.96397949901, 4.88848231156, 1.04061329059, 0.921920634662, 3.61865982888, 6.05956024787, 0.888202828169, 3.4070066712, 1.25245757475, 1.090000791, 1.00089181979, 1.01251553508, 1.01415975942, 6.17679982684, 1.16063093147, 0.842955023944, 947.322306822, 1.17520497615, 1.27721754784, 0.997571505336, 4.07427678242, 0.870793514386, 132.464911634, 13.8300094553, 126.763362406, 3.75335120643
1.09893050727, 1.00000013748, 1.6858916839, 0.979931379539, 2.69764978604, 0.890487118631, 4.88163051056, 1.09771419037, 0.956387185784, 4.57454773489, 5.50725893544, 0.962313538801, 4.30696507606, 1.0825162959, 1.09000098122, 1.06608644556, 1.00015799732, 1.00841649001, 7.11396971131, 1.14344526031, 0.957773609171, 298.616895519, 1.12811692293, 5.59095511749, 1.18328012137, 5.28595977216, 0.940200198309, 125.384876465, 11.7729378589, 342.035864295, 4.82573726542
5.67593975061, 1.00000098411, 1.42487353982, 0.917329305719, 6.43230707473, 0.947670089594, 2.816974119, 1.01565978229, 0.969941713239, 1.36489340495, 5.90549342408, 0.938402200725, 1.01484443993, 1.09114201935, 1.09000044266, 1.08764927084, 1.02793374903, 1.01783361676, 4.914965089, 0.934889948259, 0.914556410387, 724.888860307, 0.941232503944, 3.68099024367, 1.10717684466, 4.01834838663, 1.05923206828, 46.7499987017, 15.9777348978, 70.417109943, 3.21715817694
3.3463641842, 1.00000010852, 1.52371947972, 0.979931379539, 3.19776500567, 0.724516214732, 4.88163051056, 1.16950844726, 0.956387185784, 4.57454773489, 4.89546461814, 1.21254616703, 4.30696507606, 1.0825162959, 1.09000003361, 1.06608644556, 1.00064677207, 1.00841649001, 7.11396971131, 1.14344526031, 0.957773609171, 298.616895519, 1.12811692293, 2.42471880416, 1.18328012137, 5.28595977216, 0.929251150806, 50.9947547013, 12.4510408245, 229.271023421, 1.07238605898
4.35260473758, 1.00000041043, 1.39863800528, 1.13410853184, 2.55605405465, 0.76504499006, 1.0739724465, 1.11372130165, 0.952005608164, 6.16263961956, 5.05238435668, 0.905620493273, 3.9487310348, 1.17045134137, 1.09000013939, 1.00096827787, 1.03241396408, 0.925479452838, 5.12858477132, 1.084027524, 0.817379659855, 107.083662631, 1.06079647788, 1.15080330249, 0.982713106502, 1.25517898616, 1.02392368861, 45.268827908, 16.2587520161, 112.338238239, 0.804289544236
5.73114515788, 1.00000025126, 1.55865765936, 1.03121732043, 2.88669589075, 0.981892835155, 3.55686262318, 1.25426140061, 0.967470856717, 1.67279819576, 4.96084241442, 1.0878637211, 1.19406234673, 0.997075728077, 1.09000072709, 1.00323924361, 1.00200119451, 1.00703751948, 6.27708108409, 0.970974262979, 0.854109264291, 616.59087094, 0.940643044555, 4.97049876744, 1.10446636, 1.49766712778, 0.892482122992, 48.2154094258, 15.9362160021, 71.4953489219, 1.34048257373
5.02275359651, 1.00000002851, 1.63184877982, 1.21726857806, 6.00224786338, 0.879206800304, 5.09198547032, 1.22500888745, 0.978730160269, 5.96851196339, 5.58770589049, 0.927012088623, 3.20398768088, 1.14018403321, 1.0900000073, 1.00089181979, 1.01469107722, 0.851146057709, 9.75426807817, 1.14456341953, 0.882628395801, 531.273308966, 1.07799169514, 2.87285367812, 0.9766050687, 3.81871206478, 1.19780609566, 103.784705224, 12.6829281482, 213.451666727, 1.87667560322
3.7664724912, 1.00000002256, 1.62734043535, 1.10930767595, 5.74753757798, 0.890487118631, 5.4589091468, 1.06219912366, 0.95518761518, 2.73092591376, 4.90512800067, 1.17090399571, 2.57865457478, 1.09432048192, 1.0900001815, 1.09213491926, 1.02525917858, 1.11501455597, 9.7393082733, 1.15580882668, 0.978369819569, 349.55932632, 1.18063067791, 3.21825242352, 1.02984362469, 4.71136855786, 1.16822242221, 71.6519772565, 18.2243929243, 127.547089663, 0.536193029491
3.3463641842, 1.00000010852, 1.6858916839, 0.979931379539, 3.19776500567, 0.724516214732, 4.88163051056, 1.16950844726, 0.956387185784, 4.57454773489, 5.50725893544, 1.21254616703, 4.30696507606, 1.0825162959, 1.09000003361, 1.06608644556, 1.00064677207, 1.00841649001, 7.11396971131, 1.14344526031, 0.957773609171, 298.616895519, 1.12811692293, 5.59095511749, 1.18328012137, 5.28595977216, 0.929251150806, 95.0055515376, 14.4356469213, 116.857325903, 0.804289544236
2.57049685851, 1.00000089165, 1.53223785392, 1.17372339768, 4.0397898433, 0.96397949901, 4.88848231156, 1.04061329059, 0.921920634662, 3.61865982888, 6.05956024787, 1.18381202165, 3.4070066712, 1.25245757475, 1.090000791, 1.08679530948, 1.01251553508, 1.01415975942, 6.46026775151, 1.16063093147, 0.818924956946, 947.322306822, 1.17520497615, 1.27721754784, 0.997571505336, 4.07427678242, 0.870793514386, 235.763521952, 18.7489058127, 1718.00760677, 0.268096514745
5.73114515788, 1.00000025126, 1.55865765936, 1.03121732043, 2.88669589075, 0.981892835155, 3.55686262318, 1.25426140061, 0.967470856717, 1.67279819576, 4.96084241442, 1.03969468055, 2.38873907538, 0.997075728077, 1.09000068381, 1.00323924361, 1.00200119451, 1.00703751948, 6.01056211016, 0.970974262979, 0.854109264291, 616.59087094, 0.940643044555, 4.09871294414, 1.10446636, 3.26165414088, 0.892482122992, 489.902930124, 19.4782480053, 976.815862248, 0.0
2.69543880383, 1.00000055083, 1.41245057959, 1.08323351197, 2.53072567294, 0.862778798987, 4.02222940248, 1.0404311668, 0.92642515262, 4.9304452389, 5.7620969451, 1.03335169704, 4.22314275268, 1.27169712688, 1.09000072709, 1.10769762703, 1.04218320286, 0.822370706027, 4.81551559256, 1.03107897801, 0.808403802896, 226.607114025, 1.12829762275, 1.85365012266, 1.20080024712, 1.49766712778, 1.0312512346, 510.717163665, 18.0758722941, 2389.59064711, 0.536193029491
4.39585328783, 1.00000011033, 1.55865765936, 1.03121732043, 3.36052484344, 0.981892835155, 3.55686262318, 1.25426140061, 0.967470856717, 1.67279819576, 4.96084241442, 0.942517646336, 2.38873907538, 0.830380812154, 1.09000068381, 1.00323924361, 1.00053817016, 1.00703751948, 6.01056211016, 0.970974262979, 0.86968460383, 616.59087094, 0.940643044555, 4.30020787694, 1.11271842738, 3.26165414088, 0.892482122992, 116.722358796, 10.9248105816, 465.022621845, 4.28954423592
2.00026695025, 1.00000055083, 1.41245057959, 1.08323351197, 2.53072567294, 0.847287607031, 4.02222940248, 1.0404311668, 0.92642515262, 4.9304452389, 6.17357310725, 1.03455842804, 4.22314275268, 1.27169712688, 1.09000072709, 1.10769762703, 1.04218320286, 0.822370706027, 4.81551559256, 1.03107897801, 0.810646055607, 226.607114025, 1.12829762275, 1.85365012266, 1.20080024712, 1.49766712778, 1.24124621407, 132.878530669, 11.771978429, 1231.16587468, 2.9490616622
3.7664724912, 1.00000002256, 1.62862737686, 0.901764922977, 5.74753757798, 0.890487118631, 5.53900297574, 1.06219912366, 0.970768542558, 4.25017957554, 5.7620969451, 1.10733797697, 2.57865457478, 1.09432048192, 1.0900001815, 1.09213491926, 1.02525917858, 1.11501455597, 9.7393082733, 1.15580882668, 0.971303900839, 349.55932632, 1.18063067791, 4.1119409699, 1.02984362469, 4.71136855786, 1.0312512346, 342.839220146, 21.988287461, 2141.55437342, 0.0
2.53224168627, 1.00000038619, 1.2292276071, 1.14844889021, 2.20370220533, 0.806322307465, 4.86674422937, 1.03051603844, 0.914276924031, 4.48114093969, 5.09797803331, 0.835758081892, 4.97043499874, 1.21675422182, 1.09000003118, 1.06150896031, 1.01437104104, 1.00380335236, 8.49393750475, 1.1672798383, 0.859557258361, 111.383992595, 1.1902354305, 3.4050856852, 1.09892990249, 2.85164001693, 1.29715378132, 392.39043821, 31.0739139432, 607.553910019, 0.0
3.3463641842, 1.0000005806, 1.15092857362, 1.13583328007, 6.3384099313, 0.870921662734, 2.8566473894, 1.13735292393, 0.943636812666, 3.46575308519, 6.02210398466, 0.997143054314, 1.05542955475, 1.08149923134, 1.09000031031, 1.06520710037, 1.02041993933, 1.17342450053, 8.91610037409, 1.17654147349, 0.986559000862, 216.709432917, 1.16742202431, 2.03180352277, 1.1440674464, 2.82882781562, 1.27283065531, 217.512754694, 26.4933526874, 1381.00259753, 0.0
3.08179433011, 1.00000071422, 1.21769384952, 1.18353075523, 3.86867597912, 0.870921662734, 3.83511097711, 1.11966197509, 0.910004153773, 3.06306183154, 5.87929646413, 0.826950450957, 1.86851464537, 1.25652018012, 1.09000096496, 1.09044816485, 1.02041993933, 0.879348223564, 6.85942429799, 0.988016743108, 0.828312217861, 852.189830579, 1.07196752735, 1.16031746247, 1.00029991979, 4.02530918748, 1.19943712226, 278.039075176, 27.0265393117, 1039.96832157, 0.0
3.3463641842, 1.0000005806, 1.21769384952, 1.13583328007, 6.3384099313, 0.731959122209, 2.8566473894, 1.13735292393, 0.978692124874, 3.46575308519, 5.87929646413, 0.997143054314, 1.05542955475, 1.08149923134, 1.09000031031, 1.06520710037, 1.03060208545, 1.20826826702, 8.91610037409, 1.17654147349, 0.986559000862, 722.580799319, 0.959389848933, 2.03180352277, 1.00029991979, 2.82882781562, 1.25014323453, 249.364799842, 28.0547252105, 1002.29769181, 0.268096514745
3.3463641842, 1.0000005806, 1.05620289287, 1.13583328007, 6.3384099313, 0.731959122209, 2.8566473894, 1.13735292393, 0.943636812666, 3.46575308519, 5.55882610588, 0.997143054314, 1.05542955475, 1.08149923134, 1.09000031031, 1.06520710037, 1.03060208545, 1.20826826702, 8.91610037409, 1.17654147349, 0.986559000862, 722.580799319, 0.959389848933, 2.03180352277, 1.1440674464, 2.82882781562, 1.25014323453, 310.957261977, 27.347746447, 639.402362314, 0.0
3.69100744437, 1.00000061855, 1.12856598004, 0.905062817289, 5.4848509337, 0.758861999902, 1.02976912101, 1.07400073788, 0.959450263411, 5.24821596342, 5.6120069746, 0.853561756101, 3.63403985974, 1.14697338763, 1.09000045456, 1.0660444265, 1.0440701851, 0.993383227135, 6.47750392811, 0.975413586752, 0.780776315282, 723.593079259, 1.0878906874, 2.35768270753, 1.20645288867, 1.26414342957, 0.876729803531, 321.385463326, 29.8300748744, 590.761943851, 0.268096514745
4.62494337887, 1.00000071154, 1.43821330283, 0.917151121671, 1.6515962278, 0.819985467967, 3.53249276931, 1.13400323757, 0.936245258594, 3.685539165, 4.75884059172, 0.893282661162, 1.55004177123, 1.235957277, 1.09000013357, 1.02631903608, 1.01314167018, 1.21501919791, 8.4478230184, 1.07426219595, 0.857127895975, 891.332696883, 1.15221630111, 5.43534586771, 1.21492504007, 2.4613837764, 0.969715792062, 72.9680912627, 14.1674894688, 369.006243613, 1.60857908847
2.62925976923, 1.00000016848, 1.3069152818, 1.1164700139, 4.33841172684, 0.772233710227, 2.30233570142, 1.00734602243, 0.953223410805, 4.57192911625, 4.73417128377, 0.892500301266, 4.09422024841, 1.0726974197, 1.09000019307, 1.10686505185, 1.04428389297, 0.957304875683, 8.78057669747, 1.15024941404, 0.880654226945, 864.623174848, 1.15204732375, 3.26975180953, 1.05336974686, 1.05539665748, 0.99463459395, 168.503732493, 13.9854821417, 594.747220056, 1.07238605898
3.3463641842, 1.0000005806, 1.05620289287, 1.13583328007, 6.3384099313, 0.870921662734, 2.8566473894, 1.13735292393, 0.943636812666, 3.46575308519, 5.55882610588, 0.997143054314, 1.05542955475, 1.08149923134, 1.09000031031, 1.06520710037, 1.02041993933, 1.20826826702, 8.91610037409, 1.17654147349, 0.986559000862, 216.709432917, 0.959389848933, 2.03180352277, 1.1440674464, 2.82882781562, 1.25014323453, 71.5550230837, 19.2260538416, 246.946449738, 2.68096514745
4.39387302363, 1.0000002257, 1.15092857362, 1.18081667722, 4.19484588878, 0.762774397322, 2.07524793809, 1.11406372354, 0.968628292209, 5.95119022199, 5.94177596407, 1.06206350294, 4.33149446382, 1.17573709482, 1.09000018073, 1.09819491971, 1.04213132484, 1.04765167125, 8.26368498774, 1.14779786772, 0.925682369744, 347.62259019, 1.16742202431, 3.67739327542, 1.05352040033, 1.09540793572, 1.10866249586, 69.7529715742, 18.0447584137, 255.506386383, 1.34048257373
2.39047295074, 1.0000006525, 1.12856598004, 0.980583794663, 1.95967204478, 0.743994396553, 2.816974119, 1.04449990506, 0.969941713239, 4.10544917789, 6.17345852521, 1.05099781091, 4.7588304622, 1.00083742879, 1.09000065104, 1.10229768358, 1.02661584192, 1.12263017067, 4.85610826752, 1.07751854112, 0.892094026368, 981.773439554, 1.1579652326, 5.24747610065, 1.21635468797, 2.83608909412, 0.889649551193, 129.462011333, 13.1682483685, 628.707178073, 2.14477211796
2.53224168627, 1.00000095925, 1.2292276071, 1.14844889021, 2.20370220533, 0.754492208065, 4.86674422937, 1.07400073788, 0.914276924031, 4.48114093969, 5.44967744027, 0.855091757948, 4.97043499874, 1.21675422182, 1.0900002362, 1.06150896031, 1.04640851588, 0.971915835824, 8.49393750475, 1.1672798383, 0.859557258361, 348.233761886, 1.14289633224, 2.14119555342, 1.09892990249, 2.85164001693, 1.28347505245, 277.433940979, 14.2217719489, 326.69630899, 5.36193029491
1.26325164348, 1.00000087455, 1.5060908672, 0.882150777876, 2.04901892423, 0.806322307465, 4.48965870605, 1.03051603844, 0.935683179989, 4.72450080062, 4.96137836251, 0.857337451328, 2.37902261301, 1.19213496464, 1.09000056327, 1.08764927084, 1.01437104104, 1.18621506126, 3.03580324926, 1.04097647517, 0.796789068715, 831.270097174, 1.09164944287, 1.02078086653, 1.13879687074, 3.77528041508, 1.12889724388, 365.837112266, 22.8287544081, 255.566186366, 0.536193029491
5.02275359651, 1.00000002851, 1.20225300828, 1.21726857806, 6.00224786338, 0.879206800304, 4.41693032633, 1.22500888745, 0.978730160269, 4.21968390396, 6.08398758998, 0.927012088623, 3.20398768088, 1.20301282544, 1.0900000073, 1.00089181979, 1.0306300504, 0.851146057709, 9.75426807817, 1.14456341953, 0.882628395801, 167.970248024, 1.07799169514, 2.87285367812, 0.9766050687, 4.75126674641, 1.20669510636, 95.5997504026, 20.7704043467, 596.688268791, 0.536193029491
5.67593975061, 1.00000098411, 1.42487353982, 0.917329305719, 6.43230707473, 0.726233314694, 2.816974119, 1.01565978229, 0.969941713239, 1.36489340495, 5.90549342408, 0.938402200725, 1.01484443993, 1.09114201935, 1.09000002284, 1.08764927084, 1.02793374903, 1.01783361676, 4.914965089, 0.934889948259, 0.945837436376, 724.888860307, 0.941232503944, 3.68099024367, 1.21653610677, 3.28630486169, 1.05923206828, 263.161833366, 27.3022077753, 457.997946074, 0.536193029491
5.81418679281, 1.00000083813, 1.65841202245, 0.853865664434, 2.00401681893, 0.947670089594, 5.09700389951, 1.041073189, 0.938281604657, 5.88795197429, 5.49194537012, 0.944057136771, 5.01212145493, 1.19522701781, 1.09000065262, 1.02410958269, 1.03618114068, 1.04689345917, 5.48578494922, 1.14752981069, 0.914556410387, 288.734345221, 1.17989525379, 4.31286277828, 1.10717684466, 3.81074165503, 0.924395331597, 202.392095173, 15.0127927477, 297.895302825, 1.87667560322
2.02340835865, 1.00000062057, 1.58422009239, 1.11965019419, 5.3717084077, 0.776344710332, 2.6692675839, 1.2549965336, 0.947624685425, 2.96035987114, 5.34358897713, 1.19989395129, 1.46733599221, 1.11031119952, 1.0900003147, 1.04683246139, 1.0286054176, 1.11943746462, 8.91610037409, 0.967778104062, 0.99492726746, 722.580799319, 1.18778937285, 1.79432961396, 1.07759591213, 2.34794511906, 0.90245239071, 107.946068369, 15.7821641659, 165.865726121, 0.804289544236
2.93315680066, 1.00000039949, 1.6858916839, 1.11039151934, 3.66281342696, 0.932774758308, 5.26724399738, 1.17631043393, 0.94925422736, 3.3833108034, 6.19695608091, 1.11985495772, 3.59924504038, 1.14649743022, 1.0900000455, 1.04726146225, 1.04049397546, 1.14687072166, 9.47141187998, 1.14457437548, 0.933209646231, 140.77972685, 1.07510289041, 5.59095511749, 1.01926245814, 1.08678073298, 0.962798490009, 108.42701052, 15.6073171906, 258.209074448, 0.804289544236
5.53833963363, 1.00000044393, 1.26017720385, 0.956576002843, 1.90336723888, 0.870921662734, 1.55135932382, 1.23091524882, 0.919004658963, 5.94044487754, 5.87929646413, 1.02547935718, 4.60023387922, 1.26036700641, 1.09000098865, 1.08423221154, 1.00230385165, 1.08820369393, 8.57278939715, 0.997498421624, 0.894586605699, 451.790122062, 0.957735456233, 3.77600433191, 0.993487062921, 4.71136855786, 1.01497102348, 612.20071781, 21.396241637, 2027.44834845, 0.0
3.7664724912, 1.00000002256, 1.62734043535, 1.10930767595, 1.85855855778, 0.890487118631, 5.4589091468, 1.06219912366, 0.95518761518, 2.73092591376, 5.72243637724, 0.898314383674, 1.76025142411, 1.09432048192, 1.09000016536, 1.0013543393, 1.02407520991, 1.11501455597, 9.91594598605, 1.15580882668, 0.97909912238, 365.534280165, 1.18063067791, 3.11118610746, 1.02984362469, 3.78177223867, 1.02967855178, 636.166558421, 25.2191872621, 1423.90123735, 0.0
2.53224168627, 1.00000095925, 1.2292276071, 1.14844889021, 2.20370220533, 0.754492208065, 4.86674422937, 1.14310235239, 0.914276924031, 4.48114093969, 5.44967744027, 0.855091757948, 4.97043499874, 1.21675422182, 1.0900002362, 1.06150896031, 1.04640851588, 0.956032613895, 5.13245754579, 1.1672798383, 0.859557258361, 644.797641854, 1.14289633224, 2.14119555342, 1.09892990249, 2.85164001693, 1.28347505245, 530.033904926, 23.9054851894, 1735.48839929, 0.268096514745
2.62925976923, 1.00000016848, 1.3069152818, 1.1164700139, 4.33841172684, 0.772233710227, 2.30233570142, 1.00734602243, 0.953223410805, 4.57192911625, 4.73417128377, 0.892500301266, 4.09422024841, 1.0726974197, 1.09000019307, 1.10686505185, 1.04428389297, 0.957304875683, 8.78057669747, 1.15024941404, 0.880654226945, 864.623174848, 1.15204732375, 3.26975180953, 1.05336974686, 1.05539665748, 0.99463459395, 503.507506049, 20.2595252425, 1346.62750372, 0.536193029491
4.14139740521, 1.00000054636, 1.21769384952, 0.852106374318, 3.64874094159, 0.91549512529, 5.99493501719, 1.027786617, 0.929556675738, 4.25360330703, 5.79469906035, 1.15298942273, 4.7747244329, 1.04836238781, 1.09000067279, 1.0660444265, 1.00584772593, 0.988140884951, 9.26080099398, 0.985743490877, 0.815170529371, 89.0366506585, 1.17691122631, 1.80102895115, 1.10294580358, 5.28076371846, 1.1220852951, 128.191366609, 11.7335215581, 749.845448427, 6.70241286863
5.81418679281, 1.00000083813, 1.65841202245, 0.853865664434, 1.764290537, 0.947670089594, 5.09700389951, 1.041073189, 0.938281604657, 5.88795197429, 5.49194537012, 0.944057136771, 5.01212145493, 1.19522701781, 1.09000065262, 1.02410958269, 1.03618114068, 1.04689345917, 4.914965089, 1.14752981069, 0.914556410387, 288.734345221, 1.17989525379, 4.31286277828, 1.10717684466, 3.81074165503, 0.924395331597, 364.842446891, 22.7874028214, 4507.02659818, 0.0
5.94876897763, 1.00000062063, 1.22052583385, 0.905062817289, 6.87051258942, 0.838389641961, 1.02976912101, 1.07400073788, 0.924611778783, 5.24821596342, 5.80469389482, 1.07251069272, 3.63403985974, 0.812040080872, 1.09000060753, 1.09714191807, 1.00584772593, 1.19442563273, 6.47750392811, 0.975413586752, 0.789972215896, 723.593079259, 1.0878906874, 2.35768270753, 1.20645288867, 1.26414342957, 0.876729803531, 449.121994887, 23.5494202705, 2493.37989905, 0.0
3.36616831704, 1.0000005806, 1.05620289287, 0.906555049482, 6.3384099313, 0.731959122209, 2.8566473894, 1.00058675853, 0.943636812666, 3.46575308519, 5.55882610588, 0.997143054314, 1.05542955475, 1.08149923134, 1.09000031031, 1.08187819764, 1.03060208545, 1.20826826702, 5.55981963549, 1.17654147349, 0.981875024968, 443.589210449, 0.959389848933, 2.03180352277, 0.961356446336, 1.35853953953, 1.25014323453, 244.014067308, 27.3963505136, 1549.85188132, 0.0
3.08179433011, 1.00000071422, 1.21769384952, 1.18353075523, 3.08323445254, 0.930671481853, 3.83511097711, 1.11966197509, 0.910004153773, 3.06306183154, 5.87929646413, 0.826950450957, 4.32796405882, 1.25652018012, 1.09000096496, 1.09044816485, 1.02160125283, 0.879348223564, 6.85942429799, 0.988016743108, 0.782811647269, 28.6352311354, 1.07196752735, 1.16031746247, 1.00029991979, 4.05803322826, 1.19943712226, 489.461433738, 33.7864334025, 1194.14621859, 0.0
4.14139740521, 1.00000061855, 1.21769384952, 0.852106374318, 3.64874094159, 0.91549512529, 5.99493501719, 1.027786617, 0.959450263411, 5.30654618823, 5.79469906035, 0.925596523101, 4.7747244329, 1.13269137131, 1.09000067279, 1.09044816485, 1.02371917764, 0.988140884951, 6.55447398804, 0.915102800574, 0.789972215896, 89.0366506585, 1.17691122631, 4.02118941769, 1.07825109683, 3.1587859074, 1.1220852951, 767.952450869, 27.9750640342, 1354.77733955, 0.0
4.96207352194, 1.0000002257, 1.15092857362, 1.18081667722, 4.19484588878, 0.762774397322, 2.07524793809, 1.11406372354, 0.968628292209, 5.95119022199, 5.94177596407, 1.06206350294, 4.33149446382, 1.17573709482, 1.09000018073, 1.1008224455, 1.04213132484, 1.04765167125, 8.26368498774, 1.14779786772, 0.925682369744, 347.62259019, 1.16742202431, 2.92468000941, 1.05352040033, 1.09540793572, 1.10866249586, 511.244843998, 33.0265464676, 1345.83094927, 0.268096514745
2.57049685851, 1.00000089165, 1.53223785392, 1.07705511621, 4.0397898433, 0.96397949901, 4.47167989059, 1.04061329059, 0.921920634662, 3.61865982888, 6.05956024787, 1.18381202165, 3.4070066712, 1.25245757475, 1.090000791, 1.00298696764, 1.01251553508, 1.01415975942, 6.0251103917, 1.16063093147, 0.818924956946, 799.204571799, 1.17520497615, 1.27721754784, 0.997571505336, 4.07427678242, 0.870793514386, 614.392165012, 35.9182888793, 987.041762207, 0.268096514745
4.30981569013, 1.0000009124, 1.10196025525, 0.983503737919, 4.18404590423, 0.897900962618, 4.7389621309, 1.10261375325, 0.977847194941, 1.90662003188, 5.52843304832, 1.13169384535, 4.85394137676, 0.977510027884, 1.09000013007, 1.06234394246, 1.01215207269, 1.09848467411, 3.44315267524, 0.954021949767, 0.893215683888, 808.259484187, 0.989651490915, 4.68239490273, 1.17713527582, 4.54571774849, 1.00763218013, 1002.42306732, 41.7653925433, 886.079256203, 0.268096514745
2.00026695025, 1.00000055083, 1.71843551212, 0.998594004349, 3.71317269434, 0.847287607031, 4.02222940248, 1.0404311668, 0.989033262135, 4.9304452389, 6.17357310725, 1.03455842804, 4.22314275268, 1.27169712688, 1.09000072709, 1.10769762703, 1.04218320286, 0.840986454764, 4.81551559256, 1.03107897801, 0.855570564807, 226.607114025, 1.12829762275, 1.85365012266, 1.20080024712, 1.49766712778, 1.24124621407, 270.124327425, 14.4278609379, 582.855947519, 6.43431635389
2.00026695025, 1.00000055083, 1.71843551212, 0.998594004349, 3.71317269434, 0.793981006546, 4.02222940248, 1.0404311668, 0.989033262135, 5.40514610253, 6.17357310725, 1.03455842804, 4.22314275268, 1.27169712688, 1.09000072709, 1.103407019, 1.04218320286, 0.840986454764, 4.81551559256, 1.03107897801, 0.855570564807, 226.607114025, 1.12829762275, 1.85365012266, 1.20115768216, 1.49766712778, 1.24124621407, 85.6981511304, 21.3389344752, 984.476856578, 1.34048257373
3.87635385187, 1.00000023391, 1.02882191218, 0.824543718927, 3.81196326025, 0.782657342406, 4.05024624555, 1.00148137803, 0.972555638244, 5.8525442556, 6.20755823222, 1.1886812447, 1.16035172527, 0.995758240072, 1.09000051447, 1.00817507799, 1.0051783517, 0.953635700278, 9.80914554093, 1.00379633471, 0.942515289571, 353.050790661, 1.01501003806, 2.35250150031, 0.96921733764, 3.81251532099, 1.29594869024, 281.185072936, 14.4940271464, 4473.42241435, 5.09383378016
3.45055570678, 1.00000072824, 1.42152226318, 1.10458566413, 5.25224193179, 0.89500078297, 4.78185720378, 1.06032152603, 0.972125061611, 3.14878707667, 4.9842619646, 0.894359661531, 2.01225170267, 0.818331974796, 1.09000078333, 1.07614572452, 1.00127211235, 0.96921226674, 5.21975118484, 0.949143360519, 0.780879041806, 592.420359235, 1.04567461022, 1.36250527505, 1.11494079412, 1.2900310445, 0.874420829371, 171.110270126, 14.6920621435, 1266.09368034, 4.02144772118
1.59500009946, 1.00000018721, 1.36514992151, 1.09244757042, 1.85855855778, 0.979240653065, 5.48803329521, 1.12929371534, 0.94371423305, 1.29522150972, 5.48106431786, 1.08187565017, 4.68886874111, 1.12248601432, 1.09000090087, 1.05909340751, 1.00705963303, 0.895340847013, 9.98227714808, 1.10207934096, 0.886195032911, 413.664118364, 1.04912973989, 5.91330188776, 1.23963586994, 3.5035932841, 1.02967855178, 317.597125954, 14.7833337307, 2120.03287744, 2.9490616622
5.02275359651, 1.00000002851, 1.20225300828, 0.959588506862, 2.18326365039, 0.879206800304, 4.41693032633, 1.22500888745, 0.978730160269, 4.21968390396, 6.16745417292, 0.927012088623, 3.20398768088, 1.20301282544, 1.0900000073, 1.00060928451, 1.0306300504, 0.851146057709, 9.75426807817, 1.14456341953, 0.882628395801, 167.970248024, 1.07799169514, 2.87285367812, 0.9766050687, 4.75126674641, 1.20669510636, 193.646342424, 15.2356410028, 1946.26903837, 3.75335120643
3.08179433011, 1.00000071422, 1.21769384952, 1.18353075523, 3.86867597912, 0.870921662734, 4.22820751724, 1.01261654101, 0.910004153773, 1.31171921933, 6.14376700314, 0.826950450957, 1.86851464537, 1.06630108298, 1.09000096496, 1.09044816485, 1.02041993933, 0.879348223564, 6.85942429799, 1.00086718618, 0.901672717176, 852.189830579, 0.913842392529, 1.99267223468, 1.06105379872, 4.02530918748, 1.19943712226, 308.405923751, 14.698041997, 1214.68061949, 5.36193029491
4.14139740521, 1.00000061855, 1.21769384952, 0.852106374318, 3.64874094159, 0.91549512529, 5.99493501719, 1.027786617, 0.959450263411, 5.17823411008, 5.79469906035, 0.925596523101, 4.7747244329, 1.13269137131, 1.09000067279, 1.09044816485, 1.02371917764, 0.988140884951, 6.55447398804, 0.915102800574, 0.789972215896, 89.0366506585, 1.17691122631, 4.02118941769, 1.10294580358, 3.1587859074, 1.1220852951, 430.349742975, 23.2308522787, 1752.30269824, 0.536193029491
3.87635385187, 1.00000023391, 1.02882191218, 0.824543718927, 3.81196326025, 0.782657342406, 4.05024624555, 1.00148137803, 0.925460260357, 5.8525442556, 6.14311458287, 1.1886812447, 1.16035172527, 0.995758240072, 1.09000057165, 1.01738159141, 1.046086887, 1.19435744497, 9.56780226481, 1.00379633471, 0.908626465498, 353.050790661, 1.01501003806, 2.35250150031, 0.96921733764, 3.81251532099, 1.29594869024, 281.102622147, 20.9008388081, 7677.85105143, 0.536193029491
3.7664724912, 1.00000002256, 1.31128525727, 1.10930767595, 1.85855855778, 0.890487118631, 5.4589091468, 1.06219912366, 0.95518761518, 2.73092591376, 5.72243637724, 0.898314383674, 1.76025142411, 1.09432048192, 1.09000016536, 1.0013543393, 1.02407520991, 1.11501455597, 9.91594598605, 1.15580882668, 0.97909912238, 365.534280165, 1.18063067791, 3.11118610746, 1.02984362469, 3.78177223867, 1.01497102348, 681.177033553, 35.5769866498, 661.449688617, 0.536193029491
4.91930941703, 1.00000035862, 1.58525405426, 0.812857054011, 6.81899623625, 0.888912681186, 5.42115834333, 1.23720385202, 0.987283085584, 3.71973794888, 5.35507985859, 1.07595355499, 3.81211946436, 1.0192024399, 1.0900003006, 1.01565763239, 1.03960584719, 0.815857456791, 4.81337020259, 1.12389355231, 0.961994227961, 680.058556633, 0.917240411069, 5.17499509299, 1.23846704538, 1.05362608861, 0.971180936505, 329.589623983, 29.3377422872, 988.401043097, 0.536193029491
3.40930995737, 1.00000076704, 1.00446444169, 0.89516489509, 5.27509694304, 0.833382343712, 2.54942728554, 1.12092899296, 0.921079964421, 4.53437048567, 5.8810662852, 1.0185435536, 2.48908214475, 1.00675846043, 1.09000054543, 1.05342051376, 1.00408827868, 0.937621112427, 4.58751632434, 1.01401933425, 0.934549410842, 287.001544753, 1.10562440778, 4.11749238467, 1.14860166064, 1.32994060836, 1.10250739945, 295.795979266, 15.1813379391, 1159.35623902, 3.75335120643
4.05770539007, 1.00000044393, 1.41184923433, 0.956576002843, 1.90336723888, 0.870921662734, 1.55135932382, 1.05810202723, 0.919004658963, 5.94044487754, 5.87929646413, 1.02547935718, 4.60023387922, 1.26036700641, 1.09000093651, 1.06150896031, 1.00230385165, 1.08820369393, 8.57278939715, 0.997498421624, 0.809710815759, 982.921887928, 0.957735456233, 3.77600433191, 1.09892990249, 5.00954321086, 1.01497102348, 280.227923373, 16.8940037101, 448.064357808, 2.9490616622
2.00026695025, 1.00000055083, 1.41245057959, 1.08323351197, 2.53072567294, 0.847287607031, 4.02222940248, 1.0404311668, 0.92642515262, 4.9304452389, 6.17357310725, 1.03455842804, 4.22314275268, 1.27169712688, 1.09000072709, 1.10769762703, 1.04218320286, 0.858526603425, 4.81551559256, 1.03107897801, 0.855570564807, 226.607114025, 1.12829762275, 1.85365012266, 1.20080024712, 1.49766712778, 1.24124621407, 265.974583071, 16.911407053, 714.161243207, 1.34048257373
3.39987299064, 1.00000087377, 1.6357939279, 0.981686702482, 2.73839562083, 0.818157061721, 5.26916808104, 1.13608264616, 0.995160834429, 4.29436175727, 5.66921139938, 0.90656299322, 2.25968315292, 1.01974882528, 1.09000023974, 1.05124198048, 1.04986318045, 0.852595819333, 5.61209314728, 1.124817283, 0.807516854069, 881.927891936, 1.16015192632, 3.01789722163, 1.04724710812, 1.03935161694, 1.12533874044, 294.286872183, 21.2270072094, 2008.35961144, 0.804289544236
2.18384676541, 1.00000058912, 1.38736690529, 1.0702252459, 4.16615600101, 0.78802213457, 3.28967995072, 1.11122911333, 0.940835061323, 2.350891957, 4.99147707273, 0.976749623732, 2.14409774027, 0.941774954521, 1.09000030614, 1.0966157869, 1.04575320524, 0.86158739251, 8.10990249468, 0.923737999115, 0.81924823833, 417.2570654, 0.978718385761, 1.04531053654, 1.18111130884, 3.01061258468, 1.04378754353, 124.927999988, 21.8690777456, 333.40060413, 0.804289544236
5.67593975061, 1.00000098411, 1.20225300828, 0.917329305719, 6.43230707473, 0.726233314694, 2.816974119, 1.01565978229, 0.969941713239, 1.36489340495, 5.90549342408, 0.938402200725, 1.01484443993, 1.09114201935, 1.09000002284, 1.08764927084, 1.02793374903, 1.01783361676, 8.19145730387, 0.933112184636, 0.945837436376, 724.888860307, 0.941232503944, 3.68099024367, 1.21949074448, 3.28630486169, 1.05923206828, 277.273435419, 15.9853798344, 1131.94194262, 4.55764075067
2.39047295074, 1.0000004388, 1.12856598004, 0.980583794663, 1.95967204478, 0.743994396553, 4.68439421281, 1.04449990506, 0.924611778783, 4.10544917789, 6.17345852521, 1.05099781091, 4.7588304622, 1.00083742879, 1.09000065104, 1.10229768358, 1.03725548993, 1.12263017067, 4.85610826752, 1.07751854112, 0.892094026368, 981.773439554, 1.1579652326, 5.24747610065, 1.18443384039, 2.83608909412, 0.889649551193, 219.494724908, 19.2681732604, 1469.27121515, 1.34048257373
5.94876897763, 1.00000062063, 1.22052583385, 0.905062817289, 7.0691116949, 0.838389641961, 1.02976912101, 1.07400073788, 0.959450263411, 5.24821596342, 5.80469389482, 1.01879814115, 3.63403985974, 0.812040080872, 1.09000060753, 1.09714191807, 1.00584772593, 1.19442563273, 6.47750392811, 0.975413586752, 0.789972215896, 723.593079259, 1.0878906874, 2.35768270753, 1.20645288867, 1.26414342957, 0.876729803531, 249.505564189, 16.1026545946, 2171.51436017, 2.9490616622
3.98158110435, 1.00000031128, 1.59906723026, 1.21690748335, 5.21212209022, 0.945551935741, 3.83511097711, 1.11966197509, 0.904798601803, 5.69590191721, 5.51321106086, 1.09284883265, 1.35258427327, 1.17794183771, 1.09000005334, 1.0305255243, 1.01233943065, 0.823738346238, 9.785197205, 1.01657197494, 0.794262334247, 196.496074305, 1.06940891873, 3.947937048, 1.01666827926, 1.50627998614, 1.13013817261, 243.71937099, 20.58818764, 1081.86992118, 1.34048257373
4.14139740521, 1.00000061855, 1.21769384952, 0.852106374318, 3.64874094159, 0.91549512529, 5.99493501719, 1.027786617, 0.959450263411, 5.17823411008, 5.79469906035, 0.925596523101, 4.7747244329, 1.13269137131, 1.09000067279, 1.09044816485, 1.02371917764, 0.988140884951, 6.55447398804, 0.915102800574, 0.789972215896, 89.0366506585, 1.17691122631, 4.02118941769, 1.10294580358, 3.1587859074, 1.1220852951, 275.97351656, 16.4990595904, 755.938542945, 2.41286863271
5.0699790395, 1.00000045736, 1.12857038923, 1.21820964433, 5.77482818842, 0.828872978531, 1.72008014318, 1.1135681708, 0.930603375087, 4.21968390396, 6.16651002647, 1.08290546883, 4.42517803665, 0.972827548463, 1.09000068655, 1.00460733629, 1.0306300504, 0.921487063249, 8.19390933297, 0.973323100296, 0.776759843816, 638.196713755, 1.17157698991, 5.91330188776, 1.13491492277, 4.80784190333, 1.21614362727, 402.631715319, 15.988971838, 854.847690904, 4.82573726542
1.59500009946, 1.00000018721, 1.36514992151, 1.09244757042, 1.85855855778, 0.979240653065, 5.48803329521, 1.12929371534, 0.94371423305, 1.60969090232, 5.48106431786, 1.08187565017, 4.68886874111, 1.12248601432, 1.09000090087, 1.09700181984, 1.02833464549, 0.895340847013, 9.98227714808, 1.10207934096, 0.886195032911, 413.664118364, 1.04912973989, 2.96502254107, 1.23963586994, 4.8769187252, 1.02967855178, 119.79370825, 20.9709488173, 1257.55266529, 1.07238605898
3.08179433011, 1.00000071422, 1.03941493786, 1.18353075523, 3.86867597912, 0.870921662734, 3.83511097711, 1.11966197509, 0.910004153773, 3.06306183154, 5.18589951075, 0.826950450957, 1.86851464537, 1.01722896531, 1.09000096496, 1.09044816485, 1.02041993933, 0.879348223564, 6.85942429799, 0.988016743108, 0.828312217861, 852.189830579, 1.07196752735, 1.16031746247, 1.22342271336, 4.02530918748, 1.19943712226, 288.913843551, 16.3812729995, 631.619473914, 1.60857908847
2.90821444415, 1.00000016152, 1.64550120109, 0.980680317667, 3.36052484344, 0.742312544043, 3.05777078205, 1.09846765824, 0.908925299475, 6.00352088458, 5.38503837744, 0.942517646336, 3.63567625328, 1.28394699157, 1.09000035422, 1.07388711522, 1.02455335607, 1.21291979746, 9.96237361612, 1.05301289636, 0.764542192744, 257.622531333, 1.07575114273, 1.62953785549, 1.02877856657, 1.67474523349, 0.8732243285, 350.372964759, 18.8526386799, 1414.12398441, 0.804289544236
4.14139740521, 1.00000078478, 1.21769384952, 0.852106374318, 3.64874094159, 0.91549512529, 5.99493501719, 1.027786617, 0.959450263411, 5.17823411008, 5.79469906035, 0.850351160601, 4.7747244329, 1.13269137131, 1.09000057165, 1.09044816485, 1.02371917764, 0.988140884951, 6.55447398804, 1.00379633471, 0.789972215896, 89.0366506585, 1.01501003806, 2.35250150031, 1.10294580358, 3.1587859074, 1.1220852951, 144.778131062, 16.7818176707, 552.725407564, 5.09383378016
5.65411596239, 1.00000056012, 1.2971018646, 0.811702413504, 4.72817372976, 0.890329412789, 3.5709452311, 1.0748265211, 0.930966156378, 1.31171921933, 6.23048761093, 0.900319559236, 1.28708312364, 0.893120044332, 1.09000066119, 1.0527570302, 1.00597660054, 0.895340847013, 7.02150130366, 0.924190162677, 0.901672717176, 513.168086381, 0.913842392529, 3.1219311491, 1.06105379872, 4.8769187252, 1.21238596428, 150.025304195, 16.2604829436, 1630.13230458, 2.14477211796
3.08179433011, 1.00000071422, 1.21769384952, 1.18353075523, 3.86867597912, 0.870921662734, 5.59013722028, 1.01261654101, 0.910004153773, 3.06306183154, 5.87929646413, 0.826950450957, 1.86851464537, 1.06630108298, 1.09000096496, 1.09044816485, 1.02041993933, 0.879348223564, 6.85942429799, 0.988016743108, 0.828312217861, 852.189830579, 1.07196752735, 1.16031746247, 1.00029991979, 4.02530918748, 1.19943712226, 232.611129183, 20.0044902925, 1445.15553135, 1.34048257373
1.73153545954, 1.00000005307, 1.22712494478, 1.13647927059, 6.79338100312, 0.741097196171, 3.77926489742, 1.09923859106, 0.965942433487, 2.90280695668, 5.25737789694, 1.17149403529, 3.91354053842, 0.918688422031, 1.09000037547, 1.09235315051, 1.02923506044, 0.935751135677, 6.53056001539, 0.935404669917, 0.908985776467, 890.50969872, 1.07701032347, 2.50013639835, 1.01089026481, 1.29109006588, 1.1380505169, 273.527750828, 16.8220680244, 1415.97172834, 1.07238605898
5.94876897763, 1.00000095521, 1.22052583385, 0.905062817289, 7.0691116949, 0.850693343886, 1.02976912101, 1.07400073788, 0.959450263411, 5.24821596342, 5.49407997891, 1.01879814115, 1.35258427327, 0.812040080872, 1.09000067497, 1.09714191807, 1.00584772593, 1.19442563273, 6.47750392811, 0.975413586752, 0.789972215896, 723.593079259, 1.0878906874, 2.35768270753, 1.20645288867, 1.26414342957, 0.876729803531, 292.106278386, 16.3613866593, 381.795494149, 2.41286863271
3.45055570678, 1.00000047413, 1.44129349547, 1.19510331671, 5.25224193179, 0.926762626649, 4.78185720378, 1.06032152603, 0.972125061611, 3.14878707667, 4.9842619646, 1.13169384535, 2.01225170267, 0.818331974796, 1.09000078333, 1.08208761243, 1.00127211235, 0.96921226674, 5.21975118484, 0.949143360519, 0.780879041806, 592.420359235, 1.04567461022, 1.26389880365, 1.11494079412, 1.2900310445, 0.874420829371, 222.782506708, 18.7102716599, 284.852712252, 1.60857908847
4.62494337887, 1.00000071154, 1.43821330283, 1.10411296204, 1.6515962278, 0.819985467967, 3.53249276931, 1.13400323757, 0.970405016296, 3.685539165, 4.75884059172, 0.893282661162, 1.55004177123, 1.19302445433, 1.09000013357, 1.02631903608, 1.01314167018, 1.21501919791, 8.4478230184, 1.07426219595, 0.925465557598, 891.332696883, 1.15221630111, 5.43534586771, 1.21492504007, 2.4613837764, 0.969715792062, 670.109691371, 23.1816767435, 3101.88936223, 0.0
1.03110858306, 1.00000027412, 1.13797055723, 0.832626746597, 2.99599072702, 0.771330191846, 2.16533938807, 1.08111542002, 0.999515498256, 5.29196057714, 5.73281487368, 0.877422778645, 2.86532932924, 0.894187032071, 1.09000020061, 1.07202552396, 1.0365191769, 0.910895005306, 8.47554140715, 1.05532270827, 0.956474436398, 388.259513038, 1.09017399719, 5.83606473484, 1.15546217783, 4.02730198377, 1.21847502767, 1185.67091701, 26.2168825803, 1698.38960818, 0.536193029491
5.65411596239, 1.00000056012, 1.2971018646, 0.811702413504, 4.72817372976, 0.761828901602, 2.69732215889, 1.0748265211, 0.930966156378, 1.31171921933, 6.23048761093, 0.900319559236, 1.28708312364, 0.893120044332, 1.09000066119, 1.0527570302, 1.00597660054, 1.04015700073, 7.02150130366, 0.924190162677, 0.988238564527, 513.168086381, 0.913842392529, 3.1219311491, 1.06105379872, 4.5123696029, 1.21238596428, 1070.27953622, 41.6902066448, 1579.82621905, 0.0
1.03110858306, 1.00000027412, 1.13797055723, 0.832626746597, 2.99599072702, 0.771330191846, 2.16533938807, 1.08111542002, 0.999515498256, 2.03275858179, 5.73281487368, 0.877422778645, 2.86532932924, 0.894187032071, 1.09000020061, 1.09013337632, 1.0170802651, 0.910895005306, 6.10825085495, 1.05532270827, 0.956474436398, 627.57153836, 1.07917189895, 5.83606473484, 1.15546217783, 5.06354351497, 1.21847502767, 1512.22430627, 33.7389223851, 2014.57990703, 0.0
3.25948323612, 1.0000004388, 1.12856598004, 0.980583794663, 3.88963947775, 0.826194337088, 4.68439421281, 1.04449990506, 0.917170173431, 4.10544917789, 6.17345852521, 0.894855547124, 4.7588304622, 1.00083742879, 1.09000065104, 1.10229768358, 1.0491799934, 1.12263017067, 4.85610826752, 1.07751854112, 0.892094026368, 981.773439554, 1.14366430617, 5.24747610065, 1.18443384039, 2.83608909412, 0.889649551193, 264.83321224, 14.868522178, 7591.37209354, 5.8981233244
4.05770539007, 1.00000079394, 1.41184923433, 0.956576002843, 1.90336723888, 0.870921662734, 1.55135932382, 1.13352066511, 0.919004658963, 5.94044487754, 5.87929646413, 1.02547935718, 3.50489181244, 1.26036700641, 1.09000093651, 1.08423221154, 1.00230385165, 1.08820369393, 8.57278939715, 0.997498421624, 0.809710815759, 982.921887928, 0.957735456233, 5.50436337813, 0.993487062921, 5.00954321086, 1.01497102348, 704.788446962, 22.8157497586, 13587.2043835, 0.536193029491
3.7664724912, 1.00000002256, 1.62734043535, 1.10930767595, 1.85855855778, 0.890487118631, 5.4589091468, 1.06219912366, 0.95518761518, 2.73092591376, 5.72243637724, 0.898314383674, 4.08796027942, 1.09432048192, 1.09000016536, 1.09213491926, 1.02407520991, 1.11501455597, 9.7393082733, 1.15580882668, 0.978369819569, 390.079724977, 1.18063067791, 3.11118610746, 1.02984362469, 3.78177223867, 1.02967855178, 157.772287417, 24.4957567124, 1242.40253986, 1.87667560322
2.62925976923, 1.00000016848, 1.69583537682, 1.07431939491, 4.33841172684, 0.772233710227, 4.86674422937, 1.00734602243, 0.953223410805, 4.57192911625, 4.73417128377, 0.892500301266, 4.09422024841, 1.0726974197, 1.09000019307, 1.10686505185, 1.04428389297, 0.957304875683, 8.78057669747, 1.15024941404, 0.880654226945, 864.623174848, 1.1189587223, 5.55775589181, 1.05336974686, 1.05539665748, 0.99463459395, 647.750795566, 18.4054238025, 1186.83174099, 7.77479892761
3.761723745, 1.00000081591, 1.19983652468, 1.17070344008, 6.02188278218, 0.968494883243, 5.14233815365, 1.02596430239, 0.963360147103, 4.17465377748, 4.75776741865, 1.13734606031, 3.47421778247, 1.0729755145, 1.09000030731, 1.09054316455, 1.00969727665, 0.894228265393, 4.2060366011, 1.15652488915, 0.773422359836, 55.196919646, 1.10805784756, 1.86800941803, 0.991744976999, 3.07398387916, 1.14964567764, 476.35366802, 30.9536647336, 385.32164161, 2.14477211796
1.03110858306, 1.00000027412, 1.16381586708, 0.832626746597, 2.99599072702, 0.771330191846, 2.16533938807, 1.08111542002, 0.999515498256, 5.29196057714, 5.73281487368, 0.877422778645, 2.86532932924, 0.894187032071, 1.09000020061, 1.07202552396, 1.03725728817, 0.910895005306, 8.47554140715, 1.05532270827, 0.956474436398, 670.348840747, 1.09017399719, 5.83606473484, 1.15546217783, 4.02730198377, 1.21847502767, 422.64117101, 19.1058167247, 11147.0548113, 1.07238605898
2.81943419854, 1.00000037181, 1.40440048721, 1.201771389, 3.08528773006, 0.95387519823, 5.35259441963, 1.17286950998, 0.936068745031, 4.32769311745, 4.95227608045, 1.10883476438, 3.74558899912, 1.00483798181, 1.09000040814, 1.05712832593, 1.00536771724, 0.964462854832, 4.03191968981, 1.17634138421, 0.898906327856, 801.993638212, 1.04239166526, 4.95479362902, 1.05704548798, 1.79605204742, 1.24159146905, 1150.22684638, 25.084347448, 5363.02408716, 0.536193029491
