3.65697540114, 1.04172987437, 1.54416193051, 0.826671975711, 2.83000004967, 0.884056586256, 5.6389530062, 1.26000097164, 1.1400001226, 3.16487403318, 2.97980975935, 0.906825842544, 3.04000030693, 1.06618838889, 0.864311310498, 1.00000047163, 1.00000058999, 1.03008215068, 7.2293697894, 0.932077223596, 1.00000095748, 101.803326789, 0.854856885487, 5.76173878703, 1.04931906443, 3.29000085299, 1.00000037032, 45.4392934555, 9.90384944095, 285.35300679, 1.34048257373
3.65697540114, 1.04172987437, 1.54416193051, 0.826671975711, 2.83000004967, 0.884056586256, 5.6389530062, 1.26000097164, 1.1400001226, 3.16487403318, 2.97980975935, 0.906825842544, 3.04000030693, 1.06618838889, 0.864311310498, 1.00000047163, 1.00000058999, 1.03008215068, 7.2293697894, 0.932077223596, 1.00000095748, 101.803326789, 0.854856885487, 5.76173878703, 1.04931906443, 3.29000085299, 1.00000037032, 45.4392934555, 9.90384944095, 285.35300679, 1.34048257373
3.65697540114, 1.04172987437, 1.54416193051, 0.826671975711, 2.83000004967, 0.884056586256, 5.6389530062, 1.26000097164, 1.1400001226, 3.16487403318, 2.97980975935, 0.906825842544, 3.04000030693, 1.06618838889, 0.864311310498, 1.00000047163, 1.00000058999, 1.03008215068, 7.2293697894, 0.932077223596, 1.00000095748, 101.803326789, 0.854856885487, 5.76173878703, 1.04931906443, 3.29000085299, 1.00000037032, 45.4392934555, 9.90384944095, 285.35300679, 1.34048257373
3.65697540114, 1.04172987437, 1.54416193051, 0.826671975711, 2.83000004967, 0.884056586256, 5.6389530062, 1.26000097164, 1.1400001226, 3.16487403318, 2.97980975935, 0.906825842544, 3.04000030693, 1.06618838889, 0.864311310498, 1.00000047163, 1.00000058999, 1.03008215068, 7.2293697894, 0.932077223596, 1.00000095748, 101.803326789, 0.854856885487, 5.81051804606, 1.04931906443, 3.29000085299, 1.00000037093, 111.286767814, 12.9584712614, 297.107878714, 3.48525469169
3.65697540114, 1.04172987437, 1.54416193051, 0.826671975711, 2.83000004967, 0.884056586256, 5.6389530062, 1.26000097164, 1.1400001226, 3.16487403318, 2.97980975935, 0.906825842544, 3.04000030693, 1.06618838889, 0.864311310498, 1.00000047163, 1.00000058999, 1.03008215068, 7.2293697894, 0.932077223596, 1.00000095748, 101.803326789, 0.854856885487, 5.81051804606, 1.04931906443, 3.29000085299, 1.00000037093, 111.286767814, 12.9584712614, 297.107878714, 3.48525469169
3.65697540114, 1.04172987437, 1.54416193051, 0.826671975711, 2.83000004967, 0.884056586256, 5.6389530062, 1.26000097164, 1.1400001226, 3.16487403318, 2.97980975935, 0.906825842544, 3.04000030693, 1.06618838889, 0.864311310498, 1.00000047163, 1.00000058999, 1.03008215068, 7.2293697894, 0.932077223596, 1.00000095748, 101.803326789, 0.854856885487, 5.81051804606, 1.04931906443, 3.29000085299, 1.00000037093, 111.286767814, 12.9584712614, 297.107878714, 3.48525469169
3.65697540114, 1.04172987437, 1.54416193051, 0.826671975711, 2.83000004967, 0.884056586256, 5.6389530062, 1.26000097164, 1.14000012257, 3.16487403318, 2.97980975935, 0.901669130672, 3.04000030693, 1.06618838889, 0.864327480362, 1.00000047163, 1.00000058999, 1.03008215068, 7.2293697894, 0.929620075131, 1.00000092002, 101.803326789, 0.854856885487, 5.76173878703, 1.04815585077, 3.29000085299, 1.00000037032, 184.449396438, 14.6246570563, 119.08795472, 4.02144772118
3.65697540114, 1.04172987437, 1.54416193051, 0.826671975711, 2.83000004967, 0.884056586256, 5.6389530062, 1.26000097164, 1.14000012257, 3.16487403318, 2.97980975935, 0.901669130672, 3.04000030693, 1.06618838889, 0.864327480362, 1.00000047163, 1.00000058999, 1.03008215068, 7.2293697894, 0.929620075131, 1.00000092002, 101.803326789, 0.854856885487, 5.76173878703, 1.04815585077, 3.29000085299, 1.00000037032, 184.449396438, 14.6246570563, 119.08795472, 4.02144772118
3.65697540114, 1.04172987437, 1.54416193051, 0.826671975711, 2.83000004967, 0.884056586256, 5.6389530062, 1.26000097164, 1.14000012257, 3.16487403318, 2.97980975935, 0.901669130672, 3.04000030693, 1.06618838889, 0.864327480362, 1.00000047163, 1.00000058999, 1.03008215068, 7.2293697894, 0.929620075131, 1.00000092002, 101.803326789, 0.854856885487, 5.76173878703, 1.04815585077, 3.29000085299, 1.00000037032, 184.449396438, 14.6246570563, 119.08795472, 4.02144772118
3.65697540114, 1.04172987437, 1.54416193051, 0.826671975711, 2.83000004967, 0.884056586256, 5.6389530062, 1.26000097164, 1.14000012257, 3.16487403318, 2.97980975935, 0.901669130672, 3.04000030693, 1.06618838889, 0.864327480362, 1.00000047163, 1.00000058999, 1.03008215068, 7.2293697894, 0.929620075131, 1.00000092002, 101.803326789, 0.854856885487, 5.76173878703, 1.04815585077, 3.29000085299, 1.00000037032, 184.449396438, 14.6246570563, 119.08795472, 4.02144772118
3.65697540114, 1.04172987437, 1.54416193051, 0.826671975711, 2.83000004967, 0.884056586256, 5.6389530062, 1.26000097164, 1.14000012257, 3.16487403318, 2.97980975935, 0.901669130672, 3.04000030693, 1.06618838889, 0.864327480362, 1.00000047163, 1.00000058999, 1.03008215068, 7.2293697894, 0.929620075131, 1.00000092002, 101.803326789, 0.854856885487, 5.76173878703, 1.04815585077, 3.29000085299, 1.00000037032, 184.449396438, 14.6246570563, 119.08795472, 4.02144772118
3.65697540114, 1.04172987437, 1.54416193051, 0.826671975711, 2.83000004967, 0.884056586256, 5.6389530062, 1.26000097164, 1.14000012257, 3.16487403318, 2.97980975935, 0.901669130672, 3.04000030693, 1.06618838889, 0.864327480362, 1.00000047163, 1.00000058999, 1.03008215068, 7.2293697894, 0.929620075131, 1.00000092002, 101.803326789, 0.854856885487, 5.76173878703, 1.04815585077, 3.29000085299, 1.00000037032, 184.449396438, 14.6246570563, 119.08795472, 4.02144772118
3.65697540114, 1.04172987437, 1.54416193051, 0.826671975711, 2.83000004967, 0.884056586256, 5.6389530062, 1.26000097164, 1.14000012257, 3.16487403318, 2.97980975935, 0.901669130672, 3.04000030693, 1.06618838889, 0.864327480362, 1.00000047163, 1.00000058999, 1.03008215068, 7.2293697894, 0.929620075131, 1.00000092002, 101.803326789, 0.854856885487, 5.76173878703, 1.04815585077, 3.29000085299, 1.00000037032, 184.449396438, 14.6246570563, 119.08795472, 4.02144772118
3.65697540114, 1.04172987437, 1.54416193051, 0.826671975711, 2.83000004967, 0.884056586256, 5.6389530062, 1.26000097164, 1.14000012257, 3.16487403318, 2.97980975935, 0.901669130672, 3.04000030693, 1.06618838889, 0.864327480362, 1.00000047163, 1.00000058999, 1.03008215068, 7.2293697894, 0.929620075131, 1.00000092002, 101.803326789, 0.854856885487, 5.76173878703, 1.04815585077, 3.29000085299, 1.00000037032, 184.449396438, 14.6246570563, 119.08795472, 4.02144772118
3.65697540114, 1.04172987437, 1.54416193051, 0.826671975711, 2.83000004967, 0.884056586256, 5.6389530062, 1.26000097164, 1.14000012257, 3.16487403318, 2.97980975935, 0.901669130672, 3.04000030693, 1.06618838889, 0.864327480362, 1.00000047163, 1.00000058999, 1.03008215068, 7.2293697894, 0.929620075131, 1.00000092002, 101.803326789, 0.854856885487, 5.76173878703, 1.04815585077, 3.29000085299, 1.00000037032, 184.449396438, 14.6246570563, 119.08795472, 4.02144772118
3.65697540114, 1.04172987437, 1.54416193051, 0.826671975711, 2.83000004967, 0.884056586256, 5.6389530062, 1.26000097164, 1.1400001226, 3.16487403318, 2.98106630541, 0.901669130672, 3.04000041712, 1.06618838889, 0.864327480362, 1.00000043411, 1.00000058999, 1.03008215068, 7.2293697894, 0.929620075131, 1.00000091642, 101.803326789, 0.854856885487, 5.18024561522, 1.04925421429, 3.29000085299, 1.00000038662, 91.9772284666, 12.2526496186, 495.179939532, 2.14477211796
3.65697540114, 1.04172987437, 1.54416193051, 0.826671975711, 2.83000004967, 0.863185146105, 5.6389530062, 1.26000097164, 1.14000012317, 3.16487403318, 2.97980975935, 1.07003133147, 3.04000030693, 1.06618838889, 0.864326735735, 1.00000047163, 1.00000058999, 1.03008215068, 7.2293697894, 0.931962508601, 1.00000095748, 101.803326789, 0.854856885487, 5.76173878703, 1.04813740199, 3.29000085299, 1.00000032906, 46.7725875068, 11.9638441727, 272.526724334, 1.07238605898
3.65697881755, 1.04172987437, 1.54416278402, 0.826671975711, 2.83000004967, 0.884056586256, 5.6389530062, 1.26000097144, 1.14000012257, 3.14821449961, 2.97980975935, 0.902173358515, 3.04000030693, 1.06618838889, 0.864327463613, 1.00000047163, 1.00000058999, 1.03008215068, 7.2293697894, 0.929620075131, 1.00000092008, 101.803326789, 0.854856885487, 5.76239757072, 1.04815585077, 3.29000085299, 1.00000037032, 42.7926638282, 11.8986104434, 225.832815569, 2.41286863271
3.65697881755, 1.04172987437, 1.54416278402, 0.826671975711, 2.83000004967, 0.884056586256, 5.6389530062, 1.26000097144, 1.14000012257, 3.14821449961, 2.97980975935, 0.902173358515, 3.04000030693, 1.06618838889, 0.864327463613, 1.00000047163, 1.00000058999, 1.03008215068, 7.2293697894, 0.929620075131, 1.00000092008, 101.803326789, 0.854856885487, 5.76239757072, 1.04815585077, 3.29000085299, 1.00000037032, 42.7926638282, 11.8986104434, 225.832815569, 2.41286863271
3.65697881755, 1.04172987437, 1.54416278402, 0.826671975711, 2.83000004967, 0.884056586256, 5.6389530062, 1.26000097144, 1.14000012257, 3.14821449961, 2.97980975935, 0.902173358515, 3.04000030693, 1.06618838889, 0.864327463613, 1.00000047163, 1.00000058999, 1.03008215068, 7.2293697894, 0.929620075131, 1.00000092008, 101.803326789, 0.854856885487, 5.76239757072, 1.04815585077, 3.29000085299, 1.00000037032, 42.7926638282, 11.8986104434, 225.832815569, 2.41286863271
3.65697881755, 1.04172987437, 1.54416278402, 0.826671975711, 2.83000004967, 0.884056586256, 5.6389530062, 1.26000097144, 1.14000012257, 3.14821449961, 2.97980975935, 0.902173358515, 3.04000030693, 1.06618838889, 0.864327463613, 1.00000047163, 1.00000058999, 1.03008215068, 7.2293697894, 0.929620075131, 1.00000092008, 101.803326789, 0.854856885487, 5.76239757072, 1.04815585077, 3.29000085299, 1.00000037032, 42.7926638282, 11.8986104434, 225.832815569, 2.41286863271
3.65697881755, 1.04172987437, 1.54416278402, 0.826671975711, 2.83000004967, 0.884056586256, 5.6389530062, 1.26000097144, 1.14000012257, 3.14821449961, 2.97980975935, 0.902173358515, 3.04000030693, 1.06618838889, 0.864327463613, 1.00000047163, 1.00000058999, 1.03008215068, 7.2293697894, 0.929620075131, 1.00000092008, 101.803326789, 0.854856885487, 5.76239757072, 1.04815585077, 3.29000085299, 1.00000037032, 42.7926638282, 11.8986104434, 225.832815569, 2.41286863271
3.65697881755, 1.04172987437, 1.54416278402, 0.826671975711, 2.83000004967, 0.884056586256, 5.6389530062, 1.26000097144, 1.14000012257, 3.14821449961, 2.97980975935, 0.902173358515, 3.04000030693, 1.06618838889, 0.864327463613, 1.00000047163, 1.00000058999, 1.03008215068, 7.2293697894, 0.929620075131, 1.00000092008, 101.803326789, 0.854856885487, 5.76239757072, 1.04815585077, 3.29000085299, 1.00000037032, 42.7926638282, 11.8986104434, 225.832815569, 2.41286863271
3.65697881755, 1.04172987437, 1.54416278402, 0.826671975711, 2.83000004967, 0.884056586256, 5.6389530062, 1.26000097144, 1.14000012257, 3.14821449961, 2.97980975935, 0.902173358515, 3.04000030693, 1.06618838889, 0.864327463613, 1.00000047163, 1.00000058999, 1.03008215068, 7.2293697894, 0.929620075131, 1.00000092008, 101.803326789, 0.854856885487, 5.76239757072, 1.04815585077, 3.29000085299, 1.00000037032, 42.7926638282, 11.8986104434, 225.832815569, 2.41286863271
3.65697881755, 1.04172987437, 1.54416278402, 0.826671975711, 2.83000004967, 0.884056586256, 5.6389530062, 1.26000097144, 1.14000012257, 3.14821449961, 2.97980975935, 0.902173358515, 3.04000030693, 1.06618838889, 0.864327463613, 1.00000047163, 1.00000058999, 1.03008215068, 7.2293697894, 0.929620075131, 1.00000092008, 101.803326789, 0.854856885487, 5.76239757072, 1.04815585077, 3.29000085299, 1.00000037032, 42.7926638282, 11.8986104434, 225.832815569, 2.41286863271
3.65697881755, 1.04172987437, 1.54416278402, 0.826671975711, 2.83000004967, 0.884056586256, 5.6389530062, 1.26000097144, 1.14000012257, 3.14821449961, 2.97980975935, 0.902173358515, 3.04000030693, 1.06618838889, 0.864327463613, 1.00000047163, 1.00000058999, 1.03008215068, 7.2293697894, 0.929620075131, 1.00000092008, 101.803326789, 0.854856885487, 5.76239757072, 1.04815585077, 3.29000085299, 1.00000037032, 42.7926638282, 11.8986104434, 225.832815569, 2.41286863271
3.65697540114, 1.04172987437, 1.54416193051, 0.826671975711, 2.83000004967, 0.884056586256, 5.6389530062, 1.26000097164, 1.14000012257, 3.16487403318, 2.97980975935, 0.901669130672, 3.04000030693, 1.06618838889, 0.864327480362, 1.00000047163, 1.00000058999, 1.03008215068, 7.2293697894, 0.929620075131, 1.00000092002, 101.803326789, 0.854856885487, 5.76173878703, 1.04815585077, 3.29000085299, 1.00000037032, 87.0224328332, 14.0503280139, 130.478747229, 3.21715817694
3.65697540114, 1.04172987437, 1.54416193051, 0.826671975711, 2.83000004967, 0.884056586256, 5.6389530062, 1.26000097164, 1.14000012257, 3.16487403318, 2.97980975935, 0.901669130672, 3.04000030693, 1.06618838889, 0.864327480362, 1.00000047163, 1.00000058999, 1.03008215068, 7.2293697894, 0.929620075131, 1.00000092002, 101.803326789, 0.854856885487, 5.76173878703, 1.04815585077, 3.29000085299, 1.00000037032, 87.0224328332, 14.0503280139, 130.478747229, 3.21715817694
3.65697540114, 1.04172987437, 1.54416193051, 0.826671975711, 2.83000004967, 0.884056586256, 5.6389530062, 1.26000097164, 1.14000012257, 3.16487403318, 2.97980975935, 0.901669130672, 3.04000030693, 1.06618838889, 0.864327480362, 1.00000047163, 1.00000058999, 1.03008215068, 7.2293697894, 0.929620075131, 1.00000092002, 101.803326789, 0.854856885487, 5.76173878703, 1.04815585077, 3.29000085299, 1.00000037032, 87.0224328332, 14.0503280139, 130.478747229, 3.21715817694
3.65697540114, 1.04172987437, 1.54416193051, 0.826671975711, 2.83000004967, 0.884056586256, 5.6389530062, 1.26000097164, 1.14000012257, 3.16487403318, 2.97980975935, 0.901669130672, 3.04000030693, 1.06618838889, 0.864327480362, 1.00000047163, 1.00000058999, 1.03008215068, 7.2293697894, 0.929620075131, 1.00000092002, 101.803326789, 0.854856885487, 5.76173878703, 1.04815585077, 3.29000085299, 1.00000037032, 87.0224328332, 14.0503280139, 130.478747229, 3.21715817694
3.65697540114, 1.04172987437, 1.54416193051, 0.826671975711, 2.83000004967, 0.884056586256, 5.6389530062, 1.26000097164, 1.14000012257, 3.16487403318, 2.97980975935, 0.901669130672, 3.04000030693, 1.06618838889, 0.864327480362, 1.00000047163, 1.00000058999, 1.03008215068, 7.2293697894, 0.929620075131, 1.00000092002, 101.803326789, 0.854856885487, 5.76173878703, 1.04815585077, 3.29000085299, 1.00000037032, 87.0224328332, 14.0503280139, 130.478747229, 3.21715817694
3.65697540114, 1.04172987437, 1.54416193051, 0.826671975711, 2.83000004967, 0.884056586256, 5.6389530062, 1.26000097164, 1.14000012257, 3.16487403318, 2.97980975935, 0.901669130672, 3.04000030693, 1.06618838889, 0.864327480362, 1.00000047163, 1.00000058999, 1.03008215068, 7.2293697894, 0.929620075131, 1.00000092002, 101.803326789, 0.854856885487, 5.76173878703, 1.04815585077, 3.29000085299, 1.00000037032, 87.0224328332, 14.0503280139, 130.478747229, 3.21715817694
3.65697540114, 1.04172987437, 1.54416193051, 0.826671975711, 2.83000004967, 0.884056586256, 5.6389530062, 1.26000097164, 1.14000012257, 3.16487403318, 2.97980975935, 0.901669130672, 3.04000030693, 1.06618838889, 0.864327480362, 1.00000047163, 1.00000058999, 1.03008215068, 7.2293697894, 0.929620075131, 1.00000092002, 101.803326789, 0.854856885487, 5.76173878703, 1.04815585077, 3.29000085299, 1.00000037032, 87.0224328332, 14.0503280139, 130.478747229, 3.21715817694
3.65697540114, 1.04172987437, 1.54416193051, 0.826671975711, 2.83000004967, 0.884056586256, 5.6389530062, 1.26000097164, 1.14000012318, 3.16487403318, 2.97980975935, 1.06935004376, 3.04000030693, 1.06618838889, 0.864326697297, 1.00000039069, 1.00000058999, 1.03239788392, 7.2293697894, 0.927335167289, 1.00000095748, 101.803326789, 0.854856885487, 5.76173878703, 1.04813740199, 3.29000085299, 1.00000033041, 17.3964818508, 9.00954758115, 64.8365002937, 0.268096514745
3.65697540114, 1.04172987437, 1.54416193051, 0.826671975711, 2.83000004967, 0.884056586256, 5.6389530062, 1.26000097164, 1.14000012318, 3.16487403318, 2.97980975935, 1.06935004376, 3.04000030693, 1.06618838889, 0.864326697297, 1.00000039069, 1.00000058999, 1.03239788392, 7.2293697894, 0.927335167289, 1.00000095748, 101.803326789, 0.854856885487, 5.76173878703, 1.04813740199, 3.29000085299, 1.00000033041, 17.3964818508, 9.00954758115, 64.8365002937, 0.268096514745
3.65697540114, 1.04172987437, 1.54416193051, 0.826671975711, 2.83000004967, 0.884056586256, 5.6389530062, 1.26000097164, 1.14000012318, 3.16487403318, 2.97980975935, 1.06935004376, 3.04000030693, 1.06618838889, 0.864326697297, 1.00000039069, 1.00000058999, 1.03239788392, 7.2293697894, 0.927335167289, 1.00000095748, 101.803326789, 0.854856885487, 5.76173878703, 1.04813740199, 3.29000085299, 1.00000033041, 17.3964818508, 9.00954758115, 64.8365002937, 0.268096514745
3.65697540114, 1.04172987437, 1.54416193051, 0.826671975711, 2.83000004967, 0.884056586256, 5.6389530062, 1.26000097164, 1.14000012318, 3.16487403318, 2.97980975935, 1.06935004376, 3.04000030693, 1.06618838889, 0.864326697297, 1.00000039069, 1.00000058999, 1.03239788392, 7.2293697894, 0.927335167289, 1.00000095748, 101.803326789, 0.854856885487, 5.76173878703, 1.04813740199, 3.29000085299, 1.00000033041, 17.3964818508, 9.00954758115, 64.8365002937, 0.268096514745
3.65697540114, 1.04172987437, 1.54416193051, 0.826671975711, 2.83000004967, 0.884056586256, 5.6389530062, 1.26000097164, 1.14000012318, 3.16487403318, 2.97980975935, 1.06935004376, 3.04000030693, 1.06618838889, 0.864326697297, 1.00000039069, 1.00000058999, 1.03239788392, 7.2293697894, 0.927335167289, 1.00000095748, 101.803326789, 0.854856885487, 5.76173878703, 1.04813740199, 3.29000085299, 1.00000033041, 17.3964818508, 9.00954758115, 64.8365002937, 0.268096514745
3.65697540114, 1.04172987437, 1.54416193051, 0.826671975711, 2.83000004967, 0.884056586256, 5.6389530062, 1.26000097164, 1.14000012318, 3.16487403318, 2.97980975935, 1.06935004376, 3.04000030693, 1.06618838889, 0.864326697297, 1.00000039069, 1.00000058999, 1.03239788392, 7.2293697894, 0.927335167289, 1.00000095748, 101.803326789, 0.854856885487, 5.76173878703, 1.04813740199, 3.29000085299, 1.00000033041, 17.3964818508, 9.00954758115, 64.8365002937, 0.268096514745
3.65697540114, 1.04172987437, 1.54416193051, 0.826671975711, 2.83000004967, 0.884056586256, 5.6389530062, 1.26000097164, 1.14000012318, 3.16487403318, 2.97980975935, 1.06935004376, 3.04000030693, 1.06618838889, 0.864326697297, 1.00000039069, 1.00000058999, 1.03239788392, 7.2293697894, 0.927335167289, 1.00000095748, 101.803326789, 0.854856885487, 5.76173878703, 1.04813740199, 3.29000085299, 1.00000033041, 17.3964818508, 9.00954758115, 64.8365002937, 0.268096514745
3.65697540114, 1.04172987437, 1.54416193051, 0.826671975711, 2.83000004967, 0.884056586256, 5.6389530062, 1.26000097164, 1.14000012318, 3.16487403318, 2.97980975935, 1.06935004376, 3.04000030693, 1.06618838889, 0.864326697297, 1.00000039069, 1.00000058999, 1.03239788392, 7.2293697894, 0.927335167289, 1.00000095748, 101.803326789, 0.854856885487, 5.76173878703, 1.04813740199, 3.29000085299, 1.00000033041, 17.3964818508, 9.00954758115, 64.8365002937, 0.268096514745
3.65697540114, 1.04172987437, 1.54416193051, 0.826671975711, 2.83000004967, 0.884056586256, 5.6389530062, 1.26000097164, 1.14000012318, 3.16487403318, 2.97980975935, 1.06935004376, 3.04000030693, 1.06618838889, 0.864326697297, 1.00000039069, 1.00000058999, 1.03239788392, 7.2293697894, 0.927335167289, 1.00000095748, 101.803326789, 0.854856885487, 5.76173878703, 1.04813740199, 3.29000085299, 1.00000033041, 17.3964818508, 9.00954758115, 64.8365002937, 0.268096514745
3.65697540114, 1.04172987437, 1.54416193051, 0.826671975711, 2.83000004967, 0.884056586256, 5.6389530062, 1.26000097164, 1.14000012318, 3.16487403318, 2.97980975935, 1.06935004376, 3.04000030693, 1.06618838889, 0.864326697297, 1.00000039069, 1.00000058999, 1.03239788392, 7.2293697894, 0.927335167289, 1.00000095748, 101.803326789, 0.854856885487, 5.76173878703, 1.04813740199, 3.29000085299, 1.00000033041, 17.3964818508, 9.00954758115, 64.8365002937, 0.268096514745
3.65697540114, 1.04172987437, 1.54416193051, 0.826671975711, 2.83000004967, 0.884056586256, 5.6389530062, 1.26000097164, 1.14000012318, 3.16487403318, 2.97980975935, 1.06935004376, 3.04000030693, 1.06618838889, 0.864326697297, 1.00000039069, 1.00000058999, 1.03239788392, 7.2293697894, 0.927335167289, 1.00000095748, 101.803326789, 0.854856885487, 5.76173878703, 1.04813740199, 3.29000085299, 1.00000033041, 17.3964818508, 9.00954758115, 64.8365002937, 0.268096514745
3.65697540114, 1.04172987437, 1.54416193051, 0.826671975711, 2.83000004967, 0.884056586256, 5.6389530062, 1.26000097164, 1.14000012318, 3.16487403318, 2.97980975935, 1.06935004376, 3.04000030693, 1.06618838889, 0.864326697297, 1.00000039069, 1.00000058999, 1.03239788392, 7.2293697894, 0.927335167289, 1.00000095748, 101.803326789, 0.854856885487, 5.76173878703, 1.04813740199, 3.29000085299, 1.00000033041, 17.3964818508, 9.00954758115, 64.8365002937, 0.268096514745
3.65697540114, 1.04172987437, 1.54416193051, 0.826671975711, 2.83000004967, 0.884056586256, 5.6389530062, 1.26000097164, 1.14000012318, 3.16487403318, 2.97980975935, 1.06935004376, 3.04000030693, 1.06618838889, 0.864326697297, 1.00000039069, 1.00000058999, 1.03239788392, 7.2293697894, 0.927335167289, 1.00000095748, 101.803326789, 0.854856885487, 5.76173878703, 1.04813740199, 3.29000085299, 1.00000033041, 17.3964818508, 9.00954758115, 64.8365002937, 0.268096514745
3.65697540114, 1.04172987437, 1.54416193051, 0.826671975711, 2.83000004967, 0.884056586256, 5.6389530062, 1.26000097164, 1.14000012318, 3.16487403318, 2.97980975935, 1.06935004376, 3.04000030693, 1.06618838889, 0.864326697297, 1.00000039069, 1.00000058999, 1.03239788392, 7.2293697894, 0.927335167289, 1.00000095748, 101.803326789, 0.854856885487, 5.76173878703, 1.04813740199, 3.29000085299, 1.00000033041, 17.3964818508, 9.00954758115, 64.8365002937, 0.268096514745
3.65697540114, 1.04172987437, 1.54416193051, 0.826671975711, 2.83000004967, 0.884056586256, 5.6389530062, 1.26000097164, 1.14000012318, 3.16487403318, 2.97980975935, 1.06935004376, 3.04000030693, 1.06618838889, 0.864326697297, 1.00000039069, 1.00000058999, 1.03239788392, 7.2293697894, 0.927335167289, 1.00000095748, 101.803326789, 0.854856885487, 5.76173878703, 1.04813740199, 3.29000085299, 1.00000033041, 17.3964818508, 9.00954758115, 64.8365002937, 0.268096514745
3.65697540114, 1.04172987437, 1.54416193051, 0.826671975711, 2.83000004967, 0.884056586256, 5.6389530062, 1.26000097164, 1.14000012318, 3.16487403318, 2.97980975935, 1.06935004376, 3.04000030693, 1.06618838889, 0.864326697297, 1.00000039069, 1.00000058999, 1.03239788392, 7.2293697894, 0.927335167289, 1.00000095748, 101.803326789, 0.854856885487, 5.76173878703, 1.04813740199, 3.29000085299, 1.00000033041, 17.3964818508, 9.00954758115, 64.8365002937, 0.268096514745
3.65697540114, 1.04172987437, 1.54416193051, 0.826671975711, 2.83000004967, 0.884056586256, 5.6389530062, 1.26000097164, 1.14000012318, 3.16487403318, 2.97980975935, 1.06935004376, 3.04000030693, 1.06618838889, 0.864326697297, 1.00000039069, 1.00000058999, 1.03239788392, 7.2293697894, 0.927335167289, 1.00000095748, 101.803326789, 0.854856885487, 5.76173878703, 1.04813740199, 3.29000085299, 1.00000033041, 17.3964818508, 9.00954758115, 64.8365002937, 0.268096514745
3.65697540114, 1.04172987437, 1.54416193051, 0.826671975711, 2.83000004967, 0.884056586256, 5.6389530062, 1.26000097164, 1.14000012318, 3.16487403318, 2.97980975935, 1.06935004376, 3.04000030693, 1.06618838889, 0.864326697297, 1.00000039069, 1.00000058999, 1.03239788392, 7.2293697894, 0.927335167289, 1.00000095748, 101.803326789, 0.854856885487, 5.76173878703, 1.04813740199, 3.29000085299, 1.00000033041, 17.3964818508, 9.00954758115, 64.8365002937, 0.268096514745
3.65697540114, 1.04172987437, 1.54416193051, 0.826671975711, 2.83000004967, 0.884056586256, 5.6389530062, 1.26000097164, 1.14000012318, 3.16487403318, 2.97980975935, 1.06935004376, 3.04000030693, 1.06618838889, 0.864326697297, 1.00000039069, 1.00000058999, 1.03239788392, 7.2293697894, 0.927335167289, 1.00000095748, 101.803326789, 0.854856885487, 5.76173878703, 1.04813740199, 3.29000085299, 1.00000033041, 17.3964818508, 9.00954758115, 64.8365002937, 0.268096514745
3.65697540114, 1.04172987437, 1.54416193051, 0.826671975711, 2.83000004967, 0.884056586256, 5.6389530062, 1.26000097164, 1.14000012318, 3.16487403318, 2.97980975935, 1.06935004376, 3.04000030693, 1.06618838889, 0.864326697297, 1.00000039069, 1.00000058999, 1.03239788392, 7.2293697894, 0.927335167289, 1.00000095748, 101.803326789, 0.854856885487, 5.76173878703, 1.04813740199, 3.29000085299, 1.00000033041, 17.3964818508, 9.00954758115, 64.8365002937, 0.268096514745
3.65697540114, 1.04172987437, 1.54416193051, 0.826671975711, 2.83000004967, 0.884056586256, 5.6389530062, 1.26000097164, 1.14000012318, 3.16487403318, 2.97980975935, 1.06935004376, 3.04000030693, 1.06618838889, 0.864326697297, 1.00000039069, 1.00000058999, 1.03011330863, 7.2293697894, 0.927335167289, 1.00000095811, 101.803326789, 0.854856885487, 5.76173878703, 1.04813740199, 3.29000085299, 1.00000033041, 142.204787492, 13.6773665612, 451.609816754, 5.09383378016
3.65697540114, 1.04172987437, 1.54416193051, 0.826671975711, 2.83000004967, 0.884056586256, 5.6389530062, 1.26000097164, 1.14000012318, 3.16487403318, 2.97980975935, 1.06935004376, 3.04000030693, 1.06618838889, 0.864326697297, 1.00000039069, 1.00000058999, 1.03011330863, 7.2293697894, 0.927335167289, 1.00000095811, 101.803326789, 0.854856885487, 5.76173878703, 1.04813740199, 3.29000085299, 1.00000033041, 142.204787492, 13.6773665612, 451.609816754, 5.09383378016
3.65697540114, 1.04172987437, 1.54416193051, 0.826671975711, 2.83000004967, 0.884056586256, 5.6389530062, 1.26000097164, 1.14000012318, 3.16487403318, 2.97980975935, 1.06935004376, 3.04000030693, 1.06618838889, 0.864311398703, 1.00000047052, 1.00000058999, 1.03011316114, 7.2293697894, 0.927335167289, 1.00000095748, 101.803326789, 0.854856885487, 5.76173878703, 1.04813740199, 3.29000085299, 1.00000033039, 20.3924051688, 9.34645523469, 346.227509714, 3.21715817694
3.65697540114, 1.04172987437, 1.54416193051, 0.826671975711, 2.83000004967, 0.868111148527, 5.6389530062, 1.26000097164, 1.14000012257, 3.16487403318, 2.97980975935, 0.899482667123, 3.04000030693, 1.06618838889, 0.864327481819, 1.00000047163, 1.00000058999, 1.03002318219, 7.2293697894, 0.927368112483, 1.00000095743, 101.803326789, 0.854856885487, 5.76173878703, 1.04815585077, 3.29000085299, 1.00000032989, 121.823018834, 21.8661252521, 338.236654262, 2.41286863271
3.65691534369, 1.04172987437, 1.54416193051, 0.826671975711, 2.83000004967, 0.884056586256, 5.6389530062, 1.26000097164, 1.14000012317, 3.16487403318, 2.8159254314, 0.906570206974, 3.04000030693, 1.06618838889, 0.864326697297, 1.00000038365, 1.00000058999, 1.03099398189, 7.2293697894, 0.927151732323, 1.00000095748, 101.803326789, 0.854856885487, 5.76173878703, 1.04937522593, 3.2900006419, 1.00000033037, 30.0635216158, 14.0034454207, 73.7799271104, 1.07238605898
3.65691534369, 1.04172987437, 1.54416193051, 0.826671975711, 2.83000004967, 0.884056586256, 5.6389530062, 1.26000097164, 1.14000012317, 3.16487403318, 2.8159254314, 0.906570206974, 3.04000030693, 1.06618838889, 0.864326697297, 1.00000038365, 1.00000058999, 1.03099398189, 7.2293697894, 0.927151732323, 1.00000095748, 101.803326789, 0.854856885487, 5.76173878703, 1.04937522593, 3.2900006419, 1.00000033037, 30.0635216158, 14.0034454207, 73.7799271104, 1.07238605898
3.65691534369, 1.04172987437, 1.54416193051, 0.826671975711, 2.83000004967, 0.884056586256, 5.6389530062, 1.26000097164, 1.14000012317, 3.16487403318, 2.8159254314, 0.906570206974, 3.04000030693, 1.06618838889, 0.864326697297, 1.00000038365, 1.00000058999, 1.03099398189, 7.2293697894, 0.927151732323, 1.00000095748, 101.803326789, 0.854856885487, 5.76173878703, 1.04937522593, 3.2900006419, 1.00000033037, 30.0635216158, 14.0034454207, 73.7799271104, 1.07238605898
3.65691534369, 1.04172987437, 1.54416193051, 0.826671975711, 2.83000004967, 0.884056586256, 5.6389530062, 1.26000097164, 1.14000012317, 3.16487403318, 2.8159254314, 0.906570206974, 3.04000030693, 1.06618838889, 0.864326697297, 1.00000038365, 1.00000058999, 1.03099398189, 7.2293697894, 0.927151732323, 1.00000095748, 101.803326789, 0.854856885487, 5.76173878703, 1.04937522593, 3.2900006419, 1.00000033037, 30.0635216158, 14.0034454207, 73.7799271104, 1.07238605898
3.65691534369, 1.04172987437, 1.54416193051, 0.826671975711, 2.83000004967, 0.884056586256, 5.6389530062, 1.26000097164, 1.14000012317, 3.16487403318, 2.8159254314, 0.906570206974, 3.04000030693, 1.06618838889, 0.864326697297, 1.00000038365, 1.00000058999, 1.03099398189, 7.2293697894, 0.927151732323, 1.00000095748, 101.803326789, 0.854856885487, 5.76173878703, 1.04937522593, 3.2900006419, 1.00000033037, 30.0635216158, 14.0034454207, 73.7799271104, 1.07238605898
3.65691534369, 1.04172987437, 1.54416193051, 0.826671975711, 2.83000004967, 0.884056586256, 5.6389530062, 1.26000097164, 1.14000012317, 3.16487403318, 2.8159254314, 0.906570206974, 3.04000030693, 1.06618838889, 0.864326697297, 1.00000038365, 1.00000058999, 1.03099398189, 7.2293697894, 0.927151732323, 1.00000095748, 101.803326789, 0.854856885487, 5.76173878703, 1.04937522593, 3.2900006419, 1.00000033037, 30.0635216158, 14.0034454207, 73.7799271104, 1.07238605898
3.65691534369, 1.04172987437, 1.54416193051, 0.826671975711, 2.83000004967, 0.884056586256, 5.6389530062, 1.26000097164, 1.14000012317, 3.16487403318, 2.8159254314, 0.906570206974, 3.04000030693, 1.06618838889, 0.864326697297, 1.00000038365, 1.00000058999, 1.03099398189, 7.2293697894, 0.927151732323, 1.00000095748, 101.803326789, 0.854856885487, 5.76173878703, 1.04937522593, 3.2900006419, 1.00000033037, 30.0635216158, 14.0034454207, 73.7799271104, 1.07238605898
3.65691534369, 1.04172987437, 1.54416193051, 0.826671975711, 2.83000004967, 0.884056586256, 5.6389530062, 1.26000097164, 1.14000012317, 3.16487403318, 2.8159254314, 0.906570206974, 3.04000030693, 1.06618838889, 0.864326697297, 1.00000038365, 1.00000058999, 1.03099398189, 7.2293697894, 0.927151732323, 1.00000095748, 101.803326789, 0.854856885487, 5.76173878703, 1.04937522593, 3.2900006419, 1.00000033037, 30.0635216158, 14.0034454207, 73.7799271104, 1.07238605898
3.65691534369, 1.04172987437, 1.54416193051, 0.826671975711, 2.83000004967, 0.884056586256, 5.6389530062, 1.26000097164, 1.14000012317, 3.16487403318, 2.8159254314, 0.906570206974, 3.04000030693, 1.06618838889, 0.864326697297, 1.00000038365, 1.00000058999, 1.03099398189, 7.2293697894, 0.927151732323, 1.00000095748, 101.803326789, 0.854856885487, 5.76173878703, 1.04937522593, 3.2900006419, 1.00000033037, 30.0635216158, 14.0034454207, 73.7799271104, 1.07238605898
3.65691534369, 1.04172987437, 1.54416193051, 0.826671975711, 2.83000004967, 0.884056586256, 5.6389530062, 1.26000097164, 1.14000012317, 3.16487403318, 2.8159254314, 0.906570206974, 3.04000030693, 1.06618838889, 0.864326697297, 1.00000038365, 1.00000058999, 1.03099398189, 7.2293697894, 0.927151732323, 1.00000095748, 101.803326789, 0.854856885487, 5.76173878703, 1.04937522593, 3.2900006419, 1.00000033037, 30.0635216158, 14.0034454207, 73.7799271104, 1.07238605898
3.65691534369, 1.04172987437, 1.54416193051, 0.826671975711, 2.83000004967, 0.884056586256, 5.6389530062, 1.26000097164, 1.14000012317, 3.16487403318, 2.8159254314, 0.906570206974, 3.04000030693, 1.06618838889, 0.864326697297, 1.00000038365, 1.00000058999, 1.03099398189, 7.2293697894, 0.927151732323, 1.00000095748, 101.803326789, 0.854856885487, 5.76173878703, 1.04937522593, 3.2900006419, 1.00000033037, 30.0635216158, 14.0034454207, 73.7799271104, 1.07238605898
3.65691534369, 1.04172987437, 1.54416193051, 0.826671975711, 2.83000004967, 0.884056586256, 5.6389530062, 1.26000097164, 1.14000012317, 3.16487403318, 2.8159254314, 0.906570206974, 3.04000030693, 1.06618838889, 0.864326697297, 1.00000038365, 1.00000058999, 1.03099398189, 7.2293697894, 0.927151732323, 1.00000095748, 101.803326789, 0.854856885487, 5.76173878703, 1.04937522593, 3.2900006419, 1.00000033037, 30.0635216158, 14.0034454207, 73.7799271104, 1.07238605898
3.65691534369, 1.04172987437, 1.54416193051, 0.826671975711, 2.83000004967, 0.884056586256, 5.6389530062, 1.26000097164, 1.14000012317, 3.16487403318, 2.8159254314, 0.906570206974, 3.04000030693, 1.06618838889, 0.864326697297, 1.00000038365, 1.00000058999, 1.03099398189, 7.2293697894, 0.927151732323, 1.00000095748, 101.803326789, 0.854856885487, 5.76173878703, 1.04937522593, 3.2900006419, 1.00000033037, 30.0635216158, 14.0034454207, 73.7799271104, 1.07238605898
3.65691534369, 1.04172987437, 1.54416193051, 0.826671975711, 2.83000004967, 0.884056586256, 5.6389530062, 1.26000097164, 1.14000012317, 3.16487403318, 2.8159254314, 0.906570206974, 3.04000030693, 1.06618838889, 0.864326697297, 1.00000038365, 1.00000058999, 1.03099398189, 7.2293697894, 0.927151732323, 1.00000095748, 101.803326789, 0.854856885487, 5.76173878703, 1.04937522593, 3.2900006419, 1.00000033037, 30.0635216158, 14.0034454207, 73.7799271104, 1.07238605898
3.65691534369, 1.04172987437, 1.54416193051, 0.826671975711, 2.83000004967, 0.884056586256, 5.6389530062, 1.26000097164, 1.14000012317, 3.16487403318, 2.8159254314, 0.906570206974, 3.04000030693, 1.06618838889, 0.864326697297, 1.00000038365, 1.00000058999, 1.03099398189, 7.2293697894, 0.927151732323, 1.00000095748, 101.803326789, 0.854856885487, 5.76173878703, 1.04937522593, 3.2900006419, 1.00000033037, 30.0635216158, 14.0034454207, 73.7799271104, 1.07238605898
3.65691534369, 1.04172987437, 1.54416193051, 0.826671975711, 2.83000004967, 0.884056586256, 5.6389530062, 1.26000097164, 1.14000012317, 3.16487403318, 2.8159254314, 0.906570206974, 3.04000030693, 1.06618838889, 0.864326697297, 1.00000038365, 1.00000058999, 1.03099398189, 7.2293697894, 0.927151732323, 1.00000095748, 101.803326789, 0.854856885487, 5.76173878703, 1.04937522593, 3.2900006419, 1.00000033037, 30.0635216158, 14.0034454207, 73.7799271104, 1.07238605898
3.65691534369, 1.04172987437, 1.54416193051, 0.826671975711, 2.83000004967, 0.884056586256, 5.6389530062, 1.26000097164, 1.14000012317, 3.16487403318, 2.8159254314, 0.906570206974, 3.04000030693, 1.06618838889, 0.864326697297, 1.00000038365, 1.00000058999, 1.03099398189, 7.2293697894, 0.927151732323, 1.00000095748, 101.803326789, 0.854856885487, 5.76173878703, 1.04937522593, 3.2900006419, 1.00000033037, 30.0635216158, 14.0034454207, 73.7799271104, 1.07238605898
3.65691534369, 1.04172987437, 1.54416193051, 0.826671975711, 2.83000004967, 0.884056586256, 5.6389530062, 1.26000097164, 1.14000012317, 3.16487403318, 2.8159254314, 0.906570206974, 3.04000030693, 1.06618838889, 0.864326697297, 1.00000038365, 1.00000058999, 1.03099398189, 7.2293697894, 0.927151732323, 1.00000095748, 101.803326789, 0.854856885487, 5.76173878703, 1.04937522593, 3.2900006419, 1.00000033037, 30.0635216158, 14.0034454207, 73.7799271104, 1.07238605898
3.65691534369, 1.04172987437, 1.54416193051, 0.826671975711, 2.83000004967, 0.884056586256, 5.6389530062, 1.26000097164, 1.14000012317, 3.16487403318, 2.8159254314, 0.906570206974, 3.04000030693, 1.06618838889, 0.864326697297, 1.00000038365, 1.00000058999, 1.03099398189, 7.2293697894, 0.927151732323, 1.00000095748, 101.803326789, 0.854856885487, 5.76173878703, 1.04937522593, 3.2900006419, 1.00000033037, 30.0635216158, 14.0034454207, 73.7799271104, 1.07238605898
3.65691534369, 1.04172987437, 1.54416193051, 0.826671975711, 2.83000004967, 0.884056586256, 5.6389530062, 1.26000097164, 1.14000012317, 3.16487403318, 2.8159254314, 0.906570206974, 3.04000030693, 1.06618838889, 0.864326697297, 1.00000038365, 1.00000058999, 1.03099398189, 7.2293697894, 0.927151732323, 1.00000095748, 101.803326789, 0.854856885487, 5.76173878703, 1.04937522593, 3.2900006419, 1.00000033037, 30.0635216158, 14.0034454207, 73.7799271104, 1.07238605898
3.65697540114, 1.04172987437, 1.54416193051, 0.826671975711, 2.83000004967, 0.884056586256, 5.6389530062, 1.26000097164, 1.14000012318, 3.16487403318, 2.97980975935, 1.06935004376, 3.04000030693, 1.06618838889, 0.864326697297, 1.00000047168, 1.00000058999, 1.03233333318, 7.2293697894, 0.927335167289, 1.00000095748, 101.803326789, 0.854856885487, 5.76173878703, 1.04813740199, 3.29000085299, 1.00000033041, 23.106711445, 6.94376605003, 224.836780978, 3.21715817694
3.65697540114, 1.04172987437, 1.54416193051, 0.834381049888, 2.83000004967, 0.884056586256, 5.6389530062, 1.26000097164, 1.14000012257, 3.16487403318, 2.81247829735, 0.901669130672, 3.04000030693, 1.06618838889, 0.864326692721, 1.00000058751, 1.00000058999, 1.03008215068, 7.2293697894, 0.927001975126, 1.00000095896, 101.803326789, 0.854856885487, 5.76173878703, 1.04815585077, 3.29000085299, 1.00000037027, 39.9503398661, 9.30298990222, 63.6846067722, 1.60857908847
3.65697540114, 1.04172987437, 1.54416193051, 0.834381049888, 2.83000004967, 0.884056586256, 5.6389530062, 1.26000097164, 1.14000012257, 3.16487403318, 2.81247829735, 0.901669130672, 3.04000030693, 1.06618838889, 0.864326692721, 1.00000058751, 1.00000058999, 1.03008215068, 7.2293697894, 0.927001975126, 1.00000095896, 101.803326789, 0.854856885487, 5.76173878703, 1.04815585077, 3.29000085299, 1.00000037027, 39.9503398661, 9.30298990222, 63.6846067722, 1.60857908847
3.65697540114, 1.04172987437, 1.54416193051, 0.834381049888, 2.83000004967, 0.884056586256, 5.6389530062, 1.26000097164, 1.14000012257, 3.16487403318, 2.81247829735, 0.901669130672, 3.04000030693, 1.06618838889, 0.864326692721, 1.00000058751, 1.00000058999, 1.03008215068, 7.2293697894, 0.927001975126, 1.00000095896, 101.803326789, 0.854856885487, 5.76173878703, 1.04815585077, 3.29000085299, 1.00000037027, 39.9503398661, 9.30298990222, 63.6846067722, 1.60857908847
3.65697540114, 1.04172987437, 1.54416193051, 0.834381049888, 2.83000004967, 0.884056586256, 5.6389530062, 1.26000097164, 1.14000012257, 3.16487403318, 2.81247829735, 0.901669130672, 3.04000030693, 1.06618838889, 0.864326692721, 1.00000058751, 1.00000058999, 1.03008215068, 7.2293697894, 0.927001975126, 1.00000095896, 101.803326789, 0.854856885487, 5.76173878703, 1.04815585077, 3.29000085299, 1.00000037027, 39.9503398661, 9.30298990222, 63.6846067722, 1.60857908847
3.65697540114, 1.04172987437, 1.54416193051, 0.834381049888, 2.83000004967, 0.884056586256, 5.6389530062, 1.26000097164, 1.14000012257, 3.16487403318, 2.81247829735, 0.901669130672, 3.04000030693, 1.06618838889, 0.864326692721, 1.00000058751, 1.00000058999, 1.03008215068, 7.2293697894, 0.927001975126, 1.00000095896, 101.803326789, 0.854856885487, 5.76173878703, 1.04815585077, 3.29000085299, 1.00000037027, 39.9503398661, 9.30298990222, 63.6846067722, 1.60857908847
3.65697540114, 1.04172987437, 1.54416193051, 0.834381049888, 2.83000004967, 0.884056586256, 5.6389530062, 1.26000097164, 1.14000012257, 3.16487403318, 2.81247829735, 0.901669130672, 3.04000030693, 1.06618838889, 0.864326692721, 1.00000058751, 1.00000058999, 1.03008215068, 7.2293697894, 0.927001975126, 1.00000095896, 101.803326789, 0.854856885487, 5.76173878703, 1.04815585077, 3.29000085299, 1.00000037027, 39.9503398661, 9.30298990222, 63.6846067722, 1.60857908847
3.65697540114, 1.04172987437, 1.54416193051, 0.834381049888, 2.83000004967, 0.884056586256, 5.6389530062, 1.26000097164, 1.14000012257, 3.16487403318, 2.81247829735, 0.901669130672, 3.04000030693, 1.06618838889, 0.864326692721, 1.00000058751, 1.00000058999, 1.03008215068, 7.2293697894, 0.927001975126, 1.00000095896, 101.803326789, 0.854856885487, 5.76173878703, 1.04815585077, 3.29000085299, 1.00000037027, 39.9503398661, 9.30298990222, 63.6846067722, 1.60857908847
3.65697540114, 1.04172987437, 1.54416193051, 0.834381049888, 2.83000004967, 0.884056586256, 5.6389530062, 1.26000097164, 1.14000012257, 3.16487403318, 2.81247829735, 0.901669130672, 3.04000030693, 1.06618838889, 0.864326692721, 1.00000058751, 1.00000058999, 1.03008215068, 7.2293697894, 0.927001975126, 1.00000095896, 101.803326789, 0.854856885487, 5.76173878703, 1.04815585077, 3.29000085299, 1.00000037027, 39.9503398661, 9.30298990222, 63.6846067722, 1.60857908847
3.65697540114, 1.04172987437, 1.54416193051, 0.834381049888, 2.83000004967, 0.884056586256, 5.6389530062, 1.26000097164, 1.14000012257, 3.16487403318, 2.81247829735, 0.901669130672, 3.04000030693, 1.06618838889, 0.864326692721, 1.00000058751, 1.00000058999, 1.03008215068, 7.2293697894, 0.927001975126, 1.00000095896, 101.803326789, 0.854856885487, 5.76173878703, 1.04815585077, 3.29000085299, 1.00000037027, 39.9503398661, 9.30298990222, 63.6846067722, 1.60857908847
3.65697540114, 1.04172987437, 1.54416193051, 0.834381049888, 2.83000004967, 0.884056586256, 5.6389530062, 1.26000097164, 1.14000012257, 3.16487403318, 2.81247829735, 0.901669130672, 3.04000030693, 1.06618838889, 0.864326692721, 1.00000058751, 1.00000058999, 1.03008215068, 7.2293697894, 0.927001975126, 1.00000095896, 101.803326789, 0.854856885487, 5.76173878703, 1.04815585077, 3.29000085299, 1.00000037027, 39.9503398661, 9.30298990222, 63.6846067722, 1.60857908847
3.65697881755, 1.04172987437, 1.54416194125, 0.826671975711, 2.83000004967, 0.884056586256, 5.6389530062, 1.26000097143, 1.14000012257, 3.1482008338, 2.97980975935, 0.901662809093, 3.04000030693, 1.06618838889, 0.864327463613, 1.00000047163, 1.00000058999, 1.03008215068, 7.2293697894, 0.929620075131, 1.00000092008, 101.803326789, 0.854856885487, 5.76239757072, 1.04815585077, 3.29000085299, 1.00000037032, 111.750506624, 12.6351227537, 193.266980406, 4.28954423592
3.65697881755, 1.04172987437, 1.54416194125, 0.826671975711, 2.83000004967, 0.884056586256, 5.6389530062, 1.26000097143, 1.14000012257, 3.1482008338, 2.97980975935, 0.901662809093, 3.04000030693, 1.06618838889, 0.864327463613, 1.00000047163, 1.00000058999, 1.03008215068, 7.2293697894, 0.929620075131, 1.00000092008, 101.803326789, 0.854856885487, 5.76239757072, 1.04815585077, 3.29000085299, 1.00000037032, 111.750506624, 12.6351227537, 193.266980406, 4.28954423592
3.65697881755, 1.04172987437, 1.54416194125, 0.826671975711, 2.83000004967, 0.884056586256, 5.6389530062, 1.26000097143, 1.14000012257, 3.1482008338, 2.97980975935, 0.901662809093, 3.04000030693, 1.06618838889, 0.864327463613, 1.00000047163, 1.00000058999, 1.03008215068, 7.2293697894, 0.929620075131, 1.00000092008, 101.803326789, 0.854856885487, 5.76239757072, 1.04815585077, 3.29000085299, 1.00000037032, 111.750506624, 12.6351227537, 193.266980406, 4.28954423592
3.65697540114, 1.04172987437, 1.54416193051, 0.826671975711, 2.83000004967, 0.884056586256, 5.67459427649, 1.26000097164, 1.14000012316, 3.16487403318, 2.97980975935, 0.899335417738, 3.04000030693, 1.06618838889, 0.864311379449, 1.0000003912, 1.00000058999, 1.03239788392, 7.2293697894, 0.927335167289, 1.00000095748, 101.803326789, 0.854856885487, 5.76173878703, 1.04930076604, 3.29000085299, 1.0000003309, 25.3967215831, 8.02412712964, 155.416223491, 2.41286863271
3.65697540114, 1.04172987437, 1.54416193051, 0.826671975711, 2.83000004967, 0.884056586256, 5.67459427649, 1.26000097164, 1.14000012316, 3.16487403318, 2.97980975935, 0.899335417738, 3.04000030693, 1.06618838889, 0.864311379449, 1.0000003912, 1.00000058999, 1.03239788392, 7.2293697894, 0.927335167289, 1.00000095748, 101.803326789, 0.854856885487, 5.76173878703, 1.04930076604, 3.29000085299, 1.0000003309, 25.3967215831, 8.02412712964, 155.416223491, 2.41286863271
3.65697540114, 1.04172987437, 1.54416193051, 0.826671975711, 2.83000004967, 0.884056586256, 5.67459427649, 1.26000097164, 1.14000012316, 3.16487403318, 2.97980975935, 0.899335417738, 3.04000030693, 1.06618838889, 0.864311379449, 1.0000003912, 1.00000058999, 1.03239788392, 7.2293697894, 0.927335167289, 1.00000095748, 101.803326789, 0.854856885487, 5.76173878703, 1.04930076604, 3.29000085299, 1.0000003309, 25.3967215831, 8.02412712964, 155.416223491, 2.41286863271
3.65697540114, 1.04172987437, 1.54416193051, 0.826671975711, 2.83000004967, 0.884056586256, 5.67459427649, 1.26000097164, 1.14000012316, 3.16487403318, 2.97980975935, 0.899335417738, 3.04000030693, 1.06618838889, 0.864311379449, 1.0000003912, 1.00000058999, 1.03239788392, 7.2293697894, 0.927335167289, 1.00000095748, 101.803326789, 0.854856885487, 5.76173878703, 1.04930076604, 3.29000085299, 1.0000003309, 25.3967215831, 8.02412712964, 155.416223491, 2.41286863271
3.65697540114, 1.04172987437, 1.54416193051, 0.826671975711, 2.83000004967, 0.884056586256, 5.6389530062, 1.26000097164, 1.14000012318, 3.16487403318, 2.97980975935, 1.06935004376, 3.04000030693, 1.06618838889, 0.864326697297, 1.00000039093, 1.00000058999, 1.03239788392, 7.2293697894, 0.927335167289, 1.00000095748, 101.803326789, 0.854856885487, 5.76173878703, 1.04813740199, 3.29000085299, 1.00000033041, 22.6688375276, 9.81031776137, 163.299382513, 0.804289544236
3.65697540114, 1.04172987437, 1.54416193051, 0.826671975711, 2.83000004967, 0.884056586256, 5.6389530062, 1.26000097164, 1.14000012318, 3.16487403318, 2.97980975935, 1.06935004376, 3.04000030693, 1.06618838889, 0.864326697297, 1.00000039093, 1.00000058999, 1.03239788392, 7.2293697894, 0.927335167289, 1.00000095748, 101.803326789, 0.854856885487, 5.76173878703, 1.04813740199, 3.29000085299, 1.00000033041, 22.6688375276, 9.81031776137, 163.299382513, 0.804289544236
3.65697540114, 1.04172987437, 1.54416193051, 0.826671975711, 2.83000004967, 0.884056586256, 5.6389530062, 1.26000097164, 1.14000012318, 3.16487403318, 2.97980975935, 1.06935004376, 3.04000030693, 1.06618838889, 0.864326697297, 1.00000039093, 1.00000058999, 1.03239788392, 7.2293697894, 0.927335167289, 1.00000095748, 101.803326789, 0.854856885487, 5.76173878703, 1.04813740199, 3.29000085299, 1.00000033041, 22.6688375276, 9.81031776137, 163.299382513, 0.804289544236
3.65697877047, 1.04172987437, 1.54416279626, 0.826671975711, 2.83000004967, 0.884056586256, 5.6389530062, 1.26000097144, 1.14000012257, 3.0923233336, 2.97980975935, 0.902150867394, 3.04000030693, 1.06618838889, 0.864327480648, 1.00000047163, 1.00000058999, 1.03008215068, 7.2293697894, 0.929620075131, 1.00000092008, 101.803326789, 0.854856885487, 5.81506341153, 1.04815585077, 3.29000085299, 1.00000037032, 47.3907322751, 9.90824550106, 301.656823687, 3.48525469169
3.65691534369, 1.04172987437, 1.54416193051, 0.826671975711, 2.83000004967, 0.884056586256, 5.6389530062, 1.26000097164, 1.14000012317, 3.16487403318, 2.8159254314, 0.906570206974, 3.04000030693, 1.06618838889, 0.864326697297, 1.00000038365, 1.00000058999, 1.03099398189, 7.2293697894, 0.927151732323, 1.00000095748, 104.479166242, 0.854856885487, 5.76173878703, 1.04937522593, 3.2900006419, 1.00000033037, 110.059830519, 10.6820250119, 72.0100632129, 4.55764075067
