0.160234159679, 0.870173755243, 2.02214214858, 0.658669680886, 8.45656296385, 33.1757998046, 0.321756333663, 0.0913272096354, 12.7967448101, 32.9170070729, 0.0915655454903, 0.0
0.160234159679, 0.870173755243, 2.02214214858, 0.658669680886, 8.45656296385, 33.1757998046, 0.321756333663, 0.0913272096354, 12.7967448101, 32.9170070729, 0.0915655454903, 0.0
0.160234159679, 0.870173755243, 2.02214214858, 0.658669680886, 8.45656296385, 33.1757998046, 0.321756333663, 0.0913272096354, 12.7967448101, 32.9170070729, 0.0915655454903, 0.0
0.160234159679, 0.870173755243, 2.02214214858, 0.658669680886, 8.45656296385, 33.1757998046, 0.321756333663, 0.0913272096354, 12.7967448101, 32.9170070729, 0.0915655454903, 0.0
0.160234159679, 0.870173755243, 2.02214214858, 0.658669680886, 8.45656296385, 33.1757998046, 0.321756333663, 0.0913272096354, 12.7967448101, 32.9170070729, 0.0915655454903, 0.0
0.160234159679, 0.870173755243, 2.02214214858, 0.658669680886, 8.45656296385, 33.1757998046, 0.321756333663, 0.0913272096354, 12.7967448101, 32.9170070729, 0.0915655454903, 0.0
0.160234159679, 0.870173755243, 2.02214214858, 0.658669680886, 8.45656296385, 33.1757998046, 0.321756333663, 0.0913272096354, 12.7967448101, 32.9170070729, 0.0915655454903, 0.0
0.160234159679, 0.870173755243, 2.02214214858, 0.658669680886, 8.45656296385, 33.1757998046, 0.321756333663, 0.0913272096354, 12.7967448101, 32.9170070729, 0.0915655454903, 0.0
0.160234159679, 0.870173755243, 2.02214214858, 0.658669680886, 8.45656296385, 33.1757998046, 0.321756333663, 0.0913272096354, 12.7967448101, 32.9170070729, 0.0915655454903, 0.0
0.160234159679, 0.870173755243, 2.02214214858, 0.658669680886, 8.45656296385, 33.1757998046, 0.321756333663, 0.0913272096354, 12.7967448101, 32.9170070729, 0.0915655454903, 0.0
0.160234159679, 0.870173755243, 2.02214214858, 0.658669680886, 8.45656296385, 33.1757998046, 0.321756333663, 0.0913272096354, 12.7967448101, 32.9170070729, 0.0915655454903, 0.0
0.160234159679, 0.870173755243, 2.02214214858, 0.658669680886, 8.45656296385, 33.1757998046, 0.321756333663, 0.0913272096354, 12.7967448101, 32.9170070729, 0.0915655454903, 0.0
0.160234159679, 0.870173755243, 2.02214214858, 0.658669680886, 8.45656296385, 33.1757998046, 0.321756333663, 0.0913272096354, 12.7967448101, 24.9532150391, 0.280662878489, 0.0
0.160234159679, 0.870173755243, 2.02214214858, 0.658669680886, 8.45656296385, 33.1757998046, 0.321756333663, 0.0913272096354, 12.7967448101, 24.9532150391, 0.280662878489, 0.0
0.160234159679, 0.870173755243, 2.02214214858, 0.658669680886, 8.45656296385, 33.1757998046, 0.321756333663, 0.0913272096354, 12.7967448101, 24.9532150391, 0.280662878489, 0.0
0.160234159679, 0.870173755243, 2.02214214858, 0.658669680886, 8.45656296385, 33.1757998046, 0.321756333663, 0.0913272096354, 12.7967448101, 24.9532150391, 0.280662878489, 0.0
0.160234159679, 0.870173755243, 2.02214214858, 0.658669680886, 8.45656296385, 33.1757998046, 0.321756333663, 0.0913272096354, 12.7967448101, 24.9532150391, 0.280662878489, 0.0
0.160234159679, 0.870173755243, 2.02214214858, 0.658669680886, 8.45656296385, 33.1757998046, 0.321756333663, 0.0913272096354, 12.7967448101, 24.9532150391, 0.280662878489, 0.0
0.160234159679, 0.870173755243, 2.02214214858, 0.658669680886, 8.45656296385, 33.1757998046, 0.321756333663, 0.0913272096354, 12.7967448101, 24.9532150391, 0.280662878489, 0.0
0.160234159679, 0.870173755243, 2.02214214858, 0.658669680886, 8.45656296385, 33.1757998046, 0.321756333663, 0.0913272096354, 12.7967448101, 24.9532150391, 0.280662878489, 0.0
0.160234159679, 0.870173755243, 2.02214214858, 0.658669680886, 8.45656296385, 33.1757998046, 0.321756333663, 0.0913272096354, 12.7967448101, 24.9532150391, 0.280662878489, 0.0
0.160234159679, 0.870173755243, 2.02214214858, 0.658669680886, 8.45656296385, 33.1757998046, 0.321756333663, 0.0913272096354, 12.7967448101, 24.9532150391, 0.280662878489, 0.0
0.160234159679, 0.870173755243, 2.02214214858, 0.658669680886, 8.45656296385, 33.1757998046, 0.321756333663, 0.0913272096354, 12.7967448101, 24.9532150391, 0.280662878489, 0.0
0.160234159679, 0.870173755243, 2.02214214858, 0.658669680886, 8.45656296385, 33.1757998046, 0.321756333663, 0.0913272096354, 12.7967448101, 24.9532150391, 0.280662878489, 0.0
0.160234159679, 0.870173755243, 2.02214214858, 0.658669680886, 8.45656296385, 33.1757998046, 0.321756333663, 0.0913272096354, 12.7967448101, 24.9532150391, 0.280662878489, 0.0
0.160234159679, 0.870173755243, 2.02214214858, 0.658669680886, 8.45656296385, 33.1757998046, 0.321756333663, 0.0913272096354, 12.7967448101, 24.9532150391, 0.280662878489, 0.0
0.160234159679, 0.870173755243, 2.02214214858, 0.658669680886, 8.45656296385, 33.1757998046, 0.321756333663, 0.0913272096354, 12.7967448101, 24.9532150391, 0.280662878489, 0.0
0.160234159679, 0.870173755243, 2.02214214858, 0.658669680886, 8.45656296385, 33.1757998046, 0.321756333663, 0.0913272096354, 12.7967448101, 24.9532150391, 0.280662878489, 0.0
0.160234159679, 0.870173755243, 2.02214214858, 0.658669680886, 8.45656296385, 33.1757998046, 0.321756333663, 0.0913272096354, 12.7967448101, 24.9532150391, 0.280662878489, 0.0
0.160234159679, 0.870173755243, 2.02214214858, 0.658669680886, 8.45656296385, 33.1757998046, 0.321756333663, 0.0913272096354, 12.7967448101, 24.9532150391, 0.280662878489, 0.0
0.160234159679, 0.870173755243, 2.02214214858, 0.658669680886, 8.45656296385, 33.1757998046, 0.321756333663, 0.0913272096354, 12.7967448101, 24.9532150391, 0.280662878489, 0.0
0.160234159679, 0.870173755243, 2.02214214858, 0.658669680886, 8.45656296385, 33.1757998046, 0.321756333663, 0.0913272096354, 12.7967448101, 24.9532150391, 0.280662878489, 0.0
0.148177042726, 0.870173755243, 2.02214214858, 0.658669680886, 16.142114389, 33.1757998046, 0.250001165436, 0.358925717817, 12.7967448101, 35.3946312612, 0.147785493214, 0.333333333333
0.148177042726, 0.870173755243, 2.02214214858, 0.658669680886, 16.142114389, 33.1757998046, 0.250001165436, 0.358925717817, 12.7967448101, 35.3946312612, 0.147785493214, 0.333333333333
0.148177042726, 0.870173755243, 2.02214214858, 0.658669680886, 16.142114389, 33.1757998046, 0.250001165436, 0.358925717817, 12.7967448101, 35.3946312612, 0.147785493214, 0.333333333333
0.148177042726, 0.870173755243, 2.02214214858, 0.658669680886, 16.142114389, 33.1757998046, 0.250001165436, 0.358925717817, 12.7967448101, 35.3946312612, 0.147785493214, 0.333333333333
0.148177042726, 0.870173755243, 2.02214214858, 0.658669680886, 16.142114389, 33.1757998046, 0.250001165436, 0.358925717817, 12.7967448101, 35.3946312612, 0.147785493214, 0.333333333333
0.148177042726, 0.870173755243, 2.02214214858, 0.658669680886, 16.142114389, 33.1757998046, 0.250001165436, 0.358925717817, 12.7967448101, 35.3946312612, 0.147785493214, 0.333333333333
0.148177042726, 0.870173755243, 2.02214214858, 0.658669680886, 16.142114389, 33.1757998046, 0.250001165436, 0.358925717817, 12.7967448101, 35.3946312612, 0.147785493214, 0.333333333333
0.148177042726, 0.870173755243, 2.02214214858, 0.658669680886, 16.142114389, 33.1757998046, 0.250001165436, 0.358925717817, 12.7967448101, 35.3946312612, 0.147785493214, 0.333333333333
0.148177042726, 0.870173755243, 2.02214214858, 0.658669680886, 16.142114389, 33.1757998046, 0.250001165436, 0.358925717817, 12.7967448101, 35.3946312612, 0.147785493214, 0.333333333333
0.148177042726, 0.870173755243, 2.02214214858, 0.658669680886, 16.142114389, 33.1757998046, 0.250001165436, 0.358925717817, 12.7967448101, 35.3946312612, 0.147785493214, 0.333333333333
0.148177042726, 0.870173755243, 2.02214214858, 0.658669680886, 16.142114389, 33.1757998046, 0.250001165436, 0.358925717817, 12.7967448101, 35.3946312612, 0.147785493214, 0.333333333333
0.148177042726, 0.870173755243, 2.02214214858, 0.658669680886, 16.142114389, 33.1757998046, 0.250001165436, 0.358925717817, 12.7967448101, 35.3946312612, 0.147785493214, 0.333333333333
0.148177042726, 0.870173755243, 2.02214214858, 0.658669680886, 16.142114389, 33.1757998046, 0.250001165436, 0.358925717817, 12.7967448101, 35.3946312612, 0.147785493214, 0.333333333333
0.148177042726, 0.870173755243, 2.02214214858, 0.658669680886, 16.142114389, 33.1757998046, 0.250001165436, 0.358925717817, 12.7967448101, 35.3946312612, 0.147785493214, 0.333333333333
0.148177042726, 0.870173755243, 2.02214214858, 0.658669680886, 16.142114389, 33.1757998046, 0.250001165436, 0.358925717817, 12.7967448101, 35.3946312612, 0.147785493214, 0.333333333333
0.276529646309, 0.870173755243, 2.02214214858, 0.658669680886, 8.45656296385, 33.1757998046, 0.527442807926, 0.0913272096354, 12.7967448101, 32.5630607603, 0.480370214804, 0.0
0.276529646309, 0.870173755243, 2.02214214858, 0.658669680886, 8.45656296385, 33.1757998046, 0.527442807926, 0.0913272096354, 12.7967448101, 32.5630607603, 0.480370214804, 0.0
0.276529646309, 0.870173755243, 2.02214214858, 0.658669680886, 8.45656296385, 33.1757998046, 0.527442807926, 0.0913272096354, 12.7967448101, 32.5630607603, 0.480370214804, 0.0
0.276529646309, 0.870173755243, 2.02214214858, 0.658669680886, 8.45656296385, 33.1757998046, 0.527442807926, 0.0913272096354, 12.7967448101, 32.5630607603, 0.480370214804, 0.0
0.276529646309, 0.870173755243, 2.02214214858, 0.658669680886, 8.45656296385, 33.1757998046, 0.527442807926, 0.0913272096354, 12.7967448101, 32.5630607603, 0.480370214804, 0.0
0.276529646309, 0.870173755243, 2.02214214858, 0.658669680886, 8.45656296385, 33.1757998046, 0.527442807926, 0.0913272096354, 12.7967448101, 32.5630607603, 0.480370214804, 0.0
0.276529646309, 0.870173755243, 2.02214214858, 0.658669680886, 8.45656296385, 33.1757998046, 0.527442807926, 0.0913272096354, 12.7967448101, 32.5630607603, 0.480370214804, 0.0
0.276529646309, 0.870173755243, 2.02214214858, 0.658669680886, 8.45656296385, 33.1757998046, 0.527442807926, 0.0913272096354, 12.7967448101, 32.5630607603, 0.480370214804, 0.0
0.276529646309, 0.870173755243, 2.02214214858, 0.658669680886, 8.45656296385, 33.1757998046, 0.527442807926, 0.0913272096354, 12.7967448101, 32.5630607603, 0.480370214804, 0.0
0.276529646309, 0.870173755243, 2.02214214858, 0.658669680886, 8.45656296385, 33.1757998046, 0.527442807926, 0.0913272096354, 12.7967448101, 32.5630607603, 0.480370214804, 0.0
0.276529646309, 0.870173755243, 2.02214214858, 0.658669680886, 8.45656296385, 33.1757998046, 0.527442807926, 0.0913272096354, 12.7967448101, 32.5630607603, 0.480370214804, 0.0
0.276529646309, 0.870173755243, 2.02214214858, 0.658669680886, 8.45656296385, 33.1757998046, 0.527442807926, 0.0913272096354, 12.7967448101, 32.5630607603, 0.480370214804, 0.0
0.276529646309, 0.870173755243, 2.02214214858, 0.658669680886, 8.45656296385, 33.1757998046, 0.527442807926, 0.0913272096354, 12.7967448101, 32.5630607603, 0.480370214804, 0.0
0.276529646309, 0.870173755243, 2.02214214858, 0.658669680886, 8.45656296385, 33.1757998046, 0.527442807926, 0.0913272096354, 12.7967448101, 32.5630607603, 0.480370214804, 0.0
0.276529646309, 0.870173755243, 2.02214214858, 0.658669680886, 8.45656296385, 33.1757998046, 0.527442807926, 0.0913272096354, 12.7967448101, 32.5630607603, 0.480370214804, 0.0
0.276529646309, 0.870173755243, 2.02214214858, 0.658669680886, 8.45656296385, 33.1757998046, 0.527442807926, 0.0913272096354, 12.7967448101, 32.5630607603, 0.480370214804, 0.0
0.126506015207, 0.866156523347, 2.02214214858, 0.658532103132, 16.142114389, 39.9712346872, 0.14473530403, 0.0913258453762, 5.08515152642, 46.1619379703, 0.491628948188, 0.0
0.148125158539, 0.870173035057, 2.02214214858, 0.636529583413, 16.142114389, 33.1947719166, 0.510921562164, 0.091016119484, 12.7967448101, 79.4861887514, 0.202111682978, 0.3
0.148177042726, 0.870173755243, 2.02214214858, 0.658669680886, 7.78519186875, 33.1757998046, 0.250001165436, 0.361099774532, 15.3888175774, 35.3164681046, 0.312619309059, 0.0
0.148177042726, 0.870173755243, 2.02214214858, 0.658669680886, 16.142114389, 33.1757998046, 0.250001165436, 0.358925717817, 12.7967448101, 40.7746152129, 0.318883760514, 0.0
0.148177042726, 0.870173755243, 2.02214214858, 0.658669680886, 16.142114389, 33.1757998046, 0.250001165436, 0.358925717817, 12.7967448101, 40.7746152129, 0.318883760514, 0.0
0.148177042726, 0.870173755243, 2.02214214858, 0.658669680886, 16.142114389, 33.1757998046, 0.250001165436, 0.358925717817, 12.7967448101, 40.7746152129, 0.318883760514, 0.0
0.148177042726, 0.870173755243, 2.02214214858, 0.658669680886, 16.142114389, 33.1757998046, 0.250001165436, 0.358925717817, 12.7967448101, 40.7746152129, 0.318883760514, 0.0
0.148177042726, 0.870173755243, 2.02214214858, 0.658669680886, 16.142114389, 33.1757998046, 0.250001165436, 0.358925717817, 12.7967448101, 40.7746152129, 0.318883760514, 0.0
0.148177042726, 0.870173755243, 2.02214214858, 0.658669680886, 16.142114389, 33.1757998046, 0.250001165436, 0.358925717817, 12.7967448101, 40.7746152129, 0.318883760514, 0.0
0.148177042726, 0.870173755243, 2.02214214858, 0.658669680886, 16.142114389, 33.1757998046, 0.250001165436, 0.358925717817, 12.7967448101, 40.7746152129, 0.318883760514, 0.0
0.148177042726, 0.870173755243, 2.02214214858, 0.658669680886, 16.142114389, 33.1757998046, 0.250001165436, 0.358925717817, 12.7967448101, 40.7746152129, 0.318883760514, 0.0
0.148177042726, 0.870173755243, 2.02214214858, 0.658669680886, 16.142114389, 33.1757998046, 0.250001165436, 0.358925717817, 12.7967448101, 40.7746152129, 0.318883760514, 0.0
0.272040392003, 0.870173037966, 2.02214214858, 0.635863759155, 8.45656296385, 33.1758285426, 0.527442807926, 0.0913272096354, 12.7967448101, 45.4466835853, 0.348152419928, 0.0
0.14813916558, 0.870173755243, 2.02214214858, 0.658669680886, 16.3965899151, 33.1757998046, 0.290533049248, 0.0942715699978, 12.7967448101, 31.855168135, 0.380096727349, 0.0
0.14813916558, 0.870173755243, 2.02214214858, 0.658669680886, 16.3965899151, 33.1757998046, 0.290533049248, 0.0942715699978, 12.7967448101, 31.855168135, 0.380096727349, 0.0
0.14813916558, 0.870173755243, 2.02214214858, 0.658669680886, 16.3965899151, 33.1757998046, 0.290533049248, 0.0942715699978, 12.7967448101, 31.855168135, 0.380096727349, 0.0
0.14813916558, 0.870173755243, 2.02214214858, 0.658669680886, 16.3965899151, 33.1757998046, 0.290533049248, 0.0942715699978, 12.7967448101, 31.855168135, 0.380096727349, 0.0
0.14813916558, 0.870173755243, 2.02214214858, 0.658669680886, 16.3965899151, 33.1757998046, 0.290533049248, 0.0942715699978, 12.7967448101, 31.855168135, 0.380096727349, 0.0
0.14813916558, 0.870173755243, 2.02214214858, 0.658669680886, 16.3965899151, 33.1757998046, 0.290533049248, 0.0942715699978, 12.7967448101, 31.855168135, 0.380096727349, 0.0
0.14813916558, 0.870173755243, 2.02214214858, 0.658669680886, 16.3965899151, 33.1757998046, 0.290533049248, 0.0942715699978, 12.7967448101, 31.855168135, 0.380096727349, 0.0
0.14813916558, 0.870173755243, 2.02214214858, 0.658669680886, 16.3965899151, 33.1757998046, 0.290533049248, 0.0942715699978, 12.7967448101, 31.855168135, 0.380096727349, 0.0
0.14813916558, 0.870173755243, 2.02214214858, 0.658669680886, 16.3965899151, 33.1757998046, 0.290533049248, 0.0942715699978, 12.7967448101, 31.855168135, 0.380096727349, 0.0
0.14813916558, 0.870173755243, 2.02214214858, 0.658669680886, 16.3965899151, 33.1757998046, 0.290533049248, 0.0942715699978, 12.7967448101, 31.855168135, 0.380096727349, 0.0
0.14813916558, 0.870173755243, 2.02214214858, 0.658669680886, 16.3965899151, 33.1757998046, 0.290533049248, 0.0942715699978, 12.7967448101, 31.855168135, 0.380096727349, 0.0
0.14813916558, 0.870173755243, 2.02214214858, 0.658669680886, 16.3965899151, 33.1757998046, 0.290533049248, 0.0942715699978, 12.7967448101, 31.855168135, 0.380096727349, 0.0
0.14813916558, 0.870173755243, 2.02214214858, 0.658669680886, 16.3965899151, 33.1757998046, 0.290533049248, 0.0942715699978, 12.7967448101, 31.855168135, 0.380096727349, 0.0
0.160234159679, 0.870173755243, 2.02214214858, 0.658669680886, 8.45656296385, 33.1757998046, 0.321756333663, 0.0913272096354, 12.7967448101, 38.2262017621, 0.236495391437, 0.0
0.160234159679, 0.870173755243, 2.02214214858, 0.658669680886, 8.45656296385, 33.1757998046, 0.321756333663, 0.0913272096354, 12.7967448101, 38.2262017621, 0.236495391437, 0.0
0.160234159679, 0.870173755243, 2.02214214858, 0.658669680886, 8.45656296385, 33.1757998046, 0.321756333663, 0.0913272096354, 12.7967448101, 38.2262017621, 0.236495391437, 0.0
0.14813916558, 0.870173755243, 2.02214214858, 0.658669680886, 16.3965899151, 33.1757998046, 0.728425397294, 0.0942715699978, 12.7967448101, 43.3837051744, 0.286374587516, 0.125
0.14813916558, 0.870173755243, 2.02214214858, 0.658669680886, 16.3965899151, 33.1757998046, 0.728425397294, 0.0942715699978, 12.7967448101, 43.3837051744, 0.286374587516, 0.125
0.14813916558, 0.870173755243, 2.02214214858, 0.658669680886, 16.3965899151, 33.1757998046, 0.728425397294, 0.0942715699978, 12.7967448101, 43.3837051744, 0.286374587516, 0.125
0.14813916558, 0.870173755243, 2.02214214858, 0.658669680886, 16.3965899151, 33.1757998046, 0.728425397294, 0.0942715699978, 12.7967448101, 43.3837051744, 0.286374587516, 0.125
0.14813916558, 0.870173755243, 2.02214214858, 0.658669680886, 16.3965899151, 33.1757998046, 0.728425397294, 0.0942715699978, 12.7967448101, 43.3837051744, 0.286374587516, 0.125
0.14813916558, 0.870173755243, 2.02214214858, 0.658669680886, 16.3965899151, 33.1757998046, 0.728425397294, 0.0942715699978, 12.7967448101, 43.3837051744, 0.286374587516, 0.125
0.14813916558, 0.870173755243, 2.02214214858, 0.658669680886, 16.3965899151, 33.1757998046, 0.728425397294, 0.0942715699978, 12.7967448101, 43.3837051744, 0.286374587516, 0.125
0.14813916558, 0.870173755243, 2.02214214858, 0.658669680886, 16.3965899151, 33.1757998046, 0.728425397294, 0.0942715699978, 12.7967448101, 43.3837051744, 0.286374587516, 0.125
