1.0, -1.0, 1.0, 3.0, 0.0, -1.0, 2.0, 0.0, 2.0, 2.0, -1.0, 0.0, 3.0, 0.0, 3.0, 3.0, 1.0, 3.0, 2.0, 0.0, 3.0, -1.0, -1.0, -1.0, 1.0, 0.0, 1.0, -1.0, 1.0, 0.0, 0.0, 2.0, 2.0, 2.0, 0.0, 2.0, 3.0, -1.0, 2.0, 2.0, -1.0, -1.0, 1.0, 0.0, 3.0, 3.0, 1.0, 2.0, 0.0, -1.0, 94898.0, 563, 99551.0
-1.0, 2.0, -1.0, 3.0, 1.0, 0.0, -1.0, 3.0, -1.0, 0.0, 0.0, 2.0, 0.0, 1.0, -1.0, 0.0, -1.0, 3.0, -1.0, 2.0, 2.0, 3.0, -1.0, 1.0, 2.0, 2.0, 1.0, 0.0, 1.0, 2.0, 0.0, 1.0, -1.0, 3.0, 3.0, -1.0, 1.0, -1.0, 1.0, 2.0, 1.0, 3.0, 3.0, 1.0, 0.0, 1.0, -1.0, -1.0, 3.0, 1.0, 95386.0, 536, 99573.0
0.0, 0.0, 2.0, -1.0, 1.0, -1.0, 2.0, -1.0, -1.0, -1.0, 1.0, 0.0, 0.0, 1.0, -1.0, 3.0, 2.0, 3.0, 3.0, 2.0, 1.0, 3.0, 2.0, 2.0, 1.0, 0.0, 1.0, 3.0, 3.0, 0.0, 2.0, 1.0, 0.0, -1.0, 0.0, 3.0, 1.0, -1.0, -1.0, 1.0, 3.0, 2.0, 1.0, -1.0, -1.0, 0.0, -1.0, 2.0, 1.0, 2.0, 94914.0, 564, 99554.0
2.0, 3.0, -0.960187373919, 3.0, 2.02348556835, 2.0, 1.0, -0.964872274889, -1.0, 2.0100979751, 3.0, -0.0220140544991, 1.0, 1.0, 1.0, -1.0, 1.00117812622, -0.0391252663185, 0.0, 0.0, 1.00791032739, 3.0, 2.90712850453, -0.972943502261, 0.0, 1.0, -1.0, 1.0, -0.9981662776, -0.982099801972, 2.0, 2.0, -1.0, 0.967975347254, 1.0, -1.0, -0.0506790190005, -0.167236366022, 2.0, 1.95601804452, 0.0, -1.0, -0.997965847349, -1.0, 0.0, 1.0, 3.0, -1.0, 2.0, 0.0, 94961.0, 519, 99581.0
2.0, 3.0, -0.960187373919, 3.0, 2.02348556835, 2.0, 1.0, -0.964872274889, -1.0, 2.0100979751, 3.0, -0.0220140544991, 1.0, 1.0, 1.0, -1.0, 1.00117812622, -0.0391252663185, 0.0, 0.0, 1.00791032739, 3.0, 2.90712850453, -0.972943502261, 0.0, 1.0, -1.0, 1.0, -0.9981662776, -0.982099801972, 2.0, 2.0, -1.0, 0.967975347254, 1.0, -1.0, -0.0506790190005, -0.167236366022, 2.0, 1.95601804452, 0.0, -1.0, -0.997965847349, -1.0, 0.0, 1.0, 3.0, -1.0, 2.0, 0.0, 94961.0, 519, 99581.0
2.0, 0.969325744841, 0.980191521689, 0.0, 3.0, 3.0, 3.0, 3.0, 2.0, 2.0, -0.00134439377257, 0.0355872680303, 1.0, -0.986339061649, 1.86379742864, -0.993784083282, 0.980104369332, -1.0, -0.957769876385, 1.0, 2.0, -0.987630642345, 3.0, 1.96623398974, -1.0, -0.966452183039, -0.98874022534, -1.0, 2.0, 0.0, -0.994382175898, 1.02405160696, 0.990258317639, 1.0, 2.0, 0.0, 2.99968837372, 0.0, 0.0, 0.020136065502, 0.0, 3.0, 1.01986759453, 2.0, 1.97735678685, 3.0, 2.0001445312, 0.0, 0.0, 1.02941439401, 94445.0, 582, 99526.0
2.0, 1.0, 1.01672578421, 2.99674160373, 1.98789656712, 1.0, 3.0, 0.0, 2.90804848794, 0.0, 2.0664479661, 2.00870188472, 2.97554882975, 1.00694756893, 0.0158525282647, 1.12102131342, -0.0190558622016, 0.0, 2.0, 2.0069993747, -0.958983282998, 0.0386747177639, 2.70946812702, 0.00540959680961, 2.9016735533, 2.82107284315, -0.952162632259, 1.89551853642, 3.0, -1.0, 0.0443716668338, -1.0, -1.0, 0.881433675302, 2.01300659415, 2.0, -0.0436990189462, 1.0, 2.99958274752, -0.978848650906, 1.12401930865, -0.954306603333, 1.0, 2.06259259427, -1.0, 0.0, 1.00914821796, -2.49292658634e-05, -0.955081009985, 1.0, 94354.0, 602, 99519.0
2.0, 1.0, 1.01672578421, 2.99674160373, 1.98753007906, 1.0, 3.0, 0.0, -0.942668079373, 0.0, 2.0664479661, 2.00870188472, 2.97554882975, 0.999928325981, -0.00672449302166, 1.12102131342, -0.0190558622016, 0.0, 2.0, 2.0069993747, 2.83501562496, 0.0387469443698, 2.70946812702, 0.00540959680961, 2.9016735533, 2.82107284315, -0.952162632259, 2.00037376232, 3.0, -1.0, 0.0443716668338, -1.0, -1.0, 1.00013854451, 2.01300659415, 2.0, -0.0430209972395, 1.0, 2.99975277024, -0.999861433382, 1.12401930865, -0.954306603333, 1.0, 2.06259259427, -1.0, 0.0, 1.00914821796, -0.100989791113, -0.999786236022, 1.0, 94328.0, 610, 99515.0
2.0, 0.950334483947, 1.01672578421, 2.99674160373, 1.98753007906, 1.0, 3.0, 0.0, 2.93099357951, 0.0, 2.0664479661, 2.00870188472, 2.97554882975, 0.999722833895, -0.0984114897479, 1.12102131342, -0.0190558622016, 0.0, 2.0, 2.0069993747, 2.83501562496, 0.0387466564608, 2.70946812702, 0.00540959680961, 2.9016735533, 2.82107284315, -0.952162632259, 1.89683381791, 3.0, -1.0, 0.0443716668338, -1.0, -0.988822598213, 1.00013854451, 2.01300659415, 2.0, -0.0430209972395, 1.0, 2.99975277024, -0.999861433382, 1.12401930865, -0.954306603333, 0.999950333973, 2.06259259427, -1.0, 0.0, 1.00914821796, 0.0981378860874, -0.999786236022, 1.0, 94305.0, 620, 99510.0
2.0, 0.950334483947, 1.01672578421, 2.99674160373, 1.98753007906, 1.0, 3.0, 0.0, 2.93099357951, 0.0, 2.0664479661, 2.00870188472, 2.97554882975, 0.999927950229, -0.0984114897479, 1.12102131342, -0.0190558622016, 0.0, 2.0, 2.0069993747, 2.83501562496, 0.0387466564608, 2.70946812702, 0.00540959680961, 2.9016735533, 2.21244318302, -0.952162632259, 2.00544498222, 3.0, -1.0, 0.0443716668338, -1.0, -0.999856154065, 1.00013854451, 2.01300659415, 2.0, -0.0430209972395, 1.0, 2.99975277024, -0.999861433382, 1.12401930865, -0.954306603333, 0.999950333973, 2.06259259427, -1.0, 0.0, 1.00914821796, -0.108425598241, -0.999786236022, 1.0, 94277.0, 620, 99510.0
2.0, 0.998687165581, 1.01672578421, 2.96962187301, 1.98789656712, 1.0, 3.0, -0.0320397467532, 2.93099513111, -0.0516971273567, 2.0664479661, 2.02582773873, 2.97076563749, -0.963028024522, 0.0158525282647, 1.12102131342, -0.0190558622016, 0.0, 2.27976141185, 1.01606877162, -0.958983282998, -0.995231949239, 2.71403354313, 0.00540959680961, 2.9016735533, 2.85816483213, -0.952162632259, 1.89682871927, 2.9835086955, -0.993703640105, 0.0443716668338, 1.02268780832, -1.0, 0.881433675302, 2.00013730027, 2.0, -0.0436928237658, 1.0, -0.131052772744, -0.999665370027, 1.12728952681, 2.96654288226, 0.99999760042, 2.07320049913, -0.968477794764, 0.0, 2.08312461465, -2.49292658634e-05, -0.992931582859, 1.0282943466, 94335.0, 605, 99521.0
2.0, 0.998687165581, 1.01672578421, 2.99674160373, 1.98789656712, 1.0, 3.0, 0.0, -0.923542125549, 0.0, 2.0664479661, 2.00870188472, 2.97554882975, 0.999997034898, 0.0158525282647, 1.12102131342, -0.0190558622016, 0.0, 2.0, 2.0069993747, -0.926229362762, 0.0387482316915, 2.70946812702, 0.00540959680961, 2.9016735533, 2.82107284315, -0.952162632259, 1.89682871927, 3.0, -0.959739765822, 0.0443716668338, -1.0, -1.0, 0.879139945385, 2.01300659415, 2.0, -0.0436826511657, 1.0, 2.99958274752, -0.999665370027, 1.12401930865, -0.954306603333, 0.99999760042, 2.06259259427, -1.0, 0.0, 1.00914821796, -2.49292658634e-05, -0.999070929618, 1.0, 94377.0, 592, 99524.0
2.0, 0.998687165581, 1.01672578421, 2.96962187301, 1.98789656712, 1.0, 3.0, -0.0320397467532, 2.93099513111, -0.0516971273567, 2.0664479661, 2.00880048626, 2.97076563749, -0.963028024522, -0.0977565744457, 1.12102131342, -0.0190558622016, 0.0, 1.83368567142, 1.01606877162, -0.958983282998, 0.326647010543, 2.71403354313, 0.00540959680961, 2.9016735533, 2.82668061544, -0.952162632259, 2.00420531526, 2.99961492651, -0.999979143996, 0.0443716668338, 1.02268780832, -1.0, 0.881433675302, 2.00013730027, 2.0, -0.0436928237658, 1.00028941603, 2.9501156507, -0.999862700452, 1.12394652144, 2.96654288226, 0.999950908049, 2.07320049913, -0.968051786472, 0.0, 2.08312461465, -0.107437244694, -0.992931582859, 1.0282943466, 94259.0, 621, 99510.0
2.0, 0.998687165581, 1.01672578421, 2.96962187301, 1.98789656712, 1.0, 3.0, -0.0320397467532, 2.93099513111, -0.0516971273567, 2.0664479661, 2.00880048626, 2.97076563749, -0.963028024522, -0.0977565744457, 1.12102131342, -0.0190558622016, 0.0, 1.83368567142, 1.01606877162, -0.958983282998, 0.326647010543, 2.71403354313, 0.00540959680961, 2.9016735533, 2.82668061544, -0.952162632259, 2.00420531526, 2.99961492651, -0.999979143996, 0.0443716668338, 1.02268780832, -1.0, 0.881433675302, 2.00013730027, 2.0, -0.0436928237658, 1.00028941603, 2.9501156507, -0.999862700452, 1.12394652144, 2.96654288226, 0.999950908049, 2.07320049913, -0.968051786472, 0.0, 2.08312461465, -0.107437244694, -0.992931582859, 1.0282943466, 94259.0, 621, 99510.0
2.0, 0.998687165581, 1.01672578421, 2.96962187301, 1.98789656712, 1.0, 3.0, -0.0320397467532, 2.93099513111, -0.0516971273567, 2.0664479661, 2.00880048626, 2.97076563749, -0.963028024522, -0.0977565744457, 1.12102131342, -0.0190558622016, 0.0, 1.83368567142, 1.01606877162, -0.958983282998, 0.326647010543, 2.71403354313, 0.00540959680961, 2.9016735533, 2.82668061544, -0.952162632259, 2.00420531526, 2.99961492651, -0.999979143996, 0.0443716668338, 1.02268780832, -1.0, 0.881433675302, 2.00013730027, 2.0, -0.0436928237658, 1.00028941603, 2.9501156507, -0.999862700452, 1.12394652144, 2.96654288226, 0.999950908049, 2.07320049913, -0.968051786472, 0.0, 2.08312461465, -0.107437244694, -0.992931582859, 1.0282943466, 94259.0, 621, 99510.0
2.0, 0.998687165581, 1.01672578421, 2.96962187301, 1.98789656712, 1.0, 3.0, -0.0320397467532, 2.93099513111, -0.0516971273567, 2.0664479661, 2.00880048626, 2.97076563749, -0.971976622257, -0.0977565744457, 1.12102131342, -0.0190558622016, 0.0, 1.83368567142, 1.01606877162, -0.958983282998, 0.326647010543, 2.71403354313, -0.310169749399, 2.9016735533, 2.82668061544, -0.952162632259, 1.98701449945, 2.99961492651, -0.999979143996, 0.0443716668338, 1.02268780832, -1.0, 0.881433675302, 2.00013730027, 2.0, -0.0436928237658, 1.00028941603, 2.9501156507, -0.999862700452, 1.12394652144, 2.96654288226, 0.999950908049, 2.07320049913, -0.968051786472, 0.0, 2.08312461465, -0.107437244694, -0.992931582859, 1.0282943466, 94259.0, 621, 99510.0
2.0, 0.998687165581, 1.01672578421, 2.96962187301, 1.98789656712, 1.0, 3.0, -0.0320397467532, 2.93099513111, -0.0516971273567, 2.0664479661, 2.00880048626, 2.97076563749, -0.963028024522, -0.0977565744457, 1.12102131342, -0.0190558622016, 0.0, 1.83368567142, 1.01606877162, -0.961746539644, 0.326647010543, 2.71403354313, 0.00540959680961, 2.9016735533, 2.82668061544, -0.952162632259, 2.00420531526, 2.99961492651, -0.999979143996, 0.0443716668338, 1.02268780832, -1.0, 0.881433675302, 2.00013730027, 2.0, -0.0246402106661, 1.00028941603, 2.9501156507, -0.999862700452, 1.12394652144, 2.96654288226, 0.999950908049, 2.07320049913, -0.968051786472, 0.0, 2.08312461465, -0.107437244694, -0.992931582859, 1.0282943466, 94259.0, 621, 99510.0
1.97660743781, 1.0, 0.0, 3.0, -1.0, 1.00701299823, 3.0, 0.0, 1.0, -0.0146795645659, -0.961860012722, 0.987506553467, 2.99709890579, 0.0, -0.0975452037162, 1.06164517239, 3.0, 2.0, 1.87987315188, 1.0, 2.91567398365, 3.0, 0.0, 0.0177270478629, 2.0, 1.0, 1.0, 2.0, 3.0, -0.999977443741, -1.0, 0.999572219031, -0.988273942567, 0.0, 3.0, 0.00787528227084, 1.0, 2.0, -0.161013889865, 0.0, 1.1202818836, 1.99344794886, 1.99578647315, 1.99997622393, 3.0, 2.0, 1.0, -0.990295322186, 2.98807860225, 3.0, 93983.0, 633, 99481.0
1.97660743781, 1.0, 0.0, 3.0, -1.0, 1.00701299823, 3.0, 0.0, 1.0, -0.0146795645659, -0.961860012722, 0.987506553467, 2.99709890579, 0.0, -0.0975452037162, 1.06164517239, 3.0, 2.0, 1.87987315188, 1.0, 2.91567398365, 3.0, 0.0, 0.0177270478629, 2.0, 1.0, 1.0, 2.0, 3.0, -0.999977443741, -1.0, 0.999572219031, -0.988273942567, 0.0, 3.0, 0.00787528227084, 1.0, 2.0, -0.161013889865, 0.0, 1.1202818836, 1.99344794886, 1.99578647315, 1.99997622393, 3.0, 2.0, 1.0, -0.990295322186, 2.98807860225, 3.0, 93983.0, 633, 99481.0
1.97660743781, 1.0, 0.0, 3.0, -1.0, 1.00701299823, 3.0, 0.0, 1.0, -0.0146795645659, -0.961860012722, 0.987506553467, 2.99709890579, 0.0, -0.0975452037162, 1.06164517239, 3.0, 2.0, 1.87987315188, 1.0, 2.91567398365, 3.0, 0.0, 0.0177270478629, 2.0, 1.0, 1.0, 2.0, 3.0, -0.999977443741, -1.0, 0.999572219031, -0.988273942567, 0.0, 3.0, 0.00787528227084, 1.0, 2.0, -0.161013889865, 0.0, 1.1202818836, 1.99344794886, 1.99578647315, 1.99997622393, 3.0, 2.0, 1.0, -0.990295322186, 2.98807860225, 3.0, 93983.0, 633, 99481.0
1.97660743781, 1.0, 0.0, 3.0, -1.0, 1.00701299823, 3.0, 0.0, 1.0, -0.0146795645659, -0.961860012722, 0.987506553467, 2.99709890579, 0.0, -0.0975452037162, 1.06164517239, 3.0, 2.0, 1.87987315188, 1.0, 2.91567398365, 3.0, 0.0, 0.0177270478629, 2.0, 1.0, 1.0, 2.0, 3.0, -0.999977443741, -1.0, 0.999572219031, -0.988273942567, 0.0, 3.0, 0.00787528227084, 1.0, 2.0, -0.161013889865, 0.0, 1.1202818836, 1.99344794886, 1.99578647315, 1.99997622393, 3.0, 2.0, 1.0, -0.990295322186, 2.98807860225, 3.0, 93983.0, 633, 99481.0
1.97660743781, 1.0, 0.0, 3.0, -1.0, 1.00701299823, 3.0, 0.0, 1.0, -0.0146795645659, -0.961860012722, 0.987506553467, 2.99709890579, 0.0, -0.0975452037162, 1.06164517239, 3.0, 2.0, 1.87987315188, 1.0, 2.91567398365, 3.0, 0.0, 0.0177270478629, 2.0, 1.0, 1.0, 2.0, 3.0, -0.999977443741, -1.0, 0.999572219031, -0.988273942567, 0.0, 3.0, 0.00787528227084, 1.0, 2.0, -0.161013889865, 0.0, 1.1202818836, 1.99344794886, 1.99578647315, 1.99997622393, 3.0, 2.0, 1.0, -0.990295322186, 2.98807860225, 3.0, 93983.0, 633, 99481.0
1.97660743781, 1.0, 0.0, 3.0, -1.0, 1.00701299823, 3.0, 0.0, 1.0, -0.0146795645659, -0.961860012722, 0.987506553467, 2.99709890579, 0.0, -0.0975452037162, 1.06164517239, 3.0, 2.0, 1.87987315188, 1.0, 2.91567398365, 3.0, 0.0, 0.0177270478629, 2.0, 1.0, 1.0, 2.0, 3.0, -0.999977443741, -1.0, 0.999572219031, -0.988273942567, 0.0, 3.0, 0.00787528227084, 1.0, 2.0, -0.161013889865, 0.0, 1.1202818836, 1.99344794886, 1.99578647315, 1.99997622393, 3.0, 2.0, 1.0, -0.990295322186, 2.98807860225, 3.0, 93983.0, 633, 99481.0
1.97660743781, 1.0, 0.0, 3.0, -1.0, 1.00701299823, 3.0, 0.0, 1.0, -0.0146795645659, -0.961860012722, 0.987506553467, 2.99709890579, 0.0, -0.0975452037162, 1.06164517239, 3.0, 2.0, 1.87987315188, 1.0, 2.91567398365, 3.0, 0.0, 0.0177270478629, 2.0, 1.0, 1.0, 2.0, 3.0, -0.999977443741, -1.0, 0.999572219031, -0.988273942567, 0.0, 3.0, 0.00787528227084, 1.0, 2.0, -0.161013889865, 0.0, 1.1202818836, 1.99344794886, 1.99578647315, 1.99997622393, 3.0, 2.0, 1.0, -0.990295322186, 2.98807860225, 3.0, 93983.0, 633, 99481.0
1.97660743781, 1.0, 0.0, 3.0, -1.0, 1.00701299823, 3.0, 0.0, 1.0, -0.0146795645659, -0.961860012722, 0.987506553467, 2.99709890579, 0.0, -0.0975452037162, 1.06164517239, 3.0, 2.0, 1.87987315188, 1.0, 2.91567398365, 3.0, 0.0, 0.0177270478629, 2.0, 1.0, 1.0, 2.0, 3.0, -0.999977443741, -1.0, 0.999572219031, -0.988273942567, 0.0, 3.0, 0.00787528227084, 1.0, 2.0, -0.161013889865, 0.0, 1.1202818836, 1.99344794886, 1.99578647315, 1.99997622393, 3.0, 2.0, 1.0, -0.990295322186, 2.98807860225, 3.0, 93983.0, 633, 99481.0
1.97660743781, 1.0, 0.0, 3.0, -1.0, 1.00701299823, 3.0, 0.0, 1.0, -0.0146795645659, -0.961860012722, 0.987506553467, 2.99709890579, 0.0, -0.0975452037162, 1.06164517239, 3.0, 2.0, 1.87987315188, 1.0, 2.91567398365, 3.0, 0.0, 0.0177270478629, 2.0, 1.0, 1.0, 2.0, 3.0, -0.999977443741, -1.0, 0.999572219031, -0.988273942567, 0.0, 3.0, 0.00787528227084, 1.0, 2.0, -0.161013889865, 0.0, 1.1202818836, 1.99344794886, 1.99578647315, 1.99997622393, 3.0, 2.0, 1.0, -0.990295322186, 2.98807860225, 3.0, 93983.0, 633, 99481.0
1.97660743781, 1.0, 0.0, 3.0, -1.0, 1.00701299823, 3.0, 0.0, 1.0, -0.0146795645659, -0.961860012722, 0.987506553467, 2.99709890579, 0.0, -0.0975452037162, 1.06164517239, 3.0, 2.0, 1.87987315188, 1.0, 2.91567398365, 3.0, 0.0, 0.0177270478629, 2.0, 1.0, 1.0, 2.0, 3.0, -0.999977443741, -1.0, 0.999572219031, -0.988273942567, 0.0, 3.0, 0.00787528227084, 1.0, 2.0, -0.161013889865, 0.0, 1.1202818836, 1.99344794886, 1.99578647315, 1.99997622393, 3.0, 2.0, 1.0, -0.990295322186, 2.98807860225, 3.0, 93983.0, 633, 99481.0
1.97660743781, 1.0, 0.0, 3.0, -1.0, 1.00701299823, 3.0, 0.0, 1.0, -0.0146795645659, -0.961860012722, 0.987506553467, 2.99709890579, 0.0, -0.0975452037162, 1.06164517239, 3.0, 2.0, 1.87987315188, 1.0, 2.91567398365, 3.0, 0.0, 0.0177270478629, 2.0, 1.0, 1.0, 2.0, 3.0, -0.999977443741, -1.0, 0.999572219031, -0.988273942567, 0.0, 3.0, 0.00787528227084, 1.0, 2.0, -0.161013889865, 0.0, 1.1202818836, 1.99344794886, 1.99578647315, 1.99997622393, 3.0, 2.0, 1.0, -0.990295322186, 2.98807860225, 3.0, 93983.0, 633, 99481.0
1.97660743781, 1.0, 0.0, 3.0, -1.0, 1.00701299823, 3.0, 0.0, 1.0, -0.0146795645659, -0.961860012722, 0.987506553467, 2.99709890579, 0.0, -0.0975452037162, 1.06164517239, 3.0, 2.0, 1.87987315188, 1.0, 2.91567398365, 3.0, 0.0, 0.0177270478629, 2.0, 1.0, 1.0, 2.0, 3.0, -0.999977443741, -1.0, 0.999572219031, -0.988273942567, 0.0, 3.0, 0.00787528227084, 1.0, 2.0, -0.161013889865, 0.0, 1.1202818836, 1.99344794886, 1.99578647315, 1.99997622393, 3.0, 2.0, 1.0, -0.990295322186, 2.98807860225, 3.0, 93983.0, 633, 99481.0
1.97660743781, 1.0, 0.0, 3.0, -1.0, 1.00701299823, 3.0, 0.0, 1.0, -0.0146795645659, -0.961860012722, 0.987506553467, 2.99709890579, 0.0, -0.0975452037162, 1.06164517239, 3.0, 2.0, 1.87987315188, 1.0, 2.91567398365, 3.0, 0.0, 0.0177270478629, 2.0, 1.0, 1.0, 2.0, 3.0, -0.999977443741, -1.0, 0.999572219031, -0.988273942567, 0.0, 3.0, 0.00787528227084, 1.0, 2.0, -0.161013889865, 0.0, 1.1202818836, 1.99344794886, 1.99578647315, 1.99997622393, 3.0, 2.0, 1.0, -0.990295322186, 2.98807860225, 3.0, 93983.0, 633, 99481.0
1.97660743781, 1.0, 0.0, 3.0, -1.0, 1.00701299823, 3.0, 0.0, 1.0, -0.0146795645659, -0.961860012722, 0.987506553467, 2.99709890579, 0.0, -0.0975452037162, 1.06164517239, 3.0, 2.0, 1.87987315188, 1.0, 2.91567398365, 3.0, 0.0, 0.0177270478629, 2.0, 1.0, 1.0, 2.0, 3.0, -0.999977443741, -1.0, 0.999572219031, -0.988273942567, 0.0, 3.0, 0.00787528227084, 1.0, 2.0, -0.161013889865, 0.0, 1.1202818836, 1.99344794886, 1.99578647315, 1.99997622393, 3.0, 2.0, 1.0, -0.990295322186, 2.98807860225, 3.0, 93983.0, 633, 99481.0
1.97660743781, 1.0, 0.0, 3.0, -1.0, 1.00701299823, 3.0, 0.0, 1.0, -0.0146795645659, -0.961860012722, 0.987506553467, 2.99709890579, 0.0, -0.0975452037162, 1.06164517239, 3.0, 2.0, 1.87987315188, 1.0, 2.91567398365, 3.0, 0.0, 0.0177270478629, 2.0, 1.0, 1.0, 2.0, 3.0, -0.999977443741, -1.0, 0.999572219031, -0.988273942567, 0.0, 3.0, 0.00787528227084, 1.0, 2.0, -0.161013889865, 0.0, 1.1202818836, 1.99344794886, 1.99578647315, 1.99997622393, 3.0, 2.0, 1.0, -0.990295322186, 2.98807860225, 3.0, 93983.0, 633, 99481.0
1.97660743781, 1.0, 0.0, 3.0, -1.0, 1.00701299823, 3.0, 0.0, 1.0, -0.0146795645659, -0.961860012722, 0.987506553467, 2.99709890579, 0.0, -0.0975452037162, 1.06164517239, 3.0, 2.0, 1.87987315188, 1.0, 2.91567398365, 3.0, 0.0, 0.0177270478629, 2.0, 1.0, 1.0, 2.0, 3.0, -0.999977443741, -1.0, 0.999572219031, -0.988273942567, 0.0, 3.0, 0.00787528227084, 1.0, 2.0, -0.161013889865, 0.0, 1.1202818836, 1.99344794886, 1.99578647315, 1.99997622393, 3.0, 2.0, 1.0, -0.990295322186, 2.98807860225, 3.0, 93983.0, 633, 99481.0
1.97660743781, 1.0, 0.0, 3.0, -1.0, 1.00701299823, 3.0, 0.0, 1.0, -0.0146795645659, -0.961860012722, 0.987506553467, 2.99709890579, 0.0, -0.0975452037162, 1.06164517239, 3.0, 2.0, 1.87987315188, 1.0, 2.91567398365, 3.0, 0.0, 0.0177270478629, 2.0, 1.0, 1.0, 2.0, 3.0, -0.999977443741, -1.0, 0.999572219031, -0.988273942567, 0.0, 3.0, 0.00787528227084, 1.0, 2.0, -0.161013889865, 0.0, 1.1202818836, 1.99344794886, 1.99578647315, 1.99997622393, 3.0, 2.0, 1.0, -0.990295322186, 2.98807860225, 3.0, 93983.0, 633, 99481.0
1.97660743781, 1.0, 0.0, 3.0, -1.0, 1.00701299823, 3.0, 0.0, 1.0, -0.0146795645659, -0.961860012722, 0.987506553467, 2.99709890579, 0.0, -0.0975452037162, 1.06164517239, 3.0, 2.0, 1.87987315188, 1.0, 2.91567398365, 3.0, 0.0, 0.0177270478629, 2.0, 1.0, 1.0, 2.0, 3.0, -0.999977443741, -1.0, 0.999572219031, -0.988273942567, 0.0, 3.0, 0.00787528227084, 1.0, 2.0, -0.161013889865, 0.0, 1.1202818836, 1.99344794886, 1.99578647315, 1.99997622393, 3.0, 2.0, 1.0, -0.990295322186, 2.98807860225, 3.0, 93983.0, 633, 99481.0
1.97660743781, 1.0, 0.0, 3.0, -1.0, 1.00701299823, 3.0, 0.0, 1.0, -0.0146795645659, -0.961860012722, 0.987506553467, 2.99709890579, 0.0, -0.0975452037162, 1.06164517239, 3.0, 2.0, 1.87987315188, 1.0, 2.91567398365, 3.0, 0.0, 0.0177270478629, 2.0, 1.0, 1.0, 2.0, 3.0, -0.999977443741, -1.0, 0.999572219031, -0.988273942567, 0.0, 3.0, 0.00787528227084, 1.0, 2.0, -0.161013889865, 0.0, 1.1202818836, 1.99344794886, 1.99578647315, 1.99997622393, 3.0, 2.0, 1.0, -0.990295322186, 2.98807860225, 3.0, 93983.0, 633, 99481.0
1.97660743781, 1.0, 0.0, 3.0, -1.0, 1.00701299823, 3.0, 0.0, 1.0, -0.0146795645659, -0.961860012722, 0.987506553467, 2.99709890579, 0.0, -0.0975452037162, 1.06164517239, 3.0, 2.0, 1.87987315188, 1.0, 2.91567398365, 3.0, 0.0, 0.0177270478629, 2.0, 1.0, 1.0, 2.0, 3.0, -0.999977443741, -1.0, 0.999572219031, -0.988273942567, 0.0, 3.0, 0.00787528227084, 1.0, 2.0, -0.161013889865, 0.0, 1.1202818836, 1.99344794886, 1.99578647315, 1.99997622393, 3.0, 2.0, 1.0, -0.990295322186, 2.98807860225, 3.0, 93983.0, 633, 99481.0
1.97660743781, 1.0, 0.0, 3.0, -1.0, 1.00701299823, 3.0, 0.0, 1.0, -0.0146795645659, -0.961860012722, 0.987506553467, 2.99709890579, 0.0, -0.0975452037162, 1.06164517239, 3.0, 2.0, 1.87987315188, 1.0, 2.91567398365, 3.0, 0.0, 0.0177270478629, 2.0, 1.0, 1.0, 2.0, 3.0, -0.999977443741, -1.0, 0.999572219031, -0.988273942567, 0.0, 3.0, 0.00787528227084, 1.0, 2.0, -0.161013889865, 0.0, 1.1202818836, 1.99344794886, 1.99578647315, 1.99997622393, 3.0, 2.0, 1.0, -0.990295322186, 2.98807860225, 3.0, 93983.0, 633, 99481.0
1.97660743781, 1.0, 0.0, 3.0, -1.0, 1.00701299823, 3.0, 0.0, 1.0, -0.0146795645659, -0.961860012722, 0.987506553467, 2.99709890579, 0.0, -0.0975452037162, 1.06164517239, 3.0, 2.0, 1.87987315188, 1.0, 2.91567398365, 3.0, 0.0, 0.0177270478629, 2.0, 1.0, 1.0, 2.0, 3.0, -0.999977443741, -1.0, 0.999572219031, -0.988273942567, 0.0, 3.0, 0.00787528227084, 1.0, 2.0, -0.161013889865, 0.0, 1.1202818836, 1.99344794886, 1.99578647315, 1.99997622393, 3.0, 2.0, 1.0, -0.990295322186, 2.98807860225, 3.0, 93983.0, 633, 99481.0
1.97660743781, 1.0, 0.0, 3.0, -1.0, 1.00701299823, 3.0, 0.0, 1.0, -0.0146795645659, -0.961860012722, 0.987506553467, 2.99709890579, 0.0, -0.0975452037162, 1.06164517239, 3.0, 2.0, 1.87987315188, 1.0, 2.91567398365, 3.0, 0.0, 0.0177270478629, 2.0, 1.0, 1.0, 2.0, 3.0, -0.999977443741, -1.0, 0.999572219031, -0.988273942567, 0.0, 3.0, 0.00787528227084, 1.0, 2.0, -0.161013889865, 0.0, 1.1202818836, 1.99344794886, 1.99578647315, 1.99997622393, 3.0, 2.0, 1.0, -0.990295322186, 2.98807860225, 3.0, 93983.0, 633, 99481.0
1.97660743781, 1.0, 0.0, 3.0, -1.0, 1.00701299823, 3.0, 0.0, 1.0, -0.0146795645659, -0.961860012722, 0.987506553467, 2.99709890579, 0.0, -0.0975452037162, 1.06164517239, 3.0, 2.0, 1.87987315188, 1.0, 2.91567398365, 3.0, 0.0, 0.0177270478629, 2.0, 1.0, 1.0, 2.0, 3.0, -0.999977443741, -1.0, 0.999572219031, -0.988273942567, 0.0, 3.0, 0.00787528227084, 1.0, 2.0, -0.161013889865, 0.0, 1.1202818836, 1.99344794886, 1.99578647315, 1.99997622393, 3.0, 2.0, 1.0, -0.990295322186, 2.98807860225, 3.0, 93983.0, 633, 99481.0
1.97660743781, 1.0, 0.0, 3.0, -1.0, 1.00701299823, 3.0, 0.0, 1.0, -0.0146795645659, -0.961860012722, 0.987506553467, 2.99709890579, 0.0, -0.0975452037162, 1.06164517239, 3.0, 2.0, 1.87987315188, 1.0, 2.91567398365, 3.0, 0.0, 0.0177270478629, 2.0, 1.0, 1.0, 2.0, 3.0, -0.999977443741, -1.0, 0.999572219031, -0.988273942567, 0.0, 3.0, 0.00787528227084, 1.0, 2.0, -0.161013889865, 0.0, 1.1202818836, 1.99344794886, 1.99578647315, 1.99997622393, 3.0, 2.0, 1.0, -0.990295322186, 2.98807860225, 3.0, 93983.0, 633, 99481.0
1.97660743781, 1.0, 0.0, 3.0, -1.0, 1.00701299823, 3.0, 0.0, 1.0, -0.0146795645659, -0.961860012722, 0.987506553467, 2.99709890579, 0.0, -0.0975452037162, 1.06164517239, 3.0, 2.0, 1.87987315188, 1.0, 2.91567398365, 3.0, 0.0, 0.0177270478629, 2.0, 1.0, 1.0, 2.0, 3.0, -0.999977443741, -1.0, 0.999572219031, -0.988273942567, 0.0, 3.0, 0.00787528227084, 1.0, 2.0, -0.161013889865, 0.0, 1.1202818836, 1.99344794886, 1.99578647315, 1.99997622393, 3.0, 2.0, 1.0, -0.990295322186, 2.98807860225, 3.0, 93983.0, 633, 99481.0
1.97660743781, 1.0, 0.0, 3.0, -1.0, 1.00701299823, 3.0, 0.0, 1.0, -0.0146795645659, -0.961860012722, 0.987506553467, 2.99709890579, 0.0, -0.0975452037162, 1.06164517239, 3.0, 2.0, 1.87987315188, 1.0, 2.91567398365, 3.0, 0.0, 0.0177270478629, 2.0, 1.0, 1.0, 2.0, 3.0, -0.999977443741, -1.0, 0.999572219031, -0.988273942567, 0.0, 3.0, 0.00787528227084, 1.0, 2.0, -0.161013889865, 0.0, 1.1202818836, 1.99344794886, 1.99578647315, 1.99997622393, 3.0, 2.0, 1.0, -0.990295322186, 2.98807860225, 3.0, 93983.0, 633, 99481.0
1.97660743781, 1.0, 0.0, 3.0, -1.0, 1.00701299823, 3.0, 0.0, 1.0, -0.0146795645659, -0.961860012722, 0.987506553467, 2.99709890579, 0.0, -0.0975452037162, 1.06164517239, 3.0, 2.0, 1.87987315188, 1.0, 2.91567398365, 3.0, 0.0, 0.0177270478629, 2.0, 1.0, 1.0, 2.0, 3.0, -0.999977443741, -1.0, 0.999572219031, -0.988273942567, 0.0, 3.0, 0.00787528227084, 1.0, 2.0, -0.161013889865, 0.0, 1.1202818836, 1.99344794886, 1.99578647315, 1.99997622393, 3.0, 2.0, 1.0, -0.990295322186, 2.98807860225, 3.0, 93983.0, 633, 99481.0
1.97660743781, 1.0, 0.0, 3.0, -1.0, 1.00701299823, 3.0, 0.0, 1.0, -0.0146795645659, -0.961860012722, 0.987506553467, 2.99709890579, 0.0, -0.0975452037162, 1.06164517239, 3.0, 2.0, 1.87987315188, 1.0, 2.91567398365, 3.0, 0.0, 0.0177270478629, 2.0, 1.0, 1.0, 2.0, 3.0, -0.999977443741, -1.0, 0.999572219031, -0.988273942567, 0.0, 3.0, 0.00787528227084, 1.0, 2.0, -0.161013889865, 0.0, 1.1202818836, 1.99344794886, 1.99578647315, 1.99997622393, 3.0, 2.0, 1.0, -0.990295322186, 2.98807860225, 3.0, 93983.0, 633, 99481.0
1.97660743781, 1.0, 0.0, 3.0, -1.0, 1.00701299823, 3.0, 0.0, 1.0, -0.0146795645659, -0.961860012722, 0.987506553467, 2.99709890579, 0.0, -0.0975452037162, 1.06164517239, 3.0, 2.0, 1.87987315188, 1.0, 2.91567398365, 3.0, 0.0, 0.0177270478629, 2.0, 1.0, 1.0, 2.0, 3.0, -0.999977443741, -1.0, 0.999572219031, -0.988273942567, 0.0, 3.0, 0.00787528227084, 1.0, 2.0, -0.161013889865, 0.0, 1.1202818836, 1.99344794886, 1.99578647315, 1.99997622393, 3.0, 2.0, 1.0, -0.990295322186, 2.98807860225, 3.0, 93983.0, 633, 99481.0
1.97660743781, 1.0, 0.0, 3.0, -1.0, 1.00701299823, 3.0, 0.0, 1.0, -0.0146795645659, -0.961860012722, 0.987506553467, 2.99709890579, 0.0, -0.0975452037162, 1.06164517239, 3.0, 2.0, 1.87987315188, 1.0, 2.91567398365, 3.0, 0.0, 0.0177270478629, 2.0, 1.0, 1.0, 2.0, 3.0, -0.999977443741, -1.0, 0.999572219031, -0.988273942567, 0.0, 3.0, 0.00787528227084, 1.0, 2.0, -0.161013889865, 0.0, 1.1202818836, 1.99344794886, 1.99578647315, 1.99997622393, 3.0, 2.0, 1.0, -0.990295322186, 2.98807860225, 3.0, 93983.0, 633, 99481.0
1.97660743781, 1.0, 0.0, 3.0, -1.0, 1.00701299823, 3.0, 0.0, 1.0, -0.0146795645659, -0.961860012722, 0.987506553467, 2.99709890579, 0.0, -0.0975452037162, 1.06164517239, 3.0, 2.0, 1.87987315188, 1.0, 2.91567398365, 3.0, 0.0, 0.0177270478629, 2.0, 1.0, 1.0, 2.0, 3.0, -0.999977443741, -1.0, 0.999572219031, -0.988273942567, 0.0, 3.0, 0.00787528227084, 1.0, 2.0, -0.161013889865, 0.0, 1.1202818836, 1.99344794886, 1.99578647315, 1.99997622393, 3.0, 2.0, 1.0, -0.990295322186, 2.98807860225, 3.0, 93983.0, 633, 99481.0
1.97660743781, 1.0, 0.0, 3.0, -1.0, 1.00701299823, 3.0, 0.0, 1.0, -0.0146795645659, -0.961860012722, 0.987506553467, 2.99709890579, 0.0, -0.0975452037162, 1.06164517239, 3.0, 2.0, 1.87987315188, 1.0, 2.91567398365, 3.0, 0.0, 0.0177270478629, 2.0, 1.0, 1.0, 2.0, 3.0, -0.999977443741, -1.0, 0.999572219031, -0.988273942567, 0.0, 3.0, 0.00787528227084, 1.0, 2.0, -0.161013889865, 0.0, 1.1202818836, 1.99344794886, 1.99578647315, 1.99997622393, 3.0, 2.0, 1.0, -0.990295322186, 2.98807860225, 3.0, 93983.0, 633, 99481.0
1.97660743781, 1.0, 0.0, 3.0, -1.0, 1.00701299823, 3.0, 0.0, 1.0, -0.0146795645659, -0.961860012722, 0.987506553467, 2.99709890579, 0.0, -0.0975452037162, 1.06164517239, 3.0, 2.0, 1.87987315188, 1.0, 2.91567398365, 3.0, 0.0, 0.0177270478629, 2.0, 1.0, 1.0, 2.0, 3.0, -0.999977443741, -1.0, 0.999572219031, -0.988273942567, 0.0, 3.0, 0.00787528227084, 1.0, 2.0, -0.161013889865, 0.0, 1.1202818836, 1.99344794886, 1.99578647315, 1.99997622393, 3.0, 2.0, 1.0, -0.990295322186, 2.98807860225, 3.0, 93983.0, 633, 99481.0
1.97660743781, 1.0, 0.0, 3.0, -1.0, 1.00701299823, 3.0, 0.0, 1.0, -0.0146795645659, -0.961860012722, 0.987506553467, 2.99709890579, 0.0, -0.0975452037162, 1.06164517239, 3.0, 2.0, 1.87987315188, 1.0, 2.91567398365, 3.0, 0.0, 0.0177270478629, 2.0, 1.0, 1.0, 2.0, 3.0, -0.999977443741, -1.0, 0.999572219031, -0.988273942567, 0.0, 3.0, 0.00787528227084, 1.0, 2.0, -0.161013889865, 0.0, 1.1202818836, 1.99344794886, 1.99578647315, 1.99997622393, 3.0, 2.0, 1.0, -0.990295322186, 2.98807860225, 3.0, 93983.0, 633, 99481.0
1.97660743781, 1.0, 0.0, 3.0, -1.0, 1.00701299823, 3.0, 0.0, 1.0, -0.0146795645659, -0.961860012722, 0.987506553467, 2.99709890579, 0.0, -0.0975452037162, 1.06164517239, 3.0, 2.0, 1.87987315188, 1.0, 2.91567398365, 3.0, 0.0, 0.0177270478629, 2.0, 1.0, 1.0, 2.0, 3.0, -0.999977443741, -1.0, 0.999572219031, -0.988273942567, 0.0, 3.0, 0.00787528227084, 1.0, 2.0, -0.161013889865, 0.0, 1.1202818836, 1.99344794886, 1.99578647315, 1.99997622393, 3.0, 2.0, 1.0, -0.990295322186, 2.98807860225, 3.0, 93983.0, 633, 99481.0
1.97660743781, 1.0, 0.0, 3.0, -1.0, 1.00701299823, 3.0, 0.0, 1.0, -0.0146795645659, -0.961860012722, 0.987506553467, 2.99709890579, 0.0, -0.0975452037162, 1.06164517239, 3.0, 2.0, 1.87987315188, 1.0, 2.91567398365, 3.0, 0.0, 0.0177270478629, 2.0, 1.0, 1.0, 2.0, 3.0, -0.999977443741, -1.0, 0.999572219031, -0.988273942567, 0.0, 3.0, 0.00787528227084, 1.0, 2.0, -0.161013889865, 0.0, 1.1202818836, 1.99344794886, 1.99578647315, 1.99997622393, 3.0, 2.0, 1.0, -0.990295322186, 2.98807860225, 3.0, 93983.0, 633, 99481.0
1.97660743781, 1.0, 0.0, 3.0, -1.0, 1.00701299823, 3.0, 0.0, 1.0, -0.0146795645659, -0.961860012722, 0.987506553467, 2.99709890579, 0.0, -0.0975452037162, 1.06164517239, 3.0, 2.0, 1.87987315188, 1.0, 2.91567398365, 3.0, 0.0, 0.0177270478629, 2.0, 1.0, 1.0, 2.0, 3.0, -0.999977443741, -1.0, 0.999572219031, -0.988273942567, 0.0, 3.0, 0.00787528227084, 1.0, 2.0, -0.161013889865, 0.0, 1.1202818836, 1.99344794886, 1.99578647315, 1.99997622393, 3.0, 2.0, 1.0, -0.990295322186, 2.98807860225, 3.0, 93983.0, 633, 99481.0
1.97660743781, 1.0, 0.0, 3.0, -1.0, 1.00701299823, 3.0, 0.0, 1.0, -0.0146795645659, -0.961860012722, 0.987506553467, 2.99709890579, 0.0, -0.0975452037162, 1.06164517239, 3.0, 2.0, 1.87987315188, 1.0, 2.91567398365, 3.0, 0.0, 0.0177270478629, 2.0, 1.0, 1.0, 2.0, 3.0, -0.999977443741, -1.0, 0.999572219031, -0.988273942567, 0.0, 3.0, 0.00787528227084, 1.0, 2.0, -0.161013889865, 0.0, 1.1202818836, 1.99344794886, 1.99578647315, 1.99997622393, 3.0, 2.0, 1.0, -0.990295322186, 2.98807860225, 3.0, 93983.0, 633, 99481.0
1.97660743781, 1.0, 0.0, 3.0, -1.0, 1.00701299823, 3.0, 0.0, 1.0, -0.0146795645659, -0.961860012722, 0.987506553467, 2.99709890579, 0.0, -0.0975452037162, 1.06164517239, 3.0, 2.0, 1.87987315188, 1.0, 2.91567398365, 3.0, 0.0, 0.0177270478629, 2.0, 1.0, 1.0, 2.0, 3.0, -0.999977443741, -1.0, 0.999572219031, -0.988273942567, 0.0, 3.0, 0.00787528227084, 1.0, 2.0, -0.161013889865, 0.0, 1.1202818836, 1.99344794886, 1.99578647315, 1.99997622393, 3.0, 2.0, 1.0, -0.990295322186, 2.98807860225, 3.0, 93983.0, 633, 99481.0
1.97660743781, 1.0, 0.0, 3.0, -1.0, 1.00701299823, 3.0, 0.0, 1.0, -0.0146795645659, -0.961860012722, 0.987506553467, 2.99709890579, 0.0, -0.0975452037162, 1.06164517239, 3.0, 2.0, 1.87987315188, 1.0, 2.91567398365, 3.0, 0.0, 0.0177270478629, 2.0, 1.0, 1.0, 2.0, 3.0, -0.999977443741, -1.0, 0.999572219031, -0.988273942567, 0.0, 3.0, 0.00787528227084, 1.0, 2.0, -0.161013889865, 0.0, 1.1202818836, 1.99344794886, 1.99578647315, 1.99997622393, 3.0, 2.0, 1.0, -0.990295322186, 2.98807860225, 3.0, 93983.0, 633, 99481.0
1.97660743781, 1.0, 0.0, 3.0, -1.0, 1.00701299823, 3.0, 0.0, 1.0, -0.0146795645659, -0.961860012722, 0.987506553467, 2.99709890579, 0.0, -0.0975452037162, 1.06164517239, 3.0, 2.0, 1.87987315188, 1.0, 2.91567398365, 3.0, 0.0, 0.0177270478629, 2.0, 1.0, 1.0, 2.0, 3.0, -0.999977443741, -1.0, 0.999572219031, -0.988273942567, 0.0, 3.0, 0.00787528227084, 1.0, 2.0, -0.161013889865, 0.0, 1.1202818836, 1.99344794886, 1.99578647315, 1.99997622393, 3.0, 2.0, 1.0, -0.990295322186, 2.98807860225, 3.0, 93983.0, 633, 99481.0
1.97660743781, 1.0, 0.0, 3.0, -1.0, 1.00701299823, 3.0, 0.0, 1.0, -0.0146795645659, -0.961860012722, 0.987506553467, 2.99709890579, 0.0, -0.0975452037162, 1.06164517239, 3.0, 2.0, 1.87987315188, 1.0, 2.91567398365, 3.0, 0.0, 0.0177270478629, 2.0, 1.0, 1.0, 2.0, 3.0, -0.999977443741, -1.0, 0.999572219031, -0.988273942567, 0.0, 3.0, 0.00787528227084, 1.0, 2.0, -0.161013889865, 0.0, 1.1202818836, 1.99344794886, 1.99578647315, 1.99997622393, 3.0, 2.0, 1.0, -0.990295322186, 2.98807860225, 3.0, 93983.0, 633, 99481.0
1.97660743781, 1.0, 0.0, 3.0, -1.0, 1.00701299823, 3.0, 0.0, 1.0, -0.0146795645659, -0.961860012722, 0.987506553467, 2.99709890579, 0.0, -0.0975452037162, 1.06164517239, 3.0, 2.0, 1.87987315188, 1.0, 2.91567398365, 3.0, 0.0, 0.0177270478629, 2.0, 1.0, 1.0, 2.0, 3.0, -0.999977443741, -1.0, 0.999572219031, -0.988273942567, 0.0, 3.0, 0.00787528227084, 1.0, 2.0, -0.161013889865, 0.0, 1.1202818836, 1.99344794886, 1.99578647315, 1.99997622393, 3.0, 2.0, 1.0, -0.990295322186, 2.98807860225, 3.0, 93983.0, 633, 99481.0
1.97660743781, 1.0, 0.0262580956729, 3.0, -1.0, 1.00701299823, 3.0, 0.0, 1.0, -0.0146795645659, -0.961860012722, 0.987506553467, 2.99709890579, 0.0, -0.0975452037162, 1.06164517239, 3.0, 2.0, 1.87987315188, 1.0, 2.91567398365, 3.0, 0.0, 0.0177270478629, 2.0, 1.0, 1.0, 2.0, 3.0, -0.999977443741, -1.0, 0.999572219031, -0.988273942567, 0.0, 3.0, 0.00787528227084, 1.0, 2.0, -0.161013889865, 0.0, 1.1202818836, 1.99344794886, 1.99578647315, 1.99997622393, 3.0, 2.0, 1.0, -0.990295322186, 2.98807860225, 3.0, 93983.0, 633, 99481.0
1.97660743781, 1.0, 0.0262580956729, 3.0, -1.0, 1.00701299823, 3.0, 0.0, 1.0, -0.0146795645659, -0.961860012722, 0.987506553467, 2.99709890579, 0.0, -0.0975452037162, 1.06164517239, 3.0, 2.0, 1.87987315188, 1.0, 2.91567398365, 3.0, 0.0, 0.0177270478629, 2.0, 1.0, 1.0, 2.0, 3.0, -0.999977443741, -1.0, 0.999572219031, -0.988273942567, 0.0, 3.0, 0.00787528227084, 1.0, 2.0, -0.161013889865, 0.0, 1.1202818836, 1.99344794886, 1.99578647315, 1.99997622393, 3.0, 2.0, 1.0, -0.990295322186, 2.98807860225, 3.0, 93983.0, 633, 99481.0
1.97660743781, 1.0, 0.0262580956729, 3.0, -1.0, 1.00701299823, 3.0, 0.0, 1.0, -0.0146795645659, -0.961860012722, 0.987506553467, 2.99709890579, 0.0, -0.0975452037162, 1.06164517239, 3.0, 2.0, 1.87987315188, 1.0, 2.91567398365, 3.0, 0.0, 0.0177270478629, 2.0, 1.0, 1.0, 2.0, 3.0, -0.999977443741, -1.0, 0.999572219031, -0.988273942567, 0.0, 3.0, 0.00787528227084, 1.0, 2.0, -0.161013889865, 0.0, 1.1202818836, 1.99344794886, 1.99578647315, 1.99997622393, 3.0, 2.0, 1.0, -0.990295322186, 2.98807860225, 3.0, 93983.0, 633, 99481.0
1.97660743781, 1.0, 0.0262580956729, 3.0, -1.0, 1.00701299823, 3.0, 0.0, 1.0, -0.0146795645659, -0.961860012722, 0.987506553467, 2.99709890579, 0.0, -0.0975452037162, 1.06164517239, 3.0, 2.0, 1.87987315188, 1.0, 2.91567398365, 3.0, 0.0, 0.0177270478629, 2.0, 1.0, 1.0, 2.0, 3.0, -0.999977443741, -1.0, 0.999572219031, -0.988273942567, 0.0, 3.0, 0.00787528227084, 1.0, 2.0, -0.161013889865, 0.0, 1.1202818836, 1.99344794886, 1.99578647315, 1.99997622393, 3.0, 2.0, 1.0, -0.990295322186, 2.98807860225, 3.0, 93983.0, 633, 99481.0
1.97660743781, 1.0, 0.0262580956729, 3.0, -1.0, 1.00701299823, 3.0, 0.0, 1.0, -0.0146795645659, -0.961860012722, 0.987506553467, 2.99709890579, 0.0, -0.0975452037162, 1.06164517239, 3.0, 2.0, 1.87987315188, 1.0, 2.91567398365, 3.0, 0.0, 0.0177270478629, 2.0, 1.0, 1.0, 2.0, 3.0, -0.999977443741, -1.0, 0.999572219031, -0.988273942567, 0.0, 3.0, 0.00787528227084, 1.0, 2.0, -0.161013889865, 0.0, 1.1202818836, 1.99344794886, 1.99578647315, 1.99997622393, 3.0, 2.0, 1.0, -0.990295322186, 2.98807860225, 3.0, 93983.0, 633, 99481.0
1.97660743781, 1.0, 0.0262580956729, 3.0, -1.0, 1.00701299823, 3.0, 0.0, 1.0, -0.0146795645659, -0.961860012722, 0.987506553467, 2.99709890579, 0.0, -0.0975452037162, 1.06164517239, 3.0, 2.0, 1.87987315188, 1.0, 2.91567398365, 3.0, 0.0, 0.0177270478629, 2.0, 1.0, 1.0, 2.0, 3.0, -0.999977443741, -1.0, 0.999572219031, -0.988273942567, 0.0, 3.0, 0.00787528227084, 1.0, 2.0, -0.161013889865, 0.0, 1.1202818836, 1.99344794886, 1.99578647315, 1.99997622393, 3.0, 2.0, 1.0, -0.990295322186, 2.98807860225, 3.0, 93983.0, 633, 99481.0
1.97660743781, 1.0, 0.0262580956729, 3.0, -1.0, 1.00701299823, 3.0, 0.0, 1.0, -0.0146795645659, -0.961860012722, 0.987506553467, 2.99709890579, 0.0, -0.0975452037162, 1.06164517239, 3.0, 2.0, 1.87987315188, 1.0, 2.91567398365, 3.0, 0.0, 0.0177270478629, 2.0, 1.0, 1.0, 2.0, 3.0, -0.999977443741, -1.0, 0.999572219031, -0.988273942567, 0.0, 3.0, 0.00787528227084, 1.0, 2.0, -0.161013889865, 0.0, 1.1202818836, 1.99344794886, 1.99578647315, 1.99997622393, 3.0, 2.0, 1.0, -0.990295322186, 2.98807860225, 3.0, 93983.0, 633, 99481.0
1.97660743781, 1.0, 0.0262580956729, 3.0, -1.0, 1.00701299823, 3.0, 0.0, 1.0, -0.0146795645659, -0.961860012722, 0.987506553467, 2.99709890579, 0.0, -0.0975452037162, 1.06164517239, 3.0, 2.0, 1.87987315188, 1.0, 2.91567398365, 3.0, 0.0, 0.0177270478629, 2.0, 1.0, 1.0, 2.0, 3.0, -0.999977443741, -1.0, 0.999572219031, -0.988273942567, 0.0, 3.0, 0.00787528227084, 1.0, 2.0, -0.161013889865, 0.0, 1.1202818836, 1.99344794886, 1.99578647315, 1.99997622393, 3.0, 2.0, 1.0, -0.990295322186, 2.98807860225, 3.0, 93983.0, 633, 99481.0
1.97660743781, 1.0, 0.0262580956729, 3.0, -1.0, 1.00701299823, 3.0, 0.0, 1.0, -0.0146795645659, -0.961860012722, 0.987506553467, 2.99709890579, 0.0, -0.0975452037162, 1.06164517239, 3.0, 2.0, 1.87987315188, 1.0, 2.91567398365, 3.0, 0.0, 0.0177270478629, 2.0, 1.0, 1.0, 2.0, 3.0, -0.999977443741, -1.0, 0.999572219031, -0.988273942567, 0.0, 3.0, 0.00787528227084, 1.0, 2.0, -0.161013889865, 0.0, 1.1202818836, 1.99344794886, 1.99578647315, 1.99997622393, 3.0, 2.0, 1.0, -0.990295322186, 2.98807860225, 3.0, 93983.0, 633, 99481.0
1.97660743781, 1.0, 0.0262580956729, 3.0, -1.0, 1.00701299823, 3.0, 0.0, 1.0, -0.0146795645659, -0.961860012722, 0.987506553467, 2.99709890579, 0.0, -0.0975452037162, 1.06164517239, 3.0, 2.0, 1.87987315188, 1.0, 2.91567398365, 3.0, 0.0, 0.0177270478629, 2.0, 1.0, 1.0, 2.0, 3.0, -0.999977443741, -1.0, 0.999572219031, -0.988273942567, 0.0, 3.0, 0.00787528227084, 1.0, 2.0, -0.161013889865, 0.0, 1.1202818836, 1.99344794886, 1.99578647315, 1.99997622393, 3.0, 2.0, 1.0, -0.990295322186, 2.98807860225, 3.0, 93983.0, 633, 99481.0
1.97660743781, 1.0, 0.0262580956729, 3.0, -1.0, 1.00701299823, 3.0, 0.0, 1.0, -0.0146795645659, -0.961860012722, 0.987506553467, 2.99709890579, 0.0, -0.0975452037162, 1.06164517239, 3.0, 2.0, 1.87987315188, 1.0, 2.91567398365, 3.0, 0.0, 0.0177270478629, 2.0, 1.0, 1.0, 2.0, 3.0, -0.999977443741, -1.0, 0.999572219031, -0.988273942567, 0.0, 3.0, 0.00787528227084, 1.0, 2.0, -0.161013889865, 0.0, 1.1202818836, 1.99344794886, 1.99578647315, 1.99997622393, 3.0, 2.0, 1.0, -0.990295322186, 2.98807860225, 3.0, 93983.0, 633, 99481.0
1.97660743781, 1.0, 0.0262580956729, 3.0, -1.0, 1.00701299823, 3.0, 0.0, 1.0, -0.0146795645659, -0.961860012722, 0.987506553467, 2.99709890579, 0.0, -0.0975452037162, 1.06164517239, 3.0, 2.0, 1.87987315188, 1.0, 2.91567398365, 3.0, 0.0, 0.0177270478629, 2.0, 1.0, 1.0, 2.0, 3.0, -0.999977443741, -1.0, 0.999572219031, -0.988273942567, 0.0, 3.0, 0.00787528227084, 1.0, 2.0, -0.161013889865, 0.0, 1.1202818836, 1.99344794886, 1.99578647315, 1.99997622393, 3.0, 2.0, 1.0, -0.990295322186, 2.98807860225, 3.0, 93983.0, 633, 99481.0
1.97660743781, 1.0, 0.0, 3.0, -1.0, 1.00701299823, 3.0, 0.0, 1.0, -0.0146795645659, -0.961860012722, 0.987506553467, 2.99709890579, 0.0, -0.0975452037162, 1.06164517239, 3.0, 2.0, 1.87987315188, 1.0, 2.91567398365, 3.0, 0.0, 0.0177270478629, 2.0, 1.0, 1.0, 2.0, 3.0, -0.999977443741, -1.0, 0.999572219031, -0.988273942567, 0.0, 3.0, 0.00787528227084, 1.0, 2.0, -0.161013889865, 0.0, 1.1202818836, 2.07621107372, 1.99578647315, 1.99997622393, 3.0, 2.26037403784, 1.0, -0.990295322186, 2.98807860225, 3.0, 93983.0, 633, 99481.0
1.97660743781, 1.0, 0.0, 3.0, -1.0, 1.00701299823, 3.0, 0.0, 1.0, -0.0146795645659, -0.961860012722, 0.987506553467, 2.99709890579, 0.0, -0.0975452037162, 1.06164517239, 3.0, 2.0, 1.87987315188, 1.0, 2.91567398365, 3.0, 0.0, 0.0177270478629, 2.0, 1.0, 1.0, 2.0, 3.0, -0.999977443741, -1.0, 0.999572219031, -0.988273942567, 0.0, 3.0, 0.00787528227084, 1.0, 2.0, -0.161013889865, 0.0, 1.1202818836, 2.07621107372, 1.99578647315, 1.99997622393, 3.0, 2.26037403784, 1.0, -0.990295322186, 2.98807860225, 3.0, 93983.0, 633, 99481.0
1.97660743781, 1.0, 0.0, 3.0, -1.0, 1.00701299823, 3.0, 0.0, 1.0, -0.0146795645659, -0.961860012722, 0.987506553467, 2.99709890579, 0.0, -0.0975452037162, 1.06164517239, 3.0, 2.0, 1.87987315188, 1.0, 2.91567398365, 3.0, 0.0, 0.0177270478629, 2.0, 1.0, 1.0, 2.0, 3.0, -0.999977443741, -1.0, 0.999572219031, -0.988273942567, 0.0, 3.0, 0.00787528227084, 1.0, 2.0, -0.161013889865, 0.0, 1.1202818836, 2.07621107372, 1.99578647315, 1.99997622393, 3.0, 2.26037403784, 1.0, -0.990295322186, 2.98807860225, 3.0, 93983.0, 633, 99481.0
1.97660743781, 1.0, 0.0, 3.0, -1.0, 1.00701299823, 3.0, 0.0, 1.0, -0.0146795645659, -0.961860012722, 0.987506553467, 2.99709890579, 0.0, -0.0975452037162, 1.06164517239, 3.0, 2.0, 1.87987315188, 1.0, 2.91567398365, 3.0, 0.0, 0.0177270478629, 2.0, 1.0, 1.0, 2.0, 3.0, -0.999977443741, -1.0, 0.999572219031, -0.988273942567, 0.0, 3.0, 0.00787528227084, 1.0, 2.0, -0.161013889865, 0.0, 1.1202818836, 2.07621107372, 1.99578647315, 1.99997622393, 3.0, 2.26037403784, 1.0, -0.990295322186, 2.98807860225, 3.0, 93983.0, 633, 99481.0
1.97660743781, 1.0, 0.0, 3.0, -1.0, 1.00701299823, 3.0, 0.0, 1.0, -0.0146795645659, -0.961860012722, 0.987506553467, 2.99709890579, 0.0, -0.0975452037162, 1.06164517239, 3.0, 2.0, 1.87987315188, 1.0, 2.91567398365, 3.0, 0.0, 0.0177270478629, 1.89854882171, 1.0, 1.0, 1.98938435725, 3.0, -0.999977443741, -1.0, 0.999572219031, -0.988273942567, 0.0, 3.0, 0.00787528227084, 1.0, 2.0, -0.161013889865, 0.0, 1.1202818836, 2.07532486875, 1.99578647315, 1.99997622393, 3.0, 2.0, 1.0, -0.990295322186, 2.98807860225, 3.0, 93983.0, 633, 99481.0
1.97660743781, 1.0, 0.0, 3.0, -1.0, 1.00701299823, 3.0, 0.0, 1.0, -0.0146795645659, -0.961860012722, 0.987506553467, 2.99709890579, 0.0, -0.0975452037162, 1.06164517239, 3.0, 2.0, 1.87987315188, 1.0, 2.91567398365, 3.0, 0.0, 0.0177270478629, 1.89854882171, 1.0, 1.0, 1.98938435725, 3.0, -0.999977443741, -1.0, 0.999572219031, -0.988273942567, 0.0, 3.0, 0.00787528227084, 1.0, 2.0, -0.161013889865, 0.0, 1.1202818836, 2.07532486875, 1.99578647315, 1.99997622393, 3.0, 2.0, 1.0, -0.990295322186, 2.98807860225, 3.0, 93983.0, 633, 99481.0
1.97660743781, 1.0, 0.0, 3.0, -1.0, 1.00701299823, 3.0, 0.0, 1.0, -0.0146795645659, -0.961860012722, 0.987506553467, 2.99709890579, 0.0, -0.0975452037162, 1.06164517239, 3.0, 2.0, 1.87987315188, 1.0, 2.91567398365, 3.0, 0.0, 0.0177270478629, 1.89854882171, 1.0, 1.0, 1.98938435725, 3.0, -0.999977443741, -1.0, 0.999572219031, -0.988273942567, 0.0, 3.0, 0.00787528227084, 1.0, 2.0, -0.161013889865, 0.0, 1.1202818836, 2.07532486875, 1.99578647315, 1.99997622393, 3.0, 2.0, 1.0, -0.990295322186, 2.98807860225, 3.0, 93983.0, 633, 99481.0
1.97660743781, 1.0, 0.0, 3.0, -1.0, 1.00701299823, 3.0, 0.0, 1.0, -0.0146795645659, -0.961860012722, 0.987506553467, 2.99709890579, 0.0, -0.0975452037162, 1.06164517239, 3.0, 2.0, 1.87987315188, 1.0, 2.91567398365, 3.0, 0.0, 0.0177270478629, 1.89854882171, 1.0, 1.0, 1.98938435725, 3.0, -0.999977443741, -1.0, 0.999572219031, -0.988273942567, 0.0, 3.0, 0.00787528227084, 1.0, 2.0, -0.161013889865, 0.0, 1.1202818836, 2.07532486875, 1.99578647315, 1.99997622393, 3.0, 2.0, 1.0, -0.990295322186, 2.98807860225, 3.0, 93983.0, 633, 99481.0
1.97660743781, 1.0, 0.0, 3.0, -1.0, 1.00701299823, 3.0, 0.0, 1.0, -0.0146795645659, -0.961860012722, 0.987506553467, 2.99709890579, 0.0, -0.0975452037162, 1.06164517239, 3.0, 2.0, 1.87987315188, 1.0, 2.91567398365, 3.0, 0.0, 0.0177270478629, 1.89854882171, 1.0, 1.0, 1.98938435725, 3.0, -0.999977443741, -1.0, 0.999572219031, -0.988273942567, 0.0, 3.0, 0.00787528227084, 1.0, 2.0, -0.161013889865, 0.0, 1.1202818836, 2.07532486875, 1.99578647315, 1.99997622393, 3.0, 2.0, 1.0, -0.990295322186, 2.98807860225, 3.0, 93983.0, 633, 99481.0
1.97660743781, 1.43937940547, 0.0, 3.0, -1.0, 1.00701299823, 3.0, 0.0, 1.0, -0.0146795645659, -0.961860012722, 0.987506553467, 2.99709890579, 0.0, -0.0975452037162, 1.06164517239, 3.0, 2.0, 2.23739501116, 1.0, 2.91567398365, 3.0, 0.0, 0.0177270478629, 2.0, 1.0, 1.0, 2.0, 3.0, -0.999977443741, -1.0, 0.999572219031, -0.988273942567, 0.0, 3.0, 0.00787528227084, 1.0, 2.0, -0.161013889865, 0.0, 1.1202818836, 2.07621107372, 1.99578647315, 1.99997622393, 3.0, 2.26510008181, 1.0, -0.990295322186, 2.98807860225, 3.0, 93983.0, 633, 99481.0
1.97660743781, 1.43937940547, 0.0, 3.0, -1.0, 1.00701299823, 3.0, 0.0, 1.0, -0.0146795645659, -0.961860012722, 0.987506553467, 2.99709890579, 0.0, -0.0975452037162, 1.06164517239, 3.0, 2.0, 2.23739501116, 1.0, 2.91567398365, 3.0, 0.0, 0.0177270478629, 2.0, 1.0, 1.0, 2.0, 3.0, -0.999977443741, -1.0, 0.999572219031, -0.988273942567, 0.0, 3.0, 0.00787528227084, 1.0, 2.0, -0.161013889865, 0.0, 1.1202818836, 2.07621107372, 1.99578647315, 1.99997622393, 3.0, 2.26510008181, 1.0, -0.990295322186, 2.98807860225, 3.0, 93983.0, 633, 99481.0
1.97660743781, 1.43937940547, 0.0, 3.0, -1.0, 1.00701299823, 3.0, 0.0, 1.0, -0.0146795645659, -0.961860012722, 0.987506553467, 2.99709890579, 0.0, -0.0975452037162, 1.06164517239, 3.0, 2.0, 2.23739501116, 1.0, 2.91567398365, 3.0, 0.0, 0.0177270478629, 2.0, 1.0, 1.0, 2.0, 3.0, -0.999977443741, -1.0, 0.999572219031, -0.988273942567, 0.0, 3.0, 0.00787528227084, 1.0, 2.0, -0.161013889865, 0.0, 1.1202818836, 2.07621107372, 1.99578647315, 1.99997622393, 3.0, 2.26510008181, 1.0, -0.990295322186, 2.98807860225, 3.0, 93983.0, 633, 99481.0
1.97660743781, 1.43937940547, 0.0, 3.0, -1.0, 1.00701299823, 3.0, 0.0, 1.0, -0.0146795645659, -0.961860012722, 0.987506553467, 2.99709890579, 0.0, -0.0975452037162, 1.06164517239, 3.0, 2.0, 2.23739501116, 1.0, 2.91567398365, 3.0, 0.0, 0.0177270478629, 2.0, 1.0, 1.0, 2.0, 3.0, -0.999977443741, -1.0, 0.999572219031, -0.988273942567, 0.0, 3.0, 0.00787528227084, 1.0, 2.0, -0.161013889865, 0.0, 1.1202818836, 2.07621107372, 1.99578647315, 1.99997622393, 3.0, 2.26510008181, 1.0, -0.990295322186, 2.98807860225, 3.0, 93983.0, 633, 99481.0
1.97660743781, 1.0, 0.0267651048477, 3.0, -1.0, 1.00701299823, 3.0, 0.0, 1.0, -0.0146795645659, -0.961860012722, 0.987506553467, 2.99709890579, 0.0, -0.0975452037162, 1.06164517239, 3.0, 2.0, 1.87987315188, 1.0, 2.91567398365, 3.0, 0.0, 0.0177270478629, 2.0, 1.0, 1.0, 2.0, 3.0, -0.999977443741, -1.0, 0.999572219031, -0.988273942567, 0.0, 3.0, 0.00787528227084, 1.0, 2.0, -0.161013889865, 0.0, 1.1202818836, 1.99344794886, 1.99578647315, 1.99997622393, 3.0, 2.0, 1.0, -0.990295322186, 2.98807860225, 3.0, 93983.0, 633, 99481.0
1.97660743781, 1.0, 0.0, 3.0, -1.0, 1.00701299823, 3.0, 0.0, 1.0, -0.0146795645659, -0.961860012722, 0.987506553467, 2.99709890579, 0.0, -0.797481441396, 1.06164517239, 3.0, 2.0, 1.87987315188, 1.0, 2.91567398365, 3.0, 0.0, 0.0177270478629, 2.0, 1.0, 1.0, 2.0, 3.0, -0.999977443741, -1.0, 0.999572219031, -0.988273942567, 0.0, 3.0, 0.00787528227084, 1.0, 2.0, -0.161013889865, 0.0, 1.1202818836, 2.07430029218, 1.99578647315, 2.07254555502, 3.0, 2.0, 1.0, -0.990295322186, 2.98807860225, 3.0, 94230.0, 617, 99496.0
1.97660743781, 1.0, 0.0, 3.0, -1.0, 1.00701299823, 3.0, 0.0, 1.0, -0.0146795645659, -0.961860012722, 0.987506553467, 2.99709890579, 0.0, -0.797481441396, 1.06164517239, 3.0, 2.0, 1.87987315188, 1.0, 2.91567398365, 3.0, 0.0, 0.0177270478629, 2.0, 1.0, 1.0, 2.0, 3.0, -0.999977443741, -1.0, 0.999572219031, -0.988273942567, 0.0, 3.0, 0.00787528227084, 1.0, 2.0, -0.161013889865, 0.0, 1.1202818836, 2.07430029218, 1.99578647315, 2.07254555502, 3.0, 2.0, 1.0, -0.990295322186, 2.98807860225, 3.0, 94230.0, 617, 99496.0
1.97660743781, 1.0, 0.0, 3.0, -1.0, 1.00701299823, 3.0, 0.0, 1.0, -0.0146795645659, -0.961860012722, 0.987506553467, 2.99709890579, 0.0, -0.797481441396, 1.06164517239, 3.0, 2.0, 1.87987315188, 1.0, 2.91567398365, 3.0, 0.0, 0.0177270478629, 2.0, 1.0, 1.0, 2.0, 3.0, -0.999977443741, -1.0, 0.999572219031, -0.988273942567, 0.0, 3.0, 0.00787528227084, 1.0, 2.0, -0.161013889865, 0.0, 1.1202818836, 2.07430029218, 1.99578647315, 2.07254555502, 3.0, 2.0, 1.0, -0.990295322186, 2.98807860225, 3.0, 94230.0, 617, 99496.0
2.0, 0.998687165581, 1.01672578421, 2.96970519512, 1.98789656712, 1.0, 3.0, -0.0317822673962, 2.93099513111, -0.0516971273567, 2.0664479661, 2.00870192846, 2.9775652926, 1.16161329063, -0.0977565744457, 1.12102131342, -0.0190558622016, 0.0, 1.99318078261, 1.00104279931, -0.927152836965, 0.0393853404729, 2.71403354313, 0.00540959680961, 2.9016735533, 2.82668061544, -0.952162632259, 1.89822235358, 2.99999714809, -0.999995239283, 0.0443716668338, -0.983279540776, -1.0, 0.879140973464, 2.00013730027, 2.0, -0.0436928237658, 1.00028941603, 2.9501156507, -0.957567318363, 1.12401959649, -0.891741065677, 0.999997868503, 2.07320049913, -0.968051786472, -0.153908227998, 2.08312461465, -0.000887869834901, -0.992931582859, 1.0282943466, 94316.0, 602, 99519.0
2.0, 0.998687165581, 1.01672578421, 2.96970519512, 1.98789656712, 1.0, 3.0, -0.0317822673962, 2.93099513111, -0.0516971273567, 2.0664479661, 2.00870192846, 2.9775652926, 1.16161329063, -0.0977565744457, 1.12102131342, -0.0190558622016, 0.0, 1.99318078261, 1.00104279931, -0.927152836965, 0.0393853404729, 2.71403354313, 0.00540959680961, 2.9016735533, 2.82668061544, -0.952162632259, 1.89822235358, 2.99999714809, -0.999995239283, 0.0443716668338, -0.983279540776, -1.0, 0.879140973464, 2.00013730027, 2.0, -0.0436928237658, 1.00028941603, 2.9501156507, -0.957567318363, 1.12401959649, -0.891741065677, 0.999997868503, 2.07320049913, -0.968051786472, -0.153908227998, 2.08312461465, -0.000887869834901, -0.992931582859, 1.0282943466, 94316.0, 602, 99519.0
1.97660743781, 1.0, 0.0, 3.0, -1.0, 1.00701299823, 3.0, 0.0, 1.0, -0.0146795645659, -0.961860012722, 0.987506553467, 2.99709890579, 0.0, -0.0975452037162, 1.06164517239, 3.0, 2.0, 1.87987315188, 1.0, 2.91567398365, 3.0, 0.0, 0.0177270478629, 2.0, 1.0, 1.0, 2.0, 3.0, -0.999977443741, -1.0, 0.999572219031, -0.988273942567, 0.0, 3.0, 0.00787528227084, 1.0, 2.0, -0.161013889865, 0.0, 1.1202818836, 1.99344794886, 1.99578647315, 1.99997622393, 3.0, 2.0, 1.0, -0.990295322186, 2.98807860225, 3.0, 93983.0, 633, 99481.0
2.0, 0.969325744841, 0.980191521689, 2.98892505449, 1.98800700714, 3.0, 3.0, 2.9097829097, 2.90887668944, 2.0, 2.12900633371, 0.0355872680303, 0.962477428948, -0.979664315043, 0.0355121297322, -0.971195292119, -0.0522557308411, -0.00657239648769, -0.957769876385, 0.978001569265, -0.919264653506, -0.995695936842, 2.70695386546, 1.96623398974, -0.987849246067, 2.7699317659, -0.98874022534, 1.9017041436, 2.0, -0.989204118872, -0.994382175898, 1.06540552595, -0.999734932007, 0.999997739275, 2.01318992044, -0.0762994133069, 2.99266133856, 0.0128501571069, 0.0, 0.0711220409525, 0.00333095582948, 3.0, 1.01986759453, 2.06252229207, -0.999528817041, -0.0478602531083, 1.00754930442, 9.4186270231e-07, -0.0249516243853, 1.00040609666, 94406.0, 566, 99533.0
2.0, 0.969325744841, 0.980191521689, 2.98892505449, 1.98800700714, 3.0, 3.0, 2.9097829097, 2.90887668944, 2.0, 2.12900633371, 0.0355872680303, 0.962477428948, -0.979664315043, 0.0355121297322, -0.971195292119, -0.0522557308411, -0.00657239648769, -0.957769876385, 0.978001569265, -0.919264653506, -0.995695936842, 2.70695386546, 1.96623398974, -0.987849246067, 2.7699317659, -0.98874022534, 1.9017041436, 2.0, -0.989204118872, -0.994382175898, 1.06540552595, -0.999734932007, 0.999997739275, 2.01318992044, -0.0762994133069, 2.99266133856, 0.0128501571069, 0.0, 0.0711220409525, 0.00333095582948, 3.0, 1.01986759453, 2.06252229207, -0.999528817041, -0.0478602531083, 1.00754930442, 9.4186270231e-07, -0.0249516243853, 1.00040609666, 94406.0, 566, 99533.0
2.0, 0.969325744841, 0.980191521689, 2.98892505449, 1.98800700714, 3.0, 3.0, 2.9097829097, 2.90887668944, 2.0, 2.12900633371, 0.0355872680303, 0.962477428948, -0.979664315043, 0.0355121297322, -0.971195292119, -0.0522557308411, -0.00657239648769, -0.957769876385, 0.978001569265, -0.919264653506, -0.995695936842, 2.70695386546, 1.96623398974, -0.987849246067, 2.7699317659, -0.98874022534, 1.9017041436, 2.0, -0.989204118872, -0.994382175898, 1.06540552595, -0.999734932007, 0.999997739275, 2.01318992044, -0.0762994133069, 2.99266133856, 0.0128501571069, 0.0, 0.0711220409525, 0.00333095582948, 3.0, 1.01986759453, 2.06252229207, -0.999528817041, -0.0478602531083, 1.00754930442, 9.4186270231e-07, -0.0249516243853, 1.00040609666, 94406.0, 566, 99533.0
2.0, 0.969325744841, 0.980191521689, 2.98892505449, 1.98800700714, 3.0, 3.0, 2.9097829097, 2.90887668944, 2.0, 2.12900633371, 0.0355872680303, 0.962477428948, -0.979664315043, 0.0355121297322, -0.971195292119, -0.0522557308411, -0.00657239648769, -0.957769876385, 0.978001569265, -0.919264653506, -0.995695936842, 2.70695386546, 1.96623398974, -0.987849246067, 2.7699317659, -0.98874022534, 1.9017041436, 2.0, -0.989204118872, -0.994382175898, 1.06540552595, -0.999734932007, 0.999997739275, 2.01318992044, -0.0762994133069, 2.99266133856, 0.0128501571069, 0.0, 0.0711220409525, 0.00333095582948, 3.0, 1.01986759453, 2.06252229207, -0.999528817041, -0.0478602531083, 1.00754930442, 9.4186270231e-07, -0.0249516243853, 1.00040609666, 94406.0, 566, 99533.0
1.97660743781, 1.0, 0.0, 3.0, -1.0, 1.00701299823, 3.0, 0.0, 1.0, -0.0146795645659, -0.961860012722, 0.987506553467, 2.99709890579, 0.0, -0.0975452037162, 1.06164517239, 3.0, 2.0, 1.87987315188, 1.0, 2.91567398365, 3.0, 0.0, 0.0177270478629, 2.0, 1.0, 1.0, 2.0, 3.0, -0.999977443741, -1.0, 0.999572219031, -0.988273942567, 0.0, 3.0, 0.00787528227084, 1.0, 2.0, -0.161013889865, 0.0, 1.1202818836, 1.99344794886, 1.99578647315, 1.99997622393, 3.0, 2.0, 1.0, -0.990295322186, 2.98807860225, 3.0, 93983.0, 633, 99481.0
2.0, 1.00000463756, 1.02013164889, 2.96995603804, -0.95491003768, 1.0, 3.0, 0.00114928548942, 2.93099513111, -0.0511128297171, 2.0664479661, 0.995856333074, 2.96968515699, -0.963028024522, -0.0977537524691, 1.12259563124, 2.9820506608, 0.0, 1.83368567142, 1.01606877162, -0.918930690815, 0.326647010543, 2.71403354313, 0.00540959680961, 2.9016735533, 2.80791365017, -0.967408641783, 2.00420531526, 2.99961492651, -0.999979148842, -0.996643293832, 1.02268780832, -0.999925268991, -0.00633237036604, 2.01166129046, 2.0, -0.0436928237658, 1.01433271708, 2.9501156507, -0.999862700452, 1.12394652144, 2.0044493989, 0.968190731817, 2.07126487974, -0.968051786472, 1.98460449183, 2.08312461465, -0.107437244694, 2.82030782686, 1.02224445976, 94361.0, 597, 99501.0
2.0, 1.00000463756, 1.02013164889, 2.96995603804, -0.95491003768, 1.0, 3.0, 0.00114928548942, 2.93099513111, -0.0511128297171, 2.0664479661, 0.995856333074, 2.96968515699, -0.963028024522, -0.0977537524691, 1.12259563124, 2.9820506608, 0.0, 1.83368567142, 1.01606877162, -0.918930690815, 0.326647010543, 2.71403354313, 0.00540959680961, 2.9016735533, 2.80791365017, -0.967408641783, 2.00420531526, 2.99961492651, -0.999979148842, -0.996643293832, 1.02268780832, -0.999925268991, -0.00633237036604, 2.01166129046, 2.0, -0.0436928237658, 1.01433271708, 2.9501156507, -0.999862700452, 1.12394652144, 2.0044493989, 0.968190731817, 2.07126487974, -0.968051786472, 1.98460449183, 2.08312461465, -0.107437244694, 2.82030782686, 1.02224445976, 94361.0, 597, 99501.0
