1.0, -1.0, 2.0, 0.0, -1.0, 1.0, 3.0, -1.0, 1.0, -1.0, 0.0, 2.0, -1.0, -1.0, 2.0, -1.0, 3.0, -1.0, -1.0, 2.0, 3.0, 0.0, 0.0, 0.0, 0.0, 1.0, 2.0, -1.0, 1.0, -1.0, 2.0, 0.0, 2.0, 3.0, 0.0, 1.0, 3.0, 0.0, 1.0, 3.0, 2.0, -1.0, 2.0, 1.0, 1.0, 1.0, -1.0, 2.0, 3.0, 2.0, 98100.0, 538, 99511.0
1.0, 2.0, 3.0, 0.0, 1.0, 3.0, 0.0, 3.0, 0.0, -1.0, -1.0, -1.0, -1.0, -1.0, 1.0, -1.0, 2.0, -1.0, 3.0, 2.0, 1.0, 1.0, 3.0, 3.0, -1.0, -1.0, 1.0, 0.0, -1.0, 0.0, -1.0, 0.0, 1.0, 0.0, -1.0, 2.0, -1.0, 1.0, -1.0, 2.0, 1.0, 3.0, 2.0, 3.0, -1.0, 2.0, 1.0, 1.0, 3.0, 0.0, 98267.0, 497, 99532.0
-1.0, 2.0, -1.0, -1.0, 0.0, 3.0, 1.0, 3.0, -1.0, -1.0, 1.0, 0.0, 1.0, -1.0, 3.0, 1.0, 2.0, 0.0, 1.0, 1.0, -1.0, 0.0, 2.0, -1.0, 3.0, 0.0, 0.0, 2.0, -1.0, 2.0, -1.0, -1.0, 0.0, 1.0, 2.0, 0.0, 0.0, -1.0, 1.0, 3.0, 3.0, 3.0, 2.0, 2.0, 2.0, 1.0, 1.0, 3.0, -1.0, 0.0, 98010.0, 529, 99515.0
-1.0, 0.0, 1.0, 1.0, 2.0, -1.0, 3.0, -1.0, 3.0, 0.0, -1.0, 0.0, 2.0, 1.0, 1.0, 0.0, 1.0, 1.0, 3.0, 0.0, 0.0, 3.0, 2.0, 1.0, 2.0, 2.0, -1.0, 0.0, 2.0, 3.0, -1.0, 3.0, 1.0, 2.0, -1.0, 3.0, 2.0, 3.0, -1.0, -1.0, 1.0, 0.0, 0.0, 2.0, 2.0, 3.0, 1.0, 0.0, 1.0, 0.0, 97731.0, 599, 99444.0
2.0, 1.0, -1.0, -1.0, 1.0, 3.0, -1.0, 1.0, 0.0, -1.0, 0.0, 2.0, 0.0, -1.0, -1.0, 2.0, -1.0, 2.0, 1.0, 1.0, 2.0, 3.0, 0.0, 0.0, 3.0, 3.0, 2.0, 0.0, -1.0, 2.0, 0.0, 0.0, 0.0, -1.0, -1.0, -1.0, -1.0, 3.0, 3.0, 1.0, 0.0, 1.0, 0.0, 2.0, 1.0, -1.0, 1.0, 2.0, 2.0, 3.0, 97975.0, 532, 99504.0
-0.994949303218, 1.99353724097, -1.0, 0.0, 2.0, -0.954692432381, 1.0, 2.97171278318, 0.0, 2.0, 0.0, 2.01266453122, 2.0, 3.0, 1.0, 0.998041237803, 3.0, -0.997506587754, 0.0, 2.75615918261, 2.96977087478, -1.0, 0.0, 3.0, 0.0, 1.0, -0.938304628588, 1.00729088403, 2.03659721958, -0.969791678947, -0.978564750563, 2.00834356187, 1.01130626174, 0.000165261481528, 2.0, 3.0, 1.0, 2.0, -1.0, 2.0, -0.116449494189, 1.0, 0.0, 0.0, 0.915177090432, -1.0, -1.0, 1.0, 0.0, 2.98869343706, 97770.0, 572, 99467.0
-0.994949303218, 1.99353724097, -1.0, 0.0, 2.0, -0.954692432381, 1.0, 2.97171278318, 0.0, 2.0, 0.0, 2.01266453122, 2.0, 3.0, 1.0, 0.998041237803, 3.0, -0.997506587754, 0.0, 2.75615918261, 2.96977087478, -1.0, 0.0, 3.0, 0.0, 1.0, -0.938304628588, 1.00729088403, 2.03659721958, -0.969791678947, -0.978564750563, 2.00834356187, 1.01130626174, 0.000165261481528, 2.0, 3.0, 1.0, 2.0, -1.0, 2.0, -0.116449494189, 1.0, 0.0, 0.0, 0.915177090432, -1.0, -1.0, 1.0, 0.0, 2.98869343706, 97770.0, 572, 99467.0
-0.994949303218, 1.99353724097, -1.0, 0.0, 2.0, -0.954692432381, 1.0, 2.97171278318, 0.0, 2.0, 0.0, 2.01266453122, 2.0, 3.0, 1.0, 0.998041237803, 3.0, -0.997506587754, 0.0, 2.75615918261, 2.96977087478, -1.0, 0.0, 3.0, 0.0, 1.0, -0.938304628588, 1.00729088403, 2.03659721958, -0.969791678947, -0.978564750563, 2.00834356187, 1.01130626174, 0.000165261481528, 2.0, 3.0, 1.0, 2.0, -1.0, 2.0, -0.116449494189, 1.0, 0.0, 0.0, 0.915177090432, -1.0, -1.0, 1.0, 0.0, 2.98869343706, 97770.0, 572, 99467.0
-0.994949303218, 1.99353724097, -1.0, 0.0, 2.0, -0.954692432381, 1.0, 2.97171278318, 0.0, 2.0, 0.0, 2.01266453122, 2.0, 3.0, 1.0, 0.998041237803, 3.0, -0.997506587754, 0.0, 2.75615918261, 2.96977087478, -1.0, 0.0, 3.0, 0.0, 1.0, -0.938304628588, 1.00729088403, 2.03659721958, -0.969791678947, -0.978564750563, 2.00834356187, 1.01130626174, 0.000165261481528, 2.0, 3.0, 1.0, 2.0, -1.0, 2.0, -0.116449494189, 1.0, 0.0, 0.0, 0.915177090432, -1.0, -1.0, 1.0, 0.0, 2.98869343706, 97770.0, 572, 99467.0
-0.994949303218, 1.99353724097, -1.0, 0.0, 2.0, -0.954692432381, 1.0, 2.97171278318, 0.0, 2.0, 0.0, 2.01266453122, 2.0, 3.0, 1.0, 0.998041237803, 3.0, -0.997506587754, 0.0, 2.75615918261, 2.96977087478, -1.0, 0.0, 3.0, 0.0, 1.0, -0.938304628588, 1.00729088403, 2.03659721958, -0.969791678947, -0.978564750563, 2.00834356187, 1.01130626174, 0.000165261481528, 2.0, 3.0, 1.0, 2.0, -1.0, 2.0, -0.116449494189, 1.0, 0.0, 0.0, 0.915177090432, -1.0, -1.0, 1.0, 0.0, 2.98869343706, 97770.0, 572, 99467.0
-0.994949303218, 1.99353724097, -1.0, 0.0, 2.0, -0.954692432381, 1.0, 2.97171278318, 0.0, 2.0, 0.0, 2.01266453122, 2.0, 3.0, 1.0, 0.998041237803, 3.0, -0.997506587754, 0.0, 2.75615918261, 2.96977087478, -1.0, 0.0, 3.0, 0.0, 1.0, -0.938304628588, 1.00729088403, 2.03659721958, -0.969791678947, -0.978564750563, 2.00834356187, 1.01130626174, -0.213731501172, 2.0, 3.0, 1.0, 2.0, -1.0, 2.0, -0.116449494189, 1.0, 0.0, 0.0, 0.915177090432, -1.0, -1.0, 1.0, 0.0, 2.98869343706, 97770.0, 572, 99467.0
-0.994949303218, 1.99353724097, -1.0, 0.0, 2.0, -0.954692432381, 1.0, 2.97171278318, 0.0, 2.0, 0.0, 2.01266453122, 2.0, 3.0, 1.0, 0.998041237803, 3.0, -0.997506587754, 0.0, 2.75615918261, 2.96977087478, -1.0, 0.0, 3.0, 0.0, 1.0, -0.938304628588, 1.00729088403, 2.03659721958, -0.969791678947, -0.978564750563, 2.00834356187, 1.01130626174, -0.213731501172, 2.0, 3.0, 1.0, 2.0, -1.0, 2.0, -0.116449494189, 1.0, 0.0, 0.0, 0.915177090432, -1.0, -1.0, 1.0, 0.0, 2.98869343706, 97770.0, 572, 99467.0
-0.994949303218, 1.99353724097, -1.0, 0.0, 2.0, -0.954692432381, 1.0, 2.97171278318, 0.0, 2.0, 0.0, 2.01266453122, 2.0, 3.0, 1.0, 0.998041237803, 3.0, -0.997506587754, 0.0, 2.75615918261, 2.96977087478, -1.0, 0.0, 3.0, 0.0, 1.0, -0.938304628588, 1.00729088403, 2.03659721958, -0.969791678947, -0.978564750563, 2.00834356187, 1.01130626174, -0.213731501172, 2.0, 3.0, 1.0, 2.0, -1.0, 2.0, -0.116449494189, 1.0, 0.0, 0.0, 0.915177090432, -1.0, -1.0, 1.0, 0.0, 2.98869343706, 97770.0, 572, 99467.0
-0.962942722807, 2.00791531743, -1.0, 0.0225912334081, -0.000348980035459, -0.998828828443, 1.01249589201, 2.97171278318, 0.00890081475208, 2.00588577174, 0.0, 1.99988211762, 1.91607477919, 2.9862851458, 1.0, 0.998041237803, 2.14378744557, -0.952418796882, 2.38874790653e-06, -0.930128260114, 2.96977087478, -0.99984874219, 0.0, 2.99497300904, 0.0208427253512, 0.970412366872, -0.938304628588, 2.99901822674, 2.98023747528, -0.969791678947, -0.978461882268, 2.00834356187, 1.02049622802, -0.959304315016, 2.01463547011, 3.0, 1.0, 2.0, -1.0, 2.00833130151, -0.118223496428, 1.0, 0.0, 0.0, 0.498478170052, -0.959370033886, -1.0, 1.02457685091, 0.926717419487, 2.98869343706, 97861.0, 542, 99487.0
-0.962942722807, 2.00791531743, -1.0, 0.0225912334081, -0.000348980035459, -0.998828828443, 1.01249589201, 2.97171278318, 0.00890081475208, 2.00588577174, 0.0, 1.99988211762, 1.91607477919, 2.9862851458, 1.0, 0.998041237803, 2.14378744557, -0.952418796882, 2.38874790653e-06, -0.930128260114, 2.96977087478, -0.99984874219, 0.0, 2.99497300904, 0.0208427253512, 0.970412366872, -0.938304628588, 2.99901822674, 2.98023747528, -0.969791678947, -0.978461882268, 2.00834356187, 1.02049622802, -0.959304315016, 2.01463547011, 3.0, 1.0, 2.0, -1.0, 2.00833130151, -0.118223496428, 1.0, 0.0, 0.0, 0.498478170052, -0.959370033886, -1.0, 1.02457685091, 0.926717419487, 2.98869343706, 97861.0, 542, 99487.0
-0.962942722807, 2.00791531743, -1.0, 0.0225912334081, -0.000348980035459, -0.998828828443, 1.01249589201, 2.97171278318, 0.00890081475208, 2.00588577174, 0.0, 1.99988211762, 1.91607477919, 2.9862851458, 1.0, 0.998041237803, 2.14378744557, -0.952418796882, 2.38874790653e-06, -0.930128260114, 2.96977087478, -0.99984874219, 0.0, 2.99497300904, 0.0208427253512, 0.970412366872, -0.938304628588, 2.99901822674, 2.98023747528, -0.969791678947, -0.978461882268, 2.00834356187, 1.02049622802, -0.959304315016, 2.01463547011, 3.0, 1.0, 2.0, -1.0, 2.00833130151, -0.118223496428, 1.0, 0.0, 0.0, 0.498478170052, -0.959370033886, -1.0, 1.02457685091, 0.926717419487, 2.98869343706, 97861.0, 542, 99487.0
-0.962942722807, 2.00791531743, -1.0, 0.0225912334081, -0.000348980035459, -0.998828828443, 1.01249589201, 2.97171278318, 0.00890081475208, 2.00588577174, 0.0, 1.99988211762, 1.91607477919, 2.9862851458, 1.0, 0.998041237803, 2.14378744557, -0.952418796882, 2.38874790653e-06, -0.930128260114, 2.96977087478, -0.99984874219, 0.0, 2.99497300904, 0.0208427253512, 0.970412366872, -0.938304628588, 2.99901822674, 2.98023747528, -0.969791678947, -0.978461882268, 2.00834356187, 1.02049622802, -0.959304315016, 2.01463547011, 3.0, 1.0, 2.0, -1.0, 2.00833130151, -0.118223496428, 1.0, 0.0, 0.0, 0.498478170052, -0.959370033886, -1.0, 1.02457685091, 0.926717419487, 2.98869343706, 97861.0, 542, 99487.0
-0.962942722807, 2.00791531743, -1.0, 0.0225912334081, -0.000348980035459, -0.998828828443, 1.01249589201, 2.97171278318, 0.00890081475208, 2.00588577174, 0.0, 1.99988211762, 1.91607477919, 2.9862851458, 1.0, 0.998041237803, 2.14378744557, -0.952418796882, 2.38874790653e-06, -0.930128260114, 2.96977087478, -0.99984874219, 0.0, 2.99497300904, 0.0208427253512, 0.970412366872, -0.938304628588, 2.99901822674, 2.98023747528, -0.969791678947, -0.978461882268, 2.00834356187, 1.02049622802, -0.959304315016, 2.01463547011, 3.0, 1.0, 2.0, -1.0, 2.00833130151, -0.118223496428, 1.0, 0.0, 0.0, 0.498478170052, -0.959370033886, -1.0, 1.02457685091, 0.926717419487, 2.98869343706, 97861.0, 542, 99487.0
-0.994949303218, 1.99353724097, -1.0, 0.0, 2.0, -0.954692432381, 1.0, 2.97171278318, 0.0, 2.0, 0.0, 2.01266453122, 2.0, 3.0, 1.0, 0.998041237803, 3.0, -0.997506587754, 0.0, 2.75615918261, 2.96977087478, -1.0, -0.0761893253118, 3.0, 0.0, 1.0, -0.938304628588, 1.00729088403, 2.03659721958, -0.969791678947, -0.978564750563, 2.00834356187, 1.01130626174, -0.00563684368628, 2.0, 3.0, 1.0, 2.0, -1.0, 2.0, -0.116449494189, 1.0, 0.0, 0.0, 0.915177090432, -1.0, -1.0, 1.0, 0.0, 2.98869343706, 97770.0, 572, 99467.0
-0.994949303218, 1.99353724097, -1.0, 0.0, 2.0, -0.954692432381, 1.0, 2.97171278318, 0.0, 2.0, 0.0, 2.01266453122, 2.0, 3.0, 1.0, 0.998041237803, 3.0, -0.997506587754, 0.0, 2.75615918261, 2.96977087478, -1.0, -0.0761893253118, 3.0, 0.0, 1.0, -0.938304628588, 1.00729088403, 2.03659721958, -0.969791678947, -0.978564750563, 2.00834356187, 1.01130626174, -0.00563684368628, 2.0, 3.0, 1.0, 2.0, -1.0, 2.0, -0.116449494189, 1.0, 0.0, 0.0, 0.915177090432, -1.0, -1.0, 1.0, 0.0, 2.98869343706, 97770.0, 572, 99467.0
-0.994949303218, 1.99353724097, -1.0, 0.0, 2.0, -0.954692432381, 1.0, 2.97171278318, 0.0, 2.0, 0.0, 2.01266453122, 2.0, 3.0, 1.0, 0.998041237803, 3.0, -0.997506587754, 0.0, 2.75615918261, 2.96977087478, -1.0, -0.0761893253118, 3.0, 0.0, 1.0, -0.938304628588, 1.00729088403, 2.03659721958, -0.969791678947, -0.978564750563, 2.00834356187, 1.01130626174, -0.00563684368628, 2.0, 3.0, 1.0, 2.0, -1.0, 2.0, -0.116449494189, 1.0, 0.0, 0.0, 0.915177090432, -1.0, -1.0, 1.0, 0.0, 2.98869343706, 97770.0, 572, 99467.0
-0.994949303218, 1.99353724097, -1.0, 0.0, 2.0, -0.954692432381, 1.0, 2.97171278318, 0.0, 2.0, 0.0, 2.01266453122, 2.0, 3.0, 1.0, 0.998041237803, 3.0, -0.997506587754, 0.0, 2.75615918261, 2.96977087478, -1.0, -0.0761893253118, 3.0, 0.0, 1.0, -0.938304628588, 1.00729088403, 2.03659721958, -0.969791678947, -0.978564750563, 2.00834356187, 1.01130626174, -0.00563684368628, 2.0, 3.0, 1.0, 2.0, -1.0, 2.0, -0.116449494189, 1.0, 0.0, 0.0, 0.915177090432, -1.0, -1.0, 1.0, 0.0, 2.98869343706, 97770.0, 572, 99467.0
-0.994949303218, 1.99353724097, -1.0, 0.0, 2.0, -0.954692432381, 1.0, 2.97171278318, 0.0, 2.0, 0.0, 2.01266453122, 2.0, 3.0, 1.0, 0.998041237803, 3.0, -0.997506587754, 0.0, 2.75615918261, 2.96977087478, -1.0, -0.0761893253118, 3.0, 0.0, 1.0, -0.938304628588, 1.00729088403, 2.03659721958, -0.969791678947, -0.978564750563, 2.00834356187, 1.01130626174, -0.00563684368628, 2.0, 3.0, 1.0, 2.0, -1.0, 2.0, -0.116449494189, 1.0, 0.0, 0.0, 0.915177090432, -1.0, -1.0, 1.0, 0.0, 2.98869343706, 97770.0, 572, 99467.0
-0.994949303218, 1.99353724097, -1.0, 0.0, 2.0, -0.954692432381, 1.0, 2.97171278318, 0.0, 2.0, 0.0, 2.01266453122, 2.0, 3.0, 1.0, 0.998041237803, 3.0, -0.997506587754, 0.0, 2.75615918261, 2.96977087478, -1.0, -0.0761893253118, 3.0, 0.0, 1.0, -0.938304628588, 1.00729088403, 2.03659721958, -0.969791678947, -0.978564750563, 2.00834356187, 1.01130626174, -0.00563684368628, 2.0, 3.0, 1.0, 2.0, -1.0, 2.0, -0.116449494189, 1.0, 0.0, 0.0, 0.915177090432, -1.0, -1.0, 1.0, 0.0, 2.98869343706, 97770.0, 572, 99467.0
-0.994949303218, 1.99353724097, -1.0, 0.0, 2.0, -0.954692432381, 1.0, 2.97171278318, 0.0, 2.0, 0.0, 2.01266453122, 2.0, 3.0, 1.0, 0.998041237803, 3.0, -0.997506587754, 0.0, 2.75615918261, 2.96977087478, -1.0, -0.0761893253118, 3.0, 0.0, 1.0, -0.938304628588, 1.00729088403, 2.03659721958, -0.969791678947, -0.978564750563, 2.00834356187, 1.01130626174, -0.00563684368628, 2.0, 3.0, 1.0, 2.0, -1.0, 2.0, -0.116449494189, 1.0, 0.0, 0.0, 0.915177090432, -1.0, -1.0, 1.0, 0.0, 2.98869343706, 97770.0, 572, 99467.0
-0.962942722807, 2.00791531743, -1.0, -0.0225304872763, -0.000348980035459, -0.998828828443, 1.01249589201, 2.97171278318, 0.00890081475208, 2.00588577174, 0.0, 1.99988211762, 1.99825961576, 2.9862851458, 1.0, 0.998041237803, 2.14378744557, -0.952418796882, 2.38874790653e-06, -0.930128260114, 2.96977087478, -0.99984874219, 0.0, 2.99497300904, 0.0208427253512, 0.970412366872, -0.938304628588, 2.99906438927, 2.98007122981, -0.969791678947, -0.978461882268, 2.00834356187, 1.02049622802, -0.959304315016, 2.01463547011, 3.0, 1.0, 2.0, -1.0, 2.00833130151, -0.118223496428, 1.0, 0.0, 0.0, 0.498478170052, -0.959370033886, -1.0, 1.02457685091, 0.926717419487, 2.98869343706, 97861.0, 542, 99487.0
-0.994949303218, 2.00791267373, -1.0, 0.023804608461, -0.0548034430268, -0.998822432223, 1.01241270981, 2.97171278318, -0.000272416731968, 2.00588605732, 0.0, 2.00007705975, 1.99980320748, 2.98640459756, 1.0, 0.998041237803, 2.99270274328, -0.951782579403, 8.10404264675e-09, 2.78640784615, 2.96977087478, -0.999850078523, 0.0, 2.99990370752, -0.000470992081428, 0.97086019277, -0.938304628588, 0.939996806749, 2.03659721958, -0.969791678947, -0.978564750563, 2.00834356187, 1.0201617675, -0.961902038633, 2.01463496135, 2.86929472122, 1.24161995875, 2.0, -1.0, 2.00869566828, -0.116449494189, 1.0, 0.0, 0.0, 0.914272890622, -0.999391118564, -1.0, 1.00016934301, 0.0102250643293, 2.98869343706, 97801.0, 555, 99479.0
-0.994949303218, 2.00791267373, -1.0, 0.023804608461, -0.0548034430268, -0.998822432223, 1.01241270981, 2.97171278318, -0.000272416731968, 2.00588605732, 0.0, 2.00007705975, 1.99980320748, 2.98640459756, 1.0, 0.998041237803, 2.99270274328, -0.951782579403, 8.10404264675e-09, 2.78640784615, 2.96977087478, -0.999850078523, 0.0, 2.99990370752, -0.000470992081428, 0.97086019277, -0.938304628588, 0.939996806749, 2.03659721958, -0.969791678947, -0.978564750563, 2.00834356187, 1.0201617675, -0.961902038633, 2.01463496135, 2.86929472122, 1.24161995875, 2.0, -1.0, 2.00869566828, -0.116449494189, 1.0, 0.0, 0.0, 0.914272890622, -0.999391118564, -1.0, 1.00016934301, 0.0102250643293, 2.98869343706, 97801.0, 555, 99479.0
-0.994949303218, 2.00791267373, -1.0, 0.023804608461, -0.0548034430268, -0.998822432223, 1.01241270981, 2.97171278318, -0.000272416731968, 2.00588605732, 0.0, 2.00007705975, 1.99980320748, 2.98640459756, 1.0, 0.998041237803, 2.99270274328, -0.951782579403, 8.10404264675e-09, 2.78640784615, 2.96977087478, -0.999850078523, 0.0, 2.99990370752, -0.000470992081428, 0.97086019277, -0.938304628588, 0.939996806749, 2.03659721958, -0.969791678947, -0.978564750563, 2.00834356187, 1.0201617675, -0.961902038633, 2.01463496135, 2.86929472122, 1.24161995875, 2.0, -1.0, 2.00869566828, -0.116449494189, 1.0, 0.0, 0.0, 0.914272890622, -0.999391118564, -1.0, 1.00016934301, 0.0102250643293, 2.98869343706, 97801.0, 555, 99479.0
-0.994949303218, 2.00791267373, -1.0, 0.023804608461, -0.0548034430268, -0.998822432223, 1.01241270981, 2.97171278318, -0.000272416731968, 2.00588605732, 0.0, 2.00007705975, 1.99980320748, 2.98640459756, 1.0, 0.998041237803, 2.99270274328, -0.951782579403, 8.10404264675e-09, 2.78640784615, 2.96977087478, -0.999850078523, 0.0, 2.99990370752, -0.000470992081428, 0.97086019277, -0.938304628588, 0.939996806749, 2.03659721958, -0.969791678947, -0.978564750563, 2.00834356187, 1.0201617675, -0.961902038633, 2.01463496135, 2.86929472122, 1.24161995875, 2.0, -1.0, 2.00869566828, -0.116449494189, 1.0, 0.0, 0.0, 0.914272890622, -0.999391118564, -1.0, 1.00016934301, 0.0102250643293, 2.98869343706, 97801.0, 555, 99479.0
-0.994949303218, 2.00791267373, -1.0, 0.023804608461, -0.0548034430268, -0.998822432223, 1.01241270981, 2.97171278318, -0.000272416731968, 2.00588605732, 0.0, 2.00007705975, 1.99980320748, 2.98640459756, 1.0, 0.998041237803, 2.99270274328, -0.951782579403, 8.10404264675e-09, 2.78640784615, 2.96977087478, -0.999850078523, 0.0, 2.99990370752, -0.000470992081428, 0.97086019277, -0.938304628588, 0.939996806749, 2.03659721958, -0.969791678947, -0.978564750563, 2.00834356187, 1.0201617675, -0.961902038633, 2.01463496135, 2.86929472122, 1.24161995875, 2.0, -1.0, 2.00869566828, -0.116449494189, 1.10594256958, 0.0, 0.0, 0.914272890622, -0.999391118564, -1.0, 1.00016934301, 0.0102250643293, 2.98869343706, 97801.0, 555, 99479.0
-0.994949303218, 2.00791267373, -1.0, 0.023804608461, -0.0548034430268, -0.998822432223, 1.01241270981, 2.97171278318, -0.000272416731968, 2.00588605732, 0.0, 2.00007705975, 1.99980320748, 2.98640459756, 1.0, 0.998041237803, 2.99270274328, -0.951782579403, 8.10404264675e-09, 2.78640784615, 2.96977087478, -0.999850078523, 0.0, 2.99990370752, -0.000470992081428, 0.97086019277, -0.938304628588, 0.939996806749, 2.03659721958, -0.969791678947, -0.978564750563, 2.00834356187, 1.0201617675, -0.961902038633, 2.01463496135, 2.86929472122, 1.24161995875, 2.0, -1.0, 2.00869566828, -0.116449494189, 1.10594256958, 0.0, 0.0, 0.914272890622, -0.999391118564, -1.0, 1.00016934301, 0.0102250643293, 2.98869343706, 97801.0, 555, 99479.0
-0.994949303218, 2.00791267373, -1.0, 0.023804608461, -0.0548034430268, -0.998822432223, 1.01241270981, 2.97171278318, -0.000272416731968, 2.00588605732, 0.0, 2.00007705975, 1.99980320748, 2.98640459756, 1.0, 0.998041237803, 2.99270274328, -0.951782579403, 8.10404264675e-09, 2.78640784615, 2.96977087478, -0.999850078523, 0.0, 2.99990370752, -0.000470992081428, 0.97086019277, -0.938304628588, 0.939996806749, 2.03659721958, -0.969791678947, -0.978564750563, 2.00834356187, 1.0201617675, -0.961902038633, 2.01463496135, 2.86929472122, 1.24161995875, 2.0, -1.0, 2.00869566828, -0.116449494189, 1.10594256958, 0.0, 0.0, 0.914272890622, -0.999391118564, -1.0, 1.00016934301, 0.0102250643293, 2.98869343706, 97801.0, 555, 99479.0
-0.994949303218, 1.99353724097, -1.0, 0.0, 2.0, -0.954692432381, 1.0, 2.97171278318, 0.0, 2.0, 0.0, 2.01266453122, 2.0, 3.0, 1.0, 0.998041237803, 3.0, -0.997506587754, 0.0, 2.75615918261, 2.96977087478, -1.0, -0.0761893253118, 3.0, 0.0, 1.0, -0.938304628588, 1.00729088403, 2.03659721958, -0.969791678947, -0.978564750563, 2.00834356187, 1.01130626174, -0.00563684368628, 2.0, 3.0, 1.0, 2.0, -1.0, 2.0, -0.116449494189, 1.0, 0.0, 0.0, 0.915177090432, -1.0, -1.0, 1.0, 0.0, 2.98869343706, 97770.0, 572, 99467.0
-0.994949303218, 2.00795050959, -1.0, -0.000462412501803, -0.102715688797, -0.954692432381, 1.01241271247, 2.97171278318, 0.0, 2.0, 0.0, 2.01266453122, 1.99978266988, 3.0, 1.0, 0.998041237803, 3.0, -0.948828066668, -0.209774748849, 2.7862791397, 2.96977087478, -1.0, 0.0, 2.95513671344, 0.0, 1.0, -0.938304628588, 1.00729088403, 2.03659721958, -0.969791678947, -0.978564750563, 2.00834356187, 1.01130626174, -0.213731501172, 2.01447094981, 3.0, 1.24326444121, 2.0, -1.0, 2.0, 0.675817549852, 1.0, 0.0, 0.0, 0.914280746784, -0.999388909267, -1.0, 1.00016862341, 0.010255009394, 2.98869343706, 97758.0, 572, 99467.0
-0.994949303218, 2.00795050959, -1.0, -0.000462412501803, -0.102715688797, -0.954692432381, 1.01241271247, 2.97171278318, 0.0, 2.0, 0.0, 2.01266453122, 1.99978266988, 3.0, 1.0, 0.998041237803, 3.0, -0.948828066668, -0.209774748849, 2.7862791397, 2.96977087478, -1.0, 0.0, 2.95513671344, 0.0, 1.0, -0.938304628588, 1.00729088403, 2.03659721958, -0.969791678947, -0.978564750563, 2.00834356187, 1.01130626174, -0.213731501172, 2.01447094981, 3.0, 1.24326444121, 2.0, -1.0, 2.0, 0.675817549852, 1.0, 0.0, 0.0, 0.914280746784, -0.999388909267, -1.0, 1.00016862341, 0.010255009394, 2.98869343706, 97758.0, 572, 99467.0
-0.994949303218, 2.00795050959, -1.0, -0.000462412501803, -0.102715688797, -0.954692432381, 1.01241271247, 2.97171278318, 0.0, 2.0, 0.0, 2.01266453122, 1.99978266988, 3.0, 1.0, 0.998041237803, 3.0, -0.948828066668, -0.209774748849, 2.7862791397, 2.96977087478, -1.0, 0.0, 2.95513671344, 0.0, 1.0, -0.938304628588, 1.00729088403, 2.03659721958, -0.969791678947, -0.978564750563, 2.00834356187, 1.01130626174, -0.213731501172, 2.01447094981, 3.0, 1.24326444121, 2.0, -1.0, 2.0, 0.675817549852, 1.0, 0.0, 0.0, 0.914280746784, -0.999388909267, -1.0, 1.00016862341, 0.010255009394, 2.98869343706, 97758.0, 572, 99467.0
-0.994949303218, 2.00795050959, -1.0, -0.000462412501803, -0.102715688797, -0.954692432381, 1.01241271247, 2.97171278318, 0.0, 2.0, 0.0, 2.01266453122, 1.99978266988, 3.0, 1.0, 0.998041237803, 3.0, -0.948828066668, -0.209774748849, 2.7862791397, 2.96977087478, -1.0, 0.0, 2.95513671344, 0.0, 1.0, -0.938304628588, 1.00729088403, 2.03659721958, -0.969791678947, -0.978564750563, 2.00834356187, 1.01130626174, -0.213731501172, 2.01447094981, 3.0, 1.24326444121, 2.0, -1.0, 2.0, 0.675817549852, 1.0, 0.0, 0.0, 0.914280746784, -0.999388909267, -1.0, 1.00016862341, 0.010255009394, 2.98869343706, 97758.0, 572, 99467.0
-0.994949303218, 2.00795050959, -1.0, -0.000462412501803, -0.102715688797, -0.954692432381, 1.01241271247, 2.97171278318, 0.0, 2.0, 0.0, 2.01266453122, 1.99978266988, 3.0, 1.0, 0.998041237803, 3.0, -0.948828066668, -0.209774748849, 2.7862791397, 2.96977087478, -1.0, 0.0, 2.95513671344, 0.0, 1.0, -0.938304628588, 1.00729088403, 2.03659721958, -0.969791678947, -0.978564750563, 2.00834356187, 1.01130626174, -0.213731501172, 2.01447094981, 3.0, 1.24326444121, 2.0, -1.0, 2.0, 0.675817549852, 1.0, 0.0, 0.0, 0.914280746784, -0.999388909267, -1.0, 1.00016862341, 0.010255009394, 2.98869343706, 97758.0, 572, 99467.0
-0.994949303218, 2.00795050959, -1.0, -0.000462412501803, -0.102715688797, -0.954692432381, 1.01241271247, 2.97171278318, 0.0, 2.0, 0.0, 2.01266453122, 1.99978266988, 3.0, 1.0, 0.998041237803, 3.0, -0.948828066668, -0.209774748849, 2.7862791397, 2.96977087478, -1.0, 0.0, 2.95513671344, 0.0, 1.0, -0.938304628588, 1.00729088403, 2.03659721958, -0.969791678947, -0.978564750563, 2.00834356187, 1.01130626174, -0.213731501172, 2.01447094981, 3.0, 1.24326444121, 2.0, -1.0, 2.0, 0.675817549852, 1.0, 0.0, 0.0, 0.914280746784, -0.999388909267, -1.0, 1.00016862341, 0.010255009394, 2.98869343706, 97758.0, 572, 99467.0
-0.994949303218, 2.00795050959, -1.0, -0.000462412501803, -0.102715688797, -0.954692432381, 1.01241271247, 2.97171278318, 0.0, 2.0, 0.0, 2.01266453122, 1.99978266988, 3.0, 1.0, 0.998041237803, 3.0, -0.948828066668, -0.209774748849, 2.7862791397, 2.96977087478, -1.0, 0.0, 2.95513671344, 0.0, 1.0, -0.938304628588, 1.00729088403, 2.03659721958, -0.969791678947, -0.978564750563, 2.00834356187, 1.01130626174, -0.213731501172, 2.01447094981, 3.0, 1.24326444121, 2.0, -1.0, 2.0, 0.675817549852, 1.0, 0.0, 0.0, 0.914280746784, -0.999388909267, -1.0, 1.00016862341, 0.010255009394, 2.98869343706, 97758.0, 572, 99467.0
-0.994949303218, 2.00795050959, -1.0, -0.000462412501803, -0.102715688797, -0.954692432381, 1.01241271247, 2.97171278318, 0.0, 2.0, 0.0, 2.01266453122, 1.99978266988, 3.0, 1.0, 0.998041237803, 3.0, -0.948828066668, -0.209774748849, 2.7862791397, 2.96977087478, -1.0, 0.0, 2.95513671344, 0.0, 1.0, -0.938304628588, 1.00729088403, 2.03659721958, -0.969791678947, -0.978564750563, 2.00834356187, 1.01130626174, -0.213731501172, 2.01447094981, 3.0, 1.24326444121, 2.0, -1.0, 2.0, 0.675817549852, 1.0, 0.0, 0.0, 0.914280746784, -0.999388909267, -1.0, 1.00016862341, 0.010255009394, 2.98869343706, 97758.0, 572, 99467.0
-0.994949303218, 2.00795050959, -1.0, -0.000462412501803, -0.102715688797, -0.954692432381, 1.01241271247, 2.97171278318, 0.0, 2.0, 0.0, 2.01266453122, 1.99978266988, 3.0, 1.0, 0.998041237803, 3.0, -0.948828066668, -0.209774748849, 2.7862791397, 2.96977087478, -1.0, 0.0, 2.95513671344, 0.0, 1.0, -0.938304628588, 1.00729088403, 2.03659721958, -0.969791678947, -0.978564750563, 2.00834356187, 1.01130626174, -0.213731501172, 2.01447094981, 3.0, 1.24326444121, 2.0, -1.0, 2.0, 0.675817549852, 1.0, 0.0, 0.0, 0.914280746784, -0.999388909267, -1.0, 1.00016862341, 0.010255009394, 2.98869343706, 97758.0, 572, 99467.0
-0.994949303218, 2.00795050959, -1.0, -0.000462412501803, -0.102715688797, -0.954692432381, 1.01241271247, 2.97171278318, 0.0, 2.0, 0.0, 2.01266453122, 1.99978266988, 3.0, 1.0, 0.998041237803, 3.0, -0.948828066668, -0.209774748849, 2.7862791397, 2.96977087478, -1.0, 0.0, 2.95513671344, 0.0, 1.0, -0.938304628588, 1.00729088403, 2.03659721958, -0.969791678947, -0.978564750563, 2.00834356187, 1.01130626174, -0.213731501172, 2.01447094981, 3.0, 1.24326444121, 2.0, -1.0, 2.0, 0.675817549852, 1.0, 0.0, 0.0, 0.914280746784, -0.999388909267, -1.0, 1.00016862341, 0.010255009394, 2.98869343706, 97758.0, 572, 99467.0
-0.994949303218, 2.00795050959, -1.0, -0.000462412501803, -0.102715688797, -0.954692432381, 1.01241271247, 2.97171278318, 0.0, 2.0, 0.0, 2.01266453122, 1.99978266988, 3.0, 1.0, 0.998041237803, 3.0, -0.948828066668, -0.209774748849, 2.7862791397, 2.96977087478, -1.0, 0.0, 2.95513671344, 0.0, 1.0, -0.938304628588, 1.00729088403, 2.03659721958, -0.969791678947, -0.978564750563, 2.00834356187, 1.01130626174, -0.213731501172, 2.01447094981, 3.0, 1.24326444121, 2.0, -1.0, 2.0, 0.675817549852, 1.0, 0.0, 0.0, 0.914280746784, -0.999388909267, -1.0, 1.00016862341, 0.010255009394, 2.98869343706, 97758.0, 572, 99467.0
-0.994949303218, 2.00795050959, -1.0, -0.000462412501803, -0.102715688797, -0.954692432381, 1.01241271247, 2.97171278318, 0.0, 2.0, 0.0, 2.01266453122, 1.99978266988, 3.0, 1.0, 0.998041237803, 3.0, -0.948828066668, -0.209774748849, 2.7862791397, 2.96977087478, -1.0, 0.0, 2.95513671344, 0.0, 1.0, -0.938304628588, 1.00729088403, 2.03659721958, -0.969791678947, -0.978564750563, 2.00834356187, 1.01130626174, -0.213731501172, 2.01447094981, 3.0, 1.24326444121, 2.0, -1.0, 2.0, 0.675817549852, 1.0, 0.0, 0.0, 0.914280746784, -0.999388909267, -1.0, 1.00016862341, 0.010255009394, 2.98869343706, 97758.0, 572, 99467.0
-0.994949303218, 2.00795050959, -1.0, -0.000462412501803, -0.102715688797, -0.954692432381, 1.01241271247, 2.97171278318, 0.0, 2.0, 0.0, 2.01266453122, 1.99978266988, 3.0, 1.0, 0.998041237803, 3.0, -0.948828066668, -0.209774748849, 2.7862791397, 2.96977087478, -1.0, 0.0, 2.95513671344, 0.0, 1.0, -0.938304628588, 1.00729088403, 2.03659721958, -0.969791678947, -0.978564750563, 2.00834356187, 1.01130626174, -0.213731501172, 2.01447094981, 3.0, 1.24326444121, 2.0, -1.0, 2.0, 0.675817549852, 1.0, 0.0, 0.0, 0.914280746784, -0.999388909267, -1.0, 1.00016862341, 0.010255009394, 2.98869343706, 97758.0, 572, 99467.0
-0.962942722807, 2.00791531743, -1.0, 0.0225912334081, -0.000348980035459, -0.998828828443, 1.01249589201, 2.97171278318, 0.00890081475208, 2.00588577174, 0.0, 1.99988211762, 1.91607477919, 2.9862851458, 1.0, 0.998041237803, 2.14378744557, -0.952418796882, 2.38874790653e-06, -0.930128260114, 2.96977087478, -0.99984874219, 0.0, 2.99497300904, 0.0208427253512, 0.970412366872, -0.938304628588, 2.99901822674, 2.98023747528, -0.969791678947, -0.978461882268, 2.00834356187, 1.02049622802, -0.959304315016, 2.01463547011, 3.0, 1.0, 2.0, -1.0, 2.00833130151, -0.118223496428, 1.0, 0.0, 0.0, 0.498478170052, -0.959370033886, -1.0, 1.02457685091, 0.926717419487, 2.98869343706, 97861.0, 542, 99487.0
-0.962942722807, 2.00791531743, -1.0, 0.0225912334081, -0.000348980035459, -0.998828828443, 1.01249589201, 2.97171278318, 0.00890081475208, 2.00588577174, 0.0, 1.99988211762, 1.91607477919, 2.9862851458, 1.0, 0.998041237803, 2.14378744557, -0.952418796882, 2.38874790653e-06, -0.930128260114, 2.96977087478, -0.99984874219, 0.0, 2.99497300904, 0.0208427253512, 0.970412366872, -0.938304628588, 2.99901822674, 2.98023747528, -0.969791678947, -0.978461882268, 2.00834356187, 1.02049622802, -0.959304315016, 2.01463547011, 3.0, 1.0, 2.0, -1.0, 2.00833130151, -0.118223496428, 1.0, 0.0, 0.0, 0.498478170052, -0.959370033886, -1.0, 1.02457685091, 0.926717419487, 2.98869343706, 97861.0, 542, 99487.0
-0.962942722807, 2.00791531743, -1.0, 0.0225912334081, -0.000348980035459, -0.998828828443, 1.01249589201, 2.97171278318, 0.00890081475208, 2.00588577174, 0.0, 1.99988211762, 1.91607477919, 2.9862851458, 1.0, 0.998041237803, 2.14378744557, -0.952418796882, 2.38874790653e-06, -0.930128260114, 2.96977087478, -0.99984874219, 0.0, 2.99497300904, 0.0208427253512, 0.970412366872, -0.938304628588, 2.99901822674, 2.98023747528, -0.969791678947, -0.978461882268, 2.00834356187, 1.02049622802, -0.959304315016, 2.01463547011, 3.0, 1.0, 2.0, -1.0, 2.00833130151, -0.118223496428, 1.0, 0.0, 0.0, 0.498478170052, -0.959370033886, -1.0, 1.02457685091, 0.926717419487, 2.98869343706, 97861.0, 542, 99487.0
-0.962942722807, 2.00791531743, -1.0, 0.0225912334081, -0.000348980035459, -0.998828828443, 1.01249589201, 2.97171278318, 0.00890081475208, 2.00588577174, 0.0, 1.99988211762, 1.91607477919, 2.9862851458, 1.0, 0.998041237803, 2.14378744557, -0.952418796882, 2.38874790653e-06, -0.930128260114, 2.96977087478, -0.99984874219, 0.0, 2.99497300904, 0.0208427253512, 0.970412366872, -0.938304628588, 2.99901822674, 2.98023747528, -0.969791678947, -0.978461882268, 2.00834356187, 1.02049622802, -0.959304315016, 2.01463547011, 3.0, 1.0, 2.0, -1.0, 2.00833130151, -0.118223496428, 1.0, 0.0, 0.0, 0.498478170052, -0.959370033886, -1.0, 1.02457685091, 0.926717419487, 2.98869343706, 97861.0, 542, 99487.0
-0.962942722807, 2.00791531743, -1.0, 0.0225912334081, -0.000348980035459, -0.998828828443, 1.01249589201, 2.97171278318, 0.00890081475208, 2.00588577174, 0.0, 1.99988211762, 1.91607477919, 2.9862851458, 1.0, 0.998041237803, 2.14378744557, -0.952418796882, 2.38874790653e-06, -0.930128260114, 2.96977087478, -0.99984874219, 0.0, 2.99497300904, 0.0208427253512, 0.970412366872, -0.938304628588, 2.99901822674, 2.98023747528, -0.969791678947, -0.978461882268, 2.00834356187, 1.02049622802, -0.959304315016, 2.01463547011, 3.0, 1.0, 2.0, -1.0, 2.00833130151, -0.118223496428, 1.0, 0.0, 0.0, 0.498478170052, -0.959370033886, -1.0, 1.02457685091, 0.926717419487, 2.98869343706, 97861.0, 542, 99487.0
-0.962942722807, 2.00791531743, -1.0, 0.0225912334081, -0.000348980035459, -0.998828828443, 1.01249589201, 2.97171278318, 0.00890081475208, 2.00588577174, 0.0, 1.99988211762, 1.91607477919, 2.9862851458, 1.0, 0.998041237803, 2.14378744557, -0.952418796882, 2.38874790653e-06, -0.930128260114, 2.96977087478, -0.99984874219, 0.0, 2.99497300904, 0.0208427253512, 0.970412366872, -0.938304628588, 2.99901822674, 2.98023747528, -0.969791678947, -0.978461882268, 2.00834356187, 1.02049622802, -0.959304315016, 2.01463547011, 3.0, 1.0, 2.0, -1.0, 2.00833130151, -0.118223496428, 1.0, 0.0, 0.0, 0.498478170052, -0.959370033886, -1.0, 1.02457685091, 0.926717419487, 2.98869343706, 97861.0, 542, 99487.0
-0.994949303218, 2.00795050959, -1.0, -0.000462412501803, -0.102715688797, -0.954692432381, 1.01241271247, 2.97171278318, 0.0, 2.0, 0.0, 2.01266453122, 1.99978266988, 3.0, 1.0, 0.998041237803, 3.0, -0.948828066668, -0.209774748849, 2.7862791397, 2.96977087478, -1.0, 0.0, 2.95513671344, 0.0, 1.0, -0.938304628588, 1.00729088403, 2.03659721958, -0.969791678947, -0.978564750563, 2.00834356187, 1.01130626174, -0.213731501172, 2.01447094981, 2.99421957225, 1.24326444121, 2.0, -1.0, 2.0, 0.675817549852, 1.0, 0.0, 0.0, 0.914280746784, -0.999388909267, -1.0, 1.00016862341, 0.010255009394, 2.98869343706, 97758.0, 572, 99467.0
-0.994949303218, 2.00795050959, -1.0, -0.000462412501803, -0.102715688797, -0.954692432381, 1.01241271247, 2.97171278318, 0.0, 2.0, 0.0, 2.01266453122, 1.99978266988, 3.0, 1.0, 0.998041237803, 3.0, -0.948828066668, -0.209774748849, 2.7862791397, 2.96977087478, -1.0, 0.0, 2.95513671344, 0.0, 1.0, -0.938304628588, 1.00729088403, 2.03659721958, -0.969791678947, -0.978564750563, 2.00834356187, 1.01130626174, -0.213731501172, 2.01447094981, 2.99421957225, 1.24326444121, 2.0, -1.0, 2.0, 0.675817549852, 1.0, 0.0, 0.0, 0.914280746784, -0.999388909267, -1.0, 1.00016862341, 0.010255009394, 2.98869343706, 97758.0, 572, 99467.0
-0.994949303218, 2.00795050959, -1.0, -0.000462412501803, -0.102715688797, -0.954692432381, 1.01241271247, 2.97171278318, 0.0, 2.0, 0.0, 2.01266453122, 1.99978266988, 3.0, 1.0, 0.998041237803, 3.0, -0.948828066668, -0.209774748849, 2.7862791397, 2.96977087478, -1.0, 0.0, 2.95513671344, 0.0, 1.0, -0.938304628588, 1.00729088403, 2.03659721958, -0.969791678947, -0.978564750563, 2.00834356187, 1.01130626174, -0.213731501172, 2.01447094981, 2.99421957225, 1.24326444121, 2.0, -1.0, 2.0, 0.675817549852, 1.0, 0.0, 0.0, 0.914280746784, -0.999388909267, -1.0, 1.00016862341, 0.010255009394, 2.98869343706, 97758.0, 572, 99467.0
-0.994949303218, 2.00795050959, -1.0, -0.000462412501803, -0.102715688797, -0.954692432381, 1.01241271247, 2.97171278318, 0.0, 2.0, 0.0, 2.01266453122, 1.99978266988, 3.0, 1.0, 0.998041237803, 3.0, -0.948828066668, -0.209774748849, 2.7862791397, 2.96977087478, -1.0, 0.0, 2.95513671344, 0.0, 1.0, -0.938304628588, 1.00729088403, 2.03659721958, -0.969791678947, -0.978564750563, 2.00834356187, 1.01130626174, -0.213731501172, 2.01447094981, 3.0, 1.24326444121, 2.0, -1.0, 2.0, 0.675817549852, 1.0, 0.0, 0.0, 0.914280746784, -0.999388909267, -1.0, 1.00016862341, 0.010255009394, 2.98869343706, 97758.0, 572, 99467.0
-0.994949303218, 1.99353724097, -1.0, 0.0, 1.92611119707, -0.954692432381, 1.0, 2.97171278318, 0.00966566462635, 1.99993634299, 0.0, 2.00008413424, 1.99980919895, 3.0, 1.0, 0.998041237803, 2.13449454579, -0.997506587754, 2.39346434414e-06, -0.902118982982, 2.96977087478, -0.999999631291, -0.0761893253118, 2.9996394887, 0.0207976300912, 1.00087130697, -0.938304628588, 1.00729088403, 2.97698012869, -0.969791678947, -0.978564750563, 2.00834356187, 1.01130626174, -0.00563684368628, 2.00010629058, 3.0, 1.0, 2.0, -1.0, 2.0, -0.11649605769, 1.0, 0.0, 0.0, 0.915177090432, -1.0, -1.0, 1.0, 0.0, 2.98869343706, 97790.0, 559, 99475.0
-0.994949303218, 1.99353724097, -1.0, 0.0, 1.92611119707, -0.954692432381, 1.0, 2.97171278318, 0.00966566462635, 1.99993634299, 0.0, 2.00008413424, 1.99980919895, 3.0, 1.0, 0.998041237803, 2.13449454579, -0.997506587754, 2.39346434414e-06, -0.902118982982, 2.96977087478, -0.999999631291, -0.0761893253118, 2.9996394887, 0.0207976300912, 1.00087130697, -0.938304628588, 1.00729088403, 2.97698012869, -0.969791678947, -0.978564750563, 2.00834356187, 1.01130626174, -0.00563684368628, 2.00010629058, 3.0, 1.0, 2.0, -1.0, 2.0, -0.11649605769, 1.0, 0.0, 0.0, 0.915177090432, -1.0, -1.0, 1.0, 0.0, 2.98869343706, 97790.0, 559, 99475.0
-0.994949303218, 1.99353724097, -1.0, 0.0, 1.92611119707, -0.954692432381, 1.0, 2.97171278318, 0.00966566462635, 1.99993634299, 0.0, 2.00008413424, 1.99980919895, 3.0, 1.0, 0.998041237803, 2.13449454579, -0.997506587754, 2.39346434414e-06, -0.902118982982, 2.96977087478, -0.999999631291, -0.0761893253118, 2.9996394887, 0.0207976300912, 1.00087130697, -0.938304628588, 1.00729088403, 2.97698012869, -0.969791678947, -0.978564750563, 2.00834356187, 1.01130626174, -0.00563684368628, 2.00010629058, 3.0, 1.0, 2.0, -1.0, 2.0, -0.11649605769, 1.0, 0.0, 0.0, 0.915177090432, -1.0, -1.0, 1.0, 0.0, 2.98869343706, 97790.0, 559, 99475.0
-0.994949303218, 1.99353724097, -1.0, 0.0, 1.92611119707, -0.954692432381, 1.0, 2.97171278318, 0.00966566462635, 1.99993634299, 0.0, 2.00008413424, 1.99980919895, 3.0, 1.0, 0.998041237803, 2.13449454579, -0.997506587754, 2.39346434414e-06, -0.902118982982, 2.96977087478, -0.999999631291, -0.0761893253118, 2.9996394887, 0.0207976300912, 1.00087130697, -0.938304628588, 1.00729088403, 2.97698012869, -0.969791678947, -0.978564750563, 2.00834356187, 1.01130626174, -0.00563684368628, 2.00010629058, 3.0, 1.0, 2.0, -1.0, 2.0, -0.11649605769, 1.0, 0.0, 0.0, 0.915177090432, -1.0, -1.0, 1.0, 0.0, 2.98869343706, 97790.0, 559, 99475.0
-0.994949303218, 2.00795050959, -1.0, -0.000462412501803, -0.102715688797, -0.954692432381, 1.01241271247, 2.97171278318, 0.0, 2.0, 0.0, 2.01266453122, 1.99978266988, 3.0, 1.0, 0.998041237803, 3.0, -0.948828066668, -0.209774748849, 2.7862791397, 2.96977087478, -1.0, 0.0, 2.95513671344, 0.0, 1.0, -0.938304628588, 1.00729088403, 2.03659721958, -0.969791678947, -0.978564750563, 2.00834356187, 1.01130626174, -0.213731501172, 2.01447094981, 3.0, 1.24326444121, 2.0, -1.0, 2.0, 0.675817549852, 1.0, 0.0, 0.0, 1.11627286919, -0.999388909267, -1.0, 1.00016862341, 0.010255009394, 2.98869343706, 97758.0, 572, 99467.0
-0.962942722807, 2.00791531743, -1.0, 0.0225912334081, -0.00305333523551, -0.998828912621, 1.01241298856, 2.97171278318, 0.00890081475208, 2.00588576566, 0.0, 2.00008209474, 1.91069989095, 2.9862851458, 1.0, 0.998041237803, 2.99280559668, -0.952418796882, -2.34680944864e-09, -0.804915072025, 2.96977087478, -0.99985011045, 0.0, 2.99502262391, 0.0204024675077, 0.970910554767, -0.938304628588, 0.958565322665, 2.96063474367, -0.969791678947, -0.978461882268, 2.00834356187, 1.02049622802, -0.961861642539, 2.01463547011, 3.0, 1.0, 2.0, -1.0, 2.00830614529, -0.116365738263, 1.0, 0.0, 0.0, 0.498478170052, -0.959755745253, -1.0, 1.02459849423, 0.926717419487, 2.98869343706, 97836.0, 542, 99487.0
-0.994949303218, 1.99353724097, -1.0, 0.0, 1.92611119707, -0.954692432381, 1.0, 2.97171278318, 0.00966566462635, 1.99993634299, 0.0, 2.01152784986, 1.99980919895, 3.0, 1.0, 0.998041237803, 2.13449454579, -0.997506587754, 2.39346434414e-06, -0.902118982982, 2.96977087478, -0.999999631291, -0.0761893253118, 2.9996394887, 0.0207976300912, 0.923093128219, -0.938304628588, 1.00729088403, 2.97698012869, -0.969791678947, -0.978564750563, 2.00834356187, 1.01130626174, -0.00563684368628, 2.00010629058, 3.0, 1.0, 2.0, -1.0, 2.0, -0.11649605769, 1.0, 0.0, 0.0, 0.915177090432, -1.0, -1.0, 1.0, 0.0, 2.98869343706, 97790.0, 559, 99475.0
-0.994949303218, 1.99353724097, -1.0, 0.0, 1.92611119707, -0.954692432381, 1.0, 2.97171278318, 0.00966566462635, 1.99993634299, 0.0, 2.01152784986, 1.99980919895, 3.0, 1.0, 0.998041237803, 2.13449454579, -0.997506587754, 2.39346434414e-06, -0.902118982982, 2.96977087478, -0.999999631291, -0.0761893253118, 2.9996394887, 0.0207976300912, 0.923093128219, -0.938304628588, 1.00729088403, 2.97698012869, -0.969791678947, -0.978564750563, 2.00834356187, 1.01130626174, -0.00563684368628, 2.00010629058, 3.0, 1.0, 2.0, -1.0, 2.0, -0.11649605769, 1.0, 0.0, 0.0, 0.915177090432, -1.0, -1.0, 1.0, 0.0, 2.98869343706, 97790.0, 559, 99475.0
-0.201103370962, 2.00795115757, -1.0, 0.0225346918956, -0.0548034430268, -0.955839941459, 0.850324279411, 2.97171278318, -0.000379122843396, 2.00598344999, 0.0, 2.01252722927, 1.99980325548, 2.99965047103, 1.0, 0.998041237803, 2.99240669843, -0.952446720049, 8.10404264675e-09, -0.89681593329, 2.96977087478, -0.999851128117, 0.743004184922, 2.99994401966, -0.000463104232136, 0.970581102092, -0.938304628588, 1.00201112402, 2.03659721958, -0.969791678947, -0.978564750563, 2.00484013184, 1.02020955876, -0.961519675404, 2.01462948777, 2.99939139348, 1.24704553149, 2.0, -1.0, 1.99987636903, -0.116449494189, 1.0, 0.0, 0.0, 0.910508884561, -0.981501341282, -1.0, 1.02500177765, 0.000126638403521, 2.98869343706, 97775.0, 559, 99476.0
-0.201103370962, 2.00795115757, -1.0, 0.0225346918956, -0.0548034430268, -0.955839941459, 0.850324279411, 2.97171278318, -0.000379122843396, 2.00598344999, 0.0, 2.01252722927, 1.99980325548, 2.99965047103, 1.0, 0.998041237803, 2.99240669843, -0.952446720049, 8.10404264675e-09, -0.89681593329, 2.96977087478, -0.999851128117, 0.743004184922, 2.99994401966, -0.000463104232136, 0.970581102092, -0.938304628588, 1.00201112402, 2.03659721958, -0.969791678947, -0.978564750563, 2.00484013184, 1.02020955876, -0.961519675404, 2.01462948777, 2.99939139348, 1.24704553149, 2.0, -1.0, 1.99987636903, -0.116449494189, 1.0, 0.0, 0.0, 0.910508884561, -0.981501341282, -1.0, 1.02500177765, 0.000126638403521, 2.98869343706, 97775.0, 559, 99476.0
-0.201103370962, 2.00795115757, -1.0, 0.0225346918956, -0.0548034430268, -0.955839941459, 0.850324279411, 2.97171278318, -0.000379122843396, 2.00598344999, 0.0, 2.01252722927, 1.99980325548, 2.99965047103, 1.0, 0.998041237803, 2.99240669843, -0.952446720049, 8.10404264675e-09, -0.89681593329, 2.96977087478, -0.999851128117, 0.743004184922, 2.99994401966, -0.000463104232136, 0.970581102092, -0.938304628588, 1.00201112402, 2.03659721958, -0.969791678947, -0.978564750563, 2.00484013184, 1.02020955876, -0.961519675404, 2.01462948777, 2.99939139348, 1.24704553149, 2.0, -1.0, 1.99987636903, -0.116449494189, 1.0, 0.0, 0.0, 0.910508884561, -0.981501341282, -1.0, 1.02500177765, 0.000126638403521, 2.98869343706, 97775.0, 559, 99476.0
-0.201103370962, 2.00795115757, -1.0, 0.0225346918956, -0.0548034430268, -0.955839941459, 0.850324279411, 2.97171278318, -0.000379122843396, 2.00598344999, 0.0, 2.01252722927, 1.99980325548, 2.99965047103, 1.0, 0.998041237803, 2.99240669843, -0.952446720049, 8.10404264675e-09, -0.89681593329, 2.96977087478, -0.999851128117, 0.743004184922, 2.99994401966, -0.000463104232136, 0.970581102092, -0.938304628588, 1.00201112402, 2.03659721958, -0.969791678947, -0.978564750563, 2.00484013184, 1.02020955876, -0.961519675404, 2.01462948777, 2.99939139348, 1.24704553149, 2.0, -1.0, 1.99987636903, -0.116449494189, 1.0, 0.0, 0.0, 0.910508884561, -0.981501341282, -1.0, 1.02500177765, 0.000126638403521, 2.98869343706, 97775.0, 559, 99476.0
-0.201103370962, 2.00795115757, -1.0, 0.0225346918956, -0.0548034430268, -0.955839941459, 0.850324279411, 2.97171278318, -0.000379122843396, 2.00598344999, 0.0, 2.01252722927, 1.99980325548, 2.99965047103, 1.0, 0.998041237803, 2.99240669843, -0.952446720049, 8.10404264675e-09, -0.89681593329, 2.96977087478, -0.999851128117, 0.743004184922, 2.99994401966, -0.000463104232136, 0.970581102092, -0.938304628588, 1.00201112402, 2.03659721958, -0.969791678947, -0.978564750563, 2.00484013184, 1.02020955876, -0.961519675404, 2.01462948777, 2.99939139348, 1.24704553149, 2.0, -1.0, 1.99987636903, -0.116449494189, 1.0, 0.0, 0.0, 0.910508884561, -0.981501341282, -1.0, 1.02500177765, 0.000126638403521, 2.98869343706, 97775.0, 559, 99476.0
-0.201103370962, 2.00795115757, -1.0, 0.0225346918956, -0.0548034430268, -0.955839941459, 0.850324279411, 2.97171278318, -0.000379122843396, 2.00598344999, 0.0, 2.01252722927, 1.99980325548, 2.99965047103, 1.0, 0.998041237803, 2.99240669843, -0.952446720049, 8.10404264675e-09, -0.89681593329, 2.96977087478, -0.999851128117, 0.743004184922, 2.99994401966, -0.000463104232136, 0.970581102092, -0.938304628588, 1.00201112402, 2.03659721958, -0.969791678947, -0.978564750563, 2.00484013184, 1.02020955876, -0.961519675404, 2.01462948777, 2.99939139348, 1.24704553149, 2.0, -1.0, 1.99987636903, -0.116449494189, 1.0, 0.0, 0.0, 0.910508884561, -0.981501341282, -1.0, 1.02500177765, 0.000126638403521, 2.98869343706, 97775.0, 559, 99476.0
-0.963589167321, 2.00791531743, -1.0, 0.0225912334081, -0.0550438745401, -0.998828828443, 1.01249589201, 2.97171278318, 0.00890081475208, 2.00588577174, 0.0, 2.01206988642, 1.91661201341, 2.99951473828, 1.0, 0.998041237803, 1.99925189835, -0.951791919332, 2.38874790653e-06, -0.930128260114, 2.96977087478, -0.99984874219, 0.0, 2.99497300904, 0.0208427253512, 0.970412366872, -0.938304628588, 2.99901822674, 2.98023747528, -0.969791678947, -0.978461882268, 2.00834356187, 1.02049622802, -0.959304315016, 2.01463547011, 2.99938727394, 1.0, 2.0, -1.0, 2.00833130151, -0.118223496428, 1.0, 0.0, 0.0, 0.498478170052, -0.959761096056, -1.0, 1.02457685091, 0.926717419487, 2.30950021076, 97836.0, 542, 99487.0
-0.963589167321, 2.00791531743, -1.0, 0.0225912334081, -0.0550438745401, -0.998828828443, 1.01249589201, 2.97171278318, 0.00890081475208, 2.00588577174, 0.0, 2.01206988642, 1.91661201341, 2.99951473828, 1.0, 0.998041237803, 1.99925189835, -0.951791919332, 2.38874790653e-06, -0.930128260114, 2.96977087478, -0.99984874219, 0.0, 2.99497300904, 0.0208427253512, 0.970412366872, -0.938304628588, 2.99901822674, 2.98023747528, -0.969791678947, -0.978461882268, 2.00834356187, 1.02049622802, -0.959304315016, 2.01463547011, 2.99938727394, 1.0, 2.0, -1.0, 2.00833130151, -0.118223496428, 1.0, 0.0, 0.0, 0.498478170052, -0.959761096056, -1.0, 1.02457685091, 0.926717419487, 2.30950021076, 97836.0, 542, 99487.0
-0.963589167321, 2.00791531743, -1.0, 0.0225912334081, -0.0550438745401, -0.998828828443, 1.01249589201, 2.97171278318, 0.00890081475208, 2.00588577174, 0.0, 2.01206988642, 1.91661201341, 2.99951473828, 1.0, 0.998041237803, 1.99925189835, -0.951791919332, 2.38874790653e-06, -0.930128260114, 2.96977087478, -0.99984874219, 0.0, 2.99497300904, 0.0208427253512, 0.970412366872, -0.938304628588, 2.99901822674, 2.98023747528, -0.969791678947, -0.978461882268, 2.00834356187, 1.02049622802, -0.959304315016, 2.01463547011, 2.99938727394, 1.0, 2.0, -1.0, 2.00833130151, -0.118223496428, 1.0, 0.0, 0.0, 0.498478170052, -0.959761096056, -1.0, 1.02457685091, 0.926717419487, 2.30950021076, 97836.0, 542, 99487.0
-0.962423125881, 2.00791267373, -1.0, 0.023804608461, -0.0548034430268, -0.998822432223, 1.01241270981, 2.97171278318, -0.000272416731968, 2.00588605732, 0.0, 2.00007705975, 1.99980320748, 2.98640459756, 1.0, 0.998041237803, 2.01128461219, -0.951791874769, 8.10404264675e-09, -0.92150028564, 2.96977087478, -0.999850078523, 0.0, 2.99987581708, -0.000470992081428, 0.970867333312, -0.938304628588, 0.965211967828, 2.99023111715, -0.969791678947, -0.978564750563, 2.00834356187, 1.0201617675, -0.961860808376, 2.01463547026, 2.86929472122, 1.24161995875, 2.0, -1.0, 2.00869566828, -0.116449494189, 1.0, 0.0, 0.0, 0.914272890622, -0.999497550928, -1.0, 1.00050960568, -0.00689330908565, 2.29937958463, 97796.0, 542, 99487.0
-0.962423125881, 2.00791267373, -1.0, 0.023804608461, -0.0548034430268, -0.998822432223, 1.01241270981, 2.97171278318, -0.000272416731968, 2.00588605732, 0.0, 2.00007705975, 1.99980320748, 2.98640459756, 1.0, 0.998041237803, 2.01128461219, -0.951791874769, 8.10404264675e-09, -0.92150028564, 2.96977087478, -0.999850078523, 0.0, 2.99987581708, -0.000470992081428, 0.970867333312, -0.938304628588, 0.965211967828, 2.99023111715, -0.969791678947, -0.978564750563, 2.00834356187, 1.0201617675, -0.961860808376, 2.01463547026, 2.86929472122, 1.24161995875, 2.0, -1.0, 2.00869566828, -0.116449494189, 1.0, 0.0, 0.0, 0.914272890622, -0.999497550928, -1.0, 1.00050960568, -0.00689330908565, 2.29937958463, 97796.0, 542, 99487.0
-0.962423125881, 2.00791267373, -1.0, 0.023804608461, -0.0548034430268, -0.998822432223, 1.01241270981, 2.97171278318, -0.000272416731968, 2.00588605732, 0.0, 2.00007705975, 1.99980320748, 2.98640459756, 1.0, 0.998041237803, 2.01128461219, -0.951791874769, 8.10404264675e-09, -0.92150028564, 2.96977087478, -0.999850078523, 0.0, 2.99987581708, -0.000470992081428, 0.970867333312, -0.938304628588, 0.965211967828, 2.99023111715, -0.969791678947, -0.978564750563, 2.00834356187, 1.0201617675, -0.961860808376, 2.01463547026, 2.86929472122, 1.24161995875, 2.0, -1.0, 2.00869566828, -0.116449494189, 1.0, 0.0, 0.0, 0.914272890622, -0.999497550928, -1.0, 1.00050960568, -0.00689330908565, 2.29937958463, 97796.0, 542, 99487.0
-0.962423125881, 2.00791267373, -1.0, 0.023804608461, -0.0548034430268, -0.998822432223, 1.01241270981, 2.97171278318, -0.000272416731968, 2.00588605732, 0.0, 2.00007705975, 1.99980320748, 2.98640459756, 1.0, 0.998041237803, 2.01128461219, -0.951791874769, 8.10404264675e-09, -0.92150028564, 2.96977087478, -0.999850078523, 0.0, 2.99987581708, -0.000470992081428, 0.970867333312, -0.938304628588, 0.965211967828, 2.99023111715, -0.969791678947, -0.978564750563, 2.00834356187, 1.0201617675, -0.961860808376, 2.01463547026, 2.86929472122, 1.24161995875, 2.0, -1.0, 2.00869566828, -0.116449494189, 1.0, 0.0, 0.0, 0.914272890622, -0.999497550928, -1.0, 1.00050960568, -0.00689330908565, 2.29937958463, 97796.0, 542, 99487.0
-0.127808357638, 2.00839532675, -1.0, 0.0225346918956, -0.0548034430268, -0.955839941459, 0.850324279411, 2.97171278318, -0.000379122843396, 2.00598344999, 0.0, 2.00014475555, 1.99980325548, 2.99965047103, 1.0, 0.998041237803, 2.99240669843, -0.952446720049, 8.10404264675e-09, -0.89681593329, 2.96977087478, -0.999851128117, 0.740640929123, 2.99994401966, 0.0209167577921, 0.998779929895, -0.938304628588, 1.00197067093, 2.03659721958, -0.969791678947, -0.978564750563, 2.00484013184, 1.02013481207, -0.961519675404, 2.00033272278, 2.99997819317, 1.00091361599, 2.0, -1.0, 1.99987636903, -0.116495318621, 1.0, 0.0, 0.0, 0.915247424318, -0.981501341282, -1.0, 1.02500177765, 0.000124648730137, 2.98869343706, 97775.0, 559, 99476.0
-0.127808357638, 2.00839532675, -1.0, 0.0225346918956, -0.0548034430268, -0.955839941459, 0.850324279411, 2.97171278318, -0.000379122843396, 2.00598344999, 0.0, 2.00014475555, 1.99980325548, 2.99965047103, 1.0, 0.998041237803, 2.99240669843, -0.952446720049, 8.10404264675e-09, -0.89681593329, 2.96977087478, -0.999851128117, 0.740640929123, 2.99994401966, 0.0209167577921, 0.998779929895, -0.938304628588, 1.00197067093, 2.03659721958, -0.969791678947, -0.978564750563, 2.00484013184, 1.02013481207, -0.961519675404, 2.00033272278, 2.99997819317, 1.00091361599, 2.0, -1.0, 1.99987636903, -0.116495318621, 1.0, 0.0, 0.0, 0.915247424318, -0.981501341282, -1.0, 1.02500177765, 0.000124648730137, 2.98869343706, 97775.0, 559, 99476.0
-0.127808357638, 2.00839532675, -1.0, 0.0225346918956, -0.0548034430268, -0.955839941459, 0.850324279411, 2.97171278318, -0.000379122843396, 2.00598344999, 0.0, 2.00014475555, 1.99980325548, 2.99965047103, 1.0, 0.998041237803, 2.99240669843, -0.952446720049, 8.10404264675e-09, -0.89681593329, 2.96977087478, -0.999851128117, 0.740640929123, 2.99994401966, 0.0209167577921, 0.998779929895, -0.938304628588, 1.00197067093, 2.03659721958, -0.969791678947, -0.978564750563, 2.00484013184, 1.02013481207, -0.961519675404, 2.00033272278, 2.99997819317, 1.00091361599, 2.0, -1.0, 1.99987636903, -0.116495318621, 1.0, 0.0, 0.0, 0.915247424318, -0.981501341282, -1.0, 1.02500177765, 0.000124648730137, 2.98869343706, 97775.0, 559, 99476.0
-0.127808357638, 2.00839532675, -1.0, 0.0225346918956, -0.0548034430268, -0.955839941459, 0.850324279411, 2.97171278318, -0.000379122843396, 2.00598344999, 0.0, 2.00014475555, 1.99980325548, 2.99965047103, 1.0, 0.998041237803, 2.99240669843, -0.952446720049, 8.10404264675e-09, -0.89681593329, 2.96977087478, -0.999851128117, 0.740640929123, 2.99994401966, 0.0209167577921, 0.998779929895, -0.938304628588, 1.03708777396, 2.03659721958, -0.969791678947, -0.978564750563, 2.00484013184, 1.02013481207, -0.961519675404, 2.00033272278, 2.99997819317, 1.00091361599, 2.0, -1.0, 1.99987636903, -0.116495318621, 1.0, 0.0, 0.0, 0.915247424318, -0.981501341282, -1.0, 1.02500177765, 0.000124648730137, 2.98869343706, 97775.0, 559, 99476.0
-0.127808357638, 2.00839532675, -1.0, 0.0225346918956, -0.0548034430268, -0.955839941459, 0.850324279411, 2.97171278318, -0.000379122843396, 2.00598344999, 0.0, 2.00014475555, 1.99980325548, 2.99965047103, 1.0, 0.998041237803, 2.99240669843, -0.952446720049, 8.10404264675e-09, -0.89681593329, 2.96977087478, -0.999851128117, 0.740640929123, 2.99994401966, 0.0209167577921, 0.998779929895, -0.938304628588, 1.03708777396, 2.03659721958, -0.969791678947, -0.978564750563, 2.00484013184, 1.02013481207, -0.961519675404, 2.00033272278, 2.99997819317, 1.00091361599, 2.0, -1.0, 1.99987636903, -0.116495318621, 1.0, 0.0, 0.0, 0.915247424318, -0.981501341282, -1.0, 1.02500177765, 0.000124648730137, 2.98869343706, 97775.0, 559, 99476.0
-0.127808357638, 2.00839532675, -1.0, 0.0225346918956, -0.0548034430268, -0.955839941459, 0.850324279411, 2.97171278318, -0.000379122843396, 2.00598344999, 0.0, 2.00014475555, 1.99980325548, 2.99965047103, 1.0, 0.998041237803, 2.99240669843, -0.952446720049, 8.10404264675e-09, -0.89681593329, 2.96977087478, -0.999851128117, 0.740640929123, 2.99994401966, 0.0209167577921, 0.998779929895, -0.938304628588, 1.03708777396, 2.03659721958, -0.969791678947, -0.978564750563, 2.00484013184, 1.02013481207, -0.961519675404, 2.00033272278, 2.99997819317, 1.00091361599, 2.0, -1.0, 1.99987636903, -0.116495318621, 1.0, 0.0, 0.0, 0.915247424318, -0.981501341282, -1.0, 1.02500177765, 0.000124648730137, 2.98869343706, 97775.0, 559, 99476.0
-0.127808357638, 2.00839532675, -1.0, 0.0225346918956, -0.0548034430268, -0.955839941459, 0.850324279411, 2.97171278318, -0.000379122843396, 2.00598344999, 0.0, 2.00014475555, 1.99980325548, 2.99965047103, 1.0, 0.998041237803, 2.99240669843, -0.952446720049, 8.10404264675e-09, -0.89681593329, 2.96977087478, -0.999851128117, 0.740640929123, 2.99994401966, 0.0209167577921, 0.998779929895, -0.938304628588, 1.03708777396, 2.03659721958, -0.969791678947, -0.978564750563, 2.00484013184, 1.02013481207, -0.961519675404, 2.00033272278, 2.99997819317, 1.00091361599, 2.0, -1.0, 1.99987636903, -0.116495318621, 1.0, 0.0, 0.0, 0.915247424318, -0.981501341282, -1.0, 1.02500177765, 0.000124648730137, 2.98869343706, 97775.0, 559, 99476.0
-0.962942722807, 1.9597188287, -1.0, -0.99037523006, -0.000348980035459, 2.96900670214, 1.01249589201, 2.97171278318, 0.00890081475208, 2.00588577174, 0.0, 1.99987935501, 1.86911161818, 2.94625413505, -0.992832742977, 0.998041237803, 2.14378744557, -0.952418796882, 0.972390356828, -0.930128260114, 2.00435493919, -0.969102705914, 0.0, 0.0426758732266, 0.015033758313, 0.970412366872, 1.97579219591, 0.0369832488472, 2.98023747528, -0.969791678947, -0.971532430928, 1.99353089952, 1.0187992022, -0.999532253175, -0.953579661339, 2.7678245755, 0.892990596085, 2.0, -1.0, 1.00315698982, -0.00544025889357, 1.0, 0.0, 0.0, 0.498478170052, -0.96018451429, -1.0, 1.02457685091, 0.989921424491, 2.98867455107, 97875.0, 515, 99503.0
-0.962942722807, 1.9597188287, -1.0, -0.99037523006, -0.000348980035459, 2.96900670214, 1.01249589201, 2.97171278318, 0.00890081475208, 2.00588577174, 0.0, 1.99987935501, 1.86911161818, 2.94625413505, -0.992832742977, 0.998041237803, 2.14378744557, -0.952418796882, 0.972390356828, -0.930128260114, 2.00435493919, -0.969102705914, 0.0, 0.0426758732266, 0.015033758313, 0.970412366872, 1.97579219591, 0.0369832488472, 2.98023747528, -0.969791678947, -0.971532430928, 1.99353089952, 1.0187992022, -0.999532253175, -0.953579661339, 2.7678245755, 0.892990596085, 2.0, -1.0, 1.00315698982, -0.00544025889357, 1.0, 0.0, 0.0, 0.498478170052, -0.96018451429, -1.0, 1.02457685091, 0.989921424491, 2.98867455107, 97875.0, 515, 99503.0
-0.962942722807, 1.9597188287, -1.0, -0.99037523006, -0.000348980035459, 2.96900670214, 1.01249589201, 2.97171278318, 0.00890081475208, 2.00588577174, 0.0, 1.99987935501, 1.86911161818, 2.94625413505, -0.992832742977, 0.998041237803, 2.14378744557, -0.952418796882, 0.972390356828, -0.930128260114, 2.00435493919, -0.969102705914, 0.0, 0.0426758732266, 0.015033758313, 0.970412366872, 1.97579219591, 0.0369832488472, 2.98023747528, -0.969791678947, -0.971532430928, 1.99353089952, 1.0187992022, -0.999532253175, -0.953579661339, 2.7678245755, 0.892990596085, 2.0, -1.0, 1.00315698982, -0.00544025889357, 1.0, 0.0, 0.0, 0.498478170052, -0.96018451429, -1.0, 1.02457685091, 0.989921424491, 2.98867455107, 97875.0, 515, 99503.0
-0.962942722807, 1.9597188287, -1.0, -0.99037523006, -0.000348980035459, 2.96900670214, 1.01249589201, 2.97171278318, 0.00890081475208, 2.00588577174, 0.0, 1.99987935501, 1.86911161818, 2.94625413505, -0.992832742977, 0.998041237803, 2.14378744557, -0.952418796882, 0.972390356828, -0.930128260114, 2.00435493919, -0.969102705914, 0.0, 0.0426758732266, 0.015033758313, 0.970412366872, 1.97579219591, 0.0369832488472, 2.98023747528, -0.969791678947, -0.971532430928, 1.99353089952, 1.0187992022, -0.999532253175, -0.953579661339, 2.7678245755, 0.892990596085, 2.0, -1.0, 1.00315698982, -0.00544025889357, 1.0, 0.0, 0.0, 0.498478170052, -0.96018451429, -1.0, 1.02457685091, 0.989921424491, 2.98867455107, 97875.0, 515, 99503.0
-0.962942722807, 1.9597188287, -1.0, -0.99037523006, -0.000348980035459, 2.96900670214, 1.01249589201, 2.97171278318, 0.00890081475208, 2.00588577174, 0.0, 1.99987935501, 1.86911161818, 2.94625413505, -0.992832742977, 0.998041237803, 2.14378744557, -0.952418796882, 0.972390356828, -0.930128260114, 2.00435493919, -0.969102705914, 0.0, 0.0426758732266, 0.015033758313, 0.970412366872, 1.97579219591, 0.0369832488472, 2.98023747528, -0.969791678947, -0.971532430928, 1.99353089952, 1.0187992022, -0.999532253175, -0.953579661339, 2.7678245755, 0.892990596085, 2.0, -1.0, 1.00315698982, -0.00544025889357, 1.0, 0.0, 0.0, 0.498478170052, -0.96018451429, -1.0, 1.02457685091, 0.989921424491, 2.98867455107, 97875.0, 515, 99503.0
-0.994949303218, 2.00774816731, -1.0, 0.0233927850987, -0.0289030960212, -0.954693531526, 1.00015032439, 2.93924968215, -0.000130430241123, 1.99995038893, 0.0, 2.00008416015, 1.99980928042, 3.0, 1.0, 0.998041237803, 2.13449454579, -0.997506587754, 2.41878885346e-06, -0.902118982982, 2.96977087478, -0.999997615144, -0.0761893253118, 2.99990024046, -0.000599867940039, 0.999085564334, -0.938304628588, 1.00975531112, 2.01675995316, -0.969791678947, -0.978564750563, 2.00834356187, 0.943220977869, -0.953054170173, 2.00010629058, 3.0, 1.0, 2.0, -1.0, 1.99966918032, -0.11649605769, 1.0, 0.0, 0.0, 0.915177090432, -1.0, -1.0, 1.0, 0.0, 2.98869343706, 97808.0, 542, 99487.0
-0.994949303218, 2.00774816731, -1.0, 0.0233927850987, -0.0289030960212, -0.954693531526, 1.00015032439, 2.93924968215, -0.000130430241123, 1.99995038893, 0.0, 2.00008416015, 1.99980928042, 3.0, 1.0, 0.998041237803, 2.13449454579, -0.997506587754, 2.41878885346e-06, -0.902118982982, 2.96977087478, -0.999997615144, -0.0761893253118, 2.99990024046, -0.000599867940039, 0.999085564334, -0.938304628588, 1.00975531112, 2.01675995316, -0.969791678947, -0.978564750563, 2.00834356187, 0.943220977869, -0.953054170173, 2.00010629058, 3.0, 1.0, 2.0, -1.0, 1.99966918032, -0.11649605769, 1.0, 0.0, 0.0, 0.915177090432, -1.0, -1.0, 1.0, 0.0, 2.98869343706, 97808.0, 542, 99487.0
-0.994949303218, 2.00774816731, -1.0, 0.0233927850987, -0.0289030960212, -0.954693531526, 1.00015032439, 2.93924968215, -0.000130430241123, 1.99995038893, 0.0, 2.00008416015, 1.99980928042, 3.0, 1.0, 0.998041237803, 2.13449454579, -0.997506587754, 2.41878885346e-06, -0.902118982982, 2.96977087478, -0.999997615144, -0.0761893253118, 2.99990024046, -0.000599867940039, 0.999085564334, -0.938304628588, 1.00975531112, 2.01675995316, -0.969791678947, -0.978564750563, 2.00834356187, 0.943220977869, -0.953054170173, 2.00010629058, 3.0, 1.0, 2.0, -1.0, 1.99966918032, -0.11649605769, 1.0, 0.0, 0.0, 0.915177090432, -1.0, -1.0, 1.0, 0.0, 2.98869343706, 97808.0, 542, 99487.0
-0.994949303218, 2.00774816731, -1.0, 0.0233927850987, -0.0289030960212, -0.954693531526, 1.00015032439, 2.93924968215, -0.000130430241123, 1.99995038893, 0.0, 2.00008416015, 1.99980928042, 3.0, 1.0, 0.998041237803, 2.13449454579, -0.997506587754, 2.41878885346e-06, -0.902118982982, 2.96977087478, -0.999997615144, -0.0761893253118, 2.99990024046, -0.000599867940039, 0.999085564334, -0.938304628588, 1.00975531112, 2.01675995316, -0.969791678947, -0.978564750563, 2.00834356187, 0.943220977869, -0.953054170173, 2.00010629058, 3.0, 1.0, 2.0, -1.0, 1.99966918032, -0.11649605769, 1.0, 0.0, 0.0, 0.915177090432, -1.0, -1.0, 1.0, 0.0, 2.98869343706, 97808.0, 542, 99487.0
-0.994949303218, 2.00774816731, -1.0, 0.0233927850987, -0.0289030960212, -0.954693531526, 1.00015032439, 2.93924968215, -0.000130430241123, 1.99995038893, 0.0, 2.00008416015, 1.99980928042, 3.0, 1.0, 0.998041237803, 2.13449454579, -0.997506587754, 2.41878885346e-06, -0.902118982982, 2.96977087478, -0.999997615144, -0.0761893253118, 2.99990024046, -0.000599867940039, 0.999085564334, -0.938304628588, 1.00975531112, 2.01675995316, -0.969791678947, -0.978564750563, 2.00834356187, 0.943220977869, -0.953054170173, 2.00010629058, 3.0, 1.0, 2.0, -1.0, 1.99966918032, -0.11649605769, 1.0, 0.0, 0.0, 0.915177090432, -1.0, -1.0, 1.0, 0.0, 2.98869343706, 97808.0, 542, 99487.0
-0.201103370962, 2.00795137015, -1.0, 0.0225346918956, -0.054632852841, -0.955852479429, 0.850324279411, 2.97171278318, -0.000379122843396, 2.00004345816, 0.0, 2.01252722927, 1.99980316307, 2.99965047103, 1.0, 0.998041237803, 2.99240669843, -0.974418955478, 8.10404264675e-09, -0.896615427568, 2.96977087478, -0.999998577676, 0.743374637759, 2.99994177344, -0.000599581045876, 0.970581102092, -0.938304628588, 1.00201112402, 2.03728321807, -0.969791678947, -0.978564750563, 2.00482575288, 0.943019346904, -0.961519675404, 2.197339526, 2.99939139348, 0.996377828014, 2.0, -1.0, 1.99987636903, -0.116449494189, 1.0, 0.0, 0.0, 0.910446352016, -0.999918293996, -1.0, 1.02485424542, 0.000125316314755, 2.98869343706, 97775.0, 559, 99476.0
-0.201103370962, 2.00795137015, -1.0, 0.0225346918956, -0.054632852841, -0.955852479429, 0.850324279411, 2.97171278318, -0.000379122843396, 2.00004345816, 0.0, 2.01252722927, 1.99980316307, 2.99965047103, 1.0, 0.998041237803, 2.99240669843, -0.974418955478, 8.10404264675e-09, -0.896615427568, 2.96977087478, -0.999998577676, 0.743374637759, 2.99994177344, -0.000599581045876, 0.970581102092, -0.938304628588, 1.00201112402, 2.03728321807, -0.969791678947, -0.978564750563, 2.00482575288, 0.943019346904, -0.961519675404, 2.197339526, 2.99939139348, 0.996377828014, 2.0, -1.0, 1.99987636903, -0.116449494189, 1.0, 0.0, 0.0, 0.910446352016, -0.999918293996, -1.0, 1.02485424542, 0.000125316314755, 2.98869343706, 97775.0, 559, 99476.0
-0.201103370962, 2.00795137015, -1.0, 0.0225346918956, -0.054632852841, -0.955852479429, 0.850324279411, 2.97171278318, -0.000379122843396, 2.00004345816, 0.0, 2.01252722927, 1.99980316307, 2.99965047103, 1.0, 0.998041237803, 2.99240669843, -0.974418955478, 8.10404264675e-09, -0.896615427568, 2.96977087478, -0.999998577676, 0.743374637759, 2.99994177344, -0.000599581045876, 0.970581102092, -0.938304628588, 1.00201112402, 2.03728321807, -0.969791678947, -0.978564750563, 2.00482575288, 0.943019346904, -0.961519675404, 2.197339526, 2.99939139348, 0.996377828014, 2.0, -1.0, 1.99987636903, -0.116449494189, 1.0, 0.0, 0.0, 0.910446352016, -0.999918293996, -1.0, 1.02485424542, 0.000125316314755, 2.98869343706, 97775.0, 559, 99476.0
-0.201103370962, 2.00795137015, -1.0, 0.0225346918956, -0.054632852841, -0.955852479429, 0.850324279411, 2.97171278318, -0.000379122843396, 2.00004345816, 0.0, 2.01252722927, 1.99980316307, 2.99965047103, 1.0, 0.998041237803, 2.99240669843, -0.974418955478, 8.10404264675e-09, -0.896615427568, 2.96977087478, -0.999998577676, 0.743374637759, 2.99994177344, -0.000599581045876, 0.970581102092, -0.938304628588, 1.00201112402, 2.03728321807, -0.969791678947, -0.978564750563, 2.00482575288, 0.943019346904, -0.961519675404, 2.197339526, 2.99939139348, 0.996377828014, 2.0, -1.0, 1.99987636903, -0.116449494189, 1.0, 0.0, 0.0, 0.910446352016, -0.999918293996, -1.0, 1.02485424542, 0.000125316314755, 2.98869343706, 97775.0, 559, 99476.0
-0.201103370962, 2.00795137015, -1.0, 0.0225346918956, -0.054632852841, -0.955852479429, 0.850324279411, 2.97171278318, -0.000379122843396, 2.00004345816, 0.0, 2.01252722927, 1.99980316307, 2.99965047103, 1.0, 0.998041237803, 2.99240669843, -0.974418955478, 8.10404264675e-09, -0.896615427568, 2.96977087478, -0.999998577676, 0.743374637759, 2.99994177344, -0.000599581045876, 0.970581102092, -0.938304628588, 1.00201112402, 2.03728321807, -0.969791678947, -0.978564750563, 2.00482575288, 0.943019346904, -0.961519675404, 2.197339526, 2.99939139348, 0.996377828014, 2.0, -1.0, 1.99987636903, -0.116449494189, 1.0, 0.0, 0.0, 0.910446352016, -0.999918293996, -1.0, 1.02485424542, 0.000125316314755, 2.98869343706, 97775.0, 559, 99476.0
