0.613118815407, 0.930896977606, 2.05786539635, 0.38598199002, 28.9452961547, 46.4506017178, 2.38418963809, 0.777374645765, 22.7701884571, 215.698409149, 0.488024528812, 0.00729927007299
0.61066101917, 0.930896977606, 2.00496684672, 0.38598199002, 27.2269118779, 46.4506017178, 2.38568053076, 0.53272100645, 22.7701884571, 208.001730552, 0.574154172752, 0.0609137055838
0.61066101917, 0.930896977606, 2.00496684672, 0.38598199002, 27.2269118779, 46.4506017178, 2.38568053076, 0.53272100645, 22.7701884571, 208.001730552, 0.574154172752, 0.0609137055838
0.61066101917, 0.930896977606, 2.00496684672, 0.38598199002, 27.2269118779, 46.4506017178, 2.38568053076, 0.53272100645, 22.7701884571, 208.001730552, 0.574154172752, 0.0609137055838
0.61066101917, 0.930896977606, 2.00496684672, 0.38598199002, 27.2269118779, 46.4506017178, 2.38568053076, 0.53272100645, 22.7701884571, 208.001730552, 0.574154172752, 0.0609137055838
0.61066101917, 0.930896977606, 2.00496684672, 0.38598199002, 27.2269118779, 46.4506017178, 2.38568053076, 0.53272100645, 22.7701884571, 208.416615224, 0.567812200891, 0.0511363636364
0.61066101917, 0.930896977606, 2.00496684672, 0.38598199002, 27.2269118779, 46.4506017178, 2.38568053076, 0.53272100645, 22.7701884571, 208.416615224, 0.567812200891, 0.0511363636364
0.61066101917, 0.930896977606, 2.00496684672, 0.38598199002, 27.2269118779, 46.4506017178, 2.38568053076, 0.53272100645, 22.7701884571, 208.416615224, 0.567812200891, 0.0511363636364
0.607238820869, 0.930896977606, 2.00496684672, 0.38598199002, 27.2269118779, 46.4506017178, 2.38568053076, 0.53272100645, 22.7701884571, 205.327655015, 0.592163571267, 0.266129032258
0.607238820869, 0.930896977606, 2.00496684672, 0.38598199002, 27.2269118779, 46.4506017178, 2.38568053076, 0.53272100645, 22.7701884571, 205.327655015, 0.592163571267, 0.266129032258
0.607238820869, 0.930896977606, 2.00496684672, 0.38598199002, 27.2269118779, 46.4506017178, 2.38568053076, 0.53272100645, 22.7701884571, 205.327655015, 0.592163571267, 0.266129032258
0.607238820869, 0.930896977606, 2.00496684672, 0.38598199002, 27.2269118779, 46.4506017178, 2.38568053076, 0.53272100645, 22.7701884571, 205.327655015, 0.592163571267, 0.266129032258
0.607238820869, 0.930896977606, 2.00496684672, 0.38598199002, 27.2269118779, 46.4506017178, 2.38568053076, 0.53272100645, 22.7701884571, 205.327655015, 0.592163571267, 0.266129032258
0.607238820869, 0.930896977606, 2.00496684672, 0.38598199002, 27.2269118779, 46.4506017178, 2.38568053076, 0.53272100645, 22.7701884571, 205.327655015, 0.592163571267, 0.266129032258
0.607238820869, 0.930896977606, 2.00496684672, 0.38598199002, 27.2269118779, 46.4506017178, 2.38568053076, 0.53272100645, 22.7701884571, 205.327655015, 0.592163571267, 0.266129032258
0.607238820869, 0.930896977606, 2.00496684672, 0.38598199002, 27.2269118779, 46.4506017178, 2.38568053076, 0.53272100645, 22.7701884571, 205.327655015, 0.592163571267, 0.266129032258
0.61066101917, 0.930896977606, 2.00496684672, 0.38598199002, 29.6776015375, 45.672118603, 2.38568053076, 0.243238581679, 20.9719560649, 195.974529716, 0.620505912684, 0.280141843972
0.61066101917, 0.930896977606, 2.00496684672, 0.38598199002, 29.6776015375, 45.672118603, 2.38568053076, 0.243238581679, 20.9719560649, 195.974529716, 0.620505912684, 0.280141843972
0.61066101917, 0.930896977606, 2.00496684672, 0.38598199002, 29.6776015375, 45.672118603, 2.38568053076, 0.243238581679, 20.9719560649, 195.974529716, 0.620505912684, 0.280141843972
0.61066101917, 0.930896977606, 2.00496684672, 0.38598199002, 29.6776015375, 45.672118603, 2.38568053076, 0.243238581679, 20.9719560649, 195.974529716, 0.620505912684, 0.280141843972
0.61066101917, 0.930896977606, 2.00496684672, 0.38598199002, 29.6776015375, 45.672118603, 2.38568053076, 0.243238581679, 20.9719560649, 195.974529716, 0.620505912684, 0.280141843972
0.61066101917, 0.930896977606, 2.00496684672, 0.38598199002, 29.6776015375, 45.672118603, 2.38568053076, 0.243238581679, 20.9719560649, 195.974529716, 0.620505912684, 0.280141843972
0.61066101917, 0.930896977606, 2.00496684672, 0.38598199002, 29.6776015375, 45.672118603, 2.38568053076, 0.243238581679, 20.9719560649, 195.974529716, 0.620505912684, 0.280141843972
0.61066101917, 0.930896977606, 2.00496684672, 0.38598199002, 29.6776015375, 45.672118603, 2.38568053076, 0.243238581679, 20.9719560649, 195.974529716, 0.620505912684, 0.280141843972
0.61066101917, 0.930896977606, 2.00496684672, 0.38598199002, 29.6776015375, 45.672118603, 2.38568053076, 0.243238581679, 20.9719560649, 195.974529716, 0.620505912684, 0.280141843972
0.61066101917, 0.930896977606, 2.00496684672, 0.38598199002, 29.6776015375, 45.672118603, 2.38568053076, 0.243238581679, 20.9719560649, 195.974529716, 0.620505912684, 0.280141843972
0.61066101917, 0.930896977606, 2.00496684672, 0.38598199002, 29.6776015375, 45.672118603, 2.38568053076, 0.243238581679, 20.9719560649, 195.974529716, 0.620505912684, 0.280141843972
0.61066101917, 0.930896977606, 2.00496684672, 0.38598199002, 29.6776015375, 45.672118603, 2.38568053076, 0.243238581679, 20.9719560649, 195.974529716, 0.620505912684, 0.280141843972
0.61066101917, 0.930896977606, 2.00496684672, 0.38598199002, 29.6776015375, 45.672118603, 2.38568053076, 0.243238581679, 20.9719560649, 195.974529716, 0.620505912684, 0.280141843972
0.61066101917, 0.930896977606, 2.00496684672, 0.38598199002, 29.6776015375, 45.672118603, 2.38568053076, 0.243238581679, 20.9719560649, 195.974529716, 0.620505912684, 0.280141843972
0.61066101917, 0.930896977606, 2.00496684672, 0.38598199002, 29.6776015375, 45.672118603, 2.38568053076, 0.243238581679, 20.9719560649, 195.974529716, 0.620505912684, 0.280141843972
0.61066101917, 0.930896977606, 2.00496684672, 0.38598199002, 29.6776015375, 45.672118603, 2.38568053076, 0.243238581679, 20.9719560649, 195.974529716, 0.620505912684, 0.280141843972
0.61066101917, 0.930896977606, 2.00496684672, 0.38598199002, 29.6776015375, 45.672118603, 2.38568053076, 0.243238581679, 20.9719560649, 195.974529716, 0.620505912684, 0.280141843972
0.61066101917, 0.930896977606, 2.00496684672, 0.38598199002, 29.6776015375, 45.672118603, 2.38568053076, 0.243238581679, 20.9719560649, 195.974529716, 0.620505912684, 0.280141843972
0.61066101917, 0.930896977606, 2.00496684672, 0.38598199002, 29.6776015375, 45.672118603, 2.38568053076, 0.243238581679, 20.9719560649, 195.974529716, 0.620505912684, 0.280141843972
0.61066101917, 0.930896977606, 2.00496684672, 0.38598199002, 29.6776015375, 45.672118603, 2.38568053076, 0.243238581679, 20.9719560649, 195.974529716, 0.620505912684, 0.280141843972
0.61066101917, 0.930896977606, 2.00496684672, 0.38598199002, 27.123642368, 45.3393834964, 2.37212382705, 0.525049656187, 22.7701884571, 204.921318698, 0.586772885192, 0.02
0.61066101917, 0.930896977606, 2.00496684672, 0.38598199002, 27.123642368, 45.3393834964, 2.37212382705, 0.525049656187, 22.7701884571, 204.921318698, 0.586772885192, 0.02
0.61066101917, 0.930896977606, 2.00496684672, 0.38598199002, 27.123642368, 45.3393834964, 2.37212382705, 0.525049656187, 22.7701884571, 204.921318698, 0.586772885192, 0.02
0.612825822966, 0.930896977606, 2.00496684672, 0.38598199002, 27.2269118779, 46.4506017178, 2.54106018826, 0.53272100645, 22.7701884571, 201.624920092, 0.54638729936, 0.0157480314961
0.612825822966, 0.930896977606, 2.00496684672, 0.38598199002, 27.2269118779, 46.4506017178, 2.54106018826, 0.53272100645, 22.7701884571, 201.624920092, 0.54638729936, 0.0157480314961
0.612825822966, 0.930896977606, 2.00496684672, 0.38598199002, 27.2269118779, 46.4506017178, 2.54106018826, 0.53272100645, 22.7701884571, 201.624920092, 0.54638729936, 0.0157480314961
0.612825822966, 0.930896977606, 2.00496684672, 0.38598199002, 27.2269118779, 46.4506017178, 2.54106018826, 0.53272100645, 22.7701884571, 201.624920092, 0.54638729936, 0.0157480314961
0.612825822966, 0.930896977606, 2.00496684672, 0.38598199002, 27.2269118779, 46.4506017178, 2.54106018826, 0.53272100645, 22.7701884571, 201.624920092, 0.54638729936, 0.0157480314961
0.612825822966, 0.930896977606, 2.00496684672, 0.38598199002, 27.2269118779, 46.4506017178, 2.54106018826, 0.53272100645, 22.7701884571, 201.624920092, 0.54638729936, 0.0157480314961
0.612825822966, 0.930896977606, 2.00496684672, 0.38598199002, 27.2269118779, 46.4506017178, 2.54106018826, 0.53272100645, 22.7701884571, 201.624920092, 0.54638729936, 0.0157480314961
0.612825822966, 0.930896977606, 2.00496684672, 0.38598199002, 27.2269118779, 46.4506017178, 2.54106018826, 0.53272100645, 22.7701884571, 201.624920092, 0.54638729936, 0.0157480314961
0.612825822966, 0.930896977606, 2.00496684672, 0.38598199002, 27.2269118779, 46.4506017178, 2.54106018826, 0.53272100645, 22.7701884571, 201.624920092, 0.54638729936, 0.0157480314961
0.612825822966, 0.930896977606, 2.00496684672, 0.38598199002, 27.2269118779, 46.4506017178, 2.54106018826, 0.53272100645, 22.7701884571, 201.624920092, 0.54638729936, 0.0157480314961
0.612825822966, 0.930896977606, 2.00496684672, 0.38598199002, 27.2269118779, 46.4506017178, 2.54106018826, 0.53272100645, 22.7701884571, 201.624920092, 0.54638729936, 0.0157480314961
0.612825822966, 0.930896977606, 2.00496684672, 0.38598199002, 27.2269118779, 46.4506017178, 2.54106018826, 0.53272100645, 22.7701884571, 201.624920092, 0.54638729936, 0.0157480314961
0.612825822966, 0.930896977606, 2.00496684672, 0.38598199002, 27.2269118779, 46.4506017178, 2.54106018826, 0.53272100645, 22.7701884571, 201.624920092, 0.54638729936, 0.0157480314961
0.612825822966, 0.930896977606, 2.00496684672, 0.38598199002, 27.2269118779, 46.4506017178, 2.54106018826, 0.53272100645, 22.7701884571, 201.624920092, 0.54638729936, 0.0157480314961
0.612825822966, 0.930896977606, 2.00496684672, 0.38598199002, 27.2269118779, 46.4506017178, 2.54106018826, 0.53272100645, 22.7701884571, 201.624920092, 0.54638729936, 0.0157480314961
0.612825822966, 0.930896977606, 2.00496684672, 0.38598199002, 27.2269118779, 46.4506017178, 2.54106018826, 0.53272100645, 22.7701884571, 201.624920092, 0.54638729936, 0.0157480314961
0.612825822966, 0.930896977606, 2.00496684672, 0.38598199002, 27.2269118779, 46.4506017178, 2.54106018826, 0.53272100645, 22.7701884571, 201.624920092, 0.54638729936, 0.0157480314961
0.612825822966, 0.930896977606, 2.00496684672, 0.38598199002, 27.2269118779, 46.4506017178, 2.54106018826, 0.53272100645, 22.7701884571, 201.624920092, 0.54638729936, 0.0157480314961
0.612825822966, 0.930896977606, 2.00496684672, 0.38598199002, 27.2269118779, 46.4506017178, 2.54106018826, 0.53272100645, 22.7701884571, 201.624920092, 0.54638729936, 0.0157480314961
0.612825822966, 0.930896977606, 2.00496684672, 0.38598199002, 27.2269118779, 46.4506017178, 2.54106018826, 0.53272100645, 22.7701884571, 201.624920092, 0.54638729936, 0.0157480314961
0.612613946993, 0.930896977606, 2.00496684672, 0.38598199002, 27.2269118779, 46.4506017178, 2.54106018826, 0.53272100645, 22.7701884571, 203.042998174, 0.613640884715, 0.408360128617
0.612613946993, 0.930896977606, 2.00496684672, 0.38598199002, 27.2269118779, 46.4506017178, 2.54106018826, 0.53272100645, 22.7701884571, 203.042998174, 0.613640884715, 0.408360128617
0.612613946993, 0.930896977606, 2.00496684672, 0.38598199002, 27.2269118779, 46.4506017178, 2.54106018826, 0.53272100645, 22.7701884571, 203.042998174, 0.613640884715, 0.408360128617
0.612613946993, 0.930896977606, 2.00496684672, 0.38598199002, 27.2269118779, 46.4506017178, 2.53634241751, 0.53272100645, 22.7701884571, 205.388312844, 0.633649249348, 0.365591397849
0.612613946993, 0.930896977606, 2.00496684672, 0.38598199002, 27.2269118779, 46.4506017178, 2.53634241751, 0.53272100645, 22.7701884571, 205.388312844, 0.633649249348, 0.365591397849
0.612613946993, 0.930896977606, 2.00496684672, 0.38598199002, 27.2269118779, 46.4506017178, 2.53634241751, 0.53272100645, 22.7701884571, 205.388312844, 0.633649249348, 0.365591397849
0.612613946993, 0.930896977606, 2.00496684672, 0.38598199002, 27.2269118779, 46.4506017178, 2.53634241751, 0.53272100645, 22.7701884571, 205.388312844, 0.633649249348, 0.365591397849
0.612613946993, 0.930896977606, 2.00496684672, 0.38598199002, 27.2269118779, 46.4506017178, 2.53634241751, 0.53272100645, 22.7701884571, 205.388312844, 0.633649249348, 0.365591397849
0.612825822966, 0.930896977606, 2.00496684672, 0.38598199002, 27.2269118779, 46.4506017178, 2.54106018826, 0.53272100645, 23.0651081378, 207.855729387, 0.601031017406, 0.422641509434
0.607238820869, 0.930896977606, 2.00310353668, 0.38598199002, 27.2269118779, 46.4506017178, 2.38568053076, 0.53272100645, 22.7701884571, 195.088378021, 0.586143708996, 0.0625
0.607238820869, 0.930896977606, 2.00310353668, 0.38598199002, 27.2269118779, 46.4506017178, 2.38568053076, 0.53272100645, 22.7701884571, 195.088378021, 0.586143708996, 0.0625
0.607238820869, 0.930896977606, 2.00310353668, 0.38598199002, 27.2269118779, 46.4506017178, 2.38568053076, 0.53272100645, 22.7701884571, 195.088378021, 0.586143708996, 0.0625
0.607238820869, 0.930896977606, 2.00310353668, 0.38598199002, 27.2269118779, 46.4506017178, 2.38568053076, 0.53272100645, 22.7701884571, 195.088378021, 0.586143708996, 0.0625
0.607238820869, 0.930896977606, 2.00310353668, 0.38598199002, 27.2269118779, 46.4506017178, 2.38568053076, 0.53272100645, 22.7701884571, 195.088378021, 0.586143708996, 0.0625
0.607238820869, 0.930896977606, 2.00310353668, 0.38598199002, 27.2269118779, 46.4506017178, 2.38568053076, 0.53272100645, 22.7701884571, 195.088378021, 0.586143708996, 0.0625
0.607238820869, 0.930896977606, 2.00310353668, 0.38598199002, 27.2269118779, 46.4506017178, 2.38568053076, 0.53272100645, 22.7701884571, 195.088378021, 0.586143708996, 0.0625
0.607238820869, 0.930896977606, 2.00310353668, 0.38598199002, 27.2269118779, 46.4506017178, 2.38568053076, 0.53272100645, 22.7701884571, 195.088378021, 0.586143708996, 0.0625
0.607238820869, 0.930896977606, 2.00310353668, 0.38598199002, 27.2269118779, 46.4506017178, 2.38568053076, 0.53272100645, 22.7701884571, 195.088378021, 0.586143708996, 0.0625
0.607238820869, 0.930896977606, 2.00310353668, 0.38598199002, 27.2269118779, 46.4506017178, 2.38568053076, 0.53272100645, 22.7701884571, 195.088378021, 0.586143708996, 0.0625
0.607238820869, 0.930896977606, 2.00310353668, 0.38598199002, 27.2269118779, 46.4506017178, 2.38568053076, 0.53272100645, 22.7701884571, 195.088378021, 0.586143708996, 0.0625
0.607238820869, 0.930896977606, 2.00310353668, 0.38598199002, 27.2269118779, 46.4506017178, 2.38568053076, 0.53272100645, 22.7701884571, 195.088378021, 0.586143708996, 0.0625
0.607238820869, 0.930896977606, 2.00310353668, 0.38598199002, 27.2269118779, 46.4506017178, 2.38568053076, 0.53272100645, 22.7701884571, 195.088378021, 0.586143708996, 0.0625
0.607238820869, 0.930896977606, 2.00310353668, 0.38598199002, 27.2269118779, 46.4506017178, 2.38568053076, 0.53272100645, 22.7701884571, 195.088378021, 0.586143708996, 0.0625
0.607238820869, 0.930896977606, 2.00310353668, 0.38598199002, 27.2269118779, 46.4506017178, 2.38568053076, 0.53272100645, 22.7701884571, 195.088378021, 0.586143708996, 0.0625
0.607238820869, 0.930896977606, 2.00310353668, 0.38598199002, 27.2269118779, 46.4506017178, 2.38568053076, 0.53272100645, 22.7701884571, 195.088378021, 0.586143708996, 0.0625
0.607238820869, 0.930896977606, 2.00310353668, 0.38598199002, 27.2269118779, 46.4506017178, 2.38568053076, 0.53272100645, 22.7701884571, 195.088378021, 0.586143708996, 0.0625
0.607238820869, 0.930896977606, 2.00310353668, 0.38598199002, 27.2269118779, 46.4506017178, 2.38568053076, 0.53272100645, 22.7701884571, 195.088378021, 0.586143708996, 0.0625
0.607238820869, 0.930896977606, 2.00310353668, 0.38598199002, 27.2269118779, 46.4506017178, 2.38568053076, 0.53272100645, 22.7701884571, 195.088378021, 0.586143708996, 0.0625
0.607238820869, 0.930896977606, 2.00310353668, 0.38598199002, 27.2269118779, 46.4506017178, 2.38568053076, 0.53272100645, 22.7701884571, 195.088378021, 0.586143708996, 0.0625
0.61066101917, 0.930896977606, 2.00496684672, 0.38598199002, 29.6776015375, 45.672118603, 2.38568053076, 0.243238581679, 20.9719560649, 210.16897545, 0.574225993744, 0.0194174757282
0.61066101917, 0.930896977606, 2.00496684672, 0.38598199002, 29.6776015375, 45.672118603, 2.38568053076, 0.243238581679, 20.9719560649, 210.16897545, 0.574225993744, 0.0194174757282
0.612613946993, 0.9248820701, 2.00496684672, 0.38598199002, 27.2269118779, 46.4506017178, 2.53639949385, 0.53272100645, 22.7701884571, 215.634266526, 0.615624025168, 0.352941176471
0.61066101917, 0.930896977606, 2.00496684672, 0.452848934253, 29.6776015375, 45.672118603, 2.38568053076, 0.243238581679, 20.8677027456, 210.249939198, 0.622990439478, 0.301526717557
0.61066101917, 0.930896977606, 2.00496684672, 0.452848934253, 29.6776015375, 45.672118603, 2.38568053076, 0.243238581679, 20.8677027456, 210.249939198, 0.622990439478, 0.301526717557
0.61066101917, 0.930896977606, 2.00496684672, 0.452848934253, 29.6776015375, 45.672118603, 2.38568053076, 0.243238581679, 20.8677027456, 210.249939198, 0.622990439478, 0.301526717557
0.61066101917, 0.930896977606, 2.00496684672, 0.452848934253, 29.6776015375, 45.672118603, 2.38568053076, 0.243238581679, 20.8677027456, 210.249939198, 0.622990439478, 0.301526717557
0.61066101917, 0.930896977606, 2.00496684672, 0.452848934253, 29.6776015375, 45.672118603, 2.38568053076, 0.243238581679, 20.8677027456, 210.249939198, 0.622990439478, 0.301526717557
0.61066101917, 0.930896977606, 2.00496684672, 0.452848934253, 29.6776015375, 45.672118603, 2.38568053076, 0.243238581679, 20.8677027456, 210.249939198, 0.622990439478, 0.301526717557
0.612613946993, 0.930896977606, 2.00496684672, 0.387011675972, 29.5848002816, 46.3492426411, 2.46319885512, 0.53272100645, 20.8937596879, 203.831817913, 0.553138145431, 0.0
0.607238820869, 0.930896977606, 2.00310353668, 0.38598199002, 27.2269118779, 46.4506017178, 2.38610311799, 0.53272100645, 22.7742297303, 201.902172155, 0.555578649409, 0.172043010753
0.599078757989, 0.930896977606, 2.00496684672, 0.38598199002, 27.1242245303, 45.3377849383, 2.4616766467, 0.53272100645, 22.7701884571, 215.461924412, 0.567835617651, 0.079754601227
