0.664840277511, 1.00541500568, 2.50326709786, 0.510806905011, 71.6708012706, 8.04042279801, 0.42853692796, 4.97578780069, 1.40186300911, 79.5314389782, 0.356795786811, 0.6
0.664840277511, 1.00541500568, 2.50326709786, 0.510806905011, 71.6708012706, 8.04042279801, 0.42853692796, 4.97578780069, 1.40186300911, 79.5314389782, 0.356795786811, 0.6
0.664840277511, 1.00541500568, 2.50326709786, 0.510806905011, 71.6708012706, 8.04042279801, 0.42853692796, 4.97578780069, 1.40186300911, 79.5314389782, 0.356795786811, 0.6
0.664840277511, 1.00541500568, 2.50326709786, 0.510806905011, 71.6708012706, 8.04042279801, 0.42853692796, 4.97578780069, 1.40186300911, 79.5314389782, 0.356795786811, 0.6
0.664840277511, 1.00541500568, 2.50326709786, 0.510806905011, 71.6708012706, 8.04042279801, 0.42853692796, 4.97578780069, 1.40186300911, 79.5314389782, 0.356795786811, 0.6
0.664840277511, 1.00541500568, 2.50326709786, 0.510806905011, 71.6708012706, 8.04042279801, 0.42853692796, 4.97578780069, 1.40186300911, 79.5314389782, 0.356795786811, 0.6
0.664840277511, 1.00541500568, 2.50326709786, 0.510806905011, 71.6708012706, 8.04042279801, 0.42853692796, 4.97578780069, 1.40186300911, 79.5314389782, 0.356795786811, 0.6
0.664840277511, 1.00541500568, 2.50326709786, 0.510806905011, 71.6708012706, 8.04042279801, 0.42853692796, 4.97578780069, 1.40186300911, 79.5314389782, 0.356795786811, 0.6
0.664840277511, 1.00541500568, 2.50326709786, 0.510806905011, 71.6708012706, 8.04042279801, 0.42853692796, 4.97578780069, 1.40186300911, 79.5314389782, 0.356795786811, 0.6
0.637165145914, 1.00541500568, 2.72651145317, 0.537393063679, 71.6654534301, 7.9033292461, 0.146505761686, 4.97578780069, 3.24831445023, 83.1107628191, 0.13788158084, 0.0
0.664840277511, 1.00541500568, 2.12848850142, 0.510806905011, 71.6707711961, 8.04042279801, 0.416070287271, 4.97578780069, 1.40186300911, 61.5543612158, 0.185897761939, 0.777777777778
0.677012371772, 1.00541500568, 2.50326709786, 0.510806905011, 71.6708012706, 8.04042279801, 0.42853692796, 4.97578780069, 1.40186300911, 44.1130971824, 0.339819600768, 0.466666666667
0.677012371772, 1.00541500568, 2.50326709786, 0.510806905011, 71.6708012706, 8.04042279801, 0.42853692796, 4.97578780069, 1.40186300911, 44.1130971824, 0.339819600768, 0.466666666667
0.677012371772, 1.00541500568, 2.50326709786, 0.510806905011, 71.6708012706, 8.04042279801, 0.42853692796, 4.97578780069, 1.40186300911, 44.1130971824, 0.339819600768, 0.466666666667
0.677012371772, 1.00541500568, 2.50326709786, 0.510806905011, 71.6708012706, 8.04042279801, 0.42853692796, 4.97578780069, 1.40186300911, 44.1130971824, 0.339819600768, 0.466666666667
0.677012371772, 1.00541500568, 2.50326709786, 0.510806905011, 71.6708012706, 8.04042279801, 0.42853692796, 4.97578780069, 1.40186300911, 44.1130971824, 0.339819600768, 0.466666666667
0.677012371772, 1.00541500568, 2.50326709786, 0.510806905011, 71.6708012706, 8.04042279801, 0.42853692796, 4.97578780069, 1.40186300911, 44.1130971824, 0.339819600768, 0.466666666667
0.677012371772, 1.00541500568, 2.50326709786, 0.510806905011, 71.6708012706, 8.04042279801, 0.42853692796, 4.97578780069, 1.40186300911, 44.1130971824, 0.339819600768, 0.466666666667
0.677012371772, 1.00541500568, 2.50326709786, 0.510806905011, 71.6708012706, 8.04042279801, 0.42853692796, 4.97578780069, 1.40186300911, 44.1130971824, 0.339819600768, 0.466666666667
0.677012371772, 1.00541500568, 2.50326709786, 0.510806905011, 71.6708012706, 8.04042279801, 0.42853692796, 4.97578780069, 1.40186300911, 44.1130971824, 0.339819600768, 0.466666666667
0.677012371772, 1.00541500568, 2.50326709786, 0.510806905011, 71.6708012706, 8.04042279801, 0.42853692796, 4.97578780069, 1.40186300911, 44.1130971824, 0.339819600768, 0.466666666667
0.677012371772, 1.00541500568, 2.50326709786, 0.510806905011, 71.6708012706, 8.04042279801, 0.42853692796, 4.97578780069, 1.40186300911, 44.1130971824, 0.339819600768, 0.466666666667
0.677012371772, 1.00541500568, 2.50326709786, 0.510806905011, 71.6708012706, 8.04042279801, 0.42853692796, 4.97578780069, 1.40186300911, 44.1130971824, 0.339819600768, 0.466666666667
0.677012371772, 1.00541500568, 2.50326709786, 0.510806905011, 71.6708012706, 8.04042279801, 0.42853692796, 4.97578780069, 1.40186300911, 44.1130971824, 0.339819600768, 0.466666666667
0.677012371772, 1.00541500568, 2.50326709786, 0.510806905011, 71.6708012706, 8.04042279801, 0.42853692796, 4.97578780069, 1.40186300911, 44.1130971824, 0.339819600768, 0.466666666667
0.677012371772, 1.00541500568, 2.50326709786, 0.510806905011, 71.6708012706, 8.04042279801, 0.42853692796, 4.97578780069, 1.40186300911, 44.1130971824, 0.339819600768, 0.466666666667
0.677012371772, 1.00541500568, 2.50326709786, 0.510806905011, 71.6708012706, 8.04042279801, 0.42853692796, 4.97578780069, 1.40186300911, 44.1130971824, 0.339819600768, 0.466666666667
0.677012371772, 1.00541500568, 2.50326709786, 0.510806905011, 71.6708012706, 8.04042279801, 0.42853692796, 4.97578780069, 1.40186300911, 44.1130971824, 0.339819600768, 0.466666666667
0.677012371772, 1.00541500568, 2.50326709786, 0.510806905011, 71.6708012706, 8.04042279801, 0.42853692796, 4.97578780069, 1.40186300911, 44.1130971824, 0.339819600768, 0.466666666667
0.677012371772, 1.00541500568, 2.50326709786, 0.510806905011, 71.6708012706, 8.04042279801, 0.42853692796, 4.97578780069, 1.40186300911, 44.1130971824, 0.339819600768, 0.466666666667
0.677012371772, 1.00541500568, 2.50326709786, 0.510806905011, 71.6708012706, 8.04042279801, 0.42853692796, 4.97578780069, 1.40186300911, 44.1130971824, 0.339819600768, 0.466666666667
0.664840277511, 1.00541500568, 2.12848850142, 0.510806905011, 71.6707711961, 6.60232333063, 0.416070287271, 4.99527944159, 1.40186300911, 48.1572355394, 0.190783067174, 0.4
0.664840277511, 1.00541500568, 2.12848850142, 0.510806905011, 71.6707711961, 6.60232333063, 0.416070287271, 4.99527944159, 1.40186300911, 48.1572355394, 0.190783067174, 0.4
0.664840277511, 1.00541500568, 2.12848850142, 0.510806905011, 71.6707711961, 6.60232333063, 0.416070287271, 4.99527944159, 1.40186300911, 48.1572355394, 0.190783067174, 0.4
0.664840277511, 1.00541500568, 2.12848850142, 0.510806905011, 71.6707711961, 6.60232333063, 0.416070287271, 4.99527944159, 1.40186300911, 48.1572355394, 0.190783067174, 0.4
0.664840277511, 1.00541500568, 2.12848850142, 0.510806905011, 71.6707711961, 6.60232333063, 0.416070287271, 4.99527944159, 1.40186300911, 48.1572355394, 0.190783067174, 0.4
0.664840277511, 1.00541500568, 2.12848850142, 0.510806905011, 71.6707711961, 6.60232333063, 0.416070287271, 4.99527944159, 1.40186300911, 48.1572355394, 0.190783067174, 0.4
0.664840277511, 1.00541500568, 2.12848850142, 0.510806905011, 71.6707711961, 6.60232333063, 0.416070287271, 4.99527944159, 1.40186300911, 48.1572355394, 0.190783067174, 0.4
0.664840277511, 1.00541500568, 2.12848850142, 0.510806905011, 71.6707711961, 6.60232333063, 0.416070287271, 4.99527944159, 1.40186300911, 48.1572355394, 0.190783067174, 0.4
0.664840277511, 1.00541500568, 2.12848850142, 0.510806905011, 71.6707711961, 6.60232333063, 0.416070287271, 4.99527944159, 1.40186300911, 48.1572355394, 0.190783067174, 0.4
0.664840277511, 1.00541500568, 2.12848850142, 0.510806905011, 71.6707711961, 6.60232333063, 0.416070287271, 4.99527944159, 1.40186300911, 48.1572355394, 0.190783067174, 0.4
0.664840277511, 1.00541500568, 2.12848850142, 0.510806905011, 71.6707711961, 6.60232333063, 0.416070287271, 4.99527944159, 1.40186300911, 48.1572355394, 0.190783067174, 0.4
0.664840277511, 1.00541500568, 2.12848850142, 0.510806905011, 71.6707711961, 6.60232333063, 0.416070287271, 4.99527944159, 1.40186300911, 48.1572355394, 0.190783067174, 0.4
0.664840277511, 1.00541500568, 2.12848850142, 0.510806905011, 71.6707711961, 6.60232333063, 0.416070287271, 4.99527944159, 1.40186300911, 48.1572355394, 0.190783067174, 0.4
0.664840277511, 1.00541500568, 2.12848850142, 0.510806905011, 71.6707711961, 6.60232333063, 0.416070287271, 4.99527944159, 1.40186300911, 48.1572355394, 0.190783067174, 0.4
0.664840277511, 1.00541500568, 2.12848850142, 0.510806905011, 71.6707711961, 6.60232333063, 0.416070287271, 4.99527944159, 1.40186300911, 48.1572355394, 0.190783067174, 0.4
0.664840277511, 1.00541500568, 2.12848850142, 0.510806905011, 71.6707711961, 6.60232333063, 0.416070287271, 4.99527944159, 1.40186300911, 48.1572355394, 0.190783067174, 0.4
0.664840277511, 1.00541500568, 2.12848850142, 0.510806905011, 71.6707711961, 6.60232333063, 0.416070287271, 4.99527944159, 1.40186300911, 48.1572355394, 0.190783067174, 0.4
0.664840277511, 1.00541500568, 2.12848850142, 0.510806905011, 71.6707711961, 6.60232333063, 0.416070287271, 4.99527944159, 1.40186300911, 48.1572355394, 0.190783067174, 0.4
0.664840277511, 1.00541500568, 2.50326709786, 0.510806905011, 71.6708012706, 8.04042279801, 0.315080243817, 4.99644733786, 1.40186300911, 55.8339684145, 0.0, 0.0
0.664840277511, 1.00541500568, 2.50326709786, 0.510806905011, 71.6708012706, 8.04042279801, 0.315080243817, 4.99644733786, 1.40186300911, 55.8339684145, 0.0, 0.0
0.664840277511, 1.00541500568, 2.50326709786, 0.510806905011, 71.6708012706, 8.04042279801, 0.315080243817, 4.99644733786, 1.40186300911, 55.8339684145, 0.0, 0.0
0.664840277511, 1.00541500568, 2.50326709786, 0.510806905011, 71.6708012706, 8.04042279801, 0.315080243817, 4.99644733786, 1.40186300911, 55.8339684145, 0.0, 0.0
0.664840277511, 1.00541500568, 2.50326709786, 0.510806905011, 71.6708012706, 8.04042279801, 0.315080243817, 4.99644733786, 1.40186300911, 55.8339684145, 0.0, 0.0
0.664840277511, 1.00541500568, 2.50326709786, 0.510806905011, 71.6708012706, 8.04042279801, 0.315080243817, 4.99644733786, 1.40186300911, 55.8339684145, 0.0, 0.0
0.664840277511, 1.00541500568, 2.50326709786, 0.510806905011, 71.6708012706, 8.04042279801, 0.315080243817, 4.99644733786, 1.40186300911, 55.8339684145, 0.0, 0.0
0.664840277511, 1.00541500568, 2.50326709786, 0.510806905011, 71.6708012706, 8.04042279801, 0.315080243817, 4.99644733786, 1.40186300911, 55.8339684145, 0.0, 0.0
0.664840277511, 1.00541500568, 2.50326709786, 0.510806905011, 71.6708012706, 8.04042279801, 0.315080243817, 4.99644733786, 1.40186300911, 55.8339684145, 0.0, 0.0
0.664840277511, 1.00541500568, 2.50326709786, 0.510806905011, 71.6708012706, 8.04042279801, 0.315080243817, 4.99644733786, 1.40186300911, 55.8339684145, 0.0, 0.0
0.664840277511, 1.00541500568, 2.50326709786, 0.510806905011, 71.6708012706, 8.04042279801, 0.315080243817, 4.99644733786, 1.40186300911, 55.8339684145, 0.0, 0.0
0.664840277511, 1.00541500568, 2.50326709786, 0.510806905011, 71.6708012706, 8.04042279801, 0.315080243817, 4.99644733786, 1.40186300911, 55.8339684145, 0.0, 0.0
0.664840277511, 1.00541500568, 2.50326709786, 0.510806905011, 71.6708012706, 8.04042279801, 0.315080243817, 4.99644733786, 1.40186300911, 55.8339684145, 0.0, 0.0
0.664840277511, 1.00541500568, 2.50326709786, 0.510806905011, 71.6708012706, 8.04042279801, 0.315080243817, 4.99644733786, 1.40186300911, 55.8339684145, 0.0, 0.0
0.664840277511, 1.00541500568, 2.50326709786, 0.510806905011, 71.6708012706, 8.04042279801, 0.315080243817, 4.99644733786, 1.40186300911, 55.8339684145, 0.0, 0.0
0.677012371772, 1.00541500568, 2.50326709786, 0.510806905011, 71.6708012706, 8.04042279801, 0.42853692796, 4.97578780069, 1.40186300911, 68.6203733949, 0.292870554739, 0.8
0.677012371772, 1.00541500568, 2.50326709786, 0.510806905011, 71.6708012706, 8.04042279801, 0.42853692796, 4.97578780069, 1.40186300911, 68.6203733949, 0.292870554739, 0.8
0.677012371772, 1.00541500568, 2.50326709786, 0.510806905011, 71.6708012706, 8.04042279801, 0.42853692796, 4.97578780069, 1.40186300911, 68.6203733949, 0.292870554739, 0.8
0.677012371772, 1.00541500568, 2.50326709786, 0.510806905011, 71.6708012706, 8.04042279801, 0.42853692796, 4.97578780069, 1.40186300911, 68.6203733949, 0.292870554739, 0.8
0.677012371772, 1.00541500568, 2.50326709786, 0.510806905011, 71.6708012706, 8.04042279801, 0.42853692796, 4.97578780069, 1.40186300911, 68.6203733949, 0.292870554739, 0.8
0.677012371772, 1.00541500568, 2.50326709786, 0.510806905011, 71.6708012706, 8.04042279801, 0.42853692796, 4.97578780069, 1.40186300911, 68.6203733949, 0.292870554739, 0.8
0.677012371772, 1.00541500568, 2.50326709786, 0.510806905011, 71.6708012706, 8.04042279801, 0.42853692796, 4.97578780069, 1.40186300911, 68.6203733949, 0.292870554739, 0.8
0.677012371772, 1.00541500568, 2.50326709786, 0.510806905011, 71.6708012706, 8.04042279801, 0.42853692796, 4.97578780069, 1.40186300911, 68.6203733949, 0.292870554739, 0.8
0.677012371772, 1.00541500568, 2.50326709786, 0.510806905011, 71.6708012706, 8.04042279801, 0.42853692796, 4.97578780069, 1.40186300911, 68.6203733949, 0.292870554739, 0.8
0.677012371772, 1.00541500568, 2.50326709786, 0.510806905011, 71.6708012706, 8.04042279801, 0.42853692796, 4.97578780069, 1.40186300911, 68.6203733949, 0.292870554739, 0.8
0.677012371772, 1.00541500568, 2.50326709786, 0.510806905011, 71.6708012706, 8.04042279801, 0.42853692796, 4.97578780069, 1.40186300911, 68.6203733949, 0.292870554739, 0.8
0.677012371772, 1.00541500568, 2.50326709786, 0.510806905011, 71.6708012706, 8.04042279801, 0.42853692796, 4.97578780069, 1.40186300911, 68.6203733949, 0.292870554739, 0.8
0.677012371772, 1.00541500568, 2.50326709786, 0.510806905011, 71.6708012706, 8.04042279801, 0.42853692796, 4.97578780069, 1.40186300911, 68.6203733949, 0.292870554739, 0.8
0.677012371772, 1.00541500568, 2.50326709786, 0.510806905011, 71.6708012706, 8.04042279801, 0.42853692796, 4.97578780069, 1.40186300911, 73.5218286374, 0.332628839853, 0.714285714286
0.664840277511, 1.00541500568, 2.12848850142, 0.510806905011, 71.6707711961, 6.60232333063, 0.416070287271, 4.99527944159, 1.40186300911, 79.5137513117, 0.164849671208, 0.0
0.664840277511, 1.00541500568, 2.12848850142, 0.510806905011, 71.6707711961, 6.60232333063, 0.416070287271, 4.99527944159, 1.40186300911, 79.5137513117, 0.164849671208, 0.0
0.664840277511, 1.00541500568, 2.12848850142, 0.510806905011, 71.6707711961, 6.60232333063, 0.416070287271, 4.99527944159, 1.40186300911, 79.5137513117, 0.164849671208, 0.0
0.664840277511, 1.00541500568, 2.12848850142, 0.510806905011, 71.6707711961, 6.60232333063, 0.416070287271, 4.99527944159, 1.40186300911, 79.5137513117, 0.164849671208, 0.0
0.664840277511, 1.00541500568, 2.12848850142, 0.510806905011, 71.6707711961, 6.60232333063, 0.416070287271, 4.99527944159, 1.40186300911, 79.5137513117, 0.164849671208, 0.0
0.664840277511, 1.00541500568, 2.12848850142, 0.510806905011, 71.6707711961, 6.60232333063, 0.416070287271, 4.99527944159, 1.40186300911, 79.5137513117, 0.164849671208, 0.0
0.664840277511, 1.00541500568, 2.12848850142, 0.510806905011, 71.6707711961, 6.60232333063, 0.416070287271, 4.99527944159, 1.40186300911, 79.5137513117, 0.164849671208, 0.0
0.664840277511, 1.00541500568, 2.12848850142, 0.510806905011, 71.6707711961, 6.60232333063, 0.416070287271, 4.99527944159, 1.40186300911, 79.5137513117, 0.164849671208, 0.0
0.664840277511, 1.00541500568, 2.12848850142, 0.510806905011, 71.6707711961, 6.60232333063, 0.416070287271, 4.99527944159, 1.40186300911, 79.5137513117, 0.164849671208, 0.0
0.664840277511, 1.00541500568, 2.12848850142, 0.510806905011, 71.6707711961, 6.60232333063, 0.416070287271, 4.99527944159, 1.40186300911, 79.5137513117, 0.164849671208, 0.0
0.677012371772, 1.00541500568, 2.50326709786, 0.510806905011, 71.6708012706, 8.04042279801, 0.42853692796, 4.97578780069, 1.40186300911, 77.3577501315, 0.352659502367, 0.666666666667
0.677012371772, 1.00541500568, 2.50326709786, 0.510806905011, 71.6708012706, 8.04042279801, 0.42853692796, 4.97578780069, 1.40186300911, 77.3577501315, 0.352659502367, 0.666666666667
0.677012371772, 1.00541500568, 2.50326709786, 0.510806905011, 71.6708012706, 8.04042279801, 0.42853692796, 4.97578780069, 1.40186300911, 77.3577501315, 0.352659502367, 0.666666666667
0.677012371772, 1.00541500568, 2.50326709786, 0.510806905011, 71.6708012706, 8.04042279801, 0.42853692796, 4.97578780069, 1.40186300911, 50.7802940651, 0.195289465522, 0.588235294118
0.677012371772, 1.00541500568, 2.50326709786, 0.510806905011, 71.6708012706, 8.04042279801, 0.42853692796, 4.97578780069, 1.40186300911, 50.7802940651, 0.195289465522, 0.588235294118
0.677012371772, 1.00541500568, 2.50326709786, 0.510806905011, 71.6708012706, 8.04042279801, 0.42853692796, 4.97578780069, 1.40186300911, 50.7802940651, 0.195289465522, 0.588235294118
0.677012371772, 1.00541500568, 2.50326709786, 0.510806905011, 71.6708012706, 8.04042279801, 0.42853692796, 4.97578780069, 1.40186300911, 50.7802940651, 0.195289465522, 0.588235294118
0.677012371772, 1.00541500568, 2.50326709786, 0.510806905011, 71.6708012706, 8.04042279801, 0.42853692796, 4.97578780069, 1.40186300911, 50.7802940651, 0.195289465522, 0.588235294118
0.664840277511, 1.00541500568, 2.24365817598, 0.510806905011, 71.6707711961, 6.60232333063, 0.416070287271, 4.99527944159, 1.40186300911, 80.7475934099, 0.146705052848, 0.6
0.664840277511, 1.00541500568, 2.50320714826, 0.510806905011, 71.6707711961, 8.04042279801, 0.416070287271, 4.97578780069, 1.40186300911, 63.0780790587, 0.0858306851765, 0.647058823529
0.664840277511, 1.00541500568, 2.3351051121, 0.510806905011, 71.6708012706, 8.44999538898, 0.315080243817, 4.99644733786, 1.40186300911, 62.6807147997, 0.273435943353, 0.681818181818
0.664840277511, 1.00541500568, 2.3351051121, 0.510806905011, 71.6708012706, 8.44999538898, 0.315080243817, 4.99644733786, 1.40186300911, 62.6807147997, 0.273435943353, 0.681818181818
