-1.0, 1.0, -1.0, 2.0, 1.0, 2.0, 2.0, 3.0, -1.0, -1.0, 3.0, 0.0, -1.0, 1.0, 0.0, 1.0, -1.0, 2.0, -1.0, 2.0, 1.0, 2.0, 1.0, -1.0, -1.0, 3.0, -1.0, 0.0, 3.0, -1.0, -1.0, 1.0, -1.0, 3.0, 0.0, -1.0, 1.0, 2.0, 1.0, 2.0, 2.0, -1.0, 0.0, 2.0, 2.0, 1.0, 0.0, 2.0, 3.0, 0.0, 97324.0, 486.0, 99539.0
1.0, -1.0, 0.0, 3.0, 2.0, 2.0, 3.0, 0.0, -1.0, 1.0, 3.0, 0.0, 2.0, 0.0, 3.0, 1.0, -1.0, 1.0, 0.0, 0.0, 3.0, -1.0, -1.0, 0.0, -1.0, 1.0, 0.0, 0.0, 2.0, 0.0, 1.0, 2.0, 0.0, 1.0, 1.0, -1.0, 2.0, 3.0, -1.0, 0.0, 1.0, -1.0, -1.0, 3.0, 1.0, 3.0, 0.0, -1.0, 0.0, 1.0, 96799.0, 526.0, 99471.0
0.0, 0.0, 1.0, 2.0, 3.0, -1.0, 0.0, 0.0, 1.0, 1.0, 1.0, -1.0, 3.0, 1.0, 0.0, 1.0, 2.0, 2.0, 1.0, 2.0, 2.0, 2.0, -1.0, 0.0, -1.0, -1.0, 0.0, 0.0, 0.0, 0.0, 0.0, 3.0, -1.0, 2.0, -1.0, 3.0, 1.0, 1.0, -1.0, 3.0, 3.0, 1.0, -1.0, 2.0, 1.0, 1.0, -1.0, 0.0, -1.0, 3.0, 96688.0, 541.0, 99479.0
2.0, 0.0, -1.0, 2.0, 2.0, 1.0, 2.0, -1.0, -1.0, 0.0, 0.0, -1.0, 0.0, 1.0, 0.0, 2.0, 1.0, 0.0, 0.0, -1.0, 2.0, 1.0, 2.0, 1.0, -1.0, 0.0, -1.0, 2.0, 1.0, 0.0, 1.0, 3.0, 2.0, 0.0, 1.0, -1.0, -1.0, 0.0, 3.0, -1.0, 3.0, -1.0, 2.0, -1.0, 2.0, 2.0, 0.0, -1.0, 2.0, 1.0, 96882.0, 506.0, 99522.0
-1.0, 1.0, -1.0, 0.0, 1.0, 2.0, 2.0, -1.0, -1.0, -1.0, 3.0, 0.0, 1.0, 1.0, 0.0, 1.0, -1.0, 2.0, -1.0, 2.0, 1.0, 2.0, 1.0, -1.0, -1.0, 3.0, -1.0, 3.0, 1.0, -1.0, -1.0, 1.0, -1.0, 3.0, 0.0, -1.0, 1.0, 2.0, 1.0, 2.0, 2.0, -1.0, 0.0, 2.0, 2.0, 1.0, 0.0, 2.0, 3.0, 0.0, 97235.0, 486.0, 99549.0
0.0, 2.0, -1.0, 2.0, 0.0, 1.0, 0.0, 3.0, 1.0, 2.0, 0.0, -1.0, 3.0, 0.0, -1.0, -1.0, 1.0, 2.0, 0.0, -1.0, 2.0, 3.0, 0.0, 2.0, 3.0, -1.0, 1.0, 1.0, 1.0, 3.0, 0.0, -1.0, 2.0, -1.0, -1.0, 3.0, -1.0, 0.0, 3.0, 0.0, 0.0, -1.0, 1.0, 2.0, -1.0, 1.0, 3.0, -1.0, -1.0, 1.0, 97033.0, 502.0, 99530.0
0.0, 0.0, 1.0, 2.0, 3.0, -1.0, 0.0, 0.0, 1.0, 1.0, 1.0, -1.0, 3.0, 1.0, 0.0, 1.0, 2.0, 2.0, 1.0, 2.0, 0.0, 2.0, -1.0, 2.0, 0.0, -1.0, -1.0, 0.0, 0.0, 0.0, 0.0, 3.0, -1.0, 2.0, -1.0, 3.0, 1.0, 1.0, -1.0, 3.0, 3.0, 1.0, -1.0, 2.0, 1.0, 1.0, -1.0, 0.0, -1.0, 3.0, 96605.0, 542.0, 99481.0
1.0, -1.0, 0.0, 3.0, 2.0, 2.0, 3.0, 0.0, -1.0, 1.0, 3.0, 0.0, 2.0, 0.0, 3.0, 1.0, -1.0, 1.0, 0.0, 0.0, 3.0, -1.0, -1.0, 0.0, -1.0, 1.0, 0.0, 0.0, 2.0, 0.0, 1.0, 2.0, -1.0, 1.0, 1.0, -1.0, 2.0, 3.0, -1.0, 0.0, 1.0, -1.0, -1.0, 3.0, 1.0, 3.0, 0.0, -1.0, 0.0, 1.0, 96892.0, 508.0, 99486.0
3.0, 1.0, 0.0, 2.0, 0.0, 3.0, 1.0, 1.0, 1.0, 1.0, 0.0, 2.0, -1.0, -1.0, 3.0, 3.0, 1.0, 1.0, 1.0, 2.0, 2.0, 2.0, 0.0, 1.0, 0.0, 1.0, 3.0, 0.0, 0.0, 3.0, 3.0, 2.0, 0.0, 3.0, 0.0, -1.0, 2.0, 2.0, 0.0, 1.0, 3.0, 1.0, -1.0, 3.0, 0.0, 3.0, 0.0, 2.0, -1.0, 2.0, 96420.0, 638.0, 99400.0
3.0, 1.0, 1.0, 2.0, 0.0, 3.0, 1.0, 1.0, 1.0, 1.0, 0.0, 0.0, -1.0, -1.0, -1.0, 3.0, 1.0, 1.0, 1.0, 2.0, 2.0, 2.0, 0.0, 1.0, 0.0, 1.0, 3.0, 0.0, 0.0, 3.0, 3.0, 2.0, 0.0, 3.0, 0.0, -1.0, 2.0, 2.0, 0.0, 0.0, 3.0, 1.0, -1.0, 3.0, 0.0, 3.0, 2.0, 2.0, -1.0, 0.0, 96412.0, 620.0, 99409.0
-1.0, 1.0, -1.0, 2.0, 1.0, 2.0, 2.0, 3.0, -1.0, -1.0, 3.0, 2.0, -1.0, 1.0, 0.0, 1.0, -1.0, 2.0, -1.0, 2.0, 1.0, 2.0, 1.0, -1.0, -1.0, 3.0, -1.0, 0.0, 3.0, -1.0, -1.0, 1.0, -1.0, 3.0, 0.0, -1.0, 1.0, 2.0, 1.0, 2.0, 2.0, -1.0, -1.0, 2.0, 2.0, 1.0, 0.0, 2.0, 3.0, 0.0, 97422.0, 467.0, 99549.0
1.0, 0.0, 1.0, 2.0, -1.0, 2.0, 1.0, 0.0, -1.0, 1.0, 0.0, 2.0, -1.0, 0.0, -1.0, 1.0, -1.0, 2.0, 0.0, 1.0, 1.0, -1.0, -1.0, 0.0, 2.0, -1.0, 0.0, 2.0, 0.0, 1.0, 0.0, 3.0, 2.0, -1.0, 2.0, 0.0, 1.0, 1.0, -1.0, 1.0, 0.0, 1.0, 0.0, 2.0, 2.0, 1.0, 0.0, 3.0, 3.0, 0.0, 96497.0, 550.0, 99470.0
1.0, -1.0, 0.0, 3.0, 2.0, 2.0, 3.0, 0.0, -1.0, 1.0, 3.0, 0.0, 2.0, 0.0, 3.0, 1.0, -1.0, 1.0, 0.0, 0.0, 3.0, -1.0, -1.0, 0.0, -1.0, 1.0, 0.0, 0.0, 2.0, 0.0, 1.0, 2.0, 0.0, 1.0, 1.0, -1.0, 2.0, 3.0, -1.0, 0.0, 1.0, -1.0, -1.0, 3.0, 1.0, 3.0, 0.0, -1.0, 0.0, 1.0, 96799.0, 526.0, 99471.0
2.0, 0.0, -1.0, 2.0, 2.0, 1.0, 2.0, -1.0, -1.0, 0.0, 0.0, -1.0, 0.0, 1.0, 0.0, 2.0, 1.0, 0.0, 0.0, 2.0, 2.0, 1.0, 2.0, 1.0, -1.0, 0.0, -1.0, 2.0, 1.0, 0.0, 1.0, 3.0, 2.0, 0.0, 1.0, -1.0, -1.0, 0.0, 3.0, -1.0, 3.0, -1.0, 2.0, -1.0, 2.0, 2.0, 0.0, -1.0, 2.0, 1.0, 96842.0, 520.0, 99509.0
0.0, 2.0, -1.0, 2.0, 0.0, 1.0, 0.0, 3.0, 1.0, 2.0, 0.0, -1.0, 3.0, 0.0, -1.0, -1.0, 1.0, 2.0, 0.0, -1.0, 2.0, 3.0, 0.0, 2.0, 3.0, -1.0, 1.0, 1.0, 1.0, 3.0, 0.0, -1.0, 2.0, -1.0, -1.0, 3.0, -1.0, 0.0, 3.0, 0.0, 0.0, -1.0, 1.0, 2.0, -1.0, 1.0, 3.0, -1.0, -1.0, 1.0, 97033.0, 502.0, 99530.0
0.0, 0.0, 1.0, 2.0, 3.0, -1.0, 0.0, 0.0, 1.0, 1.0, 1.0, -1.0, 3.0, 1.0, 0.0, 1.0, 2.0, 2.0, 1.0, 2.0, 0.0, 2.0, -1.0, 2.0, 0.0, -1.0, -1.0, 0.0, 0.0, 0.0, 0.0, 3.0, -1.0, 2.0, -1.0, 3.0, 1.0, 1.0, -1.0, 3.0, 3.0, 1.0, -1.0, 2.0, 1.0, 1.0, -1.0, 0.0, -1.0, 3.0, 96605.0, 542.0, 99481.0
2.0, 0.0, -1.0, 2.0, 2.0, 1.0, 2.0, -1.0, -1.0, 0.0, 0.0, -1.0, 0.0, 0.0, 0.0, 2.0, 1.0, 0.0, 0.0, -1.0, 2.0, 1.0, 2.0, 1.0, -1.0, 0.0, -1.0, 2.0, 1.0, 0.0, 1.0, 3.0, 2.0, 0.0, 1.0, 0.0, -1.0, 0.0, 3.0, -1.0, 3.0, -1.0, 2.0, -1.0, 2.0, 2.0, 0.0, -1.0, 2.0, 1.0, 96838.0, 524.0, 99516.0
1.0, -1.0, 0.0, 3.0, 2.0, 2.0, 3.0, 0.0, -1.0, 1.0, 3.0, 0.0, 3.0, 0.0, 3.0, 0.0, -1.0, 1.0, 0.0, 2.0, 3.0, -1.0, -1.0, 0.0, -1.0, 1.0, 0.0, 3.0, 2.0, 0.0, 1.0, 2.0, 0.0, 1.0, 1.0, 0.0, 2.0, 3.0, 2.0, 0.0, 1.0, -1.0, -1.0, 3.0, 1.0, 3.0, 0.0, 2.0, 0.0, 1.0, 96761.0, 579.0, 99447.0
1.0, 0.0, 1.0, 2.0, -1.0, 2.0, 1.0, 0.0, -1.0, 1.0, 0.0, 2.0, -1.0, 0.0, -1.0, 0.0, -1.0, 2.0, 0.0, 1.0, 1.0, -1.0, -1.0, 0.0, 2.0, -1.0, 2.0, 2.0, 0.0, 1.0, 0.0, 3.0, -1.0, -1.0, 2.0, 2.0, 1.0, 1.0, -1.0, 1.0, 0.0, 1.0, 0.0, 2.0, 2.0, 1.0, 0.0, 3.0, 3.0, 0.0, 96584.0, 532.0, 99485.0
-1.0, 1.0, -1.0, 2.0, 1.0, 2.0, 2.0, 3.0, -1.0, 1.0, 3.0, 0.0, -1.0, 1.0, 0.0, 1.0, -1.0, 2.0, -1.0, 2.0, 1.0, 2.0, 1.0, -1.0, -1.0, 3.0, -1.0, 0.0, 3.0, -1.0, -1.0, 1.0, -1.0, 3.0, 0.0, -1.0, 1.0, 1.0, 1.0, 2.0, 2.0, -1.0, 0.0, 2.0, 2.0, 1.0, 0.0, 2.0, 3.0, 0.0, 97252.0, 500.0, 99529.0
3.0, 1.0, 0.0, 2.0, 0.0, 3.0, 1.0, 1.0, 1.0, 1.0, 0.0, 2.0, -1.0, -1.0, 3.0, 3.0, 1.0, 1.0, 1.0, 2.0, 2.0, 2.0, 0.0, 1.0, 0.0, 1.0, 3.0, 0.0, 0.0, 3.0, 3.0, 2.0, 0.0, 3.0, 0.0, -1.0, 2.0, 2.0, 0.0, 1.0, 3.0, 1.0, -1.0, 3.0, 0.0, 3.0, 0.0, 2.0, -1.0, 2.0, 96420.0, 638.0, 99400.0
2.0, 0.0, -1.0, 2.0, 2.0, 1.0, 2.0, -1.0, -1.0, 0.0, 0.0, -1.0, 0.0, 1.0, 0.0, 2.0, 1.0, 0.0, 0.0, -1.0, 2.0, 1.0, 2.0, 1.0, -1.0, 0.0, -1.0, 2.0, 1.0, 0.0, 1.0, 3.0, 2.0, 0.0, 1.0, -1.0, -1.0, 0.0, 3.0, -1.0, 3.0, -1.0, 2.0, -1.0, 2.0, 2.0, 0.0, -1.0, 2.0, 1.0, 96882.0, 506.0, 99522.0
-1.0, 1.0, -1.0, 0.0, 1.0, 2.0, 2.0, -1.0, -1.0, -1.0, 3.0, 0.0, 1.0, 1.0, 0.0, 1.0, -1.0, 2.0, -1.0, 2.0, 1.0, 2.0, 1.0, -1.0, -1.0, 3.0, -1.0, 3.0, 1.0, -1.0, -1.0, 1.0, -1.0, 3.0, 0.0, -1.0, 1.0, 2.0, 1.0, 2.0, 2.0, -1.0, 0.0, 2.0, 2.0, 1.0, 0.0, 2.0, -1.0, 0.0, 97248.0, 476.0, 99556.0
1.0, 0.0, 1.0, 2.0, -1.0, 2.0, 1.0, 0.0, -1.0, 1.0, 0.0, 2.0, -1.0, 0.0, -1.0, 0.0, -1.0, 2.0, 0.0, 1.0, 1.0, -1.0, -1.0, 0.0, 2.0, -1.0, 2.0, 2.0, 0.0, 1.0, 0.0, 3.0, -1.0, -1.0, 2.0, 2.0, 1.0, 1.0, -1.0, 1.0, 0.0, 1.0, 0.0, 2.0, 2.0, 1.0, 0.0, 3.0, 3.0, 0.0, 96584.0, 532.0, 99485.0
1.0, 0.0, 1.0, 2.0, -1.0, 2.0, 1.0, 2.0, -1.0, 1.0, 0.0, 2.0, -1.0, 0.0, -1.0, 0.0, 3.0, 2.0, 0.0, 1.0, 1.0, -1.0, -1.0, 0.0, -1.0, -1.0, 2.0, 0.0, 0.0, 1.0, 0.0, 3.0, 2.0, -1.0, 2.0, 2.0, 1.0, 1.0, -1.0, 1.0, 0.0, 1.0, 0.0, 2.0, 2.0, 1.0, 0.0, 3.0, 3.0, 0.0, 96565.0, 550.0, 99469.0
0.0, 0.0, 1.0, 2.0, 3.0, -1.0, 0.0, 0.0, 1.0, 1.0, 1.0, -1.0, 3.0, 1.0, 0.0, 1.0, 2.0, 2.0, 1.0, 2.0, 0.0, 2.0, -1.0, 2.0, 0.0, -1.0, -1.0, 0.0, 0.0, 0.0, 0.0, 3.0, -1.0, 2.0, -1.0, 3.0, 1.0, 1.0, -1.0, 3.0, 3.0, 1.0, -1.0, 2.0, 1.0, 1.0, -1.0, 0.0, -1.0, 3.0, 96605.0, 542.0, 99481.0
1.0, -1.0, 0.0, 3.0, 2.0, 2.0, 3.0, 0.0, -1.0, 1.0, 3.0, 0.0, 2.0, 0.0, 3.0, 1.0, -1.0, 1.0, 0.0, 0.0, 3.0, -1.0, -1.0, 0.0, -1.0, 1.0, 0.0, 0.0, 2.0, 0.0, 1.0, 2.0, -1.0, 1.0, 1.0, -1.0, 2.0, 3.0, -1.0, 0.0, 1.0, -1.0, -1.0, 3.0, 1.0, 3.0, 0.0, -1.0, 0.0, 1.0, 96892.0, 508.0, 99486.0
3.0, 1.0, 0.0, 2.0, 0.0, 3.0, 1.0, 1.0, 1.0, 1.0, 0.0, 2.0, -1.0, -1.0, 3.0, 3.0, 1.0, 1.0, 1.0, 2.0, 2.0, 2.0, 0.0, 1.0, 0.0, 1.0, 3.0, 0.0, 0.0, 3.0, 3.0, 2.0, 0.0, 3.0, 0.0, -1.0, 2.0, 2.0, 0.0, 1.0, 3.0, 1.0, -1.0, 3.0, 0.0, 3.0, 0.0, 2.0, -1.0, 2.0, 96420.0, 638.0, 99400.0
-1.0, 1.0, -1.0, 0.0, 1.0, 2.0, 2.0, 3.0, -1.0, -1.0, 3.0, 0.0, 1.0, 0.0, 0.0, 1.0, -1.0, 2.0, -1.0, 2.0, 1.0, 0.0, 1.0, -1.0, -1.0, 3.0, -1.0, 1.0, 3.0, -1.0, -1.0, 1.0, -1.0, 3.0, 0.0, -1.0, 1.0, 2.0, 1.0, 2.0, 2.0, -1.0, 0.0, 2.0, 2.0, 1.0, 0.0, 2.0, 3.0, 0.0, 97105.0, 502.0, 99528.0
3.0, 1.0, 1.0, 2.0, 0.0, 3.0, 1.0, 1.0, 1.0, 1.0, 0.0, 0.0, -1.0, -1.0, -1.0, 3.0, 1.0, 1.0, 1.0, 2.0, 2.0, 2.0, 0.0, 1.0, 0.0, 1.0, 3.0, 0.0, 0.0, 3.0, 3.0, 2.0, 0.0, 3.0, 0.0, -1.0, 2.0, 2.0, 0.0, 0.0, 3.0, 1.0, -1.0, 3.0, 0.0, 3.0, 2.0, 2.0, -1.0, 0.0, 96412.0, 620.0, 99409.0
1.0, 0.0, 1.0, 2.0, -1.0, 2.0, 1.0, 0.0, -1.0, 1.0, 0.0, 2.0, -1.0, 0.0, -1.0, 0.0, -1.0, 2.0, 0.0, 1.0, 1.0, -1.0, -1.0, 0.0, 2.0, -1.0, 2.0, 2.0, 0.0, 1.0, 0.0, 3.0, -1.0, -1.0, 2.0, 2.0, 1.0, 1.0, -1.0, 1.0, 0.0, 1.0, 0.0, 2.0, 2.0, 1.0, 0.0, 3.0, 3.0, 0.0, 96584.0, 532.0, 99485.0
-1.0, 1.0, -1.0, 2.0, 1.0, 2.0, 2.0, 3.0, -1.0, -1.0, 3.0, 2.0, -1.0, 1.0, 0.0, 1.0, -1.0, 2.0, -1.0, 2.0, 1.0, 2.0, 1.0, -1.0, -1.0, 3.0, -1.0, 0.0, 3.0, -1.0, -1.0, 1.0, -1.0, 3.0, 0.0, -1.0, 1.0, 2.0, 1.0, 2.0, 2.0, -1.0, -1.0, 2.0, 2.0, 1.0, 0.0, 2.0, 3.0, 0.0, 97422.0, 467.0, 99549.0
1.0, -1.0, 0.0, 3.0, 2.0, 2.0, 3.0, 0.0, -1.0, 1.0, 3.0, 0.0, 2.0, 0.0, 3.0, 1.0, -1.0, 1.0, 0.0, 0.0, 3.0, -1.0, -1.0, 0.0, -1.0, 1.0, 0.0, 0.0, 2.0, 0.0, 1.0, 2.0, 0.0, 1.0, 1.0, -1.0, 2.0, 3.0, -1.0, 0.0, 1.0, -1.0, -1.0, 3.0, 1.0, 3.0, 0.0, -1.0, 0.0, 1.0, 96799.0, 526.0, 99471.0
2.0, 0.0, -1.0, 2.0, 2.0, 1.0, 2.0, -1.0, -1.0, 0.0, 0.0, -1.0, 0.0, 1.0, 0.0, 2.0, 1.0, 0.0, 0.0, 2.0, 2.0, 1.0, 2.0, 1.0, -1.0, 0.0, -1.0, 2.0, 1.0, 0.0, 1.0, 3.0, 2.0, 0.0, 1.0, -1.0, -1.0, 0.0, 3.0, -1.0, 3.0, -1.0, 2.0, -1.0, 2.0, 2.0, 0.0, -1.0, 2.0, 1.0, 96842.0, 520.0, 99509.0
1.0, 0.0, 1.0, 2.0, -1.0, 2.0, 1.0, 2.0, -1.0, 1.0, 0.0, 2.0, -1.0, 0.0, -1.0, 0.0, 3.0, 2.0, 0.0, 1.0, 1.0, -1.0, -1.0, 0.0, 2.0, -1.0, 2.0, 0.0, 0.0, 1.0, 0.0, 3.0, 2.0, -1.0, 2.0, 2.0, 1.0, 1.0, -1.0, -1.0, 0.0, 1.0, 0.0, 2.0, 2.0, 1.0, 0.0, 3.0, 3.0, 0.0, 96607.0, 555.0, 99468.0
2.0, 0.0, -1.0, 2.0, 2.0, 1.0, 2.0, -1.0, -1.0, 0.0, 0.0, -1.0, 0.0, 0.0, 0.0, 2.0, 1.0, 0.0, 0.0, 2.0, 2.0, 1.0, 2.0, 1.0, -1.0, -1.0, -1.0, 2.0, 1.0, 0.0, 1.0, 3.0, 2.0, 0.0, -1.0, 0.0, -1.0, 0.0, 3.0, -1.0, 3.0, -1.0, 2.0, -1.0, 2.0, 2.0, -1.0, -1.0, 2.0, 1.0, 97137.0, 493.0, 99544.0
-1.0, 1.0, -1.0, 2.0, 1.0, 2.0, 2.0, 3.0, -1.0, -1.0, 3.0, 0.0, -1.0, 1.0, 0.0, 1.0, 1.0, 2.0, -1.0, 2.0, 1.0, 2.0, 1.0, -1.0, -1.0, 3.0, -1.0, 0.0, 3.0, -1.0, -1.0, 1.0, -1.0, 3.0, 0.0, -1.0, 1.0, 2.0, 1.0, 2.0, 2.0, -1.0, 0.0, 2.0, 1.0, 1.0, 0.0, 2.0, 3.0, 0.0, 97191.0, 505.0, 99526.0
1.0, -1.0, 1.0, 3.0, 0.0, 0.0, 3.0, 3.0, -1.0, 0.0, 0.0, -1.0, 0.0, 2.0, -1.0, -1.0, -1.0, 3.0, 2.0, -1.0, 1.0, 3.0, 0.0, 3.0, -1.0, 1.0, 0.0, 2.0, 2.0, 2.0, 2.0, 2.0, 0.0, 2.0, 3.0, 1.0, 1.0, 0.0, 3.0, 1.0, 1.0, 1.0, 3.0, 2.0, 0.0, 1.0, 0.0, 0.0, -1.0, 0.0, 96467.0, 572.0, 99453.0
1.0, -1.0, 0.0, 3.0, 2.0, 2.0, 3.0, 0.0, -1.0, 1.0, 3.0, 0.0, 3.0, 0.0, 3.0, 0.0, -1.0, 1.0, 0.0, 2.0, 3.0, -1.0, -1.0, 0.0, -1.0, 1.0, 0.0, 3.0, 2.0, 0.0, 1.0, 2.0, 0.0, 1.0, 1.0, 0.0, 2.0, 3.0, 2.0, 0.0, 1.0, -1.0, -1.0, 3.0, 1.0, 3.0, 0.0, 2.0, 0.0, 1.0, 96761.0, 579.0, 99447.0
-1.0, 1.0, -1.0, -1.0, 1.0, 2.0, 2.0, -1.0, -1.0, -1.0, 1.0, 0.0, 1.0, 1.0, 0.0, 1.0, -1.0, 2.0, -1.0, -1.0, 1.0, 2.0, 1.0, -1.0, -1.0, 3.0, -1.0, 3.0, 1.0, -1.0, -1.0, 1.0, -1.0, 3.0, 0.0, -1.0, 1.0, 3.0, 1.0, 2.0, 2.0, -1.0, 0.0, 2.0, 2.0, 1.0, 0.0, 2.0, 3.0, 0.0, 97377.0, 460.0, 99572.0
