0.12066907951, 1.19131301017, 2.22740985139, 0.921920895413, 88.4437739884, 1.12350911631, 0.734908588084, 3.52098049152, 10.5639871693, 125.529276235, 0.000577376086004, 0.0
0.199765507482, 0.942826709114, 2.38582445433, 0.621113759685, 82.4463374437, 4.66900293433, 0.0952941041081, 0.842246814473, 12.7076559788, 114.837417766, 0.00977567128709, 0.142857142857
0.101375832477, 1.07855656221, 2.13119319688, 0.63308330041, 87.9461235784, 6.4681806042, 0.429850781363, 0.921762548307, 17.5117288249, 77.5611792963, 0.0289201561356, 0.0
0.187053441392, 0.844386677275, 2.16867353314, 0.941867033394, 81.0293929148, 6.95042918526, 0.336510031821, 0.934166943726, 12.6670362838, 87.8248305421, 0.0177711960612, 0.0
0.111871210801, 1.24433445289, 2.43325801138, 0.892861012504, 95.5938390279, 1.18993824931, 0.893354588054, 2.05779547949, 13.3630102563, 93.4432803699, 0.0109187280266, 0.0909090909091
0.168342210394, 0.835849751719, 2.83545212008, 0.826360198329, 94.2973660615, 9.54442427221, 0.0253245614147, 2.73649257053, 15.6673195704, 57.5559559472, 0.0918416643861, 0.454545454545
0.199765507482, 0.851148681953, 2.08919196078, 0.621113759685, 82.4463374437, 9.00966844053, 0.0952941041081, 1.3740484247, 12.6670362838, 72.0769259705, 0.17157271781, 0.166666666667
0.102962071519, 0.844386677275, 2.16867353314, 0.933120761312, 87.0087149735, 7.39499818096, 0.336510031821, 0.78265946269, 15.0023712577, 73.6869796986, 0.0357399716511, 0.125
0.102962071519, 0.844386677275, 2.16867353314, 0.933120761312, 87.0087149735, 6.95042918526, 0.336510031821, 0.934166943726, 15.0023712577, 122.416624655, 0.0121289825933, 0.0
0.123887352851, 0.900690337723, 5.08848451742, 0.692188635301, 97.9171136748, 2.53431672367, 0.469139847254, 0.493483121874, 14.0659142406, 264.107829009, 0.0038174925147, 0.0
0.111871210801, 1.25684125116, 2.43325801138, 0.691441910975, 95.5938390279, 7.37086633497, 0.726608309123, 2.5177000285, 10.2650489117, 131.608499309, 0.00660993070282, 0.0
0.141637330267, 0.902919644034, 4.24449366646, 0.635696577864, 94.283804712, 1.04877194171, 0.262861506295, 1.69133598013, 18.4757333339, 188.645305432, 0.00534625886681, 0.111111111111
0.124889261773, 1.07855656221, 2.13119319688, 0.796935321618, 88.281263556, 6.4681806042, 0.429850781363, 0.921762548307, 16.833970108, 83.4749344336, 0.0349467214489, 0.0
0.101375832477, 1.07855656221, 2.01673642692, 0.63308330041, 82.4463374437, 4.16894715652, 0.429850781363, 0.842246814473, 17.5117288249, 106.358059732, 0.0273075523725, 0.0588235294118
0.114730435686, 0.963411981422, 2.25646196348, 0.870993392459, 99.9471690543, 5.3767290103, 0.0817716667455, 0.280374750414, 19.9164781165, 91.9406656477, 0.0317455447326, 0.0
0.140013788197, 1.19131301017, 2.22740985139, 0.774209167504, 88.4437739884, 1.12350911631, 0.490730248938, 1.0390192803, 10.5639871693, 100.051875562, 0.0223990054339, 0.45
0.133954408018, 0.850247796133, 3.94784822002, 0.628286997972, 82.6964889045, 3.61783255634, 0.154665277282, 4.43138848443, 16.2952863449, 122.592883325, 0.0179219367457, 0.2
0.114044910171, 0.904464333493, 4.99332679052, 0.795165035395, 83.6822628895, 1.30851805073, 0.0339565917158, 3.91442267619, 16.9819868599, 310.901457552, 0.00514702215379, 0.0
0.129121712816, 0.864226559159, 4.85343896169, 0.930132799199, 87.891739714, 2.27094425701, 0.598979924877, 0.985307505466, 14.4518988837, 230.024456213, 0.01489279251, 0.0
0.168053820932, 0.847523610592, 6.86745860683, 0.695556225421, 83.8050596205, 1.04877194171, 0.578254508482, 0.134548677208, 10.5639871693, 273.012288739, 0.00974821680592, 0.0666666666667
0.10787250492, 0.954525413644, 7.96586299604, 0.836020621079, 90.6338565852, 1.90853427935, 0.51165803702, 3.75634872386, 12.9078936562, 286.309693807, 0.00826826639494, 0.0
0.114730435686, 0.990755052807, 2.25646196348, 0.752602890572, 99.9240552659, 8.49975162243, 0.588640747332, 4.71891677529, 14.6490627909, 174.06754994, 0.0161646810425, 0.0
0.114044910171, 0.927478348919, 4.99332679052, 0.761399576836, 99.9675465504, 1.30851805073, 0.717276264424, 3.91442267619, 16.9819868599, 165.903543957, 0.017487589434, 0.25
0.165476674494, 1.25903422923, 2.4891544994, 0.870993392459, 99.9471690543, 5.3767290103, 0.0292375735619, 0.280374750414, 19.9164781165, 136.220611357, 0.0209481665851, 0.0
0.103582750524, 0.958182992631, 2.56392840688, 0.647168779442, 85.8304913367, 2.40039276239, 1.57921524745, 4.79335711985, 19.3384921292, 247.408300379, 0.0127033930905, 0.0
0.177724140864, 0.856846294827, 4.08074815175, 0.707901829128, 94.241460691, 1.86695442259, 0.834504925478, 3.02565849589, 16.1643441399, 178.739849583, 0.0155903171637, 0.0
0.109396772161, 0.883750602511, 5.42886359851, 0.816270894668, 87.2628215862, 1.29040884387, 0.169126634434, 2.3698780007, 11.2103158658, 275.146793618, 0.00665747994165, 0.2
0.129121712816, 0.864226559159, 5.18807560744, 0.651890450637, 83.0701870649, 2.41524086192, 0.546416323535, 0.985307505466, 14.6591674936, 246.508064731, 0.0110068656343, 0.142857142857
0.111780468796, 0.841460462622, 6.42850793504, 0.801643648554, 93.793250672, 1.94605904539, 0.83728293141, 0.93322493469, 15.5273573852, 255.719205625, 0.0103118999419, 0.2
0.111780468796, 0.904464333493, 4.99332679052, 0.795165035395, 83.6822628895, 1.27081913003, 0.0339565917158, 3.91442267619, 15.6266219939, 222.640883691, 0.0114592184195, 0.5
0.12066907951, 0.826226400557, 4.99852298594, 0.873026865084, 88.281263556, 1.23177789542, 0.445171965692, 3.52098049152, 10.5284231056, 244.255979639, 0.0143597724736, 0.333333333333
0.140013788197, 0.833588475171, 2.14510607886, 0.670968942906, 83.7028674528, 2.89994958217, 0.490730248938, 1.0390192803, 16.5626891743, 121.925056364, 0.0325713761558, 0.272727272727
0.12066907951, 0.833588475171, 2.24274405995, 0.670968942906, 83.7028674528, 2.89994958217, 0.734908588084, 3.52098049152, 16.5626891743, 115.538821249, 0.0400839219804, 0.434782608696
0.102962071519, 0.844386677275, 2.16867353314, 0.933120761312, 87.0087149735, 6.95042918526, 0.336510031821, 0.934166943726, 12.6670362838, 105.168853681, 0.0970747706758, 0.324324324324
0.199765507482, 0.942826709114, 2.38582445433, 0.621113759685, 82.4463374437, 4.66900293433, 0.0952941041081, 2.3698780007, 15.0023712577, 118.724731359, 0.0587406181246, 0.25
0.165476674494, 0.963411981422, 2.4891544994, 0.870993392459, 99.9471690543, 5.3767290103, 0.0817716667455, 0.280374750414, 19.9164781165, 112.79888889, 0.0787117978018, 0.0
0.168342210394, 0.835849751719, 2.83545212008, 0.826360198329, 94.2973660615, 4.54906731169, 0.0253245614147, 2.73649257053, 15.6673195704, 133.39300446, 0.0726119100629, 0.2
0.141687216972, 1.19131301017, 5.97255809399, 0.694437783484, 84.7215727268, 1.35719685877, 0.683012355547, 3.81749713187, 11.7008110053, 368.290224345, 0.00608671865117, 0.0
0.140013788197, 1.23061976991, 6.78780931453, 0.774209167504, 82.0431981848, 1.12350911631, 0.490730248938, 1.0390192803, 19.2317343038, 891.306201158, 0.00562105535158, 0.142857142857
0.134575900063, 1.10559081467, 4.68288786378, 0.856266553756, 99.3546556064, 4.10680730445, 0.417460103703, 0.954083212126, 18.7312946334, 311.745510603, 0.00833433440209, 0.0
0.101375832477, 1.07855656221, 2.13119319688, 0.796935321618, 87.9461235784, 6.4681806042, 0.101827781129, 0.921762548307, 17.829623211, 139.142251466, 0.0407405548907, 0.0
0.115237842562, 1.02307467144, 2.32621277014, 0.644360264682, 91.8445705712, 3.03491018154, 0.0636583836579, 0.00309558801393, 17.825552071, 137.762487455, 0.0267136925906, 0.333333333333
0.103582750524, 0.864226559159, 5.18807560744, 0.651890450637, 83.0701870649, 2.40039276239, 0.546416323535, 0.985307505466, 14.6591674936, 178.298596356, 0.0234808324368, 0.0555555555556
0.168413792751, 0.893499944053, 3.99069537134, 0.900580426656, 95.8946227202, 2.63216269638, 0.897120401097, 4.76325076153, 12.7907647116, 167.225336031, 0.0300963571393, 0.0
0.109014597605, 0.855791217361, 4.99221556284, 0.814741727215, 97.6823729737, 2.21776835987, 0.143422482806, 4.18347312602, 15.3629626679, 174.164861016, 0.0225200739332, 0.384615384615
0.126883103235, 0.856846294827, 4.68288786378, 0.738303504579, 81.2086786556, 9.70766934875, 0.174914362656, 3.02565849589, 10.9959237816, 150.305175603, 0.0302725745481, 0.181818181818
0.118302700241, 0.829015901135, 5.98857208396, 0.939559570206, 87.8957443371, 3.39121163675, 0.917899791698, 2.08406324551, 19.2854281606, 304.851199895, 0.0140590391722, 0.0769230769231
0.109396772161, 0.883750602511, 5.42886359851, 0.816270894668, 87.2628215862, 1.50089567114, 0.169126634434, 0.842246814473, 12.7076559788, 299.942783085, 0.0167071339051, 0.0
0.103582750524, 0.864226559159, 5.18807560744, 0.651890450637, 83.0701870649, 2.40039276239, 0.546416323535, 0.985307505466, 14.6591674936, 273.34088039, 0.0161703281873, 0.0833333333333
0.141637330267, 0.902919644034, 4.24449366646, 0.635696577864, 94.283804712, 4.07096086481, 0.262861506295, 1.69133598013, 18.4757333339, 189.928606829, 0.0168086293478, 0.0
0.136942908477, 1.09496560993, 2.24274405995, 0.670968942906, 94.4793298379, 1.70437326013, 1.98319179555, 0.348248217403, 16.5626891743, 214.66961876, 0.0162101247362, 0.0869565217391
0.160614349091, 0.897164336542, 3.3936487181, 0.748449347151, 85.5592268173, 4.15106675905, 0.101644814651, 0.109058801822, 18.5927671922, 127.087333591, 0.0382182393046, 0.333333333333
0.184479783134, 0.835849751719, 2.83545212008, 0.826360198329, 94.2973660615, 9.54442427221, 0.0253245614147, 2.73649257053, 15.6673195704, 111.607333781, 0.120034778829, 0.533333333333
0.11728017248, 0.835849751719, 2.83545212008, 0.630366286343, 86.8486515085, 9.54442427221, 0.0253245614147, 1.86364670409, 15.4655555599, 123.591179391, 0.119780828216, 0.5
0.102962071519, 0.844386677275, 2.38582445433, 0.933120761312, 87.0087149735, 6.95042918526, 0.336510031821, 0.934166943726, 12.6670362838, 124.052341902, 0.082087118595, 0.411764705882
0.129345177435, 0.900564652086, 3.92949351847, 0.762396154975, 82.3269692218, 6.8215307772, 0.893354588054, 1.3740484247, 12.9258047007, 128.612030104, 0.0792074948384, 0.266666666667
0.199765507482, 0.83542726507, 2.38582445433, 0.621113759685, 82.4463374437, 9.00966844053, 0.0952941041081, 2.3698780007, 12.6670362838, 127.525316526, 0.118410116659, 0.0
0.115237842562, 1.07855656221, 2.13119319688, 0.644360264682, 99.0798400823, 6.4681806042, 0.101827781129, 0.00309558801393, 17.829623211, 128.627360827, 0.094029306731, 0.25
0.123887352851, 1.25684125116, 5.08848451742, 0.692188635301, 97.9171136748, 2.53431672367, 0.726608309123, 0.146927694265, 14.0659142406, 604.573951454, 0.00663201248241, 0.1
0.140013788197, 1.23780929169, 6.78780931453, 0.774209167504, 82.0431981848, 1.12350911631, 0.490730248938, 1.0390192803, 11.6122307128, 620.545860572, 0.00738480940019, 0.0
0.108697320647, 0.904464333493, 4.99332679052, 0.795165035395, 83.6822628895, 1.27081913003, 0.0339565917158, 3.91442267619, 15.6266219939, 340.990877247, 0.00975525784597, 0.0
0.119988035502, 0.898548334262, 5.28970515699, 0.786251477358, 99.4169571616, 1.18993824931, 1.40521067236, 2.05779547949, 15.7771363293, 439.856074899, 0.00856506276031, 0.0
0.101375832477, 1.07855656221, 2.13119319688, 0.63308330041, 87.9461235784, 6.4681806042, 0.429850781363, 0.921762548307, 17.5117288249, 150.358690406, 0.0474136051771, 0.1
0.148758454338, 1.13201630416, 2.81932846344, 0.647305326945, 93.7353652879, 2.99662606233, 0.71411862133, 3.44438055358, 15.4859348376, 141.909692044, 0.0636538124892, 0.2
0.199757126976, 0.972555616871, 2.89587915169, 0.910172920108, 89.2472036273, 3.92181783865, 0.372120493689, 0.821377574905, 17.3295693733, 153.53331657, 0.0449731967613, 0.117647058824
0.101375832477, 1.02307467144, 2.32621277014, 0.796935321618, 91.8445705712, 3.03491018154, 0.0636583836579, 0.921762548307, 17.825552071, 149.960207698, 0.0417241604663, 0.2
0.180079454295, 0.847523610592, 4.6822643967, 0.695556225421, 83.8050596205, 4.07096086481, 0.935648617563, 1.21764981754, 10.5639871693, 183.763646146, 0.0270979318271, 0.333333333333
0.160614349091, 0.897164336542, 3.3936487181, 0.748449347151, 85.5592268173, 4.15106675905, 0.101644814651, 0.109058801822, 18.5927671922, 179.294775483, 0.042806237534, 0.0
0.148758454338, 1.13201630416, 2.57854819986, 0.679960561644, 98.7969145241, 5.52154442744, 0.71411862133, 3.44438055358, 15.4859348376, 168.434660487, 0.0478899124616, 0.0
0.199757126976, 0.972555616871, 2.59182077534, 0.910172920108, 89.2472036273, 3.92181783865, 0.372120493689, 0.821377574905, 17.6482077023, 166.049245474, 0.0423934034958, 0.181818181818
0.136942908477, 0.826226400557, 4.99852298594, 0.729770275886, 87.9461235784, 1.25738408621, 0.445171965692, 3.22921467636, 10.6563797821, 156.675246493, 0.0349434765684, 0.538461538462
0.133954408018, 1.06451393845, 3.94784822002, 0.900580426656, 82.6964889045, 3.61783255634, 0.154665277282, 4.43138848443, 16.2952863449, 182.525474774, 0.038046606028, 0.411764705882
0.12066907951, 1.09496560993, 2.24274405995, 0.670968942906, 83.7028674528, 2.89994958217, 1.98319179555, 3.52098049152, 16.5626891743, 199.297694023, 0.0362251283222, 0.123076923077
0.12066907951, 1.09496560993, 2.24274405995, 0.670968942906, 94.4793298379, 2.048688013, 1.98319179555, 3.52098049152, 16.5626891743, 213.044991626, 0.0278207571562, 0.236842105263
0.138878546889, 0.855791217361, 4.99221556284, 0.937763570679, 94.4513749014, 2.21776835987, 0.143422482806, 4.18347312602, 17.2369340353, 193.693899748, 0.0332910675854, 0.142857142857
0.136942908477, 0.826226400557, 4.99852298594, 0.729770275886, 88.281263556, 1.61676529389, 0.445171965692, 3.22921467636, 10.6563797821, 213.626580437, 0.017745482417, 0.0
0.180079454295, 0.847523610592, 4.6822643967, 0.695556225421, 83.8050596205, 1.04877194171, 0.935648617563, 1.21764981754, 10.5639871693, 217.395860629, 0.0167889570288, 0.384615384615
0.109396772161, 0.883750602511, 5.42886359851, 0.816270894668, 87.2628215862, 1.50089567114, 0.169126634434, 2.3698780007, 15.0023712577, 264.933318704, 0.0167316472888, 0.232558139535
0.114730435686, 0.990755052807, 2.25646196348, 0.752602890572, 83.6822628895, 2.01268742484, 0.588640747332, 4.71891677529, 14.6490627909, 156.551137007, 0.038404259395, 0.458333333333
0.101375832477, 1.07855656221, 2.13119319688, 0.63308330041, 87.9461235784, 6.4681806042, 0.429850781363, 0.842246814473, 17.5117288249, 146.158001186, 0.0526030899087, 0.5
0.136942908477, 0.826226400557, 4.99852298594, 0.729770275886, 88.281263556, 4.97732527808, 0.445171965692, 0.348248217403, 10.5284231056, 147.26157613, 0.0573306365845, 0.4
0.199765507482, 0.851935402338, 2.38582445433, 0.621113759685, 82.4463374437, 4.66900293433, 0.0952941041081, 0.842246814473, 12.7076559788, 141.38050942, 0.0490416976351, 0.555555555556
0.114730435686, 0.937776344885, 2.59182077534, 0.910172920108, 89.2472036273, 3.92181783865, 0.0561841462344, 0.821377574905, 14.6490627909, 136.664168366, 0.048572915014, 0.5625
0.101375832477, 1.07855656221, 2.13119319688, 0.796935321618, 87.9461235784, 6.4681806042, 0.429850781363, 0.921762548307, 17.829623211, 133.105682868, 0.0893749749217, 0.3125
0.102932905334, 1.25830195954, 6.00356211966, 0.676788364924, 99.1075245923, 3.57874191914, 0.33662485924, 4.52299146179, 16.0035536128, 675.658142973, 0.00975343856085, 0.0
0.114730435686, 1.11827520829, 2.25646196348, 0.752602890572, 99.9240552659, 3.30687408372, 0.52370341182, 4.71891677529, 18.2770160884, 182.671091285, 0.0423197653257, 0.625
0.186180151057, 1.14990647959, 2.89956137143, 0.687154625132, 83.4275434029, 4.35802623685, 0.706406475031, 3.1553463437, 19.4834274825, 133.35584426, 0.130206031849, 0.4
0.141687216972, 1.22882110607, 5.97255809399, 0.694437783484, 84.7215727268, 1.35719685877, 0.683012355547, 2.51853359801, 11.7008110053, 575.10847471, 0.0108473381667, 0.0526315789474
0.165476674494, 1.11893022146, 2.4891544994, 0.870993392459, 99.9471690543, 3.53960420291, 0.0292375735619, 0.280374750414, 19.9164781165, 133.963499119, 0.101170726856, 0.5
0.140013788197, 1.19131301017, 6.78780931453, 0.774209167504, 82.0431981848, 1.12350911631, 0.490730248938, 1.0390192803, 19.2317343038, 612.499454207, 0.0107666505925, 0.2
0.19077221037, 0.844386677275, 2.16867353314, 0.941867033394, 81.0293929148, 6.95042918526, 0.336510031821, 0.934166943726, 12.6670362838, 133.394318088, 0.122282088146, 0.428571428571
0.10531004228, 0.856846294827, 3.08552207252, 0.738303504579, 81.2086786556, 9.70766934875, 0.174914362656, 3.02565849589, 12.6690532248, 176.843191257, 0.0874862093126, 0.0
0.165476674494, 1.11893022146, 2.4891544994, 0.870993392459, 99.9471690543, 5.3767290103, 0.0292375735619, 0.280374750414, 19.9164781165, 147.497808601, 0.108748514939, 0.36
0.119988035502, 0.898548334262, 6.78780931453, 0.786251477358, 99.4169571616, 1.18993824931, 1.40521067236, 2.05779547949, 13.3630102563, 493.096190151, 0.0122817599775, 0.35
0.11728017248, 0.835849751719, 2.83545212008, 0.826360198329, 95.2391172444, 9.54442427221, 0.0253245614147, 1.86364670409, 15.6673195704, 151.566876541, 0.0767645022837, 0.521739130435
0.186180151057, 0.921443891225, 3.11803773092, 0.89961116608, 97.8133446328, 5.2239348923, 0.706406475031, 1.77925948, 11.6532681909, 167.2857909, 0.0707609723161, 0.25
0.114044910171, 0.904464333493, 4.99332679052, 0.795165035395, 83.6822628895, 1.27081913003, 0.0339565917158, 3.91442267619, 15.6266219939, 217.186258866, 0.0222223853745, 0.6
0.106790528483, 1.23061976991, 5.97255809399, 0.694437783484, 84.7215727268, 1.35719685877, 0.683012355547, 3.81749713187, 11.7008110053, 538.029186859, 0.0125222135924, 0.0
0.134575900063, 1.10559081467, 3.08552207252, 0.856266553756, 99.3546556064, 4.10680730445, 0.417460103703, 0.954083212126, 18.4529348857, 163.462485132, 0.0622046339698, 0.352941176471
0.111780468796, 0.896674108317, 6.42850793504, 0.801643648554, 85.8015875801, 1.94605904539, 0.83728293141, 0.93322493469, 15.1880537083, 365.564750957, 0.0159928802847, 0.0
