0.63199361914, 1.24300627062, 4.73262042297, 0.489224431091, 17.8246142649, 45.2362204407, 2.08490820455, 1.56565962009, 31.6160788065, 910.983918103, 0.452806296662, 0.0769230769231
0.528466012696, 1.1579413068, 3.4578685681, 0.219919216596, 11.7813168947, 46.2559817468, 3.09214635799, 1.63765005994, 34.4638696928, 683.474085357, 0.423534289524, 0.541368743616
0.562854034333, 1.01530113489, 2.5288081639, 0.239158531615, 46.9594474999, 42.4549393085, 3.67088089332, 1.26320305787, 23.2975641241, 398.29989, 0.481407402497, 0.18820861678
0.576799106935, 0.849600807888, 2.15473461972, 0.391990376073, 13.2774042487, 43.5528497478, 2.83242348383, 0.0122087077837, 26.5797881517, 269.913833857, 0.498321766955, 0.00970873786408
0.520117214043, 0.899611045046, 7.36947242119, 0.429380111354, 24.1903814993, 47.2957986068, 2.69065402801, 4.44840733362, 20.359522496, 812.121459263, 0.499428720134, 0.0
0.562854034333, 1.01530113489, 2.5288081639, 0.239158531615, 6.38686195646, 42.4549393085, 3.67088089332, 1.26320305787, 23.2975641241, 447.961748733, 0.433961843703, 0.399345335516
0.534530376842, 1.16948236978, 7.45393693199, 0.294091893944, 29.4742898106, 43.8155622858, 3.29866722626, 1.618608923, 28.9083956013, 1720.99237079, 0.404514109281, 0.595475113122
0.520117214043, 0.899611045046, 2.05307037266, 0.429380111354, 19.1406102865, 47.2957986068, 2.69065402801, 1.26320305787, 20.359522496, 274.247376238, 0.488649326822, 0.521072796935
0.546210380814, 0.96541575092, 4.2236071464, 0.283374029803, 27.2934559019, 48.517494236, 2.19323708833, 3.7458139817, 23.6381398504, 505.214224111, 0.466198041461, 0.0873786407767
0.520117214043, 0.899611045046, 3.49634756097, 0.429380111354, 24.1903814993, 41.5860406712, 2.69065402801, 1.63120149342, 20.359522496, 407.823390605, 0.464107970275, 0.274509803922
0.859274945271, 1.01488254943, 4.10472816243, 0.408482885369, 43.868227387, 44.5744181139, 2.71475541437, 3.94242396769, 29.9715413112, 616.186525978, 0.549756082351, 0.00869565217391
0.528466012696, 1.1579413068, 3.4578685681, 0.219919216596, 11.7813168947, 46.2559817468, 3.09214635799, 1.63765005994, 34.4638696928, 855.843534344, 0.461386092599, 0.246153846154
0.562854034333, 1.01530113489, 2.5288081639, 0.239158531615, 18.1417609601, 42.4549393085, 3.67088089332, 1.26320305787, 23.2975641241, 440.166745699, 0.451303186891, 0.459060402685
0.576799106935, 0.846746891584, 2.43465328115, 0.391990376073, 13.2774042487, 43.5528497478, 2.83242348383, 1.74663269403, 29.9364044806, 289.770409072, 0.436601166498, 0.589820359281
0.520117214043, 1.01530113489, 2.5288081639, 0.429380111354, 43.3299593953, 42.4549393085, 3.67088089332, 1.26320305787, 20.359522496, 409.994937845, 0.443547540867, 0.587608906099
0.520117214043, 1.16948236978, 2.05307037266, 0.294091893944, 29.4742898106, 43.8155622858, 3.29866722626, 1.618608923, 28.9083956013, 396.175887864, 0.471052797344, 0.306390977444
0.534530376842, 0.899611045046, 7.45393693199, 0.429380111354, 19.1406102865, 47.2957986068, 2.69065402801, 1.26320305787, 20.359522496, 987.617850092, 0.408609817321, 0.102564102564
0.63199361914, 1.24300627062, 2.41487560309, 0.489224431091, 17.8246142649, 45.2362204407, 2.08490820455, 1.56565962009, 42.8559027717, 409.863708162, 0.574205365134, 0.0
0.688080323059, 0.871651575364, 2.87012572876, 0.491836898847, 3.11016629182, 42.765761955, 2.74849637587, 1.4399714228, 40.3718784911, 406.269487968, 0.467812197995, 0.343195266272
0.617350657517, 0.93846408084, 2.15473461972, 0.449191297237, 25.7260444767, 49.9370800696, 2.11179454393, 0.501440453888, 23.0027738164, 262.178379412, 0.583914243581, 0.0210526315789
0.606691682332, 0.896726903311, 5.1938546011, 0.331835340434, 25.7602068094, 40.3833167729, 2.87605576789, 1.50949863421, 30.7188576712, 651.021420577, 0.431853923236, 0.647975077882
0.692672694518, 1.04757605163, 3.45193323246, 0.417472022626, 29.9085668169, 45.5675417064, 2.93409509669, 1.94208647465, 26.8537265277, 546.238419601, 0.451257027069, 0.285714285714
0.688080323059, 0.93846408084, 2.18289365139, 0.456781700012, 21.5535511596, 49.2584009031, 2.95206767533, 1.3570781949, 40.3718784911, 289.124918559, 0.491459722389, 0.522151898734
0.654916805407, 0.910433883241, 6.57419621346, 0.308512236568, 18.7626702229, 45.4345683318, 2.47400936859, 1.15655335676, 20.895411752, 710.17004996, 0.429740020711, 0.626344086022
0.816272874603, 0.887153482428, 6.26453175435, 0.463600704735, 29.8408538978, 41.826008861, 2.80143671804, 1.74663269403, 41.0258180233, 707.883344444, 0.627168865887, 0.0
0.63199361914, 1.24300627062, 2.41487560309, 0.489224431091, 17.8246142649, 45.2362204407, 2.80143671804, 1.56565962009, 31.6160788065, 416.095501275, 0.45381231404, 0.649350649351
0.761053841913, 0.849600807888, 2.15473461972, 0.391990376073, 13.2774042487, 40.2318110918, 2.80634380488, 0.369823262173, 26.5797881517, 263.680691219, 0.640442631189, 0.160583941606
0.534530376842, 1.16948236978, 7.45393693199, 0.294091893944, 29.4742898106, 43.8155622858, 3.29866722626, 1.618608923, 28.9083956013, 2000.67981594, 0.445192391453, 0.385350318471
0.52224845, 1.11961167155, 7.45393693199, 0.346169047107, 29.4742898106, 43.8155622858, 3.29866722626, 1.618608923, 28.9083956013, 1667.69569985, 0.421519120322, 0.643697478992
0.619759873284, 0.865209830564, 4.9176666218, 0.43622769355, 43.868227387, 43.8990949032, 3.57738551484, 3.36001143127, 42.8559027717, 862.996467922, 0.562475059101, 0.00340136054422
0.710887772561, 1.06845103277, 5.66217056891, 0.37783701722, 35.8963256285, 41.3321754532, 2.28726439198, 0.248514485809, 32.7862385472, 873.616286748, 0.539715875619, 0.0
0.63199361914, 1.24300627062, 2.41487560309, 0.489224431091, 17.8246142649, 45.2362204407, 2.08490820455, 1.56565962009, 31.6160788065, 449.029241605, 0.446037951245, 0.441025641026
0.692672694518, 0.870089480476, 4.51748840413, 0.417472022626, 42.4371181406, 45.5675417064, 2.93409509669, 1.50949863421, 21.441292294, 452.074760963, 0.47428732175, 0.289473684211
0.667415481657, 1.14657914176, 6.36096786739, 0.467938828473, 38.4145680468, 47.9646385979, 3.31495385215, 1.4814029139, 43.6808188693, 1629.83532164, 0.430138490901, 0.616269515201
0.534530376842, 1.16948236978, 7.45393693199, 0.294091893944, 29.4742898106, 43.8155622858, 3.29866722626, 1.618608923, 31.6160788065, 1817.01071028, 0.426804767711, 0.594189315839
0.590032072252, 1.05727290154, 7.77871178331, 0.382796345459, 14.3534272316, 44.4640866645, 3.97600829924, 1.60505088664, 31.9916685789, 1676.45990287, 0.432521391058, 0.613247863248
0.772958466059, 1.17243302113, 5.46172668137, 0.471901851973, 35.8963256285, 46.8827213375, 2.69716822046, 3.83605236877, 38.7404116023, 1225.09475095, 0.563168800514, 0.0
0.816272874603, 0.887153482428, 7.43025270658, 0.463600704735, 44.6923604738, 41.826008861, 2.80143671804, 1.74663269403, 41.0258180233, 751.820062338, 0.442922341849, 0.570588235294
0.816272874603, 0.887153482428, 6.26453175435, 0.463600704735, 29.8408538978, 41.826008861, 2.80143671804, 1.74663269403, 41.0258180233, 864.517307171, 0.439240341135, 0.542452830189
0.799667273026, 0.939461851583, 5.91621159052, 0.488525922522, 40.462440259, 42.3523415918, 2.28074401902, 3.62628475338, 33.874460806, 812.422282646, 0.677326658845, 0.0
0.688080323059, 0.871651575364, 3.53246913454, 0.456781700012, 3.80611041323, 42.765761955, 3.89295323585, 1.3570781949, 40.3718784911, 636.483527857, 0.445091995526, 0.590299277606
0.710887772561, 1.06845103277, 5.66217056891, 0.37783701722, 11.5309629385, 41.3321754532, 2.28726439198, 1.75728891944, 32.7862385472, 936.078189543, 0.461272456966, 0.395209580838
0.520629997795, 1.11024860973, 4.81086256437, 0.416984303176, 6.12439677139, 42.2835517049, 3.79672480713, 1.58411835434, 27.0078463411, 995.013808372, 0.440913026312, 0.516089108911
0.63199361914, 1.24412115026, 4.73262042297, 0.489224431091, 17.8246142649, 44.6014318632, 2.08490820455, 1.56565962009, 28.9083956013, 1025.11179824, 0.441202662806, 0.505928853755
0.799803367582, 1.0629869202, 5.68125713822, 0.454503260848, 36.5994400184, 41.3321754532, 2.76567982892, 2.88082958926, 43.5971513166, 1067.3213751, 0.587261354368, 0.0
0.70138660687, 1.19892761117, 5.60988012858, 0.361783923894, 42.0693209152, 48.1206374642, 2.30392511765, 2.64002393218, 42.4470318746, 1269.73564908, 0.607004017863, 0.0
0.576799106935, 0.849600807888, 4.20794953018, 0.391990376073, 13.2774042487, 43.5528497478, 2.83242348383, 0.0122087077837, 30.8320286047, 454.966724143, 0.537603651788, 0.0183486238532
0.532100852224, 0.822617844746, 2.71780609353, 0.308851824672, 36.7773965614, 44.5568191044, 2.84474803315, 0.0891543538694, 21.1631210467, 292.600149861, 0.523746583039, 0.253658536585
0.761053841913, 1.04757605163, 2.42317380104, 0.309787076759, 29.9085668169, 46.90230546, 2.74849637587, 0.369823262173, 24.661677973, 351.195445194, 0.584432656633, 0.0194174757282
0.808158620987, 0.93846408084, 2.1695032797, 0.449191297237, 25.7260444767, 44.5485916748, 2.18843398178, 0.501440453888, 23.0027738164, 306.297676916, 0.614748826959, 0.0128205128205
0.507724947491, 0.870089480476, 2.42317380104, 0.309787076759, 42.4371181406, 46.90230546, 2.74849637587, 0.369823262173, 24.661677973, 270.666267765, 0.56074626181, 0.044776119403
0.623864780005, 0.893267598275, 3.27486387487, 0.466941617319, 0.956127532635, 43.3157657344, 2.95206767533, 3.83970227724, 21.3466599136, 367.841164034, 0.513327525895, 0.018691588785
0.688080323059, 1.01138823336, 2.18289365139, 0.456781700012, 21.5535511596, 49.2584009031, 2.66721379518, 1.3570781949, 40.3718784911, 312.612681592, 0.501606829687, 0.413636363636
0.854790954892, 0.994690867279, 4.51748840413, 0.328778077886, 11.599782279, 49.0059611444, 2.42270858925, 1.43927274592, 21.1098146864, 599.221833145, 0.448314028068, 0.636887608069
0.808158620987, 0.931398459024, 2.1695032797, 0.34754901006, 12.6632228389, 46.2801368355, 2.95015387879, 0.463090508897, 27.7325631851, 332.610724407, 0.523220401142, 0.0975609756098
0.816272874603, 0.887153482428, 7.43025270658, 0.463600704735, 44.6923604738, 41.826008861, 2.80143671804, 1.74663269403, 41.0258180233, 891.228195354, 0.489023393811, 0.225988700565
0.808158620987, 0.93846408084, 2.1695032797, 0.449191297237, 25.7260444767, 49.2584009031, 2.18843398178, 1.15029236926, 27.0946923328, 287.520001316, 0.510105898607, 0.545751633987
0.780499264857, 0.996209389625, 5.43868829677, 0.268157981266, 11.599782279, 49.6266600762, 2.22804476376, 1.43927274592, 21.1098146864, 935.23773419, 0.446268640715, 0.570731707317
0.780499264857, 0.994690867279, 3.07387178336, 0.458777991902, 11.599782279, 46.1060314758, 2.42270858925, 1.43927274592, 21.1098146864, 358.236492419, 0.502841626573, 0.527881040892
0.85682109461, 1.20636129733, 5.94993235374, 0.326516037731, 34.5833959926, 49.1111474148, 2.95831523558, 1.96494551385, 25.254954347, 1189.29504409, 0.440384790439, 0.651296829971
0.712072483217, 0.844248533996, 3.77803618514, 0.375783607532, 17.3816983982, 46.5002178155, 3.43049546158, 0.086150206051, 38.3612257707, 654.612217601, 0.563412455968, 0.0141342756184
0.692672694518, 0.870089480476, 5.59900302846, 0.417472022626, 42.4371181406, 45.5675417064, 2.93409509669, 3.6129799678, 28.59211388, 578.479374733, 0.579707985989, 0.0108695652174
0.546210380814, 1.10219960995, 6.38444860637, 0.327097837687, 27.2934559019, 48.517494236, 2.19323708833, 3.7667746761, 20.3653788796, 1146.36392302, 0.531665386557, 0.0108695652174
0.51184671077, 0.883948842113, 6.9091799702, 0.333485219702, 23.595168549, 41.1740388783, 3.78055465885, 0.714924152133, 27.295627002, 881.5618397, 0.504193983836, 0.021978021978
0.646160525349, 1.13566327292, 4.34336388344, 0.429120117455, 5.25519241931, 43.4194789108, 3.1436831175, 1.80103163222, 24.4654337404, 955.077332545, 0.501851218959, 0.0439882697947
0.688080323059, 0.871651575364, 2.87012572876, 0.456781700012, 3.80611041323, 42.765761955, 2.95206767533, 1.3570781949, 40.3718784911, 367.448986818, 0.554709189693, 0.0989010989011
0.808158620987, 0.93846408084, 2.44687932945, 0.449191297237, 25.7260444767, 44.5485916748, 2.18843398178, 0.501440453888, 23.0027738164, 322.758502541, 0.581302201369, 0.251207729469
0.592119439086, 0.910433883241, 6.57419621346, 0.308512236568, 18.7626702229, 45.4345683318, 2.47400936859, 1.15655335676, 20.895411752, 705.671851575, 0.452319132536, 0.537634408602
0.532100852224, 0.96541575092, 3.79127167192, 0.238007485765, 3.39077542598, 44.1605590093, 3.97384357406, 1.94417885775, 23.6381398504, 551.071223954, 0.458285211936, 0.507537688442
0.677953749918, 1.15874939321, 3.15595916688, 0.309414156015, 18.7821443657, 45.7979299462, 2.61960724357, 1.63120149342, 23.5426016161, 493.436234145, 0.466223309473, 0.491935483871
0.839755949277, 1.13881989674, 4.57461785123, 0.420873014968, 40.8507124513, 46.9535089265, 2.85797564396, 4.15185756278, 22.9080953507, 668.691621188, 0.613364387186, 0.0102040816327
0.883171152342, 1.06845103277, 5.66217056891, 0.219919216596, 9.44353062369, 42.9827650609, 2.9064499139, 1.4814029139, 32.7862385472, 922.498320932, 0.447493877809, 0.671018276762
0.528466012696, 1.1579413068, 3.4578685681, 0.219919216596, 11.7813168947, 46.2559817468, 3.09214635799, 1.63765005994, 34.4638696928, 759.57070014, 0.498788877519, 0.185354691076
0.562854034333, 1.01530113489, 2.5288081639, 0.239158531615, 46.9594474999, 42.4549393085, 3.67088089332, 1.26320305787, 23.2975641241, 404.843404918, 0.513598453784, 0.141552511416
0.532100852224, 0.849600807888, 4.20794953018, 0.391471289937, 13.2774042487, 43.5528497478, 2.83242348383, 0.000989304730445, 21.1631210467, 410.706818508, 0.534269093807, 0.0188679245283
0.808158620987, 0.848499182987, 2.1695032797, 0.449191297237, 3.80611041323, 42.765761955, 2.18843398178, 0.107748972766, 28.9408463989, 324.47044062, 0.572371596635, 0.295454545455
0.617350657517, 0.931398459024, 2.15473461972, 0.34754901006, 12.6632228389, 46.2801368355, 2.95015387879, 0.463090508897, 27.7325631851, 278.712660285, 0.627103984351, 0.102803738318
0.808158620987, 0.93846408084, 2.1695032797, 0.449191297237, 25.7260444767, 44.5485916748, 2.18843398178, 0.501440453888, 23.0027738164, 295.99251786, 0.596359777468, 0.102803738318
0.808158620987, 0.93846408084, 2.1695032797, 0.449191297237, 25.7260444767, 49.2584009031, 2.18843398178, 0.107748972766, 27.0946923328, 278.765905559, 0.598169773504, 0.338624338624
0.808158620987, 0.848499182987, 2.1695032797, 0.449191297237, 3.80611041323, 42.765761955, 2.18843398178, 0.107748972766, 27.0946923328, 272.558100554, 0.612540414176, 0.451219512195
0.507724947491, 0.862817930577, 2.42317380104, 0.309787076759, 42.4371181406, 46.90230546, 2.74849637587, 0.369823262173, 24.661677973, 288.259739095, 0.596529485638, 0.355191256831
0.684302672985, 1.22084768491, 7.3532353808, 0.336256373088, 34.4028228126, 49.3822296252, 3.11307302551, 1.95799110386, 28.4481966303, 2212.07207701, 0.445490681269, 0.591923485654
0.576799106935, 0.822617844746, 2.71780609353, 0.308851824672, 36.7773965614, 44.5568191044, 2.84474803315, 0.0891543538694, 31.3542945744, 345.287335423, 0.576502205444, 0.138554216867
0.619759873284, 0.865209830564, 4.9176666218, 0.43622769355, 43.868227387, 43.8990949032, 3.42559783242, 3.36001143127, 31.6160788065, 714.619781393, 0.594309255671, 0.0143884892086
0.761053841913, 1.04757605163, 2.46929259606, 0.309787076759, 29.9085668169, 40.2318110918, 2.74849637587, 0.369823262173, 24.661677973, 303.59599906, 0.612605248383, 0.177884615385
0.52224845, 1.14141144762, 4.81086256437, 0.373744014231, 6.12439677139, 42.2835517049, 3.79672480713, 1.58411835434, 27.0078463411, 1022.70580694, 0.462219237089, 0.402962962963
0.661425626727, 1.00025899027, 5.84279292735, 0.420150607058, 7.30869727558, 46.3526377977, 2.74558999915, 2.06755273689, 36.2092957666, 845.641388164, 0.578833173356, 0.010989010989
0.529544164603, 1.04395827479, 4.95748338736, 0.361474638173, 30.0376205522, 43.3822324803, 3.63488477533, 3.86280029865, 27.4172362445, 890.696439729, 0.514189623294, 0.0215633423181
0.534530376842, 1.14141144762, 4.81086256437, 0.373744014231, 9.21157420197, 42.2835517049, 3.79672480713, 1.58411835434, 26.9053366732, 1048.41939178, 0.509054299026, 0.0797342192691
0.576799106935, 0.822617844746, 2.95137402686, 0.391990376073, 36.7773965614, 44.5568191044, 2.84474803315, 0.0406756047937, 30.8320286047, 374.381450541, 0.566525991361, 0.0490196078431
0.528466012696, 1.1579413068, 2.46929259606, 0.202470144848, 11.7813168947, 43.0474345614, 3.09214635799, 3.13012951249, 34.4638696928, 520.71082327, 0.535507809939, 0.0829145728643
0.667415481657, 1.14657914176, 6.36096786739, 0.373744014231, 49.3922835935, 47.9646385979, 3.31495385215, 1.4814029139, 43.6808188693, 1578.38453364, 0.448993873048, 0.640135478408
0.532100852224, 0.885981085187, 2.71780609353, 0.308851824672, 36.7773965614, 44.5568191044, 2.84474803315, 0.0891543538694, 21.1631210467, 302.505576888, 0.597050820647, 0.480620155039
0.532100852224, 0.885981085187, 2.71780609353, 0.308851824672, 36.7773965614, 44.5568191044, 2.84474803315, 0.0891543538694, 21.1631210467, 298.35996363, 0.611138657892, 0.357541899441
0.692672694518, 0.870089480476, 5.1938546011, 0.417472022626, 42.4371181406, 45.5675417064, 2.93409509669, 1.50949863421, 21.3773215944, 558.530721777, 0.490000496193, 0.302013422819
0.520117214043, 0.899611045046, 7.36947242119, 0.429380111354, 24.1903814993, 47.2957986068, 2.69065402801, 4.44840733362, 20.359522496, 773.972574305, 0.545171583218, 0.0217391304348
0.629152432868, 1.08525268695, 3.01298939227, 0.298807598947, 41.6684733919, 46.5212687888, 3.67955062993, 2.59465835958, 20.1018999715, 597.905498209, 0.556619643147, 0.0571428571429
0.590032072252, 0.914518198328, 7.77871178331, 0.382796345459, 11.5309629385, 44.4640866645, 3.97600829924, 1.60505088664, 31.9916685789, 1157.35237365, 0.532042290582, 0.0345911949686
0.534530376842, 1.11961167155, 7.45393693199, 0.346169047107, 29.4742898106, 43.8155622858, 3.29866722626, 1.618608923, 28.9083956013, 1538.0107707, 0.518614321082, 0.0634005763689
0.590032072252, 0.914518198328, 7.77871178331, 0.382796345459, 9.44353062369, 44.4640866645, 3.97600829924, 1.60505088664, 27.0025631407, 1076.8501765, 0.523035126013, 0.0504201680672
