-1.0, 1.0, 0.0, 3.0, 2.0, 2.0, 0.0, 1.0, -1.0, -1.0, 1.0, 2.0, -1.0, 3.0, 3.0, -1.0, 1.0, 2.0, 0.0, 0.0, 2.0, 1.0, -1.0, 1.0, 2.0, 2.0, 0.0, 1.0, -1.0, 1.0, -1.0, 3.0, 3.0, 2.0, 0.0, -1.0, 3.0, -1.0, 0.0, 1.0, -1.0, 3.0, 3.0, -1.0, 2.0, 3.0, 0.0, 0.0, 1.0, 0.0, 95321.0, 516.0, 99494.0
-1.0, 1.0, 3.0, -1.0, 1.0, 0.0, 2.0, 3.0, 0.0, 1.0, -1.0, -1.0, 2.0, -1.0, 1.0, -1.0, 2.0, 2.0, -1.0, 1.0, 2.0, -1.0, -1.0, 2.0, 0.0, 1.0, -1.0, -1.0, 0.0, 0.0, -1.0, 2.0, 3.0, 2.0, -1.0, 1.0, -1.0, 3.0, 0.0, 0.0, 1.0, 0.0, 2.0, -1.0, -1.0, 0.0, 0.0, 1.0, -1.0, 1.0, 95849.0, 440.0, 99566.0
0.0, 1.0, 3.0, -1.0, 1.0, 0.0, 2.0, 3.0, 0.0, 1.0, 1.0, -1.0, 2.0, -1.0, 1.0, -1.0, -1.0, 2.0, -1.0, -1.0, 2.0, -1.0, -1.0, 2.0, 0.0, 1.0, -1.0, -1.0, 2.0, 0.0, -1.0, 2.0, 3.0, 2.0, -1.0, 1.0, -1.0, 3.0, 0.0, 0.0, 0.0, 0.0, 2.0, -1.0, -1.0, 0.0, 0.0, -1.0, -1.0, 1.0, 96131.0, 421.0, 99584.0
-1.0, 1.0, 3.0, -1.0, 1.0, -1.0, -1.0, 3.0, 0.0, 1.0, -1.0, -1.0, 2.0, -1.0, 1.0, -1.0, 2.0, 2.0, -1.0, 1.0, 2.0, -1.0, -1.0, 2.0, 0.0, 1.0, 0.0, -1.0, 2.0, 0.0, -1.0, 2.0, 3.0, 2.0, 1.0, 1.0, -1.0, 3.0, 0.0, 0.0, 1.0, 0.0, 2.0, -1.0, -1.0, 0.0, 0.0, 1.0, -1.0, 1.0, 95944.0, 433.0, 99575.0
-1.0, 1.0, 3.0, -1.0, 1.0, -1.0, -1.0, 3.0, 0.0, 1.0, -1.0, -1.0, 2.0, -1.0, 1.0, -1.0, 2.0, 2.0, -1.0, 1.0, 2.0, -1.0, -1.0, 2.0, 0.0, 1.0, 0.0, -1.0, 2.0, 0.0, -1.0, 2.0, 3.0, 2.0, 1.0, 1.0, -1.0, 3.0, 0.0, 0.0, 1.0, 0.0, 2.0, -1.0, -1.0, 0.0, 0.0, 1.0, -1.0, 1.0, 95944.0, 433.0, 99575.0
3.0, 1.0, 3.0, 2.0, -1.0, -1.0, -1.0, 2.0, 0.0, 2.0, 1.0, 0.0, 2.0, 2.0, 1.0, -1.0, 3.0, -1.0, 1.0, 1.0, -1.0, -1.0, 2.0, -1.0, 2.0, 3.0, 2.0, 3.0, 0.0, 2.0, 0.0, 0.0, -1.0, 2.0, -1.0, 1.0, 0.0, 0.0, 2.0, 0.0, -1.0, 1.0, -1.0, 1.0, 1.0, 0.0, -1.0, -1.0, -1.0, 0.0, 95432.0, 472.0, 99524.0
3.0, 1.0, 3.0, 2.0, -1.0, -1.0, -1.0, 2.0, 0.0, 2.0, 1.0, 0.0, 2.0, 2.0, 1.0, -1.0, 3.0, -1.0, 1.0, 1.0, -1.0, -1.0, 2.0, -1.0, 2.0, 3.0, 2.0, 3.0, 0.0, 2.0, 0.0, 0.0, -1.0, 2.0, 2.0, 1.0, 0.0, 0.0, 2.0, 0.0, -1.0, 1.0, -1.0, 1.0, 1.0, 0.0, -1.0, -1.0, -1.0, 3.0, 95528.0, 482.0, 99515.0
0.0, 1.0, 3.0, -1.0, 1.0, 0.0, 2.0, 3.0, 0.0, 1.0, 1.0, -1.0, 2.0, -1.0, 1.0, -1.0, -1.0, 2.0, 3.0, -1.0, 2.0, -1.0, -1.0, 2.0, 0.0, 1.0, -1.0, -1.0, 2.0, 0.0, -1.0, 2.0, 3.0, 2.0, -1.0, 1.0, -1.0, 3.0, 0.0, 0.0, 1.0, 0.0, 2.0, -1.0, -1.0, 0.0, 0.0, -1.0, -1.0, 1.0, 96065.0, 438.0, 99567.0
-1.0, 1.0, 3.0, -1.0, 1.0, 0.0, -1.0, 3.0, 0.0, 1.0, -1.0, -1.0, 2.0, -1.0, 1.0, -1.0, 2.0, 2.0, -1.0, 1.0, 2.0, -1.0, -1.0, 2.0, 0.0, 1.0, -1.0, -1.0, 2.0, 0.0, -1.0, 2.0, 3.0, 2.0, -1.0, 1.0, -1.0, 3.0, 0.0, 0.0, 1.0, 0.0, 2.0, -1.0, -1.0, 0.0, 0.0, 1.0, -1.0, 1.0, 96089.0, 430.0, 99582.0
-1.0, 1.0, 3.0, -1.0, 1.0, 0.0, 2.0, 3.0, 0.0, 1.0, 1.0, -1.0, 2.0, -1.0, 1.0, -1.0, -1.0, 2.0, -1.0, -1.0, 2.0, -1.0, -1.0, 2.0, 0.0, 1.0, -1.0, -1.0, 2.0, 0.0, -1.0, 2.0, 3.0, 0.0, -1.0, 1.0, -1.0, 3.0, 0.0, 0.0, 1.0, 0.0, 2.0, -1.0, -1.0, 0.0, 0.0, -1.0, -1.0, 1.0, 96185.0, 405.0, 99598.0
-1.0, 1.0, 0.0, 3.0, 2.0, 2.0, 0.0, 1.0, -1.0, -1.0, 1.0, 2.0, -1.0, 3.0, 3.0, -1.0, 1.0, 2.0, 0.0, 0.0, 2.0, 1.0, -1.0, 1.0, 2.0, 2.0, 0.0, 1.0, -1.0, 1.0, -1.0, 3.0, 3.0, 2.0, 0.0, -1.0, 3.0, -1.0, 0.0, 1.0, -1.0, 3.0, 3.0, -1.0, 2.0, 3.0, 0.0, 0.0, 1.0, 0.0, 95321.0, 516.0, 99494.0
3.0, 1.0, 3.0, 2.0, -1.0, -1.0, -1.0, 2.0, 0.0, 2.0, 1.0, 0.0, 2.0, 2.0, 1.0, -1.0, 3.0, -1.0, 1.0, 1.0, -1.0, 0.0, -1.0, -1.0, 2.0, 3.0, 1.0, 3.0, 0.0, 2.0, 0.0, 0.0, -1.0, 2.0, -1.0, 1.0, 0.0, 0.0, 2.0, 0.0, -1.0, 0.0, -1.0, 1.0, 1.0, 0.0, -1.0, -1.0, -1.0, 1.0, 95358.0, 478.0, 99523.0
-1.0, 1.0, 3.0, -1.0, 1.0, -1.0, -1.0, 3.0, 0.0, -1.0, -1.0, -1.0, 2.0, -1.0, 1.0, -1.0, 2.0, -1.0, -1.0, 1.0, 2.0, -1.0, -1.0, 2.0, 0.0, 1.0, 0.0, -1.0, 2.0, 0.0, -1.0, 2.0, 3.0, 2.0, -1.0, 1.0, -1.0, 3.0, 0.0, 0.0, 2.0, 0.0, -1.0, -1.0, -1.0, 0.0, 0.0, 1.0, -1.0, 1.0, 96344.0, 383.0, 99616.0
3.0, 1.0, 3.0, 2.0, -1.0, -1.0, 3.0, 2.0, 0.0, 2.0, 1.0, 0.0, 2.0, 2.0, 1.0, -1.0, 3.0, -1.0, 1.0, 3.0, -1.0, 0.0, -1.0, -1.0, 2.0, 3.0, 2.0, 3.0, 0.0, 2.0, 1.0, 0.0, -1.0, 2.0, 2.0, 1.0, 0.0, 0.0, 2.0, 0.0, -1.0, 1.0, -1.0, 1.0, 1.0, 0.0, -1.0, -1.0, -1.0, 1.0, 95395.0, 498.0, 99498.0
3.0, 1.0, 3.0, 2.0, -1.0, -1.0, -1.0, 2.0, 0.0, 2.0, 1.0, 0.0, 2.0, 2.0, 1.0, -1.0, 3.0, -1.0, 1.0, 1.0, -1.0, -1.0, 2.0, -1.0, 2.0, 3.0, 2.0, 3.0, 0.0, 2.0, 0.0, 0.0, -1.0, 2.0, 2.0, 1.0, 0.0, 0.0, 2.0, 0.0, -1.0, 1.0, -1.0, 1.0, 1.0, 0.0, -1.0, -1.0, -1.0, 3.0, 95528.0, 482.0, 99515.0
-1.0, 1.0, 3.0, -1.0, 1.0, -1.0, -1.0, 3.0, 0.0, 1.0, -1.0, -1.0, -1.0, -1.0, 1.0, -1.0, 2.0, 2.0, -1.0, 1.0, 2.0, -1.0, -1.0, 2.0, 0.0, 1.0, 0.0, -1.0, 2.0, 0.0, -1.0, 2.0, 3.0, 2.0, 1.0, 1.0, -1.0, 0.0, 0.0, 0.0, 1.0, 0.0, 2.0, -1.0, -1.0, 0.0, 0.0, 1.0, -1.0, 1.0, 95915.0, 421.0, 99587.0
3.0, 1.0, 3.0, 2.0, -1.0, -1.0, -1.0, 2.0, 0.0, 2.0, 1.0, 0.0, 2.0, 2.0, 1.0, -1.0, 3.0, -1.0, -1.0, 1.0, -1.0, -1.0, 2.0, -1.0, 2.0, 3.0, 2.0, 3.0, 0.0, 2.0, 0.0, 0.0, -1.0, 2.0, -1.0, 1.0, 0.0, 0.0, 2.0, 0.0, -1.0, 1.0, -1.0, 1.0, 1.0, 0.0, -1.0, -1.0, -1.0, 0.0, 95601.0, 455.0, 99541.0
-1.0, 1.0, 3.0, -1.0, 1.0, 0.0, 2.0, 3.0, 0.0, 1.0, 1.0, -1.0, 2.0, -1.0, 1.0, -1.0, -1.0, 2.0, -1.0, -1.0, 2.0, -1.0, 0.0, 2.0, 0.0, 1.0, -1.0, -1.0, 2.0, 0.0, -1.0, 2.0, 3.0, 2.0, -1.0, 1.0, -1.0, 3.0, 0.0, 0.0, 1.0, 0.0, 2.0, -1.0, -1.0, 0.0, 0.0, -1.0, -1.0, 1.0, 96194.0, 417.0, 99589.0
-1.0, 1.0, 3.0, -1.0, 1.0, 0.0, 2.0, 3.0, 0.0, 1.0, 1.0, -1.0, 2.0, -1.0, 1.0, -1.0, -1.0, 2.0, -1.0, 1.0, 2.0, -1.0, -1.0, 2.0, 0.0, 1.0, -1.0, -1.0, 2.0, 0.0, -1.0, 2.0, 3.0, 2.0, -1.0, 1.0, -1.0, 3.0, 0.0, 0.0, 1.0, 0.0, 2.0, -1.0, -1.0, 0.0, 0.0, 1.0, -1.0, 1.0, 95964.0, 438.0, 99570.0
-1.0, 1.0, 3.0, -1.0, 1.0, 0.0, 2.0, 3.0, 0.0, 1.0, -1.0, -1.0, 2.0, -1.0, 1.0, -1.0, 2.0, 2.0, -1.0, 1.0, 2.0, -1.0, -1.0, 2.0, 0.0, 1.0, -1.0, -1.0, 0.0, 0.0, -1.0, 2.0, 3.0, 2.0, -1.0, 1.0, -1.0, 3.0, 0.0, 0.0, 1.0, 0.0, 2.0, -1.0, -1.0, 0.0, 0.0, 1.0, -1.0, 1.0, 95849.0, 440.0, 99566.0
3.0, 1.0, 3.0, 2.0, -1.0, -1.0, -1.0, 2.0, 0.0, 2.0, 1.0, 0.0, 2.0, 2.0, 1.0, -1.0, 0.0, -1.0, 1.0, 1.0, -1.0, 0.0, -1.0, 2.0, 2.0, 3.0, 2.0, 3.0, 0.0, 2.0, -1.0, 0.0, -1.0, 2.0, -1.0, 1.0, -1.0, 0.0, 2.0, 0.0, -1.0, 1.0, -1.0, 3.0, 1.0, 0.0, -1.0, -1.0, 0.0, 1.0, 95554.0, 471.0, 99532.0
-1.0, 1.0, 3.0, -1.0, 1.0, -1.0, -1.0, 3.0, 0.0, 1.0, -1.0, -1.0, 2.0, -1.0, 1.0, -1.0, 2.0, 2.0, -1.0, 1.0, 2.0, -1.0, -1.0, 2.0, 0.0, 1.0, 0.0, -1.0, 2.0, 0.0, -1.0, 2.0, 3.0, 2.0, -1.0, 1.0, -1.0, 3.0, 0.0, 0.0, 1.0, 0.0, 2.0, -1.0, -1.0, 0.0, 0.0, 1.0, 1.0, 1.0, 95974.0, 436.0, 99574.0
-1.0, 1.0, 3.0, -1.0, 1.0, 0.0, 2.0, 3.0, 0.0, 1.0, 1.0, -1.0, 2.0, -1.0, 1.0, -1.0, -1.0, 2.0, 3.0, -1.0, 2.0, -1.0, -1.0, 0.0, 0.0, 1.0, -1.0, -1.0, 2.0, 0.0, -1.0, 2.0, 3.0, 2.0, -1.0, 1.0, -1.0, 3.0, 0.0, 0.0, 1.0, 0.0, 2.0, -1.0, -1.0, 0.0, 0.0, -1.0, -1.0, 1.0, 96146.0, 422.0, 99581.0
-1.0, 1.0, 3.0, -1.0, 1.0, -1.0, -1.0, 0.0, 0.0, 1.0, 1.0, -1.0, 2.0, -1.0, 1.0, -1.0, 2.0, 2.0, -1.0, 1.0, 2.0, -1.0, -1.0, 2.0, 0.0, 0.0, 0.0, -1.0, 2.0, 0.0, -1.0, 2.0, 3.0, 2.0, 1.0, 1.0, -1.0, 3.0, 0.0, 0.0, 1.0, 0.0, 2.0, -1.0, -1.0, 0.0, 0.0, 1.0, -1.0, 1.0, 95657.0, 447.0, 99562.0
2.0, 2.0, 2.0, 1.0, 3.0, -1.0, 2.0, 3.0, 0.0, 1.0, -1.0, 0.0, 0.0, 2.0, 3.0, -1.0, -1.0, 3.0, 3.0, 0.0, 0.0, -1.0, -1.0, 3.0, 2.0, 1.0, 0.0, 1.0, 1.0, 1.0, -1.0, 1.0, 0.0, 0.0, 0.0, 2.0, -1.0, 2.0, -1.0, -1.0, 3.0, 2.0, -1.0, -1.0, -1.0, 1.0, -1.0, -1.0, 1.0, 3.0, 95820.0, 462.0, 99532.0
-1.0, 1.0, 3.0, 0.0, 1.0, 0.0, -1.0, 3.0, 0.0, 1.0, -1.0, -1.0, 2.0, -1.0, 0.0, -1.0, 2.0, 2.0, -1.0, 1.0, 2.0, -1.0, -1.0, 2.0, 0.0, 1.0, -1.0, -1.0, 2.0, 0.0, -1.0, 2.0, 3.0, 2.0, -1.0, 1.0, -1.0, 3.0, 0.0, 0.0, 1.0, 0.0, 2.0, -1.0, -1.0, 0.0, 0.0, 1.0, -1.0, 1.0, 95811.0, 443.0, 99565.0
-1.0, 1.0, 3.0, -1.0, 1.0, -1.0, -1.0, 3.0, 0.0, 1.0, -1.0, -1.0, 2.0, -1.0, 1.0, -1.0, 2.0, 2.0, -1.0, 1.0, 2.0, -1.0, -1.0, 2.0, 0.0, 1.0, 0.0, -1.0, 2.0, 0.0, -1.0, 0.0, 3.0, 2.0, -1.0, 1.0, -1.0, 3.0, 0.0, 0.0, 1.0, 0.0, 2.0, -1.0, -1.0, 0.0, 0.0, 1.0, -1.0, 1.0, 95961.0, 423.0, 99584.0
-1.0, 1.0, 3.0, -1.0, 1.0, -1.0, -1.0, 3.0, 0.0, -1.0, -1.0, -1.0, 2.0, -1.0, 1.0, -1.0, 2.0, 2.0, -1.0, 1.0, 0.0, -1.0, -1.0, 2.0, 0.0, 1.0, 0.0, -1.0, 2.0, 0.0, -1.0, 2.0, 3.0, 2.0, -1.0, 1.0, -1.0, 3.0, 0.0, 0.0, 1.0, 0.0, -1.0, -1.0, -1.0, 0.0, 0.0, 1.0, -1.0, 1.0, 96177.0, 401.0, 99604.0
3.0, 1.0, 3.0, 2.0, -1.0, -1.0, -1.0, 2.0, 0.0, 2.0, 1.0, 0.0, 2.0, 2.0, 1.0, -1.0, 3.0, -1.0, 1.0, 1.0, -1.0, -1.0, 2.0, -1.0, 2.0, 3.0, 2.0, 3.0, 0.0, 2.0, 0.0, 0.0, -1.0, 2.0, -1.0, 1.0, 0.0, 0.0, 2.0, 0.0, -1.0, 1.0, -1.0, 1.0, 1.0, 0.0, -1.0, -1.0, -1.0, 0.0, 95432.0, 472.0, 99524.0
-1.0, 1.0, 3.0, -1.0, 1.0, -1.0, -1.0, 3.0, 0.0, -1.0, -1.0, -1.0, 2.0, -1.0, 1.0, -1.0, 2.0, -1.0, -1.0, 1.0, 2.0, -1.0, -1.0, 2.0, 0.0, 1.0, 0.0, -1.0, 2.0, 0.0, -1.0, 2.0, 3.0, 2.0, -1.0, 1.0, -1.0, 3.0, 0.0, 0.0, 2.0, 0.0, -1.0, -1.0, -1.0, 0.0, 0.0, 1.0, -1.0, 1.0, 96344.0, 383.0, 99616.0
3.0, 1.0, 3.0, 2.0, -1.0, -1.0, 3.0, 2.0, 0.0, 2.0, 1.0, 0.0, 2.0, 2.0, 1.0, -1.0, 3.0, -1.0, 1.0, 3.0, -1.0, 0.0, -1.0, -1.0, 2.0, 3.0, 2.0, 3.0, 0.0, 2.0, 1.0, 0.0, -1.0, 2.0, 2.0, 1.0, 0.0, 0.0, 2.0, 0.0, -1.0, 1.0, -1.0, 1.0, 1.0, 0.0, -1.0, -1.0, -1.0, 1.0, 95395.0, 498.0, 99498.0
3.0, 1.0, 3.0, 2.0, -1.0, -1.0, -1.0, 2.0, 0.0, 2.0, -1.0, 0.0, 2.0, 2.0, 1.0, -1.0, 3.0, -1.0, 1.0, 1.0, -1.0, -1.0, 2.0, -1.0, 2.0, 3.0, 2.0, 3.0, 0.0, 2.0, 0.0, 0.0, -1.0, 2.0, 2.0, 1.0, 0.0, 0.0, 2.0, 0.0, -1.0, 1.0, -1.0, 1.0, 1.0, 0.0, -1.0, -1.0, -1.0, 3.0, 95657.0, 468.0, 99528.0
-1.0, 1.0, 3.0, -1.0, 1.0, -1.0, -1.0, 3.0, 0.0, -1.0, -1.0, -1.0, 2.0, -1.0, 1.0, -1.0, 2.0, 2.0, -1.0, 1.0, 2.0, -1.0, -1.0, 2.0, 0.0, 1.0, 0.0, -1.0, 2.0, 0.0, -1.0, 2.0, 3.0, 2.0, -1.0, 1.0, -1.0, 3.0, 0.0, 0.0, 2.0, 0.0, -1.0, -1.0, -1.0, 0.0, 0.0, 1.0, 1.0, 1.0, 96175.0, 414.0, 99594.0
0.0, 1.0, 3.0, -1.0, 1.0, 0.0, 2.0, 3.0, 0.0, 1.0, 1.0, -1.0, 2.0, -1.0, 1.0, -1.0, -1.0, 2.0, 3.0, -1.0, 2.0, -1.0, -1.0, 2.0, 0.0, 1.0, -1.0, -1.0, 2.0, 0.0, -1.0, 2.0, 3.0, 2.0, -1.0, 1.0, -1.0, 3.0, 0.0, 0.0, 1.0, 0.0, 2.0, -1.0, -1.0, 0.0, 0.0, -1.0, -1.0, 1.0, 96065.0, 438.0, 99567.0
-1.0, 1.0, 3.0, -1.0, 1.0, 0.0, -1.0, 3.0, 0.0, 1.0, -1.0, -1.0, 2.0, -1.0, 1.0, -1.0, 2.0, 2.0, -1.0, 1.0, 2.0, -1.0, -1.0, 2.0, 0.0, 1.0, -1.0, -1.0, 2.0, 0.0, -1.0, 2.0, 3.0, 2.0, -1.0, 1.0, -1.0, 3.0, 0.0, 0.0, 1.0, 0.0, 2.0, -1.0, -1.0, 0.0, 0.0, 1.0, -1.0, 1.0, 96089.0, 430.0, 99582.0
-1.0, 1.0, 3.0, -1.0, 1.0, -1.0, -1.0, 3.0, 0.0, 1.0, -1.0, -1.0, -1.0, -1.0, 1.0, -1.0, 2.0, 2.0, -1.0, 1.0, 2.0, -1.0, -1.0, 2.0, 0.0, 1.0, 0.0, -1.0, 2.0, 0.0, -1.0, 2.0, 3.0, 2.0, 1.0, 1.0, -1.0, 0.0, 0.0, 0.0, 1.0, 0.0, 2.0, -1.0, -1.0, 0.0, 0.0, 1.0, -1.0, 1.0, 95915.0, 421.0, 99587.0
1.0, 1.0, 3.0, -1.0, 1.0, -1.0, -1.0, 3.0, 0.0, -1.0, -1.0, -1.0, 2.0, -1.0, 1.0, -1.0, 2.0, 1.0, -1.0, 1.0, 0.0, -1.0, -1.0, 2.0, 0.0, 1.0, 0.0, -1.0, 0.0, 0.0, -1.0, 2.0, -1.0, 2.0, -1.0, 1.0, -1.0, 3.0, 0.0, 0.0, 2.0, 0.0, -1.0, -1.0, -1.0, 0.0, 0.0, 1.0, -1.0, 1.0, 96013.0, 402.0, 99601.0
