5.17072345917, 1.00000033019, 1.40043447031, 0.918320805944, 4.61268133123, 0.921381246137, 4.20585784381, 1.10491657457, 0.969054263161, 5.70944535639, 4.71034827067, 1.20644535942, 3.8051240453, 1.01967430798, 1.0900005779, 1.06527681059, 1.02796716543, 0.922446489467, 7.69662985173, 1.09145666637, 0.945801115659, 241.702751649, 1.19079018327, 5.94806174764, 1.19548686819, 2.71707974035, 0.88441576635, 15.5007117321, 8.50446281724, 32.0138753182, 3.21715817694
4.09025435019, 1.00000000944, 1.30124558725, 1.02179219882, 6.85759214898, 0.91668646252, 1.32737336067, 1.2217977712, 0.986363647537, 5.84697154856, 5.3733045375, 1.18672677462, 1.64978413074, 1.19436811785, 1.09000038056, 1.06327276884, 1.0167251987, 1.10456924286, 6.11487102975, 0.926180240362, 0.772136765881, 546.687271807, 1.17989525379, 5.14090286045, 1.14890154475, 3.10053226862, 0.95773915374, 18.1795559405, 7.23409500077, 66.9571258671, 2.14477211796
4.42468272787, 1.00000041043, 1.1940438189, 1.005378046, 6.57058250576, 0.796649818512, 1.45921768715, 1.05819585481, 0.999717292456, 2.7049037096, 4.95373579893, 1.00608671074, 1.71080738501, 0.998123795523, 1.09000044182, 1.07231564948, 1.01841647092, 1.11869439014, 6.19894745023, 1.084027524, 0.881333234855, 266.430292016, 1.05376084066, 3.66741733208, 1.05704548798, 2.79014228653, 0.966900726431, 15.827335663, 8.61932264768, 45.9448428449, 0.0
2.81943419854, 1.00000098729, 1.40440048721, 1.201771389, 3.08528773006, 0.95387519823, 5.35259441963, 1.17286950998, 0.936068745031, 4.32769311745, 4.95227608045, 1.10883476438, 3.74558899912, 1.10484908767, 1.09000040814, 1.05712832593, 1.00536771724, 0.964462854832, 4.03191968981, 1.17634138421, 0.852557147726, 801.993638212, 1.04239166526, 4.95479362902, 1.16400057762, 1.34872105922, 1.24159146905, 14.961125197, 12.0672032123, 132.836802074, 2.14477211796
3.45055570678, 1.00000072824, 1.42152226318, 1.06179661548, 3.52465356576, 0.89500078297, 5.85627421022, 1.02260165517, 0.923858987881, 3.14878707667, 4.9842619646, 0.894359661531, 2.01225170267, 1.18296997876, 1.09000057514, 1.09535389786, 1.00127211235, 0.96921226674, 8.03168077579, 0.960277956582, 0.780879041806, 21.3244120758, 0.953106434645, 1.36250527505, 1.11494079412, 3.53306429316, 0.874420829371, 34.222414163, 10.9578517084, 15.1764992263, 3.48525469169
3.35785084018, 1.00000045702, 1.62423520743, 1.17070344008, 2.37361078564, 0.745388721027, 4.51493136233, 1.17621814949, 0.938541748928, 1.7323196614, 6.23535870238, 1.00967049322, 3.95366287932, 1.08411037138, 1.09000089615, 1.00212839615, 1.00031009454, 1.02917513784, 3.02291428535, 1.02060376787, 0.897686814876, 21.6127731504, 0.944271492585, 3.58693016667, 1.02112969326, 3.4232750101, 1.11470634808, 24.8860721447, 13.6038122473, 89.9087328618, 0.268096514745
3.35785084018, 1.00000045702, 1.62423520743, 0.922949283149, 2.37361078564, 0.745388721027, 4.51493136233, 1.17621814949, 0.938541748928, 1.7323196614, 6.23535870238, 1.00967049322, 4.18572063176, 1.08411037138, 1.09000089615, 1.08789949404, 1.00031009454, 1.02917513784, 3.02291428535, 1.02060376787, 0.897686814876, 39.3020394017, 0.944271492585, 3.58693016667, 1.02112969326, 3.4232750101, 1.11470634808, 24.1831225596, 10.0296934125, 108.723052677, 1.07238605898
1.49906942639, 1.0000004388, 1.18414038284, 0.980583794663, 2.45917770448, 0.826194337088, 1.38102578383, 1.12475342063, 0.914099225204, 4.10544917789, 6.17345852521, 1.05099781091, 4.09422024841, 1.01938310092, 1.0900008184, 1.10924417556, 1.0491799934, 1.12263017067, 4.85610826752, 0.976056508657, 0.892094026368, 950.54546829, 0.973834329953, 3.0331328854, 1.18443384039, 2.83608909412, 0.889649551193, 50.1277875707, 11.9101807258, 108.076374289, 0.536193029491
3.59682649917, 1.00000084572, 1.45631665189, 0.984605553732, 6.42342832562, 0.716048821747, 3.78083004088, 1.03212452165, 0.923858987881, 5.17973302656, 5.87017955143, 0.934908619357, 4.04539702447, 1.18296997876, 1.09000057514, 1.0187119937, 1.02596618359, 0.978134008319, 4.40437864254, 1.05919607609, 0.945817087714, 10.0631940679, 1.07541951904, 1.40652040313, 1.00232773507, 1.06365621742, 1.1992564647, 56.8253839813, 9.11915725185, 303.872798346, 1.60857908847
2.05728412901, 1.00000054874, 1.24719235593, 1.09122990934, 6.45285408289, 0.761618502047, 3.20137624362, 1.08217071552, 0.980153088303, 2.73438676494, 5.62575231931, 0.890452822812, 1.15501865654, 0.927800169865, 1.09000079871, 1.0527570302, 1.02244836995, 0.824512014501, 3.77932027696, 0.935988798165, 0.826137920663, 93.8258812595, 0.997100431854, 1.47509894149, 1.0346034614, 4.28378398961, 0.994970230198, 60.5294284957, 17.620419405, 220.194086712, 0.0
2.81943419854, 1.00000036083, 1.40440048721, 1.21838496624, 3.08528773006, 0.95387519823, 5.35259441963, 1.17286950998, 0.936068745031, 3.7319945803, 4.95227608045, 1.10883476438, 3.74558899912, 1.00483798181, 1.09000048612, 1.05712832593, 1.00536771724, 0.964462854832, 4.03191968981, 1.17634138421, 0.898906327856, 801.993638212, 1.04239166526, 4.95479362902, 1.05704548798, 1.05362608861, 1.24159146905, 47.1278935917, 11.7823179634, 283.034069139, 0.268096514745
4.5705704017, 1.00000018721, 1.1455713125, 1.15165983444, 3.17589342043, 0.784758490029, 3.99622075814, 1.15347606905, 0.930223106094, 2.18718140607, 5.6120069746, 1.0757920574, 4.68372207776, 0.85872787017, 1.09000042319, 1.10127643379, 1.00095060806, 1.14356972761, 5.60988923438, 0.913547738452, 0.900161870396, 864.58041978, 0.920469975827, 1.15080330249, 1.15241319141, 1.70917757997, 1.18719893353, 59.2575763314, 8.94461706783, 462.574474239, 2.68096514745
5.69242814201, 1.0000002904, 1.04018968439, 0.873171504241, 5.0715483077, 0.863615212411, 4.02222940248, 1.22470255026, 0.946231969394, 4.27270594766, 5.94400795497, 1.19186934015, 2.9839811955, 1.2022823282, 1.0900008152, 1.08860520196, 1.02564392809, 0.846687474226, 8.44359878573, 0.987400483788, 0.793398402732, 91.7472702303, 1.09443631769, 2.67011089682, 1.1147296068, 4.41082852492, 1.15865678799, 107.720350209, 10.5789251272, 126.276896772, 1.34048257373
2.81943419854, 1.00000036083, 1.40440048721, 1.21838496624, 3.08528773006, 0.95387519823, 5.35259441963, 1.17286950998, 0.923858987881, 3.7319945803, 4.95227608045, 1.10883476438, 3.74558899912, 1.00483798181, 1.09000048612, 1.05712832593, 1.01607947908, 1.01635408365, 4.03191968981, 1.17634138421, 0.898906327856, 801.993638212, 1.04239166526, 4.95479362902, 1.07667983353, 1.05362608861, 1.24159146905, 43.9139533259, 11.6002645689, 182.667345532, 1.60857908847
4.20818315545, 1.00000017445, 1.32437618672, 0.857245047065, 1.80251121992, 0.95853158059, 3.26239030791, 1.05101798545, 0.967479888844, 5.68000356527, 5.09741235646, 0.822150172146, 2.65475782352, 1.21395779908, 1.09000011078, 1.02928351327, 1.02707900079, 1.06150968081, 6.58427115372, 1.00856249177, 0.985110163927, 420.270700073, 1.11091534966, 2.35476757054, 1.01204274904, 2.03786340439, 1.07266384466, 350.337794594, 29.1661865896, 2809.4426218, 0.0
3.35785084018, 1.00000045702, 1.62423520743, 0.840257028961, 1.78536886356, 0.745388721027, 4.51493136233, 1.17621814949, 0.938541748928, 1.7323196614, 6.23535870238, 1.00967049322, 4.18572063176, 1.08411037138, 1.09000077277, 1.08789949404, 1.00031009454, 1.02917513784, 3.00598752935, 1.02060376787, 0.946124858682, 39.3020394017, 0.944271492585, 3.58693016667, 1.02112969326, 2.10473254084, 1.04378754353, 1336.56794858, 26.3393899133, 1486.5967145, 0.0
1.67638758579, 1.00000068485, 1.49567435078, 0.843914555557, 1.65229913535, 0.958634067859, 2.03214848201, 1.0492491261, 0.91966451308, 3.23505766904, 5.66080179855, 0.924059219954, 2.31434072315, 0.881789875258, 1.09000008313, 1.02184065175, 1.04236632496, 1.07227410758, 7.32766200278, 1.0184029129, 0.991538712581, 362.963260053, 0.978130352675, 1.04681463937, 1.09772055518, 2.73789531881, 0.90733930643, 590.882703216, 25.4295700367, 3065.91456098, 0.0
3.14694580202, 1.00000033019, 1.01457756554, 0.965539166054, 7.06975662352, 0.796710405594, 3.62776115107, 1.06574671229, 0.950883406406, 5.08219717574, 5.42100153733, 1.13269220055, 4.03545448685, 0.921732860086, 1.09000001159, 1.0059231998, 1.03276241959, 1.04015721874, 6.51836356177, 1.15233963865, 0.77790913474, 867.016068891, 0.914571046701, 5.2506356599, 0.960429012974, 4.80784190333, 1.07720695225, 380.383151139, 31.0941719488, 851.989860899, 0.0
4.42468272787, 1.00000041043, 1.1940438189, 1.10178276375, 6.57058250576, 0.796649818512, 1.45921768715, 1.04684543339, 0.999717292456, 2.7049037096, 4.95373579893, 1.00608671074, 2.81847943304, 0.998123795523, 1.09000044182, 1.07231564948, 1.03557748838, 1.15347425212, 6.19894745023, 1.084027524, 0.881333234855, 266.430292016, 1.05376084066, 3.66741733208, 1.16400057762, 5.02258311779, 0.966900726431, 541.055047653, 24.2002908317, 3152.30632389, 0.0
3.761723745, 1.0000003748, 1.5557222731, 0.857245047065, 6.02188278218, 0.968494883243, 5.14233815365, 1.02596430239, 0.963360147103, 4.17465377748, 4.75776741865, 1.13734606031, 3.47421778247, 1.0729755145, 1.09000030731, 1.09054316455, 1.00969727665, 0.894228265393, 4.2060366011, 1.15652488915, 0.930742824846, 55.196919646, 1.10805784756, 1.86800941803, 0.991744976999, 3.07398387916, 1.14964567764, 368.453420507, 29.4511101992, 2232.78114938, 0.0
5.94368412201, 1.00000030137, 1.27538481781, 0.852106374318, 3.10894158197, 0.985446751408, 5.99786070242, 1.027786617, 0.958501738085, 4.25360330703, 5.90182601779, 0.925596523101, 4.7747244329, 1.04836238781, 1.09000079188, 1.10535524909, 1.03167515336, 0.988140884951, 6.35694685199, 0.985743490877, 0.944516070451, 304.006977137, 1.17691122631, 4.02118941769, 0.992736530671, 3.1587859074, 1.1220852951, 26.7810386557, 10.1964250539, 121.486887419, 2.14477211796
4.5705704017, 1.00000018721, 1.1455713125, 1.15165983444, 3.17589342043, 0.776614761927, 3.99622075814, 1.06539158297, 0.930223106094, 2.18718140607, 5.46209512503, 1.17409083315, 4.68372207776, 0.835101559567, 1.09000042319, 1.10127643379, 1.00095060806, 1.07398993236, 5.60988923438, 0.913547738452, 0.900161870396, 864.58041978, 0.920469975827, 1.15080330249, 1.15241319141, 1.70917757997, 0.968495197416, 782.780946749, 35.8698850505, 1050.55332076, 0.0
2.93315680066, 1.00000039949, 1.6858916839, 1.11039151934, 3.66281342696, 0.932774758308, 3.58337768483, 1.03627185998, 0.941563191992, 3.3833108034, 6.23573474812, 1.11985495772, 3.66735478611, 1.05219769064, 1.0900000455, 1.04726146225, 1.04535311164, 1.18507133562, 9.75905975874, 1.14457437548, 0.933209646231, 887.840884282, 1.07510289041, 5.93409258753, 1.01926245814, 2.01786864225, 0.962798490009, 1199.2064895, 31.2639737914, 1689.23448474, 0.0
4.95721787497, 1.0000000627, 1.57644249702, 1.16023112781, 2.89024405653, 0.773903728206, 4.22004986391, 1.24786458722, 0.935298945169, 2.89987729164, 5.95594953464, 0.825996510727, 3.80499922878, 1.00154989196, 1.09000013007, 1.09162771007, 1.02478569915, 1.13821847995, 3.44726120845, 1.18110197611, 0.81919122281, 808.259484187, 1.13735739862, 5.37800619661, 1.11864215008, 3.47436022501, 0.962355858126, 571.719784844, 34.6116307591, 2129.43082867, 0.0
3.59682649917, 1.00000084572, 1.45631665189, 0.984605553732, 5.67094712348, 0.93738458426, 3.00184651712, 1.03212452165, 0.972125061611, 5.77117525027, 5.87017955143, 0.934908619357, 4.04539702447, 0.818331974796, 1.09000078333, 1.02362317141, 1.01928911692, 0.978134008319, 4.40437864254, 1.05919607609, 0.945817087714, 10.0631940679, 0.917471358214, 1.40652040313, 1.00232773507, 1.06365621742, 1.1992564647, 462.2896481, 34.9791887217, 2084.32729467, 0.0
1.61840903368, 1.00000084922, 1.36928557805, 0.857245047065, 6.84636853665, 0.95853158059, 1.9213757588, 1.12064341397, 0.950666058397, 1.52833849826, 5.62327934315, 0.947409653469, 4.67079641283, 1.2339217162, 1.09000048467, 1.05482340362, 1.01132283197, 0.85888779164, 8.94553861041, 1.09487456315, 0.930742824846, 353.567252328, 1.16602384618, 2.5885710105, 1.12939608267, 2.03786340439, 0.878770015602, 29.7277212452, 14.7058663301, 225.410659409, 1.60857908847
4.83231301165, 1.00000001428, 1.1940438189, 1.005378046, 6.618980916, 0.796649818512, 1.45921768715, 1.05819585481, 0.930966156378, 1.25643417639, 5.68316434509, 1.00608671074, 2.81847943304, 0.998123795523, 1.09000044182, 1.07231564948, 1.01841647092, 1.11869439014, 6.19894745023, 1.17260075208, 0.881333234855, 266.430292016, 1.05376084066, 3.66741733208, 1.16400057762, 5.13832309386, 0.966900726431, 58.9565627329, 10.3560129769, 234.570543238, 2.14477211796
2.41898475803, 1.00000041043, 1.1940438189, 1.005378046, 6.57058250576, 0.796649818512, 3.8404408809, 1.05819585481, 0.999717292456, 2.7049037096, 4.95373579893, 1.00608671074, 3.7549448072, 0.947940280161, 1.09000044182, 1.08022751971, 1.04655957059, 1.19689304096, 6.19894745023, 1.084027524, 0.881333234855, 266.430292016, 1.05376084066, 3.66741733208, 1.16400057762, 5.02258311779, 0.966900726431, 38.6441294427, 11.6735212881, 487.7207302, 2.68096514745
5.23847584663, 1.0000003748, 1.29366328763, 0.922949283149, 6.02188278218, 0.968494883243, 5.14233815365, 1.14391082868, 0.963360147103, 4.17465377748, 4.75776741865, 1.13734606031, 3.47421778247, 1.0729755145, 1.09000030731, 1.09054316455, 1.00969727665, 1.16315796615, 3.29657655268, 1.15652488915, 0.773422359836, 20.1516098304, 1.10805784756, 1.45792926796, 0.991744976999, 3.07398387916, 0.99289453493, 1033.70765459, 41.8625177215, 1450.8215583, 0.0
5.81418679281, 1.00000087377, 1.6357939279, 1.05093728347, 2.00401681893, 0.947670089594, 4.87369541424, 1.041073189, 0.929960568921, 2.83599936742, 5.06306687718, 0.90656299322, 5.01212145493, 1.19522701781, 1.09000065262, 1.02256441342, 1.03113938463, 1.04689345917, 5.48578494922, 1.14779786772, 0.914556410387, 288.734345221, 0.988101135716, 1.27290028175, 1.22862828955, 3.81074165503, 0.924395331597, 1107.42298223, 31.8481520497, 2392.94885092, 0.0
4.95721787497, 1.0000000627, 1.40570937471, 1.16023112781, 2.89024405653, 0.773903728206, 1.87321289861, 1.24786458722, 0.935298945169, 2.89987729164, 5.95594953464, 0.825996510727, 3.80499922878, 1.00154989196, 1.09000013007, 1.06293941699, 1.02478569915, 0.9044153539, 3.44726120845, 0.933607892928, 0.837647336178, 808.259484187, 1.13735739862, 5.37800619661, 1.11864215008, 3.47436022501, 0.962355858126, 651.961655401, 26.5289898714, 9505.65057933, 0.0
3.761723745, 1.0000003748, 1.68460462357, 1.17070344008, 6.02188278218, 0.968494883243, 5.14233815365, 1.05101798545, 0.976930669955, 4.17465377748, 4.75776741865, 1.13734606031, 1.74207293657, 1.03003765944, 1.09000045606, 1.09054316455, 1.00969727665, 0.894228265393, 4.2060366011, 0.997441735248, 0.773422359836, 55.196919646, 1.10805784756, 1.86800941803, 0.991744976999, 3.07398387916, 1.08591236485, 723.688046521, 27.4970317022, 9912.34130682, 0.0
2.57049685851, 1.00000089165, 1.53223785392, 1.07705511621, 4.0397898433, 0.96397949901, 4.47167989059, 1.04061329059, 0.921920634662, 3.61865982888, 6.05956024787, 1.18381202165, 3.4070066712, 1.25245757475, 1.090000791, 1.07123866027, 1.01251553508, 1.01415975942, 6.0251103917, 1.06423419514, 0.818924956946, 799.204571799, 1.17520497615, 1.27721754784, 0.965532818179, 4.07427678242, 0.901625446311, 133.870189172, 16.2688499635, 208.709902612, 1.07238605898
2.93315680066, 1.00000039949, 1.6858916839, 1.11039151934, 3.66281342696, 0.932774758308, 5.26724399738, 1.17631043393, 0.94925422736, 3.3833108034, 6.19695608091, 1.11985495772, 3.59924504038, 1.14649743022, 1.0900000455, 1.04726146225, 1.04535311164, 1.14687072166, 9.75905975874, 1.14457437548, 0.933209646231, 887.840884282, 1.07510289041, 5.59095511749, 1.01926245814, 2.01786864225, 0.962798490009, 695.943658237, 34.6874051128, 2345.6928406, 0.0
3.45055570678, 1.00000036823, 1.43737715761, 1.10458566413, 3.52465356576, 0.979588586509, 5.85627421022, 1.0492491261, 0.972125061611, 3.14878707667, 4.9842619646, 0.894359661531, 2.01225170267, 0.818331974796, 1.09000007398, 1.04761504156, 1.01536995309, 0.96921226674, 8.03168077579, 0.949143360519, 0.780879041806, 592.420359235, 1.02156258479, 1.36250527505, 1.11494079412, 1.2900310445, 0.874420829371, 252.562852727, 16.405946332, 1086.00566839, 0.536193029491
3.59682649917, 1.00000092004, 1.45631665189, 0.984605553732, 6.42342832562, 0.716048821747, 3.78083004088, 1.03212452165, 0.923858987881, 5.17973302656, 5.87017955143, 0.934908619357, 4.04539702447, 1.18296997876, 1.09000003386, 1.0187119937, 1.02596618359, 0.978134008319, 4.40437864254, 1.05919607609, 0.945817087714, 10.0631940679, 1.07541951904, 1.40652040313, 1.00232773507, 1.06365621742, 1.1992564647, 89.7554945489, 10.4418457303, 490.528689524, 2.14477211796
1.09570738961, 1.0000000727, 1.34846635879, 0.897819076518, 3.19620178925, 0.824207421979, 3.5804940965, 1.16708899449, 0.908891608369, 3.66455802822, 6.15119170877, 0.999288637142, 3.26414887285, 1.28850419023, 1.09000061535, 1.09688663199, 1.02005374219, 0.880364347199, 3.79228188749, 1.01892862263, 0.967062695601, 264.890927961, 0.944271492585, 2.03925755682, 1.04363149145, 5.40524804076, 0.949967386188, 259.826333272, 20.6121360641, 247.370178961, 0.804289544236
3.76233561993, 1.00000031346, 1.65587029819, 1.19768892196, 5.47152990812, 0.839150286959, 2.8991405498, 1.08238205514, 0.996001236214, 1.33722801645, 4.75244600814, 0.853645912815, 1.90231087199, 1.28782261218, 1.09000076586, 1.00602902647, 1.03315363668, 0.883316341295, 7.76877457331, 1.11417395476, 0.939541736572, 423.757114932, 1.01819515529, 4.39081954235, 1.09430313916, 1.25065128073, 1.26986266662, 72.7166270104, 18.2952072103, 303.157486632, 0.268096514745
2.05728412901, 1.00000054874, 1.09190050737, 1.09122990934, 6.45285408289, 0.761618502047, 3.20137624362, 1.07463799872, 0.980153088303, 1.72386510486, 5.62575231931, 0.890452822812, 1.3071224067, 0.927800169865, 1.09000044226, 1.01092230552, 1.02244836995, 0.824512014501, 3.77932027696, 0.912945499283, 0.826137920663, 93.8258812595, 1.1686496267, 1.47509894149, 1.0346034614, 2.78751954064, 1.23551167601, 93.4688064098, 10.2673102506, 520.646034905, 4.55764075067
1.09637559287, 1.0000000727, 1.34846635879, 0.897819076518, 3.19620178925, 0.821776538326, 3.74510670566, 1.16708899449, 0.908891608369, 5.86115783605, 6.05119031383, 0.999288637142, 3.26414887285, 1.28850419023, 1.09000061535, 1.09688663199, 1.02005374219, 1.10909841708, 4.46318625239, 1.01892862263, 0.967062695601, 827.319781223, 1.05431596497, 2.03925755682, 1.04363149145, 5.40524804076, 0.949967386188, 288.559237471, 17.0047711542, 280.031850981, 1.07238605898
4.09025435019, 1.00000000944, 1.36555238494, 1.02179219882, 6.85759214898, 0.91668646252, 1.32737336067, 1.2217977712, 0.986363647537, 5.84697154856, 5.3733045375, 1.18672677462, 1.64978413074, 1.19436811785, 1.09000038056, 1.01877591398, 1.0167251987, 1.10456924286, 6.11487102975, 0.926180240362, 0.772136765881, 546.687271807, 1.17989525379, 5.14090286045, 1.14890154475, 3.10053226862, 0.872765598076, 305.872346777, 17.5866651654, 1193.31266141, 0.536193029491
3.59682649917, 1.00000084572, 1.45631665189, 0.984605553732, 5.67094712348, 0.93738458426, 3.78083004088, 1.03212452165, 0.923858987881, 5.77117525027, 5.87017955143, 0.934908619357, 4.04539702447, 1.18296997876, 1.09000057514, 1.02362317141, 1.01928911692, 0.978134008319, 4.40437864254, 1.05919607609, 0.945817087714, 10.0631940679, 0.948088500049, 1.40652040313, 1.00232773507, 1.06365621742, 1.1992564647, 1348.7697007, 28.2791057516, 12435.9036352, 0.0
2.05728412901, 1.00000054874, 1.24719235593, 1.09122990934, 6.45285408289, 0.761618502047, 3.20137624362, 1.08217071552, 0.980153088303, 2.73438676494, 5.62575231931, 0.890452822812, 1.34433694547, 0.927800169865, 1.09000079871, 1.01092230552, 1.02244836995, 0.824512014501, 3.77932027696, 0.935988798165, 0.826137920663, 93.8258812595, 0.997100431854, 1.47509894149, 1.0346034614, 4.28378398961, 0.994970230198, 125.221936211, 16.5517152777, 908.785566406, 1.07238605898
4.68099268149, 1.00000056012, 1.2971018646, 0.811702413504, 4.72817372976, 0.806322307465, 3.5709452311, 1.0748265211, 0.930966156378, 1.31171921933, 6.23048761093, 0.900319559236, 1.28708312364, 0.893120044332, 1.09000050413, 1.0527570302, 1.00597660054, 0.895340847013, 7.02150130366, 0.961961192028, 0.901672717176, 513.168086381, 0.913842392529, 3.1219311491, 0.973115784483, 4.8769187252, 1.21238596428, 219.829760603, 16.2302499478, 594.631349922, 1.07238605898
5.17072345917, 1.00000033019, 1.40043447031, 0.918320805944, 4.27329859505, 0.938400493646, 4.20585784381, 1.10491657457, 0.969054263161, 5.70944535639, 4.71034827067, 1.20726406652, 3.8051240453, 1.01967430798, 1.09000039226, 1.06527681059, 1.02796716543, 0.891392485827, 7.69662985173, 1.09145666637, 0.945801115659, 241.702751649, 1.19079018327, 5.94806174764, 1.19548686819, 1.79605204742, 0.88441576635, 1517.74273765, 32.3922448436, 2600.96675388, 0.0
3.69100744437, 1.00000061855, 1.09190050737, 0.981686702482, 7.0691116949, 0.758861999902, 1.02976912101, 1.07400073788, 0.97512487587, 5.24821596342, 5.6120069746, 0.853561756101, 3.63403985974, 0.978356586671, 1.09000045456, 1.0660444265, 1.00584772593, 0.993383227135, 5.77120636271, 0.947011287618, 0.789972215896, 937.68591031, 1.19993287686, 2.35768270753, 1.20645288867, 1.26414342957, 0.876729803531, 195.002376526, 24.8673706035, 1192.52393759, 0.268096514745
3.59682649917, 1.00000084922, 1.36928557805, 0.857245047065, 6.84636853665, 0.95853158059, 1.9213757588, 1.12064341397, 0.950666058397, 1.52833849826, 5.62327934315, 0.947409653469, 4.67079641283, 1.2339217162, 1.09000048467, 1.05482340362, 1.01928911692, 0.85888779164, 8.95140167699, 1.09487456315, 0.930742824846, 209.303889174, 1.16602384618, 3.38554660472, 1.12939608267, 2.03786340439, 0.878770015602, 213.187197689, 19.1091893938, 1176.88136836, 0.268096514745
4.95721787497, 1.00000003389, 1.57644249702, 1.05984219635, 2.89024405653, 0.773903728206, 4.22004986391, 1.24786458722, 0.935298945169, 2.89987729164, 5.95594953464, 0.825996510727, 4.04539702447, 1.00154989196, 1.09000013007, 1.09162771007, 1.02478569915, 1.13821847995, 3.44726120845, 1.18110197611, 0.81919122281, 808.259484187, 1.13735739862, 5.37800619661, 1.11864215008, 3.47436022501, 0.962355858126, 215.253248109, 25.2391364029, 456.856598398, 0.268096514745
4.42468272787, 1.00000001428, 1.1940438189, 1.005378046, 6.57058250576, 0.796649818512, 1.45921768715, 1.05819585481, 0.999717292456, 2.7049037096, 5.68316434509, 1.00608671074, 2.81847943304, 0.998123795523, 1.09000044182, 1.07231564948, 1.01841647092, 1.11869439014, 6.19894745023, 1.17260075208, 0.881333234855, 266.430292016, 1.05376084066, 3.66741733208, 1.16400057762, 5.13832309386, 0.966900726431, 111.015753103, 12.9746701816, 298.309630264, 1.87667560322
3.59682649917, 1.00000084572, 1.45631665189, 0.984605553732, 5.67094712348, 0.93738458426, 3.5709452311, 1.03212452165, 0.923858987881, 1.2869318103, 6.23048761093, 0.934908619357, 4.04539702447, 1.18296997876, 1.09000057514, 1.02362317141, 1.01928911692, 0.978134008319, 4.40437864254, 1.05919607609, 0.993536226495, 10.0631940679, 0.948088500049, 1.40652040313, 1.00232773507, 1.06365621742, 1.1992564647, 2309.79042588, 31.0268833958, 8266.77796247, 0.0
3.45055570678, 1.00000072824, 1.43737715761, 1.10458566413, 3.52465356576, 0.979588586509, 5.85627421022, 1.0492491261, 0.972125061611, 3.14878707667, 4.9842619646, 0.894359661531, 2.01225170267, 0.818331974796, 1.09000007398, 1.07614572452, 1.00127211235, 0.96921226674, 8.03168077579, 0.949143360519, 0.780879041806, 592.420359235, 1.04567461022, 1.36250527505, 1.11494079412, 1.2900310445, 0.874420829371, 1074.86620676, 40.5484742539, 2505.1565126, 0.0
4.42468272787, 1.00000041043, 1.1940438189, 1.005378046, 6.57058250576, 0.796649818512, 1.45921768715, 1.05819585481, 0.999717292456, 2.7049037096, 4.95373579893, 1.00608671074, 3.7549448072, 0.947940280161, 1.09000044182, 1.07231564948, 1.04655957059, 1.19689304096, 6.19894745023, 1.084027524, 0.881333234855, 266.430292016, 1.05376084066, 3.66741733208, 1.16400057762, 5.02258311779, 0.966900726431, 124.548917891, 11.2701657848, 317.476698576, 4.28954423592
3.184216256, 1.00000071121, 1.56081123064, 1.0202532747, 5.74538287055, 0.807850028487, 1.58688687305, 1.11372479468, 0.913434827179, 1.46159413721, 5.65243884682, 1.16552528595, 1.16237138977, 0.951262699012, 1.09000085043, 1.04122597557, 1.03309175071, 1.05404384988, 5.65857598248, 1.17841938624, 0.823440883105, 205.527796628, 1.04163089233, 5.24747610065, 1.10906914877, 1.11570364073, 0.934650247199, 715.374581795, 37.6350647249, 2973.9161536, 0.0
4.42468272787, 1.00000041043, 1.1940438189, 1.005378046, 6.48519869452, 0.796649818512, 1.45921768715, 1.05819585481, 0.999717292456, 2.7049037096, 4.95373579893, 1.0980303193, 1.88498892206, 0.998123795523, 1.09000044182, 1.07231564948, 1.01841647092, 0.964462854832, 6.19894745023, 1.084027524, 0.881333234855, 266.430292016, 1.05376084066, 3.66741733208, 1.05704548798, 1.34872105922, 0.966900726431, 158.486216667, 14.5933324788, 2173.83016484, 1.34048257373
3.14694580202, 1.00000033019, 1.12820025022, 0.965539166054, 7.06975662352, 0.796710405594, 1.38102578383, 1.09595485044, 0.950883406406, 5.08219717574, 5.42100153733, 1.13269220055, 4.03545448685, 0.972827548463, 1.09000000034, 1.08805620544, 1.03276241959, 1.04015721874, 6.51836356177, 1.18110197611, 0.808412106986, 950.54546829, 0.914571046701, 5.2506356599, 0.966636562089, 4.80784190333, 1.07720695225, 79.4588882442, 11.8658766365, 518.347128668, 2.41286863271
5.56227205278, 1.00000071679, 1.03716661114, 1.02748994748, 2.23830332674, 0.720344542896, 1.2435623985, 1.23455261089, 0.967700163993, 4.81333132421, 6.07608742524, 1.11351766534, 3.26648625404, 1.04369926058, 1.09000009812, 1.00410815297, 1.04344749037, 1.07330948878, 9.75697505835, 1.00585917152, 0.946475567428, 776.137124967, 1.05490177399, 3.06713713051, 0.984485495073, 2.78751954064, 1.04506142932, 177.489269556, 12.3375231446, 1393.81559516, 1.60857908847
2.93315680066, 1.00000089165, 1.6858916839, 1.11039151934, 3.66281342696, 0.932774758308, 5.26724399738, 1.17631043393, 0.94925422736, 3.3833108034, 6.19695608091, 1.11985495772, 3.59924504038, 1.14649743022, 1.0900000455, 1.04726146225, 1.04535311164, 1.14687072166, 9.75905975874, 1.14457437548, 0.933209646231, 887.840884282, 1.07510289041, 5.59095511749, 1.01926245814, 2.01786864225, 0.962798490009, 196.418951208, 12.9219125883, 1289.07511087, 1.60857908847
3.761723745, 1.0000003748, 1.5557222731, 1.17070344008, 6.02188278218, 0.968494883243, 5.14233815365, 1.02596430239, 0.963360147103, 4.17465377748, 4.75776741865, 1.13734606031, 3.47421778247, 1.0729755145, 1.09000030731, 1.09054316455, 1.00969727665, 0.894228265393, 4.2060366011, 1.15652488915, 0.773422359836, 55.196919646, 1.10805784756, 1.86800941803, 0.991744976999, 3.07398387916, 1.14964567764, 172.387663248, 18.4251071371, 1240.56820114, 0.536193029491
1.61840903368, 1.00000084922, 1.36928557805, 0.857245047065, 5.29626398343, 0.95853158059, 1.77494481351, 1.12064341397, 0.950666058397, 1.52833849826, 5.62327934315, 0.947409653469, 4.67079641283, 1.21318454457, 1.09000060034, 1.05482340362, 1.01132283197, 0.85888779164, 8.94553861041, 1.09487456315, 0.930742824846, 353.567252328, 1.16602384618, 4.78798735221, 1.01204274904, 2.03786340439, 0.878770015602, 220.41320314, 18.9575257832, 876.178705606, 0.536193029491
5.69242814201, 1.0000002904, 1.04018968439, 0.873171504241, 5.0715483077, 0.863615212411, 4.02222940248, 1.22470255026, 0.946231969394, 4.27270594766, 6.17345852521, 1.19186934015, 2.9839811955, 1.2022823282, 1.0900008152, 1.08860520196, 1.01985888495, 0.846687474226, 8.44359878573, 0.987400483788, 0.793398402732, 91.7472702303, 1.09443631769, 2.67011089682, 1.1147296068, 4.41082852492, 1.15865678799, 155.129757911, 24.921062042, 538.846741543, 0.536193029491
4.09025435019, 1.00000000944, 1.36555238494, 1.02179219882, 6.85759214898, 0.91668646252, 1.32737336067, 1.2217977712, 0.986363647537, 5.84697154856, 5.3733045375, 1.18672677462, 1.64978413074, 1.19436811785, 1.09000038056, 1.06327276884, 1.0167251987, 1.10456924286, 6.11487102975, 0.926180240362, 0.772136765881, 546.687271807, 1.17989525379, 5.14090286045, 1.14890154475, 3.10053226862, 0.95773915374, 90.6291072508, 14.2438963795, 147.251742597, 3.48525469169
5.81418679281, 1.00000087377, 1.6357939279, 1.05093728347, 2.00401681893, 0.947670089594, 4.87369541424, 1.041073189, 0.929960568921, 2.83599936742, 5.49194537012, 0.90656299322, 5.01212145493, 1.19522701781, 1.09000065262, 1.02256441342, 1.03113938463, 1.04689345917, 5.48578494922, 1.14779786772, 0.914556410387, 288.734345221, 0.988101135716, 1.27290028175, 1.15575501356, 3.81074165503, 0.924395331597, 141.076935719, 11.5826995994, 1163.12679314, 3.75335120643
1.979047917, 1.00000067941, 1.64550120109, 1.16183360609, 2.20384060036, 0.717286797325, 4.10682118608, 1.06540368113, 0.949975176276, 2.59739164529, 5.0853265907, 0.938399886225, 4.23587049683, 1.11511189907, 1.09000000178, 1.08625997184, 1.00138200769, 1.18595747519, 5.02639678851, 1.10835561715, 0.810135564951, 400.307300503, 1.02067449294, 5.5616301559, 1.00787629124, 1.82558715644, 0.8732243285, 136.730030771, 11.5710764795, 4293.16233384, 3.48525469169
3.59682649917, 1.00000084572, 1.45631665189, 0.984605553732, 6.42342832562, 0.716048821747, 3.78083004088, 1.03212452165, 0.923858987881, 5.77117525027, 5.87017955143, 0.934908619357, 4.04539702447, 1.18296997876, 1.09000057514, 1.0187119937, 1.01928911692, 0.978134008319, 4.40437864254, 1.05919607609, 0.945817087714, 10.0631940679, 0.948088500049, 1.40652040313, 1.00232773507, 1.06365621742, 1.1992564647, 1308.93140213, 33.3149951338, 3463.68147665, 0.0
5.81418679281, 1.00000087377, 1.6357939279, 1.05093728347, 2.00401681893, 0.947670089594, 3.6892679731, 1.041073189, 0.929960568921, 2.83599936742, 5.49194537012, 0.90656299322, 5.01212145493, 1.19522701781, 1.09000065262, 1.02256441342, 1.03618114068, 1.04689345917, 5.48578494922, 1.14779786772, 0.914556410387, 288.734345221, 0.988101135716, 1.27290028175, 1.15575501356, 3.81074165503, 0.924395331597, 232.709417111, 18.8623713325, 5236.48150825, 0.804289544236
5.56227205278, 1.00000071679, 1.03716661114, 1.02748994748, 2.23830332674, 0.720344542896, 3.72723135016, 1.23455261089, 0.94510422895, 4.81333132421, 6.12910380561, 1.11351766534, 3.26648625404, 0.959748339348, 1.09000074143, 1.01494240114, 1.04344749037, 0.98519003254, 7.55410517586, 1.00585917152, 0.910087167059, 783.447196605, 1.05490177399, 3.06713713051, 0.984485495073, 2.78751954064, 1.04506142932, 255.076153828, 19.9614261391, 1059.63072123, 0.536193029491
3.35785084018, 1.00000045702, 1.62423520743, 1.17070344008, 2.37361078564, 0.745388721027, 4.51493136233, 1.17621814949, 0.938541748928, 1.7323196614, 6.23535870238, 1.00967049322, 3.95366287932, 1.08411037138, 1.09000089615, 1.00298696764, 1.00031009454, 1.02917513784, 3.02291428535, 1.02060376787, 0.897686814876, 21.6127731504, 0.944271492585, 3.58693016667, 1.02112969326, 3.4232750101, 1.11470634808, 670.878315123, 35.2314564419, 16185.1893648, 0.0
4.05770539007, 1.00000022754, 1.37857546676, 0.918320805944, 3.75471117055, 0.938699152694, 1.55135932382, 1.11505167445, 0.919004658963, 6.08767981351, 5.52795288197, 1.02547935718, 4.60023387922, 1.26036700641, 1.09000069495, 1.08423221154, 1.00158670269, 0.948079633108, 8.57278939715, 1.12607393957, 0.809710815759, 982.921887928, 1.05376084066, 3.77600433191, 0.993487062921, 5.00954321086, 1.03233098002, 301.630738743, 14.4060509705, 813.253489637, 1.60857908847
4.42468272787, 1.00000041043, 1.1940438189, 1.10178276375, 6.57058250576, 0.796649818512, 1.45921768715, 1.04684543339, 0.999717292456, 2.7049037096, 4.95373579893, 1.00608671074, 2.81847943304, 0.998123795523, 1.0900004192, 1.07231564948, 1.03557748838, 1.15347425212, 6.19894745023, 1.084027524, 0.881333234855, 266.430292016, 1.05376084066, 3.66741733208, 1.16400057762, 5.02258311779, 0.966900726431, 1438.61440983, 33.2523842215, 9504.07760302, 0.0
1.49906942639, 1.0000004388, 1.12856598004, 0.980583794663, 2.45917770448, 0.826194337088, 1.38102578383, 1.04449990506, 0.914099225204, 4.10544917789, 6.17345852521, 1.05099781091, 4.7588304622, 1.00083742879, 1.09000065104, 1.10229768358, 1.0491799934, 1.12263017067, 4.85610826752, 1.07751854112, 0.892094026368, 950.54546829, 1.14366430617, 3.0331328854, 1.18443384039, 2.83608909412, 0.889649551193, 132.760949073, 22.1440773599, 393.192824907, 1.07238605898
3.59682649917, 1.00000084572, 1.45631665189, 0.984605553732, 5.67094712348, 0.93738458426, 3.00184651712, 1.03212452165, 0.972125061611, 5.77117525027, 5.87017955143, 0.934908619357, 4.04539702447, 0.818331974796, 1.09000078333, 1.02362317141, 1.01928911692, 0.978134008319, 4.40437864254, 1.05919607609, 0.945817087714, 10.0631940679, 0.948088500049, 1.40652040313, 1.00232773507, 1.06365621742, 1.1992564647, 471.705706893, 25.3201844852, 3372.68490317, 0.268096514745
5.02275359651, 1.00000002851, 1.68076421529, 1.13375562217, 6.00224786338, 0.879206800304, 2.56006061631, 1.22500888745, 0.913432509427, 4.28136093586, 6.08899980987, 0.817323143794, 2.34340727434, 1.14018403321, 1.09000068205, 1.0106629781, 1.03539913537, 0.840652426052, 6.44058189454, 0.936965754901, 0.913025862228, 167.970248024, 1.07799169514, 2.05748679004, 1.00580218972, 3.81871206478, 1.0130419156, 891.65041252, 30.2755892418, 1747.40069908, 0.268096514745
3.45055570678, 1.00000072824, 1.42152226318, 1.10458566413, 3.52465356576, 0.89500078297, 5.85627421022, 1.0492491261, 0.972125061611, 3.14878707667, 4.9842619646, 0.894359661531, 2.01225170267, 0.818331974796, 1.09000078333, 1.07614572452, 1.00127211235, 0.96921226674, 8.03168077579, 0.949143360519, 0.780879041806, 592.420359235, 1.04567461022, 1.36250527505, 1.11494079412, 1.2900310445, 0.874420829371, 690.991793742, 35.21415664, 776.298362249, 0.536193029491
3.54547988751, 1.00000011693, 1.43737715761, 1.07705511621, 2.56792644794, 0.979588586509, 3.26239030791, 1.05101798545, 0.967479888844, 5.68000356527, 5.5517356808, 0.822150172146, 2.65475782352, 1.21395779908, 1.09000011557, 1.01718589395, 1.02707900079, 1.06150968081, 6.58427115372, 0.977249781836, 0.959606541826, 420.270700073, 1.11091534966, 1.27721754784, 1.01204274904, 5.29896378887, 1.07266384466, 449.612038793, 32.5200981092, 803.79199552, 0.536193029491
4.58137639468, 1.00000093355, 1.56600633675, 0.862613653411, 6.81899623625, 0.954173859338, 5.77502567656, 1.23720385202, 0.987283085584, 3.71973794888, 5.8769045416, 1.07595355499, 4.68372207776, 1.24739069938, 1.09000021742, 1.00363242836, 1.03960584719, 1.07398993236, 6.60477520613, 1.12389355231, 0.900161870396, 680.058556633, 0.917240411069, 5.17499509299, 1.23846704538, 1.05362608861, 0.971180936505, 1394.79664552, 33.8102864235, 7832.98310397, 0.0
4.42468272787, 1.00000041043, 1.1940438189, 1.005378046, 6.57058250576, 0.990973713387, 1.45921768715, 1.05819585481, 0.999717292456, 2.7049037096, 4.95373579893, 1.00608671074, 3.7549448072, 0.947940280161, 1.09000097493, 1.07231564948, 1.04811829867, 1.19689304096, 6.19894745023, 1.084027524, 0.881333234855, 65.0962452005, 1.05376084066, 4.37199134134, 1.16400057762, 5.02258311779, 0.966900726431, 145.783833193, 13.8113061882, 1097.3495073, 1.87667560322
3.17617015075, 1.00000055592, 1.30901060636, 1.08097794949, 2.29136617596, 0.841413312227, 5.95546503819, 1.07746458349, 0.962321334513, 5.20395811725, 4.70498757371, 0.826549864687, 2.13443636369, 1.07224428438, 1.0900006486, 1.04705125697, 1.03894842229, 1.08170953778, 3.03841137305, 1.00171665597, 0.913025862228, 29.3142368105, 0.959976482418, 3.12986518129, 1.10142526746, 4.91750109754, 1.25532732707, 239.165224594, 16.142857414, 764.326532448, 1.60857908847
1.26325164348, 1.00000002159, 1.07543770755, 0.992412814667, 6.02230984398, 0.739331981578, 4.2093134398, 1.25000458377, 0.993231748222, 1.64826843832, 5.61115442105, 0.850577972584, 2.48964069331, 1.01502613363, 1.09000053029, 1.01021865133, 1.0327851875, 0.908793085224, 8.95027644883, 0.982591192728, 0.9617965834, 660.609140449, 1.0797307948, 3.11997806171, 1.16124851474, 1.44298701125, 0.995541845961, 188.704575377, 23.7528723423, 213.517554415, 2.41286863271
4.58137639468, 1.00000093355, 1.56600633675, 0.862613653411, 6.81899623625, 0.954173859338, 5.77502567656, 1.23720385202, 0.987283085584, 3.71973794888, 5.8769045416, 1.07595355499, 1.35086115312, 1.24739069938, 1.09000021742, 1.00363242836, 1.03960584719, 0.850691399133, 6.60477520613, 1.12389355231, 0.961994227961, 680.058556633, 0.917240411069, 5.17499509299, 1.23846704538, 1.05362608861, 0.971180936505, 917.150604083, 39.3426016519, 6742.2966516, 0.0
3.35785084018, 1.00000084572, 1.45631665189, 0.984605553732, 6.42342832562, 0.716048821747, 3.78083004088, 1.03212452165, 0.940302899533, 5.17973302656, 5.87017955143, 0.934908619357, 4.04539702447, 1.18296997876, 1.09000057514, 1.0187119937, 1.02596618359, 0.978134008319, 4.40437864254, 1.05919607609, 0.945817087714, 10.0631940679, 1.07541951904, 1.40652040313, 1.02112969326, 1.06365621742, 1.1992564647, 1001.14880492, 41.3391541973, 4032.58501467, 0.0
3.43912692543, 1.00000014579, 1.63507147266, 1.17894337238, 3.60774700733, 0.96955633775, 3.76658691805, 1.25990538066, 0.948608614274, 2.89692315505, 4.72731739856, 1.0344101028, 4.83883121644, 1.07224428438, 1.09000043333, 1.08780762873, 1.03062728624, 0.9044153539, 4.6024011472, 1.17158912718, 0.79178587712, 264.890927961, 0.97244917743, 2.20512912724, 1.20541783953, 4.95462686919, 1.05760988873, 1043.5195258, 39.5134149285, 5934.79225624, 0.0
2.05728412901, 1.00000054874, 1.03716661114, 1.09122990934, 6.45285408289, 0.761618502047, 3.20137624362, 1.08217071552, 0.980153088303, 1.72386510486, 5.62575231931, 0.890452822812, 1.34433694547, 0.927800169865, 1.09000044226, 1.01092230552, 1.02244836995, 0.824512014501, 3.77932027696, 0.935988798165, 0.826137920663, 93.8258812595, 1.1686496267, 1.47509894149, 1.0346034614, 2.78751954064, 1.23551167601, 138.708488962, 23.3533836752, 365.281112026, 1.07238605898
3.43912692543, 1.00000014579, 1.63507147266, 1.17894337238, 3.60774700733, 0.96955633775, 3.76658691805, 1.25850862032, 0.948608614274, 2.89692315505, 4.72731739856, 1.0344101028, 4.83883121644, 1.23601498069, 1.09000022114, 1.08780762873, 1.03062728624, 0.9044153539, 4.6024011472, 1.17158912718, 0.79178587712, 264.890927961, 0.97244917743, 2.20512912724, 1.20541783953, 4.95462686919, 1.05760988873, 487.509061958, 33.5870785975, 1681.79409533, 0.268096514745
3.69100744437, 1.00000061855, 1.09190050737, 0.981686702482, 7.0691116949, 0.758861999902, 1.02976912101, 1.07400073788, 0.97512487587, 5.24821596342, 5.6120069746, 0.853561756101, 3.63403985974, 0.978356586671, 1.09000045456, 1.0660444265, 1.00584772593, 0.993383227135, 5.77120636271, 0.947011287618, 0.789972215896, 937.68591031, 1.19993287686, 2.35768270753, 1.20645288867, 1.26414342957, 0.876729803531, 68.5117655737, 13.9246572695, 300.856136907, 2.14477211796
3.35785084018, 1.00000045702, 1.62423520743, 1.17070344008, 2.37361078564, 0.841420172272, 4.51493136233, 1.17621814949, 0.938541748928, 1.7323196614, 5.64469785204, 1.00967049322, 3.95366287932, 1.08411037138, 1.09000089615, 1.00298696764, 1.00031009454, 1.12263017067, 4.85610826752, 1.02060376787, 0.897686814876, 21.6127731504, 0.944271492585, 3.58693016667, 0.996762317732, 3.4232750101, 1.11470634808, 1662.11811107, 34.3840597998, 4319.03193493, 0.0
5.17072345917, 1.00000033019, 1.40043447031, 0.918320805944, 4.27329859505, 0.921381246137, 4.20585784381, 1.10491657457, 0.969054263161, 5.70944535639, 4.71034827067, 1.20644535942, 3.8051240453, 1.01967430798, 1.09000039226, 1.06527681059, 1.02796716543, 0.891392485827, 7.69662985173, 1.09145666637, 0.945801115659, 241.702751649, 1.19079018327, 5.94806174764, 1.19548686819, 2.71707974035, 0.88441576635, 159.655034753, 23.0837885768, 219.092068066, 3.21715817694
2.81943419854, 1.00000037181, 1.40440048721, 1.201771389, 3.08528773006, 0.95387519823, 5.35259441963, 1.17286950998, 0.936068745031, 4.32769311745, 4.95227608045, 1.10883476438, 3.74558899912, 1.00483798181, 1.09000040814, 1.05712832593, 1.00536771724, 0.964462854832, 4.03191968981, 1.17634138421, 0.898906327856, 801.993638212, 1.04239166526, 4.95479362902, 1.05704548798, 1.79605204742, 1.24159146905, 1021.71140379, 43.3722025463, 5411.38750494, 0.0
3.59682649917, 1.00000084572, 1.45631665189, 1.05776170881, 6.30668077727, 0.93738458426, 3.00184651712, 1.03212452165, 0.972125061611, 5.77117525027, 5.87017955143, 0.934908619357, 4.04539702447, 0.813149555596, 1.09000078333, 1.02362317141, 1.04185168755, 0.978134008319, 4.40437864254, 1.05919607609, 0.945817087714, 7.58032636301, 0.917471358214, 1.40652040313, 1.00232773507, 1.06365621742, 1.1992564647, 216.142818315, 15.7267404232, 262.469664639, 2.68096514745
1.44889234708, 1.00000078277, 1.02500142739, 0.974780280136, 1.75863047166, 0.846021646076, 2.41338954816, 1.01136543403, 0.934913721754, 5.85338415535, 5.47827973008, 0.88883181713, 2.15529863423, 0.912412647185, 1.0900009297, 1.00515204402, 1.02721016674, 0.88486940516, 7.07259704305, 1.00416713779, 0.775346451147, 675.726876613, 1.06185595391, 5.31276919531, 1.11971992323, 3.30886523471, 1.06969612762, 2422.35638911, 31.8156378175, 19142.4891913, 0.0
3.43912692543, 1.00000014579, 1.03716661114, 1.17894337238, 3.60774700733, 0.96955633775, 3.76658691805, 1.25850862032, 0.948608614274, 2.89692315505, 4.72731739856, 1.0344101028, 4.83883121644, 1.23601498069, 1.09000022114, 1.08780762873, 1.03062728624, 0.9044153539, 4.6024011472, 1.18288196053, 0.777841970854, 264.890927961, 0.97244917743, 2.20512912724, 1.20541783953, 5.25542415355, 1.05760988873, 316.438907029, 28.6097727707, 776.929384211, 0.804289544236
4.68099268149, 1.00000056012, 1.2971018646, 0.862713134755, 5.26232408126, 0.92100956452, 3.5709452311, 1.0748265211, 0.930966156378, 1.31171921933, 6.23048761093, 0.834346575999, 1.28708312364, 0.893120044332, 1.09000050413, 1.0527570302, 1.00597660054, 0.895340847013, 7.02150130366, 0.961961192028, 0.901672717176, 513.168086381, 0.913842392529, 3.1219311491, 0.973115784483, 4.8769187252, 1.21238596428, 784.435358451, 27.7321546288, 862.481797515, 0.804289544236
4.05770539007, 1.00000022754, 1.37857546676, 1.21247967424, 3.75471117055, 0.938699152694, 1.55135932382, 1.11505167445, 0.919004658963, 5.94044487754, 5.52795288197, 1.02547935718, 4.60023387922, 1.26036700641, 1.09000069495, 1.08423221154, 1.00230385165, 1.08820369393, 8.57278939715, 1.12607393957, 0.809710815759, 982.921887928, 1.05376084066, 3.77600433191, 0.993487062921, 5.00954321086, 1.03233098002, 233.50739536, 26.9878877441, 1056.63001316, 0.536193029491
2.93315680066, 1.00000039949, 1.6858916839, 1.11039151934, 3.66281342696, 0.932774758308, 3.58337768483, 1.02355166284, 0.941563191992, 3.3833108034, 5.74725184737, 1.11985495772, 3.66735478611, 1.05219769064, 1.0900000455, 1.10127643379, 1.04535311164, 1.18507133562, 9.75905975874, 1.14457437548, 0.933209646231, 887.840884282, 1.07510289041, 5.93409258753, 1.01926245814, 2.01786864225, 0.962798490009, 215.308117719, 25.0491340862, 1193.35394891, 0.536193029491
4.5705704017, 1.00000018721, 1.1455713125, 1.15165983444, 3.17589342043, 0.784758490029, 3.99622075814, 1.06539158297, 0.930223106094, 2.18718140607, 5.46209512503, 1.0757920574, 4.68372207776, 0.85872787017, 1.09000042319, 1.10127643379, 1.00095060806, 1.07398993236, 5.60988923438, 0.913547738452, 0.900161870396, 864.58041978, 0.920469975827, 1.15080330249, 1.15241319141, 1.70917757997, 0.968495197416, 1046.73853259, 43.5001841008, 4774.33061553, 0.0
2.67265546302, 1.00000067941, 1.64550120109, 1.12066724503, 2.20384060036, 0.717286797325, 3.05777078205, 1.06540368113, 0.949975176276, 2.59739164529, 5.0853265907, 0.938399886225, 4.23587049683, 1.11511189907, 1.09000004869, 1.08625997184, 1.00138200769, 1.18595747519, 5.02639678851, 1.10835561715, 0.810135564951, 400.307300503, 1.02067449294, 5.5616301559, 1.00787629124, 1.82558715644, 0.8732243285, 942.376532739, 39.8692626222, 1417.16921988, 0.268096514745
4.58137639468, 1.00000093355, 1.56600633675, 0.862613653411, 6.81899623625, 0.954173859338, 5.77502567656, 1.23720385202, 0.987283085584, 5.17973302656, 6.21513837857, 1.06877668131, 1.35086115312, 1.18296997876, 1.09000021742, 1.00363242836, 1.03960584719, 0.850691399133, 6.60477520613, 1.12389355231, 0.961994227961, 680.058556633, 0.917240411069, 5.17499509299, 1.23846704538, 1.05362608861, 0.971180936505, 239.977787651, 19.6630442668, 1877.69697645, 0.536193029491
3.35785084018, 1.00000045702, 1.62423520743, 0.840257028961, 2.37361078564, 0.745388721027, 4.51493136233, 1.17621814949, 0.938541748928, 1.7323196614, 6.23535870238, 1.00967049322, 4.18572063176, 1.08411037138, 1.09000087778, 1.08789949404, 1.00031009454, 1.02917513784, 3.00598752935, 1.02060376787, 0.946124858682, 39.3020394017, 0.944271492585, 3.58693016667, 1.02112969326, 2.10473254084, 1.04378754353, 231.973205783, 19.2530505205, 681.739070627, 1.07238605898
5.70130461334, 1.00000071679, 1.03716661114, 1.02748994748, 2.23830332674, 0.720344542896, 1.2435623985, 1.20793935453, 0.967700163993, 4.81333132421, 6.07608742524, 1.11351766534, 3.26648625404, 1.04369926058, 1.09000009812, 1.00410815297, 1.04344749037, 1.07330948878, 9.75697505835, 1.00585917152, 0.946475567428, 776.137124967, 1.05490177399, 3.06713713051, 0.984485495073, 2.78751954064, 1.04506142932, 229.447226334, 16.1335830789, 1591.61430091, 1.60857908847
4.50753498326, 1.0000003748, 1.5557222731, 0.922949283149, 2.66478398265, 0.851945324835, 5.14233815365, 1.02596430239, 0.962321334513, 4.22175955463, 4.75776741865, 1.19077944418, 3.47421778247, 1.0729755145, 1.09000037231, 1.02444876808, 1.01718664548, 0.894228265393, 6.58427115372, 1.15652488915, 0.761156236705, 55.196919646, 1.10805784756, 3.12986518129, 0.991744976999, 4.61348826981, 1.25532732707, 1966.35166777, 48.8075837356, 3014.74853775, 0.0
1.09570738961, 1.0000000727, 1.34846635879, 0.897819076518, 3.19620178925, 0.824207421979, 3.74510670566, 1.16708899449, 0.908891608369, 5.86115783605, 6.15119170877, 0.999288637142, 3.26414887285, 1.28850419023, 1.09000061535, 1.09688663199, 1.02005374219, 0.880364347199, 3.79228188749, 1.01892862263, 0.967062695601, 264.890927961, 0.944271492585, 2.03925755682, 1.04363149145, 5.40524804076, 0.949967386188, 1514.00305511, 35.0229027152, 7662.08508241, 0.0
