0.147185904175, 1.09722661541, 2.1492016091, 0.499706187001, 30.5747252997, 1.2270498047, 0.772944849647, 0.00481843053885, 17.5217458501, 56.5590252632, 0.00796640263342, 0.0
0.147185904175, 1.09722661541, 2.1492016091, 0.499706187001, 51.3968690679, 1.2270498047, 0.772944849647, 0.00481843053885, 14.9948602, 112.294412393, 0.00336953385183, 0.0
0.135027668412, 1.10015332279, 2.01201234271, 0.689391329265, 30.5747252997, 1.2270498047, 0.630220982465, 0.00721366582999, 17.5217458501, 123.101617716, 0.0027656739981, 0.0
0.147185904175, 1.09722661541, 2.01201234271, 0.499706187001, 51.3968690679, 1.2270498047, 0.772944849647, 0.00481843053885, 14.9948602, 95.2034605675, 0.00343844210019, 0.0
0.1166711847, 1.09722661541, 2.01201234271, 0.689391329265, 30.5747252997, 1.2270498047, 0.772944849647, 0.00228242773789, 17.5217458501, 156.315167344, 0.00179587065699, 0.5
0.135643688303, 1.03702740968, 9.79373637937, 0.60739128481, 80.8145989938, 1.01190598084, 0.772944849647, 2.25775696908, 3.69820834193, 559.248395729, 0.00178236166017, 0.0
0.1166711847, 1.09722661541, 2.00994825356, 0.689391329265, 30.5747252997, 1.2270498047, 0.772944849647, 0.0131479649853, 17.5217458501, 80.0777340354, 0.00261862284243, 0.125
0.1166711847, 1.09722661541, 2.01201234271, 0.689391329265, 30.5747252997, 1.2270498047, 0.772944849647, 4.2875070762, 17.5217458501, 92.6632847964, 0.0045949014452, 0.333333333333
0.147185904175, 0.926530660686, 2.01201234271, 0.455757134861, 30.5747252997, 1.2270498047, 0.772944849647, 3.47582364841, 17.5217458501, 102.318699701, 0.00631245057222, 0.0
0.1166711847, 0.981999239747, 2.01201234271, 0.689391329265, 30.5747252997, 1.2270498047, 0.772944849647, 0.0131479649853, 17.5217458501, 65.9160690955, 0.0155318176254, 0.333333333333
0.147185904175, 1.09722661541, 2.1492016091, 0.499706187001, 30.5747252997, 1.2270498047, 0.772944849647, 0.0131479649853, 34.871791283, 75.1230923989, 0.00802080950757, 0.25
0.147185904175, 0.918762799581, 2.1492016091, 0.455757134861, 30.5747252997, 1.2270498047, 0.772944849647, 3.47582364841, 17.5217458501, 90.4573585308, 0.00849070038675, 0.0
0.135027668412, 1.09722661541, 2.1492016091, 0.663353717629, 30.5747252997, 1.11674047582, 0.772944849647, 4.94348694822, 17.5217458501, 88.2600097934, 0.0100740672233, 0.0
0.1166711847, 1.09722661541, 2.01201234271, 0.614218003417, 30.5747252997, 1.2270498047, 0.588844461783, 0.0131479649853, 17.5217458501, 76.901866261, 0.0103886306569, 0.0
0.500363556127, 0.89667706257, 2.1492016091, 0.528577673174, 83.5683020447, 40.8239121607, 0.761703669177, 4.93143243088, 3.69820834193, 76.4700074014, 0.414870094978, 0.166666666667
0.1166711847, 1.09722661541, 2.01201234271, 0.689391329265, 30.5747252997, 1.2270498047, 0.772944849647, 0.0131479649853, 17.5217458501, 95.3850368198, 0.00717102272603, 0.222222222222
0.1166711847, 1.15696561361, 2.01201234271, 0.689391329265, 30.5747252997, 1.2270498047, 0.772944849647, 4.2875070762, 17.5217458501, 81.6038810707, 0.00949806857665, 0.2
0.1166711847, 1.15696561361, 2.01201234271, 0.689391329265, 30.5747252997, 1.2270498047, 0.772944849647, 4.2875070762, 17.5217458501, 89.0908208277, 0.0100442883251, 0.181818181818
0.1166711847, 1.09722661541, 2.01201234271, 0.689391329265, 30.5747252997, 1.2270498047, 0.772944849647, 0.0131479649853, 17.5217458501, 122.887103856, 0.00517231041834, 0.0
0.135027668412, 1.01621479048, 2.1492016091, 0.572069825612, 30.5747252997, 1.2270498047, 0.772944849647, 4.94348694822, 17.5217458501, 120.758119532, 0.00517702620035, 0.0
0.135027668412, 1.09722661541, 2.1492016091, 0.572069825612, 30.5747252997, 1.2270498047, 0.772944849647, 4.94348694822, 17.5217458501, 110.325012242, 0.00768310585406, 0.0
0.147185904175, 0.956795714852, 2.1492016091, 0.468709074376, 30.5747252997, 31.0864422203, 0.772944849647, 3.47582364841, 10.0344831901, 75.732111837, 0.263294456563, 0.363636363636
0.500363556127, 0.90421538221, 2.13715878379, 0.457850367197, 31.9681578237, 20.6844673281, 0.0482580062765, 3.60579850782, 9.11322719651, 77.0190132473, 0.367197826189, 0.0
0.147185904175, 0.918762799581, 2.1492016091, 0.455757134861, 84.2824782197, 40.6456094517, 0.772944849647, 3.47582364841, 21.5589151758, 81.767245128, 0.396883365684, 0.0
0.500363556127, 0.90421538221, 2.13715878379, 0.457850367197, 31.9681578237, 31.16556296, 0.0482580062765, 3.72410392858, 2.06841274638, 83.4607858501, 0.429441764016, 0.0
0.500363556127, 1.08966250474, 2.13715878379, 0.659717036103, 31.9681578237, 20.6844673281, 0.0946068792404, 3.60579850782, 9.11322719651, 84.614278636, 0.464878708318, 0.0
0.102185862694, 1.12456999824, 2.14320426864, 0.600099592388, 6.38683520964, 1.19880781034, 0.448442382043, 0.00481843053885, 16.2600241769, 164.625368326, 0.00434413209534, 0.0
0.1166711847, 1.09722661541, 2.01201234271, 0.689391329265, 30.5747252997, 1.2270498047, 0.772944849647, 0.0131479649853, 17.5217458501, 143.954814146, 0.00452518003475, 0.0
0.214876896185, 0.90421538221, 2.2539170269, 0.644084137729, 31.9681578237, 16.1292336127, 0.53207632537, 4.87488496375, 17.4364007764, 89.5402389437, 0.115710358143, 0.0
0.221196749883, 0.82612159785, 3.15894452028, 0.489942110648, 4.36970834715, 31.0864422203, 0.761703669177, 4.07347115445, 17.4364007764, 79.887307469, 0.273956626128, 0.5
0.135027668412, 1.05610751561, 3.1968032373, 0.461627972868, 21.10808805, 1.25889758589, 1.40781831072, 4.94348694822, 1.09848263312, 391.133517337, 0.00438466163734, 0.037037037037
0.147185904175, 1.19550365669, 2.1492016091, 0.499706187001, 30.5747252997, 40.8239121607, 0.772944849647, 0.0131479649853, 17.5217458501, 88.327008539, 0.38911649464, 0.0
0.102990057773, 1.12369215803, 5.6161374585, 0.599708707565, 75.5031095415, 1.12350873705, 1.95794231286, 2.22261609108, 17.0571876721, 631.893592485, 0.00440533674801, 0.0
0.147185904175, 1.18950267857, 2.1492016091, 0.499706187001, 30.5747252997, 1.2270498047, 0.772944849647, 0.00481843053885, 14.9948602, 85.1961760099, 0.0159281051329, 0.222222222222
0.1166711847, 1.15696561361, 2.01201234271, 0.689391329265, 30.5747252997, 1.2270498047, 0.772944849647, 4.2875070762, 17.5217458501, 126.111668672, 0.00355462919165, 0.181818181818
0.1166711847, 1.15696561361, 2.01201234271, 0.689391329265, 30.5747252997, 1.2270498047, 0.772944849647, 4.2875070762, 17.5217458501, 169.883124078, 0.00503540197687, 0.0
0.147185904175, 1.06230434676, 2.1492016091, 0.499706187001, 30.5747252997, 1.2270498047, 0.772944849647, 3.47582364841, 10.0344831901, 95.0620675391, 0.00929246680503, 0.363636363636
0.147185904175, 1.06230434676, 2.1492016091, 0.499706187001, 30.5747252997, 6.18597622898, 0.772944849647, 4.81177520908, 17.5217458501, 80.2222858364, 0.112973200481, 0.578947368421
0.147185904175, 1.09722661541, 2.1492016091, 0.572069825612, 30.5747252997, 1.2270498047, 0.772944849647, 3.68064252094, 17.5217458501, 166.884037505, 0.00363370647487, 0.272727272727
0.1166711847, 0.981999239747, 2.01201234271, 0.689391329265, 30.5747252997, 1.2270498047, 0.772944849647, 0.0131479649853, 17.5217458501, 92.0428019369, 0.0120034067054, 0.0
0.147185904175, 1.09722661541, 2.1492016091, 0.646938318963, 30.5747252997, 1.2270498047, 0.358609253098, 0.00481843053885, 17.5217458501, 139.398001659, 0.00560075670567, 0.0
0.221196749883, 0.82612159785, 2.5358050514, 0.635436977993, 4.36970834715, 1.37564282292, 0.408436631057, 4.76530801426, 17.7325383722, 82.4642874434, 0.0259983680742, 0.5
0.221196749883, 1.09722661541, 2.58280915364, 0.420952746156, 77.0819676016, 1.25889758589, 0.408436631057, 4.19751643396, 3.69820834193, 82.7629858513, 0.021477335591, 0.6
0.147185904175, 0.848412833219, 2.1492016091, 0.499706187001, 30.5747252997, 40.8239121607, 0.772944849647, 0.00445614722417, 10.8870400958, 86.6805322348, 0.259449009121, 0.3
0.12259928138, 1.12234545412, 2.1492016091, 0.404775424304, 37.8980820061, 1.01839436343, 0.772944849647, 0.00481843053885, 16.2600241769, 172.596113623, 0.00474512356753, 0.2
0.1166711847, 1.09722661541, 2.01201234271, 0.689391329265, 30.5747252997, 3.84256256828, 0.772944849647, 2.76902126585, 17.5217458501, 85.9350376617, 0.058727364335, 0.35
0.500363556127, 0.826153424483, 2.13715878379, 0.501833619406, 32.9565328743, 31.9981567868, 0.0482580062765, 3.72410392858, 2.89834905651, 87.7353077923, 0.274356090049, 0.333333333333
0.1166711847, 1.09722661541, 2.01201234271, 0.689391329265, 14.7218047158, 1.2270498047, 0.772944849647, 0.0131479649853, 17.5217458501, 88.6218954284, 0.0124712666263, 0.4
0.147185904175, 1.09722661541, 2.1492016091, 0.499706187001, 19.1829268515, 1.2270498047, 0.772944849647, 0.00481843053885, 35.8096867678, 110.45819053, 0.00955441961418, 0.1
0.147185904175, 1.17004889946, 2.1492016091, 0.499706187001, 43.1097130785, 1.2270498047, 0.772944849647, 0.00481843053885, 6.48553954734, 154.401561514, 0.00611407098893, 0.0
0.1166711847, 1.06230434676, 2.1492016091, 0.689391329265, 30.5747252997, 1.2270498047, 0.772944849647, 0.0131479649853, 10.0344831901, 123.508671083, 0.00744041253917, 0.0555555555556
0.135027668412, 1.09722661541, 2.01201234271, 0.689391329265, 30.5747252997, 1.2270498047, 0.36369081934, 0.00721366582999, 17.5217458501, 90.0652487741, 0.0108233105147, 0.333333333333
0.147185904175, 1.06230434676, 2.1492016091, 0.499706187001, 30.5747252997, 6.18597622898, 0.772944849647, 4.81177520908, 17.5217458501, 99.6579941697, 0.0637829868305, 0.0
0.147185904175, 0.918762799581, 2.1492016091, 0.689391329265, 30.5747252997, 1.2270498047, 0.772944849647, 0.0131479649853, 15.7975882331, 88.6350116379, 0.0193708170168, 0.470588235294
0.1166711847, 1.03783304692, 2.01201234271, 0.689391329265, 30.5747252997, 1.2270498047, 0.772944849647, 0.0131479649853, 17.5217458501, 102.64007908, 0.0113762990189, 0.0
0.500363556127, 1.16056710368, 2.13715878379, 0.659717036103, 31.9681578237, 20.6844673281, 0.0946068792404, 3.60579850782, 9.11322719651, 99.5887799419, 0.323131422819, 0.0
0.147185904175, 1.09722661541, 2.1492016091, 0.457850367197, 30.5747252997, 1.12181695496, 0.0535998927269, 0.00481843053885, 13.0874140115, 112.228281676, 0.00967760177443, 0.181818181818
0.514976784865, 1.08966250474, 2.15360838818, 0.624623033298, 82.122818527, 1.09068125194, 0.761703669177, 0.526516364538, 22.7705527023, 89.3984398313, 0.06253793643, 0.357142857143
0.102185862694, 1.12456999824, 2.14320426864, 0.600099592388, 6.38683520964, 1.19880781034, 0.448442382043, 0.00481843053885, 16.2600241769, 135.591530903, 0.00676246280521, 0.222222222222
0.147185904175, 1.06230434676, 2.1492016091, 0.455757134861, 30.5747252997, 1.2270498047, 0.772944849647, 4.17780650341, 17.5217458501, 89.740184156, 0.0160057150637, 0.5625
0.147185904175, 0.848412833219, 2.1492016091, 0.499706187001, 30.5747252997, 40.8239121607, 0.772944849647, 0.00445614722417, 10.8870400958, 100.918933952, 0.332651343687, 0.05
0.1166711847, 1.09722661541, 2.01201234271, 0.689391329265, 30.5747252997, 1.2270498047, 0.772944849647, 2.76902126585, 17.5217458501, 121.517230317, 0.00961427569977, 0.0
0.147185904175, 0.918762799581, 2.1492016091, 0.689391329265, 30.5747252997, 1.2270498047, 0.772944849647, 0.0131479649853, 15.7975882331, 96.8197762261, 0.013845477922, 0.142857142857
0.147185904175, 1.09722661541, 2.1492016091, 0.499706187001, 30.5747252997, 1.37564282292, 0.772944849647, 0.0131479649853, 34.871791283, 95.6536269676, 0.0144400181179, 0.125
0.500363556127, 0.89667706257, 2.5358050514, 0.528577673174, 91.7435936063, 40.8239121607, 0.761703669177, 4.76530801426, 9.16243406241, 98.5342936693, 0.54498732276, 0.0
0.500363556127, 0.89667706257, 2.1492016091, 0.528577673174, 83.5683020447, 40.8239121607, 0.761703669177, 4.76530801426, 3.69820834193, 99.4731803596, 0.474609261511, 0.0
0.211598470904, 0.979895182541, 4.56282065032, 0.441372269278, 7.12048476387, 48.6774494055, 0.6967935551, 2.99647864604, 2.65038219473, 89.4515072195, 0.334508522201, 0.5
0.116291890044, 1.10953091925, 3.28946314422, 0.600099592388, 70.247485571, 2.04015478272, 1.95794231286, 0.913233302428, 26.6235246199, 350.106023369, 0.00756209875359, 0.0
0.147185904175, 1.09722661541, 2.1492016091, 0.60082302252, 30.5747252997, 1.2270498047, 0.772944849647, 4.97493377662, 39.2459834035, 113.656661421, 0.00806214670066, 0.461538461538
0.1166711847, 0.918762799581, 2.1492016091, 0.689391329265, 30.5747252997, 1.24636089898, 0.685023980316, 0.0131479649853, 17.5217458501, 94.8228651715, 0.0134109651841, 0.25
0.500363556127, 0.89667706257, 2.1492016091, 0.528577673174, 84.0223030692, 40.8239121607, 0.761703669177, 4.76530801426, 35.038958924, 99.8765117966, 0.543672382067, 0.0
0.135643688303, 1.03702740968, 9.41420699309, 0.60739128481, 80.8145989938, 1.01190598084, 2.02183200894, 2.25775696908, 3.69820834193, 946.77699898, 0.00641301145838, 0.00602409638554
0.135643688303, 1.03702740968, 9.41420699309, 0.60739128481, 80.8145989938, 1.37564282292, 2.02183200894, 2.25775696908, 3.07805280199, 1252.44077147, 0.00700829779305, 0.0416666666667
0.1166711847, 1.09722661541, 2.01201234271, 0.689391329265, 13.0368886976, 1.2270498047, 0.772944849647, 2.76902126585, 17.5217458501, 121.241681042, 0.00935743035447, 0.142857142857
0.320104923338, 0.918762799581, 2.1492016091, 0.689391329265, 30.5747252997, 1.24636089898, 0.583386783605, 0.0131479649853, 17.5217458501, 105.488795213, 0.0168545779844, 0.0
0.143414469183, 1.09722661541, 2.1492016091, 0.568369724027, 30.5747252997, 1.2270498047, 2.96043482951, 0.013103421667, 3.69820834193, 229.825916844, 0.00779573126491, 0.042735042735
0.221196749883, 1.16456921455, 3.93727504438, 0.420952746156, 77.0819676016, 1.25889758589, 0.408436631057, 4.19751643396, 16.2600241769, 285.520489493, 0.0069238323714, 0.125
0.1166711847, 1.09722661541, 2.01201234271, 0.689391329265, 30.5747252997, 1.2270498047, 0.772944849647, 0.0131479649853, 17.5217458501, 147.799382604, 0.00712858372082, 0.357142857143
0.500363556127, 1.02549089065, 2.1492016091, 0.689391329265, 30.5747252997, 1.2270498047, 0.761703669177, 0.0131479649853, 9.16243406241, 107.090586984, 0.0412152901709, 0.0952380952381
0.147185904175, 1.02549089065, 2.1492016091, 0.689391329265, 30.5747252997, 1.2270498047, 0.772944849647, 0.0131479649853, 17.5217458501, 91.8746198103, 0.0443722907802, 0.6
0.105545823736, 0.918762799581, 2.1492016091, 0.592337427771, 30.5747252997, 1.2270498047, 0.772944849647, 0.81393944772, 30.3017874513, 127.078377751, 0.00877567383718, 0.05
0.369209433111, 0.846738278285, 4.0731183521, 0.468073531853, 26.9331799387, 37.9015391594, 0.0585396679388, 3.3770658834, 2.06841274638, 103.173995489, 0.220269560958, 0.0
0.147185904175, 1.09722661541, 3.49132962109, 0.646938318963, 4.36970834715, 1.2270498047, 0.358609253098, 0.00481843053885, 17.5217458501, 271.480172929, 0.00773781173898, 0.0714285714286
0.135027668412, 1.09722661541, 2.1492016091, 0.572069825612, 30.5747252997, 1.2270498047, 0.772944849647, 4.94348694822, 17.5217458501, 132.796274804, 0.00808940635381, 0.153846153846
0.135027668412, 1.10015332279, 2.01201234271, 0.689391329265, 30.5747252997, 1.2270498047, 0.630220982465, 0.00721366582999, 14.9948602, 126.279028737, 0.00941249521695, 0.117647058824
0.147185904175, 1.09722661541, 2.01201234271, 0.455757134861, 30.5747252997, 1.2270498047, 0.772944849647, 3.47582364841, 17.5217458501, 142.025969221, 0.00884158113892, 0.0
0.147185904175, 1.09722661541, 2.1492016091, 0.491721305754, 30.5747252997, 1.12181695496, 0.0535998927269, 3.68064252094, 13.0874140115, 140.406811274, 0.008904866952, 0.0
0.100031998308, 1.03702740968, 9.41420699309, 0.60739128481, 80.8145989938, 1.01190598084, 2.02183200894, 2.25775696908, 3.69820834193, 1186.11814815, 0.00633922092706, 0.208053691275
0.147185904175, 1.09722661541, 2.1492016091, 0.457850367197, 30.5747252997, 1.12181695496, 0.772944849647, 0.00481843053885, 17.5217458501, 110.923520446, 0.0168920251095, 0.0666666666667
0.500363556127, 0.850630259377, 2.1492016091, 0.528577673174, 2.21675446668, 31.1234764126, 0.761703669177, 4.76530801426, 3.69820834193, 104.832453993, 0.420288401558, 0.0
0.102185862694, 1.12456999824, 2.14320426864, 0.600099592388, 82.5953990653, 1.19880781034, 0.448442382043, 0.00481843053885, 13.2388636161, 161.032582658, 0.00796798215981, 0.1
0.147185904175, 1.09722661541, 2.1492016091, 0.499706187001, 30.5747252997, 1.37564282292, 0.772944849647, 0.0131479649853, 34.871791283, 178.988933194, 0.00773011582841, 0.166666666667
0.147185904175, 0.826153424483, 2.1492016091, 0.455757134861, 30.5747252997, 1.2270498047, 0.772944849647, 0.462419165243, 17.5217458501, 113.778405982, 0.0123957863159, 0.0
0.1166711847, 1.09722661541, 2.01201234271, 0.689391329265, 29.6746327291, 1.2270498047, 0.772944849647, 4.2875070762, 17.5217458501, 118.990049823, 0.0120921382388, 0.0
0.500363556127, 0.89667706257, 2.1492016091, 0.528577673174, 83.5683020447, 40.8239121607, 0.761703669177, 4.76530801426, 3.69820834193, 106.632235007, 0.5259212911, 0.0833333333333
0.1166711847, 1.09722661541, 2.01201234271, 0.689391329265, 30.5747252997, 1.2270498047, 0.772944849647, 0.0131479649853, 17.5217458501, 113.014566971, 0.0168947412942, 0.0
0.147185904175, 1.09722661541, 2.1492016091, 0.499706187001, 30.5747252997, 1.2270498047, 0.772944849647, 0.0131479649853, 3.69820834193, 105.190345173, 0.0125207525496, 0.235294117647
0.147185904175, 1.09722661541, 2.1492016091, 0.499706187001, 19.1829268515, 1.2270498047, 0.772944849647, 0.00481843053885, 35.8096867678, 164.290764421, 0.00933179168649, 0.0
0.126195257724, 0.918762799581, 2.1492016091, 0.644084137729, 30.5747252997, 2.04015478272, 0.53207632537, 3.68064252094, 17.5217458501, 119.848385798, 0.0158545234514, 0.0
0.1166711847, 0.826153424483, 2.01201234271, 0.689391329265, 30.5747252997, 3.84256256828, 0.772944849647, 2.76902126585, 17.5217458501, 97.6831914809, 0.025869276546, 0.25
