2.0, 0.0, -1.0, 2.0, 2.0, 1.0, 2.0, -1.0, -1.0, 0.0, 0.0, -1.0, 0.0, 1.0, 0.0, 2.0, 1.0, 0.0, 0.0, -1.0, 2.0, 1.0, 2.0, 1.0, -1.0, 3.0, -1.0, 2.0, 1.0, 0.0, 1.0, 3.0, 2.0, 0.0, 1.0, 0.0, -1.0, 0.0, 3.0, -1.0, 3.0, -1.0, 2.0, -1.0, 2.0, 2.0, 0.0, -1.0, 2.0, 1.0, 96941.0, 524.0, 99516.0
2.0, 0.0, -1.0, 2.0, 2.0, 1.0, 2.0, -1.0, -1.0, 0.0, 0.0, -1.0, 0.0, 1.0, 0.0, 2.0, 1.0, 0.0, 0.0, -1.0, 2.0, 1.0, 2.0, 1.0, -1.0, 3.0, -1.0, 2.0, 1.0, 0.0, 1.0, 3.0, 2.0, 0.0, 1.0, 0.0, -1.0, 0.0, 3.0, -1.0, 3.0, -1.0, 2.0, -1.0, 2.0, 2.0, 0.0, -1.0, 2.0, 1.0, 96941.0, 524.0, 99516.0
0.0, 1.0, -1.0, -1.0, 3.0, 2.0, 1.0, 1.0, 2.0, 0.0, 3.0, 0.0, -1.0, 0.0, 3.0, 1.0, 0.0, 0.0, 2.0, -1.0, 0.0, -1.0, 1.0, 1.0, 2.0, -1.0, 1.0, 1.0, -1.0, 0.0, 2.0, 0.0, 3.0, 3.0, 2.0, -1.0, 3.0, 0.0, -1.0, 1.0, 0.0, 2.0, -1.0, 1.0, 2.0, -1.0, 2.0, 2.0, 1.0, 3.0, 96882.0, 546.0, 99478.0
-1.0, -1.0, 1.0, 0.0, 2.0, 1.0, 0.0, 1.0, 2.0, -1.0, 0.0, 1.0, 0.0, 3.0, -1.0, 0.0, 2.0, 1.0, -1.0, 2.0, 0.0, 0.0, -1.0, 3.0, 0.0, 1.0, 0.0, 2.0, -1.0, 0.0, 2.0, -1.0, 1.0, 1.0, 2.0, -1.0, 3.0, 2.0, 0.0, 2.0, 3.0, 0.0, 1.0, -1.0, 0.0, 0.0, -1.0, -1.0, -1.0, 1.0, 96853.0, 534.0, 99516.0
1.0, -1.0, 0.0, 3.0, 2.0, 2.0, 3.0, 2.0, -1.0, 1.0, 3.0, 0.0, 3.0, 0.0, -1.0, 1.0, 3.0, 1.0, 0.0, 0.0, 3.0, -1.0, -1.0, 0.0, -1.0, 1.0, 0.0, 3.0, 2.0, 0.0, 1.0, 2.0, 0.0, 1.0, 1.0, 0.0, 2.0, 3.0, 2.0, 0.0, 1.0, -1.0, -1.0, 3.0, 1.0, 1.0, 0.0, -1.0, 0.0, 1.0, 96818.0, 561.0, 99454.0
-1.0, 0.0, -1.0, 2.0, 2.0, 1.0, 1.0, -1.0, -1.0, 1.0, 0.0, -1.0, 0.0, 1.0, 0.0, 2.0, 1.0, 0.0, 0.0, -1.0, 2.0, 1.0, 2.0, 1.0, -1.0, 3.0, -1.0, 2.0, 2.0, 0.0, 1.0, 3.0, 2.0, 0.0, 1.0, 0.0, -1.0, 0.0, 3.0, -1.0, 3.0, -1.0, 1.0, -1.0, 2.0, 2.0, 0.0, -1.0, 2.0, 1.0, 97039.0, 511.0, 99533.0
-1.0, 3.0, 2.0, 3.0, 1.0, 0.0, 3.0, 3.0, 2.0, 1.0, 0.0, 3.0, 1.0, 0.0, 0.0, 2.0, 2.0, -1.0, 1.0, 2.0, 2.0, 1.0, 3.0, 0.0, 0.0, 1.0, 1.0, 0.0, 0.0, 3.0, 0.0, 3.0, 3.0, 3.0, -1.0, -1.0, 0.0, 2.0, 1.0, 0.0, 2.0, -1.0, -1.0, 2.0, 2.0, -1.0, 0.0, 1.0, 2.0, 2.0, 96687.0, 610.0, 99431.0
0.0, 1.0, -1.0, -1.0, 3.0, 2.0, 1.0, 1.0, 2.0, 0.0, 3.0, 0.0, -1.0, 0.0, 3.0, 1.0, 0.0, 0.0, 2.0, -1.0, 0.0, -1.0, 1.0, 1.0, 2.0, -1.0, 1.0, 1.0, -1.0, 0.0, 2.0, 0.0, 3.0, 3.0, 2.0, -1.0, 3.0, 0.0, -1.0, 1.0, 0.0, 2.0, -1.0, 1.0, 2.0, -1.0, 2.0, 2.0, 1.0, 3.0, 96882.0, 546.0, 99478.0
1.0, 3.0, 1.0, -1.0, 1.0, 0.0, 3.0, 1.0, 3.0, 0.0, 3.0, 2.0, 0.0, 2.0, 1.0, -1.0, 0.0, 1.0, 2.0, 2.0, 0.0, 2.0, 0.0, 2.0, 1.0, -1.0, 3.0, 2.0, 1.0, 1.0, -1.0, 2.0, 1.0, 2.0, 0.0, -1.0, 3.0, -1.0, 1.0, 1.0, 3.0, 0.0, -1.0, 1.0, 2.0, 2.0, 0.0, -1.0, -1.0, 3.0, 96808.0, 582.0, 99441.0
2.0, 3.0, -1.0, 1.0, -1.0, 1.0, 2.0, 0.0, -1.0, 1.0, 1.0, 0.0, 0.0, 0.0, 1.0, -1.0, 1.0, 0.0, 2.0, 3.0, 0.0, 1.0, 1.0, 1.0, -1.0, 3.0, 3.0, 1.0, 1.0, 1.0, -1.0, 2.0, 3.0, 2.0, 0.0, 0.0, 2.0, 1.0, 2.0, 2.0, 2.0, 2.0, 2.0, 2.0, 0.0, 2.0, 2.0, 0.0, 1.0, 0.0, 96423.0, 623.0, 99426.0
2.0, -1.0, 3.0, 1.0, 0.0, 1.0, 1.0, 2.0, 3.0, 3.0, 2.0, 0.0, 3.0, 2.0, -1.0, 1.0, 0.0, 2.0, 1.0, 0.0, 3.0, 1.0, 2.0, 2.0, 2.0, 0.0, -1.0, 1.0, 1.0, 0.0, 0.0, -1.0, 1.0, 1.0, 0.0, -1.0, 0.0, 1.0, 1.0, 0.0, 3.0, 3.0, 1.0, 2.0, 2.0, 3.0, -1.0, 0.0, 0.0, 0.0, 96505.0, 616.0, 99432.0
3.0, 1.0, 1.0, 2.0, 0.0, 3.0, 1.0, 1.0, 1.0, 1.0, 0.0, 2.0, -1.0, -1.0, 3.0, 3.0, 1.0, 2.0, 1.0, 2.0, 2.0, 2.0, 0.0, 1.0, 0.0, 1.0, 3.0, 0.0, 0.0, 3.0, 3.0, 2.0, 0.0, 3.0, 0.0, -1.0, 2.0, 2.0, 0.0, 1.0, 3.0, 1.0, 0.0, 3.0, 0.0, 3.0, 2.0, 2.0, -1.0, 2.0, 96475.0, 657.0, 99390.0
-1.0, 1.0, -1.0, 0.0, 1.0, 2.0, 2.0, 3.0, -1.0, -1.0, 3.0, 0.0, 1.0, 1.0, 0.0, 1.0, -1.0, 1.0, -1.0, 2.0, 1.0, 2.0, 1.0, -1.0, -1.0, 3.0, -1.0, 3.0, 3.0, -1.0, -1.0, 3.0, -1.0, 3.0, 0.0, -1.0, 1.0, 2.0, 3.0, 2.0, 2.0, -1.0, -1.0, 2.0, 2.0, 1.0, 0.0, 2.0, 2.0, 0.0, 97345.0, 483.0, 99538.0
2.0, 3.0, -1.0, 1.0, -1.0, 1.0, 2.0, 0.0, -1.0, 1.0, 1.0, 0.0, -1.0, 0.0, 1.0, -1.0, 1.0, 0.0, 2.0, 3.0, 0.0, 1.0, 1.0, 1.0, -1.0, 3.0, 3.0, 1.0, 1.0, 1.0, -1.0, 2.0, 3.0, 2.0, 0.0, -1.0, 2.0, 1.0, 2.0, 2.0, 2.0, 2.0, 2.0, 2.0, 0.0, 3.0, 2.0, 0.0, 1.0, 0.0, 96605.0, 589.0, 99443.0
0.0, 2.0, 0.0, -1.0, 1.0, 2.0, 0.0, 3.0, 1.0, 2.0, 1.0, 2.0, 3.0, 0.0, 3.0, 1.0, 0.0, 3.0, 1.0, -1.0, 1.0, 0.0, -1.0, 2.0, 0.0, 1.0, 3.0, 2.0, 2.0, 1.0, -1.0, 0.0, 1.0, 3.0, 1.0, 0.0, 3.0, 1.0, -1.0, 2.0, 0.0, 2.0, 0.0, 1.0, 2.0, 0.0, 0.0, 3.0, 3.0, 2.0, 96371.0, 649.0, 99402.0
0.0, 1.0, -1.0, -1.0, 3.0, 2.0, 1.0, 1.0, 2.0, 0.0, 3.0, 0.0, -1.0, 0.0, 3.0, 1.0, 0.0, 0.0, 2.0, -1.0, 0.0, -1.0, 1.0, 1.0, 2.0, -1.0, 1.0, 1.0, -1.0, 0.0, 2.0, 0.0, 3.0, 3.0, 2.0, -1.0, 3.0, 0.0, -1.0, 1.0, 0.0, 2.0, -1.0, 1.0, 2.0, -1.0, 2.0, 2.0, 1.0, 3.0, 96882.0, 546.0, 99478.0
2.0, 2.0, 2.0, 2.0, 2.0, 2.0, 1.0, 1.0, 3.0, 1.0, 3.0, -1.0, 2.0, 0.0, 0.0, 1.0, 3.0, -1.0, 0.0, 3.0, 0.0, 0.0, 1.0, 0.0, -1.0, 1.0, 3.0, 0.0, 3.0, 1.0, 2.0, 1.0, 2.0, 1.0, 1.0, -1.0, -1.0, 3.0, 0.0, 1.0, 0.0, 0.0, 0.0, 1.0, 0.0, -1.0, 1.0, 2.0, 1.0, 0.0, 96445.0, 628.0, 99422.0
2.0, -1.0, 0.0, 1.0, 1.0, 0.0, 2.0, 2.0, 0.0, 1.0, 2.0, 0.0, 0.0, 0.0, 1.0, 3.0, 3.0, 1.0, 2.0, -1.0, 0.0, 0.0, 2.0, -1.0, 2.0, 2.0, 3.0, 2.0, 1.0, -1.0, 0.0, 2.0, 2.0, 1.0, 0.0, -1.0, 1.0, 0.0, -1.0, -1.0, 1.0, 3.0, 3.0, 2.0, 1.0, 1.0, 1.0, 2.0, -1.0, 0.0, 96405.0, 603.0, 99436.0
1.0, -1.0, 0.0, 3.0, 2.0, 2.0, 3.0, 2.0, -1.0, 1.0, 3.0, 0.0, 3.0, 0.0, -1.0, 1.0, 3.0, 1.0, 0.0, 0.0, 3.0, -1.0, -1.0, 0.0, -1.0, 1.0, 0.0, 3.0, 2.0, 0.0, 1.0, 2.0, 0.0, 1.0, 1.0, 0.0, 2.0, 3.0, 2.0, 0.0, 1.0, -1.0, -1.0, 3.0, 1.0, 1.0, 0.0, -1.0, 0.0, 1.0, 96818.0, 561.0, 99454.0
-1.0, 0.0, -1.0, 2.0, 2.0, 1.0, 1.0, -1.0, -1.0, 1.0, 0.0, -1.0, 0.0, 1.0, 0.0, 2.0, 1.0, 0.0, 0.0, -1.0, 2.0, 1.0, 2.0, 1.0, -1.0, 3.0, -1.0, 2.0, 2.0, 0.0, 1.0, 3.0, 2.0, 0.0, 1.0, 0.0, -1.0, 0.0, 3.0, -1.0, 3.0, -1.0, 1.0, -1.0, 2.0, 2.0, 0.0, -1.0, 2.0, 1.0, 97039.0, 511.0, 99533.0
1.0, 1.0, 0.0, 1.0, 1.0, -1.0, 2.0, 1.0, -1.0, 1.0, 0.0, -1.0, -1.0, 2.0, 1.0, -1.0, 2.0, 1.0, 2.0, 0.0, 3.0, -1.0, 1.0, 3.0, 1.0, -1.0, -1.0, 0.0, 2.0, 0.0, 3.0, 2.0, 2.0, -1.0, 2.0, -1.0, 2.0, 3.0, 0.0, 0.0, 2.0, 0.0, 3.0, 1.0, 1.0, 1.0, 3.0, 0.0, 3.0, 0.0, 96691.0, 547.0, 99466.0
1.0, 0.0, 1.0, 2.0, -1.0, 2.0, 1.0, 0.0, 1.0, 1.0, 0.0, 2.0, -1.0, 0.0, -1.0, 0.0, -1.0, 2.0, 0.0, 1.0, 1.0, -1.0, -1.0, 0.0, 2.0, 1.0, 2.0, 2.0, 0.0, 1.0, 0.0, 3.0, 2.0, -1.0, 2.0, 2.0, 1.0, 1.0, -1.0, 1.0, 0.0, 1.0, 0.0, 2.0, 2.0, 1.0, 0.0, 3.0, 3.0, 0.0, 96383.0, 584.0, 99447.0
3.0, 1.0, 1.0, 2.0, 0.0, 3.0, 1.0, 1.0, 2.0, 1.0, 0.0, 2.0, -1.0, -1.0, 3.0, 3.0, 1.0, 1.0, 1.0, 2.0, 2.0, 2.0, 0.0, 1.0, 0.0, -1.0, 3.0, 0.0, 0.0, 3.0, 3.0, 2.0, 0.0, 3.0, 0.0, -1.0, 2.0, 2.0, 0.0, 1.0, 3.0, 1.0, -1.0, 3.0, 0.0, 3.0, 2.0, 2.0, -1.0, 2.0, 96633.0, 620.0, 99412.0
1.0, 1.0, 0.0, 1.0, 1.0, -1.0, 2.0, 3.0, -1.0, 1.0, 0.0, -1.0, -1.0, 2.0, 1.0, -1.0, 2.0, 1.0, 2.0, 0.0, 3.0, -1.0, 1.0, 3.0, 1.0, -1.0, 3.0, 0.0, 2.0, 0.0, 3.0, 2.0, 2.0, -1.0, 2.0, 0.0, 2.0, 1.0, 0.0, 2.0, 2.0, 0.0, 3.0, 1.0, 1.0, 3.0, 3.0, 0.0, 3.0, 0.0, 96741.0, 583.0, 99446.0
0.0, 1.0, -1.0, -1.0, 3.0, 2.0, 1.0, 1.0, 2.0, 0.0, 3.0, 0.0, -1.0, 0.0, 3.0, 1.0, 1.0, 0.0, 2.0, -1.0, 0.0, -1.0, 1.0, 1.0, 2.0, -1.0, 1.0, 1.0, 0.0, 0.0, 2.0, 0.0, 3.0, 3.0, 2.0, -1.0, 3.0, 0.0, -1.0, 1.0, 0.0, 2.0, -1.0, 1.0, 2.0, -1.0, 2.0, 2.0, 1.0, 3.0, 96780.0, 558.0, 99464.0
3.0, 1.0, 1.0, 2.0, 0.0, 3.0, 1.0, 1.0, 1.0, 1.0, 0.0, 2.0, -1.0, -1.0, 3.0, 3.0, 0.0, 1.0, 1.0, 2.0, 2.0, 2.0, 0.0, 1.0, 0.0, 1.0, 3.0, 0.0, -1.0, 3.0, 3.0, 2.0, 0.0, 3.0, 0.0, -1.0, 2.0, 2.0, 0.0, 1.0, 3.0, 1.0, -1.0, 3.0, 0.0, 3.0, 2.0, 2.0, -1.0, 2.0, 96627.0, 626.0, 99414.0
1.0, 3.0, 1.0, -1.0, 1.0, 0.0, 3.0, 1.0, 3.0, 0.0, 3.0, 2.0, 0.0, 2.0, 1.0, -1.0, 0.0, 1.0, 2.0, 2.0, 0.0, 2.0, 0.0, 2.0, 1.0, -1.0, 3.0, 2.0, 1.0, 1.0, -1.0, 2.0, 1.0, 2.0, 0.0, -1.0, 3.0, -1.0, 1.0, 1.0, 3.0, 0.0, -1.0, 1.0, 2.0, 2.0, 0.0, -1.0, -1.0, 3.0, 96808.0, 582.0, 99441.0
1.0, 0.0, 1.0, 2.0, -1.0, 2.0, 1.0, 0.0, -1.0, 1.0, 0.0, 2.0, -1.0, 0.0, -1.0, 0.0, -1.0, 2.0, 0.0, 1.0, 1.0, -1.0, -1.0, 0.0, 2.0, -1.0, 2.0, 2.0, 0.0, 1.0, 0.0, 3.0, 2.0, -1.0, 2.0, 2.0, 1.0, 1.0, -1.0, 1.0, 0.0, 1.0, 0.0, 2.0, 2.0, 1.0, 0.0, 0.0, 3.0, 0.0, 96427.0, 550.0, 99470.0
2.0, 0.0, 1.0, -1.0, -1.0, 3.0, 1.0, 3.0, -1.0, 1.0, 1.0, -1.0, -1.0, -1.0, 1.0, -1.0, 2.0, 2.0, 0.0, 0.0, 3.0, -1.0, 0.0, 0.0, 2.0, 0.0, 1.0, 0.0, 1.0, -1.0, 2.0, 3.0, 0.0, -1.0, 1.0, 0.0, 2.0, 0.0, -1.0, -1.0, 1.0, 2.0, 1.0, 0.0, -1.0, 1.0, 2.0, 0.0, 2.0, 0.0, 96991.0, 529.0, 99507.0
1.0, 1.0, 0.0, 1.0, 1.0, -1.0, 2.0, 1.0, -1.0, 1.0, 0.0, -1.0, 1.0, 2.0, 1.0, -1.0, 2.0, 1.0, 2.0, 0.0, 3.0, -1.0, 1.0, 3.0, 1.0, -1.0, -1.0, 0.0, 2.0, 0.0, 3.0, 2.0, 2.0, -1.0, 2.0, 0.0, 2.0, 3.0, 0.0, 2.0, 2.0, 0.0, 3.0, 1.0, 1.0, 1.0, 3.0, 0.0, 3.0, 0.0, 96608.0, 581.0, 99449.0
2.0, 0.0, -1.0, 2.0, 2.0, 1.0, 2.0, -1.0, -1.0, 0.0, 0.0, -1.0, -1.0, 1.0, 0.0, 2.0, 1.0, 0.0, 0.0, -1.0, 2.0, 1.0, 2.0, 1.0, -1.0, 3.0, -1.0, 2.0, 1.0, 0.0, 1.0, 3.0, 2.0, 0.0, 1.0, 0.0, -1.0, 0.0, 3.0, -1.0, 3.0, -1.0, 2.0, -1.0, 2.0, 2.0, 0.0, -1.0, 2.0, 1.0, 97089.0, 508.0, 99527.0
0.0, 1.0, -1.0, -1.0, 3.0, 2.0, 1.0, 1.0, 2.0, 0.0, 3.0, 0.0, -1.0, 0.0, 3.0, 1.0, 0.0, 0.0, 2.0, -1.0, 0.0, -1.0, 1.0, 1.0, 2.0, -1.0, 1.0, 1.0, -1.0, 0.0, 2.0, 0.0, 3.0, 3.0, 2.0, -1.0, 3.0, 0.0, -1.0, 1.0, 0.0, 2.0, -1.0, 1.0, 2.0, -1.0, 2.0, 2.0, 1.0, 3.0, 96882.0, 546.0, 99478.0
2.0, -1.0, 0.0, 1.0, 1.0, 0.0, 2.0, 1.0, 0.0, 1.0, 2.0, 0.0, 0.0, 0.0, 1.0, 3.0, 3.0, 1.0, 2.0, -1.0, 0.0, 0.0, 2.0, -1.0, 0.0, 2.0, 3.0, 2.0, 1.0, -1.0, 0.0, 2.0, 2.0, 1.0, 0.0, 0.0, 1.0, 0.0, -1.0, -1.0, 1.0, 3.0, 3.0, 2.0, 1.0, 1.0, 1.0, 2.0, -1.0, 1.0, 96348.0, 621.0, 99430.0
1.0, -1.0, 0.0, 3.0, 2.0, 2.0, 3.0, 2.0, -1.0, 1.0, 3.0, 0.0, 3.0, 0.0, -1.0, 1.0, 3.0, 1.0, 0.0, 0.0, 3.0, -1.0, -1.0, 0.0, -1.0, 1.0, 0.0, 3.0, 2.0, 0.0, 1.0, 2.0, 0.0, 1.0, 1.0, 0.0, 2.0, 3.0, 2.0, 0.0, 1.0, -1.0, -1.0, 3.0, 1.0, 1.0, 0.0, -1.0, 0.0, 1.0, 96818.0, 561.0, 99454.0
-1.0, 0.0, -1.0, 2.0, 2.0, 1.0, 1.0, -1.0, -1.0, 1.0, 0.0, -1.0, 0.0, 1.0, 0.0, 2.0, 1.0, 0.0, 0.0, -1.0, 2.0, 1.0, 2.0, 1.0, -1.0, 3.0, -1.0, 2.0, 2.0, 0.0, 1.0, 3.0, 2.0, 0.0, 1.0, 0.0, -1.0, 0.0, 3.0, -1.0, 3.0, -1.0, 1.0, -1.0, 2.0, 2.0, 0.0, -1.0, 2.0, 1.0, 97039.0, 511.0, 99533.0
-1.0, 3.0, 2.0, 3.0, 1.0, 0.0, 3.0, 3.0, 2.0, 1.0, 0.0, 3.0, 1.0, 0.0, 0.0, 2.0, 2.0, -1.0, 1.0, 2.0, 2.0, 1.0, 3.0, 0.0, 0.0, 1.0, 1.0, 0.0, 0.0, 3.0, 0.0, 3.0, 3.0, 3.0, -1.0, -1.0, 0.0, 2.0, 1.0, 0.0, 2.0, -1.0, -1.0, 2.0, 2.0, -1.0, 0.0, 1.0, 2.0, 2.0, 96687.0, 610.0, 99431.0
2.0, -1.0, 0.0, 1.0, 1.0, 0.0, 2.0, 2.0, 0.0, 1.0, 2.0, 0.0, 0.0, 1.0, 1.0, 3.0, 3.0, 1.0, 0.0, 0.0, 0.0, 0.0, 2.0, -1.0, 2.0, 2.0, -1.0, 2.0, 1.0, -1.0, 1.0, 2.0, 2.0, 1.0, 0.0, 0.0, 1.0, 0.0, -1.0, -1.0, 1.0, 3.0, 3.0, 2.0, 1.0, 1.0, 1.0, 2.0, -1.0, 0.0, 96335.0, 617.0, 99431.0
0.0, 1.0, -1.0, -1.0, 3.0, 2.0, 1.0, 1.0, 2.0, 0.0, 3.0, 0.0, -1.0, 0.0, 3.0, 1.0, 0.0, 0.0, 2.0, -1.0, 0.0, -1.0, 1.0, 1.0, 2.0, -1.0, 1.0, 1.0, -1.0, 0.0, 2.0, 0.0, 3.0, 3.0, 2.0, -1.0, 3.0, 0.0, -1.0, 1.0, 0.0, 2.0, -1.0, 1.0, 2.0, -1.0, 2.0, 2.0, 1.0, 3.0, 96882.0, 546.0, 99478.0
2.0, 3.0, 2.0, 3.0, 2.0, 2.0, -1.0, 1.0, 0.0, -1.0, 0.0, 2.0, 1.0, 1.0, -1.0, 1.0, 0.0, 0.0, 1.0, 3.0, 2.0, 2.0, 3.0, 2.0, 1.0, 0.0, 0.0, 0.0, 1.0, 2.0, 0.0, 3.0, 0.0, 1.0, 0.0, -1.0, 3.0, 1.0, -1.0, -1.0, 1.0, 3.0, -1.0, 2.0, 0.0, -1.0, 3.0, 3.0, 0.0, -1.0, 96766.0, 576.0, 99452.0
-1.0, 1.0, -1.0, 0.0, 1.0, 1.0, 2.0, 3.0, -1.0, -1.0, 3.0, 0.0, 1.0, 1.0, 0.0, 1.0, -1.0, 2.0, -1.0, 2.0, 1.0, 2.0, 1.0, -1.0, -1.0, 1.0, -1.0, 3.0, 3.0, -1.0, -1.0, 3.0, -1.0, 3.0, 0.0, -1.0, 1.0, 2.0, 3.0, 2.0, 2.0, -1.0, 0.0, 2.0, 2.0, 1.0, 0.0, 2.0, 2.0, 0.0, 97230.0, 502.0, 99528.0
1.0, 0.0, 1.0, 2.0, 0.0, 2.0, 1.0, 0.0, -1.0, 1.0, 0.0, 2.0, -1.0, 0.0, -1.0, 0.0, -1.0, 2.0, 0.0, 1.0, 1.0, -1.0, -1.0, 0.0, 2.0, -1.0, 2.0, 2.0, 0.0, 1.0, 0.0, 3.0, 2.0, -1.0, 2.0, 2.0, 1.0, 1.0, -1.0, 1.0, 0.0, 1.0, 0.0, 2.0, 2.0, 1.0, 0.0, 3.0, 3.0, 0.0, 96392.0, 565.0, 99455.0
-1.0, 1.0, -1.0, 0.0, 1.0, 2.0, 2.0, 3.0, -1.0, -1.0, 3.0, 0.0, 1.0, 1.0, 0.0, 1.0, 1.0, 1.0, -1.0, 2.0, 2.0, 2.0, 1.0, -1.0, -1.0, 3.0, -1.0, 3.0, 3.0, -1.0, -1.0, 3.0, -1.0, 3.0, 0.0, -1.0, 1.0, 2.0, 3.0, 2.0, 2.0, -1.0, -1.0, 2.0, 2.0, 1.0, 0.0, 2.0, 2.0, 0.0, 97281.0, 502.0, 99525.0
0.0, 1.0, -1.0, -1.0, 3.0, 2.0, 1.0, 1.0, 2.0, 0.0, 3.0, 0.0, -1.0, 0.0, 3.0, 1.0, 0.0, 0.0, 2.0, -1.0, 0.0, -1.0, 1.0, 1.0, 2.0, -1.0, 1.0, 1.0, -1.0, 0.0, 2.0, 0.0, 3.0, 3.0, 2.0, -1.0, 3.0, 0.0, -1.0, 1.0, 0.0, 2.0, -1.0, 1.0, 2.0, -1.0, 2.0, 2.0, 1.0, 3.0, 96882.0, 546.0, 99478.0
2.0, 2.0, 2.0, 2.0, 2.0, 2.0, 1.0, 1.0, 3.0, 1.0, 3.0, 2.0, 2.0, 0.0, 0.0, 1.0, 3.0, -1.0, 0.0, 3.0, 0.0, 0.0, 1.0, 0.0, -1.0, 1.0, 3.0, 0.0, 3.0, 1.0, 2.0, 1.0, 2.0, 1.0, 1.0, -1.0, -1.0, 3.0, 0.0, 1.0, 0.0, 0.0, 0.0, 1.0, 0.0, -1.0, 1.0, 2.0, 1.0, 0.0, 96396.0, 643.0, 99412.0
1.0, 0.0, 1.0, 2.0, -1.0, 2.0, 1.0, 0.0, -1.0, 1.0, 0.0, -1.0, -1.0, 0.0, -1.0, 0.0, -1.0, 2.0, 0.0, 1.0, 1.0, -1.0, -1.0, 0.0, 2.0, -1.0, 2.0, 2.0, 0.0, 1.0, 0.0, 3.0, 2.0, -1.0, 2.0, 2.0, 1.0, 1.0, -1.0, 1.0, 0.0, 1.0, 0.0, 2.0, 2.0, 1.0, 0.0, 3.0, 3.0, 0.0, 96578.0, 535.0, 99480.0
2.0, -1.0, 0.0, 1.0, 1.0, 0.0, 2.0, 2.0, 0.0, 1.0, 2.0, 0.0, 0.0, 0.0, 1.0, 3.0, 3.0, 1.0, 2.0, -1.0, 0.0, 0.0, 2.0, -1.0, 2.0, 2.0, 3.0, 2.0, 1.0, -1.0, 0.0, 2.0, 2.0, 1.0, 0.0, -1.0, 1.0, 0.0, -1.0, -1.0, 1.0, 3.0, 3.0, 2.0, 1.0, 1.0, 1.0, 2.0, -1.0, 0.0, 96405.0, 603.0, 99436.0
1.0, -1.0, 0.0, 3.0, 2.0, 2.0, 3.0, 2.0, -1.0, 1.0, 3.0, 0.0, 3.0, 0.0, -1.0, 1.0, 3.0, 1.0, 0.0, 0.0, 3.0, -1.0, -1.0, 0.0, -1.0, 1.0, 0.0, 3.0, 2.0, 0.0, 1.0, 2.0, 0.0, 1.0, 1.0, 0.0, 2.0, 3.0, 2.0, 0.0, 1.0, -1.0, -1.0, 3.0, 1.0, 1.0, 0.0, -1.0, 0.0, 1.0, 96818.0, 561.0, 99454.0
1.0, 1.0, 0.0, 1.0, 1.0, -1.0, 2.0, 1.0, -1.0, 1.0, 0.0, -1.0, -1.0, 2.0, 1.0, -1.0, 2.0, 1.0, 2.0, 0.0, 3.0, -1.0, 1.0, 3.0, 1.0, -1.0, -1.0, 0.0, 2.0, 0.0, 3.0, 2.0, 2.0, -1.0, 2.0, -1.0, 2.0, 3.0, 0.0, 0.0, 2.0, 0.0, 3.0, 1.0, 1.0, 1.0, 3.0, 0.0, 3.0, 0.0, 96691.0, 547.0, 99466.0
1.0, 0.0, 1.0, 2.0, -1.0, 2.0, 1.0, 0.0, 1.0, 1.0, 0.0, 2.0, -1.0, 0.0, -1.0, 0.0, -1.0, 2.0, 0.0, 1.0, 1.0, -1.0, -1.0, 0.0, 2.0, 1.0, 2.0, 2.0, 0.0, 1.0, 0.0, 3.0, 2.0, -1.0, 2.0, 2.0, 1.0, 1.0, -1.0, 1.0, 0.0, 1.0, 0.0, 2.0, 2.0, 1.0, 0.0, 3.0, 3.0, 0.0, 96383.0, 584.0, 99447.0
3.0, 1.0, 1.0, 2.0, 0.0, 3.0, 1.0, 1.0, 2.0, 1.0, 0.0, 2.0, -1.0, -1.0, 3.0, 3.0, 1.0, 1.0, 1.0, 2.0, 2.0, 2.0, 0.0, 1.0, 0.0, -1.0, 3.0, 0.0, 0.0, 3.0, 3.0, 2.0, 0.0, 3.0, 0.0, -1.0, 2.0, 2.0, 0.0, 1.0, 3.0, 1.0, -1.0, 3.0, 0.0, 3.0, 2.0, 2.0, -1.0, 2.0, 96633.0, 620.0, 99412.0
1.0, 1.0, 0.0, 1.0, 1.0, -1.0, 2.0, 3.0, -1.0, 1.0, 0.0, -1.0, -1.0, 2.0, 1.0, -1.0, 2.0, 1.0, 2.0, 0.0, 3.0, -1.0, 1.0, 3.0, 1.0, -1.0, 3.0, 0.0, 2.0, 0.0, 3.0, 2.0, 2.0, -1.0, 2.0, 0.0, 2.0, 1.0, 0.0, 2.0, 2.0, 0.0, 3.0, 1.0, 1.0, 3.0, 3.0, 0.0, 3.0, 0.0, 96741.0, 583.0, 99446.0
0.0, 1.0, -1.0, -1.0, 3.0, 2.0, 1.0, 1.0, 2.0, 0.0, 3.0, 0.0, -1.0, 0.0, 3.0, 1.0, 1.0, 0.0, 2.0, -1.0, 0.0, -1.0, 1.0, 1.0, 2.0, -1.0, 1.0, 1.0, 0.0, 0.0, 2.0, 0.0, 3.0, 3.0, 2.0, -1.0, 3.0, 0.0, -1.0, 1.0, 0.0, 2.0, -1.0, 1.0, 2.0, -1.0, 2.0, 2.0, 1.0, 3.0, 96780.0, 558.0, 99464.0
3.0, 1.0, 1.0, 2.0, 0.0, 3.0, 1.0, 1.0, 1.0, 1.0, 0.0, 2.0, -1.0, -1.0, 3.0, 3.0, 0.0, 1.0, 1.0, 2.0, 2.0, 2.0, 0.0, 1.0, 0.0, 1.0, 3.0, 0.0, -1.0, 3.0, 3.0, 2.0, 0.0, 3.0, 0.0, -1.0, 2.0, 2.0, 0.0, 1.0, 3.0, 1.0, -1.0, 3.0, 0.0, 3.0, 2.0, 2.0, -1.0, 2.0, 96627.0, 626.0, 99414.0
1.0, 3.0, 1.0, -1.0, 1.0, 0.0, 3.0, 1.0, 3.0, 0.0, 3.0, 2.0, 0.0, 2.0, 1.0, -1.0, 0.0, 1.0, 2.0, 2.0, 0.0, 2.0, 0.0, 2.0, 1.0, -1.0, 3.0, 2.0, 1.0, 1.0, -1.0, 2.0, 1.0, 2.0, 0.0, -1.0, 3.0, -1.0, -1.0, 1.0, 3.0, 0.0, -1.0, 1.0, 2.0, 2.0, 0.0, -1.0, -1.0, 3.0, 96868.0, 566.0, 99448.0
2.0, -1.0, 0.0, 1.0, 1.0, 0.0, 2.0, 2.0, 0.0, 1.0, 2.0, 0.0, 0.0, 0.0, 1.0, 3.0, 3.0, 1.0, 2.0, -1.0, 0.0, 0.0, 2.0, -1.0, 2.0, 2.0, 3.0, 2.0, 1.0, -1.0, 0.0, 2.0, 2.0, 1.0, 0.0, 0.0, 1.0, 0.0, -1.0, -1.0, 1.0, 3.0, 3.0, 2.0, 1.0, 1.0, 1.0, 2.0, -1.0, 0.0, 96392.0, 621.0, 99430.0
3.0, 1.0, 1.0, 2.0, 0.0, 3.0, 1.0, 1.0, 1.0, 1.0, 0.0, 2.0, 0.0, -1.0, 3.0, 3.0, 1.0, 1.0, 1.0, 2.0, 2.0, 2.0, 0.0, 1.0, 0.0, 1.0, 3.0, 0.0, 0.0, 3.0, 3.0, 2.0, 0.0, 3.0, 0.0, 0.0, 2.0, 2.0, 0.0, 1.0, 3.0, 1.0, -1.0, 3.0, 0.0, 3.0, 2.0, 2.0, -1.0, 2.0, 96364.0, 672.0, 99383.0
-1.0, 1.0, -1.0, 0.0, 1.0, 2.0, 2.0, 3.0, -1.0, -1.0, 3.0, 0.0, 1.0, 1.0, 0.0, 1.0, -1.0, 2.0, -1.0, 2.0, 1.0, 2.0, 1.0, -1.0, -1.0, 1.0, -1.0, 3.0, 3.0, -1.0, -1.0, 3.0, -1.0, 3.0, 0.0, -1.0, 1.0, 2.0, 3.0, 2.0, 2.0, -1.0, 0.0, 2.0, 2.0, 1.0, 0.0, 2.0, 2.0, 0.0, 97247.0, 502.0, 99528.0
1.0, 3.0, 1.0, -1.0, 2.0, 0.0, 3.0, 1.0, 3.0, 0.0, 3.0, 2.0, 0.0, 2.0, 1.0, -1.0, 0.0, 1.0, 2.0, 2.0, 0.0, 2.0, 0.0, 2.0, 1.0, -1.0, 3.0, 2.0, 1.0, 1.0, -1.0, 2.0, 1.0, 2.0, 0.0, -1.0, 3.0, -1.0, 1.0, 1.0, 3.0, 0.0, -1.0, 1.0, 2.0, 2.0, 0.0, -1.0, -1.0, 3.0, 96836.0, 582.0, 99441.0
0.0, 2.0, 0.0, -1.0, 1.0, 2.0, 2.0, 3.0, 1.0, 1.0, 1.0, 2.0, 3.0, 0.0, 3.0, 1.0, 0.0, 3.0, 1.0, -1.0, 1.0, 0.0, -1.0, 2.0, 0.0, 1.0, 3.0, 2.0, 2.0, 1.0, -1.0, 0.0, 1.0, 3.0, 1.0, 0.0, 3.0, 1.0, -1.0, 2.0, 0.0, 2.0, 0.0, 1.0, 2.0, 0.0, 0.0, 3.0, 3.0, 2.0, 96422.0, 649.0, 99402.0
2.0, -1.0, 0.0, 1.0, 1.0, 0.0, 2.0, 2.0, 0.0, 1.0, 2.0, 0.0, 0.0, 1.0, 1.0, 3.0, 3.0, 1.0, 2.0, 0.0, 0.0, 0.0, 2.0, -1.0, 2.0, 2.0, -1.0, 2.0, 1.0, -1.0, 1.0, 2.0, 2.0, 1.0, 0.0, 0.0, 1.0, 0.0, -1.0, -1.0, 1.0, 3.0, 3.0, 2.0, 1.0, 1.0, 1.0, 2.0, -1.0, 0.0, 96395.0, 617.0, 99431.0
2.0, -1.0, 0.0, 1.0, 1.0, 0.0, 2.0, 2.0, 0.0, 1.0, 2.0, 0.0, 0.0, 1.0, 1.0, 3.0, 3.0, 1.0, 2.0, 0.0, 0.0, 0.0, 2.0, -1.0, 2.0, 2.0, -1.0, 2.0, 1.0, -1.0, 1.0, 2.0, 2.0, 1.0, 0.0, 0.0, 1.0, 0.0, -1.0, -1.0, 1.0, 3.0, 3.0, 2.0, 1.0, 1.0, 1.0, 2.0, -1.0, 0.0, 96395.0, 617.0, 99431.0
-1.0, 2.0, 3.0, -1.0, 3.0, 0.0, 1.0, 3.0, 0.0, 2.0, 0.0, 2.0, 0.0, 1.0, 3.0, 1.0, 2.0, 0.0, 0.0, 3.0, 2.0, 0.0, 2.0, 1.0, 1.0, 3.0, 1.0, 0.0, 1.0, 3.0, 3.0, 2.0, -1.0, 0.0, 2.0, 3.0, 1.0, 0.0, -1.0, 0.0, 0.0, 2.0, 2.0, 0.0, 2.0, 1.0, 1.0, 3.0, 0.0, 1.0, 96453.0, 653.0, 99403.0
3.0, 2.0, 2.0, 2.0, 2.0, 0.0, 1.0, 2.0, -1.0, 2.0, 0.0, 2.0, 0.0, 0.0, 1.0, 1.0, 2.0, 1.0, 3.0, 3.0, 0.0, 1.0, 0.0, 1.0, -1.0, 1.0, 0.0, 1.0, 3.0, 3.0, 0.0, 1.0, 0.0, 0.0, 0.0, 0.0, 1.0, 2.0, 1.0, 2.0, -1.0, -1.0, 2.0, 1.0, 0.0, 1.0, 3.0, 2.0, 3.0, -1.0, 96484.0, 630.0, 99419.0
