0.299713385831, 0.831369104223, 91.7618057722, 0.459703313893, 45.412375062, 4.0996840811, 0.623752753256, 3.40665915685, 9.85226260569, 2087.89381691, 0.131799205308, 0.387096774194
0.596635292948, 1.25912179367, 87.956557619, 0.449486392174, 62.0472423457, 22.1653310325, 0.280701511537, 1.71584654344, 1.19813660535, 10812.8677043, 0.0, 0.25
0.652177321297, 1.1050970627, 82.7695579314, 0.699132256902, 12.4794470995, 1.44782147172, 0.259882075207, 2.53076689538, 11.2124821185, 7288.20112915, 0.0223516123491, 0.0
0.53632862077, 0.873742027361, 88.1711157293, 0.609996637978, 41.2812751915, 3.2176680206, 0.605115716506, 1.09061159852, 1.48632102711, 2154.98994643, 0.0301605748397, 0.0
0.540094261726, 0.891952664458, 81.3827566457, 0.581303806806, 27.666960594, 12.8452555262, 0.500121858331, 4.0745621116, 1.97067272788, 1410.70973905, 0.159142745817, 0.529411764706
0.540094261726, 0.891952664458, 88.1711157293, 0.581303806806, 27.666960594, 12.8452555262, 0.500121858331, 4.0745621116, 1.97067272788, 4114.69288084, 0.0, 0.333333333333
0.184102209671, 0.896010159044, 84.0362409454, 0.47675568435, 59.2530682829, 10.6071273584, 0.393773125011, 2.83816079481, 1.83437194654, 1895.37152979, 0.0994986052688, 0.428571428571
0.184102209671, 0.86377148351, 80.6519192514, 0.449776612437, 59.2530682829, 21.1153194687, 0.393773125011, 2.83816079481, 7.50848381589, 1686.04319457, 0.320754560335, 0.125
0.683706238358, 0.823218063264, 84.7303463793, 0.45730413981, 92.2217147465, 17.7152575074, 0.097470315543, 2.51660499756, 1.05291669695, 1395.76600572, 0.413108181528, 0.0
0.853242425837, 0.820352962469, 89.1567226819, 0.687889455083, 77.1766584921, 6.44046241126, 0.295285411126, 0.309723099393, 10.0626384805, 1913.96434113, 0.360032839318, 0.0
0.416944103769, 0.896010159044, 80.9248978768, 0.5650861535, 21.5139939264, 5.61954891818, 0.955953639989, 1.18013312347, 3.59593478448, 1744.9524801, 0.246179032035, 0.7
0.437552510532, 0.86377148351, 80.6519192514, 0.649480627726, 51.4497907754, 47.9186351716, 0.996886744442, 3.91979229994, 7.50848381589, 1668.03727997, 0.608977945191, 0.25
0.53632862077, 0.873742027361, 81.3827566457, 0.646431553786, 41.2812751915, 3.2176680206, 0.605115716506, 1.09061159852, 1.48632102711, 2055.74321848, 0.212493410124, 0.547619047619
0.683706238358, 0.823218063264, 84.7303463793, 0.566621281573, 92.2217147465, 17.7152575074, 0.690786736703, 2.51660499756, 1.05291669695, 1753.18645952, 0.414825386448, 0.166666666667
0.577534964158, 0.883917977484, 89.2397526533, 0.614639775243, 87.572242113, 31.7715793632, 0.10097854445, 4.56407093608, 9.8966924076, 1688.73532173, 0.574158666062, 0.266666666667
0.299713385831, 0.823218063264, 84.7303463793, 0.566621281573, 92.2217147465, 25.220397048, 0.690786736703, 3.40665915685, 1.03170155675, 2073.57020293, 0.370277894668, 0.25
0.776165166286, 0.836954711973, 88.3831540813, 0.502334695483, 74.28865621, 48.8236940216, 0.326424771594, 1.78107606163, 6.10162393473, 1879.59958999, 0.427920677317, 0.375
0.850225923917, 0.872752662239, 80.9206838958, 0.578679815779, 0.766696981007, 33.6030155994, 0.700811511365, 0.201616347878, 2.62730491586, 1779.50777485, 0.515884834809, 0.1875
0.664374869861, 0.892065426164, 80.5959442409, 0.675979109672, 91.2951684394, 29.7995140332, 0.287831842589, 4.81059611159, 6.10162393473, 1768.73991838, 0.435127630624, 0.190476190476
0.778199449556, 0.820352962469, 89.1567226819, 0.644195241177, 77.1766584921, 6.44046241126, 0.295285411126, 2.62623102634, 10.0626384805, 2193.74650395, 0.30516130566, 0.176470588235
0.437552510532, 0.896010159044, 84.0362409454, 0.558968696392, 51.4497907754, 47.9186351716, 0.996886744442, 1.930831013, 1.83437194654, 1852.04875197, 0.483523968807, 0.642857142857
0.184102209671, 0.86377148351, 80.6519192514, 0.47675568435, 59.2530682829, 10.6071273584, 0.393773125011, 2.83816079481, 7.50848381589, 2516.13501276, 0.0658344982365, 0.272727272727
0.184102209671, 0.86377148351, 80.6519192514, 0.655445912093, 59.2530682829, 21.1153194687, 0.393773125011, 2.83816079481, 7.50848381589, 2525.34464489, 0.258601807801, 0.136363636364
0.192873641886, 1.05083818737, 82.4105576549, 0.671307352102, 84.0895655933, 2.71380667987, 0.942807392695, 0.0615537614154, 18.5113427414, 5295.35555231, 0.0306946222674, 0.0
0.778199449556, 0.820352962469, 89.1567226819, 0.653772264717, 77.1766584921, 6.44046241126, 0.212357556451, 2.62623102634, 10.0626384805, 2727.2980252, 0.153914721884, 0.0
0.23015176905, 0.891225847126, 83.3768635247, 0.671307352102, 68.3610544677, 4.07406977515, 0.0472917696695, 0.0615537614154, 8.09183249432, 2779.92713085, 0.0458929718721, 0.2
0.218329051659, 1.05083818737, 82.4105576549, 0.694382200891, 84.0895655933, 2.71380667987, 0.942807392695, 1.65504945727, 18.5113427414, 4717.71944381, 0.0508941523309, 0.181818181818
0.432239787379, 1.03814775354, 88.92637381, 0.605950590168, 6.51130197583, 6.17414175699, 0.220016910843, 1.45220158395, 4.42103086291, 4052.50206621, 0.0360508023514, 0.25
0.147593182774, 0.903206303336, 80.9206838958, 0.453118134208, 81.5411994198, 3.2176680206, 1.95109544242, 1.03930959458, 2.62730491586, 3457.69478193, 0.0381132721825, 0.3
0.844771468658, 0.90491229748, 93.5798656988, 0.690420252852, 71.0057864141, 1.34446361796, 1.2966501926, 3.44623092935, 4.58172810093, 3864.06937766, 0.0651447136918, 0.166666666667
0.619144936574, 0.820909481071, 86.2760731365, 0.454831639161, 6.00562445467, 4.67816577167, 1.30330878828, 0.755451595605, 9.3655919397, 3311.87838235, 0.141991212812, 0.19298245614
0.109703909413, 0.916225615355, 86.6499470137, 0.652607708015, 27.0551011581, 13.6600590453, 1.53866803443, 0.309723099393, 11.0259400842, 4308.07991567, 0.0546163757215, 0.0
0.577534964158, 0.883917977484, 93.0883930722, 0.653772264717, 87.572242113, 31.7715793632, 0.10097854445, 4.56407093608, 9.8966924076, 2665.88016793, 0.387527462252, 0.0
0.652177321297, 1.1050970627, 80.1655425796, 0.699132256902, 12.4794470995, 1.44782147172, 0.259882075207, 2.53076689538, 11.2124821185, 7193.48832517, 0.0331961099629, 0.0
0.683706238358, 0.831369104223, 91.7618057722, 0.459703313893, 45.412375062, 1.85497970738, 0.623752753256, 0.250426794151, 9.85226260569, 2529.16053223, 0.148593454034, 0.333333333333
0.156234490193, 1.05216276441, 92.4253512852, 0.429902311047, 37.6910718687, 25.238786576, 0.841679148193, 1.4328644616, 5.16638849132, 4743.00594471, 0.151090346139, 0.0
0.432239787379, 1.03814775354, 88.92637381, 0.605950590168, 6.51130197583, 3.85674162019, 0.220016910843, 1.45220158395, 4.42103086291, 4823.52605141, 0.0720934262305, 0.0526315789474
0.156234490193, 1.05216276441, 92.4253512852, 0.429902311047, 42.2006557144, 25.238786576, 0.841679148193, 1.4328644616, 10.659230321, 5175.32616039, 0.0959813324266, 0.0
0.423051494333, 0.83045849452, 92.0568709956, 0.437621094774, 61.8269896726, 35.7807204452, 0.132644138838, 3.89185681265, 3.82273482344, 2061.26132438, 0.48979201403, 0.428571428571
0.571435393826, 1.09672531451, 83.5819469766, 0.475638594459, 91.6485691564, 1.18888578553, 1.61018112003, 1.22559732506, 18.1707685893, 15593.2273599, 0.0315668119917, 0.0
0.812006374146, 0.83045849452, 92.0568709956, 0.437621094774, 23.3699906975, 33.3876284296, 0.132644138838, 3.89185681265, 3.82273482344, 2556.1874852, 0.332587989384, 0.166666666667
0.683706238358, 0.823218063264, 84.7303463793, 0.566621281573, 92.2217147465, 17.7152575074, 0.097470315543, 2.51660499756, 1.05291669695, 2308.88395338, 0.208133164796, 0.647058823529
0.776165166286, 0.836954711973, 88.6896883686, 0.502334695483, 74.28865621, 48.8236940216, 0.326424771594, 1.78107606163, 12.7439388049, 2661.97161893, 0.565012998288, 0.0
0.577534964158, 0.883917977484, 93.700359364, 0.653772264717, 87.572242113, 31.7715793632, 0.10097854445, 4.56407093608, 9.8966924076, 3014.17449899, 0.32472521455, 0.0
0.261384988662, 0.824730329593, 88.0301751936, 0.408905811198, 90.2348017723, 18.0552360552, 1.33837591539, 3.1722273412, 8.99249080424, 3498.33060069, 0.237710504594, 0.102564102564
0.664374869861, 0.892065426164, 89.8914050189, 0.573167184815, 91.2951684394, 5.97048627486, 0.287831842589, 4.81059611159, 6.10162393473, 3185.11736174, 0.19779584408, 0.137931034483
0.261384988662, 0.824730329593, 88.0301751936, 0.408905811198, 90.2348017723, 18.0552360552, 1.33837591539, 3.1722273412, 8.99249080424, 3595.47117817, 0.254306642147, 0.0769230769231
0.168382517254, 0.882235246256, 80.5614429927, 0.416324187939, 60.0050686524, 44.0982812792, 1.41868909107, 0.755451595605, 19.5909005999, 3646.27330136, 0.231205148373, 0.0
0.620708871438, 1.16190863164, 91.7918637484, 0.609987541662, 99.9105148655, 24.2307143627, 0.697681844954, 1.45186663486, 3.69805003086, 10195.0127658, 0.0450277626931, 0.0
0.109703909413, 1.15700826995, 86.6499470137, 0.6826315072, 27.0551011581, 8.38363504452, 1.53866803443, 2.62623102634, 11.0259400842, 16932.4125077, 0.034573407904, 0.0
0.844771468658, 0.830106404892, 89.561301062, 0.668638779487, 81.617722598, 1.34446361796, 1.23106234244, 4.90978237526, 17.5539724879, 3455.52946189, 0.121019629392, 0.328125
0.15735835252, 0.90491229748, 93.5798656988, 0.69565130868, 71.0057864141, 9.2026300852, 1.2966501926, 3.86343201364, 4.58172810093, 5714.33145403, 0.0683403030133, 0.08
0.581802389496, 0.896136828781, 87.7977675881, 0.449776612437, 92.8893983686, 19.1794970179, 0.223458578075, 0.578168344636, 13.535168313, 4133.11563576, 0.253176442184, 0.0
0.664374869861, 0.892065426164, 89.8914050189, 0.675979109672, 91.2951684394, 5.97048627486, 0.287831842589, 4.81059611159, 6.10162393473, 3837.75056109, 0.216300612643, 0.153846153846
0.619144936574, 0.820909481071, 86.2760731365, 0.454831639161, 6.00562445467, 5.24859248882, 1.30330878828, 3.61371643971, 9.3655919397, 3373.97023987, 0.208694850753, 0.166666666667
0.540094261726, 0.891952664458, 81.3827566457, 0.567152373429, 27.666960594, 12.8452555262, 0.500121858331, 4.0745621116, 1.97067272788, 3017.83777959, 0.244197489529, 0.227272727273
0.53632862077, 0.873742027361, 88.1711157293, 0.609996637978, 41.2812751915, 3.2176680206, 0.605115716506, 1.09061159852, 15.8805434383, 3253.05544579, 0.131370206245, 0.533333333333
0.571435393826, 1.13706092318, 83.5819469766, 0.475638594459, 91.6485691564, 1.18888578553, 1.61018112003, 1.22559732506, 18.1707685893, 11373.207084, 0.044259256483, 0.25
0.432239787379, 1.03814775354, 88.92637381, 0.605950590168, 6.51130197583, 3.85674162019, 0.220016910843, 1.45220158395, 4.42103086291, 5955.82984682, 0.122863849806, 0.0
0.147593182774, 0.903206303336, 88.7666445478, 0.453118134208, 81.5411994198, 9.62569794562, 0.874317438855, 1.6659843642, 18.8403785384, 4268.42392716, 0.0505233674599, 0.538461538462
0.812006374146, 0.984417584024, 80.5959442409, 0.425267591835, 23.3699906975, 29.7995140332, 0.958820547459, 3.85671954531, 13.6443679686, 3329.59405543, 0.371106085499, 0.1
0.286498638577, 0.945521413085, 83.1601237165, 0.635875326892, 76.0848033858, 24.0648032683, 0.498411473106, 1.62245631728, 7.56960843409, 3440.83048083, 0.366900612821, 0.0
0.269372918562, 1.04291885417, 87.4041550781, 0.479229155296, 99.7198020431, 12.5051977804, 0.507117676012, 0.264823562185, 13.9868761336, 6824.73363668, 0.123023196108, 0.0
0.850225923917, 0.872752662239, 88.7666445478, 0.578679815779, 0.766696981007, 33.6030155994, 0.700811511365, 0.201616347878, 18.8403785384, 3289.23258889, 0.19999401318, 0.25
0.305127159755, 0.926818443424, 85.4264968564, 0.693689407899, 70.4229449236, 15.2018142294, 1.20852710706, 2.47942798729, 10.7079829556, 5927.2421189, 0.151726490484, 0.0
0.581802389496, 0.896136828781, 87.7977675881, 0.449776612437, 92.8893983686, 19.1794970179, 0.932382895485, 3.89205302089, 13.535168313, 2856.11207732, 0.473502841953, 0.025641025641
0.577534964158, 0.883917977484, 93.700359364, 0.653772264717, 87.572242113, 31.7715793632, 0.10097854445, 4.56407093608, 9.8966924076, 3312.19482599, 0.404399065592, 0.0
0.850225923917, 0.872752662239, 87.7977675881, 0.578679815779, 99.9105148655, 31.381346779, 0.715422135756, 0.201616347878, 18.8403785384, 2443.40816359, 0.715833356319, 0.2
0.111771369469, 1.23605485723, 83.0486667292, 0.690322760325, 0.6337328389, 19.267824703, 1.08302037832, 4.69672956973, 11.6662175983, 17769.8741296, 0.0687250746711, 0.0
0.850225923917, 0.872752662239, 87.9730902307, 0.578679815779, 99.9105148655, 33.6030155994, 0.700811511365, 0.201616347878, 18.8403785384, 2804.93399197, 0.645479790187, 0.0
0.798568045641, 0.938121610896, 93.9723095332, 0.689127599712, 27.8858451611, 11.2223004453, 0.259882075207, 1.25056646091, 11.2124821185, 3650.40817357, 0.364394391561, 0.0
0.147593182774, 0.903206303336, 80.9206838958, 0.453118134208, 81.5411994198, 9.62569794562, 1.95109544242, 1.03930959458, 2.62730491586, 4037.93390752, 0.125140236617, 0.4
0.432239787379, 0.90491229748, 88.92637381, 0.605950590168, 6.51130197583, 3.85674162019, 0.220016910843, 1.45220158395, 4.42103086291, 2874.86597998, 0.150592129499, 0.625
0.119271406872, 0.852768283453, 81.572449911, 0.46023182355, 60.0050686524, 49.4210785758, 1.4736303916, 3.61371643971, 19.5909005999, 4442.46809108, 0.257154519002, 0.0
0.261384988662, 0.824730329593, 88.0301751936, 0.408905811198, 90.2348017723, 18.0552360552, 1.33837591539, 3.1722273412, 8.99249080424, 3196.7503765, 0.264189862621, 0.222222222222
0.218329051659, 1.04428709899, 83.3768635247, 0.694382200891, 68.3610544677, 4.07406977515, 0.0638422857219, 1.65504945727, 8.09183249432, 4768.82352148, 0.0974613832861, 0.263157894737
0.844771468658, 0.830106404892, 89.561301062, 0.690420252852, 81.617722598, 1.34446361796, 1.23106234244, 2.21313780327, 17.5539724879, 4227.64137032, 0.0972815366068, 0.528571428571
0.147593182774, 0.903206303336, 80.9206838958, 0.453118134208, 81.5411994198, 9.62569794562, 1.95109544242, 1.03930959458, 2.62730491586, 4355.84578415, 0.105213956831, 0.283018867925
0.218329051659, 1.00845092124, 83.3768635247, 0.694382200891, 68.3610544677, 4.07406977515, 0.0638422857219, 1.65504945727, 8.09183249432, 5051.64329207, 0.0570255322338, 0.588235294118
0.297673536794, 1.09147748135, 80.9889128216, 0.420828646539, 6.48650827414, 9.20642257626, 0.725191784875, 3.16576897717, 13.5516244087, 7861.65623407, 0.1235936026, 0.0
0.180007805483, 1.22675384773, 80.9499980857, 0.654176490094, 33.7805699653, 15.6431593779, 1.19035991577, 3.35198980172, 6.16391558546, 25041.4256032, 0.0703730211752, 0.166666666667
0.619144936574, 0.820909481071, 86.2760731365, 0.454831639161, 6.00562445467, 5.24859248882, 1.30330878828, 0.755451595605, 9.3655919397, 2992.92823809, 0.260783362047, 0.337209302326
0.352418685253, 0.956238068061, 85.9492507336, 0.532469370036, 54.1686862607, 34.1141101945, 0.0783824349917, 1.51616463111, 1.48436385584, 3855.2940802, 0.393139352236, 0.0
0.356189088393, 1.00939045908, 87.5512821313, 0.592741433872, 41.4637861617, 45.5442716835, 0.097470315543, 2.93521594695, 3.58440700743, 3597.11438077, 0.604490578571, 0.0
0.230937013539, 0.973972368997, 86.6058046539, 0.671783330012, 1.66994426381, 28.4897764631, 1.3493801365, 2.47566533744, 14.012256727, 5620.36922266, 0.176494538562, 0.0
0.423051494333, 0.83045849452, 92.0568709956, 0.437621094774, 61.8269896726, 33.3876284296, 0.132644138838, 3.89185681265, 3.82273482344, 2392.32931307, 0.453662919145, 0.464285714286
0.109703909413, 1.15700826995, 81.5820265968, 0.6826315072, 18.630320126, 8.38363504452, 1.53866803443, 2.62623102634, 11.0259400842, 13468.6460392, 0.0835633679631, 0.171875
0.616005659365, 0.821255280137, 85.0472436872, 0.433213082985, 51.816573183, 22.2512866695, 0.373684741857, 2.83994314969, 12.7789952083, 2374.19983003, 0.490277074999, 0.466666666667
0.812006374146, 0.83045849452, 92.0568709956, 0.437621094774, 23.3699906975, 33.3876284296, 0.132644138838, 3.89185681265, 3.82273482344, 2719.62005168, 0.545567194917, 0.222222222222
0.789986235786, 0.853712256665, 81.4666201236, 0.597702129155, 63.3095643339, 35.7807204452, 0.994638570899, 2.70308821667, 15.7547405575, 2392.09006616, 0.534201927077, 0.461538461538
0.288892093225, 1.22435723586, 87.0509835395, 0.646549776615, 64.5745918389, 4.0996840811, 0.960548738521, 2.43222215017, 9.85226260569, 15689.6555385, 0.122209709142, 0.125
0.299713385831, 0.831369104223, 91.7618057722, 0.459703313893, 45.412375062, 26.4673095843, 0.623752753256, 1.16548378084, 12.0775331811, 2601.53534346, 0.364390694266, 0.388888888889
0.664374869861, 0.892065426164, 88.3579431352, 0.573167184815, 91.2951684394, 5.97048627486, 0.287831842589, 4.81059611159, 12.7439388049, 2928.89996113, 0.249463938121, 0.466666666667
0.119271406872, 0.852768283453, 81.572449911, 0.46023182355, 60.0050686524, 49.8164529645, 1.4736303916, 3.61371643971, 19.5909005999, 4152.33449344, 0.285032472332, 0.157894736842
0.323146621357, 0.914002032604, 85.0025338617, 0.489365010432, 97.3613869189, 11.6426613651, 1.42714687677, 4.03688002504, 14.21224549, 5032.69570253, 0.207222601148, 0.171428571429
0.416944103769, 0.896010159044, 80.9248978768, 0.488445308903, 95.8440652896, 5.61954891818, 0.955953639989, 1.18013312347, 3.59593478448, 3073.52697437, 0.201825456224, 0.606060606061
0.15735835252, 0.830106404892, 89.561301062, 0.69565130868, 81.617722598, 10.4411432066, 1.23106234244, 2.21313780327, 17.5539724879, 4343.32364231, 0.149455940077, 0.3
0.286498638577, 0.945521413085, 83.1601237165, 0.548456318052, 98.6813236573, 24.0648032683, 0.498411473106, 3.34785087116, 7.56960843409, 3584.60554758, 0.206255736486, 0.32
0.323146621357, 0.914002032604, 85.0025338617, 0.489365010432, 97.3613869189, 11.6426613651, 1.42714687677, 4.03688002504, 14.21224549, 5689.00136955, 0.186798396323, 0.152173913043
0.323146621357, 0.914002032604, 85.0025338617, 0.690322760325, 97.3613869189, 11.6426613651, 1.42714687677, 2.69716294105, 15.6501449628, 6269.33920136, 0.183185587132, 0.0
