1.0, 1.0, 0.0, 3.0, -1.0, 1.0, 2.0, 0.0, -1.0, 0.0, 0.0, 1.0, 2.0, 2.0, 3.0, 3.0, -1.0, 3.0, 2.0, 0.0, 2.0, 3.0, 3.0, 3.0, 1.0, -1.0, 1.0, 0.0, 2.0, 1.0, 1.0, 2.0, 3.0, 0.0, 1.0, 2.0, 1.0, 3.0, 2.0, 0.0, 0.0, -1.0, -1.0, -1.0, 0.0, 1.0, 0.0, 2.0, 0.0, 3.0, 93937.0, 634, 99491.0
0.0, 0.0, 3.0, 3.0, -1.0, 2.0, 3.0, 3.0, 1.0, 1.0, 0.0, -1.0, 1.0, 2.0, -1.0, 3.0, 1.0, -1.0, 0.0, 2.0, 2.0, 0.0, -1.0, 2.0, 0.0, 1.0, 0.0, 1.0, 1.0, -1.0, 1.0, 2.0, 0.0, 3.0, 1.0, 0.0, 3.0, -1.0, -1.0, 1.0, 3.0, 2.0, 2.0, 1.0, 2.0, 0.0, 1.0, 2.0, -1.0, -1.0, 95019.0, 580, 99556.0
0.0, 0.0, -0.989361265962, 0.999578906257, 1.9403942283, 2.0, 0.0, 0.980222171586, -1.0, -1.0, 1.01164519097, 3.0, 1.0, 2.93265820668, 0.0, -0.957186531056, 1.99478508013, -1.0, 2.0, 0.993781968673, 1.99868660801, 2.98176684791, 1.01437192678, 2.0, 0.921881273897, -1.0, 2.9146799537, 3.0, 3.0, 2.9735727516, -0.00822811408305, -0.0439713547425, 0.00713645613076, -0.992655380539, -0.976711001286, -0.00618850044994, 1.01944161635, 0.994123033696, 2.96971633263, 2.0, 2.0, -0.945132891388, 2.0, 1.95571447914, -0.951254427517, -1.0, 0.0129192743735, 2.07792833636, 1.0, 0.0135548327938, 94786.0, 582, 99550.0
0.0, -0.998920599405, 0.0157761938393, 1.0, 2.0, 2.0, 0.0, 0.965221458029, -1.0, -1.0, 1.0, 2.96630105083, 0.969698536742, 2.93265820668, 0.0, 2.0, 2.90077066482, 2.92573572679, 2.0, 0.993736665331, 2.00849289375, 1.00944652451, 0.997253830751, 2.0, 1.0, -1.0, 0.0281913619607, 3.0, 3.0, 2.99869065893, 3.0, -0.998715468355, 0.0, -1.0, -0.0241924532826, -1.0, 1.0, 3.0, 2.0, 2.0, -0.0145067364013, -0.945132891388, 2.0, -0.975638379457, -0.935311015957, -1.0, 2.73217565251, 0.10363436984, 1.01099188678, 0.00381086900214, 94646.0, 581, 99542.0
-0.726306896133, 1.0, -0.0342323332776, 1.02158136881, 2.0, 0.0155288828216, -0.00875840795993, 3.0, 3.0, 2.02752715552, 1.01113203593, 1.0, -0.965087995769, 0.0, 0.0, 1.0, 0.0166280064697, 1.0, -0.999252082099, 3.0, 2.01339215314, -1.0, 3.0, 1.75920094046, 0.0, -0.999489047946, 2.0, -0.964178528991, -1.0, 2.0, 2.0, 3.0, 0.955130655379, 2.0, 0.885232725187, 2.87492077776, 3.0, -1.0, 2.97643797858, 0.0249307252925, 1.0, -1.0, 2.97326704442, 0.0, 2.0, 0.0, 2.0, 0.0, 2.02121733117, 1.0, 94365.0, 585, 99510.0
-0.0587146505107, 1.0, -0.000347350390535, 1.02158136881, 2.10317630863, 0.0155288828216, 2.02758947296, 2.98271817918, 3.0, 0.0266520519476, 1.01113203593, 1.0, -0.988285875053, 0.0, 0.0, 2.97739540046, 0.0166280064697, 1.0, -0.951272347739, 2.89207455243, 2.01415917029, 2.97066033211, 3.0, 1.95162985019, 0.0, -0.99999421241, 2.0, -0.964178528991, -1.0, 1.13674804753, 2.04845346525, 3.0, 0.955130655379, 2.0, 0.873643665955, 1.9928164809, 3.0, -0.979662453698, 2.97643797858, 0.0253031794207, 1.0, -1.0, -0.971523731013, -0.987483309815, 1.99891971208, 0.0, 2.0, -0.370646216083, -0.0057843469411, 0.859239426036, 94184.0, 590, 99511.0
-0.0587146505107, 1.0, -0.000347350390535, 1.02158136881, 2.10317630863, 0.0155288828216, 2.02758947296, 2.98271817918, 3.0, 0.0266520519476, 1.01113203593, 1.0, -0.988285875053, 0.0, 0.0, 2.97739540046, 0.0166280064697, 1.0, -0.951272347739, 2.89207455243, 2.01415917029, 2.97066033211, 3.0, 1.95162985019, 0.0, -0.99999421241, 2.0, -0.964178528991, -1.0, 1.13674804753, 2.04845346525, 3.0, 0.955130655379, 2.0, 0.873643665955, 1.9928164809, 3.0, -0.979662453698, 2.97643797858, 0.0253031794207, 1.0, -1.0, -0.971523731013, -0.987483309815, 1.99891971208, 0.0, 2.0, -0.370646216083, -0.0057843469411, 0.859239426036, 94184.0, 590, 99511.0
-0.0587146505107, 1.0, -0.000347350390535, 1.02158136881, 2.10317630863, 0.0155288828216, 2.02758947296, 2.98271817918, 3.0, 0.0266520519476, 1.01113203593, 1.0, -0.988285875053, 0.0, 0.0, 2.97739540046, 0.0166280064697, 1.0, -0.951272347739, 2.89207455243, 2.01415917029, 2.97066033211, 3.0, 1.95162985019, 0.0, -0.99999421241, 2.0, -0.964178528991, -1.0, 1.13674804753, 2.04845346525, 3.0, 0.955130655379, 2.0, 0.873643665955, 1.9928164809, 3.0, -0.979662453698, 2.97643797858, 0.0253031794207, 1.0, -1.0, -0.971523731013, -0.987483309815, 1.99891971208, 0.0, 2.0, -0.370646216083, -0.0057843469411, 0.859239426036, 94184.0, 590, 99511.0
-0.0587146505107, 1.0, -0.000347350390535, 1.02158136881, 2.10317630863, 0.0155288828216, 2.02758947296, 2.98271817918, 3.0, 0.0266520519476, 1.01113203593, 1.0, -0.988285875053, 0.0, 0.0, 2.97739540046, 0.0166280064697, 1.0, -0.951272347739, 2.89207455243, 2.01415917029, 2.97066033211, 3.0, 1.95162985019, 0.0, -0.99999421241, 2.0, -0.964178528991, -1.0, 1.13674804753, 2.04845346525, 3.0, 0.955130655379, 2.0, 0.873643665955, 1.9928164809, 3.0, -0.979662453698, 2.97643797858, 0.0253031794207, 1.0, -1.0, -0.971523731013, -0.987483309815, 1.99891971208, 0.0, 2.0, -0.370646216083, -0.0057843469411, 0.859239426036, 94184.0, 590, 99511.0
-0.0587146505107, 1.0, -0.000347350390535, 1.02158136881, 2.10317630863, 0.0155288828216, 2.02758947296, 2.98271817918, 3.0, 0.0266520519476, 1.01113203593, 1.0, -0.988285875053, 0.0, 0.0, 2.97739540046, 0.0166280064697, 1.0, -0.951272347739, 2.89207455243, 2.01415917029, 2.97066033211, 3.0, 1.95162985019, 0.0, -0.99999421241, 2.0, -0.964178528991, -1.0, 1.13674804753, 2.04845346525, 3.0, 0.955130655379, 2.0, 0.873643665955, 1.9928164809, 3.0, -0.979662453698, 2.97643797858, 0.0253031794207, 1.0, -1.0, -0.971523731013, -0.987483309815, 1.99891971208, 0.0, 2.0, -0.370646216083, -0.0057843469411, 0.859239426036, 94184.0, 590, 99511.0
-0.0587146505107, 1.0, -0.000347350390535, 1.02158136881, 2.10317630863, 0.0155288828216, 2.02758947296, 2.98271817918, 3.0, 0.0266520519476, 1.01113203593, 1.0, -0.995530375608, 0.0, 0.00929907065409, 2.97739540046, 0.0166280064697, 1.0, -0.951272347739, 3.0, 2.01415917029, 2.97066033211, 3.0, 1.95162985019, 0.0, -0.99999421241, 2.0, -0.964178528991, -1.0, 1.00766993727, 2.04845346525, 3.0, 0.955130655379, 2.0, 0.885232725187, 2.21034101139, 3.0, -0.979662453698, 2.97643797858, 0.0253031794207, 1.0, -1.0, -0.971523731013, -0.987483309815, 1.99891971208, 0.0, 2.0, -0.370646216083, -0.0057843469411, 1.0, 94184.0, 590, 99511.0
-0.0587146505107, 1.0, -0.000347350390535, 1.02158136881, 2.10317630863, 0.0155288828216, 2.02758947296, 2.98271817918, 3.0, 0.0266520519476, 1.01113203593, 1.0, -0.988285875053, 0.0, 0.0, 2.97739540046, 0.0166280064697, 1.0, -0.951272347739, 3.0, 2.01415917029, 2.97066033211, 3.0, 1.95162985019, 0.0, -0.99999421241, 2.0, -0.964178528991, -1.0, 1.00766993727, 2.04845346525, 3.0, 0.955130655379, 2.0, 0.885232725187, 1.9928164809, 3.0, -0.979662453698, 2.97643797858, 0.0253031794207, 1.0, -1.0, -0.971523731013, -0.987483309815, 1.99891971208, 0.0, 2.0, -0.370646216083, -0.0057843469411, 1.0, 94184.0, 590, 99511.0
-0.0587146505107, 1.0, -0.000347350390535, 1.02158136881, 2.10317630863, 0.0155288828216, 2.02758947296, 2.98271817918, 3.0, 0.0266520519476, 1.01113203593, 1.0, -0.988285875053, 0.0, 0.0, 2.97739540046, 0.0166280064697, 1.0, -0.951272347739, 3.0, 2.01415917029, 2.97066033211, 3.0, 1.95162985019, 0.0, -0.99999421241, 2.0, -0.964178528991, -1.0, 1.00766993727, 2.04845346525, 3.0, 0.955130655379, 2.0, 0.885232725187, 1.9928164809, 3.0, -0.979662453698, 2.97643797858, 0.0253031794207, 1.0, -1.0, -0.971523731013, -0.987483309815, 1.99891971208, 0.0, 2.0, -0.370646216083, -0.0057843469411, 1.0, 94184.0, 590, 99511.0
-0.0587146505107, 1.0, -0.000347350390535, 1.02158136881, 2.10317630863, 0.0155288828216, 2.02758947296, 2.98271817918, 3.0, 0.0266520519476, 1.01113203593, 1.0, -0.988285875053, 0.0, 0.0, 2.97739540046, 0.0166280064697, 1.0, -0.951272347739, 3.0, 2.01415917029, 2.97066033211, 3.0, 1.95162985019, 0.0, -0.99999421241, 2.0, -0.964178528991, -1.0, 1.00766993727, 2.04845346525, 3.0, 0.955130655379, 2.0, 0.885232725187, 1.9928164809, 3.0, -0.979662453698, 2.97643797858, 0.0253031794207, 1.0, -1.0, -0.971523731013, -0.987483309815, 1.99891971208, 0.0, 2.0, -0.370646216083, -0.0057843469411, 1.0, 94184.0, 590, 99511.0
-0.0587146505107, 1.0, -0.000347350390535, 1.02158136881, 2.10317630863, 0.0155288828216, 2.02758947296, 2.98271817918, 3.0, 0.0266520519476, 1.01113203593, 1.0, -0.988285875053, 0.0, 0.0, 2.97739540046, 0.0166280064697, 1.0, -0.951272347739, 3.0, 2.01415917029, 2.97066033211, 3.0, 1.95162985019, 0.0, -0.99999421241, 2.0, -0.964178528991, -1.0, 1.00766993727, 2.04845346525, 3.0, 0.955130655379, 2.0, 0.885232725187, 1.9928164809, 3.0, -0.979662453698, 2.97643797858, 0.0253031794207, 1.0, -1.0, -0.971523731013, -0.987483309815, 1.99891971208, 0.0, 2.0, -0.370646216083, -0.0057843469411, 1.0, 94184.0, 590, 99511.0
-0.0587146505107, 1.0, -0.000347350390535, 1.02158136881, 2.10317630863, 0.0155288828216, 2.02758947296, 2.98271817918, 3.0, 0.0266520519476, 1.01113203593, 1.0, -0.988285875053, 0.0, 0.0, 2.97739540046, 0.0166280064697, 1.0, -0.951272347739, 3.0, 2.01415917029, 2.97066033211, 3.0, 1.95162985019, 0.0, -0.99999421241, 2.0, -0.964178528991, -1.0, 1.00766993727, 2.04845346525, 3.0, 0.955130655379, 2.0, 0.885232725187, 1.9928164809, 3.0, -0.979662453698, 2.97643797858, 0.0253031794207, 1.0, -1.0, -0.971523731013, -0.987483309815, 1.99891971208, 0.0, 2.0, -0.370646216083, -0.0057843469411, 1.0, 94184.0, 590, 99511.0
-0.0587146505107, 1.0, -0.000347350390535, 1.02158136881, 2.10317630863, 0.0155288828216, 2.02758947296, 2.98271817918, 3.0, 0.0266520519476, 1.01113203593, 1.0, -0.988285875053, 0.0, 0.0, 2.97739540046, 0.0166280064697, 1.0, -0.951272347739, 3.0, 2.01415917029, 2.97066033211, 3.0, 1.95162985019, 0.0, -0.99999421241, 2.0, -0.964178528991, -1.0, 1.00766993727, 2.04845346525, 3.0, 0.955130655379, 2.0, 0.885232725187, 1.9928164809, 3.0, -0.979662453698, 2.97643797858, 0.0253031794207, 1.0, -1.0, -0.971523731013, -0.987483309815, 1.99891971208, 0.0, 2.0, -0.370646216083, -0.0057843469411, 1.0, 94184.0, 590, 99511.0
-0.0587146505107, 1.0, -0.000347350390535, 1.02158136881, 2.10317630863, 0.0155288828216, 2.02758947296, 2.98271817918, 3.0, 0.0266520519476, 1.01113203593, 1.0, -0.988216325185, 0.0, 0.00929907065409, 2.97739540046, 0.0166280064697, 1.0, -0.951272347739, 3.0, 2.01415917029, 2.97066033211, 3.0, 1.95162985019, 0.0, -0.99999421241, 2.0, -0.964178528991, -1.0, 1.00766993727, 2.04845346525, 3.0, 0.955130655379, 2.0, 0.885232725187, 2.21034101139, 3.0, -0.979662453698, 2.97643797858, 0.0253031794207, 1.0, -1.0, -0.971523731013, -0.987483309815, 1.99891971208, 0.0, 2.0, -0.370646216083, -0.0057843469411, 1.0, 94184.0, 590, 99511.0
-0.0587146505107, 1.0, -0.000347350390535, 1.02158136881, 2.10317630863, 0.0155288828216, 1.76011785942, 2.98271817918, 3.0, 0.026668002373, 1.01113203593, 1.0, -0.988218564916, 0.0, 0.0, 2.97739540046, 0.0166280064697, 1.0, -0.951272347739, 2.89341211249, 2.01415881422, 2.97066033211, 3.0, 1.95162985019, 0.0, -0.99999421241, 2.0, -0.964178528991, -1.0, 0.99611242856, 2.04845346525, 3.0, 0.955130655379, 2.0, 0.885490752285, 1.9928164809, 3.0, -0.979662453698, 2.94533428699, 0.0253031794207, 1.0, -1.0, -0.966671836575, -0.987483309815, 1.99891971208, 0.0, 2.0, -0.370646216083, -0.0057843469411, 0.856177200617, 94184.0, 590, 99511.0
-0.0587146505107, 1.0, -0.0339054872482, 1.02158136881, 2.10317630863, 0.0155288828216, 2.02758947296, 2.99941597162, 3.0, 0.0288124623115, 1.01113203593, 1.0, -0.995530375608, 0.0, 0.0, 2.97739540046, 0.0166280064697, 1.0, -0.951272347739, 3.0, 2.0141448706, 2.98497934603, 3.0, 1.95162985019, 0.00319827542584, -0.999987889955, 2.0, -0.964178528991, -1.0, 1.00631656133, 2.04845346525, 3.0, 0.955130655379, 2.0, 0.885232725187, 1.9928164809, 3.0, -0.979253557844, 2.97643797858, 0.0253031794207, 1.0, -1.0, 2.96946753258, -0.987483309815, 2.00002901039, 0.0, 2.05375699279, -0.370646216083, 0.0988974655881, 1.0, 94114.0, 609, 99498.0
-0.0587146505107, 1.0, -0.0339054872482, 1.02158136881, 2.10317630863, 0.0155288828216, 2.02758947296, 2.99941597162, 3.0, 0.0288124623115, 1.01113203593, 1.0, -0.995530375608, 0.0, 0.0, 2.97739540046, 0.0166280064697, 1.0, -0.951272347739, 3.0, 2.0141448706, 2.98497934603, 3.0, 1.95162985019, 0.00319827542584, -0.999987889955, 2.0, -0.964178528991, -1.0, 1.00631656133, 2.04845346525, 3.0, 0.955130655379, 2.0, 0.885232725187, 1.9928164809, 3.0, -0.979253557844, 2.97643797858, 0.0253031794207, 1.0, -1.0, 2.96946753258, -0.987483309815, 2.00002901039, 0.0, 2.05375699279, -0.370646216083, 0.0999254912153, 1.0, 94114.0, 609, 99498.0
0.921531588471, 1.0, -0.000614616232218, 1.02158136881, -0.977840101716, 1.01708525025, 2.0276105146, 2.99971857944, -0.984519786384, 0.0288124623115, 0.983650441304, 1.0, 1.97839656802, -0.00286920227725, 0.0, 2.9774027475, 0.0166280064697, 2.99086319028, -0.905843024296, 3.0, 2.0141448706, 2.99990733155, 3.0, 1.95162985019, 0.00319827542584, -0.999999908445, 2.0, -0.953694684201, -1.0, 1.00631656133, 2.04845346525, 3.0, 0.955130655379, 2.0, 0.885232725187, 2.16735659736, 3.0, -0.979253557844, 2.00819689996, 0.0234619449945, 0.001070202746, -1.0, 2.96946753258, -0.987022560104, 2.00002901039, 0.987292795027, 2.14001160478, -0.370646216083, 0.0984198537716, 1.01995831846, 94167.0, 598, 99494.0
-0.0587146505107, 1.0, -0.0339054872482, 1.02158136881, 2.10317630863, 0.0155288828216, 2.02758947296, 2.99941597162, 3.0, 0.0288124623115, 1.01113203593, 1.0, -0.995530375608, 0.0, 0.0, 2.97739540046, 0.0166280064697, 1.0, -0.951272347739, 3.0, 2.0141448706, 2.98477261859, 3.0, 1.95162985019, 0.00319827542584, -0.999987889955, 1.3115192988, -0.964178528991, -1.0, 1.00631656133, 2.04845346525, 3.0, 0.955130655379, 2.0, 0.885232725187, 1.9928164809, 3.0, -0.979253557844, 2.97643797858, 0.0253031794207, 1.0, -1.0, 2.96946753258, -0.987483309815, 2.00002901039, 0.0, 1.99998296666, -0.370646216083, 0.0999254912153, 1.0, 94074.0, 609, 99498.0
-0.0587146505107, 1.0, -0.0339054872482, 1.02158136881, 2.10317630863, 0.0155288828216, 2.02758947296, 2.99941597162, 3.0, 0.0288124623115, 1.01113203593, 1.0, -0.995530375608, 0.0, 0.0, 2.97739540046, 0.0166280064697, 1.0, -0.951272347739, 3.0, 2.0141448706, 2.98477261859, 3.0, 1.95162985019, 0.00319827542584, -0.999987889955, 1.3115192988, -0.964178528991, -1.0, 1.00631656133, 2.04845346525, 3.0, 0.955130655379, 2.0, 0.885232725187, 1.9928164809, 3.0, -0.979253557844, 2.97643797858, 0.0253031794207, 1.0, -1.0, 2.96946753258, -0.987483309815, 2.00002901039, 0.0, 1.99998296666, -0.370646216083, 0.0999254912153, 1.0, 94074.0, 609, 99498.0
-0.0587146505107, 1.0, -0.0339054872482, 1.02158136881, 2.10317630863, 0.0155288828216, 2.02758947296, 2.99941597162, 3.0, 0.0288124623115, 1.01113203593, 1.0, -0.995530375608, 0.0, 0.0, 2.97739540046, 0.0166280064697, 1.0, -0.951272347739, 3.0, 2.0141448706, 2.98477261859, 3.0, 1.95162985019, 0.00319827542584, -0.999987889955, 1.3115192988, -0.964178528991, -1.0, 1.00631656133, 2.04845346525, 3.0, 0.955130655379, 2.0, 0.885232725187, 1.9928164809, 3.0, -0.979253557844, 2.97643797858, 0.0253031794207, 1.0, -1.0, 2.96946753258, -0.987483309815, 2.00002901039, 0.0, 1.99998296666, -0.370646216083, 0.0999254912153, 1.0, 94074.0, 609, 99498.0
-0.0587146505107, 1.0, -0.0339054872482, 1.02158136881, 2.10317630863, 0.0155288828216, 2.02758947296, 2.99941597162, 3.0, 0.0288124623115, 1.01113203593, 1.0, -0.995530375608, 0.0, 0.0, 2.97739540046, 0.0166280064697, 1.0, -0.951272347739, 3.0, 2.0141448706, 2.98477261859, 3.0, 1.95162985019, 0.00319827542584, -0.999987889955, 1.3115192988, -0.964178528991, -1.0, 1.00631656133, 2.04845346525, 3.0, 0.955130655379, 2.0, 0.885232725187, 1.9928164809, 3.0, -0.979253557844, 2.97643797858, 0.0253031794207, 1.0, -1.0, 2.96946753258, -0.987483309815, 2.00002901039, 0.0, 1.99998296666, -0.370646216083, 0.0999254912153, 1.0, 94074.0, 609, 99498.0
-0.0587146505107, 1.0, -0.0339054872482, 1.02158136881, 2.10317630863, 0.0155288828216, 2.02758947296, 2.99941597162, 3.0, 0.0288124623115, 1.01113203593, 1.0, -0.995530375608, 0.0, 0.0, 2.97739540046, 0.0166280064697, 1.0, -0.951272347739, 3.0, 2.0141448706, 2.98477261859, 3.0, 1.95162985019, 0.00319827542584, -0.999987889955, 1.3115192988, -0.964178528991, -1.0, 1.00631656133, 2.04845346525, 3.0, 0.955130655379, 2.0, 0.885232725187, 1.9928164809, 3.0, -0.979253557844, 2.97643797858, 0.0253031794207, 1.0, -1.0, 2.96946753258, -0.987483309815, 2.00002901039, 0.0, 1.99998296666, -0.370646216083, 0.0999254912153, 1.0, 94074.0, 609, 99498.0
-0.0587146505107, 1.0, -0.0339054872482, 1.02158136881, 2.10317630863, 0.0155288828216, 2.02758947296, 2.99941597162, 3.0, 0.0288124623115, 1.01113203593, 1.0, -0.995530375608, 0.0, 0.0, 2.97739540046, 0.0166280064697, 1.0, -0.951272347739, 3.0, 2.0141448706, 2.98477261859, 3.0, 1.95162985019, 0.00319827542584, -0.999987889955, 1.3115192988, -0.964178528991, -1.0, 1.00631656133, 2.04845346525, 3.0, 0.955130655379, 2.0, 0.885232725187, 1.9928164809, 3.0, -0.979253557844, 2.97643797858, 0.0253031794207, 1.0, -1.0, 2.96946753258, -0.987483309815, 2.00002901039, 0.0, 1.99998296666, -0.370646216083, 0.0999254912153, 1.0, 94074.0, 609, 99498.0
-0.0587146505107, 1.0, -0.0339054872482, 1.02158136881, 2.10317630863, 0.0155288828216, 2.02758947296, 2.99941597162, 3.0, 0.0288124623115, 1.01113203593, 1.0, -0.995530375608, 0.0, 0.0, 2.97739540046, 0.0166280064697, 1.0, -0.951272347739, 3.0, 2.0141448706, 2.98477261859, 3.0, 1.95162985019, 0.00319827542584, -0.999987889955, 1.3115192988, -0.964178528991, -1.0, 1.00631656133, 2.04845346525, 3.0, 0.955130655379, 2.0, 0.885232725187, 1.9928164809, 3.0, -0.979253557844, 2.97643797858, 0.0253031794207, 1.0, -1.0, 2.96946753258, -0.987483309815, 2.00002901039, 0.0, 1.99998296666, -0.370646216083, 0.0999254912153, 1.0, 94074.0, 609, 99498.0
-0.0587146505107, 1.0, -0.0339054872482, 1.02158136881, 2.10317630863, 0.0155288828216, 2.02758947296, 2.99941597162, 3.0, 0.0288124623115, 1.01113203593, 1.0, -0.995530375608, 0.0, 0.0, 2.97739540046, 0.0166280064697, 1.0, -0.951272347739, 3.0, 2.0141448706, 2.98477261859, 3.0, 1.95162985019, 0.00319827542584, -0.999987889955, 1.3115192988, -0.964178528991, -1.0, 1.00631656133, 2.04845346525, 3.0, 0.955130655379, 2.0, 0.885232725187, 1.9928164809, 3.0, -0.979253557844, 2.97643797858, 0.0253031794207, 1.0, -1.0, 2.96946753258, -0.987483309815, 2.00002901039, 0.0, 1.99998296666, -0.370646216083, 0.0999254912153, 1.0, 94074.0, 609, 99498.0
-0.0587146505107, 1.0, -0.0339054872482, 1.02158136881, 2.10317630863, 0.0155288828216, 2.02758947296, 2.99941597162, 3.0, 0.0288124623115, 1.01113203593, 1.0, -0.995530375608, 0.0, 0.0, 2.97739540046, 0.0166280064697, 1.0, -0.951272347739, 3.0, 2.0141448706, 2.98477261859, 3.0, 1.95162985019, 0.00319827542584, -0.999987889955, 1.3115192988, -0.964178528991, -1.0, 1.00631656133, 2.04845346525, 3.0, 0.955130655379, 2.0, 0.885232725187, 1.9928164809, 3.0, -0.979253557844, 2.97643797858, 0.0253031794207, 1.0, -1.0, 2.96946753258, -0.987483309815, 2.00002901039, 0.0, 1.99998296666, -0.370646216083, 0.0999254912153, 1.0, 94074.0, 609, 99498.0
-0.0587146505107, 1.0, -0.0339054872482, 1.02158136881, 2.10317630863, 0.0155288828216, 2.02758947296, 2.99941597162, 3.0, 0.0288124623115, 1.01113203593, 1.0, -0.995530375608, 0.0, 0.0, 2.97739540046, 0.0166280064697, 1.0, -0.951272347739, 3.0, 2.0141448706, 2.98477261859, 3.0, 1.95162985019, 0.00319827542584, -0.999987889955, 1.3115192988, -0.964178528991, -1.0, 1.00631656133, 2.04845346525, 3.0, 0.955130655379, 2.0, 0.885232725187, 1.9928164809, 3.0, -0.979253557844, 2.97643797858, 0.0253031794207, 1.0, -1.0, 2.96946753258, -0.987483309815, 2.00002901039, 0.0, 1.99998296666, -0.370646216083, 0.0999254912153, 1.0, 94074.0, 609, 99498.0
-0.0587146505107, 1.0, -0.0339054872482, 1.02158136881, 2.10317630863, 0.0155288828216, 2.02758947296, 2.99941597162, 3.0, 0.0288124623115, 1.01113203593, 1.0, -0.995530375608, 0.0, 0.0, 2.97739540046, 0.0166280064697, 1.0, -0.951272347739, 3.0, 2.0141448706, 2.98477261859, 3.0, 1.95162985019, 0.00319827542584, -0.999987889955, 1.3115192988, -0.964178528991, -1.0, 1.00631656133, 2.04845346525, 3.0, 0.955130655379, 2.0, 0.885232725187, 1.9928164809, 3.0, -0.979253557844, 2.97643797858, 0.0253031794207, 1.0, -1.0, 2.96946753258, -0.987483309815, 2.00002901039, 0.0, 1.99998296666, -0.370646216083, 0.0999254912153, 1.0, 94074.0, 609, 99498.0
-0.0587146505107, 1.0, -0.0339054872482, 1.02158136881, 2.10317630863, 0.0155288828216, 2.02758947296, 2.99941597162, 3.0, 0.0288124623115, 1.01113203593, 1.0, -0.995530375608, 0.0, 0.0, 2.97739540046, 0.0166280064697, 1.0, -0.951272347739, 3.0, 2.0141448706, 2.98477261859, 3.0, 1.95162985019, 0.00319827542584, -0.999987889955, 1.3115192988, -0.964178528991, -1.0, 1.00631656133, 2.04845346525, 3.0, 0.955130655379, 2.0, 0.885232725187, 1.9928164809, 3.0, -0.979253557844, 2.97643797858, 0.0253031794207, 1.0, -1.0, 2.96946753258, -0.987483309815, 2.00002901039, 0.0, 1.99998296666, -0.370646216083, 0.0999254912153, 1.0, 94074.0, 609, 99498.0
-0.0587146505107, 1.0, -0.0339054872482, 1.02158136881, 2.10317630863, 0.0155288828216, 2.02758947296, 2.99941597162, 3.0, 0.0288124623115, 1.01113203593, 1.0, -0.995530375608, 0.0, 0.0, 2.97739540046, 0.0166280064697, 1.0, -0.951272347739, 3.0, 2.0141448706, 2.98477261859, 3.0, 1.95162985019, 0.00319827542584, -0.999987889955, 1.3115192988, -0.964178528991, -1.0, 1.00631656133, 2.04845346525, 3.0, 0.955130655379, 2.0, 0.885232725187, 1.9928164809, 3.0, -0.979253557844, 2.97643797858, 0.0253031794207, 1.0, -1.0, 2.96946753258, -0.987483309815, 2.00002901039, 0.0, 1.99998296666, -0.370646216083, 0.0999254912153, 1.0, 94074.0, 609, 99498.0
-0.0587146505107, 1.0, -0.0339054872482, 1.02158136881, 2.10317630863, 0.0155288828216, 2.02758947296, 2.99941597162, 3.0, 0.0288124623115, 1.01113203593, 1.0, -0.995530375608, 0.0, 0.0, 2.97739540046, 0.0166280064697, 1.0, -0.951272347739, 3.0, 2.0141448706, 2.98477261859, 3.0, 1.95162985019, 0.00319827542584, -0.999987889955, 1.3115192988, -0.964178528991, -1.0, 1.00631656133, 2.04845346525, 3.0, 0.955130655379, 2.0, 0.885232725187, 1.9928164809, 3.0, -0.979253557844, 2.97643797858, 0.0253031794207, 1.0, -1.0, 2.96946753258, -0.987483309815, 2.00002901039, 0.0, 1.99998296666, -0.370646216083, 0.0999254912153, 1.0, 94074.0, 609, 99498.0
-0.0587146505107, 1.0, -0.0339054872482, 1.02158136881, 2.10317630863, 0.0155288828216, 2.02758947296, 2.99941597162, 3.0, 0.0288124623115, 1.01113203593, 1.0, -0.995530375608, 0.0, 0.0, 2.97739540046, 0.0166280064697, 1.0, -0.951272347739, 3.0, 2.0141448706, 2.98477261859, 3.0, 1.95162985019, 0.00319827542584, -0.999987889955, 1.3115192988, -0.964178528991, -1.0, 1.00631656133, 2.04845346525, 3.0, 0.955130655379, 2.0, 0.885232725187, 1.9928164809, 3.0, -0.979253557844, 2.97643797858, 0.0253031794207, 1.0, -1.0, 2.96946753258, -0.987483309815, 2.00002901039, 0.0, 1.99998296666, -0.370646216083, 0.0999254912153, 1.0, 94074.0, 609, 99498.0
-0.0587146505107, 1.0, -0.0339054872482, 1.02158136881, 2.10317630863, 0.0155288828216, 2.02758947296, 2.99941597162, 3.0, 0.0288124623115, 1.01113203593, 1.0, -0.995530375608, 0.0, 0.0, 2.97739540046, 0.0166280064697, 1.0, -0.951272347739, 3.0, 2.0141448706, 2.98477261859, 3.0, 1.95162985019, 0.00319827542584, -0.999987889955, 1.3115192988, -0.964178528991, -1.0, 1.00631656133, 2.04845346525, 3.0, 0.955130655379, 2.0, 0.885232725187, 1.9928164809, 3.0, -0.979253557844, 2.97643797858, 0.0253031794207, 1.0, -1.0, 2.96946753258, -0.987483309815, 2.00002901039, 0.0, 1.99998296666, -0.370646216083, 0.0999254912153, 1.0, 94074.0, 609, 99498.0
-0.0587146505107, 1.0, -0.0339054872482, 1.02158136881, 2.10317630863, 0.0155288828216, 2.02758947296, 2.99941597162, 3.0, 0.0288124623115, 1.01113203593, 1.0, -0.995530375608, 0.0, 0.0, 2.97739540046, 0.0166280064697, 1.0, -0.951272347739, 3.0, 2.0141448706, 2.98477261859, 3.0, 1.95162985019, 0.00319827542584, -0.999987889955, 1.3115192988, -0.964178528991, -1.0, 1.00631656133, 2.04845346525, 3.0, 0.955130655379, 2.0, 0.885232725187, 1.9928164809, 3.0, -0.979253557844, 2.97643797858, 0.0253031794207, 1.0, -1.0, 2.96946753258, -0.987483309815, 2.00002901039, 0.0, 1.99998296666, -0.370646216083, 0.0999254912153, 1.0, 94074.0, 609, 99498.0
-0.0587146505107, 1.0, -0.0339054872482, 1.02158136881, 2.10317630863, 0.0155288828216, 2.02758947296, 2.99941597162, 3.0, 0.0288124623115, 1.01113203593, 1.0, -0.995530375608, 0.0, 0.0, 2.97739540046, 0.0166280064697, 1.0, -0.951272347739, 3.0, 2.0141448706, 2.98477261859, 3.0, 1.95162985019, 0.00319827542584, -0.999987889955, 1.3115192988, -0.964178528991, -1.0, 1.00631656133, 2.04845346525, 3.0, 0.955130655379, 2.0, 0.885232725187, 1.9928164809, 3.0, -0.979253557844, 2.97643797858, 0.0253031794207, 1.0, -1.0, 2.96946753258, -0.987483309815, 2.00002901039, 0.0, 1.99998296666, -0.370646216083, 0.0999254912153, 1.0, 94074.0, 609, 99498.0
-0.0587146505107, 1.0, -0.0339054872482, 1.02158136881, 2.10317630863, 0.0155288828216, 2.02758947296, 2.99941597162, 3.0, 0.0288124623115, 1.01113203593, 1.0, -0.995530375608, 0.0, 0.0, 2.97739540046, 0.0166280064697, 1.0, -0.951272347739, 3.0, 2.0141448706, 2.98477261859, 3.0, 1.95162985019, 0.00319827542584, -0.999987889955, 1.3115192988, -0.964178528991, -1.0, 1.00631656133, 2.04845346525, 3.0, 0.955130655379, 2.0, 0.885232725187, 1.9928164809, 3.0, -0.979253557844, 2.97643797858, 0.0253031794207, 1.0, -1.0, 2.96946753258, -0.987483309815, 2.00002901039, 0.0, 1.99998296666, -0.370646216083, 0.0999254912153, 1.0, 94074.0, 609, 99498.0
-0.0587146505107, 1.0, -0.0339054872482, 1.02158136881, 2.10317630863, 0.0155288828216, 2.02758947296, 2.99941597162, 3.0, 0.0288124623115, 1.01113203593, 1.0, -0.995530375608, 0.0, 0.0, 2.97739540046, 0.0166280064697, 1.0, -0.951272347739, 3.0, 2.0141448706, 2.98477261859, 3.0, 1.95162985019, 0.00319827542584, -0.999987889955, 1.3115192988, -0.964178528991, -1.0, 1.00631656133, 2.04845346525, 3.0, 0.955130655379, 2.0, 0.885232725187, 1.9928164809, 3.0, -0.979253557844, 2.97643797858, 0.0253031794207, 1.0, -1.0, 2.96946753258, -0.987483309815, 2.00002901039, 0.0, 1.99998296666, -0.370646216083, 0.0999254912153, 1.0, 94074.0, 609, 99498.0
-0.0587146505107, 1.0, -0.0339054872482, 1.02158136881, 2.10317630863, 0.0155288828216, 2.02758947296, 2.99941597162, 3.0, 0.0288124623115, 1.01113203593, 1.0, -0.885650539958, 0.0, 0.0, 2.97739540046, 0.0166280064697, 1.0, -0.951272347739, 3.0, 2.0141448706, 2.98477261859, 3.0, 1.95162985019, 0.00319827542584, -0.999987889955, 1.3115192988, -0.964178528991, -1.0, 1.00631656133, 2.04845346525, 3.0, 0.955130655379, 2.0, 0.885232725187, 1.9928164809, 3.0, -0.979253557844, 2.97643797858, 0.0253031794207, 1.0, -1.0, 2.96946753258, -0.987483309815, 2.00002901039, 0.0, 1.99998296666, -0.370646216083, 0.0999254912153, 1.0, 94074.0, 609, 99498.0
-0.0587146505107, 1.0, -0.0339054872482, 1.02158136881, 2.10317630863, 0.0155288828216, 2.02758947296, 2.99941597162, 3.0, 0.0288124623115, 1.01113203593, 1.0, -0.885650539958, 0.0, 0.0, 2.97739540046, 0.0166280064697, 1.0, -0.951272347739, 3.0, 2.0141448706, 2.98477261859, 3.0, 1.95162985019, 0.00319827542584, -0.999987889955, 1.3115192988, -0.964178528991, -1.0, 1.00631656133, 2.04845346525, 3.0, 0.955130655379, 2.0, 0.885232725187, 1.9928164809, 3.0, -0.979253557844, 2.97643797858, 0.0253031794207, 1.0, -1.0, 2.96946753258, -0.987483309815, 2.00002901039, 0.0, 1.99998296666, -0.370646216083, 0.0999254912153, 1.0, 94074.0, 609, 99498.0
-0.0587146505107, 1.0, -0.0339054872482, 1.02158136881, 2.10317630863, 0.0155288828216, 2.02758947296, 2.99941597162, 3.0, 0.0288124623115, 1.01113203593, 1.0, -0.885650539958, 0.0, 0.0, 2.97739540046, 0.0166280064697, 1.0, -0.951272347739, 3.0, 2.0141448706, 2.98477261859, 3.0, 1.95162985019, 0.00319827542584, -0.999987889955, 1.3115192988, -0.964178528991, -1.0, 1.00631656133, 2.04845346525, 3.0, 0.955130655379, 2.0, 0.885232725187, 1.9928164809, 3.0, -0.979253557844, 2.97643797858, 0.0253031794207, 1.0, -1.0, 2.96946753258, -0.987483309815, 2.00002901039, 0.0, 1.99998296666, -0.370646216083, 0.0999254912153, 1.0, 94074.0, 609, 99498.0
-0.0587146505107, 1.0, -0.0339054872482, 1.02158136881, 2.10317630863, 0.0155288828216, 2.02758947296, 2.99941597162, 3.0, 0.0288124623115, 1.01113203593, 1.0, -0.885650539958, 0.0, 0.0, 2.97739540046, 0.0166280064697, 1.0, -0.951272347739, 3.0, 2.0141448706, 2.98477261859, 3.0, 1.95162985019, 0.00319827542584, -0.999987889955, 1.3115192988, -0.964178528991, -1.0, 1.00631656133, 2.04845346525, 3.0, 0.955130655379, 2.0, 0.885232725187, 1.9928164809, 3.0, -0.979253557844, 2.97643797858, 0.0253031794207, 1.0, -1.0, 2.96946753258, -0.987483309815, 2.00002901039, 0.0, 1.99998296666, -0.370646216083, 0.0999254912153, 1.0, 94074.0, 609, 99498.0
-0.0587146505107, 1.0, -0.0339054872482, 1.02158136881, 2.10317630863, 0.0155288828216, 2.02758947296, 2.99941597162, 3.0, 0.0288124623115, 1.01113203593, 1.0, -0.885650539958, 0.0, 0.0, 2.97739540046, 0.0166280064697, 1.0, -0.951272347739, 3.0, 2.0141448706, 2.98477261859, 3.0, 1.95162985019, 0.00319827542584, -0.999987889955, 1.3115192988, -0.964178528991, -1.0, 1.00631656133, 2.04845346525, 3.0, 0.955130655379, 2.0, 0.885232725187, 1.9928164809, 3.0, -0.979253557844, 2.97643797858, 0.0253031794207, 1.0, -1.0, 2.96946753258, -0.987483309815, 2.00002901039, 0.0, 1.99998296666, -0.370646216083, 0.0999254912153, 1.0, 94074.0, 609, 99498.0
-0.0587146505107, 1.0, -0.0339054872482, 1.02158136881, 2.10317630863, 0.0155288828216, 2.02758947296, 2.99941597162, 3.0, 0.0288124623115, 1.01113203593, 1.0, -0.885650539958, 0.0, 0.0, 2.97739540046, 0.0166280064697, 1.0, -0.951272347739, 3.0, 2.0141448706, 2.98477261859, 3.0, 1.95162985019, 0.00319827542584, -0.999987889955, 1.3115192988, -0.964178528991, -1.0, 1.00631656133, 2.04845346525, 3.0, 0.955130655379, 2.0, 0.885232725187, 1.9928164809, 3.0, -0.979253557844, 2.97643797858, 0.0253031794207, 1.0, -1.0, 2.96946753258, -0.987483309815, 2.00002901039, 0.0, 1.99998296666, -0.370646216083, 0.0999254912153, 1.0, 94074.0, 609, 99498.0
-0.0587146505107, 1.0, -0.0339054872482, 1.02158136881, 2.10317630863, 0.0155288828216, 2.02758947296, 2.99941597162, 3.0, 0.0288124623115, 1.01113203593, 1.0, -0.885650539958, 0.0, 0.0, 2.97739540046, 0.0166280064697, 1.0, -0.951272347739, 3.0, 2.0141448706, 2.98477261859, 3.0, 1.95162985019, 0.00319827542584, -0.999987889955, 1.3115192988, -0.964178528991, -1.0, 1.00631656133, 2.04845346525, 3.0, 0.955130655379, 2.0, 0.885232725187, 1.9928164809, 3.0, -0.979253557844, 2.97643797858, 0.0253031794207, 1.0, -1.0, 2.96946753258, -0.987483309815, 2.00002901039, 0.0, 1.99998296666, -0.370646216083, 0.0999254912153, 1.0, 94074.0, 609, 99498.0
-0.0587146505107, 1.0, -0.0339054872482, 1.02158136881, 2.10317630863, 0.0155288828216, 2.02758947296, 2.99941597162, 3.0, 0.0288124623115, 1.01113203593, 1.0, -0.885650539958, 0.0, 0.0, 2.97739540046, 0.0166280064697, 1.0, -0.951272347739, 3.0, 2.0141448706, 2.98477261859, 3.0, 1.95162985019, 0.00319827542584, -0.999987889955, 1.3115192988, -0.964178528991, -1.0, 1.00631656133, 2.04845346525, 3.0, 0.955130655379, 2.0, 0.885232725187, 1.9928164809, 3.0, -0.979253557844, 2.97643797858, 0.0253031794207, 1.0, -1.0, 2.96946753258, -0.987483309815, 2.00002901039, 0.0, 1.99998296666, -0.370646216083, 0.0999254912153, 1.0, 94074.0, 609, 99498.0
-0.0587146505107, 1.0, -0.0339054872482, 1.02158136881, 2.10317630863, 0.0155288828216, 2.02758947296, 2.99941597162, 3.0, 0.0288124623115, 1.01113203593, 1.0, -0.885650539958, 0.0, 0.0, 2.97739540046, 0.0166280064697, 1.0, -0.951272347739, 3.0, 2.0141448706, 2.98477261859, 3.0, 1.95162985019, 0.00319827542584, -0.999987889955, 1.3115192988, -0.964178528991, -1.0, 1.00631656133, 2.04845346525, 3.0, 0.955130655379, 2.0, 0.885232725187, 1.9928164809, 3.0, -0.979253557844, 2.97643797858, 0.0253031794207, 1.0, -1.0, 2.96946753258, -0.987483309815, 2.00002901039, 0.0, 1.99998296666, -0.370646216083, 0.0999254912153, 1.0, 94074.0, 609, 99498.0
-0.0587146505107, 1.0, -0.0339054872482, 1.02158136881, 2.10317630863, 0.0155288828216, 2.02758947296, 2.99941597162, 3.0, 0.0288124623115, 1.01113203593, 1.0, -0.885650539958, 0.0, 0.0, 2.97739540046, 0.0166280064697, 1.0, -0.951272347739, 3.0, 2.0141448706, 2.98477261859, 3.0, 1.95162985019, 0.00319827542584, -0.999987889955, 1.3115192988, -0.964178528991, -1.0, 1.00631656133, 2.04845346525, 3.0, 0.955130655379, 2.0, 0.885232725187, 1.9928164809, 3.0, -0.979253557844, 2.97643797858, 0.0253031794207, 1.0, -1.0, 2.96946753258, -0.987483309815, 2.00002901039, 0.0, 1.99998296666, -0.370646216083, 0.0999254912153, 1.0, 94074.0, 609, 99498.0
-0.0587146505107, 1.0, -0.0339054872482, 1.02158136881, 2.02704750452, 0.0155288828216, 2.02758947296, 2.99941597162, 3.0, 0.0288124623115, 1.01113203593, 1.0, -0.885650539958, 0.0, 0.0, 2.97739540046, 0.0166280064697, 1.0, -0.951272347739, 3.0, 2.0141448706, 2.98495837904, 3.0, 1.95162985019, 0.00319827542584, -0.999987889955, 1.3115192988, -0.964178528991, -1.0, 1.00631656133, 2.04845346525, 3.0, 0.955130655379, 2.0, 0.885232725187, 1.9928164809, 3.0, -0.979253557844, 2.97643797858, 0.0253031794207, 1.0, -1.0, 2.96946753258, -0.987483309815, 2.00002901039, 0.0, 1.99998309552, 0.374585700499, 0.0209534835652, 1.0, 94074.0, 609, 99498.0
-0.0587146505107, 1.0, -0.0339054872482, 1.02158136881, 2.02704750452, 0.0155288828216, 2.02758947296, 2.99941597162, 3.0, 0.0288124623115, 1.01113203593, 1.0, -0.885650539958, 0.0, 0.0, 2.97739540046, 0.0166280064697, 1.0, -0.951272347739, 3.0, 2.0141448706, 2.98495837904, 3.0, 1.95162985019, 0.00319827542584, -0.999987889955, 1.3115192988, -0.964178528991, -1.0, 1.00631656133, 2.04845346525, 3.0, 0.955130655379, 2.0, 0.885232725187, 1.9928164809, 3.0, -0.979253557844, 2.97643797858, 0.0253031794207, 1.0, -1.0, 2.96946753258, -0.987483309815, 2.00002901039, 0.0, 1.99998309552, 0.374585700499, 0.0209534835652, 1.0, 94074.0, 609, 99498.0
-0.0587146505107, 1.0, -0.0339054872482, 1.02158136881, 2.02704750452, 0.0155288828216, 2.02758947296, 2.99941597162, 3.0, 0.0288124623115, 1.01113203593, 1.0, -0.885650539958, 0.0, 0.0, 2.97739540046, 0.0166280064697, 1.0, -0.951272347739, 3.0, 2.0141448706, 2.98495837904, 3.0, 1.95162985019, 0.00319827542584, -0.999987889955, 1.3115192988, -0.964178528991, -1.0, 1.00631656133, 2.04845346525, 3.0, 0.955130655379, 2.0, 0.885232725187, 1.9928164809, 3.0, -0.979253557844, 2.97643797858, 0.0253031794207, 1.0, -1.0, 2.96946753258, -0.987483309815, 2.00002901039, 0.0, 1.99998309552, 0.374585700499, 0.0209534835652, 1.0, 94074.0, 609, 99498.0
-0.0587146505107, 1.0, -0.0339054872482, 1.02158136881, 2.02704750452, 0.0155288828216, 2.02758947296, 2.99941597162, 3.0, 0.0288124623115, 1.01113203593, 1.0, -0.885650539958, 0.0, 0.0, 2.97739540046, 0.0166280064697, 1.0, -0.951272347739, 3.0, 2.0141448706, 2.98495837904, 3.0, 1.95162985019, 0.00319827542584, -0.999987889955, 1.3115192988, -0.964178528991, -1.0, 1.00631656133, 2.04845346525, 3.0, 0.955130655379, 2.0, 0.885232725187, 1.9928164809, 3.0, -0.979253557844, 2.97643797858, 0.0253031794207, 1.0, -1.0, 2.96946753258, -0.987483309815, 2.00002901039, 0.0, 1.99998309552, 0.374585700499, 0.0209534835652, 1.0, 94074.0, 609, 99498.0
-0.0587146505107, 1.0, -0.0339054872482, 1.02158136881, 2.02704750452, 0.0155288828216, 2.02758947296, 2.99941597162, 3.0, 0.0288124623115, 1.01113203593, 1.0, -0.885650539958, 0.0, 0.0, 2.97739540046, 0.0166280064697, 1.0, -0.951272347739, 3.0, 2.0141448706, 2.98495837904, 3.0, 1.95162985019, 0.00319827542584, -0.999987889955, 1.3115192988, -0.964178528991, -1.0, 1.00631656133, 2.04845346525, 3.0, 0.955130655379, 2.0, 0.885232725187, 1.9928164809, 3.0, -0.979253557844, 2.97643797858, 0.0253031794207, 1.0, -1.0, 2.96946753258, -0.987483309815, 2.00002901039, 0.0, 1.99998309552, 0.374585700499, 0.0209534835652, 1.0, 94074.0, 609, 99498.0
-0.0587146505107, 1.0, -0.0339054872482, 1.02158136881, 2.02704750452, 0.0155288828216, 2.02758947296, 2.99941597162, 3.0, 0.0288124623115, 1.01113203593, 1.0, -0.885650539958, 0.0, 0.0, 2.97739540046, 0.0166280064697, 1.0, -0.951272347739, 3.0, 2.0141448706, 2.98495837904, 3.0, 1.95162985019, 0.00319827542584, -0.999987889955, 1.3115192988, -0.964178528991, -1.0, 1.00631656133, 2.04845346525, 3.0, 0.955130655379, 2.0, 0.885232725187, 1.9928164809, 3.0, -0.979253557844, 2.97643797858, 0.0253031794207, 1.0, -1.0, 2.96946753258, -0.987483309815, 2.00002901039, 0.0, 1.99998309552, 0.374585700499, 0.0209534835652, 1.0, 94074.0, 609, 99498.0
-0.0587146505107, 1.0, -0.0339054872482, 1.02158136881, 2.02704750452, 0.0155288828216, 2.02758947296, 2.99941597162, 3.0, 0.0288124623115, 1.01113203593, 1.0, -0.885650539958, 0.0, 0.0, 2.97739540046, 0.0166280064697, 1.0, -0.951272347739, 3.0, 2.0141448706, 2.98495837904, 3.0, 1.95162985019, 0.00319827542584, -0.999987889955, 1.3115192988, -0.964178528991, -1.0, 1.00631656133, 2.04845346525, 3.0, 0.955130655379, 2.0, 0.885232725187, 1.9928164809, 3.0, -0.979253557844, 2.97643797858, 0.0253031794207, 1.0, -1.0, 2.96946753258, -0.987483309815, 2.00002901039, 0.0, 1.99998309552, 0.374585700499, 0.0209534835652, 1.0, 94074.0, 609, 99498.0
-0.0587146505107, 1.0, -0.0339054872482, 1.02158136881, 2.02704750452, 0.0155288828216, 2.02758947296, 2.99941597162, 3.0, 0.0288124623115, 1.01113203593, 1.0, -0.885650539958, 0.0, 0.0, 2.97739540046, 0.0166280064697, 1.0, -0.951272347739, 3.0, 2.0141448706, 2.98495837904, 3.0, 1.95162985019, 0.00319827542584, -0.999987889955, 1.3115192988, -0.964178528991, -1.0, 1.00631656133, 2.04845346525, 3.0, 0.955130655379, 2.0, 0.885232725187, 1.9928164809, 3.0, -0.979253557844, 2.97643797858, 0.0253031794207, 1.0, -1.0, 2.96946753258, -0.987483309815, 2.00002901039, 0.0, 1.99998309552, 0.374585700499, 0.0209534835652, 1.0, 94074.0, 609, 99498.0
-0.0587146505107, 1.0, -0.0339054872482, 1.02158136881, 2.02704750452, 0.0155288828216, 2.02758947296, 2.99941597162, 3.0, 0.0288124623115, 1.01113203593, 1.0, -0.885650539958, 0.0, 0.0, 2.97739540046, 0.0166280064697, 1.0, -0.951272347739, 3.0, 2.0141448706, 2.98495837904, 3.0, 1.95162985019, 0.00319827542584, -0.999987889955, 1.3115192988, -0.964178528991, -1.0, 1.00631656133, 2.04845346525, 3.0, 0.955130655379, 2.0, 0.885232725187, 1.9928164809, 3.0, -0.979253557844, 2.97643797858, 0.0253031794207, 1.0, -1.0, 2.96946753258, -0.987483309815, 2.00002901039, 0.0, 1.99998309552, 0.374585700499, 0.0209534835652, 1.0, 94074.0, 609, 99498.0
-0.0587146505107, 1.0, -0.0339054872482, 1.02158136881, 2.02704750452, 0.0155288828216, 2.02758947296, 2.99941597162, 3.0, 0.0288124623115, 1.01113203593, 1.0, -0.885650539958, 0.0, 0.0, 2.97739540046, 0.0166280064697, 1.0, -0.951272347739, 3.0, 2.0141448706, 2.98495837904, 3.0, 1.95162985019, 0.00319827542584, -0.999987889955, 1.3115192988, -0.964178528991, -1.0, 1.00631656133, 2.04845346525, 3.0, 0.955130655379, 2.0, 0.885232725187, 1.9928164809, 3.0, -0.979253557844, 2.97643797858, 0.0253031794207, 1.0, -1.0, 2.96946753258, -0.987483309815, 2.00002901039, 0.0, 1.99998309552, 0.374585700499, 0.0209534835652, 1.0, 94074.0, 609, 99498.0
-0.0587146505107, 1.0, -0.0339054872482, 1.02158136881, 2.02704750452, 0.0155288828216, 2.02758947296, 2.99941597162, 3.0, 0.0288124623115, 1.01113203593, 1.0, -0.885650539958, 0.0, 0.0, 2.97739540046, 0.0166280064697, 1.0, -0.951272347739, 3.0, 2.0141448706, 2.98495837904, 3.0, 1.95162985019, 0.00319827542584, -0.999987889955, 1.3115192988, -0.964178528991, -1.0, 1.00631656133, 2.04845346525, 3.0, 0.955130655379, 2.0, 0.885232725187, 1.9928164809, 3.0, -0.979253557844, 2.97643797858, 0.0253031794207, 1.0, -1.0, 2.96946753258, -0.987483309815, 2.00002901039, 0.0, 1.99998309552, 0.374585700499, 0.0209534835652, 1.0, 94074.0, 609, 99498.0
-0.0587146505107, 1.0, -0.0339054872482, 1.02158136881, 2.02704750452, 0.0155288828216, 2.02758947296, 2.99941597162, 3.0, 0.0288124623115, 1.01113203593, 1.0, -0.885650539958, 0.0, 0.0, 2.97739540046, 0.0166280064697, 1.0, -0.951272347739, 3.0, 2.0141448706, 2.98495837904, 3.0, 1.95162985019, 0.00319827542584, -0.999987889955, 1.3115192988, -0.964178528991, -1.0, 1.00631656133, 2.04845346525, 3.0, 0.955130655379, 2.0, 0.885232725187, 1.9928164809, 3.0, -0.979253557844, 2.97643797858, 0.0253031794207, 1.0, -1.0, 2.96946753258, -0.987483309815, 2.00002901039, 0.0, 1.99998309552, 0.374585700499, 0.0209534835652, 1.0, 94074.0, 609, 99498.0
-0.0587146505107, 1.0, -0.0339054872482, 1.02158136881, 2.02704750452, 0.0155288828216, 2.02758947296, 2.99941597162, 3.0, 0.0288124623115, 1.01113203593, 1.0, -0.885650539958, 0.0, 0.0, 2.97739540046, 0.0166280064697, 1.0, -0.951272347739, 3.0, 2.0141448706, 2.98495837904, 3.0, 1.95162985019, 0.00319827542584, -0.999987889955, 1.3115192988, -0.964178528991, -1.0, 1.00631656133, 2.04845346525, 3.0, 0.955130655379, 2.0, 0.885232725187, 1.9928164809, 3.0, -0.979253557844, 2.97643797858, 0.0253031794207, 1.0, -1.0, 2.96946753258, -0.987483309815, 2.00002901039, 0.0, 1.99998309552, 0.374585700499, 0.0209534835652, 1.0, 94074.0, 609, 99498.0
-0.0587146505107, 1.0, -0.0339054872482, 1.02158136881, 2.02704750452, 0.0155288828216, 2.02758947296, 2.99941597162, 3.0, 0.0288124623115, 1.01113203593, 1.0, -0.885650539958, 0.0, 0.0, 2.97739540046, 0.0166280064697, 1.0, -0.951272347739, 3.0, 2.0141448706, 2.98495837904, 3.0, 1.95162985019, 0.00319827542584, -0.999987889955, 1.3115192988, -0.964178528991, -1.0, 1.00631656133, 2.04845346525, 3.0, 0.955130655379, 2.0, 0.885232725187, 1.9928164809, 3.0, -0.979253557844, 2.97643797858, 0.0253031794207, 1.0, -1.0, 2.96946753258, -0.987483309815, 2.00002901039, 0.0, 1.99998309552, 0.374585700499, 0.0209534835652, 1.0, 94074.0, 609, 99498.0
-0.0587146505107, 1.0, -0.0339054872482, 1.02158136881, 2.02704750452, 0.0155288828216, 2.02758947296, 2.99941597162, 3.0, 0.0288124623115, 1.01113203593, 1.0, -0.885650539958, 0.0, 0.0, 2.97739540046, 0.0166280064697, 1.0, -0.951272347739, 3.0, 2.0141448706, 2.98495837904, 3.0, 1.95162985019, 0.00319827542584, -0.999987889955, 1.3115192988, -0.964178528991, -1.0, 1.00631656133, 2.04845346525, 3.0, 0.955130655379, 2.0, 0.885232725187, 1.9928164809, 3.0, -0.979253557844, 2.97643797858, 0.0253031794207, 1.0, -1.0, 2.96946753258, -0.987483309815, 2.00002901039, 0.0, 1.99998309552, 0.374585700499, 0.0209534835652, 1.0, 94074.0, 609, 99498.0
-0.0587146505107, 1.0, -0.0339054872482, 1.02158136881, 2.02704750452, 0.0155288828216, 2.02758947296, 2.99941597162, 3.0, 0.0288124623115, 1.01113203593, 1.0, -0.885650539958, 0.0, 0.0, 2.97739540046, 0.0166280064697, 1.0, -0.951272347739, 3.0, 2.0141448706, 2.98495837904, 3.0, 1.95162985019, 0.00319827542584, -0.999987889955, 1.3115192988, -0.964178528991, -1.0, 1.00631656133, 2.04845346525, 3.0, 0.955130655379, 2.0, 0.885232725187, 1.9928164809, 3.0, -0.979253557844, 2.97643797858, 0.0253031794207, 1.0, -1.0, 2.96946753258, -0.987483309815, 2.00002901039, 0.0, 1.99998309552, 0.374585700499, 0.0209534835652, 1.0, 94074.0, 609, 99498.0
-0.0587146505107, 1.0, -0.0339054872482, 1.02158136881, 2.02704750452, 0.0155288828216, 2.02758947296, 2.99941597162, 3.0, 0.0288124623115, 1.01113203593, 1.0, -0.885650539958, 0.0, 0.0, 2.97739540046, 0.0166280064697, 1.0, -0.951272347739, 3.0, 2.0141448706, 2.98495837904, 3.0, 1.95162985019, 0.00319827542584, -0.999987889955, 1.3115192988, -0.964178528991, -1.0, 1.00631656133, 2.04845346525, 3.0, 0.955130655379, 2.0, 0.885232725187, 1.9928164809, 3.0, -0.979253557844, 2.97643797858, 0.0253031794207, 1.0, -1.0, 2.96946753258, -0.987483309815, 2.00002901039, 0.0, 1.99998309552, 0.374585700499, 0.0209534835652, 1.0, 94074.0, 609, 99498.0
-0.0587146505107, 1.0, -0.0339054872482, 1.02158136881, 2.10317630863, 0.0155288828216, 2.02758947296, 2.99941597162, 3.0, 0.0288124623115, 1.01113203593, 1.0, -0.994693482388, 0.0, 0.0, 2.97739540046, 0.0166280064697, 1.0, -0.951272347739, 3.0, 2.0141448706, 2.98477261859, 3.0, 1.95162985019, 0.00319827542584, -0.999987889955, 1.3115192988, -0.964178528991, -1.0, 1.00631656133, 2.04845346525, 3.0, 0.955130655379, 2.0, 0.885232725187, 1.9928164809, 3.0, -0.979253557844, 2.97643797858, 0.0253031794207, 1.0, -1.0, 2.96946753258, -0.987483309815, 2.00002901039, 0.0, 1.99998296666, -0.370646216083, 0.0999254912153, 1.0, 94074.0, 609, 99498.0
-0.0587146505107, 1.0, -0.0339054872482, 1.02158136881, 2.10317630863, 0.0155288828216, 2.02758947296, 2.99941597162, 3.0, 0.0288124623115, 1.01113203593, 1.0, -0.994693482388, 0.0, 0.0, 2.97739540046, 0.0166280064697, 1.0, -0.951272347739, 3.0, 2.0141448706, 2.98477261859, 3.0, 1.95162985019, 0.00319827542584, -0.999987889955, 1.3115192988, -0.964178528991, -1.0, 1.00631656133, 2.04845346525, 3.0, 0.955130655379, 2.0, 0.885232725187, 1.9928164809, 3.0, -0.979253557844, 2.97643797858, 0.0253031794207, 1.0, -1.0, 2.96946753258, -0.987483309815, 2.00002901039, 0.0, 1.99998296666, -0.370646216083, 0.0999254912153, 1.0, 94074.0, 609, 99498.0
-0.0587146505107, 1.0, -0.0339054872482, 1.02158136881, 2.10472192909, 0.0155288828216, 2.02758947296, 2.99941597162, 3.0, 0.0288124623115, 1.01113203593, 1.0, -0.995418455687, 0.0, 0.0, 2.97739540046, 0.0166280064697, 1.0, -0.951272347739, 3.0, 2.0141448706, 2.98477261859, 3.0, 1.95162985019, 0.00319827542584, -0.999987889955, 1.3115192988, -0.964178528991, -1.0, 1.00631656133, 2.04845346525, 3.0, 0.955130655379, 2.0, 0.885232725187, 1.9928164809, 3.0, -0.979253557844, 2.97643797858, 0.0253031794207, 1.0, -1.0, 2.96946753258, -0.987483309815, 2.00002901039, 0.0, 1.99998296666, -0.399744660998, 0.019533986632, 1.0, 94074.0, 609, 99498.0
-0.0587146505107, 1.0, -0.0339054872482, 1.02158136881, 2.10472192909, 0.0155288828216, 2.02758947296, 2.99941597162, 3.0, 0.0288124623115, 1.01113203593, 1.0, -0.995418455687, 0.0, 0.0, 2.97739540046, 0.0166280064697, 1.0, -0.951272347739, 3.0, 2.0141448706, 2.98477261859, 3.0, 1.95162985019, 0.00319827542584, -0.999987889955, 1.3115192988, -0.964178528991, -1.0, 1.00631656133, 2.04845346525, 3.0, 0.955130655379, 2.0, 0.885232725187, 1.9928164809, 3.0, -0.979253557844, 2.97643797858, 0.0253031794207, 1.0, -1.0, 2.96946753258, -0.987483309815, 2.00002901039, 0.0, 1.99998296666, -0.399744660998, 0.019533986632, 1.0, 94074.0, 609, 99498.0
-0.0587146505107, 1.0, -0.0339054872482, 1.02158136881, 2.10472192909, 0.0155288828216, 2.02758947296, 2.99941597162, 3.0, 0.0288124623115, 1.01113203593, 1.0, -0.995418455687, 0.0, 0.0, 2.97739540046, 0.0166280064697, 1.0, -0.951272347739, 3.0, 2.0141448706, 2.98477261859, 3.0, 1.95162985019, 0.00319827542584, -0.999987889955, 1.3115192988, -0.964178528991, -1.0, 1.00631656133, 2.04845346525, 3.0, 0.955130655379, 2.0, 0.885232725187, 1.9928164809, 3.0, -0.979253557844, 2.97643797858, 0.0253031794207, 1.0, -1.0, 2.96946753258, -0.987483309815, 2.00002901039, 0.0, 1.99998296666, -0.399744660998, 0.019533986632, 1.0, 94074.0, 609, 99498.0
-0.0587146505107, 1.0, -0.0339054872482, 1.02158136881, 2.10472192909, 0.0155288828216, 2.02758947296, 2.99941597162, 3.0, 0.0288124623115, 1.01113203593, 1.0, -0.995418455687, 0.0, 0.0, 2.97739540046, 0.0166280064697, 1.0, -0.951272347739, 3.0, 2.0141448706, 2.98477261859, 3.0, 1.95162985019, 0.00319827542584, -0.999987889955, 1.3115192988, -0.964178528991, -1.0, 1.00631656133, 2.04845346525, 3.0, 0.955130655379, 2.0, 0.885232725187, 1.9928164809, 3.0, -0.979253557844, 2.97643797858, 0.0253031794207, 1.0, -1.0, 2.96946753258, -0.987483309815, 2.00002901039, 0.0, 1.99998296666, -0.399744660998, 0.019533986632, 1.0, 94074.0, 609, 99498.0
-0.0587146505107, 1.0, -0.0339054872482, 1.02158136881, 2.10472192909, 0.0155288828216, 2.02758947296, 2.99941597162, 3.0, 0.0288124623115, 1.01113203593, 1.0, -0.995418455687, 0.0, 0.0, 2.97739540046, 0.0166280064697, 1.0, -0.951272347739, 3.0, 2.0141448706, 2.98477261859, 3.0, 1.95162985019, 0.00319827542584, -0.999987889955, 1.3115192988, -0.964178528991, -1.0, 1.00631656133, 2.04845346525, 3.0, 0.955130655379, 2.0, 0.885232725187, 1.9928164809, 3.0, -0.979253557844, 2.97643797858, 0.0253031794207, 1.0, -1.0, 2.96946753258, -0.987483309815, 2.00002901039, 0.0, 1.99998296666, -0.399744660998, 0.019533986632, 1.0, 94074.0, 609, 99498.0
-0.0587146505107, 1.0, -0.0339054872482, 1.02158136881, 2.10472192909, 0.0155288828216, 2.02758947296, 2.99941597162, 3.0, 0.0288124623115, 1.01113203593, 1.0, -0.995418455687, 0.0, 0.0, 2.97739540046, 0.0166280064697, 1.0, -0.951272347739, 3.0, 2.0141448706, 2.98477261859, 3.0, 1.95162985019, 0.00319827542584, -0.999987889955, 1.3115192988, -0.964178528991, -1.0, 1.00631656133, 2.04845346525, 3.0, 0.955130655379, 2.0, 0.885232725187, 1.9928164809, 3.0, -0.979253557844, 2.97643797858, 0.0253031794207, 1.0, -1.0, 2.96946753258, -0.987483309815, 2.00002901039, 0.0, 1.99998296666, -0.399744660998, 0.019533986632, 1.0, 94074.0, 609, 99498.0
-0.0587146505107, 1.0, -0.0339054872482, 1.02158136881, 2.10472192909, 0.0155288828216, 2.02758947296, 2.99941597162, 3.0, 0.0288124623115, 1.01113203593, 1.0, -0.995418455687, 0.0, 0.0, 2.97739540046, 0.0166280064697, 1.0, -0.951272347739, 3.0, 2.0141448706, 2.98477261859, 3.0, 1.95162985019, 0.00319827542584, -0.999987889955, 1.3115192988, -0.964178528991, -1.0, 1.00631656133, 2.04845346525, 3.0, 0.955130655379, 2.0, 0.885232725187, 1.9928164809, 3.0, -0.979253557844, 2.97643797858, 0.0253031794207, 1.0, -1.0, 2.96946753258, -0.987483309815, 2.00002901039, 0.0, 1.99998296666, -0.399744660998, 0.019533986632, 1.0, 94074.0, 609, 99498.0
-0.0587146505107, 1.0, -0.0339054872482, 1.02158136881, 2.10472192909, 0.0155288828216, 2.02758947296, 2.99941597162, 3.0, 0.0288124623115, 1.01113203593, 1.0, -0.995418455687, 0.0, 0.0, 2.97739540046, 0.0166280064697, 1.0, -0.951272347739, 3.0, 2.0141448706, 2.98477261859, 3.0, 1.95162985019, 0.00319827542584, -0.999987889955, 1.3115192988, -0.964178528991, -1.0, 1.00631656133, 2.04845346525, 3.0, 0.955130655379, 2.0, 0.885232725187, 1.9928164809, 3.0, -0.979253557844, 2.97643797858, 0.0253031794207, 1.0, -1.0, 2.96946753258, -0.987483309815, 2.00002901039, 0.0, 1.99998296666, -0.399744660998, 0.019533986632, 1.0, 94074.0, 609, 99498.0
-0.0587146505107, 1.0, -0.0339054872482, 1.02158136881, 2.10472192909, 0.0155288828216, 2.02758947296, 2.99941597162, 3.0, 0.0288124623115, 1.01113203593, 1.0, -0.995418455687, 0.0, 0.0, 2.97739540046, 0.0166280064697, 1.0, -0.951272347739, 3.0, 2.0141448706, 2.98477261859, 3.0, 1.95162985019, 0.00319827542584, -0.999987889955, 1.3115192988, -0.964178528991, -1.0, 1.00631656133, 2.04845346525, 3.0, 0.955130655379, 2.0, 0.885232725187, 1.9928164809, 3.0, -0.979253557844, 2.97643797858, 0.0253031794207, 1.0, -1.0, 2.96946753258, -0.987483309815, 2.00002901039, 0.0, 1.99998296666, -0.399744660998, 0.019533986632, 1.0, 94074.0, 609, 99498.0
-0.0587146505107, 1.0, -0.000600789435074, 1.02158136881, 2.10317630863, 0.0155288828216, 2.02758947296, 2.9821871366, 3.0, 0.0266520519476, 1.01113203593, 1.0, -0.995530375608, 0.0, 0.00929907065409, 2.97739540046, 0.0166280064697, 1.0, -0.951272347739, 3.0, 2.0141450527, 2.97036231205, 3.0, 2.49428610516, 0.0, -0.999994230949, 1.30789675676, -0.964178528991, -1.0, 1.00768537456, 2.04845346525, 3.0, 0.955130655379, 2.0, 0.967291544569, 2.2082485705, 3.0, -0.979662453698, 2.97643797858, 0.0253031794207, 1.0, -1.0, 2.97891656893, -0.987483309815, 1.99891971208, 0.0, 2.0, -0.370646216083, -0.00572360126906, 1.0, 94074.0, 609, 99498.0
-0.0587146505107, 1.0, -0.000600789435074, 1.02158136881, 2.10317630863, 0.0155288828216, 2.02758947296, 2.9821871366, 3.0, 0.0266520519476, 1.01113203593, 1.0, -0.995530375608, 0.0, 0.00929907065409, 2.97739540046, 0.0166280064697, 1.0, -0.951272347739, 3.0, 2.0141450527, 2.97036231205, 3.0, 2.49428610516, 0.0, -0.999994230949, 1.30789675676, -0.964178528991, -1.0, 1.00768537456, 2.04845346525, 3.0, 0.955130655379, 2.0, 0.967291544569, 2.2082485705, 3.0, -0.979662453698, 2.97643797858, 0.0253031794207, 1.0, -1.0, 2.97891656893, -0.987483309815, 1.99891971208, 0.0, 2.0, -0.370646216083, -0.00572360126906, 1.0, 94074.0, 609, 99498.0
-0.0587146505107, 1.0, -0.0339054872482, 1.02158136881, 2.10317630863, 0.0155288828216, 2.02758947296, 2.99941597162, 3.0, 0.0288124623115, 1.01113203593, 1.0, -0.995530375608, 0.0, 0.0, 2.97739540046, 0.0166280064697, 1.0, -0.951272347739, 3.0, 2.0141448706, 2.98477261859, 3.0, 1.95162985019, 0.00319827542584, -0.999987889955, 1.3115192988, -0.964178528991, -1.0, 1.00631656133, 2.04845346525, 3.0, 0.955130655379, 2.0, 0.885232725187, 1.9928164809, 3.0, -0.979253557844, 2.97643797858, 0.0253031794207, 1.0, -1.0, 2.96946753258, -0.987483309815, 2.00002901039, 0.0, 1.99998296666, -0.370646216083, 0.0999254912153, 1.0, 94074.0, 609, 99498.0
-0.0587146505107, 1.0, -0.0339054872482, 1.02158136881, 2.10317630863, 0.0155288828216, 2.02758947296, 2.99941597162, 3.0, 0.0288124623115, 1.01113203593, 1.0, -0.995530375608, 0.0, 0.0, 2.97739540046, 0.0166280064697, 1.0, -0.951272347739, 3.0, 2.0141448706, 2.98477261859, 3.0, 1.95162985019, 0.00319827542584, -0.999987889955, 1.3115192988, -0.964178528991, -1.0, 1.00631656133, 2.04845346525, 3.0, 0.955130655379, 2.0, 0.885232725187, 1.9928164809, 3.0, -0.979253557844, 2.97643797858, 0.0253031794207, 1.0, -1.0, 2.96946753258, -0.987483309815, 2.00002901039, 0.0, 1.99998296666, -0.370646216083, 0.0999254912153, 1.0, 94074.0, 609, 99498.0
-0.0587146505107, 1.0, -0.0339054872482, 1.02158136881, 2.10317630863, 0.0155288828216, 2.02758947296, 2.99941597162, 3.0, 0.0288124623115, 1.01113203593, 1.0, -0.995530375608, 0.0, 0.0, 2.97739540046, 0.0166280064697, 1.0, -0.951272347739, 3.0, 2.0141448706, 2.98477261859, 3.0, 1.95162985019, 0.00319827542584, -0.999987889955, 1.3115192988, -0.964178528991, -1.0, 1.00631656133, 2.04845346525, 3.0, 0.955130655379, 2.0, 0.885232725187, 1.9928164809, 3.0, -0.979253557844, 2.97643797858, 0.0253031794207, 1.0, -1.0, 2.96946753258, -0.987483309815, 2.00002901039, 0.0, 1.99998296666, -0.370646216083, 0.0999254912153, 1.0, 94074.0, 609, 99498.0
-0.0587146505107, 1.0, -0.0339054872482, 1.02158136881, 2.10472192909, 0.0155288828216, 2.02758947296, 2.99941597162, 3.0, 0.0288124623115, 1.01113203593, 1.0, -0.995303138307, 0.0, 0.0, 2.97739540046, 0.0166280064697, 1.0, -0.951272347739, 2.89336393552, 2.0141448706, 2.98429330182, 3.0, 1.95162985019, 0.00316702704524, -0.999987889955, 1.30235491613, -0.964178528991, -1.0, 1.13982632567, 2.04845346525, 2.82728020318, 0.955130655379, 2.0, 0.885232725187, 1.9928164809, 3.0, -0.898107725229, 2.97643797858, 0.0253031794207, 1.0, -1.0, 2.96946753258, -0.987483309815, 2.00002538389, 0.0, 1.99998282036, -0.399377907302, 0.019533986632, 1.00783731833, 94074.0, 609, 99498.0
-0.0587146505107, 1.0, -0.0339054872482, 1.02158136881, 2.10472192909, 0.0155288828216, 2.02758947296, 2.99941597162, 3.0, 0.0288124623115, 1.01113203593, 1.0, -0.995303138307, 0.0, 0.0, 2.97739540046, 0.0166280064697, 1.0, -0.951272347739, 2.89336393552, 2.0141448706, 2.98429330182, 3.0, 1.95162985019, 0.00316702704524, -0.999987889955, 1.30235491613, -0.964178528991, -1.0, 1.13982632567, 2.04845346525, 2.82728020318, 0.955130655379, 2.0, 0.885232725187, 1.9928164809, 3.0, -0.898107725229, 2.97643797858, 0.0253031794207, 1.0, -1.0, 2.96946753258, -0.987483309815, 2.00002538389, 0.0, 1.99998282036, -0.399377907302, 0.019533986632, 1.00783731833, 94074.0, 609, 99498.0
-0.0587146505107, 1.0, -0.0339054872482, 1.02158136881, 2.10472192909, 0.0155288828216, 2.02758947296, 2.99941597162, 3.0, 0.0288124623115, 1.01113203593, 1.0, -0.995303138307, 0.0, 0.0, 2.97739540046, 0.0166280064697, 1.0, -0.951272347739, 2.89336393552, 2.0141448706, 2.98429330182, 3.0, 1.95162985019, 0.00316702704524, -0.999987889955, 1.30235491613, -0.964178528991, -1.0, 1.13982632567, 2.04845346525, 2.82728020318, 0.955130655379, 2.0, 0.885232725187, 1.9928164809, 3.0, -0.898107725229, 2.97643797858, 0.0253031794207, 1.0, -1.0, 2.96946753258, -0.987483309815, 2.00002538389, 0.0, 1.99998282036, -0.399377907302, 0.019533986632, 1.00783731833, 94074.0, 609, 99498.0
-0.0587146505107, 1.0, -0.0339054872482, 1.02158136881, 2.10472192909, 0.0155288828216, 2.02758947296, 2.99941597162, 3.0, 0.0288124623115, 1.01113203593, 1.0, -0.995303138307, 0.0, 0.0, 2.97739540046, 0.0166280064697, 1.0, -0.951272347739, 2.89336393552, 2.0141448706, 2.98429330182, 3.0, 1.95162985019, 0.00316702704524, -0.999987889955, 1.30235491613, -0.964178528991, -1.0, 1.13982632567, 2.04845346525, 2.82728020318, 0.955130655379, 2.0, 0.885232725187, 1.9928164809, 3.0, -0.898107725229, 2.97643797858, 0.0253031794207, 1.0, -1.0, 2.96946753258, -0.987483309815, 2.00002538389, 0.0, 1.99998282036, -0.399377907302, 0.019533986632, 1.00783731833, 94074.0, 609, 99498.0
-0.0587146505107, 1.0, -0.0339054872482, 1.02158136881, 2.10472192909, 0.0155288828216, 2.02758947296, 2.99941597162, 3.0, 0.0288124623115, 1.01113203593, 1.0, -0.995303138307, 0.0, 0.0, 2.97739540046, 0.0166280064697, 1.0, -0.951272347739, 2.89336393552, 2.0141448706, 2.98429330182, 3.0, 1.95162985019, 0.00316702704524, -0.999987889955, 1.30235491613, -0.964178528991, -1.0, 1.13982632567, 2.04845346525, 2.82728020318, 0.955130655379, 2.0, 0.885232725187, 1.9928164809, 3.0, -0.898107725229, 2.97643797858, 0.0253031794207, 1.0, -1.0, 2.96946753258, -0.987483309815, 2.00002538389, 0.0, 1.99998282036, -0.399377907302, 0.019533986632, 1.00783731833, 94074.0, 609, 99498.0
-0.0587146505107, 1.0, -0.0339054872482, 1.02158136881, 2.10472192909, 0.0155288828216, 2.02758947296, 2.99941597162, 3.0, 0.0288124623115, 1.01113203593, 1.0, -0.995303138307, 0.0, 0.0, 2.97739540046, 0.0166280064697, 1.0, -0.951272347739, 2.89336393552, 2.0141448706, 2.98429330182, 3.0, 1.95162985019, 0.00316702704524, -0.999987889955, 1.30235491613, -0.964178528991, -1.0, 1.13982632567, 2.04845346525, 2.82728020318, 0.955130655379, 2.0, 0.885232725187, 1.9928164809, 3.0, -0.898107725229, 2.97643797858, 0.0253031794207, 1.0, -1.0, 2.96946753258, -0.987483309815, 2.00002538389, 0.0, 1.99998282036, -0.399377907302, 0.019533986632, 1.00783731833, 94074.0, 609, 99498.0
-0.0587146505107, 1.0, -0.0339054872482, 1.02158136881, 2.02704750452, 0.0155288828216, 2.02758947296, 2.99941597162, 3.0, 0.0288124623115, 1.01113203593, 1.0, -0.885650539958, 0.241184619361, 0.0, 2.97739540046, 0.0166280064697, 1.0, -0.951272347739, 3.0, 2.0141448706, 2.98495837904, 3.0, 1.95162985019, 0.00319827542584, -0.999987889955, 1.3115192988, -0.964178528991, -1.0, 1.00631656133, 2.04845346525, 3.0, 0.955130655379, 2.0, 0.885232725187, 1.9928164809, 3.0, -0.979253557844, 2.97643797858, 0.0253031794207, 1.0, -1.0, 2.96946753258, -0.987483309815, 2.00002901039, 0.0, 1.99998309552, 0.374585700499, 0.0209534835652, 1.0, 94074.0, 609, 99498.0
-0.0587146505107, 1.0, -0.0339054872482, 1.02158136881, 2.10317630863, 0.0155288828216, 2.02758947296, 2.99941597162, 3.0, 0.0288124623115, 1.01113203593, 1.0, -0.883252469529, 0.0, 0.0, 2.97739540046, 0.0166280064697, 1.0, -0.951272347739, 3.0, 2.0141448706, 2.98477261859, 3.0, 1.95162985019, 0.00319827542584, -0.999987889955, 1.3115192988, -0.964178528991, -1.0, 1.00631656133, 1.90166657326, 3.0, 0.955130655379, 2.0, 0.885232725187, 1.9928164809, 3.0, -0.979253557844, 2.97643797858, 0.0253031794207, 1.0, -1.0, 2.96946753258, -0.987483309815, 2.00002901039, 0.0, 1.99998296666, -0.370646216083, 0.0999254912153, 1.0, 94074.0, 609, 99498.0
-0.0587146505107, 1.0, -0.000604780310443, 1.02158136881, 2.10317630863, 0.0155288828216, 2.02758947296, 2.98218746246, 2.90819941889, 0.0266520519476, 1.01113203593, 1.0, -0.988285875053, 0.0, 0.0, 2.97739540046, 0.0166280064697, 1.0, -0.951272347739, 2.89207455243, 2.01415748072, 2.97066033211, 3.0, 1.96026135848, 0.0, -0.999994230714, 2.0, -0.964178528991, -1.0, 1.13674804753, 2.04845346525, 3.0, 0.955130655379, 2.0, 0.974267789337, 2.21233141554, 3.0, -0.979662453698, 2.93808997199, 0.0253031794207, 1.0, -1.0, -0.971523731013, -0.987483309815, 1.99891971208, 0.0, 2.0, -0.370646216083, -0.0057846473278, 0.855981062542, 94184.0, 590, 99511.0
-0.0587146505107, 1.0, -0.000347350390535, 1.02158136881, 2.10317630863, 0.0155288828216, 2.02758947296, 2.98271817918, 3.0, 0.0266520519476, 1.01113203593, 1.0, -0.995530375608, 0.0, 0.00014710106111, 2.97739540046, 0.0166280064697, 1.0, -0.951272347739, 3.0, 2.0141593071, 2.97066033211, 3.0, 1.95162985019, 0.0, -0.99999421241, 1.31027109316, -0.964178528991, -1.0, 1.00766993727, 2.04845346525, 3.0, 0.955130655379, 2.0, 0.885232725187, 2.21034101139, 3.0, -0.979662453698, 2.97643797858, 0.0253031794207, 1.0, -1.0, -0.971523731013, -0.987483309815, 2.00003407518, 0.0, 1.99998279608, -0.370646216083, -0.0057843469411, 1.0, 94144.0, 590, 99511.0
-0.0587146505107, 1.0, -0.000347350390535, 1.02158136881, 2.10317630863, 0.0155288828216, 2.02758947296, 2.98271817918, 3.0, 0.0266520519476, 1.01113203593, 1.0, -0.995530375608, 0.0, 0.00014710106111, 2.97739540046, 0.0166280064697, 1.0, -0.951272347739, 3.0, 2.0141593071, 2.97066033211, 3.0, 1.95162985019, 0.0, -0.99999421241, 1.31027109316, -0.964178528991, -1.0, 1.00766993727, 2.04845346525, 3.0, 0.955130655379, 2.0, 0.885232725187, 2.21034101139, 3.0, -0.979662453698, 2.97643797858, 0.0253031794207, 1.0, -1.0, -0.971523731013, -0.987483309815, 2.00003407518, 0.0, 1.99998279608, -0.370646216083, -0.0057843469411, 1.0, 94144.0, 590, 99511.0
-0.0587146505107, 1.0, -0.000347350390535, 1.02158136881, 2.10317630863, 0.0155288828216, 2.02758947296, 2.98271817918, 3.0, 0.0266520519476, 1.01113203593, 1.0, -0.995530375608, 0.0, 0.00014710106111, 2.97739540046, 0.0166280064697, 1.0, -0.951272347739, 3.0, 2.0141593071, 2.97066033211, 3.0, 1.95162985019, 0.0, -0.99999421241, 1.31027109316, -0.964178528991, -1.0, 1.00766993727, 2.04845346525, 3.0, 0.955130655379, 2.0, 0.885232725187, 2.21034101139, 3.0, -0.979662453698, 2.97643797858, 0.0253031794207, 1.0, -1.0, -0.971523731013, -0.987483309815, 2.00003407518, 0.0, 1.99998279608, -0.370646216083, -0.0057843469411, 1.0, 94144.0, 590, 99511.0
-0.0587146505107, 1.0, -0.000347350390535, 1.02158136881, 2.10317630863, 0.0155288828216, 2.02758947296, 2.98271817918, 3.0, 0.0266520519476, 1.01113203593, 1.0, -0.995530375608, 0.0, 0.00014710106111, 2.97739540046, 0.0166280064697, 1.0, -0.951272347739, 3.0, 2.0141593071, 2.97066033211, 3.0, 1.95162985019, 0.0, -0.99999421241, 1.31027109316, -0.964178528991, -1.0, 1.00766993727, 2.04845346525, 3.0, 0.955130655379, 2.0, 0.885232725187, 2.21034101139, 3.0, -0.979662453698, 2.97643797858, 0.0253031794207, 1.0, -1.0, -0.971523731013, -0.987483309815, 2.00003407518, 0.0, 1.99998279608, -0.370646216083, -0.0057843469411, 1.0, 94144.0, 590, 99511.0
-0.0587146505107, 1.0, -0.000347350390535, 1.02158136881, 2.10317630863, 0.0155288828216, 2.02758947296, 2.98271817918, 3.0, 0.0266520519476, 1.01113203593, 1.0, -0.995530375608, 0.0, 0.00014710106111, 2.97739540046, 0.0166280064697, 1.0, -0.951272347739, 3.0, 2.0141593071, 2.97066033211, 3.0, 1.95162985019, 0.0, -0.99999421241, 1.31027109316, -0.964178528991, -1.0, 1.00766993727, 2.04845346525, 3.0, 0.955130655379, 2.0, 0.885232725187, 2.21034101139, 3.0, -0.979662453698, 2.97643797858, 0.0253031794207, 1.0, -1.0, -0.971523731013, -0.987483309815, 2.00003407518, 0.0, 1.99998279608, -0.370646216083, -0.0057843469411, 1.0, 94144.0, 590, 99511.0
-0.0587146505107, 1.0, -0.0339054872482, 1.02158136881, 2.02628857662, 0.0155288828216, 2.02758947296, 2.99941597162, 3.0, 0.0288124623115, 1.01113203593, 1.0, -0.885650539958, 0.0, 0.0, 2.97739540046, 0.0166280064697, 1.0, -0.951272347739, 2.57347878861, 2.0141448706, 2.98495837904, 3.0, 1.95162985019, 0.00319827542584, -0.999987889955, 1.3115192988, -0.964178528991, -1.0, 1.00631656133, 2.04845346525, 3.0, 0.955130655379, 2.0, 0.885232725187, 1.9928164809, 3.0, -0.979253557844, 2.97643797858, 0.0253031794207, 1.0, -1.0, 2.96946753258, -0.987483309815, 2.00002901039, 0.0, 1.99998309552, 0.374585700499, 0.0194985445021, 1.0, 94074.0, 609, 99498.0
