0.102962071519, 0.844386677275, 2.16867353314, 0.933120761312, 87.0087149735, 6.95042918526, 0.336510031821, 0.934166943726, 12.6670362838, 163.497797739, 0.0, 0.0
0.102962071519, 0.844386677275, 2.08075277786, 0.941867033394, 87.0087149735, 6.95042918526, 0.336510031821, 0.687627277089, 12.6670362838, 103.121728849, 0.0276262371895, 0.0
0.15159571587, 0.864226559159, 2.0348062841, 0.651890450637, 80.7755551528, 2.41524086192, 0.546416323535, 0.985307505466, 14.6591674936, 110.939233223, 0.0109012143837, 0.0
0.102962071519, 0.973336709668, 2.16867353314, 0.63308330041, 87.0087149735, 4.32091584114, 0.336510031821, 1.53374248057, 12.6670362838, 68.0869139021, 0.0327021941083, 0.0
0.100235614079, 0.989673418666, 3.37950203789, 0.8028683979, 91.3559038229, 3.00802765995, 0.897120401097, 2.82821920712, 12.4109454784, 146.052446708, 0.00953123626789, 0.0833333333333
0.102962071519, 0.844386677275, 2.16867353314, 0.63308330041, 87.0087149735, 6.95042918526, 0.336510031821, 0.934166943726, 12.6670362838, 88.1316957781, 0.0417482120352, 0.55
0.199765507482, 0.942826709114, 2.38582445433, 0.941867033394, 87.2628215862, 7.56515703862, 0.0952941041081, 0.842246814473, 12.7076559788, 95.9655344269, 0.132816593703, 0.409090909091
0.102962071519, 0.844386677275, 2.08075277786, 0.941867033394, 87.0087149735, 6.95042918526, 0.336510031821, 0.687627277089, 12.6670362838, 96.5917635739, 0.0556895533318, 0.0
0.124988162215, 0.990755052807, 2.25646196348, 0.752602890572, 99.9240552659, 8.49975162243, 0.588640747332, 4.71891677529, 14.6490627909, 101.85202545, 0.0328190198844, 0.0
0.199757126976, 0.972555616871, 2.89587915169, 0.910172920108, 89.2472036273, 3.92181783865, 0.372120493689, 3.48673152831, 19.0352539969, 100.428932996, 0.0943308227032, 0.454545454545
0.104067552596, 1.22260052602, 4.91723217989, 0.870993392459, 99.7756795064, 1.12350911631, 1.77726296998, 1.69516626503, 19.2317343038, 612.409034865, 0.00437801527403, 0.0
0.119988035502, 0.900690337723, 5.28970515699, 0.786251477358, 99.9421639881, 1.18993824931, 1.40521067236, 2.05779547949, 13.3630102563, 427.870604656, 0.00561928780731, 0.0
0.141687216972, 1.22882110607, 5.97255809399, 0.694437783484, 84.7215727268, 1.35719685877, 0.683012355547, 2.51853359801, 11.7008110053, 532.941430418, 0.00469585641485, 0.0
0.123887352851, 0.900690337723, 5.08848451742, 0.709920465467, 97.9171136748, 1.56366345155, 0.469139847254, 0.493483121874, 14.0659142406, 283.333148682, 0.00690650384132, 0.0
0.119988035502, 0.900690337723, 5.28970515699, 0.786251477358, 99.9421639881, 1.18993824931, 0.445171965692, 2.05779547949, 13.3630102563, 167.528118023, 0.00223461338504, 0.222222222222
0.136942908477, 0.826226400557, 4.99852298594, 0.729770275886, 88.281263556, 1.61676529389, 0.445171965692, 0.348248217403, 10.5284231056, 192.673971516, 0.0108936157681, 0.0
0.102962071519, 0.844386677275, 2.08075277786, 0.816270894668, 87.0087149735, 1.50089567114, 0.336510031821, 0.687627277089, 12.6670362838, 102.766136681, 0.0353332109869, 0.571428571429
0.109396772161, 0.883750602511, 4.99221556284, 0.816270894668, 87.2628215862, 1.50089567114, 0.169126634434, 4.18347312602, 15.0023712577, 116.951138951, 0.0119012232032, 0.25
0.160614349091, 0.897164336542, 3.3936487181, 0.748449347151, 99.9471690543, 4.15106675905, 0.101644814651, 0.0572153187938, 18.5927671922, 153.234488349, 0.0165814162399, 0.0
0.15159571587, 0.864226559159, 2.00406746176, 0.651890450637, 80.7755551528, 2.41524086192, 0.807452000585, 0.985307505466, 14.6591674936, 118.417466908, 0.0245220079404, 0.0
0.100235614079, 0.989673418666, 3.08552207252, 0.8028683979, 82.0431981848, 1.12350911631, 0.897120401097, 2.82821920712, 13.8882306757, 113.561340221, 0.0226594161608, 0.625
0.197834337646, 1.09064835706, 2.32621277014, 0.806661372192, 83.6822628895, 1.76747463916, 0.815679235227, 3.91563584004, 13.2831954896, 125.847427558, 0.0197450032614, 0.0
0.104067552596, 1.22260052602, 4.91723217989, 0.774919632946, 99.7756795064, 1.12350911631, 1.77726296998, 1.69516626503, 19.2317343038, 643.998148368, 0.00579352381152, 0.0
0.138878546889, 0.855791217361, 4.99221556284, 0.937763570679, 94.4513749014, 2.21776835987, 0.143422482806, 4.18347312602, 17.2369340353, 287.94286885, 0.0107025783858, 0.0
0.138990483627, 1.12604701704, 6.75245216657, 0.915408835211, 96.8902453233, 2.77278788902, 0.217851304875, 2.81980088341, 10.4859802149, 415.015008976, 0.00797905707717, 0.0
0.102962071519, 0.844386677275, 2.07021264973, 0.783187747751, 87.0087149735, 1.50089567114, 0.336510031821, 0.687627277089, 12.6670362838, 122.609591909, 0.016368942459, 0.3
0.199765507482, 0.942826709114, 2.38582445433, 0.816270894668, 87.2628215862, 1.50089567114, 0.0952941041081, 0.842246814473, 12.7076559788, 154.359386218, 0.0149160688879, 0.222222222222
0.114730435686, 0.990755052807, 2.02891409936, 0.752602890572, 99.9240552659, 8.49975162243, 0.588640747332, 4.71891677529, 17.825552071, 103.350533483, 0.0531689730495, 0.272727272727
0.106049987469, 1.08914412915, 4.6822643967, 0.898610191447, 83.6822628895, 1.30851805073, 0.0339565917158, 1.52045710154, 18.0518745964, 272.727281303, 0.00987499665849, 0.5
0.104067552596, 1.22260052602, 4.91723217989, 0.870993392459, 99.7756795064, 1.18993824931, 0.77870671901, 1.69516626503, 19.2317343038, 420.428517069, 0.00809250206128, 0.285714285714
0.199765507482, 0.942826709114, 2.79468225377, 0.63308330041, 87.2628215862, 1.50089567114, 0.0952941041081, 0.842246814473, 17.9566021481, 191.202748801, 0.0150335714513, 0.0
0.101061070654, 1.07855656221, 2.13119319688, 0.63308330041, 87.9461235784, 6.4681806042, 0.429850781363, 0.921762548307, 17.5117288249, 176.792718235, 0.0157339776649, 0.0
0.140013788197, 1.19131301017, 6.78780931453, 0.774209167504, 82.0431981848, 1.12350911631, 0.490730248938, 1.0390192803, 19.2317343038, 508.700527094, 0.00949110300596, 0.333333333333
0.199765507482, 0.972555616871, 2.38582445433, 0.941867033394, 87.2628215862, 3.92181783865, 0.0952941041081, 3.48673152831, 12.7076559788, 146.8595419, 0.0127110880407, 0.333333333333
0.165476674494, 1.25903422923, 2.4891544994, 0.774919632946, 99.9471690543, 2.18087574342, 0.0292375735619, 0.280374750414, 19.9164781165, 138.697349746, 0.021091435142, 0.266666666667
0.101375832477, 1.07855656221, 2.13119319688, 0.63308330041, 87.9461235784, 6.4681806042, 0.429850781363, 0.921762548307, 17.5117288249, 141.241096121, 0.0266835572758, 0.0
0.129121712816, 0.840717874366, 3.11803773092, 0.651890450637, 83.0701870649, 4.65206042312, 0.546416323535, 0.985307505466, 14.6591674936, 127.619997267, 0.026077352018, 0.142857142857
0.180079454295, 0.847523610592, 4.6822643967, 0.695556225421, 85.8015875801, 1.04877194171, 0.83728293141, 0.807911979615, 19.4402500503, 189.482910293, 0.0138739181008, 0.1
0.180079454295, 0.821799516815, 4.6822643967, 0.716970449356, 83.8050596205, 1.04877194171, 0.177877014372, 1.21764981754, 10.5639871693, 223.482530413, 0.011497112256, 0.0
0.136942908477, 0.826226400557, 2.4891544994, 0.729770275886, 99.9471690543, 2.18087574342, 0.0292375735619, 0.280374750414, 10.5284231056, 131.728923778, 0.0206250380258, 0.333333333333
0.199757126976, 0.972555616871, 2.89587915169, 0.821325161116, 89.2472036273, 3.92181783865, 0.372120493689, 3.48673152831, 13.8151193551, 113.994091357, 0.0537389138165, 0.5625
0.138878546889, 0.855791217361, 5.42886359851, 0.937763570679, 94.4513749014, 2.21776835987, 0.143422482806, 2.3698780007, 17.2369340353, 266.565201875, 0.0116853823598, 0.0
0.12066907951, 1.01696639393, 2.57854819986, 0.828140196104, 83.7028674528, 2.89994958217, 1.98319179555, 1.02396876494, 15.4859348376, 233.652339521, 0.0120679984064, 0.0
0.114730435686, 0.990755052807, 2.25646196348, 0.752602890572, 99.9240552659, 8.49975162243, 0.588640747332, 4.71891677529, 14.6490627909, 114.560082032, 0.108964365625, 0.384615384615
0.160614349091, 0.897164336542, 3.3936487181, 0.748449347151, 99.9471690543, 4.15106675905, 0.101644814651, 0.0572153187938, 18.5927671922, 111.016823192, 0.0858015534887, 0.533333333333
0.114730435686, 0.990755052807, 2.25646196348, 0.752602890572, 99.9240552659, 8.49975162243, 0.588640747332, 4.71891677529, 14.6490627909, 115.067381171, 0.0672418191315, 0.3125
0.114730435686, 0.990755052807, 2.25646196348, 0.752602890572, 99.9240552659, 8.49975162243, 0.588640747332, 4.71891677529, 14.6490627909, 122.766391633, 0.0370547237413, 0.0
0.160614349091, 0.897164336542, 3.3936487181, 0.748449347151, 85.5592268173, 4.15106675905, 0.101644814651, 0.109058801822, 18.5927671922, 144.610902425, 0.0300686053175, 0.0
0.180079454295, 0.847523610592, 4.6822643967, 0.716970449356, 83.8050596205, 1.04877194171, 0.177877014372, 1.21764981754, 10.5639871693, 204.666141745, 0.0157990986229, 0.0
0.114730435686, 0.990755052807, 2.25646196348, 0.752602890572, 99.9240552659, 8.49975162243, 0.588640747332, 4.71891677529, 14.6490627909, 120.046586166, 0.104725944175, 0.0
0.199765507482, 0.942826709114, 2.38582445433, 0.621113759685, 82.4463374437, 4.66900293433, 0.0952941041081, 0.842246814473, 12.7076559788, 124.452991024, 0.0712789538655, 0.0
0.109396772161, 0.883750602511, 4.99221556284, 0.816270894668, 87.2628215862, 1.50089567114, 0.169126634434, 4.18347312602, 15.0023712577, 235.674264855, 0.014160723082, 0.0833333333333
0.109396772161, 0.883750602511, 5.42886359851, 0.816270894668, 87.2628215862, 1.50089567114, 0.169126634434, 2.3698780007, 15.0023712577, 269.276650797, 0.0129750039911, 0.2
0.194753694912, 0.835849751719, 5.16058159579, 0.826360198329, 94.2973660615, 1.12350911631, 0.0253245614147, 2.73649257053, 15.6673195704, 272.607376625, 0.0123766776952, 0.125
0.186180151057, 0.921443891225, 3.11803773092, 0.679960561644, 97.8133446328, 5.2239348923, 0.706406475031, 1.77925948, 15.0023712577, 139.711714974, 0.051528131831, 0.0
0.18203553209, 1.0029527191, 6.6348093764, 0.64021705489, 88.2847240079, 1.34739980692, 1.40838365347, 0.452155314302, 19.3891081964, 569.441728846, 0.0118809521483, 0.0
0.136942908477, 0.826226400557, 4.99852298594, 0.729770275886, 88.281263556, 1.61676529389, 0.445171965692, 0.348248217403, 10.5284231056, 211.182809725, 0.0170043202085, 0.0
0.148853547154, 0.904464333493, 4.99332679052, 0.915408835211, 83.6822628895, 1.30851805073, 0.0339565917158, 3.91442267619, 17.7570709073, 309.814954997, 0.0131168346931, 0.0
0.199765507482, 0.942826709114, 2.38582445433, 0.621113759685, 82.4463374437, 2.18087574342, 0.0952941041081, 0.842246814473, 12.7076559788, 123.537222142, 0.0463131340131, 0.357142857143
0.106049987469, 1.08914412915, 4.95152233056, 0.898610191447, 83.6822628895, 1.30851805073, 0.0339565917158, 1.52045710154, 19.0250969072, 296.132655434, 0.0117878131219, 0.214285714286
0.134575900063, 1.10559081467, 3.08552207252, 0.856266553756, 99.3546556064, 4.10680730445, 0.417460103703, 0.954083212126, 18.4529348857, 312.694118617, 0.0135361252208, 0.0
0.180079454295, 0.847523610592, 4.6822643967, 0.695556225421, 83.8050596205, 1.04877194171, 0.935648617563, 1.21764981754, 10.5639871693, 236.118949105, 0.0135923972341, 0.272727272727
0.101375832477, 1.07855656221, 2.13119319688, 0.933120761312, 87.9461235784, 6.4681806042, 0.429850781363, 0.921762548307, 17.5117288249, 126.694627362, 0.0731363754031, 0.157894736842
0.143216099015, 0.856846294827, 4.08074815175, 0.707901829128, 94.241460691, 8.28605949768, 0.943658232902, 3.02565849589, 19.154897148, 175.106770264, 0.0298345324104, 0.0
0.165476674494, 1.25903422923, 2.4891544994, 0.870993392459, 99.9471690543, 5.3767290103, 0.0292375735619, 0.280374750414, 19.9164781165, 143.572199907, 0.045597875775, 0.1
0.138878546889, 1.01696639393, 2.46966709697, 0.902770243057, 83.7028674528, 2.89994958217, 1.98319179555, 1.02396876494, 15.4859348376, 233.821702857, 0.0158598857664, 0.0
0.188466315554, 0.853020221288, 3.65951048903, 0.641617899837, 90.0991609791, 8.97242341493, 0.860046054199, 3.44646083894, 18.6079061263, 137.476679595, 0.139666833374, 0.125
0.186398017898, 1.0776597221, 5.35206386296, 0.709920465467, 85.9320396019, 1.56366345155, 0.568972985984, 0.501269847675, 18.5363992783, 395.542230618, 0.0140049241681, 0.0
0.186180151057, 1.14196267585, 5.18807560744, 0.679960561644, 97.8133446328, 2.41524086192, 0.706406475031, 1.77925948, 17.7673976284, 336.281476633, 0.0145170173619, 0.0
0.101375832477, 1.07855656221, 2.13119319688, 0.816270894668, 87.9461235784, 6.4681806042, 0.429850781363, 0.921762548307, 12.7076559788, 131.661230771, 0.0729646356551, 0.230769230769
0.186180151057, 1.14196267585, 5.18807560744, 0.679960561644, 97.8133446328, 2.41524086192, 0.706406475031, 1.77925948, 13.3602299077, 419.373243424, 0.0136187865175, 0.0
0.101375832477, 1.07855656221, 2.13119319688, 0.63308330041, 87.9461235784, 6.4681806042, 0.429850781363, 0.921762548307, 17.5117288249, 148.496529205, 0.0406103161729, 0.0666666666667
0.167940298998, 1.10351802821, 7.48573372997, 0.676788364924, 99.1075245923, 3.92962879221, 0.874428282049, 4.23065929774, 13.2310714629, 355.680996804, 0.014652590283, 0.0
0.194753694912, 0.835849751719, 2.83545212008, 0.826360198329, 94.2973660615, 9.54442427221, 0.0253245614147, 2.73649257053, 15.6673195704, 137.756878169, 0.136219871063, 0.142857142857
0.136942908477, 0.826226400557, 4.99852298594, 0.729770275886, 88.281263556, 1.61676529389, 0.445171965692, 0.348248217403, 10.5284231056, 228.857233096, 0.017459927141, 0.0
0.148758454338, 1.25608539856, 2.57854819986, 0.647305326945, 98.7969145241, 5.52154442744, 0.71411862133, 3.44438055358, 15.4859348376, 146.888433907, 0.055097661813, 0.0
0.186180151057, 0.921443891225, 3.11803773092, 0.679960561644, 97.8133446328, 5.2239348923, 0.706406475031, 1.77925948, 13.3602299077, 155.850312799, 0.0341516990641, 0.0
0.12066907951, 1.09496560993, 4.78396386623, 0.755262355984, 83.7028674528, 2.89994958217, 1.98319179555, 3.52098049152, 16.5626891743, 471.672372358, 0.012862050431, 0.127659574468
0.129121712816, 0.864226559159, 5.18807560744, 0.651890450637, 83.0701870649, 2.41524086192, 0.546416323535, 3.67999693849, 14.6591674936, 131.362850284, 0.0384469968767, 0.538461538462
0.136942908477, 0.923270041996, 4.99852298594, 0.729770275886, 88.281263556, 1.61676529389, 0.445171965692, 0.348248217403, 18.1716787318, 200.105481908, 0.0198944683086, 0.133333333333
0.101375832477, 1.07855656221, 2.13119319688, 0.63308330041, 87.9461235784, 6.4681806042, 0.429850781363, 0.921762548307, 17.5117288249, 130.616533727, 0.0443767083626, 0.6
0.114044910171, 0.904464333493, 4.99332679052, 0.795165035395, 83.6822628895, 1.30851805073, 0.0339565917158, 3.91442267619, 16.9819868599, 247.693392628, 0.0143308026109, 0.404761904762
0.119241207529, 0.954525413644, 7.50135742987, 0.836020621079, 90.6338565852, 2.37585611931, 1.40521067236, 2.65845251925, 12.3387714106, 614.704213237, 0.0141473832301, 0.0
0.109800189786, 0.917345712885, 6.57052360139, 0.800109365607, 97.9977603853, 7.19321980941, 0.896914066628, 2.15214151074, 13.7349462812, 371.689067877, 0.0156250154915, 0.0
0.100235614079, 0.989673418666, 5.57831333747, 0.8028683979, 91.3559038229, 6.10311913052, 0.897120401097, 2.82821920712, 13.8882306757, 307.905685437, 0.013816906129, 0.222222222222
0.180079454295, 0.847523610592, 4.95152233056, 0.695556225421, 83.8050596205, 6.82216759067, 0.935648617563, 1.21764981754, 10.5639871693, 126.51535168, 0.0697955070126, 0.5
0.143216099015, 0.856846294827, 4.08074815175, 0.707901829128, 94.241460691, 5.51113921485, 0.943658232902, 3.02565849589, 19.154897148, 181.473444236, 0.0305868900098, 0.0
0.114730435686, 0.990755052807, 2.25646196348, 0.752602890572, 99.9240552659, 8.49975162243, 0.588640747332, 4.71891677529, 14.6490627909, 157.269364445, 0.0421924787963, 0.0
0.134575900063, 1.10559081467, 3.08552207252, 0.856266553756, 99.3546556064, 4.10680730445, 0.243860482825, 0.954083212126, 18.4529348857, 128.510359634, 0.0708585381467, 0.428571428571
0.114730435686, 0.990755052807, 2.25646196348, 0.752602890572, 99.9240552659, 8.49975162243, 0.588640747332, 4.71891677529, 14.6490627909, 137.303282927, 0.0597474878262, 0.363636363636
0.197834337646, 1.1999331647, 2.32621277014, 0.806661372192, 82.1499989564, 1.76747463916, 0.815679235227, 2.42415113415, 18.1716787318, 131.914599158, 0.0593667067132, 0.421052631579
0.115237842562, 1.01806500032, 3.11803773092, 0.647305326945, 91.8445705712, 3.03491018154, 0.0636583836579, 0.0030365311308, 17.825552071, 230.294997856, 0.023991815495, 0.047619047619
0.199765507482, 0.942826709114, 2.38582445433, 0.621113759685, 82.4463374437, 4.66900293433, 0.0952941041081, 0.842246814473, 12.7076559788, 133.666280095, 0.108812038954, 0.3
0.165476674494, 1.25903422923, 2.4891544994, 0.870993392459, 99.9471690543, 2.18087574342, 0.0292375735619, 0.280374750414, 19.9164781165, 205.498522276, 0.0181605599001, 0.285714285714
0.109396772161, 0.883750602511, 5.42886359851, 0.74839242025, 82.4463374437, 4.66900293433, 0.169126634434, 2.3698780007, 15.0023712577, 165.596576157, 0.0284925937847, 0.25
0.115237842562, 1.01806500032, 4.88737873352, 0.644360264682, 91.8445705712, 3.03491018154, 0.0636583836579, 0.00309558801393, 17.825552071, 145.040379552, 0.0366981899454, 0.4
0.136942908477, 0.826226400557, 4.99852298594, 0.729770275886, 88.281263556, 1.35004006951, 0.445171965692, 0.348248217403, 10.5284231056, 190.62586237, 0.0210831027354, 0.333333333333
0.114044910171, 1.24433445289, 2.43325801138, 0.691441910975, 95.5938390279, 7.37086633497, 0.893354588054, 2.5177000285, 12.3485608792, 131.617322776, 0.0979203059021, 0.555555555556
0.123887352851, 0.900690337723, 5.08848451742, 0.692188635301, 97.9171136748, 2.53431672367, 0.469139847254, 0.493483121874, 14.0659142406, 215.323580339, 0.017788881559, 0.25
0.106049987469, 1.08914412915, 4.95152233056, 0.898610191447, 90.2071379552, 4.74657439528, 1.71003729455, 1.52045710154, 19.0250969072, 615.407426155, 0.0157115241187, 0.0
