1.0, 1.0, 2.0, 1.0, 0.0, -1.0, -1.0, 1.0, 1.0, -1.0, -1.0, 3.0, -1.0, 3.0, 1.0, 0.0, 0.0, -1.0, 2.0, -1.0, 0.0, -1.0, 3.0, 2.0, -1.0, 2.0, -1.0, 0.0, 2.0, 3.0, -1.0, 1.0, 1.0, 0.0, 2.0, 1.0, -1.0, -1.0, 2.0, 2.0, 2.0, 0.0, 3.0, 2.0, -1.0, 0.0, 1.0, 0.0, 0.0, -1.0, 97292.0, 506.0, 99515.0
-1.0, 2.0, 2.0, 0.0, 2.0, -1.0, 2.0, -1.0, -1.0, 1.0, 0.0, 1.0, -1.0, -1.0, -1.0, 0.0, 2.0, -1.0, -1.0, 3.0, -1.0, 1.0, -1.0, 0.0, 1.0, -1.0, -1.0, -1.0, 2.0, -1.0, 1.0, 1.0, 2.0, 2.0, 2.0, 0.0, 1.0, 2.0, 1.0, 2.0, 0.0, 0.0, 3.0, -1.0, 2.0, 0.0, 1.0, 0.0, 3.0, -1.0, 97223.0, 480.0, 99541.0
1.0, 2.0, 2.0, 0.0, 2.0, -1.0, 0.0, -1.0, -1.0, -1.0, 0.0, 1.0, -1.0, -1.0, -1.0, 0.0, 2.0, -1.0, -1.0, 3.0, -1.0, 1.0, -1.0, 0.0, 1.0, -1.0, -1.0, -1.0, 2.0, -1.0, -1.0, 1.0, 2.0, 2.0, 2.0, 0.0, 1.0, 2.0, 1.0, 1.0, 0.0, 0.0, 3.0, -1.0, 2.0, 0.0, 1.0, 0.0, 3.0, -1.0, 97177.0, 470.0, 99549.0
1.0, 2.0, 2.0, 0.0, 2.0, -1.0, 0.0, -1.0, -1.0, -1.0, 0.0, 1.0, -1.0, -1.0, -1.0, 0.0, 2.0, -1.0, -1.0, -1.0, -1.0, 1.0, -1.0, 0.0, 1.0, -1.0, -1.0, -1.0, 2.0, -1.0, -1.0, 1.0, 2.0, 2.0, 2.0, 0.0, 1.0, 2.0, 1.0, 1.0, 0.0, 0.0, 3.0, -1.0, 2.0, 0.0, 1.0, 0.0, 3.0, -1.0, 97182.0, 454.0, 99555.0
0.0, 3.0, -1.0, 3.0, 0.0, -1.0, 2.0, -1.0, 0.0, 2.0, 0.0, -1.0, 3.0, -1.0, -1.0, -1.0, 2.0, 3.0, -1.0, 2.0, 1.0, 0.0, 1.0, 3.0, -1.0, 2.0, -1.0, -1.0, 0.0, 3.0, 1.0, 2.0, 0.0, 3.0, 1.0, 0.0, 0.0, -1.0, 1.0, 0.0, 3.0, 0.0, -1.0, -1.0, 2.0, 1.0, 1.0, -1.0, 1.0, -1.0, 97346.0, 487.0, 99531.0
-1.0, 2.0, 2.0, 0.0, 2.0, -1.0, 2.0, -1.0, -1.0, 1.0, 0.0, 1.0, -1.0, -1.0, -1.0, 0.0, 2.0, -1.0, -1.0, 3.0, -1.0, 1.0, -1.0, 0.0, 1.0, 3.0, -1.0, -1.0, 2.0, -1.0, 1.0, 1.0, 2.0, 2.0, 2.0, 0.0, 1.0, 2.0, 1.0, 2.0, 0.0, 0.0, 3.0, -1.0, 2.0, 0.0, 1.0, 0.0, 3.0, -1.0, 97174.0, 496.0, 99527.0
-1.0, 0.0, -1.0, 2.0, 3.0, 3.0, 3.0, 3.0, 3.0, -1.0, 0.0, 2.0, 2.0, -1.0, -1.0, 0.0, 1.0, 0.0, 2.0, -1.0, 2.0, 0.0, 2.0, 0.0, -1.0, 0.0, -1.0, 2.0, 1.0, -1.0, 1.0, 1.0, 2.0, 3.0, 2.0, 3.0, 0.0, 2.0, 1.0, 2.0, 0.0, 1.0, -1.0, 2.0, 0.0, 1.0, -1.0, 1.0, 1.0, 3.0, 96966.0, 550.0, 99462.0
-1.0, 2.0, 2.0, 0.0, 2.0, -1.0, 2.0, -1.0, -1.0, 1.0, 0.0, 1.0, -1.0, -1.0, -1.0, 0.0, 2.0, -1.0, -1.0, 3.0, -1.0, 1.0, -1.0, 0.0, 1.0, -1.0, -1.0, -1.0, 2.0, -1.0, 1.0, 1.0, 2.0, 2.0, 2.0, 0.0, 1.0, 2.0, 1.0, 2.0, 0.0, 0.0, 3.0, -1.0, 2.0, 0.0, 1.0, 0.0, 3.0, -1.0, 97223.0, 480.0, 99541.0
0.0, 3.0, -1.0, 0.0, 0.0, -1.0, 2.0, -1.0, 0.0, 2.0, 0.0, -1.0, 3.0, -1.0, -1.0, -1.0, 2.0, 3.0, -1.0, 2.0, 1.0, 0.0, 1.0, 3.0, -1.0, 2.0, -1.0, -1.0, 0.0, 3.0, 1.0, 2.0, 0.0, 3.0, 1.0, 0.0, 0.0, -1.0, 1.0, 0.0, 3.0, 0.0, 2.0, -1.0, 2.0, 1.0, 1.0, -1.0, 1.0, -1.0, 97226.0, 504.0, 99519.0
1.0, 1.0, 2.0, 1.0, 0.0, -1.0, -1.0, 1.0, 1.0, -1.0, -1.0, 3.0, -1.0, 3.0, 1.0, 0.0, 0.0, -1.0, 2.0, -1.0, 0.0, -1.0, 3.0, 2.0, -1.0, 2.0, -1.0, 0.0, 2.0, 3.0, 1.0, 1.0, 1.0, 0.0, 2.0, 1.0, -1.0, -1.0, 2.0, 2.0, 2.0, 0.0, 3.0, 2.0, 2.0, 0.0, 1.0, 0.0, 0.0, -1.0, 97135.0, 527.0, 99487.0
1.0, 2.0, 2.0, 0.0, 2.0, -1.0, 0.0, -1.0, -1.0, -1.0, 0.0, 1.0, -1.0, -1.0, -1.0, 0.0, 2.0, -1.0, -1.0, 3.0, -1.0, 1.0, 2.0, 0.0, 1.0, -1.0, -1.0, -1.0, 2.0, -1.0, -1.0, 1.0, 2.0, 2.0, 2.0, 0.0, 1.0, 2.0, 1.0, 1.0, 0.0, 0.0, 3.0, -1.0, 2.0, 0.0, 1.0, 0.0, 3.0, -1.0, 97097.0, 488.0, 99529.0
1.0, 1.0, 2.0, 1.0, 0.0, 1.0, -1.0, 1.0, 1.0, -1.0, -1.0, 3.0, 0.0, 3.0, 1.0, 3.0, 0.0, -1.0, 2.0, -1.0, 0.0, -1.0, 3.0, 2.0, -1.0, 2.0, -1.0, 3.0, 2.0, 3.0, -1.0, 1.0, 0.0, 0.0, 2.0, 1.0, -1.0, -1.0, 2.0, 2.0, 2.0, 0.0, 3.0, 2.0, 0.0, 0.0, 1.0, 0.0, 0.0, -1.0, 97096.0, 546.0, 99475.0
1.0, 2.0, 2.0, 0.0, 2.0, -1.0, 0.0, -1.0, -1.0, -1.0, 0.0, 1.0, -1.0, -1.0, -1.0, 0.0, 2.0, -1.0, -1.0, -1.0, -1.0, 1.0, -1.0, 0.0, 1.0, -1.0, -1.0, 0.0, 2.0, -1.0, -1.0, 1.0, 2.0, 2.0, 2.0, 0.0, 1.0, 2.0, 1.0, 1.0, 0.0, -1.0, 3.0, -1.0, 2.0, 0.0, 1.0, 0.0, 3.0, -1.0, 97262.0, 446.0, 99566.0
0.0, 3.0, -1.0, 0.0, 0.0, -1.0, 2.0, -1.0, 0.0, 2.0, 0.0, -1.0, 3.0, -1.0, -1.0, -1.0, 2.0, 3.0, -1.0, 2.0, 1.0, 0.0, 1.0, 3.0, -1.0, 2.0, -1.0, -1.0, 0.0, 3.0, 1.0, 2.0, 0.0, 3.0, 1.0, 0.0, 0.0, -1.0, 1.0, 0.0, 3.0, 0.0, 2.0, -1.0, 2.0, 1.0, 1.0, -1.0, 1.0, -1.0, 97226.0, 504.0, 99519.0
-1.0, 2.0, 2.0, 0.0, 2.0, -1.0, 2.0, -1.0, -1.0, 1.0, 0.0, 1.0, -1.0, -1.0, -1.0, 0.0, 2.0, -1.0, -1.0, 3.0, -1.0, 1.0, -1.0, 0.0, 1.0, -1.0, -1.0, -1.0, 2.0, -1.0, 1.0, 1.0, 2.0, 2.0, 2.0, 0.0, 1.0, -1.0, 1.0, 2.0, 0.0, 0.0, 2.0, -1.0, 2.0, 0.0, 1.0, 0.0, 1.0, -1.0, 97199.0, 464.0, 99552.0
0.0, 1.0, 0.0, 2.0, 2.0, -1.0, 0.0, -1.0, 1.0, 2.0, 2.0, 3.0, -1.0, 1.0, -1.0, 0.0, 1.0, -1.0, 0.0, -1.0, 0.0, 1.0, 2.0, -1.0, -1.0, 3.0, -1.0, 1.0, 2.0, -1.0, -1.0, 2.0, 1.0, 1.0, 0.0, 3.0, -1.0, -1.0, -1.0, 2.0, 0.0, -1.0, 2.0, 1.0, 0.0, 1.0, 0.0, 0.0, -1.0, 2.0, 97252.0, 480.0, 99538.0
-1.0, 0.0, -1.0, 0.0, 3.0, 3.0, 3.0, 3.0, 1.0, -1.0, 0.0, 2.0, 2.0, -1.0, -1.0, 0.0, 0.0, 0.0, 2.0, -1.0, 2.0, 0.0, -1.0, 0.0, -1.0, 3.0, -1.0, 2.0, 1.0, 1.0, 1.0, 1.0, 2.0, 3.0, 2.0, 3.0, -1.0, 2.0, 1.0, 2.0, 0.0, 1.0, -1.0, 2.0, 0.0, 1.0, -1.0, 1.0, 1.0, 2.0, 97076.0, 537.0, 99480.0
0.0, 3.0, -1.0, 3.0, 0.0, -1.0, 2.0, -1.0, 0.0, 2.0, 0.0, -1.0, 3.0, -1.0, -1.0, -1.0, 2.0, 3.0, -1.0, 2.0, 1.0, 0.0, 1.0, 3.0, -1.0, 2.0, -1.0, -1.0, 0.0, 3.0, 1.0, 2.0, 0.0, 3.0, 1.0, 0.0, 0.0, -1.0, 1.0, 0.0, 3.0, 0.0, -1.0, -1.0, 2.0, 1.0, 1.0, -1.0, 1.0, -1.0, 97346.0, 487.0, 99531.0
-1.0, 2.0, 2.0, 0.0, 2.0, -1.0, 2.0, -1.0, -1.0, 1.0, 0.0, 1.0, -1.0, -1.0, -1.0, 0.0, 2.0, -1.0, -1.0, 3.0, 3.0, 1.0, -1.0, 0.0, 1.0, 3.0, -1.0, -1.0, 2.0, -1.0, 1.0, 1.0, 2.0, 2.0, 2.0, 0.0, 1.0, 2.0, 1.0, 2.0, 0.0, 0.0, 3.0, -1.0, 2.0, 0.0, 1.0, 0.0, 3.0, -1.0, 97170.0, 506.0, 99521.0
1.0, 0.0, 2.0, 0.0, 2.0, -1.0, 0.0, -1.0, -1.0, -1.0, 0.0, 1.0, -1.0, -1.0, -1.0, 0.0, 2.0, -1.0, 2.0, 3.0, -1.0, 1.0, -1.0, 0.0, 1.0, -1.0, -1.0, -1.0, 2.0, -1.0, -1.0, 1.0, 2.0, 2.0, 2.0, 3.0, 1.0, 2.0, 1.0, 1.0, 0.0, 0.0, 3.0, -1.0, 2.0, 0.0, 1.0, 0.0, 3.0, -1.0, 97105.0, 481.0, 99537.0
1.0, 1.0, 2.0, 1.0, 0.0, -1.0, -1.0, 1.0, 1.0, -1.0, -1.0, 3.0, -1.0, 3.0, 1.0, 0.0, 0.0, -1.0, 2.0, -1.0, 0.0, -1.0, 1.0, 2.0, -1.0, 2.0, -1.0, 0.0, 2.0, 3.0, -1.0, 1.0, 0.0, 0.0, 2.0, 1.0, -1.0, -1.0, 2.0, 2.0, 2.0, 0.0, 3.0, 2.0, 0.0, 0.0, 1.0, 0.0, 0.0, -1.0, 97073.0, 516.0, 99500.0
-1.0, 1.0, 0.0, 2.0, 0.0, 1.0, -1.0, -1.0, 1.0, -1.0, 0.0, 3.0, -1.0, 1.0, -1.0, 0.0, 1.0, -1.0, 0.0, -1.0, 3.0, 1.0, 2.0, -1.0, -1.0, 3.0, -1.0, 1.0, 2.0, -1.0, -1.0, 2.0, 1.0, 1.0, 0.0, 3.0, -1.0, -1.0, -1.0, 1.0, 0.0, -1.0, 2.0, 1.0, 0.0, 1.0, 0.0, 0.0, -1.0, 2.0, 97283.0, 450.0, 99558.0
-1.0, 0.0, -1.0, 2.0, 3.0, 3.0, 3.0, 3.0, 3.0, -1.0, 0.0, 2.0, 2.0, -1.0, -1.0, 0.0, 1.0, 0.0, 2.0, -1.0, 2.0, 0.0, 2.0, 0.0, -1.0, 0.0, -1.0, 2.0, 1.0, 3.0, 1.0, 1.0, 2.0, 3.0, 2.0, 3.0, 0.0, 2.0, 1.0, 2.0, 0.0, 1.0, -1.0, 2.0, 0.0, 1.0, -1.0, 1.0, 1.0, 3.0, 96949.0, 567.0, 99451.0
-1.0, 1.0, 2.0, 1.0, 3.0, 1.0, -1.0, 1.0, 1.0, -1.0, -1.0, 3.0, 0.0, 3.0, 1.0, 3.0, 0.0, -1.0, 2.0, -1.0, 0.0, -1.0, 3.0, 2.0, -1.0, 2.0, -1.0, 3.0, 2.0, 3.0, 0.0, 1.0, 0.0, 0.0, 2.0, 1.0, -1.0, -1.0, 2.0, 2.0, 2.0, 0.0, 3.0, 2.0, 0.0, 0.0, 1.0, 0.0, 0.0, -1.0, 97179.0, 541.0, 99474.0
1.0, 2.0, 2.0, 0.0, 2.0, -1.0, 0.0, -1.0, -1.0, -1.0, 0.0, 1.0, -1.0, -1.0, -1.0, 0.0, 2.0, -1.0, -1.0, -1.0, -1.0, 1.0, -1.0, 0.0, 1.0, -1.0, -1.0, 0.0, 1.0, -1.0, -1.0, 1.0, 2.0, 2.0, 2.0, 0.0, 1.0, 2.0, 1.0, 1.0, 0.0, -1.0, -1.0, -1.0, 0.0, 0.0, 1.0, 0.0, 3.0, -1.0, 97218.0, 429.0, 99578.0
-1.0, 2.0, 2.0, 0.0, 2.0, -1.0, 2.0, -1.0, -1.0, 1.0, 0.0, 1.0, -1.0, -1.0, -1.0, 0.0, 2.0, -1.0, -1.0, 3.0, -1.0, 1.0, -1.0, 0.0, 1.0, -1.0, -1.0, -1.0, 2.0, -1.0, 1.0, 1.0, 2.0, 2.0, 2.0, 0.0, 1.0, 2.0, 1.0, 2.0, 0.0, 0.0, -1.0, -1.0, 0.0, 0.0, 1.0, 0.0, 3.0, -1.0, 97196.0, 463.0, 99553.0
-1.0, 1.0, 0.0, 2.0, 2.0, -1.0, 0.0, -1.0, 1.0, 2.0, 2.0, 3.0, -1.0, 1.0, -1.0, 0.0, 1.0, -1.0, 0.0, -1.0, 3.0, 1.0, 0.0, -1.0, -1.0, 3.0, -1.0, 1.0, 2.0, -1.0, -1.0, 2.0, 1.0, 1.0, 0.0, 0.0, -1.0, -1.0, -1.0, 2.0, 0.0, -1.0, 2.0, 1.0, 0.0, 1.0, 0.0, 0.0, -1.0, 2.0, 97285.0, 464.0, 99550.0
