-1.0, 1.0, 0.0, 2.0, 2.0, -1.0, 0.0, -1.0, 1.0, -1.0, 2.0, 1.0, -1.0, -1.0, -1.0, 0.0, 1.0, -1.0, 0.0, -1.0, 3.0, 1.0, 2.0, -1.0, 1.0, 3.0, 3.0, -1.0, 2.0, -1.0, 3.0, 2.0, 1.0, -1.0, 0.0, 3.0, -1.0, 1.0, -1.0, 1.0, 0.0, -1.0, 2.0, -1.0, 0.0, 1.0, -1.0, 0.0, -1.0, 2.0, 97556.0, 442.0, 99575.0
-1.0, 1.0, 0.0, 2.0, 2.0, -1.0, 0.0, -1.0, 1.0, -1.0, 2.0, 1.0, -1.0, -1.0, -1.0, 0.0, 1.0, -1.0, 0.0, -1.0, 3.0, 1.0, 2.0, -1.0, 1.0, 3.0, 3.0, -1.0, 2.0, -1.0, 3.0, 2.0, 1.0, -1.0, 0.0, 3.0, -1.0, 1.0, -1.0, 1.0, 0.0, -1.0, 2.0, -1.0, 0.0, 1.0, -1.0, 0.0, -1.0, 2.0, 97556.0, 442.0, 99575.0
-1.0, 1.0, -1.0, 2.0, 2.0, -1.0, 0.0, -1.0, 1.0, -1.0, 2.0, 3.0, -1.0, -1.0, -1.0, 0.0, 1.0, -1.0, 0.0, -1.0, 3.0, 1.0, 2.0, -1.0, 1.0, 3.0, 3.0, -1.0, 2.0, -1.0, 3.0, 2.0, 1.0, 1.0, 0.0, 3.0, -1.0, 1.0, -1.0, 1.0, 0.0, -1.0, 2.0, 1.0, 0.0, 1.0, -1.0, 0.0, -1.0, 2.0, 97576.0, 451.0, 99559.0
1.0, 2.0, 2.0, 0.0, 2.0, -1.0, 2.0, 0.0, -1.0, -1.0, 1.0, 1.0, 3.0, -1.0, -1.0, 0.0, 2.0, -1.0, 1.0, -1.0, -1.0, -1.0, 3.0, 0.0, 1.0, -1.0, -1.0, -1.0, 2.0, 1.0, -1.0, 1.0, 1.0, -1.0, 2.0, 0.0, 1.0, 2.0, 1.0, 2.0, 0.0, 0.0, 3.0, -1.0, 2.0, 0.0, 1.0, 0.0, 3.0, -1.0, 97138.0, 497.0, 99513.0
-1.0, 1.0, 0.0, 2.0, 2.0, -1.0, 0.0, -1.0, 1.0, -1.0, 2.0, 3.0, -1.0, -1.0, -1.0, 0.0, 1.0, -1.0, -1.0, -1.0, -1.0, 1.0, 2.0, -1.0, 1.0, 3.0, 3.0, 1.0, 2.0, -1.0, 3.0, 2.0, 1.0, 1.0, 0.0, 2.0, -1.0, 1.0, -1.0, 1.0, 0.0, -1.0, 2.0, 1.0, 0.0, 1.0, 0.0, 0.0, -1.0, 2.0, 97344.0, 478.0, 99543.0
-1.0, 2.0, 2.0, 0.0, 2.0, -1.0, 2.0, -1.0, -1.0, 1.0, 1.0, 1.0, -1.0, -1.0, -1.0, 0.0, 2.0, -1.0, -1.0, -1.0, 3.0, 1.0, 3.0, 0.0, 1.0, -1.0, -1.0, -1.0, 2.0, 1.0, -1.0, 1.0, -1.0, -1.0, 2.0, 0.0, 1.0, 2.0, 1.0, 2.0, -1.0, 0.0, 3.0, -1.0, 2.0, 0.0, 0.0, 0.0, 3.0, -1.0, 97414.0, 459.0, 99565.0
-1.0, 1.0, -1.0, 2.0, 2.0, -1.0, 0.0, -1.0, 1.0, -1.0, 2.0, 3.0, -1.0, -1.0, -1.0, 0.0, 1.0, -1.0, 0.0, -1.0, 3.0, 1.0, 2.0, 0.0, 1.0, 3.0, 3.0, -1.0, 2.0, -1.0, 3.0, 2.0, 1.0, 1.0, 0.0, 3.0, -1.0, 1.0, -1.0, 1.0, 0.0, -1.0, 2.0, 1.0, 0.0, 1.0, -1.0, 0.0, -1.0, 2.0, 97479.0, 470.0, 99550.0
-1.0, 2.0, 2.0, 0.0, 2.0, -1.0, 2.0, -1.0, -1.0, 1.0, 1.0, 1.0, -1.0, -1.0, -1.0, 0.0, 2.0, -1.0, -1.0, -1.0, 3.0, 1.0, 3.0, 0.0, 1.0, -1.0, -1.0, -1.0, 2.0, 1.0, -1.0, 1.0, -1.0, -1.0, 2.0, 0.0, -1.0, 2.0, 1.0, 2.0, -1.0, 0.0, 3.0, -1.0, 2.0, 0.0, 0.0, 0.0, 3.0, -1.0, 97473.0, 447.0, 99574.0
-1.0, 0.0, -1.0, 3.0, 0.0, 3.0, 1.0, 0.0, 2.0, -1.0, -1.0, 0.0, 0.0, 3.0, -1.0, -1.0, 0.0, -1.0, 0.0, -1.0, -1.0, 1.0, 3.0, 1.0, 2.0, 1.0, -1.0, 1.0, 2.0, 1.0, 3.0, 3.0, 0.0, 1.0, -1.0, 1.0, 1.0, 1.0, 0.0, 1.0, 3.0, 0.0, 3.0, 0.0, 0.0, 3.0, -1.0, 3.0, 3.0, -1.0, 97296.0, 525.0, 99492.0
1.0, 2.0, 2.0, 0.0, 2.0, -1.0, 2.0, 0.0, -1.0, 1.0, 1.0, 0.0, -1.0, -1.0, -1.0, 0.0, 2.0, -1.0, -1.0, -1.0, -1.0, 1.0, 3.0, 0.0, 1.0, -1.0, -1.0, -1.0, 2.0, 1.0, -1.0, 1.0, -1.0, -1.0, 2.0, 0.0, 0.0, -1.0, 1.0, 2.0, 0.0, 0.0, 3.0, -1.0, 2.0, 0.0, 1.0, 0.0, 3.0, -1.0, 97195.0, 480.0, 99544.0
-1.0, 1.0, -1.0, 2.0, 2.0, -1.0, 0.0, -1.0, 1.0, -1.0, 2.0, 3.0, -1.0, -1.0, -1.0, 0.0, 1.0, -1.0, 0.0, -1.0, 3.0, 1.0, 2.0, -1.0, 1.0, 3.0, 3.0, 1.0, 2.0, -1.0, 3.0, 2.0, 1.0, 1.0, 0.0, 3.0, -1.0, 1.0, -1.0, 1.0, 0.0, -1.0, 2.0, 1.0, 0.0, 1.0, -1.0, 0.0, -1.0, 2.0, 97549.0, 461.0, 99552.0
-1.0, 0.0, -1.0, 3.0, 0.0, 2.0, 1.0, 0.0, 2.0, -1.0, -1.0, 0.0, 0.0, 3.0, -1.0, -1.0, 0.0, 2.0, 0.0, -1.0, -1.0, 1.0, 3.0, 1.0, 2.0, 1.0, -1.0, 1.0, 2.0, 1.0, 3.0, 3.0, 0.0, 1.0, -1.0, 1.0, 1.0, 1.0, 0.0, 1.0, 3.0, 0.0, 3.0, 0.0, 0.0, 3.0, -1.0, 3.0, 3.0, -1.0, 97210.0, 543.0, 99477.0
-1.0, 0.0, -1.0, 3.0, 0.0, 3.0, 1.0, 0.0, 2.0, -1.0, -1.0, 0.0, 0.0, 3.0, -1.0, -1.0, 0.0, -1.0, 0.0, -1.0, -1.0, 1.0, 3.0, 1.0, 2.0, 1.0, -1.0, 1.0, 2.0, 1.0, 3.0, 3.0, 0.0, 1.0, -1.0, 1.0, 1.0, 1.0, 0.0, 1.0, 3.0, 0.0, 3.0, 0.0, 0.0, 3.0, -1.0, 3.0, 3.0, -1.0, 97296.0, 525.0, 99492.0
-1.0, 3.0, 0.0, 2.0, 3.0, 3.0, -1.0, -1.0, 1.0, -1.0, -1.0, 3.0, 2.0, 2.0, -1.0, 1.0, 1.0, -1.0, 2.0, -1.0, -1.0, 3.0, 2.0, 0.0, -1.0, 0.0, 3.0, 0.0, 1.0, -1.0, 0.0, 1.0, 1.0, 1.0, 3.0, 2.0, 1.0, 2.0, 2.0, 0.0, 0.0, 0.0, 3.0, 2.0, -1.0, 0.0, 0.0, 2.0, 2.0, -1.0, 97223.0, 534.0, 99484.0
-1.0, 3.0, 0.0, 2.0, 3.0, 3.0, -1.0, -1.0, 1.0, -1.0, -1.0, 3.0, 2.0, 2.0, -1.0, 1.0, 1.0, -1.0, 2.0, -1.0, -1.0, 3.0, 2.0, 0.0, -1.0, 0.0, 3.0, 0.0, 1.0, -1.0, 0.0, 1.0, 1.0, 1.0, 3.0, 2.0, 1.0, 2.0, 2.0, 0.0, 0.0, 0.0, 3.0, 2.0, -1.0, 0.0, 0.0, 2.0, 2.0, -1.0, 97223.0, 534.0, 99484.0
