0.147185904175, 1.09722661541, 2.1492016091, 0.499706187001, 30.5747252997, 1.2270498047, 0.772944849647, 0.0131479649853, 17.5217458501, 80.2000993149, 0.0235140822718, 0.125
0.147185904175, 1.09722661541, 2.1492016091, 0.499706187001, 30.5747252997, 1.2270498047, 0.772944849647, 0.0131479649853, 16.2728847196, 96.2193727734, 0.00439241290565, 0.0
0.530835313761, 0.837217892339, 2.02075478865, 0.609583676556, 33.416763737, 29.0692915741, 0.854843326431, 0.781721927608, 35.1446847278, 83.4533023889, 0.52632727555, 0.0
0.488241091118, 0.89667706257, 2.45885136348, 0.693149461803, 74.1293492871, 40.8239121607, 0.761703669177, 2.8138702578, 35.4272837586, 66.6886594002, 0.603031029508, 0.0
0.471674862593, 0.871709645623, 2.15360838818, 0.649109423473, 10.2100141863, 3.712929103, 0.536645932257, 2.99647864604, 13.8335789335, 80.2944850688, 0.148874930308, 0.5
0.307471206583, 0.918992035075, 2.14311630297, 0.649109423473, 10.2100141863, 6.50009244502, 0.0185772683819, 0.523126566552, 13.8335789335, 89.4642687767, 0.0360144218334, 0.153846153846
0.397020210843, 1.09722661541, 2.1492016091, 0.609583676556, 30.5747252997, 1.2270498047, 0.772944849647, 0.0131479649853, 17.5217458501, 87.9807059649, 0.0537540435582, 0.272727272727
0.106055157169, 0.871709645623, 2.15360838818, 0.624623033298, 6.89616604496, 6.468585, 1.64626321841, 4.87488496375, 1.09848263312, 218.148808808, 0.00654222507619, 0.0
0.147185904175, 1.09722661541, 2.1492016091, 0.499706187001, 30.5747252997, 1.2270498047, 0.772944849647, 0.0131479649853, 17.5217458501, 164.789258791, 0.00701183979941, 0.142857142857
0.147185904175, 1.09722661541, 2.1492016091, 0.475348713182, 6.57968296791, 1.2270498047, 0.772944849647, 0.0131479649853, 17.5217458501, 101.042267355, 0.00885844437144, 0.0
0.12369773053, 1.09722661541, 2.54161553125, 0.609583676556, 30.5747252997, 1.06221533132, 0.222626645402, 0.00890921669685, 32.8711155605, 248.358630745, 0.00476021706027, 0.0
0.355214010436, 0.837217892339, 2.04989159358, 0.455757134861, 42.0668567172, 4.37747432509, 0.621292904492, 2.14128710829, 22.3958563831, 97.0409629957, 0.0704133245847, 0.230769230769
0.639802637518, 0.837217892339, 2.1492016091, 0.609583676556, 30.5747252997, 1.2270498047, 0.854843326431, 0.0131479649853, 17.5217458501, 99.7817728666, 0.0710608418371, 0.227272727273
0.39943018444, 0.861414413894, 2.15360838818, 0.624623033298, 21.7665960106, 1.12035101915, 0.0185772683819, 4.87488496375, 32.3125593545, 94.9082673182, 0.0386015986622, 0.333333333333
0.530835313761, 0.864904916468, 2.11876910765, 0.548796605588, 33.416763737, 29.0692915741, 0.854174749434, 0.781721927608, 30.8093393762, 91.3217472743, 0.475057168014, 0.5
0.147185904175, 1.09722661541, 2.1492016091, 0.499706187001, 30.5747252997, 1.2270498047, 0.772944849647, 0.0131479649853, 17.5217458501, 168.69951239, 0.00877860400322, 0.210526315789
0.121330059668, 1.12985189221, 3.93727504438, 0.544917665308, 77.0819676016, 1.25889758589, 0.0185772683819, 3.90062957988, 17.0571876721, 175.131297109, 0.00858110876094, 0.333333333333
0.639802637518, 1.09722661541, 2.1492016091, 0.609583676556, 30.5747252997, 1.2270498047, 0.772944849647, 0.0131479649853, 17.5217458501, 123.824697284, 0.0538078837729, 0.142857142857
0.147185904175, 1.09722661541, 2.1492016091, 0.499706187001, 77.0819676016, 1.2270498047, 0.990945900564, 0.0131479649853, 17.4604297604, 139.314540821, 0.0134323917973, 0.0833333333333
0.147185904175, 1.09722661541, 2.1492016091, 0.499706187001, 30.5747252997, 1.2270498047, 0.772944849647, 0.0131479649853, 17.5217458501, 142.444952515, 0.0119571632034, 0.304347826087
0.171809523404, 1.12985189221, 2.32280988046, 0.47421019047, 88.5167932453, 9.32649568149, 0.55843838625, 4.19590977876, 17.0571876721, 122.307419524, 0.0699434917749, 0.0
0.639802637518, 0.837217892339, 2.1492016091, 0.65949058007, 30.5747252997, 1.2270498047, 0.854843326431, 0.0131479649853, 17.5217458501, 126.962025332, 0.0282792804671, 0.0
0.147185904175, 1.09722661541, 2.1492016091, 0.499706187001, 30.5747252997, 1.2270498047, 0.479127465309, 0.0131479649853, 17.5217458501, 132.070810315, 0.0153346160957, 0.5
0.639802637518, 0.851968243608, 2.11876910765, 0.548796605588, 30.5747252997, 1.2270498047, 0.854174749434, 0.0131479649853, 17.5217458501, 118.519174564, 0.0589683796448, 0.266666666667
0.505002010793, 1.10953091925, 2.08796942605, 0.411549616545, 97.0071022407, 2.04015478272, 0.270180683108, 4.55399501619, 16.2728847196, 105.397215724, 0.101104098116, 0.0714285714286
0.12369773053, 1.09722661541, 2.01668614394, 0.609583676556, 30.5747252997, 1.2270498047, 0.222626645402, 0.0131479649853, 32.8711155605, 112.813310064, 0.0178394633585, 0.333333333333
0.106055157169, 1.09722661541, 2.1492016091, 0.624623033298, 6.67734581788, 2.64363030296, 0.772944849647, 4.87488496375, 1.09848263312, 111.578866454, 0.0341020041817, 0.62
0.147185904175, 1.09722661541, 2.1492016091, 0.499706187001, 20.9666503141, 1.2270498047, 0.772944849647, 0.0131479649853, 17.5217458501, 152.996430479, 0.0115522975453, 0.5
0.171809523404, 1.12985189221, 2.56310732731, 0.544917665308, 77.0819676016, 1.25889758589, 0.0185772683819, 4.74746418198, 22.8538033624, 202.465839712, 0.00987543123992, 0.0
0.39943018444, 0.871709645623, 2.15360838818, 0.624623033298, 9.92256639558, 5.84492334752, 0.0963252713874, 4.19751643396, 42.8193918008, 116.067845248, 0.160480943075, 0.0
0.779715617697, 0.826153424483, 2.93432084494, 0.577679089811, 32.9565328743, 14.4739368747, 0.410461945306, 2.99647864604, 40.3715561045, 102.787512465, 0.271934193206, 0.0
0.392104291696, 0.871709645623, 2.15360838818, 0.660000035241, 30.5747252997, 1.2270498047, 1.64626321841, 0.0131479649853, 17.5217458501, 147.699645555, 0.0233122113157, 0.0
0.12369773053, 1.09722661541, 2.01668614394, 0.609583676556, 30.5747252997, 1.06221533132, 0.222626645402, 0.0131479649853, 32.8711155605, 155.118301338, 0.00924180530373, 0.0769230769231
0.121330059668, 1.12985189221, 3.93727504438, 0.544917665308, 77.0819676016, 1.25889758589, 0.0185772683819, 3.90062957988, 17.0571876721, 377.379698286, 0.00704857839123, 0.0
0.121330059668, 1.12985189221, 3.93727504438, 0.544917665308, 77.0819676016, 1.25889758589, 0.0185772683819, 3.90062957988, 17.0571876721, 300.225080758, 0.00864062469188, 0.0
0.307471206583, 0.918992035075, 2.15360838818, 0.649109423473, 10.2100141863, 6.50009244502, 0.536645932257, 0.523126566552, 13.8335789335, 103.299156256, 0.251737310725, 0.357142857143
0.337200594016, 1.04041364706, 2.25713399077, 0.682299209426, 76.2665621695, 6.04641708551, 0.647749315412, 3.90062957988, 30.3050933981, 102.346804982, 0.30636692181, 0.647058823529
0.147185904175, 1.09722661541, 2.1492016091, 0.499706187001, 30.5747252997, 1.2270498047, 0.772944849647, 0.0131479649853, 17.5217458501, 142.548398377, 0.0212080042013, 0.181818181818
0.147185904175, 1.09722661541, 2.1492016091, 0.499706187001, 30.5747252997, 1.2270498047, 0.772944849647, 0.0131479649853, 27.6924184588, 141.239333984, 0.0147103171433, 0.4
0.147185904175, 1.09722661541, 2.1492016091, 0.499706187001, 30.5747252997, 1.2270498047, 0.772944849647, 0.0131479649853, 17.0582904528, 127.06421557, 0.0283345003587, 0.285714285714
0.639802637518, 1.09722661541, 2.1492016091, 0.609583676556, 30.5747252997, 1.2270498047, 0.772944849647, 0.0131479649853, 17.5217458501, 141.41593841, 0.0581416411761, 0.24
0.505002010793, 1.18739105815, 2.08796942605, 0.411549616545, 97.0071022407, 2.04015478272, 0.270180683108, 0.0131479649853, 17.5217458501, 137.188116282, 0.0726640917422, 0.0526315789474
0.39943018444, 0.871709645623, 2.15360838818, 0.634441097796, 1.28954415073, 6.468585, 0.571409361642, 0.341829807038, 42.8193918008, 130.45295447, 0.131387389559, 0.0
0.290233930825, 0.837217892339, 2.13715878379, 0.47421019047, 42.0668567172, 4.37747432509, 0.649475101232, 2.14128710829, 22.3958563831, 129.15702511, 0.0798640540907, 0.0526315789474
0.39943018444, 0.8565564056, 2.15360838818, 0.624623033298, 21.7665960106, 1.12035101915, 0.0185772683819, 4.87488496375, 32.3125593545, 142.232361925, 0.0335215617666, 0.0
0.28289065402, 0.958096806736, 2.1492016091, 0.548796605588, 97.0071022407, 10.1111787508, 0.12600184706, 3.18213770324, 1.2219409131, 110.535464035, 0.167802410422, 0.63829787234
0.355214010436, 0.837217892339, 2.05215355752, 0.455757134861, 42.0668567172, 4.37747432509, 0.571409361642, 2.14128710829, 22.3958563831, 105.551666468, 0.211634338228, 0.444444444444
0.106055157169, 1.09722661541, 2.1492016091, 0.624623033298, 6.67734581788, 2.64363030296, 0.772944849647, 4.87488496375, 1.09848263312, 114.911421094, 0.0276621429954, 0.739130434783
0.147185904175, 1.09722661541, 2.1492016091, 0.499706187001, 30.5747252997, 1.2270498047, 0.772944849647, 0.0131479649853, 27.6924184588, 125.273148403, 0.0253330810477, 0.444444444444
0.39943018444, 0.871709645623, 2.15360838818, 0.624623033298, 11.7238903405, 6.468585, 0.0963252713874, 4.19751643396, 42.8193918008, 118.183665344, 0.202280956076, 0.428571428571
0.107377636404, 1.1180862233, 4.0731183521, 0.652979915864, 26.9331799387, 38.7283197478, 0.0585396679388, 3.3770658834, 9.40180850282, 126.387963689, 0.260760317678, 0.0
0.530835313761, 0.864904916468, 2.11876910765, 0.421298268442, 37.7446808861, 27.6024340065, 0.854174749434, 0.781721927608, 30.8093393762, 109.586096729, 0.481832856675, 0.294117647059
0.530835313761, 0.864904916468, 2.11876910765, 0.421298268442, 33.416763737, 27.6024340065, 0.854174749434, 0.781721927608, 22.3958563831, 117.862051192, 0.329511902986, 0.222222222222
0.639802637518, 0.837217892339, 2.1492016091, 0.609583676556, 30.5747252997, 32.2723034508, 0.854843326431, 0.0131479649853, 17.5217458501, 113.187751048, 0.49472940556, 0.0
0.530835313761, 0.836624098886, 2.11876910765, 0.434791603297, 33.416763737, 28.2310784087, 0.854174749434, 0.781721927608, 30.8093393762, 116.365865368, 0.442656626368, 0.0
0.500363556127, 0.89667706257, 2.45885136348, 0.682662603812, 74.1293492871, 40.8239121607, 0.761703669177, 2.8138702578, 35.4272837586, 122.262542234, 0.321231408041, 0.0
0.135221952079, 1.04041364706, 2.25713399077, 0.682299209426, 24.8041361766, 2.39880387512, 1.39528047433, 3.90062957988, 30.3050933981, 261.697262648, 0.0224790244429, 0.1
0.171809523404, 0.826153424483, 3.66504897022, 0.544917665308, 77.0819676016, 1.25889758589, 1.39528047433, 4.01460298402, 22.8538033624, 291.970173121, 0.0167560168572, 0.155555555556
0.300747536698, 1.03739758548, 2.1492016091, 0.594657925026, 4.09970967054, 1.2270498047, 0.230218852903, 0.0131479649853, 32.5952068851, 190.447903621, 0.0257310270585, 0.1
0.108270233986, 1.1869184508, 3.93727504438, 0.587497387421, 77.0819676016, 1.25889758589, 0.536645932257, 3.90062957988, 17.0571876721, 162.905810937, 0.0114764477766, 0.5
0.147185904175, 1.19860965151, 2.1492016091, 0.499706187001, 30.5747252997, 1.2270498047, 0.772944849647, 0.0131479649853, 36.9334560032, 166.698182057, 0.0154885261095, 0.176470588235
0.147185904175, 1.09722661541, 2.1492016091, 0.499706187001, 30.5747252997, 1.2270498047, 2.2593833807, 0.0131479649853, 17.5217458501, 302.76080826, 0.00946823355105, 0.0
0.171809523404, 1.12985189221, 3.93727504438, 0.544917665308, 77.0819676016, 1.25889758589, 0.0185772683819, 4.01460298402, 22.8538033624, 300.827235132, 0.0113924080053, 0.0
0.147185904175, 1.09722661541, 2.1492016091, 0.499706187001, 6.57968296791, 1.2270498047, 0.772944849647, 0.0131479649853, 17.5217458501, 158.03941627, 0.0241335586864, 0.454545454545
0.106055157169, 0.992654719973, 2.15360838818, 0.671458829148, 6.89616604496, 6.468585, 1.73811815231, 4.87488496375, 1.09848263312, 131.365325125, 0.0498331524283, 0.341176470588
0.135221952079, 1.04041364706, 2.25713399077, 0.682299209426, 24.8041361766, 2.39880387512, 0.854843326431, 2.14128710829, 30.3050933981, 138.776270022, 0.0386838402273, 0.366666666667
0.300747536698, 0.877252857908, 2.30914978367, 0.600532861307, 42.0668567172, 2.04015478272, 0.270180683108, 0.0782807944826, 16.2728847196, 136.987552251, 0.0454370196205, 0.4
0.106055157169, 0.871709645623, 2.15360838818, 0.678520752938, 6.67734581788, 6.468585, 1.37895452866, 4.87488496375, 1.09848263312, 132.783215156, 0.0458508893549, 0.30487804878
0.147185904175, 1.09722661541, 2.1492016091, 0.499706187001, 21.7665960106, 1.2270498047, 0.772944849647, 0.0131479649853, 17.5217458501, 128.479761092, 0.0321378500918, 0.416666666667
0.67504850924, 1.09722661541, 2.1492016091, 0.499706187001, 30.5747252997, 1.2270498047, 0.479127465309, 0.0131479649853, 17.5217458501, 138.853903292, 0.0826535495169, 0.209677419355
0.28289065402, 0.958096806736, 2.1492016091, 0.548796605588, 97.0071022407, 10.1111787508, 0.12600184706, 3.18213770324, 1.2219409131, 132.055443039, 0.0910427444053, 0.0833333333333
0.290233930825, 0.837217892339, 2.13715878379, 0.47421019047, 42.0668567172, 4.37747432509, 0.649475101232, 4.18209316823, 22.3958563831, 130.801323992, 0.161122007617, 0.375
0.639802637518, 1.09722661541, 2.1492016091, 0.609583676556, 30.5747252997, 1.2270498047, 0.772944849647, 0.0131479649853, 17.5217458501, 161.996220507, 0.0507356297109, 0.0
0.300747536698, 1.03739758548, 2.1492016091, 0.594657925026, 4.09970967054, 5.93762845303, 0.230218852903, 4.00272733448, 32.5952068851, 147.062705168, 0.12557823077, 0.015625
0.505002010793, 0.851968243608, 2.11876910765, 0.548796605588, 30.5747252997, 1.2270498047, 0.854174749434, 0.0131479649853, 16.2728847196, 149.341092367, 0.0376734876355, 0.166666666667
0.171809523404, 1.12985189221, 2.32280988046, 0.47421019047, 77.0819676016, 9.32649568149, 0.55843838625, 4.19590977876, 17.0571876721, 149.037313585, 0.125814251038, 0.0
0.266613581256, 0.837217892339, 4.09419055819, 0.404683207384, 49.6064357135, 4.37747432509, 0.00727560529344, 2.14128710829, 22.3958563831, 204.026247725, 0.0345672314905, 0.0909090909091
0.541423682102, 0.923448350126, 2.93432084494, 0.490532412285, 13.501327899, 1.2270498047, 0.0585396679388, 3.06228707962, 17.7325383722, 143.515831206, 0.0482373969195, 0.285714285714
0.639802637518, 1.09722661541, 2.1492016091, 0.609583676556, 30.5747252997, 1.2270498047, 0.854843326431, 0.0131479649853, 17.5217458501, 143.501777811, 0.0548937311383, 0.075
0.505002010793, 1.10953091925, 2.08796942605, 0.547852539062, 86.8140974002, 8.15031744827, 0.270180683108, 4.55399501619, 41.7310646952, 159.794170512, 0.111418760951, 0.0
0.530835313761, 0.864904916468, 2.11876910765, 0.421298268442, 33.416763737, 27.6024340065, 0.854174749434, 0.781721927608, 30.8093393762, 111.216842216, 0.431726821473, 0.555555555556
0.639802637518, 1.09722661541, 2.1492016091, 0.609583676556, 30.5747252997, 1.2270498047, 0.772944849647, 0.0131479649853, 17.5217458501, 127.54874833, 0.0453783332823, 0.538461538462
0.530835313761, 0.864904916468, 2.00649147501, 0.609583676556, 33.416763737, 46.8007591801, 0.854843326431, 1.71836925656, 35.1446847278, 115.693322828, 0.702119369516, 0.285714285714
0.459611587802, 0.864904916468, 2.11876910765, 0.421298268442, 95.6656321969, 27.6024340065, 0.854174749434, 0.781721927608, 30.8093393762, 118.283405993, 0.479226426844, 0.142857142857
0.530835313761, 0.864904916468, 2.11876910765, 0.421298268442, 58.6202103203, 27.6024340065, 0.854174749434, 0.781721927608, 30.8093393762, 116.833854449, 0.604931637684, 0.181818181818
0.488241091118, 0.89667706257, 2.45885136348, 0.682662603812, 74.1293492871, 40.8239121607, 0.761703669177, 2.8138702578, 35.4272837586, 137.505664382, 0.436974431973, 0.0
0.779715617697, 0.826153424483, 2.93432084494, 0.441372269278, 32.9565328743, 14.4739368747, 0.53207632537, 2.99647864604, 40.3715561045, 148.420978698, 0.351880899137, 0.0
0.541423682102, 0.923448350126, 4.0731183521, 0.490532412285, 13.501327899, 1.2270498047, 0.0585396679388, 3.06228707962, 17.7325383722, 262.795505917, 0.0323945802198, 0.125
0.106055157169, 0.871709645623, 2.15360838818, 0.624623033298, 30.5747252997, 1.08293908161, 1.64626321841, 4.87488496375, 1.09848263312, 174.118002119, 0.0122461118815, 0.580357142857
0.171809523404, 1.09722661541, 2.56310732731, 0.46854717083, 78.1776599065, 1.2270498047, 0.0185772683819, 4.74746418198, 22.8538033624, 185.511316698, 0.0187293477276, 0.212121212121
0.147185904175, 1.09722661541, 2.1492016091, 0.499706187001, 21.7665960106, 1.0318604477, 0.772944849647, 0.0131479649853, 17.5217458501, 172.982171093, 0.018252529129, 0.464285714286
0.12369773053, 1.09722661541, 2.01668614394, 0.609583676556, 30.5747252997, 1.2270498047, 0.222626645402, 0.0131479649853, 32.8711155605, 176.279710795, 0.0171080384356, 0.461538461538
0.135221952079, 1.04041364706, 2.25713399077, 0.682299209426, 24.8041361766, 2.39880387512, 0.854843326431, 3.90062957988, 30.3050933981, 169.610813411, 0.0337892018741, 0.2
0.330497793327, 1.18581155617, 7.44403623789, 0.609583676556, 30.5747252997, 1.2270498047, 0.854843326431, 0.0131479649853, 17.5217458501, 561.74445179, 0.0147784027278, 0.0
0.188884315931, 1.11101335811, 3.690152212, 0.582169546415, 76.2665621695, 6.04641708551, 1.39528047433, 4.77671195502, 34.6570610261, 407.824080542, 0.0377540629234, 0.0
0.221196749883, 1.19519199738, 5.6161374585, 0.424083569523, 19.9426177283, 1.37564282292, 1.56248200214, 4.19751643396, 16.2600241769, 678.569019202, 0.014395319992, 0.0243902439024
0.120979498943, 0.837217892339, 5.5936207424, 0.523568154695, 4.09970967054, 4.37747432509, 1.52846316212, 3.63885371929, 42.8193918008, 458.521507705, 0.0326064583727, 0.0
0.171809523404, 1.12985189221, 3.93727504438, 0.47421019047, 77.0819676016, 9.32649568149, 0.55843838625, 4.19590977876, 17.0571876721, 278.232786536, 0.054221849257, 0.0
0.171809523404, 0.849199029065, 3.93727504438, 0.544917665308, 77.0819676016, 46.4833192511, 0.00259020956069, 4.22169703626, 35.038958924, 122.897790081, 0.482853681266, 0.454545454545
0.121330059668, 1.09722661541, 2.1492016091, 0.499706187001, 30.5747252997, 1.2270498047, 2.12933133684, 1.19942587214, 17.0571876721, 243.359122726, 0.0186489813432, 0.620283018868
