0.698873956952, 0.826153424483, 4.48386077066, 0.619457480842, 34.8741996417, 43.872753927, 0.0280005147781, 4.01460298402, 41.7828492128, 376.283432269, 0.0, 0.0
0.108986538325, 1.12025070758, 2.04846737353, 0.556679338564, 30.5747252997, 1.2270498047, 0.772944849647, 0.0131479649853, 11.2268855376, 118.828288613, 0.000879402477243, 0.0
0.108907099588, 0.837217892339, 2.90587014697, 0.582169546415, 87.2326440257, 1.2270498047, 0.408436631057, 3.16298738362, 26.6235246199, 91.4490990606, 0.00568995678209, 0.285714285714
0.122264425723, 0.906758467551, 2.1492016091, 0.689391329265, 84.4139156716, 10.1111787508, 0.440879205046, 1.27512743183, 41.0608556955, 64.5802274826, 0.0401926965862, 0.0
0.147185904175, 1.09722661541, 2.1492016091, 0.499706187001, 30.5747252997, 1.2270498047, 0.772944849647, 0.0131479649853, 17.5217458501, 110.557765432, 0.0104397847061, 0.142857142857
0.147185904175, 1.09722661541, 2.1492016091, 0.449009922943, 30.5747252997, 1.2270498047, 0.772944849647, 0.00622460592058, 17.5217458501, 79.8010938457, 0.010491268599, 0.0
0.290233930825, 0.837217892339, 2.15360838818, 0.455757134861, 83.9229077225, 1.2270498047, 0.571409361642, 1.9590939003, 9.67746746531, 68.2297926027, 0.0290984881852, 0.1
0.128928807919, 1.19375000182, 2.1492016091, 0.499706187001, 30.5747252997, 1.2270498047, 0.772944849647, 0.0130827154538, 17.0571876721, 73.3400096186, 0.0234326539852, 0.0909090909091
0.171809523404, 1.09722661541, 2.1492016091, 0.499706187001, 30.5747252997, 1.2270498047, 0.772944849647, 0.0131479649853, 17.5217458501, 43.7575997921, 0.0353812086307, 0.5
0.146513776418, 1.09722661541, 5.45137097806, 0.499706187001, 4.69893459294, 1.2270498047, 0.420448317321, 0.0131479649853, 17.5217458501, 328.637378294, 0.00368210266486, 0.111111111111
0.147185904175, 0.857365179492, 4.87548900048, 0.455757134861, 17.037991333, 1.2270498047, 0.772944849647, 0.135235593843, 32.8659323935, 208.101555489, 0.00561968114156, 0.0
0.121339238601, 1.12985189221, 5.45137097806, 0.544917665308, 77.0819676016, 1.25889758589, 1.45503522879, 4.01460298402, 17.0571876721, 753.641106013, 0.00515685273403, 0.0
0.126912396264, 1.04041364706, 2.49571918092, 0.550645486937, 71.0353493676, 1.2270498047, 0.691168976902, 2.99647864604, 16.4480278071, 157.870711175, 0.00760342498624, 0.0
0.110062697916, 1.09722661541, 2.1492016091, 0.473948711916, 70.247485571, 1.2270498047, 0.772944849647, 2.86946064035, 40.3715561045, 169.568490787, 0.00706918100192, 0.388888888889
0.290233930825, 0.837217892339, 2.1492016091, 0.59967830008, 5.49139244645, 43.872753927, 0.0185772683819, 4.8738491316, 17.0571876721, 74.0612032224, 0.436224186829, 0.0
0.219080779862, 0.82160579577, 2.11219014943, 0.455757134861, 32.9565328743, 1.46830352706, 0.691168976902, 2.99647864604, 40.3715561045, 65.005360248, 0.0445339761959, 0.333333333333
0.147185904175, 0.837217892339, 2.1492016091, 0.435577932074, 42.0668567172, 1.25889758589, 0.571409361642, 2.14128710829, 22.3958563831, 98.623545535, 0.0205871574242, 0.0
0.116291890044, 1.09722661541, 2.1492016091, 0.473948711916, 70.247485571, 1.2270498047, 0.772944849647, 0.0131479649853, 17.5217458501, 91.3722524533, 0.0190229739049, 0.631578947368
0.290233930825, 0.837217892339, 2.15360838818, 0.455757134861, 76.2665621695, 1.25889758589, 0.389823716528, 2.14128710829, 22.3958563831, 106.600155049, 0.0133211404404, 0.0
0.290233930825, 0.837217892339, 2.15360838818, 0.455757134861, 77.0819676016, 4.37747432509, 0.571409361642, 2.14128710829, 17.5217458501, 84.2721439026, 0.0394616675817, 0.0
0.290233930825, 0.837217892339, 2.15360838818, 0.455757134861, 83.9229077225, 2.48904941946, 0.571409361642, 1.9590939003, 9.67746746531, 94.0764480271, 0.0231765134718, 0.0
0.116291890044, 0.942497866384, 2.83563302186, 0.582169546415, 78.7843316424, 6.04641708551, 0.338035601728, 4.07757657289, 34.6570610261, 137.276894656, 0.0106473786989, 0.0
0.147185904175, 1.12025070758, 2.04846737353, 0.556679338564, 30.5747252997, 1.2270498047, 0.772944849647, 0.0131479649853, 17.5217458501, 102.964637868, 0.0204589054494, 0.307692307692
0.290233930825, 0.837217892339, 2.15360838818, 0.638774605878, 42.0668567172, 1.25889758589, 0.571409361642, 2.70388150857, 22.3958563831, 66.4624440871, 0.0361368647254, 0.571428571429
0.147185904175, 1.09722661541, 5.45137097806, 0.405709374023, 77.0819676016, 1.25889758589, 0.772944849647, 0.0131479649853, 17.0571876721, 405.314389762, 0.00494036999523, 0.111111111111
0.121339238601, 1.12985189221, 5.45137097806, 0.544917665308, 77.0819676016, 1.08659715249, 1.45503522879, 4.01460298402, 17.0571876721, 547.147911331, 0.006760393463, 0.0
0.114699439283, 1.12985189221, 2.1492016091, 0.499706187001, 99.6476717058, 1.2270498047, 2.37281855564, 0.0131479649853, 17.0571876721, 282.190081242, 0.00698472629296, 0.0
0.171809523404, 1.04301089134, 2.44729380765, 0.544917665308, 77.0819676016, 1.25889758589, 0.750561312372, 0.0484607399308, 17.0571876721, 194.122729046, 0.009061434977, 0.0
0.114699439283, 1.12985189221, 2.1492016091, 0.499706187001, 99.6476717058, 1.2270498047, 2.37281855564, 0.0131479649853, 16.3853117822, 265.451613133, 0.00870916872802, 0.0
0.108907099588, 1.06340321842, 2.90587014697, 0.582169546415, 59.8355529683, 2.04015478272, 0.408436631057, 3.16298738362, 26.6235246199, 160.650322949, 0.00874504148965, 0.1
0.122264425723, 0.837217892339, 2.83563302186, 0.500106158492, 49.2172383749, 1.25889758589, 0.53207632537, 4.67819131928, 6.23516283421, 159.972928442, 0.0101624388837, 0.45
0.126912396264, 1.04041364706, 2.49571918092, 0.544917665308, 71.0353493676, 1.2270498047, 0.691168976902, 4.07478061629, 16.4480278071, 196.063838429, 0.00802064745962, 0.136363636364
0.290233930825, 0.837217892339, 2.15360838818, 0.455757134861, 83.9229077225, 5.24688036969, 0.571409361642, 1.9590939003, 9.67746746531, 80.9934693223, 0.0949653169222, 0.333333333333
0.290233930825, 0.837217892339, 2.1492016091, 0.455757134861, 42.0668567172, 1.25889758589, 0.571409361642, 2.14128710829, 34.6570610261, 121.585749631, 0.0218517908441, 0.0
0.147185904175, 1.09722661541, 2.1492016091, 0.556679338564, 30.5747252997, 1.2270498047, 0.772944849647, 0.0131479649853, 17.5217458501, 130.873793907, 0.0140967580863, 0.0
0.290233930825, 0.837217892339, 2.15360838818, 0.435577932074, 42.0668567172, 1.25889758589, 0.571409361642, 2.14128710829, 22.3958563831, 124.837289556, 0.0208698132657, 0.0
0.10686796338, 1.10953091925, 2.1492016091, 0.499706187001, 30.5747252997, 1.0721593289, 0.772944849647, 2.36237705551, 17.5217458501, 125.465793831, 0.0134612695092, 0.466666666667
0.122264425723, 0.906758467551, 2.1492016091, 0.689391329265, 67.5677282509, 1.2270498047, 0.0963252713874, 1.27512743183, 41.0608556955, 123.222043243, 0.019113780402, 0.45
0.183231477047, 0.837217892339, 2.15360838818, 0.455757134861, 76.2373105091, 1.75589131435, 0.571409361642, 2.14128710829, 22.3958563831, 109.783145594, 0.0198087493466, 0.230769230769
0.290233930825, 0.834511807686, 2.15360838818, 0.455757134861, 42.0668567172, 10.6319299267, 0.571409361642, 2.14128710829, 17.0571876721, 88.2718648658, 0.120140470406, 0.0
0.290233930825, 0.837217892339, 2.48053754142, 0.571016710351, 42.0668567172, 1.25889758589, 0.53207632537, 0.877294317449, 22.3958563831, 97.5031573255, 0.0461608576048, 0.291666666667
0.159922058424, 0.837217892339, 2.15360838818, 0.455757134861, 42.0668567172, 10.6319299267, 0.571409361642, 2.14128710829, 13.5073492958, 100.369466156, 0.0592975786777, 0.1
0.107501896243, 0.89667706257, 2.127711651, 0.582169546415, 77.0819676016, 16.4510508751, 0.377777504023, 4.76530801426, 34.6570610261, 98.7346595331, 0.0708084889865, 0.0
0.122264425723, 0.868039478668, 2.83563302186, 0.500106158492, 9.84732580543, 26.5070700658, 0.0963252713874, 4.67819131928, 6.23516283421, 98.5947098273, 0.100708697905, 0.0
0.290233930825, 0.837217892339, 2.15360838818, 0.435577932074, 42.0668567172, 1.25889758589, 0.571409361642, 2.14128710829, 38.1726721266, 101.035723215, 0.0307857272583, 0.1
0.147185904175, 0.837217892339, 2.1492016091, 0.556679338564, 30.5747252997, 1.2270498047, 0.772944849647, 0.0131479649853, 17.5217458501, 117.075741212, 0.0234404037798, 0.0
0.290233930825, 0.837217892339, 2.15360838818, 0.455757134861, 87.7624687908, 2.48904941946, 0.571409361642, 1.9590939003, 9.67746746531, 104.010436944, 0.0266683944629, 0.0
0.122264425723, 1.12985189221, 2.78356349591, 0.544917665308, 77.0819676016, 1.25889758589, 0.772944849647, 0.0130827154538, 17.5217458501, 183.492429131, 0.0110767745019, 0.0384615384615
0.10686796338, 0.906758467551, 2.1492016091, 0.689391329265, 78.0610130783, 1.2270498047, 0.440879205046, 1.27512743183, 41.0608556955, 140.212499004, 0.0126493132608, 0.5
0.108907099588, 1.06340321842, 2.90587014697, 0.582169546415, 30.5747252997, 1.2270498047, 0.408436631057, 3.16298738362, 26.6235246199, 158.267796973, 0.0113367013093, 0.333333333333
0.126912396264, 1.04041364706, 2.49571918092, 0.556679338564, 71.0353493676, 4.37747432509, 0.691168976902, 0.792523137948, 22.3958563831, 85.6411648522, 0.0711174876448, 0.571428571429
0.290233930825, 0.837217892339, 2.48053754142, 0.464606695968, 42.0668567172, 10.864266867, 0.53207632537, 0.0130827154538, 16.3300919489, 80.7855424316, 0.420689157184, 0.6
0.147185904175, 1.09722661541, 2.04703877918, 0.556679338564, 1.37638813885, 1.2270498047, 0.772944849647, 0.0131479649853, 17.5217458501, 77.2246860448, 0.036859027343, 0.625
0.240389378728, 1.19612875367, 5.6161374585, 0.424083569523, 65.6005022889, 1.37564282292, 0.408436631057, 3.80438644408, 16.2600241769, 574.180687568, 0.00648015727154, 0.4
0.171809523404, 1.10953091925, 3.93727504438, 0.544917665308, 77.0819676016, 1.25889758589, 0.750561312372, 0.0484607399308, 17.0571876721, 313.171310237, 0.00766830643584, 0.0
0.103210687907, 1.03910685963, 2.90587014697, 0.582169546415, 59.8355529683, 2.04015478272, 0.408436631057, 3.16298738362, 26.6235246199, 295.076241694, 0.00776101531938, 0.125
0.147185904175, 1.12985189221, 2.1492016091, 0.499706187001, 99.6476717058, 1.2270498047, 2.37281855564, 0.0131479649853, 17.5217458501, 284.158578773, 0.00850221014382, 0.00847457627119
0.108451190702, 1.09722661541, 6.37313039527, 0.499706187001, 4.69893459294, 1.2270498047, 0.420448317321, 0.0131479649853, 17.5217458501, 474.357791178, 0.00753111161632, 0.105263157895
0.10686796338, 1.19375000182, 2.1492016091, 0.638774605878, 22.5693864531, 4.37747432509, 0.772944849647, 0.0130827154538, 17.5217458501, 196.063612738, 0.0122539615194, 0.0
0.171809523404, 1.10953091925, 3.93727504438, 0.544917665308, 77.0819676016, 1.25889758589, 0.750561312372, 0.0484607399308, 17.0571876721, 228.926396372, 0.0108766021427, 0.0
0.122264425723, 0.906758467551, 2.1492016091, 0.689391329265, 67.5677282509, 1.2270498047, 1.10928378419, 1.27512743183, 41.0608556955, 242.058415715, 0.00911368171866, 0.0
0.10686796338, 1.19375000182, 2.1492016091, 0.499706187001, 30.5747252997, 1.2270498047, 0.772944849647, 0.0130827154538, 17.5217458501, 161.582077573, 0.0116319412087, 0.318181818182
0.126912396264, 1.04041364706, 4.24635418444, 0.435577932074, 48.9059574479, 1.46830352706, 0.691168976902, 1.36570105421, 41.0608556955, 283.877357971, 0.00870784379531, 0.142857142857
0.108451190702, 1.09722661541, 5.45137097806, 0.499706187001, 4.69893459294, 1.2270498047, 0.420448317321, 0.0131479649853, 2.01352720626, 244.438673511, 0.00863796419029, 0.5
0.126912396264, 1.04041364706, 2.14433129295, 0.638774605878, 85.2794427015, 1.46830352706, 0.691168976902, 1.36570105421, 41.0608556955, 131.2459079, 0.017612908572, 0.0
0.116291890044, 1.09722661541, 2.1492016091, 0.473948711916, 70.247485571, 1.2270498047, 0.772944849647, 0.0131479649853, 17.5217458501, 134.495535858, 0.0162438927708, 0.1875
0.147185904175, 1.04041364706, 2.04703877918, 0.556679338564, 71.0353493676, 1.2270498047, 0.772944849647, 0.0131479649853, 17.5217458501, 164.873618796, 0.0149536250352, 0.125
0.290233930825, 1.12337181382, 2.15360838818, 0.455757134861, 83.9229077225, 1.25889758589, 0.571409361642, 1.9590939003, 9.67746746531, 128.5072514, 0.0204422513036, 0.421052631579
0.171809523404, 1.04918190091, 2.1492016091, 0.499706187001, 30.5747252997, 1.2270498047, 0.772944849647, 0.0130827154538, 17.5217458501, 115.766041452, 0.0222203634167, 0.588235294118
0.126912396264, 1.04041364706, 2.14433129295, 0.638774605878, 15.3599479777, 1.46830352706, 0.691168976902, 1.36570105421, 41.0608556955, 117.711173648, 0.0209892202281, 0.555555555556
0.219080779862, 0.826153424483, 2.11219014943, 0.455757134861, 32.9565328743, 14.4739368747, 0.53207632537, 2.99647864604, 40.3715561045, 93.5069213044, 0.2786895518, 0.454545454545
0.290233930825, 0.837217892339, 2.15360838818, 0.455757134861, 42.0668567172, 4.37747432509, 0.571409361642, 2.14128710829, 22.3958563831, 98.492537623, 0.15652240101, 0.0
0.290233930825, 0.837217892339, 2.15360838818, 0.455757134861, 42.0668567172, 10.6319299267, 0.571409361642, 2.14128710829, 13.5073492958, 95.3999535638, 0.182787544296, 0.0
0.290233930825, 0.837217892339, 2.15360838818, 0.455757134861, 83.9229077225, 4.37747432509, 0.571409361642, 1.9590939003, 9.67746746531, 100.697762876, 0.0779366936591, 0.526315789474
0.290233930825, 0.837217892339, 2.15360838818, 0.455757134861, 83.9229077225, 2.48904941946, 0.571409361642, 1.9590939003, 9.67746746531, 103.491655245, 0.0363336148627, 0.5
0.355214010436, 1.12985189221, 2.0181691478, 0.544917665308, 84.0238352587, 1.25889758589, 0.0022468921548, 4.88659394364, 17.0571876721, 102.839693594, 0.0404395738136, 0.48275862069
0.311521540822, 0.906758467551, 2.1492016091, 0.689391329265, 78.0610130783, 1.2270498047, 0.0652707594166, 1.27512743183, 22.3958563831, 103.13474519, 0.0536761562433, 0.357142857143
0.290233930825, 0.837217892339, 2.48053754142, 0.571016710351, 42.0668567172, 1.25889758589, 0.53207632537, 0.877294317449, 22.3958563831, 127.933129244, 0.029220941182, 0.111111111111
0.290233930825, 0.837217892339, 2.15360838818, 0.455757134861, 76.2665621695, 1.25889758589, 0.571409361642, 2.14128710829, 22.3958563831, 127.199508955, 0.0387786092317, 0.047619047619
0.122264425723, 0.868039478668, 2.83563302186, 0.500106158492, 1.86206016857, 20.9590911962, 0.440879205046, 4.67819131928, 6.23516283421, 109.294225423, 0.0529372756865, 0.0
0.171809523404, 1.04301089134, 2.44729380765, 0.544917665308, 77.0819676016, 1.25889758589, 0.750561312372, 0.0484607399308, 16.3853117822, 128.348726884, 0.0281182609187, 0.285714285714
0.290233930825, 0.837217892339, 2.15360838818, 0.455757134861, 42.0668567172, 4.37747432509, 0.571409361642, 2.14128710829, 22.3958563831, 105.399026542, 0.0307140995525, 0.111111111111
0.126912396264, 1.04041364706, 2.49571918092, 0.550645486937, 71.0353493676, 1.2270498047, 0.691168976902, 0.792523137948, 22.3958563831, 199.320265204, 0.0112751191579, 0.0909090909091
0.147185904175, 1.09722661541, 2.1492016091, 0.499706187001, 30.5747252997, 1.2270498047, 0.772944849647, 0.0131479649853, 17.5217458501, 143.375965276, 0.0154779266876, 0.526315789474
0.147185904175, 1.09722661541, 2.1492016091, 0.435577932074, 42.0668567172, 1.25889758589, 0.571409361642, 2.14128710829, 22.3958563831, 181.410052619, 0.0115785307099, 0.529411764706
0.146513776418, 1.19319877059, 6.85529603088, 0.583548173485, 85.2794427015, 1.16402777642, 0.916250803541, 3.51560039257, 16.2728847196, 571.752053047, 0.00851244704978, 0.0
0.214668451237, 0.834511807686, 5.6161374585, 0.472352267417, 99.9815093789, 1.2270498047, 0.408436631057, 1.79017491551, 16.2600241769, 300.093204215, 0.00839742903687, 0.25
0.234048041331, 0.891798541489, 2.67277573184, 0.455757134861, 30.5747252997, 1.25889758589, 0.571409361642, 2.14128710829, 18.7836257582, 124.728461741, 0.0256542226162, 0.684210526316
0.714583869248, 0.821630289735, 2.01459222167, 0.529356342039, 49.2172383749, 22.0337234421, 0.53900477823, 3.99498535868, 41.4298692505, 98.2989523138, 0.328007780038, 0.0
0.122264425723, 0.868039478668, 2.83563302186, 0.500106158492, 2.91351921757, 20.9590911962, 0.440879205046, 4.67819131928, 6.23516283421, 97.7104523401, 0.237178425001, 0.454545454545
0.171809523404, 1.10953091925, 6.85529603088, 0.424083569523, 70.247485571, 1.0721593289, 0.625159263124, 0.975221478612, 17.5217458501, 465.353649934, 0.00875483246373, 0.125
0.290233930825, 0.837217892339, 2.15360838818, 0.455757134861, 42.0668567172, 4.37747432509, 0.571409361642, 2.14128710829, 22.3958563831, 97.8061784758, 0.190127585637, 0.533333333333
0.147185904175, 1.09722661541, 2.15360838818, 0.689391329265, 30.5747252997, 1.2270498047, 3.40801405443, 0.0131479649853, 16.3853117822, 322.925118163, 0.00902366193639, 0.0
0.290233930825, 0.837217892339, 2.15360838818, 0.455757134861, 83.9229077225, 2.48904941946, 0.571409361642, 1.9590939003, 9.67746746531, 103.050514345, 0.0776834604779, 0.625
0.290233930825, 0.837217892339, 2.15360838818, 0.455757134861, 9.84732580543, 4.37747432509, 0.571409361642, 2.14128710829, 22.3958563831, 112.906079714, 0.0914753365593, 0.0833333333333
0.221196749883, 1.19519199738, 5.6161374585, 0.439613636552, 65.6005022889, 1.37564282292, 0.571409361642, 3.18213770324, 16.2600241769, 515.459343314, 0.00854321233895, 0.125
0.122264425723, 0.821221472614, 2.83563302186, 0.500106158492, 49.2172383749, 26.5070700658, 0.53207632537, 4.67819131928, 6.23516283421, 109.719386984, 0.122775754351, 0.125
0.290233930825, 1.06340321842, 2.67277573184, 0.455757134861, 30.5747252997, 1.25889758589, 0.571409361642, 2.14128710829, 22.3958563831, 173.367168704, 0.0142650495539, 0.4
0.171809523404, 1.19375000182, 2.1492016091, 0.499706187001, 30.5747252997, 1.25889758589, 1.45503522879, 2.99647864604, 17.0571876721, 230.030109555, 0.0169706469255, 0.159090909091
0.171809523404, 1.19375000182, 2.1492016091, 0.499706187001, 30.5747252997, 1.2270498047, 1.45503522879, 2.99647864604, 17.0571876721, 257.314686419, 0.00941390789299, 0.0
