0.565884533033, 0.851738489138, 2.057129891, 0.457902745851, 18.6346727635, 40.7398363408, 2.47023215833, 1.18660282488, 21.4531707222, 208.003725825, 0.476714208656, 0.450847457627
0.538535968483, 0.829361301188, 2.04997300858, 0.440351733434, 20.0170215012, 41.1432227269, 2.46981952385, 1.18660282488, 21.4531707222, 194.335851248, 0.454653133194, 0.452205882353
0.538535968483, 0.829361301188, 2.04997300858, 0.440351733434, 20.0170215012, 41.1432227269, 2.46981952385, 1.18660282488, 21.4531707222, 194.335851248, 0.454653133194, 0.452205882353
0.565884533033, 0.851738489138, 2.0165198974, 0.457838715862, 19.9886237854, 40.7398363408, 2.45250520964, 1.16690435931, 21.4531707222, 208.064019436, 0.49353153279, 0.547112462006
0.538535968483, 0.829361301188, 2.04997300858, 0.440351733434, 20.0170215012, 41.1432227269, 2.46981952385, 1.32056204537, 21.4531707222, 198.693752882, 0.440836484817, 0.442396313364
0.538535968483, 0.829361301188, 2.04997300858, 0.440351733434, 20.0170215012, 41.1432227269, 2.46981952385, 1.32056204537, 21.4531707222, 198.693752882, 0.440836484817, 0.442396313364
0.538535968483, 0.829361301188, 2.04997300858, 0.440351733434, 20.0170215012, 41.1432227269, 2.46981952385, 1.32056204537, 21.4531707222, 198.693752882, 0.440836484817, 0.442396313364
0.538535968483, 0.829361301188, 2.04997300858, 0.440351733434, 20.0170215012, 41.1432227269, 2.46981952385, 1.32056204537, 21.4531707222, 198.693752882, 0.440836484817, 0.442396313364
0.538535968483, 0.829361301188, 2.04997300858, 0.440351733434, 20.0170215012, 41.1432227269, 2.46981952385, 1.32056204537, 21.4531707222, 198.693752882, 0.440836484817, 0.442396313364
0.538535968483, 0.829361301188, 2.04997300858, 0.440351733434, 20.0170215012, 41.1432227269, 2.46981952385, 1.32056204537, 21.4531707222, 198.693752882, 0.440836484817, 0.442396313364
0.538535968483, 0.829361301188, 2.04997300858, 0.440351733434, 20.0170215012, 41.1432227269, 2.46981952385, 1.32056204537, 21.4531707222, 198.693752882, 0.440836484817, 0.442396313364
0.538535968483, 0.829361301188, 2.04997300858, 0.440351733434, 20.0170215012, 41.1432227269, 2.46981952385, 1.32056204537, 21.4531707222, 198.693752882, 0.440836484817, 0.442396313364
0.538535968483, 0.829361301188, 2.04997300858, 0.440351733434, 20.0170215012, 41.1432227269, 2.46981952385, 1.32056204537, 21.4531707222, 198.693752882, 0.440836484817, 0.442396313364
0.538535968483, 0.829361301188, 2.04997300858, 0.440351733434, 20.0170215012, 41.1432227269, 2.46981952385, 1.32056204537, 21.4531707222, 198.693752882, 0.440836484817, 0.442396313364
0.538535968483, 0.829361301188, 2.04997300858, 0.440351733434, 20.0170215012, 41.1432227269, 2.46981952385, 1.32056204537, 21.4531707222, 198.693752882, 0.440836484817, 0.442396313364
0.538535968483, 0.829361301188, 2.04997300858, 0.440351733434, 20.0170215012, 41.1432227269, 2.46981952385, 1.32056204537, 21.4531707222, 198.693752882, 0.440836484817, 0.442396313364
0.538535968483, 0.829361301188, 2.04997300858, 0.440351733434, 20.0170215012, 41.1432227269, 2.46981952385, 1.32056204537, 21.4531707222, 198.693752882, 0.440836484817, 0.442396313364
0.538535968483, 0.849370570705, 2.04997300858, 0.440351733434, 20.0170215012, 41.1432227269, 2.46981952385, 1.18137154283, 21.4531707222, 184.226749189, 0.450385743678, 0.0
0.538535968483, 0.849370570705, 2.04997300858, 0.440351733434, 20.0170215012, 41.1432227269, 2.46981952385, 1.18137154283, 21.4531707222, 184.226749189, 0.450385743678, 0.0
0.538535968483, 0.849370570705, 2.04997300858, 0.440351733434, 20.0170215012, 41.1432227269, 2.46981952385, 1.18137154283, 21.4531707222, 184.226749189, 0.450385743678, 0.0
0.538535968483, 0.849370570705, 2.04997300858, 0.440351733434, 20.0170215012, 41.1432227269, 2.46981952385, 1.18137154283, 21.4531707222, 184.226749189, 0.450385743678, 0.0
0.565884533033, 0.8328835618, 2.057129891, 0.457902745851, 18.6346727635, 40.7398363408, 2.47023215833, 1.18660282488, 21.4531707222, 194.949661376, 0.435277596206, 0.333333333333
0.565884533033, 0.8328835618, 2.057129891, 0.457902745851, 18.6346727635, 40.7398363408, 2.47023215833, 1.18660282488, 21.4531707222, 194.949661376, 0.435277596206, 0.333333333333
0.538535968483, 0.849370570705, 2.04997300858, 0.440351733434, 19.2724010283, 41.1432227269, 2.48782648856, 1.18142517069, 21.4531707222, 189.950542204, 0.56116117892, 0.0560747663551
0.538535968483, 0.849370570705, 2.04997300858, 0.440351733434, 19.2724010283, 41.1432227269, 2.48782648856, 1.18142517069, 21.4531707222, 189.950542204, 0.56116117892, 0.0560747663551
0.538535968483, 0.849370570705, 2.04997300858, 0.440351733434, 19.2724010283, 41.1432227269, 2.48782648856, 1.18142517069, 21.4531707222, 189.950542204, 0.56116117892, 0.0560747663551
0.538535968483, 0.849370570705, 2.04997300858, 0.440351733434, 19.2724010283, 41.1432227269, 2.48782648856, 1.18142517069, 21.4531707222, 189.950542204, 0.56116117892, 0.0560747663551
0.538535968483, 0.849370570705, 2.04997300858, 0.440351733434, 19.2724010283, 41.1432227269, 2.48782648856, 1.18142517069, 21.4531707222, 189.950542204, 0.56116117892, 0.0560747663551
0.538535968483, 0.849370570705, 2.04997300858, 0.440351733434, 19.2724010283, 41.1432227269, 2.48782648856, 1.18142517069, 21.4531707222, 189.950542204, 0.56116117892, 0.0560747663551
0.538535968483, 0.849370570705, 2.04997300858, 0.440351733434, 19.2724010283, 41.1432227269, 2.48782648856, 1.18142517069, 21.4531707222, 189.950542204, 0.56116117892, 0.0560747663551
0.538535968483, 0.849370570705, 2.04997300858, 0.440351733434, 19.2724010283, 41.1432227269, 2.48782648856, 1.18142517069, 21.4531707222, 189.950542204, 0.56116117892, 0.0560747663551
0.538535968483, 0.849370570705, 2.04997300858, 0.440351733434, 19.2724010283, 41.1432227269, 2.48782648856, 1.18142517069, 21.4531707222, 189.950542204, 0.56116117892, 0.0560747663551
0.538535968483, 0.849370570705, 2.04997300858, 0.440351733434, 19.2724010283, 41.1432227269, 2.48782648856, 1.18142517069, 21.4531707222, 189.950542204, 0.56116117892, 0.0560747663551
0.538535968483, 0.849370570705, 2.04997300858, 0.440351733434, 19.2724010283, 41.1432227269, 2.48782648856, 1.18142517069, 21.4531707222, 189.950542204, 0.56116117892, 0.0560747663551
0.538535968483, 0.849370570705, 2.04997300858, 0.440351733434, 19.2724010283, 41.1432227269, 2.48782648856, 1.18142517069, 21.4531707222, 189.950542204, 0.56116117892, 0.0560747663551
0.538535968483, 0.849370570705, 2.04997300858, 0.440351733434, 19.2724010283, 41.1432227269, 2.48782648856, 1.18142517069, 21.4531707222, 189.950542204, 0.56116117892, 0.0560747663551
0.565152443431, 0.849411289284, 2.04997300858, 0.440351733434, 19.2691615456, 41.1432227269, 2.47023090575, 1.18142517069, 21.4531707222, 207.403751026, 0.506007012343, 0.450704225352
0.565152443431, 0.849411289284, 2.04997300858, 0.440351733434, 19.2691615456, 41.1432227269, 2.47023090575, 1.18142517069, 21.4531707222, 207.403751026, 0.506007012343, 0.450704225352
0.538535968483, 0.849370570705, 2.04997300858, 0.440351733434, 19.2724010283, 41.1432227269, 2.40241142662, 1.18142517069, 21.4531707222, 187.186401969, 0.545300391086, 0.0378787878788
0.538535968483, 0.849370570705, 2.04997300858, 0.440351733434, 19.2724010283, 41.1432227269, 2.40241142662, 1.18142517069, 21.4531707222, 187.186401969, 0.545300391086, 0.0378787878788
0.538535968483, 0.849370570705, 2.04997300858, 0.440351733434, 19.2724010283, 41.1432227269, 2.40241142662, 1.18142517069, 21.4531707222, 187.186401969, 0.545300391086, 0.0378787878788
0.538535968483, 0.849370570705, 2.04997300858, 0.440351733434, 19.2724010283, 41.1432227269, 2.40241142662, 1.18142517069, 21.4531707222, 187.186401969, 0.545300391086, 0.0378787878788
0.538535968483, 0.849370570705, 2.04997300858, 0.440351733434, 19.2724010283, 41.1432227269, 2.40241142662, 1.18142517069, 21.4531707222, 187.186401969, 0.545300391086, 0.0378787878788
0.538535968483, 0.849370570705, 2.04997300858, 0.440351733434, 19.2724010283, 41.1432227269, 2.40241142662, 1.18142517069, 21.4531707222, 187.186401969, 0.545300391086, 0.0378787878788
0.538535968483, 0.849370570705, 2.04997300858, 0.440351733434, 19.2724010283, 41.1432227269, 2.40241142662, 1.18142517069, 21.4531707222, 187.186401969, 0.545300391086, 0.0378787878788
0.538535968483, 0.849370570705, 2.04997300858, 0.440351733434, 19.2724010283, 41.1432227269, 2.40241142662, 1.18142517069, 21.4531707222, 187.186401969, 0.545300391086, 0.0378787878788
0.538535968483, 0.849370570705, 2.04997300858, 0.440351733434, 19.2724010283, 41.1432227269, 2.40241142662, 1.18142517069, 21.4531707222, 187.186401969, 0.545300391086, 0.0378787878788
0.538535968483, 0.849370570705, 2.04997300858, 0.440351733434, 19.2724010283, 41.1432227269, 2.40241142662, 1.18142517069, 21.4531707222, 187.186401969, 0.545300391086, 0.0378787878788
0.538535968483, 0.849370570705, 2.04997300858, 0.440351733434, 19.2724010283, 41.1432227269, 2.40241142662, 1.18142517069, 21.4531707222, 187.186401969, 0.545300391086, 0.0378787878788
0.538535968483, 0.849370570705, 2.04997300858, 0.440351733434, 19.2724010283, 41.1432227269, 2.40241142662, 1.18142517069, 21.4531707222, 187.186401969, 0.545300391086, 0.0378787878788
0.538535968483, 0.849370570705, 2.04997300858, 0.440351733434, 19.2724010283, 41.1432227269, 2.40241142662, 1.18142517069, 21.4531707222, 187.186401969, 0.545300391086, 0.0378787878788
0.538535968483, 0.849370570705, 2.04997300858, 0.440351733434, 19.2724010283, 41.1432227269, 2.40241142662, 1.18142517069, 21.4531707222, 187.186401969, 0.545300391086, 0.0378787878788
0.538535968483, 0.849370570705, 2.04997300858, 0.440351733434, 19.2724010283, 41.1432227269, 2.40241142662, 1.18142517069, 21.4531707222, 187.186401969, 0.545300391086, 0.0378787878788
0.538535968483, 0.849370570705, 2.04997300858, 0.440351733434, 19.2724010283, 41.1432227269, 2.40241142662, 1.18142517069, 21.4531707222, 187.186401969, 0.545300391086, 0.0378787878788
0.538535968483, 0.849370570705, 2.04997300858, 0.440351733434, 19.2724010283, 41.1432227269, 2.40241142662, 1.18142517069, 21.4531707222, 187.186401969, 0.545300391086, 0.0378787878788
0.538535968483, 0.849369002501, 2.04846953004, 0.445056534224, 20.0170215012, 41.1432227269, 2.56842568413, 1.18125513005, 21.4531707222, 186.05178623, 0.491408279405, 0.0
0.538535968483, 0.849369002501, 2.04846953004, 0.445056534224, 20.0170215012, 41.1432227269, 2.56842568413, 1.18125513005, 21.4531707222, 186.05178623, 0.491408279405, 0.0
0.538535968483, 0.849369002501, 2.04846953004, 0.445056534224, 20.0170215012, 41.1432227269, 2.56842568413, 1.18125513005, 21.4531707222, 186.05178623, 0.491408279405, 0.0
0.538535968483, 0.849369002501, 2.04846953004, 0.445056534224, 20.0170215012, 41.1432227269, 2.56842568413, 1.18125513005, 21.4531707222, 186.05178623, 0.491408279405, 0.0
0.538535968483, 0.849369002501, 2.04846953004, 0.445056534224, 20.0170215012, 41.1432227269, 2.56842568413, 1.18125513005, 21.4531707222, 186.05178623, 0.491408279405, 0.0
0.538535968483, 0.849369002501, 2.04846953004, 0.445056534224, 20.0170215012, 41.1432227269, 2.56842568413, 1.18125513005, 21.4531707222, 186.05178623, 0.491408279405, 0.0
0.538535968483, 0.849369002501, 2.04846953004, 0.445056534224, 20.0170215012, 41.1432227269, 2.56842568413, 1.18125513005, 21.4531707222, 186.05178623, 0.491408279405, 0.0
0.538535968483, 0.849369002501, 2.04846953004, 0.445056534224, 20.0170215012, 41.1432227269, 2.56842568413, 1.18125513005, 21.4531707222, 186.05178623, 0.491408279405, 0.0
0.538535968483, 0.849369002501, 2.04846953004, 0.445056534224, 20.0170215012, 41.1432227269, 2.56842568413, 1.18125513005, 21.4531707222, 186.05178623, 0.491408279405, 0.0
0.538535968483, 0.849369002501, 2.04846953004, 0.445056534224, 20.0170215012, 41.1432227269, 2.56842568413, 1.18125513005, 21.4531707222, 186.05178623, 0.491408279405, 0.0
0.538535968483, 0.849369002501, 2.04846953004, 0.445056534224, 20.0170215012, 41.1432227269, 2.56842568413, 1.18125513005, 21.4531707222, 186.05178623, 0.491408279405, 0.0
0.538535968483, 0.849369002501, 2.04846953004, 0.445056534224, 20.0170215012, 41.1432227269, 2.56842568413, 1.18125513005, 21.4531707222, 186.05178623, 0.491408279405, 0.0
0.538535968483, 0.849369002501, 2.04846953004, 0.445056534224, 20.0170215012, 41.1432227269, 2.56842568413, 1.18125513005, 21.4531707222, 186.05178623, 0.491408279405, 0.0
0.538535968483, 0.849369002501, 2.04846953004, 0.445056534224, 20.0170215012, 41.1432227269, 2.56842568413, 1.18125513005, 21.4531707222, 186.05178623, 0.491408279405, 0.0
0.538535968483, 0.849369002501, 2.04846953004, 0.445056534224, 20.0170215012, 41.1432227269, 2.56842568413, 1.18125513005, 21.4531707222, 186.05178623, 0.491408279405, 0.0
0.538535968483, 0.849369002501, 2.04846953004, 0.445056534224, 20.0170215012, 41.1432227269, 2.56842568413, 1.18125513005, 21.4531707222, 186.05178623, 0.491408279405, 0.0
0.538535968483, 0.849369002501, 2.04846953004, 0.445056534224, 20.0170215012, 41.1432227269, 2.56842568413, 1.18125513005, 21.4531707222, 186.05178623, 0.491408279405, 0.0
0.538535968483, 0.849369002501, 2.04846953004, 0.445056534224, 20.0170215012, 41.1432227269, 2.56842568413, 1.18125513005, 21.4531707222, 186.05178623, 0.491408279405, 0.0
0.538535968483, 0.849369002501, 2.04846953004, 0.445056534224, 20.0170215012, 41.1432227269, 2.56842568413, 1.18125513005, 21.4531707222, 186.05178623, 0.491408279405, 0.0
0.538535968483, 0.849369002501, 2.04846953004, 0.445056534224, 20.0170215012, 41.1432227269, 2.56842568413, 1.18125513005, 21.4531707222, 186.05178623, 0.491408279405, 0.0
0.538535968483, 0.849370570705, 2.04997300858, 0.440351733434, 19.2724010283, 41.1432227269, 2.48782648856, 1.18142517069, 22.1672612316, 174.489644529, 0.574709064778, 0.0
0.538535968483, 0.849370570705, 2.04997300858, 0.440351733434, 19.2724010283, 41.1432227269, 2.48782648856, 1.18142517069, 22.1672612316, 174.489644529, 0.574709064778, 0.0
0.538535968483, 0.849370570705, 2.04997300858, 0.440351733434, 19.2724010283, 41.1432227269, 2.48782648856, 1.18142517069, 22.1672612316, 174.489644529, 0.574709064778, 0.0
0.538535968483, 0.849370570705, 2.04997300858, 0.440351733434, 19.2724010283, 41.1432227269, 2.48782648856, 1.18142517069, 22.1672612316, 174.489644529, 0.574709064778, 0.0
0.538535968483, 0.849370570705, 2.04997300858, 0.440351733434, 19.2724010283, 41.1432227269, 2.48782648856, 1.18142517069, 22.1672612316, 174.489644529, 0.574709064778, 0.0
0.538535968483, 0.849370570705, 2.04997300858, 0.440351733434, 19.2724010283, 41.1432227269, 2.48782648856, 1.18142517069, 22.1672612316, 174.489644529, 0.574709064778, 0.0
0.538535968483, 0.849370570705, 2.04997300858, 0.440351733434, 19.2724010283, 41.1432227269, 2.48782648856, 1.18142517069, 22.1672612316, 174.489644529, 0.574709064778, 0.0
0.538535968483, 0.849370570705, 2.04997300858, 0.440351733434, 19.2724010283, 41.1432227269, 2.48782648856, 1.18142517069, 22.1672612316, 174.489644529, 0.574709064778, 0.0
0.538535968483, 0.849370570705, 2.04997300858, 0.440351733434, 19.2724010283, 41.1432227269, 2.48782648856, 1.18142517069, 22.1672612316, 174.489644529, 0.574709064778, 0.0
0.538535968483, 0.849370570705, 2.04997300858, 0.440351733434, 19.2724010283, 41.1432227269, 2.48782648856, 1.18142517069, 22.1672612316, 174.489644529, 0.574709064778, 0.0
0.538535968483, 0.849370570705, 2.04997300858, 0.440351733434, 19.2724010283, 41.1432227269, 2.48782648856, 1.18142517069, 22.1672612316, 174.489644529, 0.574709064778, 0.0
0.538535968483, 0.849370570705, 2.04997300858, 0.440351733434, 19.2724010283, 41.1432227269, 2.48782648856, 1.18142517069, 22.1672612316, 174.489644529, 0.574709064778, 0.0
0.538535968483, 0.849370570705, 2.04997300858, 0.440351733434, 19.2724010283, 41.1432227269, 2.48782648856, 1.18142517069, 22.1672612316, 174.489644529, 0.574709064778, 0.0
0.538535968483, 0.849370570705, 2.04997300858, 0.440351733434, 19.2724010283, 41.1432227269, 2.48782648856, 1.18142517069, 22.1672612316, 174.489644529, 0.574709064778, 0.0
0.538535968483, 0.849370570705, 2.04997300858, 0.440351733434, 19.2724010283, 41.1432227269, 2.48782648856, 1.18142517069, 22.1672612316, 174.489644529, 0.574709064778, 0.0
0.538535968483, 0.849370570705, 2.04997300858, 0.440351733434, 19.2724010283, 41.1432227269, 2.48782648856, 1.18142517069, 22.1672612316, 174.489644529, 0.574709064778, 0.0
0.538535968483, 0.849370570705, 2.04997300858, 0.440351733434, 19.2724010283, 41.1432227269, 2.48782648856, 1.18142517069, 22.1672612316, 174.489644529, 0.574709064778, 0.0
0.538535968483, 0.849370570705, 2.04997300858, 0.440351733434, 19.2724010283, 41.1432227269, 2.48782648856, 1.18142517069, 22.1672612316, 174.489644529, 0.574709064778, 0.0
0.538535968483, 0.849370570705, 2.04997300858, 0.440351733434, 19.2724010283, 41.1432227269, 2.48782648856, 1.18142517069, 22.1672612316, 174.489644529, 0.574709064778, 0.0
0.538535968483, 0.849370570705, 2.04997300858, 0.440351733434, 19.2724010283, 41.1432227269, 2.48782648856, 1.18142517069, 22.1672612316, 174.489644529, 0.574709064778, 0.0
0.538535968483, 0.849370570705, 2.04997300858, 0.440351733434, 19.2724010283, 41.1432227269, 2.48782648856, 1.18142517069, 22.1672612316, 198.473075041, 0.479553010664, 0.0
0.538535968483, 0.849370570705, 2.04997300858, 0.440351733434, 19.2724010283, 41.1432227269, 2.48782648856, 1.18142517069, 22.1672612316, 198.473075041, 0.479553010664, 0.0
0.538535968483, 0.849370570705, 2.04997300858, 0.440351733434, 19.2724010283, 41.1432227269, 2.48782648856, 1.18142517069, 22.1672612316, 198.473075041, 0.479553010664, 0.0
0.538535968483, 0.849370570705, 2.04997300858, 0.440351733434, 19.2724010283, 41.1432227269, 2.48782648856, 1.18142517069, 22.1672612316, 198.473075041, 0.479553010664, 0.0
0.538535968483, 0.849369002501, 2.04846953004, 0.445056534224, 20.0170215012, 41.1432227269, 2.56842568413, 1.18125513005, 21.4531707222, 212.415781654, 0.493461118114, 0.599315068493
