-1.0, 0.0, 1.0, 2.0, 2.0, -1.0, -1.0, 2.0, -1.0, 0.0, 0.0, 1.0, 1.0, -1.0, -1.0, 0.0, -1.0, 2.0, 0.0, 2.0, -1.0, 2.0, 2.0, -1.0, 0.0, 2.0, -1.0, 2.0, 1.0, 2.0, 3.0, -1.0, 1.0, 1.0, -1.0, 0.0, -1.0, 0.0, 1.0, 3.0, 0.0, 0.0, 2.0, 1.0, 0.0, -1.0, 2.0, 3.0, 1.0, 2.0, 96132.0, 503.0, 99509.0
-1.0, 0.0, 1.0, 2.0, 2.0, -1.0, -1.0, 2.0, -1.0, 0.0, 0.0, 1.0, 1.0, -1.0, -1.0, 0.0, -1.0, 2.0, 0.0, 2.0, -1.0, 2.0, 2.0, -1.0, 0.0, 2.0, -1.0, 2.0, 1.0, 2.0, 3.0, -1.0, 1.0, 1.0, -1.0, 0.0, -1.0, 0.0, 1.0, 3.0, 0.0, 0.0, 2.0, 1.0, 0.0, -1.0, 2.0, 3.0, 1.0, 2.0, 96132.0, 503.0, 99509.0
-1.0, 0.0, 1.0, 2.0, 2.0, -1.0, -1.0, 2.0, -1.0, 0.0, 0.0, 2.0, 1.0, -1.0, -1.0, 0.0, -1.0, 2.0, 0.0, 2.0, -1.0, 2.0, 2.0, 0.0, 1.0, 0.0, -1.0, 2.0, 1.0, 2.0, 3.0, -1.0, 1.0, 1.0, -1.0, 0.0, -1.0, 0.0, 1.0, 3.0, 1.0, 0.0, 2.0, 1.0, 0.0, -1.0, 2.0, 3.0, 1.0, 2.0, 95987.0, 520.0, 99494.0
-1.0, 0.0, 1.0, 2.0, 2.0, -1.0, -1.0, 2.0, -1.0, 0.0, 0.0, 2.0, 1.0, -1.0, -1.0, 0.0, -1.0, 2.0, 0.0, 2.0, -1.0, 2.0, 2.0, 0.0, 1.0, 0.0, -1.0, 2.0, 1.0, 2.0, 3.0, -1.0, 1.0, 1.0, -1.0, 0.0, -1.0, 0.0, 1.0, 3.0, 1.0, 0.0, 2.0, 1.0, 0.0, -1.0, 2.0, 3.0, 1.0, 2.0, 95987.0, 520.0, 99494.0
2.0, 3.0, 0.0, 1.0, 0.0, -1.0, 2.0, 3.0, 0.0, 1.0, 0.0, 2.0, 1.0, 2.0, 1.0, 1.0, 0.0, 3.0, 3.0, -1.0, -1.0, 0.0, 2.0, 0.0, 1.0, 2.0, -1.0, 1.0, 1.0, 3.0, 0.0, 2.0, 3.0, 2.0, 2.0, 0.0, -1.0, 1.0, 1.0, 0.0, 2.0, 1.0, 1.0, 2.0, 0.0, 3.0, 0.0, 0.0, 1.0, 2.0, 95380.0, 636.0, 99397.0
0.0, 1.0, 0.0, 1.0, 1.0, 0.0, -1.0, 2.0, 1.0, -1.0, 1.0, 0.0, 3.0, 0.0, -1.0, 1.0, 1.0, 1.0, 3.0, 0.0, -1.0, 3.0, 3.0, 3.0, 2.0, 2.0, 0.0, 1.0, 3.0, -1.0, 3.0, 3.0, 0.0, 0.0, 0.0, 3.0, -1.0, 2.0, 1.0, 2.0, 1.0, 1.0, 2.0, 2.0, -1.0, 0.0, 2.0, 0.0, 2.0, 1.0, 95556.0, 613.0, 99412.0
0.0, 1.0, 0.0, 1.0, 1.0, 0.0, 0.0, 2.0, 1.0, -1.0, 1.0, 0.0, 3.0, 0.0, -1.0, 1.0, 1.0, 1.0, 3.0, 0.0, -1.0, 3.0, 3.0, 3.0, 2.0, 2.0, 0.0, 1.0, 3.0, -1.0, 3.0, 3.0, 0.0, 0.0, 0.0, 3.0, -1.0, 2.0, 1.0, 2.0, 1.0, 1.0, 3.0, 2.0, -1.0, 0.0, 2.0, 0.0, 2.0, 1.0, 95530.0, 626.0, 99405.0
2.0, 3.0, 0.0, 1.0, 0.0, -1.0, 2.0, 1.0, 0.0, -1.0, 1.0, 2.0, 0.0, 2.0, 1.0, 1.0, 0.0, 3.0, 3.0, -1.0, 2.0, 0.0, 2.0, 0.0, 1.0, 2.0, -1.0, 1.0, 1.0, 3.0, 0.0, 2.0, 3.0, 1.0, 2.0, 0.0, -1.0, 1.0, 1.0, 0.0, 2.0, 1.0, 1.0, 2.0, 0.0, 3.0, 0.0, 0.0, 1.0, 2.0, 95397.0, 631.0, 99406.0
1.0, -1.0, 3.0, -1.0, 1.0, 3.0, -1.0, -1.0, -1.0, 1.0, 0.0, 2.0, 2.0, 0.0, 1.0, 2.0, 2.0, 2.0, 1.0, -1.0, 1.0, 1.0, 0.0, 1.0, 0.0, 1.0, 0.0, -1.0, 0.0, 2.0, 0.0, 0.0, 3.0, 2.0, 0.0, 2.0, 1.0, 3.0, 2.0, 0.0, 0.0, -1.0, 2.0, -1.0, 1.0, 0.0, -1.0, 0.0, 2.0, 0.0, 95640.0, 574.0, 99456.0
1.0, 1.0, 0.0, -1.0, 2.0, -1.0, 1.0, -1.0, 0.0, 2.0, 2.0, 1.0, -1.0, 0.0, -1.0, 2.0, 1.0, -1.0, 3.0, 1.0, 3.0, 0.0, 0.0, 0.0, 0.0, 0.0, 3.0, 0.0, 0.0, 0.0, -1.0, -1.0, 3.0, 3.0, 1.0, 1.0, 1.0, 2.0, 1.0, -1.0, 0.0, 1.0, 1.0, 0.0, 2.0, 0.0, 1.0, 3.0, -1.0, 1.0, 95800.0, 565.0, 99465.0
2.0, 3.0, 0.0, 1.0, 0.0, -1.0, -1.0, 3.0, 0.0, -1.0, 0.0, 2.0, 1.0, 2.0, 1.0, 1.0, 0.0, 3.0, 3.0, -1.0, -1.0, 0.0, 2.0, 0.0, 1.0, 2.0, -1.0, 1.0, 1.0, 3.0, 0.0, 2.0, 3.0, 2.0, 2.0, 0.0, -1.0, 1.0, 1.0, 0.0, 2.0, 1.0, 1.0, 2.0, 0.0, 3.0, 0.0, 0.0, 1.0, 2.0, 95513.0, 607.0, 99419.0
2.0, 3.0, 0.0, 1.0, 0.0, -1.0, -1.0, 3.0, 0.0, -1.0, 0.0, 2.0, 1.0, 2.0, 1.0, 1.0, 0.0, 3.0, 3.0, -1.0, -1.0, 0.0, 2.0, 0.0, 1.0, 2.0, -1.0, 1.0, 1.0, 3.0, 0.0, 2.0, 3.0, 2.0, 2.0, 0.0, -1.0, 1.0, 1.0, 0.0, 2.0, 1.0, 1.0, 2.0, 0.0, 3.0, 0.0, 0.0, 1.0, 2.0, 95513.0, 607.0, 99419.0
2.0, 3.0, 0.0, 1.0, 0.0, -1.0, 2.0, 3.0, 0.0, -1.0, 0.0, 2.0, 1.0, 2.0, -1.0, 1.0, 0.0, 3.0, 3.0, -1.0, 2.0, 0.0, 2.0, 0.0, 1.0, 2.0, -1.0, 1.0, 1.0, 3.0, 0.0, 2.0, 3.0, 2.0, 1.0, -1.0, -1.0, 1.0, 1.0, 0.0, 2.0, 1.0, 1.0, 2.0, 0.0, 0.0, 0.0, 0.0, 1.0, 2.0, 95594.0, 600.0, 99424.0
2.0, 3.0, 0.0, 1.0, 0.0, -1.0, 2.0, 3.0, 0.0, -1.0, 0.0, 2.0, 1.0, 2.0, -1.0, 1.0, 0.0, 3.0, 3.0, -1.0, 2.0, 0.0, 2.0, 0.0, 1.0, 2.0, -1.0, 1.0, 1.0, 3.0, 0.0, 2.0, 3.0, 2.0, 1.0, -1.0, -1.0, 1.0, 1.0, 0.0, 2.0, 1.0, 1.0, 2.0, 0.0, 0.0, 0.0, 0.0, 1.0, 2.0, 95594.0, 600.0, 99424.0
2.0, 3.0, 0.0, 1.0, 0.0, -1.0, 2.0, 3.0, 0.0, -1.0, 0.0, 2.0, 1.0, 2.0, 1.0, 1.0, 0.0, 3.0, 3.0, -1.0, -1.0, 0.0, 2.0, 0.0, 1.0, 2.0, -1.0, 1.0, 1.0, 3.0, 0.0, 2.0, 3.0, 2.0, 2.0, 0.0, -1.0, 1.0, 1.0, 0.0, 2.0, 1.0, 1.0, 2.0, 0.0, 3.0, 0.0, 0.0, 1.0, 2.0, 95486.0, 620.0, 99412.0
0.0, 1.0, 0.0, 1.0, 1.0, 0.0, 0.0, 2.0, 1.0, -1.0, 1.0, 0.0, 3.0, 0.0, -1.0, 1.0, 1.0, 1.0, 3.0, 0.0, -1.0, 3.0, 3.0, 3.0, 2.0, 2.0, 0.0, 1.0, 3.0, -1.0, 3.0, 3.0, 0.0, 0.0, 0.0, 3.0, -1.0, 2.0, 1.0, 2.0, 1.0, 1.0, 3.0, 2.0, -1.0, 0.0, 2.0, 0.0, 2.0, 1.0, 95530.0, 626.0, 99405.0
1.0, -1.0, 3.0, -1.0, 1.0, 3.0, -1.0, -1.0, -1.0, 1.0, 0.0, 2.0, 2.0, 0.0, 1.0, 2.0, 2.0, 2.0, 1.0, -1.0, 1.0, 1.0, 0.0, 1.0, 0.0, 1.0, 0.0, -1.0, 0.0, 2.0, 0.0, 0.0, 3.0, 2.0, 0.0, 2.0, 1.0, 3.0, 2.0, 0.0, 0.0, -1.0, 2.0, -1.0, 1.0, 0.0, -1.0, 0.0, 2.0, 0.0, 95640.0, 574.0, 99456.0
2.0, 3.0, 0.0, 1.0, 0.0, -1.0, 2.0, 3.0, 0.0, -1.0, 0.0, 2.0, 1.0, 2.0, 1.0, 1.0, 0.0, 3.0, 3.0, -1.0, -1.0, 0.0, 2.0, 0.0, 1.0, 2.0, -1.0, 1.0, 1.0, 3.0, 0.0, 2.0, 3.0, 2.0, 2.0, 0.0, -1.0, 1.0, 1.0, 0.0, 2.0, 1.0, 1.0, 2.0, 0.0, 3.0, 0.0, 0.0, 1.0, 2.0, 95486.0, 620.0, 99412.0
-1.0, 0.0, 1.0, 2.0, 2.0, -1.0, -1.0, 2.0, -1.0, 0.0, 0.0, 2.0, 1.0, -1.0, -1.0, 0.0, -1.0, 2.0, 0.0, 2.0, -1.0, 2.0, 2.0, 0.0, 1.0, 0.0, -1.0, 2.0, 1.0, 2.0, 3.0, -1.0, 1.0, 1.0, -1.0, 0.0, -1.0, 0.0, 1.0, 3.0, 1.0, 0.0, 2.0, 1.0, 0.0, -1.0, 2.0, 3.0, 1.0, 2.0, 95987.0, 520.0, 99494.0
2.0, 3.0, 0.0, 1.0, 0.0, -1.0, 2.0, 3.0, 0.0, -1.0, 0.0, 2.0, 1.0, 2.0, 1.0, 1.0, 0.0, 3.0, 3.0, -1.0, -1.0, 0.0, 2.0, 0.0, 1.0, 2.0, -1.0, 1.0, 1.0, 3.0, 0.0, 2.0, 3.0, 2.0, 2.0, 0.0, -1.0, 1.0, 1.0, 0.0, 2.0, 1.0, 1.0, 2.0, 0.0, 3.0, 0.0, 0.0, 1.0, 2.0, 95486.0, 620.0, 99412.0
2.0, 3.0, 0.0, 1.0, 0.0, -1.0, 2.0, 3.0, 0.0, -1.0, 0.0, 2.0, 1.0, 2.0, 1.0, 1.0, 0.0, 3.0, 3.0, -1.0, -1.0, 0.0, 2.0, 0.0, 1.0, 2.0, -1.0, 1.0, 1.0, 3.0, 0.0, 2.0, 3.0, 2.0, 2.0, 0.0, -1.0, 1.0, 1.0, 0.0, 2.0, 1.0, 1.0, 2.0, 0.0, 3.0, 0.0, 0.0, 1.0, 2.0, 95486.0, 620.0, 99412.0
2.0, 3.0, 0.0, 1.0, 0.0, -1.0, 2.0, 3.0, 0.0, -1.0, 0.0, 2.0, 1.0, 2.0, 1.0, 1.0, 0.0, 3.0, 3.0, -1.0, -1.0, 0.0, 2.0, 0.0, 1.0, 2.0, -1.0, 1.0, 1.0, 3.0, 0.0, 2.0, 3.0, 2.0, 2.0, 0.0, -1.0, 1.0, 1.0, 0.0, 2.0, 1.0, 1.0, 2.0, 0.0, 3.0, 0.0, 0.0, 1.0, 2.0, 95486.0, 620.0, 99412.0
2.0, 3.0, 0.0, 1.0, 0.0, -1.0, 2.0, 3.0, 0.0, -1.0, 0.0, 2.0, 1.0, 2.0, 1.0, 1.0, 0.0, 3.0, 3.0, -1.0, -1.0, 0.0, 2.0, 0.0, 1.0, 2.0, -1.0, 1.0, 1.0, 3.0, 0.0, 2.0, 3.0, 2.0, 2.0, 0.0, -1.0, 1.0, 1.0, 0.0, 2.0, 1.0, 1.0, 2.0, 0.0, 3.0, 0.0, 0.0, 1.0, 2.0, 95486.0, 620.0, 99412.0
2.0, 3.0, 0.0, 1.0, 0.0, -1.0, 2.0, 3.0, 0.0, -1.0, 0.0, 2.0, 1.0, 2.0, 1.0, 1.0, 0.0, 3.0, 3.0, -1.0, -1.0, 0.0, 2.0, 0.0, 1.0, 2.0, -1.0, 1.0, 1.0, 3.0, 0.0, 2.0, 3.0, 2.0, 2.0, 0.0, -1.0, 1.0, 1.0, 0.0, 2.0, 1.0, 1.0, 2.0, 0.0, 3.0, 0.0, 0.0, 1.0, 2.0, 95486.0, 620.0, 99412.0
2.0, 3.0, 0.0, 1.0, 0.0, -1.0, 2.0, 3.0, 0.0, -1.0, 0.0, 2.0, 1.0, 2.0, 1.0, 1.0, 0.0, 3.0, 3.0, -1.0, -1.0, 0.0, 2.0, 0.0, 1.0, 2.0, -1.0, 1.0, 1.0, 3.0, 0.0, 2.0, 3.0, 2.0, 2.0, 0.0, -1.0, 1.0, 1.0, 0.0, 2.0, 1.0, 1.0, 2.0, 0.0, 3.0, 0.0, 0.0, 1.0, 2.0, 95486.0, 620.0, 99412.0
2.0, 3.0, 0.0, 1.0, 0.0, -1.0, 2.0, 3.0, 0.0, -1.0, 0.0, 2.0, 1.0, 2.0, 1.0, 1.0, 0.0, 3.0, 3.0, -1.0, -1.0, 0.0, 2.0, 0.0, 1.0, 2.0, -1.0, 1.0, 1.0, 3.0, 0.0, 2.0, 3.0, 2.0, 2.0, 0.0, -1.0, 1.0, 1.0, 0.0, 2.0, 1.0, 1.0, 2.0, 0.0, 3.0, 0.0, 0.0, 1.0, 2.0, 95486.0, 620.0, 99412.0
2.0, 3.0, 0.0, 1.0, 0.0, -1.0, 2.0, 3.0, 0.0, -1.0, 0.0, 2.0, 1.0, 2.0, 1.0, 1.0, 0.0, 3.0, 3.0, -1.0, -1.0, 0.0, 2.0, 0.0, 1.0, 2.0, -1.0, 1.0, 1.0, 3.0, 0.0, 2.0, 3.0, 2.0, 2.0, 0.0, -1.0, 1.0, 1.0, 0.0, 2.0, 1.0, 1.0, 2.0, 0.0, 3.0, 0.0, 0.0, 1.0, 2.0, 95486.0, 620.0, 99412.0
2.0, 3.0, 0.0, 1.0, 0.0, -1.0, 2.0, 3.0, 0.0, -1.0, 0.0, 2.0, 1.0, 2.0, 1.0, 1.0, 0.0, 3.0, 3.0, -1.0, -1.0, 0.0, 2.0, 0.0, 1.0, 2.0, -1.0, 1.0, 1.0, 3.0, 0.0, 2.0, 3.0, 2.0, 2.0, 0.0, -1.0, 1.0, 1.0, 0.0, 2.0, 1.0, 1.0, 2.0, 0.0, 3.0, 0.0, 0.0, 1.0, 2.0, 95486.0, 620.0, 99412.0
2.0, 3.0, 0.0, 1.0, 0.0, -1.0, 2.0, 3.0, 0.0, -1.0, 0.0, 2.0, 1.0, 2.0, 1.0, 1.0, 0.0, 3.0, 3.0, -1.0, -1.0, 0.0, 2.0, 0.0, 1.0, 2.0, -1.0, 1.0, 1.0, 3.0, 0.0, 2.0, 3.0, 2.0, 2.0, 0.0, -1.0, 1.0, 1.0, 0.0, 2.0, 1.0, 1.0, 2.0, 0.0, 3.0, 0.0, 0.0, 1.0, 2.0, 95486.0, 620.0, 99412.0
2.0, 3.0, 0.0, 1.0, 0.0, -1.0, 2.0, 3.0, 0.0, -1.0, 0.0, 2.0, 1.0, 2.0, 1.0, 1.0, 0.0, 3.0, 3.0, -1.0, -1.0, 0.0, 2.0, 0.0, 1.0, 2.0, -1.0, 1.0, 1.0, 3.0, 0.0, 2.0, 3.0, 2.0, 2.0, 0.0, -1.0, 1.0, 1.0, 0.0, 2.0, 1.0, 1.0, 2.0, 0.0, 3.0, 0.0, 0.0, 1.0, 2.0, 95486.0, 620.0, 99412.0
2.0, 3.0, 0.0, 1.0, 0.0, -1.0, 2.0, 3.0, 0.0, -1.0, 0.0, 2.0, 1.0, 2.0, 1.0, 1.0, 0.0, 3.0, 3.0, -1.0, -1.0, 0.0, 2.0, 0.0, 1.0, 2.0, -1.0, 1.0, 1.0, 3.0, 0.0, 2.0, 3.0, 2.0, 2.0, 0.0, -1.0, 1.0, 1.0, 0.0, 2.0, 1.0, 1.0, 2.0, 0.0, 3.0, 0.0, 0.0, 1.0, 2.0, 95486.0, 620.0, 99412.0
