4.43674260982, 1.2067898052, 0.745934334202, 1.10215041482, 4.24157657785, 0.878606649008, 3.94097400796, 0.985780116616, 0.96855250273, 4.49095583544, 5.20720276687, 0.884904942675, 2.03535206766, 1.06086510417, 1.09000088212, 1.08996482856, 1.00505596832, 1.05616431835, 7.80703927432, 1.17855473662, 0.858930249077, 319.189634216, 0.9605183675, 5.93557341687, 1.11932067303, 3.45452910281, 0.938355235548, 29.8298060093, 10.5250201232, 157.328821491, 2.14477211796
1.45604722776, 1.328034614, 1.02558171213, 1.07068685057, 2.94033082714, 0.993541297284, 1.01220715921, 0.959506359367, 0.943323283674, 3.05320164916, 7.02022620531, 1.00638159209, 4.74210826487, 1.12952194263, 1.09000094105, 1.01533395133, 1.00944663129, 0.817574770513, 7.98765518454, 1.04315888482, 0.831276312972, 125.032773021, 1.10060993907, 4.66278005688, 1.10673745951, 3.00965979754, 1.13519569159, 41.1602013571, 15.0512775286, 89.5053017939, 0.268096514745
2.12498192662, 1.33939064076, 1.0641333176, 1.13914376014, 1.41312684998, 0.793176244562, 3.22993364213, 0.860974765648, 0.988530008407, 5.46496969212, 6.32112230299, 0.881928475041, 1.59112726133, 1.1334248251, 1.09000050476, 1.05205954309, 1.01560288271, 1.0430906223, 4.06391529642, 0.91693507415, 0.821431347016, 377.590295457, 1.13987563346, 5.11139125166, 1.03596125354, 3.14187906189, 1.11022961041, 56.9093375242, 13.0190985069, 304.23309453, 0.536193029491
1.00086829331, 1.05866678038, 0.801343292398, 0.814131336208, 1.41957239425, 0.811678276963, 5.52841849251, 0.927045946284, 0.914991353986, 1.5135596114, 1.70626375579, 0.932013462205, 3.87634600993, 0.832804505214, 1.09000075374, 1.07573611551, 1.04383640435, 0.877970927162, 9.71350730012, 1.0487233728, 0.966906339826, 164.200850457, 1.05950256505, 4.26609843038, 1.01458319354, 4.69545890856, 1.0193232148, 132.511012286, 13.5794776097, 163.573480188, 1.07238605898
2.21383149716, 1.40941157181, 0.824725546378, 1.08577452842, 2.43061874332, 0.722606039605, 4.00955317936, 1.0516699084, 0.979701813336, 4.73107332357, 4.73090143072, 0.936342941142, 4.99772452072, 0.84639884124, 1.09000045832, 1.04536250527, 1.02592864247, 0.817954257591, 7.11616473698, 0.931506759224, 0.901641997084, 377.37604687, 1.10555395228, 1.03833188347, 1.06156116044, 4.28134905867, 1.15157172775, 33.712646668, 10.7128133309, 47.8283816566, 2.41286863271
5.06520930943, 1.20432830236, 0.785730436276, 0.920316968184, 2.99783933644, 0.761118461263, 1.17646635315, 1.06762596828, 0.943448011851, 2.8595311923, 3.13742728549, 0.81212164829, 3.70021989643, 0.956997095369, 1.09000027795, 1.10946031594, 1.00454058691, 0.85059853712, 9.74904425549, 0.962181281092, 0.999963159611, 59.8856951739, 1.05717304887, 2.01936696309, 1.23887350198, 1.08836681254, 1.07608596876, 46.2472560088, 9.73423579892, 527.497203099, 3.75335120643
2.54194884834, 1.41569805609, 0.764274859037, 1.19406708308, 1.95376799452, 0.932055488043, 1.59633444449, 1.07589720639, 0.933668584895, 2.73579366891, 4.64242321252, 1.06381986634, 3.42938251286, 1.25967208628, 1.09000092236, 1.09970657848, 1.04133943783, 1.10082755429, 8.54846163831, 1.01007217691, 0.879421587726, 82.3255298574, 1.14027267516, 5.65485983517, 1.0072621662, 3.82281192099, 1.01680394173, 14.4737491333, 11.3405376374, 323.060248199, 0.804289544236
3.60428606728, 1.02118398254, 1.16576118114, 1.12013517483, 3.84176196715, 0.76633755978, 1.04400537791, 0.955894729278, 0.928368025121, 1.41147708835, 2.7124876703, 1.01989545299, 3.92940174614, 0.815163488227, 1.09000036992, 1.04536250527, 1.04354295685, 1.16041202054, 3.69981343923, 0.910441751397, 0.902221111333, 169.795746684, 0.927267981027, 3.85737134961, 1.04063989466, 1.4526136083, 1.20333663583, 138.126403084, 13.3501751771, 188.030886739, 1.07238605898
5.37874804855, 1.11073501844, 0.899938096877, 0.951244668888, 4.25916464535, 0.735734675202, 5.15053778564, 1.00324666647, 0.991226782283, 5.85389335584, 5.94545271872, 1.02602643948, 2.26724386016, 1.09021235407, 1.09000033207, 1.00878264179, 1.04431614944, 1.01278277877, 5.93935609044, 0.997214099573, 0.877820174463, 309.18172384, 1.10896644059, 1.99420233767, 1.01678307979, 3.51282331465, 0.912727018707, 18.7849589963, 7.44627109789, 136.934698215, 4.28954423592
5.59803785081, 1.01709670235, 1.16797859478, 0.946197654888, 1.65624413046, 0.756686669425, 3.10966009861, 0.836001123655, 0.953874908705, 4.03563972736, 6.72201243696, 1.05979457339, 2.25973081034, 1.09588216643, 1.09000011262, 1.07436226796, 1.004257379, 0.910884143645, 5.03362316019, 1.01515488406, 0.823982669931, 359.485402476, 1.04694863199, 2.22380311359, 1.0766021671, 1.85131213844, 1.261876607, 45.6698382962, 16.6369432745, 98.850208078, 0.0
4.41496522105, 1.04851423595, 1.05374299891, 0.953588280271, 5.68071606528, 0.937225782646, 3.69617817122, 1.08803425546, 0.959904552314, 4.07092799948, 5.43898021615, 1.00772996225, 4.07697052223, 0.965496449019, 1.09000005996, 1.08444958593, 1.02841379037, 0.946844148148, 8.35006326286, 1.13140432235, 0.931117216204, 188.334729478, 1.04949138572, 2.25100783454, 1.03566127486, 3.64848268846, 1.27157625712, 109.763959525, 12.3584309746, 211.997742362, 1.87667560322
1.59403780607, 1.03879481754, 0.86230738733, 1.21462586921, 7.04095718551, 0.986487536265, 5.41516272921, 1.08006685013, 0.98753322033, 1.50901919924, 2.17055416058, 0.913308733807, 2.47358209344, 1.10195555838, 1.09000066503, 1.0627907832, 1.04554080968, 0.824415966637, 9.65293727446, 1.00183542543, 0.9969266026, 272.031793169, 0.986835895256, 1.00549278049, 1.0794257062, 1.59445938503, 0.990627141779, 205.007610582, 14.917527661, 187.789099757, 0.804289544236
1.78775198013, 1.39217182507, 1.05314970344, 1.07398540752, 4.16600535589, 0.787331721805, 1.18050095119, 0.820041524436, 0.939745836871, 5.24040205132, 3.05231710787, 0.910191371255, 4.72975780809, 1.05310936416, 1.09000099983, 1.03481105238, 1.04353381739, 1.14458412046, 9.45264182239, 1.16482689846, 0.83924440102, 97.0873338773, 1.11686081607, 2.64222028302, 1.1249586536, 1.14544168651, 0.899716749515, 38.618762279, 7.97491132123, 150.983294867, 4.55764075067
3.60428606728, 1.02118398254, 1.16576118114, 1.12013517483, 3.84176196715, 0.76633755978, 1.04400537791, 0.955894729278, 0.928368025121, 1.41147708835, 2.7124876703, 1.01989545299, 3.92940174614, 0.815163488227, 1.09000036992, 1.04536250527, 1.04354295685, 1.16041202054, 3.69981343923, 0.910441751397, 0.861600493508, 114.062759957, 0.92311358789, 3.85737134961, 1.04063989466, 1.4526136083, 1.20333663583, 126.619730946, 10.7488967904, 596.546741288, 2.68096514745
3.07612597066, 1.0860865154, 0.847835680193, 1.07983653249, 5.02947437242, 0.773222090451, 3.37723073322, 1.09699570699, 0.936305562059, 6.1024825074, 6.77675825064, 1.07082508943, 3.25961210691, 0.866067576139, 1.09000035411, 1.09047933955, 1.00000181734, 1.22195249891, 5.68875901392, 1.07917831969, 0.954431859486, 133.18389029, 1.08466997545, 3.81353461726, 1.03256804545, 2.15163343746, 0.930803918923, 631.832912211, 20.0942566179, 1147.94410454, 0.0
5.52461744163, 1.18242536054, 0.858819211239, 0.908225866898, 2.48734869566, 0.782168874373, 5.99652249343, 1.06693286779, 0.960230315729, 2.57377051014, 5.12521034358, 1.00555555402, 4.70818665559, 0.975686034103, 1.09000047622, 1.03481105238, 1.0066082666, 1.06912341764, 8.58945495603, 1.08290095843, 0.761393333399, 116.621315427, 1.1226717073, 2.05293340864, 1.02077676603, 2.12865409484, 0.891103855332, 157.428139786, 23.2980170233, 252.719205162, 0.0
5.64917487667, 1.03879481754, 0.86230738733, 1.17074887141, 7.04095718551, 0.986487536265, 5.41516272921, 1.08006685013, 0.98753322033, 1.50901919924, 2.17055416058, 0.913308733807, 2.47358209344, 1.10195555838, 1.09000066503, 1.0627907832, 1.04554080968, 0.820246843988, 9.65293727446, 1.00183542543, 0.857626441351, 272.031793169, 0.986835895256, 1.00549278049, 1.07452429805, 1.59445938503, 0.990627141779, 111.17610661, 12.6361550434, 548.360461055, 1.87667560322
2.21137156631, 1.08674346477, 1.04207344262, 1.21679895832, 2.24147313867, 0.993099909047, 1.73300243047, 1.00811376815, 0.9799306789, 5.69781181264, 6.59741232949, 1.01563886544, 4.98638108015, 0.852649203503, 1.09000088624, 1.01173047934, 1.00043438127, 0.949176423312, 9.0295308681, 0.916668759102, 0.970344080998, 14.8781224383, 1.19136064215, 5.2521573285, 1.05870896077, 3.13565092245, 1.07472991669, 514.095757737, 33.0141131774, 2433.25731811, 0.0
4.01713183185, 1.05866678038, 0.87937003276, 0.958339164493, 2.90049643443, 0.71915579423, 4.6161446256, 0.956536032949, 0.963608309973, 4.99255857784, 2.31412676174, 0.876527638203, 3.35221083735, 0.887833858719, 1.09000083729, 1.03671403129, 1.01369539977, 1.06784714732, 7.49987625996, 0.953185027592, 0.913846579846, 19.7364107922, 1.12226319619, 5.86272618193, 1.17654720478, 2.09361268743, 1.0193232148, 455.665182613, 33.621010697, 1519.42146959, 0.0
2.06602595978, 1.19694443041, 1.11863927196, 1.20858776187, 2.37648896119, 0.769422676209, 4.88969595708, 0.883319016011, 0.992884300084, 3.1988982867, 5.14222569343, 0.88534769967, 3.85533674973, 1.01742481093, 1.09000087631, 1.08510510588, 1.00340775862, 1.12165596978, 7.55752342825, 0.92675427011, 0.968814330722, 61.056094143, 0.917959831757, 4.35258815797, 1.08578420293, 4.90402003351, 0.871125914575, 291.942754339, 27.7617164753, 2920.85218892, 0.0
5.52461744163, 1.03879481754, 0.957854644527, 0.908225866898, 5.05291215609, 0.880087974616, 5.99652249343, 1.06693286779, 0.94757307575, 2.57377051014, 5.12521034358, 1.00555555402, 4.70818665559, 0.975686034103, 1.09000047622, 1.03481105238, 1.0066082666, 1.06912341764, 8.58945495603, 1.08290095843, 0.761393333399, 116.621315427, 1.1226717073, 2.05293340864, 1.02077676603, 2.12865409484, 1.18162480077, 610.895097151, 24.7646187262, 1744.24162163, 0.0
4.38894485868, 1.01709670235, 0.933269334294, 0.920316968184, 1.65624413046, 0.756686669425, 3.10966009861, 1.01838075649, 0.953874908705, 4.03563972736, 4.5596923005, 1.05979457339, 2.25973081034, 1.09588216643, 1.09000011262, 1.07436226796, 1.004257379, 0.910884143645, 3.52449970367, 1.01515488406, 0.881934640321, 359.485402476, 1.04694863199, 4.07809368714, 1.1979088361, 1.85131213844, 1.261876607, 49.7136597557, 16.6926053804, 144.261473391, 0.804289544236
1.25025577979, 1.14806126609, 0.867453343473, 1.11956276292, 4.88150903091, 0.901967298878, 3.67171702201, 0.838277966235, 0.907928518939, 4.42345555539, 4.18141386947, 0.847643429046, 1.06437871003, 0.810181676166, 1.09000067405, 1.08863573548, 1.01170950611, 0.895240265319, 5.53479906774, 0.979572158556, 0.797827960366, 25.2499397326, 0.979364955771, 2.89156907046, 1.06374622386, 5.21039657363, 0.958433237757, 367.566528475, 22.1119108668, 737.069714115, 0.268096514745
5.46388850423, 1.03231300725, 0.780890536541, 1.21870970182, 5.8241500296, 0.811702864449, 2.29238088243, 1.04591478434, 0.958754445743, 5.56555474593, 3.3894645519, 0.888091910653, 1.48776390411, 0.883395612135, 1.09000019121, 1.07773396284, 1.04899392992, 0.959209474638, 3.51985049201, 1.06608802719, 0.761916106182, 169.837392341, 1.14744746726, 4.13204188944, 1.01225967746, 5.29840883832, 0.945268355773, 241.285019977, 20.2242333512, 2178.12586558, 0.268096514745
3.71945589208, 1.34048329341, 0.746317793448, 0.859902863138, 3.70401153284, 0.817047398017, 4.0552045992, 1.02094170185, 0.93267264679, 3.23582904932, 5.54458295727, 0.855198634687, 1.54449507866, 1.02517281879, 1.09000083173, 1.10946031594, 1.03815153057, 1.09782458173, 3.02717379286, 0.923678536003, 0.958048092668, 389.158883235, 0.921569417811, 5.7063446646, 1.13975322308, 4.99143836764, 0.893640692013, 79.1737623551, 12.479106234, 1823.3342921, 7.23860589812
4.25920732915, 1.0579284701, 1.09241402281, 1.01804399934, 5.47361121286, 0.940093109946, 1.40974059973, 1.00694810994, 0.946038046886, 5.81699738365, 2.39660864934, 0.93130838871, 2.68101921032, 0.835908802099, 1.09000046794, 1.04949570122, 1.00475477296, 1.10337676586, 6.72223327502, 1.03404275984, 0.766406088211, 61.9905347506, 1.15335350733, 1.19462492481, 1.16476459454, 1.66369246785, 1.06234101034, 442.958620536, 32.094358918, 5270.53906285, 0.0
4.01713183185, 1.15749139828, 0.87937003276, 0.958339164493, 2.90049643443, 0.71915579423, 4.94274327039, 1.00595973123, 0.963608309973, 4.99255857784, 2.31412676174, 0.876527638203, 3.35221083735, 0.887833858719, 1.09000083729, 1.03671403129, 1.01369539977, 1.06784714732, 3.9987505362, 0.953185027592, 0.913846579846, 19.7364107922, 1.12226319619, 1.68288439893, 1.07003654794, 2.09361268743, 1.28131921375, 290.041840172, 21.4835229478, 3073.13556269, 0.268096514745
5.06520930943, 1.20432830236, 0.785730436276, 0.920316968184, 2.99783933644, 0.761118461263, 1.17646635315, 1.06762596828, 0.943448011851, 2.8595311923, 3.13742728549, 0.81212164829, 3.70021989643, 0.956997095369, 1.09000027795, 1.10946031594, 1.02799955301, 0.85059853712, 5.30548264553, 1.0509174409, 0.999963159611, 59.8856951739, 1.05717304887, 2.01936696309, 1.23887350198, 1.08836681254, 1.07608596876, 100.255313171, 15.2749236244, 2797.89881455, 1.60857908847
3.35871878797, 1.35596149465, 0.816570955104, 0.968357164879, 2.05468246296, 0.982518727699, 2.69843555981, 1.02711978157, 0.902947829303, 5.38073835199, 6.07184329928, 1.07533173874, 2.71762748701, 1.26538898615, 1.09000083173, 1.07605685404, 1.03434315292, 1.20332976723, 6.19277193368, 1.01388117475, 0.887775490641, 389.158883235, 1.06020537997, 2.80946990074, 1.14371941706, 4.79877425669, 1.08706498228, 980.985512816, 23.4481533966, 13533.148341, 0.0
5.46388850423, 1.11363343523, 0.758447934103, 1.21870970182, 5.13053963437, 0.991244747136, 2.29238088243, 1.0651436691, 0.958754445743, 1.76345499807, 3.3894645519, 0.888091910653, 1.48776390411, 0.890530172209, 1.09000019121, 1.09843616058, 1.04285315628, 0.959209474638, 4.48249397911, 0.98434061581, 0.765415093399, 304.485203462, 1.14744746726, 4.13204188944, 1.15192492244, 5.43149303031, 1.14359082794, 130.570207762, 21.6756330713, 287.545436148, 1.34048257373
4.3537870544, 1.00732790029, 1.04569578394, 0.907954415186, 1.60463265183, 0.866026719383, 5.39936750309, 1.08646709695, 0.904036126125, 4.47681822668, 4.55620369578, 0.872919815934, 2.20723585469, 0.897873738271, 1.09000089385, 1.00025280687, 1.04619668541, 0.971621567554, 5.92855027416, 1.00208049367, 0.840691269319, 89.2566548455, 0.97978307685, 5.4499225177, 1.23648385724, 5.25177365556, 0.970767375625, 501.427187559, 34.2444810853, 3018.7031079, 0.0
4.3537870544, 1.00732790029, 1.1518155696, 0.907954415186, 6.74276335079, 0.866026719383, 5.39936750309, 1.08646709695, 0.904036126125, 4.47681822668, 4.55620369578, 0.872919815934, 2.20723585469, 0.897873738271, 1.09000099321, 1.00119229653, 1.04619668541, 0.971621567554, 5.92855027416, 1.00208049367, 0.840691269319, 105.181514914, 0.97978307685, 4.88947107208, 1.23648385724, 5.25177365556, 0.970767375625, 706.91989972, 37.0631478365, 640.569178201, 0.268096514745
5.46388850423, 1.40236736155, 0.759871238345, 1.21870970182, 5.8241500296, 0.811702864449, 2.29238088243, 1.0651436691, 0.969784705218, 3.23413479036, 1.84563973305, 0.888091910653, 1.48776390411, 0.890530172209, 1.09000005996, 1.07773396284, 1.04899392992, 0.959209474638, 3.70279673691, 0.98434061581, 0.765415093399, 169.837392341, 1.14744746726, 4.13204188944, 1.18968710651, 5.29840883832, 0.945268355773, 304.986822374, 29.1529364885, 270.288370497, 0.536193029491
4.40581120567, 1.0860865154, 0.936131886649, 0.953588280271, 1.96953682132, 0.769096588166, 3.33622888321, 1.05828462679, 0.937830958285, 1.47061256688, 7.24523910449, 1.08018980221, 1.33964010986, 1.13748549643, 1.09000016003, 1.10421844782, 1.02284599313, 0.83379188484, 3.31106350917, 1.0544902497, 0.774217923232, 314.933023878, 0.927267981027, 4.93000191165, 1.05177282502, 2.66398880059, 1.08448088383, 336.59365333, 29.170585265, 1656.265704, 0.268096514745
4.41496522105, 1.13212158932, 0.849244813688, 1.10014029133, 5.79210940884, 0.820497157265, 4.3100629687, 0.979754828658, 0.978487144784, 3.46615892128, 5.2584959663, 0.825272965955, 2.62346964252, 1.22365216451, 1.0900004691, 1.0816454814, 1.01836671233, 1.1696634584, 4.10222379158, 1.13140432235, 0.849239275194, 357.148513224, 1.13042083479, 1.88683246597, 1.18834752343, 1.62085939402, 1.12577276577, 188.082467947, 12.4923931793, 750.436015728, 4.02144772118
4.40581120567, 1.0860865154, 0.936131886649, 0.953588280271, 1.96953682132, 0.779288267384, 3.33622888321, 1.05828462679, 0.937830958285, 1.47061256688, 7.24523910449, 1.08018980221, 1.33964010986, 1.13748549643, 1.09000016003, 1.10336039374, 1.01031776717, 0.888001514704, 3.49766113169, 1.0544902497, 0.774217923232, 270.034688911, 0.927267981027, 4.93000191165, 1.05177282502, 2.66398880059, 1.08448088383, 323.031535439, 22.5218428648, 875.091657937, 0.536193029491
4.48829403638, 1.04851423595, 1.05374299891, 0.953588280271, 5.68071606528, 0.937225782646, 3.69617817122, 0.953562949198, 0.959904552314, 4.07092799948, 5.43898021615, 1.00772996225, 4.07697052223, 0.965496449019, 1.09000005996, 1.08444958593, 1.02841379037, 0.946844148148, 8.35006326286, 1.08954244059, 0.931117216204, 188.334729478, 1.04949138572, 2.25100783454, 1.03566127486, 3.64848268846, 1.27157625712, 620.103021794, 34.7316689683, 1894.80457346, 0.0
5.33403436567, 1.26355823454, 0.771888519115, 0.817196843056, 3.70043245003, 0.872083638831, 4.40356002962, 0.843970574331, 0.96820276822, 5.78609921799, 2.4784651439, 0.864416021357, 1.81135935078, 0.835908802099, 1.09000062863, 1.01200011937, 1.01522814442, 1.06981621087, 7.90202248148, 0.928694000094, 0.848537913528, 167.028071085, 0.955617178987, 4.56952668844, 0.989605555005, 1.63209793408, 0.933033925957, 154.27432609, 14.4744914039, 438.641693517, 1.34048257373
5.51524826557, 1.29572781242, 0.999747031208, 0.953588280271, 2.05468246296, 0.779288267384, 3.33622888321, 1.05828462679, 0.937830958285, 1.47061256688, 7.24523910449, 1.04529539283, 1.33964010986, 1.13748549643, 1.09000016003, 1.05588852736, 1.03434315292, 0.888001514704, 8.58945495603, 1.0544902497, 0.91917691836, 270.034688911, 0.927267981027, 4.93000191165, 1.05177282502, 2.66398880059, 1.04166632771, 510.64088914, 34.6274052769, 3606.16866454, 0.0
1.7994309558, 1.04093647383, 1.11865068322, 0.98297654683, 2.34565346615, 0.870670685984, 4.30248454704, 1.09848927338, 0.940008857597, 4.52003965654, 5.56559108844, 0.905270919092, 1.89957925978, 0.865808839515, 1.09000029506, 1.07141566576, 1.00125122423, 0.89035482894, 9.48193527009, 1.14626315121, 0.911839344544, 102.037102058, 1.03623381495, 3.29662931351, 1.01228397379, 2.58129550721, 1.28424344223, 941.047425959, 29.5061906891, 2131.17398282, 0.0
1.00086829331, 1.39825671023, 0.810323584625, 0.93717222595, 5.77634733498, 0.894641743697, 5.91094916377, 1.0208849625, 0.916344027713, 5.10475800665, 5.45855111286, 0.899848092696, 1.24040696992, 1.19591006881, 1.09000089468, 1.01968585437, 1.01506122952, 0.907749282855, 5.81959864835, 1.09577979908, 0.80131198651, 97.6388488275, 1.14786906565, 1.6016605266, 1.10554950416, 2.09786688778, 1.21284817147, 675.731875166, 26.6289300785, 3934.01229065, 0.0
3.66457324549, 1.36311138418, 1.06682600083, 0.869586963792, 1.60463265183, 0.896540512734, 2.01286215333, 0.860974765648, 0.914462074276, 3.42356416198, 5.6104911643, 0.952453162506, 4.77971817496, 1.22975591577, 1.09000089385, 1.09881969882, 1.04029780138, 0.901983308126, 6.76604169358, 0.928310196057, 0.762837455284, 250.779166715, 0.934685746525, 4.402967307, 1.21221722361, 4.51638287506, 1.17977361143, 699.085200299, 22.5554658755, 1438.49148253, 0.268096514745
4.48829403638, 1.04851423595, 1.05374299891, 1.07405354491, 5.68071606528, 0.937225782646, 3.69617817122, 0.953562949198, 0.959904552314, 4.07092799948, 5.43898021615, 1.00772996225, 4.07697052223, 0.965496449019, 1.09000005996, 1.08444958593, 1.02841379037, 0.946844148148, 8.2027696622, 1.08954244059, 0.931117216204, 188.334729478, 1.04949138572, 2.25100783454, 1.0280047866, 3.64848268846, 1.27157625712, 56.2586960501, 17.06024754, 707.25206596, 1.87667560322
5.37874804855, 1.33324588837, 0.899938096877, 0.951244668888, 4.25916464535, 0.735734675202, 5.15053778564, 1.00324666647, 0.991226782283, 5.85389335584, 5.94545271872, 1.02602643948, 2.26724386016, 1.09021235407, 1.09000056043, 1.00878264179, 1.03259618457, 1.01278277877, 5.93935609044, 0.997214099573, 0.877820174463, 328.984810967, 1.10896644059, 1.99420233767, 1.01678307979, 3.51282331465, 1.20613558683, 1199.96144934, 29.9083695687, 2662.39654201, 0.0
1.29435441737, 1.39821971821, 0.93349418527, 0.81240827942, 7.06995938743, 0.982863563252, 4.48075495821, 1.00811376815, 0.981923970504, 5.13626893173, 6.36304648277, 0.884376574375, 2.5815625037, 1.11484394341, 1.09000028869, 1.01173047934, 1.01587029498, 1.09548393857, 4.13611603573, 1.01929154295, 0.819767497752, 319.195767725, 1.00311291988, 5.65666630526, 1.11835496736, 4.22285113782, 1.04212790148, 167.897683514, 24.9650002955, 931.488476595, 0.536193029491
4.3537870544, 1.00732790029, 1.1518155696, 0.907954415186, 5.79210940884, 0.775626960471, 5.39936750309, 1.08646709695, 0.904036126125, 4.47681822668, 4.55620369578, 0.872919815934, 2.20723585469, 0.97959372568, 1.09000099321, 1.00119229653, 1.04619668541, 0.971621567554, 5.92855027416, 1.00208049367, 0.840691269319, 105.181514914, 0.97978307685, 4.88947107208, 1.23648385724, 5.25177365556, 0.970767375625, 625.152407503, 22.94462018, 2031.3619449, 0.536193029491
1.7994309558, 1.04093647383, 1.11865068322, 0.98297654683, 2.24147313867, 0.870670685984, 4.30248454704, 1.09848927338, 0.940008857597, 4.52003965654, 5.56559108844, 0.905270919092, 4.99315496344, 0.865808839515, 1.09000029506, 1.07141566576, 1.00125122423, 0.89035482894, 9.48193527009, 1.14626315121, 0.911839344544, 78.5707103759, 1.03623381495, 3.29662931351, 1.01228397379, 3.13565092245, 1.28424344223, 888.338860068, 28.9889204096, 5256.48461629, 0.0
5.06520930943, 1.04491146424, 0.785730436276, 0.920316968184, 2.99783933644, 0.923657695414, 1.17646635315, 1.06762596828, 0.932844820695, 2.8595311923, 3.13742728549, 0.81212164829, 1.38016081692, 0.956997095369, 1.09000027795, 1.10946031594, 1.02799955301, 0.939069631544, 5.30548264553, 1.0509174409, 0.999975008006, 69.1475599572, 1.05717304887, 2.01936696309, 1.23887350198, 1.08836681254, 1.07608596876, 887.895113042, 40.9162110871, 2911.23049635, 0.0
3.00514001369, 1.05866678038, 1.02257827907, 1.08680209828, 1.51769024009, 0.841536009462, 5.52841849251, 0.927045946284, 0.914991353986, 1.5135596114, 1.70626375579, 0.932013462205, 3.87634600993, 0.84574001574, 1.09000075374, 1.07573611551, 1.04383640435, 0.877970927162, 9.71350730012, 1.0487233728, 0.966906339826, 164.200850457, 1.05950256505, 4.26609843038, 1.01458319354, 4.69545890856, 1.0193232148, 242.191608242, 28.1660404155, 1571.02147297, 0.536193029491
3.71945589208, 1.34052288159, 0.746317793448, 0.927447375629, 3.70401153284, 0.963458019685, 4.86371448927, 1.02094170185, 0.93267264679, 3.23582904932, 5.54458295727, 0.813685910958, 1.54449507866, 1.02517281879, 1.09000018249, 1.07316886852, 1.01455522788, 1.09782458173, 3.02717379286, 0.923678536003, 0.958048092668, 382.437105997, 0.921569417811, 5.7063446646, 1.13975322308, 4.99143836764, 0.893640692013, 80.5761084929, 19.3130544268, 464.994028167, 1.07238605898
5.06520930943, 1.20432830236, 0.785730436276, 0.920316968184, 2.99783933644, 0.923657695414, 1.17646635315, 1.06762596828, 0.943448011851, 2.8595311923, 3.13742728549, 0.81212164829, 3.70021989643, 0.956997095369, 1.09000027795, 1.10946031594, 1.02799955301, 0.939069631544, 5.30548264553, 1.0509174409, 0.999975008006, 59.8856951739, 1.05717304887, 2.01936696309, 1.23887350198, 1.08836681254, 1.07608596876, 682.55525076, 36.8753893907, 1555.6725524, 0.268096514745
2.06602595978, 1.41004141419, 1.12174393668, 1.20858776187, 5.286006586, 0.769422676209, 4.88969595708, 1.02439956562, 0.992884300084, 3.1988982867, 5.14222569343, 0.88534769967, 3.8410074191, 1.01742481093, 1.09000091557, 1.08510510588, 1.00340775862, 1.12165596978, 5.89635231777, 1.11197476792, 0.904353277352, 61.056094143, 0.917959831757, 4.35258815797, 1.08578420293, 4.90402003351, 1.18661900513, 163.072780797, 14.8582681093, 1568.38943129, 1.87667560322
4.43674260982, 1.2067898052, 0.745934334202, 1.07068685057, 4.88328750472, 0.878606649008, 4.34179579084, 0.985780116616, 0.943323283674, 4.49095583544, 5.08084715038, 0.884904942675, 2.03535206766, 1.06086510417, 1.09000088212, 1.08996482856, 1.00505596832, 1.05616431835, 7.80703927432, 1.17855473662, 0.858930249077, 319.189634216, 0.9605183675, 5.93557341687, 1.11932067303, 3.00965979754, 0.938355235548, 226.078639418, 13.4540141267, 1553.3463651, 3.48525469169
3.71945589208, 1.34048329341, 0.746317793448, 0.984591817069, 3.70401153284, 0.963458019685, 4.86371448927, 1.02094170185, 0.93267264679, 3.23582904932, 5.54458295727, 0.855198634687, 1.54449507866, 0.975686034103, 1.09000018249, 1.10946031594, 1.01455522788, 1.06725304848, 3.02424948796, 0.923678536003, 0.958048092668, 382.437105997, 0.921569417811, 5.7063446646, 1.13975322308, 4.99143836764, 0.890227786108, 227.22126301, 13.4902087417, 1804.71528924, 2.68096514745
3.71945589208, 1.34048329341, 0.746317793448, 0.927447375629, 3.70401153284, 0.963458019685, 4.86371448927, 1.02094170185, 0.93267264679, 3.23582904932, 5.54458295727, 0.855198634687, 1.54449507866, 1.02517281879, 1.09000018249, 1.07316886852, 1.01455522788, 1.09782458173, 3.02717379286, 0.923678536003, 0.958048092668, 382.437105997, 0.921569417811, 5.7063446646, 1.13975322308, 4.99143836764, 0.893640692013, 213.821093804, 13.307955479, 1569.50442769, 5.36193029491
2.12498192662, 1.33939064076, 1.0641333176, 1.13914376014, 1.41312684998, 0.793176244562, 3.22993364213, 0.860974765648, 0.988530008407, 5.46496969212, 5.12521034358, 0.881928475041, 1.59112726133, 1.1334248251, 1.09000050476, 1.05205954309, 1.01560288271, 1.11544037616, 8.58945495603, 0.91693507415, 0.821431347016, 377.590295457, 1.13987563346, 4.24818184859, 1.03596125354, 3.6051037618, 1.11022961041, 123.141618302, 22.3168883526, 1755.83400732, 1.60857908847
4.70374312714, 1.05866678038, 0.87937003276, 0.958339164493, 2.90049643443, 0.71915579423, 4.6161446256, 0.956536032949, 0.963608309973, 4.99255857784, 2.31412676174, 0.876527638203, 3.35221083735, 0.887833858719, 1.09000083729, 1.10693883181, 1.01369539977, 1.06784714732, 7.49987625996, 0.953185027592, 0.913846579846, 19.7364107922, 1.12226319619, 5.86272618193, 1.17654720478, 4.29683298068, 1.0193232148, 192.717901334, 13.5524701433, 1391.05791418, 3.75335120643
1.78775198013, 1.39217182507, 1.02948861705, 1.07398540752, 6.96660664849, 0.787331721805, 1.18050095119, 0.820041524436, 0.939745836871, 5.24040205132, 2.59560553499, 0.910191371255, 1.64508167461, 1.05310936416, 1.09000036992, 1.09534469746, 1.04852279152, 1.14458412046, 8.86205848438, 1.16482689846, 0.83924440102, 97.0873338773, 0.983421942405, 2.64222028302, 1.1249586536, 1.28221160594, 0.921953933813, 131.338916634, 16.0645711377, 1582.47538211, 2.9490616622
2.12498192662, 1.0860865154, 0.739486545845, 1.13914376014, 1.41312684998, 0.793176244562, 3.22993364213, 0.860974765648, 0.988530008407, 1.47061256688, 5.12521034358, 0.881928475041, 1.59112726133, 1.1334248251, 1.09000016003, 1.05205954309, 1.01560288271, 1.02707457281, 8.58945495603, 0.91693507415, 0.821431347016, 377.590295457, 0.999527336894, 4.24818184859, 1.03596125354, 3.6051037618, 1.11022961041, 324.856598795, 14.8815783012, 481.627612046, 2.68096514745
4.25920732915, 1.0579284701, 1.09241402281, 1.01804399934, 5.47361121286, 0.940093109946, 1.40974059973, 1.00694810994, 0.980399316441, 5.81699738365, 2.39660864934, 0.93130838871, 2.68101921032, 1.00805857183, 1.09000046794, 1.04949570122, 1.00475477296, 1.06784714732, 6.72223327502, 1.03404275984, 0.766406088211, 61.9905347506, 1.15335350733, 1.19462492481, 1.16476459454, 1.66369246785, 1.06234101034, 331.772276159, 21.4509511973, 2133.40421587, 0.804289544236
1.00057317502, 1.05866678038, 0.801343292398, 0.814131336208, 3.77748912724, 0.811678276963, 5.52841849251, 0.927045946284, 0.914991353986, 1.5135596114, 1.70626375579, 0.932013462205, 3.87634600993, 0.832804505214, 1.09000075374, 1.05913846763, 1.04383640435, 0.877970927162, 9.82073727405, 1.0487233728, 0.966906339826, 164.200850457, 1.05950256505, 4.26609843038, 1.01458319354, 5.21349060497, 1.0193232148, 125.736303481, 16.3404994382, 939.381193397, 4.28954423592
3.65538067671, 1.24986507189, 1.00196584376, 1.1425586638, 4.3887030873, 0.845992454117, 2.24644087277, 0.935890418391, 0.998859697475, 2.33267270261, 5.85612530405, 0.854565760876, 4.53965584107, 1.25027623836, 1.09000095526, 1.09843616058, 1.00598181594, 0.819433938388, 7.16282110993, 0.940549869442, 0.857540081808, 255.549954799, 1.09262456392, 2.10741762498, 1.18558439102, 2.46444471242, 1.02619329865, 2190.61687307, 50.7853195716, 2781.42892513, 0.0
1.29435441737, 1.39821971821, 0.93349418527, 0.81240827942, 7.04963601932, 0.982863563252, 4.48075495821, 1.00811376815, 0.981923970504, 5.13626893173, 6.36304648277, 0.884376574375, 4.42265352336, 1.11484394341, 1.09000028869, 1.01173047934, 1.01587029498, 1.09548393857, 8.22223040377, 1.01929154295, 0.788397580419, 319.195767725, 1.00311291988, 5.65666630526, 1.11835496736, 4.22285113782, 1.04212790148, 217.4938361, 13.7379564728, 1844.18500684, 3.48525469169
4.25920732915, 1.0579284701, 1.09241402281, 1.01804399934, 5.47361121286, 0.940093109946, 1.40974059973, 1.02094170185, 0.980399316441, 5.81699738365, 2.32233600396, 0.93130838871, 2.68101921032, 1.02517281879, 1.09000046794, 1.04949570122, 1.00475477296, 1.03128021593, 6.72223327502, 1.03404275984, 0.766406088211, 61.9905347506, 1.15335350733, 3.69537173512, 1.13975322308, 1.37435912825, 1.06234101034, 863.944294806, 22.4622574231, 3298.85087131, 0.536193029491
4.40581120567, 1.12087845521, 0.936131886649, 0.953588280271, 1.96953682132, 0.827614061665, 3.33622888321, 1.09622440492, 0.937830958285, 1.47061256688, 7.24523910449, 1.01023292694, 1.33964010986, 1.13748549643, 1.09000016003, 1.10336039374, 1.01031776717, 0.888001514704, 7.39069206455, 1.0544902497, 0.774217923232, 270.034688911, 0.927267981027, 4.93000191165, 1.05177282502, 2.66398880059, 0.970170627681, 861.391522162, 38.9327228711, 1603.94622903, 0.268096514745
4.40581120567, 1.0860865154, 0.74504241651, 0.953588280271, 1.96953682132, 0.94351922721, 3.33622888321, 1.05828462679, 0.937830958285, 1.47061256688, 7.24523910449, 1.08018980221, 1.33964010986, 1.13748549643, 1.09000016003, 1.10336039374, 1.04798228054, 1.02601746537, 3.49766113169, 1.0544902497, 0.774217923232, 182.810527811, 1.00971151858, 4.93000191165, 1.05177282502, 2.66398880059, 1.08448088383, 588.766130343, 26.0746631762, 2130.37794713, 0.536193029491
2.06602595978, 1.39608634605, 0.894616807589, 1.20858776187, 5.286006586, 0.769422676209, 4.88969595708, 0.883319016011, 0.992884300084, 5.37766071254, 6.6365957108, 0.88534769967, 4.11944967918, 1.01742481093, 1.09000087631, 1.08510510588, 1.03657231855, 1.12165596978, 6.72711387119, 0.92675427011, 0.904353277352, 61.056094143, 1.01984337824, 3.99961736332, 1.08578420293, 4.90402003351, 0.871712264113, 1948.07746451, 32.1614580644, 9876.74495536, 0.0
3.71945589208, 1.26526892972, 0.746317793448, 0.859902863138, 3.70401153284, 0.817047398017, 4.0552045992, 1.02094170185, 0.93267264679, 3.23582904932, 5.43898021615, 0.855198634687, 1.54449507866, 1.02517281879, 1.09000083173, 1.10946031594, 1.02841379037, 1.09782458173, 3.02717379286, 0.923678536003, 0.831764501942, 389.158883235, 0.921569417811, 5.7063446646, 1.13975322308, 4.99143836764, 0.893640692013, 323.569333977, 28.2086722849, 412.705929633, 0.804289544236
3.60428606728, 1.00735264906, 1.16576118114, 1.12013517483, 3.84176196715, 0.76633755978, 1.04400537791, 0.955894729278, 0.92584977446, 1.41147708835, 2.7124876703, 1.01989545299, 3.92940174614, 0.815163488227, 1.09000036992, 1.04536250527, 1.04354295685, 1.00908277135, 5.64057942321, 0.923077807795, 0.970474859432, 169.795746684, 0.983421942405, 3.85737134961, 0.96051801649, 4.7523267046, 1.20333663583, 478.248078456, 24.1986587692, 4460.06223224, 0.536193029491
5.52461744163, 1.18242536054, 0.858819211239, 0.908225866898, 2.48734869566, 0.711253777052, 5.99652249343, 1.06693286779, 0.960230315729, 4.68284524095, 6.32112230299, 1.00555555402, 4.70818665559, 0.975686034103, 1.09000030928, 1.03481105238, 1.0066082666, 1.06912341764, 4.06391529642, 1.08290095843, 0.761393333399, 116.621315427, 1.1226717073, 2.05293340864, 1.02077676603, 2.12865409484, 0.891103855332, 1458.94339205, 46.1651709353, 3517.617576, 0.0
5.37874804855, 1.33324588837, 0.899938096877, 0.951244668888, 4.25916464535, 0.735734675202, 5.15053778564, 1.00324666647, 0.991226782283, 5.85389335584, 5.94545271872, 1.02602643948, 2.26724386016, 1.09021235407, 1.09000056043, 1.00878264179, 1.04431614944, 1.01278277877, 5.93935609044, 0.997214099573, 0.877820174463, 328.984810967, 1.10896644059, 1.99420233767, 1.01678307979, 3.51282331465, 0.912727018707, 232.160290571, 27.1078398163, 214.58632285, 4.02144772118
1.78775198013, 1.39217182507, 1.05314970344, 1.07398540752, 4.16600535589, 0.787331721805, 1.18050095119, 0.820041524436, 0.939745836871, 5.24040205132, 3.05231710787, 0.910191371255, 4.72975780809, 1.05310936416, 1.09000099983, 1.09534469746, 1.04353381739, 1.14458412046, 8.86205848438, 1.16482689846, 0.83924440102, 97.0873338773, 1.11686081607, 2.64222028302, 1.1249586536, 1.28221160594, 0.921953933813, 213.907425215, 15.4612323057, 1146.30666021, 1.87667560322
1.38571323156, 1.39821971821, 0.93349418527, 0.81240827942, 6.40091310451, 0.982863563252, 4.48075495821, 1.00811376815, 0.981923970504, 5.13626893173, 6.36304648277, 0.884376574375, 4.42265352336, 1.11484394341, 1.09000028869, 1.01173047934, 1.01587029498, 1.09548393857, 8.22223040377, 0.912155072555, 0.788397580419, 319.195767725, 1.0770793935, 5.65666630526, 1.07550932604, 4.22285113782, 1.04212790148, 179.484663727, 18.3709404291, 1790.58125078, 1.34048257373
5.51524826557, 1.0860865154, 0.999747031208, 0.953588280271, 2.05468246296, 0.779288267384, 3.33622888321, 1.05828462679, 0.937830958285, 1.47061256688, 7.24523910449, 1.04529539283, 1.33964010986, 1.13748549643, 1.09000016003, 1.10336039374, 1.03434315292, 0.888001514704, 3.49766113169, 1.0544902497, 0.774217923232, 270.034688911, 0.927267981027, 4.93000191165, 1.05177282502, 2.66398880059, 1.04166632771, 108.305728285, 21.1495001948, 1855.01655639, 3.21715817694
5.46388850423, 1.03231300725, 0.780890536541, 1.21870970182, 5.8241500296, 0.811702864449, 2.29238088243, 1.0651436691, 0.958754445743, 3.23413479036, 1.84563973305, 0.888091910653, 1.48776390411, 0.890530172209, 1.09000019121, 1.07773396284, 1.04899392992, 0.959209474638, 3.70279673691, 0.98434061581, 0.765415093399, 169.837392341, 1.14744746726, 4.13204188944, 1.18968710651, 5.29840883832, 0.945268355773, 2401.24960568, 33.2958724865, 12496.1514482, 0.0
4.40581120567, 1.0860865154, 0.936131886649, 0.953588280271, 1.96953682132, 0.769096588166, 3.33622888321, 1.05828462679, 0.937830958285, 1.47061256688, 7.24523910449, 1.08018980221, 1.33964010986, 1.13748549643, 1.09000016003, 1.10421844782, 1.01031776717, 0.959209474638, 3.31106350917, 1.0544902497, 0.774217923232, 314.933023878, 0.927267981027, 4.93000191165, 1.05177282502, 2.66398880059, 1.08448088383, 1672.24023877, 33.9333357486, 7058.23055676, 0.0
5.52461744163, 1.18242536054, 0.858819211239, 0.908225866898, 2.48734869566, 0.782168874373, 5.99999906975, 1.06693286779, 0.960230315729, 2.57377051014, 5.12521034358, 1.00555555402, 1.59112726133, 1.1334248251, 1.09000050476, 1.03481105238, 1.0066082666, 1.06912341764, 8.58945495603, 1.0631139227, 0.761393333399, 116.621315427, 1.1226717073, 2.05293340864, 1.02077676603, 2.12865409484, 0.88129435774, 576.913415984, 26.2393561356, 3983.97904361, 0.536193029491
1.59403780607, 1.01452467354, 0.86230738733, 1.18020602902, 7.04095718551, 0.986487536265, 5.41516272921, 1.08006685013, 0.98753322033, 1.50901919924, 2.17055416058, 0.913308733807, 2.47358209344, 1.10195555838, 1.09000066503, 1.0627907832, 1.04554080968, 0.824415966637, 9.65293727446, 1.00183542543, 0.857626441351, 272.031793169, 0.986835895256, 1.00193354826, 1.0794257062, 1.59445938503, 0.990627141779, 141.798843956, 22.8760691057, 955.637903106, 1.60857908847
4.01713183185, 1.15749139828, 0.87937003276, 0.958339164493, 2.90049643443, 0.71915579423, 4.94274327039, 0.956536032949, 0.963608309973, 4.99255857784, 2.31412676174, 0.876527638203, 3.35221083735, 0.887833858719, 1.09000083729, 1.03671403129, 1.01369539977, 1.06784714732, 3.9987505362, 0.953185027592, 0.913846579846, 19.7364107922, 1.12226319619, 1.68288439893, 1.17654720478, 2.09361268743, 1.28131921375, 266.002025816, 14.6328834627, 2533.88259455, 3.48525469169
4.29446839466, 1.1174424924, 1.12049642695, 0.811480825218, 2.24147313867, 0.730778921053, 3.75075102809, 1.00811376815, 0.924414881769, 6.00133788216, 3.60513929815, 0.831545139007, 3.66410466207, 1.21670850997, 1.09000016751, 1.02893599055, 1.02351883905, 0.95132531158, 8.57331485006, 0.98887236384, 0.815832938311, 340.641805837, 1.00175921613, 3.79250418715, 1.15917100632, 1.46874995665, 0.978908610808, 1901.60522335, 35.0316167372, 5217.24167881, 0.0
4.01713183185, 1.15749139828, 0.87937003276, 0.958339164493, 2.04687161499, 0.71915579423, 4.94274327039, 0.956536032949, 0.963608309973, 4.99255857784, 2.31412676174, 1.06177420704, 3.35221083735, 1.10261144207, 1.09000083729, 1.10336039374, 1.01369539977, 1.06784714732, 3.9987505362, 1.01849410238, 0.886230593447, 19.7364107922, 1.12226319619, 1.68288439893, 1.17654720478, 2.09361268743, 1.28131921375, 1862.59524808, 36.9038661245, 4984.23944778, 0.0
2.06602595978, 1.39608634605, 1.12174393668, 1.20858776187, 5.286006586, 0.769422676209, 4.88969595708, 0.883319016011, 0.992884300084, 3.1988982867, 5.14222569343, 0.88534769967, 5.06842313814, 1.01742481093, 1.09000087631, 1.08510510588, 1.00340775862, 1.12165596978, 6.72711387119, 0.92675427011, 0.904353277352, 61.056094143, 0.917959831757, 4.35258815797, 1.08578420293, 4.90402003351, 0.871712264113, 919.208414259, 41.9196530116, 1371.34833498, 0.536193029491
5.52461744163, 1.18412173803, 0.858819211239, 0.908225866898, 2.48734869566, 0.782168874373, 5.99652249343, 1.06693286779, 0.960230315729, 2.57377051014, 5.12521034358, 1.00555555402, 4.70818665559, 0.975686034103, 1.09000047622, 1.03481105238, 1.0066082666, 1.06912341764, 8.58945495603, 1.08290095843, 0.761393333399, 116.621315427, 1.1226717073, 2.66852725449, 1.02077676603, 2.12865409484, 0.891103855332, 335.780339905, 21.1621435182, 1475.20993209, 1.07238605898
1.59403780607, 1.03879481754, 0.86230738733, 1.18020602902, 7.04095718551, 0.986487536265, 5.41516272921, 1.08006685013, 0.98753322033, 1.50901919924, 2.17055416058, 0.913308733807, 2.47358209344, 1.10195555838, 1.09000066503, 1.0627907832, 1.04554080968, 0.824415966637, 9.65293727446, 1.00183542543, 0.857626441351, 272.031793169, 0.986835895256, 1.00549278049, 1.0794257062, 1.59445938503, 0.990627141779, 437.106915372, 18.766571803, 1753.50205215, 1.34048257373
4.19233707952, 1.08674346477, 1.04207344262, 1.11351605595, 2.24147313867, 0.993099909047, 1.73300243047, 1.00811376815, 0.9799306789, 5.69781181264, 6.36304648277, 1.01563886544, 4.98638108015, 0.852649203503, 1.09000088624, 1.01173047934, 1.01587029498, 0.931878712102, 9.0295308681, 0.916668759102, 0.996884931759, 14.8781224383, 1.19136064215, 5.2521573285, 1.23495305591, 3.13565092245, 1.07472991669, 2608.60342849, 54.2959194942, 4971.80972531, 0.0
2.21137156631, 1.08674346477, 1.04207344262, 1.21679895832, 2.24147313867, 0.993099909047, 1.73300243047, 1.00811376815, 0.9799306789, 5.69781181264, 6.36304648277, 1.01563886544, 4.98638108015, 0.852649203503, 1.09000088624, 1.01173047934, 1.01587029498, 0.949176423312, 9.0295308681, 0.916668759102, 0.970344080998, 14.8781224383, 1.19136064215, 5.2521573285, 1.07550932604, 3.13565092245, 1.07472991669, 608.249669259, 35.8021881353, 1780.97429697, 0.536193029491
3.07268619844, 1.12828746264, 1.01684619861, 1.09800048083, 2.88872070424, 0.750936779824, 5.28279821196, 0.864606932282, 0.963481263332, 3.97866136382, 6.08885854474, 0.886975617725, 3.96450544505, 1.13188399574, 1.09000031846, 1.00528201239, 1.02947791995, 1.14650161505, 5.51224977354, 1.04135663211, 0.976596164795, 236.327142443, 1.18962137164, 5.86747023734, 1.19367953816, 1.44689831003, 1.15000673563, 576.152535793, 26.1439016556, 4542.75380859, 0.536193029491
5.37874804855, 1.11073501844, 0.899938096877, 0.951244668888, 4.25916464535, 0.735734675202, 5.15053778564, 1.06246141935, 0.991226782283, 5.85389335584, 5.94545271872, 1.04964283503, 2.26724386016, 1.09021235407, 1.09000033207, 1.00878264179, 1.04431614944, 1.01278277877, 5.93935609044, 0.997214099573, 0.877820174463, 309.18172384, 1.10896644059, 1.99420233767, 1.01678307979, 3.51282331465, 0.912727018707, 276.324633066, 16.5824126112, 890.982698417, 2.41286863271
1.00086829331, 1.05866678038, 0.801343292398, 0.814131336208, 1.41957239425, 0.811678276963, 5.52841849251, 0.927045946284, 0.984615215908, 1.5135596114, 1.70626375579, 0.932013462205, 3.87634600993, 0.832804505214, 1.09000075374, 1.07573611551, 1.04383640435, 0.877970927162, 9.71350730012, 1.0487233728, 0.966906339826, 18.6799013889, 1.05950256505, 4.26609843038, 1.01458319354, 4.69545890856, 1.0193232148, 379.085979402, 32.1706619602, 2596.76365263, 0.536193029491
4.29446839466, 1.1174424924, 1.12049642695, 0.811480825218, 6.03349039608, 0.715580893099, 3.75075102809, 0.901634468424, 0.924414881769, 6.00133788216, 3.60513929815, 0.831545139007, 3.66410466207, 1.21670850997, 1.09000032756, 1.02893599055, 1.02351883905, 0.95132531158, 8.57331485006, 0.98887236384, 0.815832938311, 340.641805837, 0.932906731885, 5.76141198307, 1.15917100632, 1.46874995665, 0.978908610808, 382.368164344, 31.5569835938, 2494.61573062, 0.536193029491
4.01713183185, 1.15749139828, 0.87937003276, 0.958339164493, 2.90049643443, 0.71915579423, 4.69671569668, 0.956536032949, 0.963608309973, 1.9938040672, 2.31412676174, 0.876527638203, 3.35221083735, 0.887833858719, 1.09000083729, 1.03671403129, 1.00529571117, 1.14650161505, 5.51224977354, 0.949092503421, 0.913846579846, 19.7364107922, 1.12226319619, 1.68288439893, 1.17654720478, 2.09361268743, 1.28131921375, 118.014911251, 21.6992139668, 1190.35947351, 2.9490616622
5.46388850423, 1.03231300725, 0.780890536541, 1.21870970182, 5.8241500296, 0.811702864449, 2.29238088243, 1.0651436691, 0.958754445743, 5.56555474593, 3.3894645519, 0.888091910653, 1.48776390411, 0.890530172209, 1.09000019121, 1.07773396284, 1.04899392992, 0.959209474638, 3.51985049201, 1.06608802719, 0.765415093399, 169.837392341, 1.14744746726, 4.13204188944, 1.01225967746, 5.29840883832, 0.945268355773, 993.950755542, 25.1311029834, 1922.7800426, 0.536193029491
4.40581120567, 1.0860865154, 0.936131886649, 0.953588280271, 1.96953682132, 0.779288267384, 3.33622888321, 1.05828462679, 0.937830958285, 1.47061256688, 7.24523910449, 1.08018980221, 1.33964010986, 1.13748549643, 1.09000016003, 1.10421844782, 1.01031776717, 0.888001514704, 3.31106350917, 1.0544902497, 0.774217923232, 314.933023878, 0.927267981027, 4.93000191165, 1.05177282502, 2.66398880059, 1.08448088383, 453.178740517, 18.7663425303, 2294.00758412, 1.60857908847
3.66457324549, 1.36311138418, 1.06682600083, 0.869586963792, 6.02063467417, 0.896540512734, 2.01286215333, 0.860974765648, 0.914462074276, 3.42356416198, 5.6104911643, 0.952453162506, 2.40375917538, 1.21088590604, 1.09000089385, 1.09881969882, 1.0308935406, 0.901983308126, 6.76604169358, 0.928310196057, 0.762837455284, 250.779166715, 0.934685746525, 4.402967307, 1.21221722361, 2.30443461982, 1.17977361143, 1835.86360316, 36.0014661167, 6029.21854167, 0.0
4.41496522105, 1.13212158932, 1.005939809, 1.10014029133, 5.79210940884, 0.820497157265, 4.13157841631, 0.979754828658, 0.978487144784, 3.46615892128, 5.2584959663, 0.825272965955, 2.62346964252, 1.22365216451, 1.0900004691, 1.0816454814, 1.01836671233, 1.1696634584, 4.10222379158, 1.13140432235, 0.849239275194, 357.148513224, 1.13042083479, 1.88683246597, 1.0280047866, 1.81260948364, 1.12577276577, 1411.01604532, 34.9520637654, 12138.9857103, 0.0
5.06520930943, 1.20432830236, 0.785730436276, 0.920316968184, 2.99783933644, 0.923657695414, 1.12775530219, 1.06762596828, 0.943448011851, 2.8595311923, 3.13742728549, 0.81212164829, 3.70021989643, 0.956997095369, 1.09000027795, 1.10946031594, 1.02799955301, 0.939069631544, 5.30548264553, 1.0509174409, 0.988195540237, 38.2815913877, 1.05717304887, 2.01936696309, 1.23887350198, 1.08836681254, 1.07608596876, 1780.30223127, 35.6711093626, 6877.45337548, 0.0
3.60428606728, 1.02118398254, 1.16576118114, 1.12013517483, 3.84176196715, 0.76633755978, 1.04400537791, 0.955894729278, 0.928368025121, 1.41147708835, 2.7124876703, 1.01989545299, 3.92940174614, 0.815163488227, 1.09000036992, 1.04536250527, 1.04354295685, 1.00908277135, 3.69981343923, 0.910441751397, 0.970474859432, 169.795746684, 0.983421942405, 3.85737134961, 1.04063989466, 4.7523267046, 1.20333663583, 288.670680518, 29.5635242792, 2891.15648236, 0.804289544236
2.21137156631, 1.03869946121, 1.04207344262, 1.21679895832, 2.34565346615, 0.993099909047, 1.73300243047, 1.00811376815, 0.9799306789, 5.69781181264, 6.59741232949, 1.01563886544, 4.98638108015, 0.852649203503, 1.09000098287, 1.01173047934, 1.00043438127, 0.949176423312, 9.0295308681, 0.916668759102, 0.970344080998, 14.8781224383, 0.980780937123, 5.2521573285, 1.05870896077, 2.58129550721, 1.07472991669, 284.265911405, 17.2244762144, 450.72723735, 1.87667560322
5.01429079914, 1.02118398254, 0.944557829682, 0.820331518517, 6.21713598934, 0.956317295816, 1.38905880088, 0.956889045818, 0.938564141935, 4.57515504749, 3.37866806599, 0.888460350814, 5.04811307775, 1.03746780226, 1.09000004417, 1.04504222755, 1.00423498815, 0.822948288014, 4.55379872307, 1.01929154295, 0.818799668114, 43.4678397939, 1.00311291988, 2.16733257593, 1.06872067841, 3.0354935421, 1.28457390168, 237.087890307, 19.8777231299, 1756.95066144, 1.60857908847
4.48829403638, 1.04851423595, 1.05374299891, 1.07405354491, 5.68071606528, 0.896540512734, 3.69617817122, 0.953562949198, 0.959904552314, 4.07092799948, 5.43898021615, 1.00772996225, 4.22747553785, 0.965496449019, 1.09000005996, 1.08444958593, 1.02841379037, 0.946844148148, 8.2027696622, 1.08954244059, 0.931117216204, 188.334729478, 1.04949138572, 2.25100783454, 1.0280047866, 3.64848268846, 1.27157625712, 1081.12074584, 40.4262706884, 794.69801215, 0.804289544236
