1.90217533879, 1.1620142435, 1.10472239334, 1.21924768184, 3.35131712781, 0.765706380872, 4.00754434838, 0.876331252056, 0.926480154299, 4.44307252118, 5.82190830974, 1.08083510285, 4.22282854588, 1.03465221727, 1.09000041445, 1.039161108, 1.0142321421, 0.870086745809, 3.93789060398, 1.14123383635, 0.964276532049, 136.681947889, 1.10257727305, 1.41206271328, 1.05959905596, 1.90103311667, 0.893601713644, 23.1974842797, 7.78160130698, 21.6056828134, 2.68096514745
3.07612597066, 1.21067105199, 0.847835680193, 1.14381360461, 1.99898375125, 0.843119325893, 1.56158805346, 0.924288093888, 0.931879612758, 5.06555875328, 6.77675825064, 1.02645510882, 4.37427369834, 0.866067576139, 1.09000035411, 1.09047933955, 1.00830194609, 1.22195249891, 5.66517820132, 1.14612239289, 0.935433822177, 133.18389029, 1.04571284162, 1.77290762603, 1.17285800583, 2.15163343746, 0.94395259938, 86.8361905891, 11.8636308872, 121.556815482, 0.0
5.58436675908, 1.33324588837, 0.799123678433, 0.940617731645, 1.5194862648, 0.94966835424, 5.09691222413, 0.965888902401, 0.920565571361, 5.95680912261, 3.87867723996, 0.883878676915, 4.1938533163, 1.18096744122, 1.0900008528, 1.10747996371, 1.01389647461, 0.824240870468, 4.257259828, 1.00481284189, 0.919351333212, 147.90782013, 1.17347487174, 4.6367964536, 1.23878875991, 1.06375740245, 0.957291853689, 104.355918446, 11.8606111624, 120.989268102, 1.60857908847
4.48829403638, 1.04851423595, 1.05374299891, 1.07405354491, 6.86766158746, 0.937225782646, 3.69617817122, 0.953562949198, 0.959904552314, 4.07092799948, 5.43898021615, 1.00772996225, 4.07697052223, 0.965496449019, 1.09000005996, 1.08444958593, 1.02841379037, 0.946844148148, 8.2027696622, 1.08954244059, 0.931117216204, 188.334729478, 1.04949138572, 2.25100783454, 1.0280047866, 3.64848268846, 1.27157625712, 68.6488774193, 18.7397258969, 662.260091925, 0.268096514745
1.62350553769, 1.327932531, 0.936131886649, 1.01208143469, 1.6578549121, 0.891683350375, 2.43666936607, 0.886457577259, 0.917620898927, 5.20182794406, 6.03620302237, 0.947246592534, 3.30876128537, 1.14850603566, 1.0900000737, 1.05045056207, 1.01031776717, 0.948910561882, 6.13797345861, 0.923781214076, 0.8199885816, 198.213060497, 1.15854569796, 4.0868918155, 1.23774355715, 3.94336130772, 1.03700343239, 39.2662454239, 9.39918614924, 156.37378168, 5.8981233244
2.50368676379, 1.3263481155, 1.04207344262, 1.21679895832, 2.24147313867, 0.741583298339, 1.73300243047, 1.06487224843, 0.9799306789, 5.69781181264, 7.0936188897, 1.01563886544, 4.98638108015, 0.852649203503, 1.09000027743, 1.00273875642, 1.00657485264, 0.949176423312, 9.0295308681, 0.916668759102, 0.970344080998, 14.8781224383, 1.19136064215, 5.2521573285, 1.07252797533, 3.13565092245, 1.07472991669, 139.422677609, 11.7900092294, 1262.29268197, 5.63002680965
2.97717979116, 1.18128984463, 1.14892276055, 1.03857062078, 6.27339846586, 0.945715321764, 1.41535200004, 0.886467358872, 0.969105619566, 1.75976612461, 1.611454266, 0.844455260471, 4.23464265902, 1.15010511716, 1.09000054798, 1.06699390171, 1.03504976814, 0.856499684156, 9.88134495237, 1.15412004447, 0.974907590292, 65.6255870726, 1.02317570071, 5.08476145741, 0.976143063651, 4.5686118957, 1.19148676711, 29.282367609, 14.2072551848, 218.267860488, 4.55764075067
3.35871878797, 1.35596149465, 0.816570955104, 0.968357164879, 4.09558578665, 0.982518727699, 4.62639957937, 1.01044495978, 0.908033607832, 5.38073835199, 6.07184329928, 1.09623864229, 2.71762748701, 1.26538898615, 1.09000083173, 1.07605685404, 1.03439998009, 1.20332976723, 6.19277193368, 1.01388117475, 0.887775490641, 389.158883235, 1.18710548443, 4.69704451608, 1.14371941706, 4.79877425669, 1.08706498228, 98.3365308986, 15.2312017497, 2116.18521747, 0.804289544236
4.40581120567, 1.08351311662, 0.936131886649, 0.953588280271, 1.96953682132, 0.779288267384, 3.33622888321, 1.05828462679, 0.937830958285, 1.47061256688, 7.24523910449, 1.08018980221, 1.33964010986, 1.20357314232, 1.09000016003, 1.05045056207, 1.04798228054, 0.888001514704, 3.49766113169, 1.0544902497, 0.774217923232, 270.034688911, 0.927267981027, 4.93000191165, 1.05177282502, 2.66398880059, 1.29515234442, 92.8436447966, 19.7229013811, 397.265126299, 2.41286863271
5.6330861342, 1.29289549737, 0.851443458973, 0.926265331588, 6.87407704076, 0.733645552001, 5.33546818967, 0.864352568601, 0.976825639214, 5.37241951509, 2.35168734591, 0.990216052658, 1.48446942101, 0.964190847015, 1.09000061878, 1.02528207806, 1.04625042221, 1.15810805167, 4.29603508754, 0.940612617303, 0.869485704346, 315.54691811, 1.00698909528, 5.07707325396, 0.997954412797, 3.30183599284, 1.05056033251, 218.201068779, 19.6278504863, 370.944156642, 0.0
4.0556895293, 1.36577626638, 0.798169691923, 1.08508339723, 4.88284433934, 0.950963516534, 2.57260089775, 0.916340294776, 0.93084201524, 1.70342836083, 2.03791435647, 0.95911757377, 3.68993809093, 1.13746422029, 1.09000091782, 1.00379435902, 1.0071902811, 0.822972223068, 5.78743669284, 0.951625608162, 0.807176643761, 298.983931211, 1.07228505444, 1.29897360564, 1.14482484199, 4.13991163578, 1.01072456007, 316.361586637, 15.0731421782, 1460.67173976, 2.14477211796
3.29654986076, 1.2700798847, 1.13425633454, 0.832329124267, 4.69876122958, 0.909822155639, 2.25533403804, 0.969100601371, 0.95144658823, 2.08783785028, 4.15399101083, 0.909366140168, 2.6703453637, 0.97549435783, 1.09000092379, 1.0881232943, 1.00231256513, 1.10775642458, 4.10707595189, 1.09611951668, 0.824183705417, 149.852475406, 0.967789496826, 5.34667909914, 1.20184729451, 3.47166183593, 1.02536480263, 202.00646449, 18.4013848638, 921.420893813, 1.60857908847
1.03055739036, 1.09264255022, 0.975213542442, 1.0806205424, 2.88688405811, 0.821375985015, 2.37923052115, 0.845539934723, 0.937064212728, 5.40847191375, 7.64889604436, 0.992634690498, 4.5575585767, 1.01945699383, 1.09000006276, 1.04480527246, 1.00256397521, 0.917545520849, 9.38951452516, 1.11533919136, 0.932141921503, 247.121406429, 0.970189252784, 3.44973030339, 1.12878270284, 1.31920813961, 0.928518364799, 273.209048551, 14.9914351597, 805.813269521, 2.41286863271
3.71945589208, 1.34048329341, 0.746317793448, 0.927447375629, 3.70401153284, 0.963458019685, 4.86371448927, 0.826852291711, 0.914923235469, 3.23582904932, 5.54458295727, 0.855198634687, 1.54449507866, 1.02517281879, 1.09000018249, 1.07316886852, 1.01455522788, 1.09782458173, 3.02717379286, 1.02492387353, 0.958048092668, 382.437105997, 0.967435180304, 5.7063446646, 1.13975322308, 4.99143836764, 0.967493711646, 468.421386466, 24.0888570352, 465.036675397, 0.536193029491
3.91542015971, 1.42053279915, 1.06805629811, 0.936269388626, 5.97561076857, 0.956556978969, 5.50889298546, 1.02037121981, 0.924292634608, 5.58248876091, 5.16300735158, 0.850070642926, 3.98809475153, 1.10278689768, 1.09000017383, 1.0793568067, 1.0392259317, 1.2289843691, 3.29536117972, 0.924449454589, 0.958415253787, 74.2127017684, 1.00971151858, 5.02524509543, 1.23070134013, 2.8933521472, 1.26149333368, 306.637671657, 20.9635486667, 1119.97693424, 0.0
2.83729870589, 1.20747626902, 0.861223305723, 0.808199455179, 2.22707696216, 0.954837640532, 4.682788227, 1.04216205603, 0.956327477571, 5.08948434484, 7.15759589992, 1.0267599604, 3.34015870895, 1.17766919731, 1.09000017544, 1.10714411482, 1.00910654798, 1.09167333394, 8.16048150542, 0.913491251429, 0.879489073599, 123.938852412, 1.03244998086, 4.42199780314, 1.23379810511, 1.69183243919, 1.17139667117, 428.689451437, 30.5562532361, 553.724980972, 1.34048257373
3.35871878797, 1.35596149465, 0.816570955104, 0.968357164879, 3.61422466079, 0.982518727699, 4.62639957937, 1.01044495978, 0.902947829303, 5.38073835199, 6.07184329928, 1.07533173874, 2.71762748701, 1.26538898615, 1.09000083173, 1.06837203236, 1.03434315292, 1.20332976723, 7.30173246232, 1.01388117475, 0.994674500457, 389.158883235, 1.06020537997, 4.69704451608, 1.14371941706, 4.79877425669, 1.08706498228, 330.168195753, 29.3235390733, 847.172392521, 0.0
2.17886157481, 1.31166970525, 0.952300347231, 0.928995994583, 1.86402034969, 0.837499024474, 3.52024866227, 0.905609284939, 0.975436896247, 6.08018289108, 6.41317517782, 0.813756055215, 3.94851023497, 1.01014315242, 1.09000026914, 1.04111289394, 1.02478971109, 0.843606363858, 7.40865406604, 0.91497792849, 0.944945807539, 277.839315884, 1.10383746154, 5.85650654264, 1.12900146874, 4.46713790248, 1.0769374258, 282.60416067, 13.9628779898, 2968.90821067, 2.68096514745
2.2201597707, 1.11948946269, 1.02096453004, 0.988796422049, 4.71841115353, 0.897798060557, 4.48259218599, 1.06821628165, 0.92465336457, 4.85001160642, 6.55933375039, 0.839923141249, 2.02510226419, 1.03699925106, 1.09000027717, 1.09386508555, 1.03669389731, 1.08158598605, 8.21379870551, 1.15466229342, 0.787546654179, 274.523047552, 1.15300750907, 1.81933165998, 1.05296665676, 5.15767151465, 0.961125833147, 280.70149099, 14.1249485533, 555.762464379, 5.63002680965
2.83729870589, 1.10426339546, 0.861223305723, 0.808199455179, 2.22707696216, 0.954837640532, 4.682788227, 0.999599321338, 0.953874908705, 5.08948434484, 7.15759589992, 1.0267599604, 3.34015870895, 0.974023686966, 1.09000017544, 1.06699390171, 1.00910654798, 1.12329526292, 8.16048150542, 0.960818547788, 0.925429164883, 55.2671772774, 1.03244998086, 4.42199780314, 1.23434792301, 1.69183243919, 0.999502937346, 625.648961248, 18.1973665304, 2003.50672549, 2.14477211796
4.25265688911, 1.08881527491, 1.10751714565, 1.20789780491, 3.88217238737, 0.990795710155, 2.68257992973, 0.857513443568, 0.989734971125, 2.95821610011, 2.13011468499, 1.05367293976, 4.13099117063, 1.05351074168, 1.0900007542, 1.04022657281, 1.0033453445, 1.20512341247, 7.26605562775, 1.07042091028, 0.985526313652, 329.839340883, 1.19404350903, 1.41032040333, 1.03929746375, 3.60450398279, 1.18315500416, 203.188025758, 15.6502348419, 1212.17331093, 5.36193029491
3.00340789748, 1.2835014253, 1.07150818039, 0.873504900395, 5.55799460365, 0.740428368322, 1.86444922724, 0.881067937447, 0.931924030898, 2.50712442628, 5.25619173002, 0.977613684423, 5.01390037341, 1.03946951325, 1.09000096414, 1.09466768455, 1.03310331329, 1.12669813695, 3.24514675191, 1.04627879308, 0.969217432816, 156.731776254, 0.914070206184, 2.18798613316, 1.15516815255, 4.06322118563, 1.23975980763, 154.171030735, 24.9629251924, 561.679909628, 3.21715817694
1.3803171021, 1.14082528697, 1.11404412151, 0.933546857794, 2.5139031209, 0.790520316199, 2.65405156861, 1.05736585631, 0.929159669367, 4.94941452787, 5.54748127872, 1.06823569799, 2.33249052998, 1.245649289, 1.09000064974, 1.00711331447, 1.01058668004, 1.22961371134, 4.30073949669, 0.9428265472, 0.845897031234, 379.208357421, 1.19018713528, 2.55374507781, 0.955914717744, 2.3505951222, 1.08298462721, 382.182940547, 15.8668274434, 1003.72546978, 2.9490616622
4.89326978223, 1.09949974511, 0.926450256351, 0.89226196039, 5.50786034162, 0.736685215696, 2.26801784204, 0.932564913991, 0.998687200836, 3.18900497177, 5.17122805815, 0.916189213453, 2.9660676787, 0.958474168469, 1.09000036733, 1.10072707882, 1.02973286755, 1.14068986568, 7.03644406672, 0.910664791313, 0.859610284632, 386.99591499, 1.03506641797, 3.55933019581, 1.07242962378, 1.29223315378, 1.27326209215, 559.808780057, 17.2152493789, 1106.68570825, 4.28954423592
1.90217533879, 1.1620142435, 1.10472239334, 1.21924768184, 3.35131712781, 0.765706380872, 1.08941426993, 0.876331252056, 0.944567806347, 4.44307252118, 5.82190830974, 1.08083510285, 4.22282854588, 1.03465221727, 1.09000041445, 1.039161108, 1.0142321421, 0.870086745809, 3.93789060398, 1.14123383635, 0.964276532049, 222.932603371, 1.10257727305, 1.41206271328, 1.09564818973, 1.90103311667, 0.893601713644, 332.256913661, 22.1093827347, 2565.91007709, 0.0
3.07268619844, 1.41086927884, 0.97948997306, 0.959799432223, 3.54223730302, 0.91363204082, 3.98070774623, 0.934548627388, 0.960387615488, 3.99802869553, 7.66745887271, 0.934812394431, 3.82045217604, 1.23768916182, 1.09000009953, 1.08989377923, 1.00425331564, 0.916985802174, 5.51224977354, 0.966255748955, 0.996671969535, 171.806778549, 1.15429039569, 2.14134498058, 1.07445139599, 5.37884407574, 0.920211057031, 855.971961081, 28.3067274965, 2552.91822381, 0.0
2.50368676379, 1.3263481155, 1.04207344262, 1.21679895832, 2.24147313867, 0.741583298339, 2.8938143483, 1.06487224843, 0.9799306789, 5.60220591533, 7.0936188897, 1.06603307549, 5.06175851389, 0.852649203503, 1.09000018688, 1.00174874591, 1.00657485264, 0.949176423312, 9.0295308681, 0.916668759102, 0.788397580419, 14.8781224383, 1.19136064215, 5.2521573285, 1.07252797533, 3.13565092245, 1.07472991669, 268.699646494, 20.6969499692, 1983.083463, 1.34048257373
4.40581120567, 1.0860865154, 0.999747031208, 0.953588280271, 1.96953682132, 0.779288267384, 3.33622888321, 1.05828462679, 0.937830958285, 1.47061256688, 7.24523910449, 1.08018980221, 1.33964010986, 1.13748549643, 1.09000016003, 1.10336039374, 1.04798228054, 0.888001514704, 3.49766113169, 1.0544902497, 0.774217923232, 270.034688911, 0.927267981027, 4.93000191165, 1.05177282502, 2.66398880059, 1.08448088383, 340.20891555, 15.3228805185, 1904.97932925, 4.28954423592
1.12655478413, 1.01710226166, 0.920640119663, 1.0174641901, 3.279286035, 0.789109691359, 4.02371699542, 0.924611857272, 0.963681540797, 3.38385063988, 4.12417266702, 0.925185942199, 4.48609951569, 1.11271252082, 1.09000077686, 1.05361194418, 1.04352720026, 1.01093367834, 3.29536117972, 0.936670936246, 0.906499513798, 241.086204865, 0.992260301944, 3.73445934719, 1.20415529469, 3.63374081615, 1.10243478726, 767.669099063, 37.548876392, 1900.68560151, 0.0
1.67537610364, 1.04093647383, 1.11865068322, 0.98297654683, 2.34565346615, 0.870670685984, 4.30248454704, 1.09848927338, 0.940008857597, 3.38644665889, 5.56559108844, 0.905270919092, 1.91848665436, 0.865808839515, 1.09000029506, 1.06135991343, 1.03231189744, 1.04545402872, 9.48193527009, 1.12956835042, 0.836385356151, 102.037102058, 0.989574767735, 3.29662931351, 1.01228397379, 2.58129550721, 1.08549046205, 665.983040439, 35.9726849694, 2401.19401308, 0.0
5.83191008379, 1.01476877741, 1.05502420817, 1.10809185388, 1.67827808771, 0.714227582813, 5.09756747985, 1.08969964085, 0.93552289396, 4.41095406465, 4.60540341531, 0.823504035135, 3.47025317302, 1.11115740075, 1.09000072137, 1.06770264958, 1.01332701893, 0.836128954663, 7.28024178615, 1.06363722177, 0.832866398583, 168.758931482, 1.02688102799, 1.0962545571, 1.12491945121, 1.09278938556, 0.94679286423, 353.199363496, 22.9616731225, 801.802578548, 2.14477211796
5.52461744163, 1.18412173803, 0.858819211239, 0.908225866898, 2.48734869566, 0.782168874373, 5.99652249343, 1.06693286779, 0.960230315729, 2.57377051014, 5.12521034358, 1.00555555402, 4.70818665559, 0.975686034103, 1.09000047622, 1.03481105238, 1.0066082666, 1.06912341764, 8.58945495603, 1.08290095843, 0.761393333399, 116.621315427, 1.1226717073, 2.66852725449, 1.02077676603, 2.12865409484, 0.891103855332, 817.373101944, 38.0416148549, 824.310131964, 1.07238605898
4.29446839466, 1.01350834558, 1.12049642695, 0.811480825218, 6.03349039608, 0.730778921053, 3.75075102809, 0.901634468424, 0.924414881769, 6.00133788216, 3.60513929815, 0.831545139007, 3.66410466207, 1.21670850997, 1.09000032756, 1.02893599055, 1.02351883905, 0.95132531158, 8.57331485006, 0.98887236384, 0.815832938311, 218.963507424, 0.932906731885, 3.79250418715, 1.15917100632, 1.46874995665, 0.978908610808, 203.288637789, 19.2888937289, 1108.87014487, 2.68096514745
3.22458991837, 1.10016677992, 0.994401843436, 1.07472489179, 4.09817464031, 0.948312459204, 2.34249967429, 0.913454714235, 0.915748540677, 5.85457195653, 1.80747508986, 1.07286452739, 4.97563154217, 1.15760249518, 1.09000094934, 1.01144455229, 1.0498543751, 1.17008996398, 7.63166233665, 1.0436258195, 0.968355664808, 139.171077132, 0.945331095519, 4.35307959614, 1.10778407133, 5.12410913792, 1.18261719724, 1029.62730576, 25.7302931891, 22469.9659322, 0.0
1.3803171021, 1.14082528697, 1.11404412151, 0.933546857794, 3.63193370065, 0.745459055497, 2.65405156861, 1.05736585631, 0.929159669367, 4.94941452787, 5.54748127872, 1.07673935326, 2.33249052998, 1.08877094456, 1.09000064974, 1.01211434143, 1.01058668004, 1.22961371134, 4.30073949669, 0.9428265472, 0.978339615568, 274.523047552, 1.19018713528, 2.01162565442, 1.10467389578, 2.3505951222, 0.904111064655, 430.44620013, 24.3641840263, 1629.94195629, 1.07238605898
3.3110489261, 1.4013241173, 0.756266177792, 0.9013294996, 4.00259151813, 0.821221951839, 5.92211434806, 1.07533935285, 0.979483999432, 3.31783771413, 6.98278821475, 0.971670448624, 4.23540388554, 1.03148558712, 1.09000046262, 1.06313433024, 1.02351512061, 0.967190957194, 3.73972513545, 1.05139686678, 0.867517931011, 89.7289927863, 1.04663420155, 2.56937032445, 1.20197791533, 4.45533555858, 1.21491342241, 341.077522622, 21.3158261983, 1083.55440943, 1.60857908847
2.2201597707, 1.13367283234, 0.902131397295, 0.855724023042, 5.5255411335, 0.897798060557, 5.63640742332, 1.07960246067, 0.960674144435, 2.48957172584, 6.20965360938, 0.909181512106, 1.31832267689, 0.868943682036, 1.09000017962, 1.01311275444, 1.02120409925, 0.824425414278, 7.56266594429, 1.10712189833, 0.890829548522, 351.531982688, 1.12662895199, 5.48519631062, 0.967007842431, 5.15767151465, 1.12607287225, 334.724829129, 15.6455902937, 3713.22196419, 4.82573726542
1.78775198013, 1.10905478242, 1.05892742725, 1.0567693277, 3.01595346683, 0.838761892232, 5.44347388637, 1.072367242, 0.966540343437, 5.28262135344, 2.75572699613, 1.03172722437, 4.34330207113, 1.27800190408, 1.09000095522, 1.10002899931, 1.03822297994, 0.901530759248, 5.93935609044, 1.07481787168, 0.815702042271, 98.5748979146, 1.12089432558, 5.76508897699, 1.16604661576, 1.22763050174, 1.27350286137, 417.954005727, 32.1083763719, 4151.24547592, 0.0
5.65365990005, 1.0697222053, 0.735361167141, 0.861151431935, 4.23303037883, 0.926915782826, 4.44180314671, 0.918876897345, 0.953266539501, 1.59751905609, 6.99442096811, 1.06410147118, 3.29267579083, 1.01639018434, 1.09000018249, 1.06114211752, 1.01656895728, 1.11409048384, 5.02884125498, 1.05167780464, 0.822284789954, 84.4358026551, 1.12135912659, 5.16847431311, 1.04500500154, 1.58286119286, 0.937691962566, 518.215965071, 32.3452883901, 2836.46519708, 0.0
5.65365990005, 1.0697222053, 0.735361167141, 0.916347743809, 4.23303037883, 0.866160097211, 4.44180314671, 1.01486118864, 0.953266539501, 1.54438913515, 6.99442096811, 1.06410147118, 3.29267579083, 1.01639018434, 1.09000079268, 1.05871631838, 1.01656895728, 1.11409048384, 5.02884125498, 1.05167780464, 0.822284789954, 84.4358026551, 1.12135912659, 5.16847431311, 1.04500500154, 1.58286119286, 0.937691962566, 1473.23033217, 44.0963462267, 1008.85393941, 1.07238605898
5.91271400516, 1.31565897581, 1.02087321444, 0.958316577345, 1.81271192485, 0.838590869511, 5.12951822308, 1.007118897, 0.968958321837, 3.4241415426, 3.91961874296, 0.842169191605, 1.25273902859, 1.25435748564, 1.0900007619, 1.04035827476, 1.04619668541, 1.02207654641, 9.67661904136, 1.11894542739, 0.786931223216, 240.380717346, 0.923645588184, 3.8965134826, 1.13627229185, 2.08045746386, 0.94131766571, 1270.99267048, 26.5586095078, 1671.52116543, 0.536193029491
5.58436675908, 1.02831533591, 0.799123678433, 0.940617731645, 1.5194862648, 0.759528999296, 5.51559846257, 0.965888902401, 0.964605734125, 5.95680912261, 3.87867723996, 0.883878676915, 4.1938533163, 1.18096744122, 1.0900008528, 1.10747996371, 1.01389647461, 0.824240870468, 8.21013851011, 0.917219272992, 0.994660894111, 147.90782013, 1.17347487174, 4.6367964536, 1.23878875991, 1.06375740245, 0.957291853689, 362.970568864, 22.3712550081, 2841.49076876, 0.536193029491
2.17281323257, 1.38898607394, 0.978895827104, 0.95683690035, 3.62002742853, 0.824620009707, 3.14322015274, 1.09709009826, 0.92807369527, 5.51514291647, 4.66493599137, 1.07208799433, 1.88586464135, 1.28757183977, 1.09000061736, 1.06114211752, 1.01345665712, 1.01621881078, 3.72046037847, 1.04295578736, 0.998386844861, 328.294749349, 0.992535029088, 2.3466896502, 1.04236033747, 4.63039892167, 1.0442877666, 439.1817883, 17.0660958032, 2987.95155332, 6.97050938338
4.02560784928, 1.37489227483, 1.01145623375, 0.990598485787, 4.62983420031, 0.891583994708, 5.80519745982, 0.911572089412, 0.915762395056, 2.69157470241, 5.33177136471, 0.815354252047, 3.17655333624, 1.10297961906, 1.09000027766, 1.00772058649, 1.04926031548, 1.19085962998, 9.99638690937, 1.02696522231, 0.945270199065, 233.729843392, 0.984273980092, 5.7689461635, 0.999217525187, 4.83419751535, 1.10510986677, 518.992822316, 17.7455404563, 3557.99672304, 8.8471849866
5.37874804855, 1.33324588837, 0.899938096877, 0.951244668888, 4.25916464535, 0.735734675202, 5.15053778564, 1.00324666647, 0.991226782283, 5.85389335584, 5.94545271872, 1.02602643948, 2.26724386016, 1.09021235407, 1.09000066152, 1.00878264179, 1.04431614944, 1.01278277877, 4.257259828, 0.997214099573, 0.877820174463, 328.984810967, 1.10896644059, 1.99420233767, 1.11826799151, 3.51282331465, 0.912727018707, 489.897054975, 33.4267432393, 2772.62635842, 0.268096514745
4.25920732915, 1.0579284701, 1.09241402281, 1.01804399934, 4.12278334466, 0.940093109946, 1.88429996763, 1.00694810994, 0.946038046886, 1.73865072763, 2.39660864934, 0.93130838871, 2.77398520656, 1.18134897571, 1.09000059139, 1.04949570122, 1.00475477296, 1.05293570166, 6.72223327502, 1.03488381997, 0.766406088211, 37.7455332535, 1.15335350733, 1.19462492481, 1.16476459454, 1.66369246785, 1.08748621325, 487.096144613, 20.6898029576, 4896.00403803, 2.14477211796
1.38329201772, 1.15862978549, 0.958278268975, 0.871865319169, 2.30460470155, 0.845992454117, 5.88898463194, 0.953284213322, 0.918535416102, 5.38259043377, 4.40169993503, 1.05114229171, 1.85987727153, 0.987665973561, 1.09000034662, 1.08321209222, 1.02878027418, 1.15899534438, 7.16282110993, 0.935188426059, 0.790850524754, 85.1282585042, 1.13916682501, 4.8129201815, 1.00875726969, 5.4018655864, 0.877542340138, 488.191016506, 19.9396422598, 2560.56922624, 2.14477211796
4.86554864154, 1.38515983757, 1.13827408275, 1.19894901474, 2.55776966641, 0.97007988682, 4.61536003562, 0.920369006974, 0.96945819745, 1.49163192851, 4.15682419279, 1.01382562179, 3.8836452725, 1.21429744967, 1.09000003662, 1.03984259069, 1.04590360963, 1.01365532537, 5.67933662892, 1.15020672246, 0.794068187999, 309.479766667, 1.15862264927, 1.82806929058, 1.18911435722, 3.91819890199, 1.19053062476, 304.875969381, 28.2559627071, 1980.24000357, 2.68096514745
3.00514001369, 1.05866678038, 1.02257827907, 1.08680209828, 1.51769024009, 0.841536009462, 5.52841849251, 0.927045946284, 0.914991353986, 1.5135596114, 1.70626375579, 0.932013462205, 3.87634600993, 0.84574001574, 1.09000075374, 1.07573611551, 1.04383640435, 0.877970927162, 9.71350730012, 1.0487233728, 0.966906339826, 164.200850457, 1.05950256505, 4.26609843038, 1.01458319354, 4.69545890856, 1.0193232148, 1540.05674874, 34.4625740528, 7407.22110846, 0.0
4.41496522105, 1.13212158932, 0.849244813688, 1.10014029133, 5.79210940884, 0.820497157265, 4.3100629687, 0.979754828658, 0.978487144784, 3.46615892128, 5.2584959663, 0.825272965955, 2.62346964252, 1.22365216451, 1.0900004691, 1.0816454814, 1.01836671233, 1.1696634584, 4.10222379158, 1.13140432235, 0.849239275194, 357.148513224, 1.13042083479, 1.88683246597, 1.18834752343, 1.62085939402, 1.12577276577, 2515.84059953, 55.8170724548, 2942.03679789, 0.0
5.62889969098, 1.41133080977, 0.75327660061, 0.817196843056, 4.724781055, 0.977105426744, 4.40356002962, 0.843970574331, 0.96820276822, 5.78609921799, 2.4784651439, 0.864416021357, 3.85533674973, 0.835908802099, 1.09000036075, 1.01200011937, 1.01522814442, 1.06981621087, 7.90202248148, 0.928694000094, 0.848537913528, 167.028071085, 0.955617178987, 4.56952668844, 0.989605555005, 1.63209793408, 0.933033925957, 3263.54160744, 37.2240845216, 14522.8914717, 0.0
1.3803171021, 1.14082528697, 1.11404412151, 0.933546857794, 3.63193370065, 0.745459055497, 2.65405156861, 1.05736585631, 0.929159669367, 4.94941452787, 5.54748127872, 1.07673935326, 2.33249052998, 1.245649289, 1.09000064974, 1.01211434143, 1.01058668004, 1.22961371134, 4.30073949669, 0.9428265472, 0.978339615568, 379.208357421, 1.19018713528, 2.55374507781, 0.955914717744, 2.3505951222, 1.08298462721, 663.843617634, 26.9834469303, 4764.89990693, 0.804289544236
4.01713183185, 1.15749139828, 0.830932437223, 0.958339164493, 2.90049643443, 0.71915579423, 4.94274327039, 0.956536032949, 0.963608309973, 4.99255857784, 2.31412676174, 0.876527638203, 3.35221083735, 0.887833858719, 1.09000083729, 1.03671403129, 1.01369539977, 1.06784714732, 7.55627573561, 0.940612617303, 0.913846579846, 19.7364107922, 1.12226319619, 5.86272618193, 1.17654720478, 2.09361268743, 1.27071017946, 2637.2598155, 56.4699716443, 6385.96898434, 0.0
2.54194884834, 1.41569805609, 0.764274859037, 1.19406708308, 1.95376799452, 0.932055488043, 1.59633444449, 1.07589720639, 0.933668584895, 2.73579366891, 4.64242321252, 1.06381986634, 3.42938251286, 1.25967208628, 1.09000092236, 1.09970657848, 1.01184854652, 1.10082755429, 8.54846163831, 1.01007217691, 0.879421587726, 82.3255298574, 1.14027267516, 5.65485983517, 1.0072621662, 3.82281192099, 1.01680394173, 342.948210125, 21.1484894758, 2834.18903636, 2.14477211796
3.07612597066, 1.21067105199, 0.847835680193, 1.14381360461, 5.02947437242, 0.843119325893, 1.31532117746, 0.924288093888, 0.936305562059, 5.06555875328, 6.77675825064, 1.02645510882, 4.37427369834, 0.866067576139, 1.09000035411, 1.09047933955, 1.00000181734, 1.22195249891, 5.66517820132, 1.07917831969, 0.935433822177, 133.18389029, 1.04571284162, 1.77290762603, 1.17285800583, 2.15163343746, 0.94395259938, 4135.25752697, 48.089249097, 14494.6660043, 0.0
5.65365990005, 1.0697222053, 1.07150818039, 0.848136148574, 4.23303037883, 0.866160097211, 4.44180314671, 1.01486118864, 0.931924030898, 1.54438913515, 6.99442096811, 1.06410147118, 3.29267579083, 1.01639018434, 1.09000079268, 1.05871631838, 1.01656895728, 1.11409048384, 5.02884125498, 1.05167780464, 0.822284789954, 84.4358026551, 1.12135912659, 5.16847431311, 1.15516815255, 1.58286119286, 0.937691962566, 1440.28969724, 28.4020357579, 7307.56103737, 0.536193029491
1.67537610364, 1.04093647383, 1.11865068322, 0.98297654683, 3.54223730302, 0.870670685984, 4.30248454704, 1.09848927338, 0.940008857597, 3.38644665889, 5.56559108844, 0.905270919092, 1.91848665436, 0.865808839515, 1.09000029506, 1.06135991343, 1.03231189744, 1.04545402872, 9.48193527009, 1.12956835042, 0.836385356151, 102.037102058, 0.989574767735, 3.29662931351, 1.01228397379, 2.58129550721, 1.08549046205, 3999.4271824, 37.7263560127, 16303.8982909, 0.0
1.7994309558, 1.04057177188, 1.11865068322, 0.98297654683, 2.34565346615, 0.870670685984, 4.30248454704, 1.09848927338, 0.940008857597, 4.52003965654, 5.56559108844, 0.905270919092, 1.89957925978, 0.865808839515, 1.09000029506, 1.05923479617, 1.03231189744, 0.89035482894, 9.48193527009, 1.12956835042, 0.836385356151, 102.037102058, 1.03623381495, 3.29662931351, 1.01228397379, 2.58129550721, 1.28424344223, 3565.4535588, 59.4208785273, 9656.50278479, 0.0
3.57098137525, 1.23298742203, 0.730256091445, 1.21592560522, 6.68972802019, 0.809542593946, 3.34814486351, 0.878203941319, 0.954606417837, 1.90754558949, 7.49456163878, 1.03957921279, 1.74679797023, 1.12232510443, 1.09000036144, 1.00347765692, 1.01604869074, 0.98089974434, 9.50126745877, 1.17889738384, 0.797078550094, 281.934023462, 1.04663420155, 1.20718127534, 0.987771007869, 3.94792006097, 1.20080714397, 2075.62484593, 38.7542992132, 29979.3896331, 0.0
2.42985072354, 1.4013241173, 0.756266177792, 0.985045419716, 4.00259151813, 0.821221951839, 5.92211434806, 1.07533935285, 0.979483999432, 3.31783771413, 6.98278821475, 0.971670448624, 4.23540388554, 1.03148558712, 1.09000046262, 1.06313433024, 1.02351512061, 0.967190957194, 3.73972513545, 1.05139686678, 0.867517931011, 89.7289927863, 0.972750539048, 2.56937032445, 1.20197791533, 4.45533555858, 1.21491342241, 5553.04446131, 68.5056776416, 20579.8557444, 0.0
3.29654986076, 1.2700798847, 1.13425633454, 0.832329124267, 6.32254896702, 0.909822155639, 2.25533403804, 0.969100601371, 0.95144658823, 2.08783785028, 4.15399101083, 0.909366140168, 2.6703453637, 0.97549435783, 1.09000092379, 1.0881232943, 1.00231256513, 1.10775642458, 4.10707595189, 1.09611951668, 0.824183705417, 382.437105997, 0.967789496826, 5.34667909914, 1.20184729451, 3.47166183593, 1.02536480263, 1679.50723732, 50.3734778144, 3335.48781054, 0.268096514745
1.12655478413, 1.01710226166, 0.920640119663, 1.0174641901, 3.279286035, 0.789109691359, 4.02371699542, 0.924611857272, 0.963681540797, 2.33388259561, 4.12417266702, 0.861093987241, 4.97963749677, 1.11271252082, 1.09000077686, 1.05361194418, 1.04352720026, 1.01093367834, 6.91192921983, 0.936670936246, 0.906499513798, 241.086204865, 0.992260301944, 3.73445934719, 1.20415529469, 2.76234705784, 1.0233189888, 1376.0350632, 36.1943099655, 16700.7221226, 0.268096514745
5.6330861342, 1.29289549737, 0.851443458973, 0.926265331588, 6.87407704076, 0.733645552001, 5.33546818967, 0.864352568601, 0.976825639214, 5.37241951509, 2.35168734591, 0.990216052658, 1.48446942101, 0.964190847015, 1.09000061878, 1.02528207806, 1.04133943783, 1.15810805167, 4.29603508754, 0.961617120791, 0.869485704346, 315.54691811, 1.00698909528, 5.07707325396, 0.997954412797, 3.30183599284, 1.05056033251, 473.131992538, 20.577835835, 2292.11960166, 5.09383378016
2.06602595978, 1.42728766681, 1.11863927196, 1.20952065057, 5.286006586, 0.769422676209, 4.88969595708, 0.895487352621, 0.992884300084, 3.1988982867, 5.14222569343, 0.88534769967, 1.33377743458, 1.01742481093, 1.09000087631, 1.08510510588, 1.00340775862, 1.12165596978, 3.42842531209, 0.92675427011, 0.904353277352, 40.6465486667, 0.917959831757, 4.35258815797, 1.08578420293, 4.90402003351, 0.871712264113, 1434.81695801, 47.2723809105, 2459.48711947, 1.07238605898
5.37874804855, 1.02831533591, 0.899938096877, 0.951244668888, 4.25916464535, 0.735734675202, 5.15053778564, 1.00324666647, 0.991226782283, 5.85389335584, 1.57518480214, 1.02602643948, 2.26724386016, 1.14353169328, 1.09000066152, 1.00878264179, 1.04431614944, 1.01278277877, 8.21013851011, 0.997214099573, 0.877820174463, 328.984810967, 1.10896644059, 1.99420233767, 1.11826799151, 2.19137154114, 0.912727018707, 1014.65230178, 29.4915900298, 3260.9249865, 0.804289544236
2.97717979116, 1.18128984463, 1.14892276055, 0.853821881985, 6.27339846586, 0.945715321764, 1.41535200004, 0.886467358872, 0.969105619566, 1.75976612461, 1.611454266, 0.844455260471, 4.23464265902, 1.15010511716, 1.09000043209, 1.10657724215, 1.03504976814, 0.862901006775, 9.20724512046, 1.15412004447, 0.974907590292, 65.6255870726, 1.02317570071, 5.08476145741, 0.976143063651, 4.5686118957, 1.19148676711, 517.921632631, 19.9684137102, 6259.07131192, 2.9490616622
5.98938915766, 1.38515983757, 1.06327660149, 1.19894901474, 2.55776966641, 0.97007988682, 4.61536003562, 0.876074007277, 0.96945819745, 3.77910770443, 4.15682419279, 1.01382562179, 3.8836452725, 1.21429744967, 1.09000003662, 1.03984259069, 1.04590360963, 1.01365532537, 6.4673021607, 1.15020672246, 0.794068187999, 306.179209513, 1.15862264927, 1.82806929058, 1.18911435722, 3.91819890199, 1.23878979101, 4451.10281701, 65.5230776086, 5921.07248935, 0.268096514745
5.83191008379, 1.01476877741, 1.05502420817, 1.10809185388, 1.67827808771, 0.790520316199, 5.09756747985, 1.08969964085, 0.93552289396, 4.41095406465, 4.60540341531, 1.06823569799, 3.47025317302, 1.11115740075, 1.09000072137, 1.06770264958, 1.01332701893, 0.836128954663, 7.28024178615, 1.02389762888, 0.845897031234, 168.758931482, 1.02688102799, 1.0962545571, 1.12491945121, 1.09278938556, 0.94679286423, 568.50539524, 21.5895637102, 2261.10986758, 2.41286863271
4.29446839466, 1.01350834558, 1.12049642695, 0.811480825218, 6.03349039608, 0.730778921053, 3.75075102809, 0.901634468424, 0.924414881769, 6.00133788216, 3.60513929815, 0.916280559606, 3.66410466207, 1.21670850997, 1.09000032756, 1.02893599055, 1.02351883905, 0.95132531158, 8.57331485006, 1.14500048801, 0.815832938311, 218.963507424, 1.00482378533, 3.79250418715, 1.15917100632, 1.46874995665, 0.978908610808, 497.236573827, 34.0669804653, 4202.44644936, 0.804289544236
3.57098137525, 1.03701221876, 0.730256091445, 1.21592560522, 6.68972802019, 0.809542593946, 3.34814486351, 0.878203941319, 0.906649476109, 1.45547816039, 7.49456163878, 1.03957921279, 1.74679797023, 1.12232510443, 1.09000036144, 1.00347765692, 1.01604869074, 0.940369600745, 9.50126745877, 1.17889738384, 0.797078550094, 281.934023462, 1.04663420155, 1.20718127534, 0.987771007869, 3.94792006097, 1.20080714397, 385.425633839, 22.6054737631, 2847.10649896, 1.60857908847
2.44537225838, 1.09264255022, 0.975213542442, 1.06754029908, 2.88688405811, 0.821375985015, 2.37923052115, 0.845539934723, 0.937064212728, 5.40847191375, 7.64889604436, 0.992634690498, 1.0682866452, 1.01945699383, 1.09000006276, 1.04480527246, 1.00256397521, 0.882387633015, 9.38951452516, 1.11533919136, 0.932141921503, 247.121406429, 0.970189252784, 3.44973030339, 1.12878270284, 1.31920813961, 0.928518364799, 2090.46471342, 51.6139983252, 2650.21690585, 0.804289544236
3.43752270091, 1.30118185408, 1.05344178707, 1.10577229523, 3.18769435527, 0.97784962785, 4.49575725004, 1.07830095477, 0.919710762028, 1.49163192851, 7.7555267975, 0.874771218027, 1.08472371848, 1.03148558712, 1.09000073264, 1.06047243342, 1.02689254438, 1.13912258092, 6.33889398797, 0.960871458483, 0.974457590209, 343.152234359, 1.10664403145, 1.10564989022, 1.21319762504, 3.16460656364, 1.29823980712, 921.06332706, 20.2350090157, 7231.78429904, 3.21715817694
3.00514001369, 1.05866678038, 1.02257827907, 1.08680209828, 1.51769024009, 0.841536009462, 5.52841849251, 0.927045946284, 0.914991353986, 1.5135596114, 4.64242321252, 0.946013178986, 3.87634600993, 0.84574001574, 1.09000075374, 1.07573611551, 1.04383640435, 0.83186311563, 9.71350730012, 1.0487233728, 0.966906339826, 164.200850457, 1.05950256505, 4.26609843038, 1.01458319354, 4.69545890856, 1.0193232148, 1342.75904663, 32.609388559, 11209.2034372, 0.536193029491
3.43752270091, 1.30118185408, 1.05344178707, 1.10577229523, 3.18769435527, 0.97784962785, 4.49575725004, 0.993016209742, 0.919710762028, 1.49163192851, 7.7555267975, 0.874771218027, 1.08472371848, 0.931009909219, 1.09000073264, 1.06047243342, 1.02689254438, 1.13912258092, 6.33889398797, 0.960871458483, 0.974457590209, 309.479766667, 1.10664403145, 1.10564989022, 1.21319762504, 3.16460656364, 1.26150027476, 442.664792859, 23.895402205, 7672.46483024, 1.60857908847
5.91271400516, 1.31565897581, 1.02087321444, 0.958316577345, 1.81271192485, 0.838590869511, 5.12951822308, 1.007118897, 0.968958321837, 3.4241415426, 3.91961874296, 0.842169191605, 1.25273902859, 1.25435748564, 1.0900007619, 1.04035827476, 1.04619668541, 1.02207654641, 9.67661904136, 1.11894542739, 0.786931223216, 240.380717346, 0.923645588184, 4.05793179673, 1.05721794629, 2.08045746386, 0.94131766571, 454.438945728, 23.8148717594, 3793.16506392, 1.60857908847
4.37582209458, 1.33939064076, 1.0641333176, 1.13914376014, 1.41312684998, 0.793176244562, 3.22993364213, 0.860974765648, 0.988530008407, 5.46496969212, 6.32112230299, 0.881928475041, 1.59112726133, 1.1334248251, 1.09000050476, 1.05205954309, 1.01560288271, 1.0430906223, 4.06391529642, 0.91693507415, 0.821431347016, 377.590295457, 1.0290500158, 5.51437189681, 1.03596125354, 2.53471313347, 1.11022961041, 1233.58285437, 30.8476054883, 4764.99827413, 0.804289544236
5.46388850423, 1.03231300725, 0.780890536541, 1.21870970182, 5.8241500296, 0.811702864449, 2.29238088243, 1.0651436691, 0.958754445743, 3.23413479036, 3.3894645519, 0.888091910653, 1.48776390411, 0.890530172209, 1.09000019121, 1.07773396284, 1.04899392992, 0.959209474638, 3.51985049201, 0.98434061581, 0.765415093399, 169.837392341, 1.14744746726, 4.13204188944, 1.15192492244, 5.29840883832, 0.945268355773, 320.975439421, 21.6485044611, 5347.28301546, 3.21715817694
4.29446839466, 1.01350834558, 0.975833790436, 0.811480825218, 6.03349039608, 0.730778921053, 3.75075102809, 0.901634468424, 0.998680268584, 6.00133788216, 3.60513929815, 1.03495391377, 3.66410466207, 1.21670850997, 1.09000032756, 1.02893599055, 1.02351883905, 0.95132531158, 8.57331485006, 1.0009741594, 0.815832938311, 218.963507424, 0.932906731885, 3.79250418715, 1.15917100632, 1.46874995665, 0.978908610808, 1301.72982008, 30.9693220939, 3923.67744418, 0.804289544236
2.9020511305, 1.41086927884, 0.97948997306, 0.977700978003, 5.00140699895, 0.791337178702, 3.98070774623, 0.934548627388, 0.960387615488, 3.99802869553, 7.66745887271, 0.926072514339, 3.82045217604, 1.23768916182, 1.0900002678, 1.08989377923, 1.0107873985, 0.917054490731, 7.61656811599, 0.939820603698, 0.996671969535, 171.806778549, 1.15429039569, 2.14134498058, 1.07445139599, 5.37884407574, 0.920211057031, 592.581521072, 20.9439012751, 5062.01435392, 2.9490616622
3.01338396025, 1.0154626391, 1.01612494913, 0.98310352914, 2.5959418494, 0.969117401075, 1.17626982639, 0.860952010709, 0.912505088553, 3.92942401325, 2.81563591682, 1.06737206107, 3.81916491661, 0.976059042738, 1.09000035788, 1.02091451, 1.03643530421, 0.882296964481, 9.83331934662, 1.16708294249, 0.91433320297, 138.219239347, 0.990350539308, 5.7884893712, 1.07950960884, 1.37903153888, 0.905016898106, 906.870292439, 20.3796322071, 7034.78872903, 4.55764075067
3.55546307582, 1.12828746264, 1.01684619861, 1.09800048083, 2.88872070424, 0.750936779824, 5.28279821196, 0.864606932282, 0.963481263332, 3.97866136382, 6.08885854474, 0.886975617725, 2.87403679508, 1.13188399574, 1.09000031846, 1.0028556245, 1.02883295715, 1.05315918954, 7.61656811599, 1.04135663211, 0.976596164795, 236.327142443, 1.18962137164, 3.15937376075, 1.21864304313, 1.44689831003, 1.15000673563, 847.187651452, 20.1584406558, 8686.51028366, 4.82573726542
2.24331681204, 1.27569227183, 0.881124789538, 0.85470904312, 6.33073255052, 0.962513880343, 3.67171702201, 0.923159779124, 0.907570585673, 4.63182184481, 2.20075337342, 1.00475934978, 1.07688028509, 1.203272267, 1.09000084818, 1.09051119979, 1.02522042111, 1.01416173151, 5.91815681563, 1.03488044705, 0.988453104399, 391.2464707, 0.957097612577, 4.00787817237, 1.06106865521, 4.67596403572, 1.23309178863, 2681.98190294, 41.3726300349, 4028.15392166, 0.536193029491
3.21364786737, 1.0929206791, 1.07733689674, 1.14560938318, 5.46397595208, 0.742542181742, 1.87613332511, 1.01352581308, 0.913315650703, 4.44704702726, 1.93177365528, 0.961176477991, 5.04789566433, 1.1482103919, 1.09000014282, 1.07873666828, 1.00067265053, 1.03683000671, 7.65914111728, 1.11941157055, 0.907991336148, 351.035353769, 1.06018651077, 1.46344273125, 1.18876287171, 5.17348010678, 1.07369993027, 1144.96729869, 29.6910233474, 4499.88230704, 1.34048257373
5.59803785081, 1.01709670235, 0.933269334294, 0.946197654888, 1.65624413046, 0.725102470061, 3.10966009861, 1.01838075649, 0.956327477571, 4.03563972736, 5.58609184557, 1.05979457339, 2.25973081034, 1.09588216643, 1.09000001338, 1.07436226796, 1.00999502354, 0.910884143645, 3.6801397809, 1.01515488406, 0.881934640321, 359.485402476, 1.04694863199, 2.22380311359, 1.0766021671, 1.85131213844, 1.261876607, 2051.16580862, 30.7055970143, 2281.03721729, 1.87667560322
5.06520930943, 1.20432830236, 0.785730436276, 0.920316968184, 2.99783933644, 0.778962493996, 1.17646635315, 1.06762596828, 0.959985071406, 2.8595311923, 3.13742728549, 0.857416638427, 3.70021989643, 0.956997095369, 1.09000098278, 1.10946031594, 1.02799955301, 0.85059853712, 5.30548264553, 1.01515488406, 0.999963159611, 59.8856951739, 1.05717304887, 2.01936696309, 1.23887350198, 1.63853439264, 1.07608596876, 1007.98022194, 20.6428224392, 8621.71046477, 5.09383378016
3.05796378352, 1.14304427832, 1.1291498395, 1.03450386657, 2.85538442273, 0.79996109203, 5.31643950326, 0.841668844649, 0.906333815433, 3.27761007411, 2.99374412347, 0.944844057409, 3.18146816104, 0.866940425131, 1.09000074798, 1.08287829667, 1.03348622266, 0.923783988738, 6.04151293098, 0.953223706832, 0.875762614577, 74.4366149591, 1.03791388432, 3.30875005556, 1.02909977919, 1.66666042292, 1.1620485998, 341.09119843, 30.1052371936, 2298.09145098, 2.68096514745
2.97717979116, 1.18128984463, 1.14892276055, 0.853821881985, 6.27339846586, 0.945715321764, 1.41535200004, 0.886467358872, 0.969105619566, 1.75976612461, 1.611454266, 0.844455260471, 4.23464265902, 1.15010511716, 1.09000054798, 1.10657724215, 1.03504976814, 0.856499684156, 9.20724512046, 1.15412004447, 0.974907590292, 65.6255870726, 1.02317570071, 5.08476145741, 0.976143063651, 4.5686118957, 1.19148676711, 3076.44994988, 35.3902956491, 8311.65273192, 0.536193029491
2.50368676379, 1.3263481155, 1.04207344262, 1.21679895832, 2.24147313867, 0.741583298339, 2.8938143483, 1.06487224843, 0.9799306789, 5.60220591533, 7.0936188897, 1.01563886544, 4.98638108015, 0.852649203503, 1.09000018688, 1.00273875642, 1.00657485264, 0.949176423312, 9.0295308681, 0.916668759102, 0.788397580419, 14.8781224383, 1.19136064215, 5.2521573285, 1.07252797533, 3.13565092245, 1.07472991669, 2218.2248098, 50.7196757876, 5319.18141211, 0.536193029491
3.82349854985, 1.13367283234, 0.902131397295, 0.855724023042, 5.5255411335, 0.924980422919, 5.63640742332, 1.06359427751, 0.960674144435, 2.48957172584, 5.09794755873, 0.909181512106, 2.05109158664, 0.868943682036, 1.09000017962, 1.01311275444, 1.02120409925, 0.840997396769, 7.56266594429, 1.10712189833, 0.890829548522, 300.48936785, 1.12662895199, 4.60845655227, 0.967007842431, 1.38361684118, 1.12607287225, 1461.81064074, 46.986030346, 10852.8828316, 0.536193029491
2.1359400484, 1.12547660568, 1.16258825065, 1.18170881661, 2.9446752236, 0.784583304873, 2.7695577745, 0.877822821374, 0.992316500447, 4.28507358716, 1.66233687755, 0.891970381818, 3.55364922176, 1.0108905872, 1.09000007241, 1.04961752208, 1.02417951544, 1.10383057991, 5.78338409737, 0.964645925583, 0.855535547997, 289.872844572, 0.952623007676, 3.89192349676, 1.18892470682, 2.61726799856, 1.21799951317, 1129.45739367, 33.0900675599, 7733.02243286, 1.07238605898
5.58436675908, 1.02831533591, 0.799123678433, 0.940617731645, 1.5194862648, 0.759528999296, 5.51559846257, 0.965888902401, 0.964605734125, 5.95680912261, 3.87867723996, 0.883878676915, 4.1938533163, 1.18096744122, 1.09000078897, 1.10747996371, 1.0447859167, 0.824240870468, 8.21013851011, 0.917219272992, 0.994660894111, 147.90782013, 1.17347487174, 4.6367964536, 1.21419439164, 1.06375740245, 0.957291853689, 2684.37970176, 34.9945008318, 24294.5346561, 0.536193029491
1.38484650716, 1.07223159516, 0.88711646637, 0.973459551071, 5.48508559946, 0.865588463657, 4.35617347192, 1.014054326, 0.938178934295, 1.62647077928, 3.33786325752, 0.864742710571, 4.5288348468, 1.08206586768, 1.0900001456, 1.01465897448, 1.01573545269, 0.820922538047, 8.93476494838, 0.975693686446, 0.790763240002, 16.0787824601, 0.932906731885, 2.30809450935, 1.19751005052, 4.79348879443, 1.21899385605, 2132.73242064, 49.8251287585, 10772.4932723, 0.536193029491
4.89326978223, 1.09949974511, 0.926450256351, 0.89226196039, 6.64328160805, 0.736685215696, 2.26801784204, 0.932564913991, 0.998687200836, 3.18900497177, 5.17122805815, 0.916189213453, 3.95596707876, 1.05351074168, 1.09000036733, 1.10072707882, 1.02973286755, 1.14068986568, 9.19984597607, 0.910664791313, 0.859610284632, 386.99591499, 1.03506641797, 3.55933019581, 1.07242962378, 1.29223315378, 1.27326209215, 505.869943893, 21.9226437327, 3155.68424909, 4.82573726542
2.78721058535, 1.30899942314, 0.837223992891, 0.916224799564, 4.93079284902, 0.726642564337, 3.37079479495, 1.00382184082, 0.937210882679, 5.72268375348, 4.49756689937, 0.81073402562, 1.15182121221, 0.818114604618, 1.0900006979, 1.05832457789, 1.04943187, 0.878391668908, 8.72226014142, 1.0273981512, 0.987508731237, 371.984789217, 0.938770272445, 5.45489767158, 1.10431575824, 4.21780959547, 0.883044264675, 648.794662566, 22.3430253195, 2724.85166476, 2.68096514745
2.06602595978, 1.42728766681, 1.11863927196, 1.20858776187, 5.286006586, 0.769422676209, 4.88969595708, 0.883319016011, 0.992884300084, 3.1988982867, 5.14222569343, 0.88534769967, 1.81135935078, 1.01742481093, 1.09000087631, 1.08510510588, 1.00340775862, 1.12165596978, 6.72711387119, 0.92675427011, 0.904353277352, 40.6465486667, 0.917959831757, 4.35258815797, 1.08578420293, 4.90402003351, 0.871712264113, 1723.01420232, 45.8412713292, 16145.0947913, 0.536193029491
2.49935228527, 1.09632366286, 0.901621965329, 0.866762694816, 4.37700283161, 0.781511256071, 1.30898431794, 1.01161724074, 0.916981244389, 6.17800216063, 6.33654208834, 0.845172519458, 3.26646930763, 1.24256026932, 1.09000016834, 1.06502853288, 1.0054675962, 0.848988418889, 8.2742944227, 1.07008752226, 0.813444452171, 67.1137715202, 1.1779220794, 2.66809771985, 1.19943089459, 2.79958149707, 1.19766542178, 1378.31052501, 22.3921533635, 4036.12774833, 2.41286863271
1.12655478413, 1.01710226166, 0.920640119663, 1.0174641901, 3.279286035, 0.789109691359, 4.02371699542, 0.924611857272, 0.963681540797, 2.33388259561, 4.12417266702, 0.925185942199, 4.48609951569, 1.11271252082, 1.09000077686, 1.05361194418, 1.04352720026, 1.01093367834, 6.91192921983, 0.936670936246, 0.906499513798, 241.086204865, 0.992260301944, 3.73445934719, 1.20415529469, 3.63374081615, 1.0233189888, 2579.58642701, 41.8584568758, 18908.9401044, 0.536193029491
2.1359400484, 1.12547660568, 1.06983457973, 1.18170881661, 2.9446752236, 0.784583304873, 2.7695577745, 0.877822821374, 0.992316500447, 4.28507358716, 2.8160859398, 0.925413784056, 3.55364922176, 1.0108905872, 1.09000009312, 1.04961752208, 1.02417951544, 1.10383057991, 5.78338409737, 0.964645925583, 0.855535547997, 289.872844572, 0.952623007676, 3.18165101004, 1.18892470682, 2.61726799856, 1.21799951317, 3232.73208767, 60.4757902726, 9724.29503756, 0.536193029491
3.29654986076, 1.2700798847, 1.13425633454, 0.832329124267, 4.69876122958, 0.909822155639, 2.25533403804, 0.969100601371, 0.95144658823, 3.79727053541, 4.15399101083, 0.909366140168, 2.6703453637, 0.97549435783, 1.09000092379, 1.0816454814, 1.00231256513, 1.10775642458, 4.51216283639, 1.09611951668, 0.824183705417, 60.316587246, 0.967789496826, 5.79052993742, 1.20184729451, 2.85720187175, 1.02536480263, 2313.3595581, 54.3130706393, 11599.4730338, 0.536193029491
1.3803171021, 1.14082528697, 1.11404412151, 0.933546857794, 3.63193370065, 0.745459055497, 2.65405156861, 1.05736585631, 0.929159669367, 4.94941452787, 5.54748127872, 1.07673935326, 2.33249052998, 1.245649289, 1.09000064974, 1.01211434143, 1.01058668004, 1.22961371134, 4.30073949669, 0.9428265472, 0.978339615568, 274.523047552, 1.19018713528, 2.55374507781, 1.10467389578, 2.3505951222, 1.08298462721, 961.111187321, 21.5644999083, 5111.43295468, 4.02144772118
