3.45055570678, 1.00000072824, 1.42152226318, 1.10458566413, 3.52465356576, 0.89500078297, 4.78185720378, 1.06032152603, 0.972125061611, 3.14878707667, 4.9842619646, 0.894359661531, 2.01225170267, 0.818331974796, 1.09000078333, 1.07614572452, 1.00127211235, 0.96921226674, 5.21975118484, 0.949143360519, 0.780879041806, 592.420359235, 1.04567461022, 1.36250527505, 1.11494079412, 1.2900310445, 0.874420829371, 93.8534739607, 19.2654825829, 81.459229369, 0.0
1.61840903368, 1.00000084922, 1.36928557805, 0.857245047065, 6.84636853665, 0.95853158059, 4.35307329684, 1.12064341397, 0.950666058397, 1.52833849826, 5.62327934315, 0.947409653469, 3.26414887285, 1.2339217162, 1.09000048467, 1.05482340362, 1.01132283197, 0.867766585714, 8.94553861041, 1.09487456315, 0.930742824846, 353.567252328, 1.16602384618, 2.5885710105, 1.12939608267, 2.03786340439, 0.979613163396, 58.2351323791, 12.4347727522, 232.176682628, 1.07238605898
3.7664724912, 1.00000001814, 1.41610740305, 1.10930767595, 5.82408930505, 0.890487118631, 3.13966519793, 1.06219912366, 0.96289958353, 1.35484335774, 4.90512800067, 1.17090399571, 2.57865457478, 1.23162290082, 1.09000024277, 1.09213491926, 1.00408827868, 1.11501455597, 9.81624118209, 0.929731713923, 0.978369819569, 349.55932632, 1.18063067791, 3.21825242352, 1.02984362469, 4.71136855786, 1.16822242221, 7.89354749129, 9.67713953874, 24.6788903868, 2.14477211796
3.39987299064, 1.00000087377, 1.6357939279, 0.981686702482, 2.73839562083, 0.818157061721, 5.57010544363, 1.13608264616, 0.995160834429, 4.29436175727, 4.76633966927, 0.90656299322, 2.25968315292, 0.996020195991, 1.09000023974, 1.05124198048, 1.04986318045, 0.852595819333, 5.61209314728, 1.124817283, 0.807516854069, 891.332696883, 1.16015192632, 3.01789722163, 1.04724710812, 1.01270785941, 1.12533874044, 104.566547527, 11.1244160475, 434.609820533, 1.87667560322
3.14694580202, 1.00000033019, 1.01457756554, 0.965539166054, 3.122102357, 0.796710405594, 1.29494908541, 1.06032152603, 0.950883406406, 5.08219717574, 5.42100153733, 1.13269220055, 3.87080935934, 0.849517886605, 1.09000001771, 1.0059231998, 1.04053605272, 1.04015721874, 6.51836356177, 1.15233963865, 0.77790913474, 818.380562701, 0.914571046701, 5.2506356599, 1.18166219611, 1.42831546593, 1.15808264637, 24.5151804958, 13.8349350746, 95.0796447623, 0.536193029491
4.14139740521, 1.00000054636, 1.27538481781, 0.852106374318, 3.64874094159, 0.91549512529, 5.99493501719, 1.027786617, 0.907334749605, 4.25360330703, 5.79469906035, 0.925596523101, 4.7747244329, 1.04836238781, 1.09000067279, 1.10535524909, 1.03167515336, 0.988140884951, 9.40324597535, 0.985743490877, 0.815170529371, 89.0366506585, 1.17691122631, 4.02118941769, 1.10294580358, 3.1587859074, 1.1220852951, 22.5966480167, 10.0226012934, 118.789179898, 3.75335120643
1.30307687303, 1.0000000727, 1.30110864716, 0.897819076518, 3.19620178925, 0.745187456348, 3.74510670566, 1.15426456692, 0.908891608369, 5.86115783605, 6.05119031383, 0.999288637142, 4.31174362936, 1.28850419023, 1.09000001724, 1.09688663199, 1.02005374219, 0.991096775078, 3.88074677442, 1.01892862263, 0.967062695601, 827.319781223, 1.05431596497, 2.03925755682, 0.963407351778, 4.44986254441, 0.949967386188, 81.1720195924, 9.95793955788, 373.287215759, 5.09383378016
1.91625492506, 1.00000099375, 1.10422648569, 0.885020686112, 3.54987732762, 0.735639202577, 5.39746706661, 1.20409805961, 0.936602178211, 2.58739478653, 5.85561784829, 1.05823782283, 4.65957633508, 1.05100358337, 1.09000094313, 1.00844170037, 1.02235751351, 0.969169119278, 6.41588066566, 1.15419398056, 0.894786469717, 151.148842451, 1.10186552638, 3.20674012127, 0.957583538584, 5.24440575658, 1.15939997129, 44.1983645218, 12.0090094068, 171.597098487, 3.48525469169
3.39987299064, 1.00000087377, 1.6357939279, 1.17070344008, 2.73839562083, 0.926648477398, 5.26916808104, 1.13608264616, 0.936602178211, 4.16765500661, 4.77644468916, 0.944057136771, 2.25968315292, 1.01974882528, 1.09000023974, 1.05124198048, 1.03576066179, 1.04689345917, 6.38593319851, 1.124817283, 0.807516854069, 881.927891936, 1.18370160362, 2.28806355017, 1.1214946517, 1.02658111597, 1.12533874044, 64.8293549527, 10.8588920399, 470.443788677, 2.68096514745
2.26604309018, 1.00000099375, 1.16311351196, 0.802616668997, 5.9344712169, 0.768929914646, 3.94005578335, 1.00034238829, 0.945816677907, 3.75772840574, 5.8688770574, 1.03143074692, 4.22314275268, 0.824571432809, 1.09000067795, 1.10803362522, 1.04788574181, 1.03106912337, 5.35234406759, 1.18991590531, 0.99825856496, 600.023835935, 1.02674189213, 3.04222501279, 0.955287607809, 1.49766712778, 1.23177971924, 123.256866906, 13.4335487211, 424.695344733, 1.34048257373
3.33934808818, 1.00000015544, 1.5333337653, 1.05124099689, 5.30681012365, 0.972796249335, 5.03273969628, 1.08561597165, 0.976685598582, 5.53829386056, 4.7986059217, 1.01597914233, 3.05109468029, 1.04621145353, 1.09000086596, 1.03002399937, 1.02593138729, 1.13423321692, 5.35664157691, 1.14471009138, 0.790704486501, 430.017572869, 0.979885791892, 5.65113056302, 1.19575581754, 3.13770327675, 0.895187126106, 198.46224115, 17.7509453895, 862.786535404, 0.804289544236
3.184216256, 1.00000074317, 1.56081123064, 1.0335380331, 5.74538287055, 0.807850028487, 2.24791566864, 1.11372479468, 0.924976198371, 1.46159413721, 5.63358264409, 1.16552528595, 2.22990820415, 0.951262699012, 1.09000085043, 1.04122597557, 1.02019654529, 1.05404384988, 5.65857598248, 1.17841938624, 0.823440883105, 205.527796628, 1.10296306447, 4.43903308942, 1.10906914877, 1.81622392952, 0.934650247199, 207.926778241, 19.1185208565, 511.377936428, 0.536193029491
2.2362498868, 1.00000074301, 1.1380847165, 0.885020686112, 3.54987732762, 0.735639202577, 5.39746706661, 1.20409805961, 0.936602178211, 2.58739478653, 5.85561784829, 1.05823782283, 4.65957633508, 1.05100358337, 1.09000094313, 1.00844170037, 1.02235751351, 0.969169119278, 6.41588066566, 1.15419398056, 0.894786469717, 151.148842451, 1.10186552638, 1.22744779605, 0.957583538584, 5.24440575658, 1.15939997129, 193.983072528, 24.6440938654, 288.026741346, 0.0
3.7664724912, 1.00000024478, 1.41610740305, 1.10930767595, 6.02971875956, 0.88207637703, 3.13966519793, 1.06219912366, 0.96289958353, 1.35484335774, 4.90512800067, 1.17090399571, 2.57865457478, 1.23162290082, 1.09000024277, 1.10535524909, 1.00408827868, 0.988140884951, 9.81624118209, 0.929731713923, 0.978369819569, 349.55932632, 1.18063067791, 3.21825242352, 1.02984362469, 4.71136855786, 1.16822242221, 705.62965847, 22.5907170103, 8049.34914853, 0.268096514745
2.70189882302, 1.00000020167, 1.72224724996, 0.987919189894, 1.68290767004, 0.954875631189, 3.17602948961, 1.25937169645, 0.953855219628, 2.58960850817, 4.72772930186, 0.822659704133, 2.28299340483, 0.936062686097, 1.09000067457, 1.08597205432, 1.04934273013, 1.09782706517, 3.32723382359, 0.972165189877, 0.958235454952, 972.822161679, 0.994625912805, 4.73022338468, 1.04460724352, 1.52400605605, 1.12759543402, 56.3800404462, 18.4925484431, 154.268785589, 2.14477211796
1.15496232375, 1.00000000085, 1.07543770755, 0.992412814667, 4.12710358945, 0.804091395226, 4.2093134398, 1.19731556076, 0.940011475891, 1.64826843832, 5.61115442105, 0.850577972584, 1.68470765768, 1.01502613363, 1.09000053029, 1.01021865133, 1.03558559911, 0.840652426052, 8.95027644883, 0.982591192728, 0.810124925601, 680.058556633, 1.03776518444, 3.11997806171, 1.16124851474, 1.44298701125, 0.986052948332, 42.7026139896, 17.29308293, 453.949260842, 3.21715817694
5.65411596239, 1.00000022428, 1.4696557194, 0.919981821002, 5.45557298832, 0.767882915123, 5.08179734287, 1.14768802768, 0.958446254935, 5.38043421713, 5.94177596407, 1.18371363956, 1.93211714221, 0.99037482774, 1.09000066119, 1.01148957379, 1.04223753519, 1.18399793877, 8.51778128788, 0.991232423889, 0.879544528858, 625.906768537, 1.10167529569, 3.48024128903, 1.08241436194, 2.68522587787, 1.05484900222, 570.444002182, 35.2661224757, 1598.83730767, 0.0
4.42468272787, 1.00000076704, 1.13087432413, 0.89516489509, 5.27509694304, 0.833382343712, 2.54942728554, 1.12092899296, 0.96289958353, 4.53437048567, 5.8810662852, 1.09284883265, 2.48908214475, 0.910004087165, 1.09000054543, 1.08539011207, 1.00408827868, 1.11869439014, 4.58751632434, 1.01401933425, 0.934549410842, 287.001544753, 1.12592934481, 4.11749238467, 1.14860166064, 4.03460147352, 1.10250739945, 493.867832703, 24.7475457536, 2475.60196441, 0.0
3.59682649917, 1.00000093679, 1.45631665189, 0.984605553732, 5.67094712348, 0.993050080298, 1.39461343391, 1.04733012609, 0.923858987881, 5.77117525027, 5.6112699483, 0.934908619357, 4.04539702447, 1.18296997876, 1.0900007726, 1.02362317141, 1.01928911692, 0.978134008319, 4.40437864254, 1.01657715679, 0.945817087714, 10.0631940679, 0.948088500049, 4.53227001719, 0.967314364372, 1.18613690571, 1.1992564647, 685.192692394, 26.2661360102, 1715.7996062, 0.0
4.17253868003, 1.0000002257, 1.61112368015, 0.885020686112, 4.20219775888, 0.890890448834, 4.19301852992, 1.20232732736, 0.941641615814, 5.95119022199, 5.85561784829, 0.935600414791, 4.8657811129, 1.20038824863, 1.09000036486, 1.0857517307, 1.00241687132, 1.13750797504, 7.03218707609, 0.933740299797, 0.835428237021, 690.925415143, 1.03072801502, 5.03737373077, 1.06548303548, 5.37561254719, 0.904209305632, 1053.69098295, 42.7055262289, 1532.5246294, 0.0
4.39387302363, 1.00000028508, 1.38868888165, 1.18081667722, 4.19484588878, 0.991720319586, 2.07524793809, 1.11406372354, 0.968628292209, 5.64926745245, 5.94177596407, 1.18450065647, 4.33149446382, 1.17573709482, 1.09000018073, 1.09819491971, 1.04213132484, 1.04765167125, 8.26368498774, 1.07993984085, 0.987498185393, 347.62259019, 1.16742202431, 2.00247727809, 1.05352040033, 1.09540793572, 1.28905257598, 336.569487461, 14.9368097833, 165.172675762, 9.11528150134
4.377227424, 1.00000088288, 1.165033014, 1.12804708778, 4.85301004668, 0.720760909854, 1.47998865263, 1.02528037444, 0.923174119667, 4.37225532738, 5.20606328725, 1.01593466637, 4.42538998151, 0.815975513076, 1.09000002431, 1.03615663249, 1.02503024989, 1.14606876112, 7.44120365362, 0.964104064164, 0.915185526396, 129.009828208, 1.15026463406, 3.82318670106, 1.15955841841, 5.22495678128, 1.2917513913, 92.9778394165, 15.3851898508, 210.840658334, 3.48525469169
3.98158110435, 1.00000031128, 1.59906723026, 1.18071650628, 5.21212209022, 0.945551935741, 3.83511097711, 1.11966197509, 0.934375080296, 5.69590191721, 5.51321106086, 1.09284883265, 1.35258427327, 1.17794183771, 1.09000006402, 1.0305255243, 1.01233943065, 0.823738346238, 9.785197205, 1.01657197494, 0.794262334247, 555.239194642, 1.06940891873, 3.947937048, 1.01666827926, 1.50627998614, 1.13013817261, 239.82934255, 13.3838271388, 736.308604412, 2.41286863271
2.11027265694, 1.00000033019, 1.00850170842, 0.965539166054, 1.78750527097, 0.905231083011, 1.29494908541, 1.06574671229, 0.936366694415, 5.35230231401, 5.42100153733, 1.13269220055, 3.87080935934, 0.966500150702, 1.09000001771, 1.0059231998, 1.04053605272, 1.04015721874, 6.51836356177, 1.15233963865, 0.77790913474, 960.916853825, 0.912640255719, 5.2506356599, 1.18166219611, 1.35706696366, 1.15808264637, 182.636666361, 24.6853350445, 960.925010761, 0.536193029491
2.32364352234, 1.00000053007, 1.57828296965, 0.987739982575, 6.57843692626, 0.772676191571, 5.18803320436, 1.03223083415, 0.936611548984, 4.38508943776, 5.43353610607, 1.13570842007, 4.7519155691, 0.92445026342, 1.09000041848, 1.02919221689, 1.02298533185, 0.913631170564, 8.6233838817, 0.996948451236, 0.817831163734, 756.662748601, 0.944555705065, 3.23345483293, 1.20118205269, 2.51630282792, 0.969841810251, 149.570807077, 14.2411564541, 413.63177789, 2.68096514745
2.70189882302, 1.00000020167, 1.72224724996, 0.992412814667, 1.68290767004, 0.954875631189, 3.17602948961, 1.25937169645, 0.953855219628, 2.58960850817, 4.72772930186, 0.850577972584, 2.28299340483, 1.01502613363, 1.09000067457, 1.08597205432, 1.04934273013, 1.12930220344, 3.32723382359, 0.972165189877, 0.958235454952, 972.822161679, 0.994625912805, 4.73022338468, 1.04460724352, 1.52400605605, 1.12759543402, 105.492958023, 15.6230488348, 503.237911987, 1.87667560322
2.81943419854, 1.00000037181, 1.40440048721, 1.201771389, 3.08528773006, 0.95387519823, 5.35259441963, 1.17286950998, 0.936068745031, 4.32769311745, 4.95227608045, 1.10883476438, 3.74558899912, 1.00483798181, 1.09000040814, 1.05712832593, 1.00536771724, 0.964462854832, 4.03191968981, 1.17634138421, 0.898906327856, 801.993638212, 1.04239166526, 4.95479362902, 1.05704548798, 1.79605204742, 1.24159146905, 543.257348885, 32.00426301, 4122.86485952, 0.0
2.03612951001, 1.00000098369, 1.16311351196, 0.828607300068, 5.9344712169, 0.768929914646, 3.94005578335, 1.0022000114, 0.945816677907, 3.75772840574, 5.8688770574, 1.03143074692, 3.67135495945, 0.824571432809, 1.09000067795, 1.10803362522, 1.00551469695, 1.03106912337, 5.35234406759, 1.10040612761, 0.99825856496, 600.023835935, 1.02674189213, 5.57737203955, 0.969233591964, 4.44683626295, 1.23177971924, 578.530116501, 34.7907716469, 2995.73353278, 0.0
2.91952282931, 1.00000045736, 1.28845919067, 1.2181710093, 7.06975662352, 0.828872978531, 1.72008014318, 1.1135681708, 0.930603375087, 4.21968390396, 6.16651002647, 1.08290546883, 4.42517803665, 0.828375488016, 1.09000068655, 1.01629647936, 1.0306300504, 0.921487063249, 6.70397291502, 0.973323100296, 0.776759843816, 601.004381804, 1.17157698991, 5.91330188776, 1.13491492277, 4.80784190333, 1.21614362727, 191.732964358, 19.2380438006, 854.620391385, 1.34048257373
3.54547988751, 1.00000017445, 1.32437618672, 0.900502644277, 2.56792644794, 0.851945324835, 2.47287046245, 1.13101333882, 0.990600519265, 5.68000356527, 5.63886928123, 0.822150172146, 2.58789196208, 1.21395779908, 1.09000011557, 1.02928351327, 1.02063008753, 1.06150968081, 6.58427115372, 1.00856249177, 0.959606541826, 420.270700073, 1.11091534966, 2.35476757054, 1.01204274904, 5.29896378887, 1.06900687852, 285.218125891, 14.557823733, 613.768798577, 1.60857908847
5.22486411902, 1.00000006671, 1.2799648327, 1.01632431343, 5.27838448477, 0.809972437913, 3.0965927126, 1.02011668443, 0.934375080296, 3.75961864902, 5.81335071628, 1.09284883265, 4.71742474647, 1.26471191827, 1.09000010796, 1.06058416364, 1.00910733446, 0.971543833592, 9.73826550114, 0.999235267796, 0.896492177697, 808.787307819, 1.12675211792, 1.99351934147, 1.22913327966, 5.35379150961, 0.992794492108, 110.708281942, 13.0169235038, 469.715104719, 4.02144772118
4.50730494703, 1.00000040916, 1.69504203978, 1.0770542847, 5.71098667856, 0.737248463363, 1.02382410088, 1.18282610113, 0.947636676283, 2.29129079506, 6.11304720073, 0.847442456155, 1.47294886127, 0.996853322014, 1.09000030715, 1.09184175591, 1.03190392411, 1.07948359037, 9.7444387944, 1.06209517143, 0.89140722814, 980.20051943, 1.10167529569, 4.91690541723, 0.985999902608, 5.41073344094, 1.27039815008, 549.498557456, 20.5669213945, 2758.87925072, 0.536193029491
1.7228308395, 1.00000091986, 1.73292766491, 1.11965019419, 5.3717084077, 0.776344710332, 2.6692675839, 1.25156415546, 0.947624685425, 2.12903306061, 5.34358897713, 1.19989395129, 1.46733599221, 1.14697338763, 1.0900003147, 1.05218708771, 1.0286054176, 1.0850821242, 8.91610037409, 0.967778104062, 0.99492726746, 572.523820128, 1.19593922778, 1.79432961396, 1.20645288867, 2.89708732842, 0.90245239071, 366.418341702, 23.0599059824, 11061.2599942, 0.536193029491
4.42468272787, 1.00000029165, 1.13087432413, 0.89516489509, 5.27509694304, 0.833382343712, 2.54942728554, 1.12092899296, 0.96289958353, 4.53437048567, 5.8810662852, 1.09284883265, 2.48908214475, 0.910004087165, 1.09000054543, 1.08539011207, 1.00408827868, 1.11869439014, 4.58751632434, 1.01401933425, 0.934549410842, 287.001544753, 1.12592934481, 4.11749238467, 1.14860166064, 4.03460147352, 1.10250739945, 827.735041381, 23.0423565713, 2292.57024698, 0.536193029491
3.761723745, 1.0000003748, 1.5557222731, 1.17070344008, 6.02188278218, 0.968494883243, 5.14233815365, 1.02596430239, 0.963360147103, 4.17465377748, 4.75776741865, 1.13734606031, 3.47421778247, 1.0729755145, 1.09000030731, 1.09054316455, 1.00969727665, 0.894228265393, 4.2060366011, 1.15652488915, 0.773422359836, 55.196919646, 1.10805784756, 1.86800941803, 0.991744976999, 3.07398387916, 1.14964567764, 385.496270956, 30.9784866514, 432.079540869, 0.536193029491
4.21561690801, 1.00000025126, 1.55865765936, 1.03121732043, 3.36052484344, 0.997959845164, 3.55686262318, 1.25426140061, 0.967470856717, 1.67279819576, 4.96084241442, 1.03969468055, 2.38873907538, 0.997075728077, 1.09000068381, 1.00323924361, 1.00200119451, 1.00703751948, 6.01056211016, 0.970974262979, 0.854109264291, 616.59087094, 0.940643044555, 3.23345483293, 1.10446636, 3.26165414088, 0.892482122992, 819.049761523, 38.1541158754, 2228.84408965, 0.0
3.7664724912, 1.00000002256, 1.41610740305, 1.10930767595, 5.74753757798, 0.964304572731, 5.70717361503, 1.06219912366, 0.95518761518, 3.71973794888, 4.90512800067, 1.17090399571, 2.57865457478, 1.09432048192, 1.0900001815, 1.10841704645, 1.02525917858, 1.11501455597, 9.7393082733, 0.929731713923, 0.978369819569, 349.55932632, 1.18063067791, 3.72155114751, 1.02984362469, 4.71136855786, 1.24365137768, 972.676419527, 25.0554568066, 8574.90515, 0.268096514745
5.9773078133, 1.00000011308, 1.38744714331, 1.06887430047, 1.71047928184, 0.929875662012, 2.93306088479, 1.17772061626, 0.926448275547, 3.07819948466, 5.13707479532, 1.17647579843, 4.16970586371, 1.27530428084, 1.09000067336, 1.05124198048, 1.04937708532, 1.18281425035, 8.29053249267, 1.124817283, 0.940922640421, 284.498219724, 1.07356177838, 5.63783914051, 1.1906009733, 4.77164399144, 1.29565488571, 207.150657793, 13.0941072024, 1752.15640046, 3.75335120643
1.19452979368, 1.00000071266, 1.63511616488, 1.03449022556, 2.69327587849, 0.934252923383, 4.02398232759, 1.23996577104, 0.957946584309, 4.02631492264, 5.26726370504, 0.815114324378, 3.3542214266, 1.04820961592, 1.09000081281, 1.07552788825, 1.0375086472, 1.16042518428, 9.65029489107, 0.936564321877, 0.764715203518, 119.807836193, 1.0884843865, 5.94661105723, 0.988175420936, 3.2238053904, 1.00763738634, 993.792847309, 30.6623893746, 3252.6965479, 0.268096514745
5.65411596239, 1.00000022428, 1.4696557194, 0.928025839752, 6.54892781189, 0.767882915123, 5.08179734287, 1.14768802768, 0.958446254935, 5.38043421713, 4.86554148851, 1.18371363956, 1.93211714221, 0.99037482774, 1.09000066119, 1.01148957379, 1.04223753519, 1.18399793877, 8.51778128788, 0.991232423889, 0.879544528858, 625.906768537, 1.10167529569, 3.48024128903, 1.08241436194, 2.68522587787, 1.05484900222, 194.507288283, 13.1978296772, 489.654638686, 4.02144772118
2.05728412901, 1.00000054874, 1.24719235593, 1.09122990934, 6.45285408289, 0.761618502047, 2.54942728554, 1.08217071552, 0.958147959731, 2.73438676494, 5.62575231931, 0.835950046595, 1.34433694547, 0.927800169865, 1.09000079871, 1.01092230552, 1.02244836995, 0.824512014501, 3.77932027696, 0.935988798165, 0.826137920663, 93.8258812595, 0.997100431854, 1.47509894149, 1.0346034614, 4.28378398961, 0.994970230198, 761.469402837, 23.0095949836, 2207.6179564, 0.804289544236
3.39987299064, 1.00000087377, 1.6357939279, 0.981686702482, 2.73839562083, 0.818157061721, 5.26916808104, 1.13608264616, 0.995160834429, 4.29436175727, 5.66921139938, 0.90656299322, 2.25968315292, 1.01974882528, 1.09000023974, 1.05124198048, 1.04986318045, 0.852595819333, 5.61209314728, 1.124817283, 0.807516854069, 881.927891936, 1.16015192632, 3.01789722163, 1.04724710812, 1.03935161694, 1.12533874044, 1708.91565204, 34.3578367764, 9434.82431834, 0.0
5.9773078133, 1.00000011308, 1.38744714331, 1.06887430047, 1.71047928184, 0.870196120708, 2.93306088479, 1.17772061626, 0.926448275547, 3.07819948466, 5.13707479532, 1.17647579843, 4.16970586371, 1.27530428084, 1.09000067336, 1.0988838168, 1.04937708532, 1.18281425035, 8.29053249267, 1.01668917282, 0.940922640421, 284.498219724, 1.07356177838, 5.63783914051, 1.1906009733, 4.77164399144, 1.29565488571, 491.971748525, 19.8714091745, 478.9413648, 1.60857908847
2.91952282931, 1.00000045736, 1.28845919067, 0.900502644277, 7.06975662352, 0.828872978531, 1.72008014318, 1.1135681708, 0.930603375087, 4.21968390396, 6.16651002647, 1.08290546883, 4.42517803665, 0.828375488016, 1.09000068655, 1.01629647936, 1.0306300504, 0.921487063249, 6.70397291502, 0.973323100296, 0.890129457104, 601.004381804, 1.17157698991, 5.91330188776, 1.13491492277, 4.80784190333, 1.21614362727, 183.715645471, 23.3731812721, 453.270415195, 1.34048257373
3.39987299064, 1.00000087377, 1.6357939279, 0.981686702482, 2.73839562083, 0.926648477398, 5.26916808104, 1.13608264616, 0.995160834429, 4.16765500661, 5.66921139938, 0.944057136771, 2.25968315292, 1.01974882528, 1.09000023974, 1.05124198048, 1.04986318045, 1.04689345917, 5.61209314728, 1.124817283, 0.807516854069, 881.927891936, 1.16015192632, 2.28806355017, 1.04724710812, 1.03935161694, 1.12533874044, 982.656393708, 24.0448595472, 5113.8170537, 0.536193029491
5.81418679281, 1.00000083813, 1.69063486063, 0.853865664434, 2.00401681893, 0.947670089594, 3.6892679731, 1.041073189, 0.938281604657, 2.83599936742, 5.49194537012, 0.90656299322, 5.016135695, 1.19522701781, 1.09000065262, 1.02410958269, 1.03618114068, 0.852595819333, 5.48578494922, 1.14752981069, 0.914556410387, 288.734345221, 0.988101135716, 4.31286277828, 1.10717684466, 3.81074165503, 0.924395331597, 319.76530741, 17.7534970134, 2544.70483708, 1.60857908847
4.97211229905, 1.00000055592, 1.30901060636, 1.08097794949, 2.29136617596, 0.841413312227, 4.08462129281, 1.07746458349, 0.962321334513, 4.7269045724, 4.70498757371, 0.826549864687, 2.13443636369, 0.998123795523, 1.0900006486, 1.04705125697, 1.03894842229, 1.08170953778, 3.03841137305, 1.00171665597, 0.913025862228, 713.624723747, 0.959976482418, 3.12986518129, 1.10142526746, 4.95302867064, 1.25532732707, 1953.00785989, 35.9528144865, 3766.92145563, 0.0
5.6898677987, 1.0000007122, 1.61112368015, 1.21247967424, 1.97526898831, 0.890890448834, 4.19301852992, 1.03467767069, 0.941641615814, 5.56274763301, 4.68163663918, 0.972062326382, 4.71742474647, 1.20038824863, 1.09000010796, 1.0857517307, 1.00241687132, 1.13750797504, 7.03218707609, 0.933740299797, 0.835428237021, 690.925415143, 1.03072801502, 5.03737373077, 1.06548303548, 5.37561254719, 0.904209305632, 627.312286707, 22.2479612912, 6679.21273926, 0.804289544236
1.80618708821, 1.00000088288, 1.165033014, 1.12804708778, 4.85301004668, 0.720760909854, 1.47998865263, 1.0483295966, 0.923174119667, 4.37225532738, 5.20606328725, 1.01593466637, 4.42538998151, 0.815975513076, 1.09000002431, 1.03615663249, 1.00997976315, 1.08621301742, 6.68919637319, 1.01657715679, 0.915185526396, 129.009828208, 1.15026463406, 3.82318670106, 1.15955841841, 5.22495678128, 1.2917513913, 194.00444803, 13.5759586588, 3153.20187479, 5.09383378016
4.39387302363, 1.00000028508, 1.63336770787, 1.18081667722, 4.19484588878, 0.762774397322, 2.07524793809, 1.11406372354, 0.968628292209, 5.64926745245, 5.94177596407, 1.18450065647, 4.33149446382, 1.17573709482, 1.09000018073, 1.09819491971, 1.04213132484, 1.04765167125, 8.26368498774, 1.14779786772, 0.987498185393, 347.62259019, 1.16742202431, 3.67739327542, 1.05352040033, 1.09540793572, 1.28905257598, 1148.06075182, 44.4525498446, 2546.17521235, 0.0
3.45055570678, 1.00000072824, 1.42152226318, 1.10458566413, 3.52465356576, 0.89500078297, 5.64375313771, 1.12064341397, 0.972125061611, 3.14878707667, 5.66761510433, 1.03799219987, 3.88544078752, 1.24125452422, 1.09000078333, 1.07614572452, 1.00127211235, 0.96921226674, 5.21975118484, 0.949143360519, 0.780879041806, 592.420359235, 1.04567461022, 1.36250527505, 1.11494079412, 1.2900310445, 1.29127257435, 396.058754417, 30.4743272512, 1471.66287766, 0.536193029491
3.45055570678, 1.00000083271, 1.42152226318, 1.06202720404, 3.52465356576, 0.868100213207, 4.78185720378, 1.06032152603, 0.972125061611, 3.14878707667, 4.9842619646, 0.894359661531, 2.01225170267, 0.928834068937, 1.09000078333, 1.07614572452, 1.00127211235, 1.11779339105, 5.21975118484, 0.949143360519, 0.780879041806, 592.420359235, 1.04567461022, 1.36250527505, 1.11494079412, 1.2900310445, 0.874420829371, 134.692638601, 17.0920108493, 2710.43480469, 2.41286863271
5.00876378328, 1.00000078789, 1.71224128825, 1.00947563807, 4.28684435408, 0.845034503159, 4.36574505495, 1.06218270461, 0.909508054027, 1.48380660014, 5.56332034259, 0.821310776476, 3.35710187618, 0.933032877336, 1.09000048981, 1.05964817475, 1.02297872913, 0.812348535759, 8.57445850603, 1.02910331449, 0.812859314833, 89.4508297192, 0.945395306817, 2.86274776846, 0.999145889787, 3.95769628756, 1.10252804863, 428.783011884, 19.3925129812, 2218.77218944, 1.07238605898
3.39987299064, 1.00000087377, 1.6357939279, 0.981686702482, 2.73839562083, 0.926648477398, 1.72008014318, 1.13608264616, 0.995160834429, 4.16765500661, 5.66921139938, 0.944057136771, 2.25968315292, 1.01974882528, 1.09000023974, 1.05124198048, 1.02992932266, 1.04689345917, 5.61209314728, 1.124817283, 0.807516854069, 881.927891936, 1.16015192632, 2.28806355017, 1.04724710812, 1.03935161694, 1.12533874044, 1623.84844113, 35.9635457654, 3300.661702, 0.268096514745
5.65411596239, 1.00000022428, 1.4696557194, 1.04972614111, 6.54892781189, 0.767882915123, 5.08179734287, 1.01611467145, 0.958446254935, 5.38043421713, 4.97838084707, 1.18371363956, 1.93211714221, 0.99037482774, 1.09000066119, 1.09700181984, 1.04223753519, 1.17356290705, 8.51778128788, 0.991232423889, 0.813466145962, 510.475613033, 0.911103251298, 3.48024128903, 1.08241436194, 2.68522587787, 1.01977328812, 1380.76354152, 36.1043734918, 9395.29841879, 0.0
4.42468272787, 1.00000076704, 1.13087432413, 0.89516489509, 5.27509694304, 0.833382343712, 2.54942728554, 1.12092899296, 0.96289958353, 4.53437048567, 5.8810662852, 1.0185435536, 2.48908214475, 0.910004087165, 1.09000054543, 1.08539011207, 1.00408827868, 1.11869439014, 4.58751632434, 1.01401933425, 0.934549410842, 287.001544753, 1.12592934481, 4.11749238467, 1.14860166064, 4.03460147352, 1.10250739945, 612.850444764, 34.6531478766, 1400.22523075, 0.536193029491
4.87112942022, 1.00000050084, 1.2208890472, 0.911191350061, 3.09320446723, 0.804471377767, 4.18872658907, 1.07232460362, 0.91421910299, 2.27518387929, 5.93873627637, 1.19270460138, 3.36181013171, 1.01571730317, 1.09000028245, 1.0019484279, 1.02503024989, 0.876685368409, 8.19390933297, 0.978018972092, 0.86968460383, 229.975938612, 1.09070814994, 5.78303938747, 0.993289899636, 3.22941766885, 1.09434561687, 313.157374549, 30.2176076005, 384.827115565, 2.41286863271
4.39387302363, 1.00000028508, 1.63336770787, 1.18081667722, 4.19484588878, 0.762774397322, 2.07524793809, 1.11406372354, 0.968628292209, 5.64926745245, 4.86554148851, 1.18450065647, 4.33149446382, 1.17573709482, 1.09000018073, 1.09819491971, 1.04213132484, 1.04765167125, 8.26368498774, 1.06892281287, 0.987498185393, 264.972041895, 1.05089890885, 3.67739327542, 1.05352040033, 1.09540793572, 1.28905257598, 173.126363689, 23.8025611019, 665.641351166, 1.87667560322
2.91952282931, 1.00000045736, 1.28845919067, 1.2181710093, 7.06975662352, 0.828872978531, 1.72008014318, 1.1135681708, 0.930603375087, 4.21968390396, 6.16651002647, 1.08290546883, 4.42517803665, 0.828375488016, 1.09000068655, 1.01629647936, 1.0306300504, 0.916416131557, 6.70397291502, 0.973323100296, 0.763040641598, 601.004381804, 1.17157698991, 5.91330188776, 1.13491492277, 4.80784190333, 1.21614362727, 1049.56252221, 44.8821926328, 20372.1185896, 0.0
4.5705704017, 1.00000018721, 1.1455713125, 1.15165983444, 3.17589342043, 0.776614761927, 3.99622075814, 1.06756797501, 0.930223106094, 2.18718140607, 5.48753051499, 1.17409083315, 4.68372207776, 0.835101559567, 1.09000042319, 1.10127643379, 1.00095060806, 1.07398993236, 5.60988923438, 0.913547738452, 0.93893413083, 864.58041978, 0.934009972557, 1.15080330249, 1.23963586994, 1.70917757997, 0.968495197416, 1173.45101103, 33.2883154018, 11419.0817068, 0.268096514745
5.65411596239, 1.00000022428, 1.4696557194, 1.04972614111, 6.54892781189, 0.767882915123, 5.08179734287, 1.14768802768, 0.958446254935, 5.38043421713, 4.86554148851, 1.18371363956, 1.93211714221, 0.99037482774, 1.09000066119, 1.01148957379, 1.04223753519, 1.17356290705, 8.51778128788, 0.991232423889, 0.879544528858, 625.906768537, 1.05494996685, 3.48024128903, 1.08241436194, 2.68522587787, 1.01977328812, 1069.98656913, 43.4068513111, 5348.19521005, 0.0
2.81943419854, 1.00000037181, 1.40440048721, 1.20578522867, 3.08528773006, 0.915733380953, 5.35259441963, 1.17286950998, 0.936068745031, 4.32769311745, 4.95227608045, 1.10883476438, 3.74558899912, 1.00483798181, 1.09000040814, 1.05712832593, 1.00106548576, 0.964462854832, 4.03191968981, 1.17634138421, 0.898906327856, 801.993638212, 0.940643044555, 4.95479362902, 1.05704548798, 1.79605204742, 1.24159146905, 2779.22632934, 40.5789914462, 5365.30510147, 0.0
1.04757846121, 1.0000007678, 1.60729747162, 1.06146940425, 2.33978266254, 0.890360652016, 5.79726047105, 1.18545352193, 0.91421910299, 4.02631492264, 5.71685539783, 0.93420432106, 3.23039467484, 1.12768462512, 1.09000049862, 1.05187837722, 1.04318346436, 0.852312863174, 9.05322499136, 0.936564321877, 0.943149976848, 841.862636898, 1.08228515141, 4.71811218849, 1.15430967417, 1.06172129966, 0.870750974589, 1774.79423649, 47.7839554294, 5008.19303765, 0.0
5.22486411902, 1.00000006671, 1.2799648327, 1.01632431343, 4.30113266858, 0.837793614931, 3.0965927126, 1.02011668443, 0.934375080296, 3.75961864902, 5.81335071628, 1.09284883265, 4.71742474647, 1.26471191827, 1.09000010796, 1.06058416364, 1.00910733446, 0.971543833592, 9.73826550114, 0.999235267796, 0.896492177697, 808.787307819, 1.12675211792, 1.99351934147, 1.22913327966, 5.35379150961, 0.992794492108, 1701.87784142, 50.6491851752, 17162.1316352, 0.0
1.30307687303, 1.0000000727, 1.31382749253, 0.897819076518, 3.19620178925, 0.745187456348, 3.74510670566, 1.15426456692, 0.908891608369, 5.86115783605, 6.05119031383, 0.999288637142, 4.41499588509, 1.28850419023, 1.09000001724, 1.09688663199, 1.02489076978, 0.991096775078, 3.88074677442, 1.01892862263, 0.967062695601, 827.319781223, 1.05431596497, 2.49770027052, 0.963407351778, 4.95920780775, 1.25497781701, 685.132333399, 35.6235053677, 1665.78418241, 0.536193029491
2.81943419854, 1.00000037181, 1.40440048721, 1.19350809531, 3.08528773006, 0.825821911792, 4.67504244214, 1.17286950998, 0.936068745031, 4.32769311745, 5.18652924411, 1.0359651127, 4.7588304622, 1.00483798181, 1.09000040814, 1.05712832593, 1.00536771724, 0.904833671167, 5.96563033084, 1.17634138421, 0.898906327856, 801.993638212, 0.940643044555, 4.95479362902, 1.05704548798, 1.79605204742, 1.24159146905, 2667.79715716, 55.2272163181, 4108.44820255, 0.268096514745
2.2362498868, 1.00000074301, 1.1380847165, 0.885020686112, 3.54987732762, 0.735639202577, 5.39746706661, 1.20409805961, 0.936602178211, 2.58739478653, 5.85561784829, 1.05823782283, 4.65957633508, 1.05100358337, 1.09000094313, 1.00844170037, 1.02235751351, 0.969169119278, 6.41588066566, 1.15419398056, 0.960321182705, 490.101963864, 1.10186552638, 1.22744779605, 0.957583538584, 5.24440575658, 1.15939997129, 1044.46320589, 24.6269111534, 850.622489487, 1.60857908847
5.31056393307, 1.00000088288, 1.165033014, 1.12804708778, 4.85301004668, 0.720760909854, 1.27830367495, 1.02528037444, 0.923174119667, 5.86115783605, 5.01044860989, 1.01593466637, 4.42538998151, 0.815975513076, 1.09000001724, 1.03615663249, 1.02503024989, 1.14606876112, 7.44120365362, 0.964104064164, 0.915185526396, 129.009828208, 1.15026463406, 3.82318670106, 1.15955841841, 5.22495678128, 1.00293978016, 2155.54523149, 49.6762594874, 6493.47942368, 0.0
3.3463641842, 1.00000010852, 1.52371947972, 1.21107025465, 3.19776500567, 0.724516214732, 4.88163051056, 1.16950844726, 0.977763833622, 5.00920887802, 4.70476923128, 1.21254616703, 4.30696507606, 1.0825162959, 1.09000003361, 1.06608644556, 1.00064677207, 1.00841649001, 7.11396971131, 1.01021915202, 0.857913525049, 298.616895519, 1.12811692293, 2.42471880416, 1.18328012137, 5.28595977216, 1.10926262407, 635.502146163, 18.8298285886, 1960.41530178, 2.14477211796
3.40930995737, 1.00000076704, 1.13087432413, 0.89516489509, 5.27509694304, 0.833382343712, 2.54942728554, 1.12092899296, 0.96289958353, 4.53437048567, 5.8810662852, 1.0185435536, 2.48908214475, 1.00675846043, 1.09000054543, 1.08539011207, 1.00408827868, 0.937621112427, 4.58751632434, 1.01401933425, 0.934549410842, 287.001544753, 1.10562440778, 4.11749238467, 1.14860166064, 1.32994060836, 1.10250739945, 591.462422405, 34.9737046521, 1221.61769683, 1.07238605898
1.71586991311, 1.00000089165, 1.19729550134, 0.802215843482, 4.03084029675, 0.753455059046, 3.7347319036, 1.21377595417, 0.919801175358, 2.00393307467, 5.98619448247, 1.20346176587, 1.84225327415, 1.25245757475, 1.09000018487, 1.04754477605, 1.03173000481, 1.04953480138, 4.05379249291, 0.912861653366, 0.894573252629, 799.204571799, 1.19259240474, 3.74239385736, 0.997571505336, 5.45485370064, 0.921082609832, 439.861227757, 19.913743324, 1643.11380352, 1.60857908847
3.69100744437, 1.00000061855, 1.22052583385, 0.905062817289, 7.0691116949, 0.758861999902, 1.02976912101, 1.07400073788, 0.959450263411, 5.61069817742, 5.6120069746, 0.853561756101, 3.63403985974, 1.14697338763, 1.09000045456, 1.0660444265, 1.00584772593, 1.07725569093, 6.47750392811, 0.975413586752, 0.789972215896, 918.366100685, 1.0643631082, 2.35768270753, 1.20645288867, 1.26414342957, 0.876729803531, 309.902212905, 20.7369833261, 4567.41207067, 1.60857908847
3.3463641842, 1.00000010852, 1.52371947972, 0.979931379539, 3.19776500567, 0.724516214732, 4.88163051056, 1.16950844726, 0.977763833622, 4.57454773489, 4.89546461814, 1.21254616703, 4.30696507606, 1.0825162959, 1.09000003361, 1.06608644556, 1.00064677207, 1.00841649001, 7.11396971131, 1.14344526031, 0.857913525049, 298.616895519, 1.12811692293, 2.42471880416, 1.18328012137, 5.28595977216, 0.929251150806, 572.879586124, 25.1737972905, 5877.73586025, 0.804289544236
3.54547988751, 1.00000017445, 1.32437618672, 1.2181710093, 2.53543415062, 0.851945324835, 2.47287046245, 1.13101333882, 0.990600519265, 5.68000356527, 5.63886928123, 0.822150172146, 2.58789196208, 1.21395779908, 1.09000011557, 1.02928351327, 1.02063008753, 1.06150968081, 6.58427115372, 1.00856249177, 0.959606541826, 420.270700073, 1.11091534966, 2.35476757054, 1.01204274904, 5.29896378887, 1.06900687852, 2142.68522427, 50.009014615, 5061.01464057, 0.268096514745
3.05797312193, 1.00000071154, 1.43821330283, 1.10411296204, 1.6515962278, 0.819985467967, 3.53249276931, 1.13400323757, 0.970405016296, 5.27589919851, 4.75884059172, 0.893282661162, 1.55004177123, 1.19302445433, 1.09000013357, 1.02631903608, 1.01314167018, 1.21501919791, 8.4478230184, 1.07426219595, 0.925465557598, 891.332696883, 1.15221630111, 5.43534586771, 1.21492504007, 2.4613837764, 0.969715792062, 2898.70334797, 45.4327629724, 42797.1894801, 0.0
2.54616056255, 1.00000087377, 1.6357939279, 0.981686702482, 1.65101106191, 0.926648477398, 5.26916808104, 1.13608264616, 0.936602178211, 4.16765500661, 4.77644468916, 0.914047192011, 2.38873907538, 1.01974882528, 1.09000023974, 1.09054316455, 1.04986318045, 1.04689345917, 5.61209314728, 1.124817283, 0.807516854069, 881.927891936, 1.19465341174, 2.28806355017, 1.04724710812, 1.02658111597, 1.12533874044, 5136.59079974, 49.6741476489, 14910.5855013, 0.0
4.43663414211, 1.00000062618, 1.24719235593, 1.09122990934, 6.45285408289, 0.761618502047, 3.20137624362, 1.08217071552, 0.980153088303, 2.73438676494, 5.62575231931, 0.890452822812, 1.22317837841, 0.927800169865, 1.09000079871, 1.01092230552, 1.02244836995, 0.824512014501, 3.77932027696, 0.935988798165, 0.826137920663, 93.8258812595, 0.997100431854, 1.47509894149, 1.0346034614, 4.28378398961, 0.948387494815, 2782.44593241, 55.7342763693, 15873.7034351, 0.0
3.918482822, 1.00000062063, 1.62288515312, 1.1715341765, 5.34987493557, 0.821013711827, 3.84472460532, 1.23151310168, 0.942005138529, 2.67867446266, 4.70441777841, 1.01879814115, 4.73778577457, 0.968585759096, 1.0900005005, 1.09714191807, 1.01218758056, 1.22985069138, 3.91008123425, 0.916978664874, 0.903354777305, 486.223661602, 1.05376084066, 4.76708352706, 1.02469190133, 2.71173389618, 0.99527704435, 969.239568452, 43.1629521109, 1891.26223874, 0.536193029491
3.39987299064, 1.00000087377, 1.6357939279, 0.981686702482, 1.65101106191, 0.926648477398, 5.26916808104, 1.13608264616, 0.936602178211, 4.16765500661, 4.77644468916, 0.944057136771, 2.25968315292, 1.01974882528, 1.09000023974, 1.09054316455, 1.04986318045, 1.04689345917, 5.61209314728, 1.124817283, 0.807516854069, 881.927891936, 1.18370160362, 2.28806355017, 1.04724710812, 1.02658111597, 1.12533874044, 569.734640495, 17.0681327939, 2837.29615164, 3.48525469169
3.87635385187, 1.00000023391, 1.02882191218, 0.824543718927, 3.81196326025, 0.782657342406, 4.05024624555, 1.00148137803, 0.925460260357, 5.8525442556, 6.14311458287, 1.1886812447, 1.16035172527, 0.995758240072, 1.09000057165, 1.01738159141, 1.046086887, 1.19435744497, 9.56780226481, 1.00379633471, 0.908626465498, 353.050790661, 1.01501003806, 2.35250150031, 0.96921733764, 3.81251532099, 1.29594869024, 330.876929434, 14.9371057536, 1397.20130318, 5.36193029491
3.59682649917, 1.00000093679, 1.45631665189, 0.984605553732, 5.67094712348, 0.993050080298, 1.39461343391, 1.04733012609, 0.923858987881, 5.77117525027, 5.6112699483, 0.934908619357, 4.04539702447, 1.18296997876, 1.09000057514, 1.02362317141, 1.01928911692, 0.978134008319, 4.40437864254, 1.01657715679, 0.945817087714, 10.0631940679, 0.948088500049, 1.40652040313, 1.00232773507, 1.06365621742, 1.1992564647, 327.160544082, 14.8098285986, 1262.95103729, 6.97050938338
5.69242814201, 1.0000002904, 1.00391620347, 0.873171504241, 5.0715483077, 0.863615212411, 1.8410056335, 1.10684322536, 0.963163692113, 6.05658608636, 5.94400795497, 1.19186934015, 2.9839811955, 1.2022823282, 1.0900008152, 1.08860520196, 1.02564392809, 0.821148005235, 8.44359878573, 0.931284228191, 0.816182895995, 91.7472702303, 1.09443631769, 2.67011089682, 1.1147296068, 1.82629262078, 1.15865678799, 317.439807816, 17.9544130084, 2601.82536899, 2.68096514745
4.97211229905, 1.0000002357, 1.30901060636, 1.04266698682, 2.29136617596, 0.841413312227, 4.08462129281, 1.07746458349, 0.962321334513, 4.7269045724, 4.70498757371, 0.826549864687, 2.13443636369, 0.998123795523, 1.0900006486, 1.04750213582, 1.03894842229, 1.03610002072, 3.03841137305, 1.00171665597, 0.913025862228, 713.624723747, 0.959976482418, 3.12986518129, 1.10142526746, 4.95302867064, 1.25532732707, 1317.38904454, 47.9399649144, 19921.218418, 0.268096514745
3.33934808818, 1.00000015544, 1.5333337653, 1.05124099689, 5.30681012365, 0.972796249335, 2.02054252857, 1.08561597165, 0.976685598582, 5.53829386056, 4.7986059217, 1.01597914233, 3.05109468029, 1.04621145353, 1.09000086596, 1.03002399937, 1.02593138729, 1.13423321692, 5.35664157691, 1.14471009138, 0.878847380563, 430.017572869, 0.979885791892, 4.02118941769, 1.19575581754, 3.13770327675, 0.890303592781, 299.515291618, 16.9184654795, 1615.10223808, 3.75335120643
3.40930995737, 1.00000076704, 1.13087432413, 0.89516489509, 4.42806116121, 0.833382343712, 2.54942728554, 1.12092899296, 0.96289958353, 4.53437048567, 5.8810662852, 1.0185435536, 2.48908214475, 1.00675846043, 1.09000054543, 1.08539011207, 1.00408827868, 1.2009981344, 4.58751632434, 1.01401933425, 0.934549410842, 287.001544753, 1.10562440778, 4.11749238467, 1.14860166064, 2.26090345891, 1.10250739945, 1028.35269861, 29.0402617959, 5459.25891643, 0.536193029491
2.05728412901, 1.00000054874, 1.24719235593, 1.09122990934, 6.45285408289, 0.761618502047, 3.20137624362, 1.08217071552, 0.980153088303, 2.73438676494, 5.62575231931, 0.890452822812, 1.34433694547, 0.927800169865, 1.09000079871, 1.01092230552, 1.02244836995, 0.824512014501, 3.77932027696, 0.935988798165, 0.826137920663, 93.8258812595, 0.997100431854, 1.47509894149, 1.0346034614, 4.28378398961, 0.994970230198, 614.013071297, 18.1049832363, 2233.51105587, 3.21715817694
2.2362498868, 1.00000074301, 1.1380847165, 0.885020686112, 3.54987732762, 0.735639202577, 5.39746706661, 1.20409805961, 0.936602178211, 2.19593624074, 5.74162350536, 1.05823782283, 4.65957633508, 1.05100358337, 1.09000098243, 1.00844170037, 1.02235751351, 0.969169119278, 6.41588066566, 1.15419398056, 0.894786469717, 490.101963864, 1.02674189213, 1.22744779605, 0.957583538584, 5.24440575658, 1.15939997129, 424.995206156, 19.0254202877, 5869.72427196, 2.41286863271
3.45055570678, 1.00000072824, 1.1380847165, 1.10458566413, 2.17561625104, 0.89500078297, 4.27938499014, 1.06032152603, 0.972125061611, 3.14878707667, 4.9842619646, 0.894359661531, 2.01225170267, 1.204494926, 1.09000078333, 1.07614572452, 1.00127211235, 0.96921226674, 5.21975118484, 0.927158961514, 0.763868088593, 592.420359235, 1.11083946629, 1.36250527505, 1.11494079412, 1.2900310445, 0.908035299536, 316.269128037, 18.0967058641, 9640.9240373, 2.68096514745
1.71586991311, 1.00000089165, 1.19729550134, 0.802215843482, 4.03084029675, 0.753455059046, 1.59832162111, 1.21377595417, 0.919801175358, 2.00393307467, 5.98619448247, 1.20346176587, 1.84225327415, 1.25245757475, 1.09000018487, 1.04754477605, 1.03173000481, 1.04953480138, 5.24519164107, 0.928771894275, 0.894573252629, 799.204571799, 1.19259240474, 3.74239385736, 0.997571505336, 5.45485370064, 0.921082609832, 2672.31024565, 55.8655361572, 8168.45347718, 0.268096514745
3.45055570678, 1.00000072824, 1.42152226318, 1.10458566413, 3.52465356576, 0.89500078297, 4.78185720378, 1.12064341397, 0.972125061611, 3.14878707667, 4.9842619646, 0.894359661531, 2.01225170267, 0.818331974796, 1.09000078333, 1.07614572452, 1.00127211235, 0.96921226674, 5.21975118484, 0.949143360519, 0.780879041806, 592.420359235, 1.04567461022, 1.36250527505, 1.11494079412, 1.2900310445, 1.29127257435, 2175.9678988, 40.2546655812, 30891.3643875, 0.268096514745
1.30307687303, 1.0000000727, 1.30110864716, 0.897819076518, 3.19620178925, 0.745187456348, 3.74510670566, 1.06674048752, 0.908891608369, 4.37225532738, 6.05119031383, 0.999288637142, 4.31174362936, 1.28850419023, 1.09000002431, 1.09688663199, 1.02005374219, 0.991096775078, 3.88074677442, 1.01892862263, 0.967062695601, 827.319781223, 1.05431596497, 2.03925755682, 0.963407351778, 4.44986254441, 0.949967386188, 1894.99080327, 29.8333691136, 7919.98957596, 0.536193029491
5.69242814201, 1.0000002904, 1.06413243078, 0.873171504241, 5.0715483077, 0.863615212411, 1.8410056335, 1.10684322536, 0.963163692113, 5.55851129845, 5.94400795497, 1.19186934015, 2.9839811955, 1.2022823282, 1.0900008152, 1.08860520196, 1.02564392809, 0.821148005235, 8.44359878573, 0.942900733104, 0.816182895995, 91.7472702303, 1.09443631769, 2.67011089682, 1.1147296068, 1.82629262078, 1.15865678799, 408.221549031, 18.6121621374, 1049.17452645, 3.21715817694
1.19452979368, 1.00000071266, 1.63511616488, 1.03449022556, 6.02188278218, 0.968494883243, 4.94530327212, 1.23996577104, 0.957946584309, 4.02631492264, 5.26726370504, 0.815114324378, 3.3542214266, 1.04820961592, 1.09000081281, 1.08811054779, 1.0375086472, 1.16042518428, 9.65029489107, 0.936564321877, 0.764715203518, 119.807836193, 1.0884843865, 5.94661105723, 0.988175420936, 3.2238053904, 1.00763738634, 619.406782091, 34.9564528969, 3122.53012953, 0.804289544236
3.3463641842, 1.00000010852, 1.52371947972, 0.979931379539, 3.19776500567, 0.724516214732, 4.88163051056, 1.16950844726, 0.956387185784, 4.57454773489, 4.89546461814, 1.21254616703, 4.30696507606, 1.0825162959, 1.09000003361, 1.06608644556, 1.00064677207, 1.00841649001, 7.11396971131, 1.14344526031, 0.957773609171, 298.616895519, 1.12811692293, 2.42471880416, 1.18328012137, 5.28595977216, 0.929251150806, 512.708573909, 17.4695132455, 1208.16207378, 8.04289544236
3.43912692543, 1.00000014579, 1.63507147266, 1.17894337238, 3.60774700733, 0.96955633775, 3.76658691805, 1.25216952476, 0.937297619161, 2.89692315505, 4.68863404289, 1.0344101028, 4.83883121644, 1.23601498069, 1.09000022114, 1.01042832465, 1.03062728624, 0.813924418294, 4.6024011472, 1.17158912718, 0.79178587712, 264.890927961, 0.97244917743, 2.20512912724, 1.20541783953, 4.95462686919, 1.05760988873, 3192.37763212, 43.4407342704, 31909.976184, 0.268096514745
4.97211229905, 1.00000055592, 1.30901060636, 0.900564209121, 2.29136617596, 0.841413312227, 4.08462129281, 1.07746458349, 0.962321334513, 4.7269045724, 4.69197096934, 0.826549864687, 2.13443636369, 0.998123795523, 1.0900006486, 1.04705125697, 1.03894842229, 1.08170953778, 3.03841137305, 1.00171665597, 0.913025862228, 713.624723747, 0.959976482418, 3.12986518129, 1.10142526746, 4.95302867064, 1.25532732707, 398.949019953, 16.874117564, 4629.32116446, 5.63002680965
2.70189882302, 1.00000020167, 1.72224724996, 0.987919189894, 1.68290767004, 0.954875631189, 3.93017462999, 1.25937169645, 0.953855219628, 2.58960850817, 4.78777534659, 0.822659704133, 2.28299340483, 0.936062686097, 1.09000067457, 1.08597205432, 1.04934273013, 1.09782706517, 3.32723382359, 0.972165189877, 0.958235454952, 972.822161679, 1.05225542793, 4.73022338468, 1.04460724352, 1.52400605605, 1.12759543402, 478.341781252, 16.9378043237, 2818.04179218, 5.36193029491
4.58137639468, 1.00000093355, 1.58525405426, 0.862613653411, 7.06481972673, 0.888912681186, 5.77502567656, 1.01020349947, 0.987283085584, 3.71973794888, 5.8769045416, 1.07595355499, 1.35086115312, 0.993630049041, 1.09000037073, 1.02488781302, 1.04539814764, 0.815857456791, 6.60477520613, 1.12389355231, 0.961994227961, 660.609140449, 0.917240411069, 5.17499509299, 1.23898341142, 1.05362608861, 0.971180936505, 3891.76074469, 46.9768154228, 24314.5919328, 0.268096514745
1.67638758579, 1.00000068485, 1.49567435078, 0.843914555557, 1.65229913535, 0.958634067859, 2.03214848201, 1.0492491261, 0.91966451308, 3.23505766904, 5.66080179855, 0.924059219954, 2.31434072315, 0.881789875258, 1.09000008313, 1.02184065175, 1.04236632496, 1.07227410758, 7.32766200278, 1.0184029129, 0.991538712581, 362.963260053, 0.978130352675, 1.04681463937, 1.09772055518, 2.73789531881, 0.90733930643, 4327.40428218, 50.0295008897, 10356.2259605, 0.268096514745
3.54547988751, 1.00000017445, 1.32437618672, 1.2181710093, 2.53543415062, 0.851945324835, 2.47287046245, 1.13101333882, 0.990600519265, 5.68000356527, 5.63886928123, 0.822150172146, 2.58789196208, 1.21395779908, 1.09000006256, 1.02928351327, 1.02063008753, 1.09651525148, 6.58427115372, 1.00856249177, 0.959606541826, 420.270700073, 1.11091534966, 2.35476757054, 1.01204274904, 5.29896378887, 1.06900687852, 419.284725775, 23.5889888781, 4125.65919588, 1.87667560322
