3.0, 2.0, -1.0, -1.0, 1.0, 1.0, -1.0, 2.0, 3.0, 2.0, -1.0, 0.0, 1.0, 0.0, -1.0, 0.0, -1.0, -1.0, 1.0, 1.0, 0.0, 2.0, -1.0, 0.0, 0.0, -1.0, 0.0, -1.0, 0.0, -1.0, -1.0, -1.0, -1.0, 3.0, 3.0, -1.0, -1.0, 0.0, 2.0, 2.0, 2.0, 2.0, -1.0, 0.0, 1.0, 0.0, 1.0, -1.0, 1.0, 1.0, 97643.0, 476.0, 99589.0
3.0, 2.0, -1.0, -1.0, 1.0, 1.0, -1.0, 2.0, 3.0, 2.0, -1.0, 0.0, 1.0, 0.0, -1.0, 0.0, -1.0, -1.0, 1.0, 1.0, 0.0, 2.0, -1.0, 0.0, 0.0, -1.0, 0.0, -1.0, 0.0, -1.0, -1.0, -1.0, -1.0, 3.0, 3.0, -1.0, -1.0, 0.0, 2.0, 2.0, 2.0, 2.0, -1.0, 0.0, 1.0, 0.0, 1.0, -1.0, 1.0, 1.0, 97643.0, 476.0, 99589.0
3.0, 2.0, 1.0, 1.0, 2.0, 2.0, 2.0, -1.0, 0.0, 3.0, 2.0, 2.0, 1.0, 3.0, -1.0, 0.0, 3.0, 3.0, 2.0, 3.0, 3.0, 0.0, 2.0, -1.0, 3.0, 1.0, -1.0, 0.0, 3.0, 0.0, 1.0, -1.0, 0.0, 0.0, 1.0, 0.0, 2.0, 2.0, 0.0, -1.0, 1.0, -1.0, 3.0, 0.0, 1.0, 1.0, 2.0, 1.0, 1.0, 1.0, 96937.0, 620.0, 99437.0
1.0, 2.0, 2.0, 0.0, 2.0, -1.0, 2.0, 0.0, -1.0, 1.0, 0.0, 1.0, -1.0, -1.0, -1.0, 0.0, 2.0, -1.0, -1.0, 3.0, -1.0, 1.0, -1.0, 0.0, 1.0, -1.0, -1.0, -1.0, 2.0, 1.0, -1.0, 1.0, -1.0, -1.0, 2.0, 0.0, 1.0, 2.0, 1.0, 2.0, 0.0, 0.0, 3.0, -1.0, 2.0, 0.0, 1.0, 0.0, 3.0, -1.0, 97223.0, 494.0, 99547.0
1.0, 2.0, 2.0, 0.0, 2.0, -1.0, 2.0, 0.0, -1.0, 1.0, 0.0, 1.0, -1.0, -1.0, -1.0, 0.0, 2.0, -1.0, -1.0, 3.0, -1.0, 1.0, -1.0, 0.0, 1.0, -1.0, -1.0, -1.0, 2.0, 1.0, -1.0, 1.0, -1.0, -1.0, 2.0, 0.0, 1.0, 2.0, 1.0, 2.0, 0.0, 0.0, 3.0, -1.0, 2.0, 0.0, 1.0, 0.0, 3.0, -1.0, 97223.0, 494.0, 99547.0
1.0, 2.0, 2.0, 0.0, 2.0, -1.0, 2.0, 0.0, -1.0, 1.0, 0.0, 1.0, -1.0, -1.0, -1.0, 0.0, 2.0, -1.0, -1.0, 3.0, -1.0, 1.0, -1.0, 0.0, 1.0, -1.0, -1.0, -1.0, 2.0, 1.0, -1.0, 1.0, -1.0, -1.0, 2.0, 0.0, 1.0, 2.0, 1.0, 2.0, 0.0, 0.0, 3.0, -1.0, 2.0, 0.0, 1.0, 0.0, 3.0, -1.0, 97223.0, 494.0, 99547.0
1.0, 2.0, 2.0, 0.0, 2.0, -1.0, 2.0, 0.0, -1.0, 1.0, 0.0, 1.0, -1.0, -1.0, -1.0, 0.0, 2.0, -1.0, -1.0, 3.0, -1.0, 1.0, -1.0, 0.0, 1.0, -1.0, -1.0, -1.0, 2.0, 1.0, -1.0, 1.0, -1.0, -1.0, 2.0, 0.0, 1.0, 2.0, 1.0, 2.0, 0.0, 0.0, 3.0, -1.0, 2.0, 0.0, 1.0, 0.0, 3.0, -1.0, 97223.0, 494.0, 99547.0
1.0, 2.0, 2.0, 0.0, 2.0, -1.0, 2.0, 0.0, -1.0, 1.0, 0.0, 1.0, -1.0, -1.0, -1.0, 0.0, 2.0, -1.0, -1.0, 3.0, -1.0, 1.0, -1.0, 0.0, 1.0, -1.0, -1.0, -1.0, 2.0, 1.0, -1.0, 1.0, -1.0, -1.0, 2.0, 0.0, 1.0, 2.0, 1.0, 2.0, 0.0, 0.0, 3.0, -1.0, 2.0, 0.0, 1.0, 0.0, 3.0, -1.0, 97223.0, 494.0, 99547.0
1.0, 2.0, 2.0, 0.0, 2.0, -1.0, 2.0, 0.0, -1.0, 1.0, 0.0, 1.0, -1.0, -1.0, -1.0, 0.0, 2.0, -1.0, -1.0, 3.0, -1.0, 1.0, -1.0, 0.0, 1.0, -1.0, -1.0, -1.0, 2.0, 1.0, -1.0, 1.0, -1.0, -1.0, 2.0, 0.0, 1.0, 2.0, 1.0, 2.0, 0.0, 0.0, 3.0, -1.0, 2.0, 0.0, 1.0, 0.0, 3.0, -1.0, 97223.0, 494.0, 99547.0
1.0, 2.0, 2.0, 0.0, 2.0, -1.0, 2.0, 0.0, -1.0, 1.0, 0.0, 1.0, -1.0, -1.0, -1.0, 0.0, 2.0, -1.0, -1.0, 3.0, -1.0, 1.0, -1.0, 0.0, 1.0, -1.0, -1.0, -1.0, 2.0, 1.0, -1.0, 1.0, -1.0, -1.0, 2.0, 0.0, 1.0, 2.0, 1.0, 2.0, 0.0, 0.0, 3.0, -1.0, 2.0, 0.0, 1.0, 0.0, 3.0, -1.0, 97223.0, 494.0, 99547.0
0.0, 2.0, 3.0, 3.0, 2.0, -1.0, 1.0, 3.0, 3.0, -1.0, 2.0, 1.0, 3.0, 0.0, 2.0, 1.0, 2.0, -1.0, 1.0, 0.0, 3.0, 0.0, 3.0, 0.0, -1.0, 1.0, 0.0, 1.0, 2.0, -1.0, 2.0, 2.0, -1.0, 2.0, -1.0, 3.0, 0.0, -1.0, 0.0, 3.0, 3.0, 2.0, 3.0, 1.0, 1.0, 2.0, 1.0, 0.0, 1.0, 0.0, 97020.0, 610.0, 99434.0
0.0, 2.0, 3.0, 3.0, 2.0, -1.0, 1.0, 3.0, 3.0, -1.0, 2.0, 1.0, 3.0, 0.0, 2.0, 1.0, 2.0, -1.0, 1.0, 0.0, 3.0, 0.0, 3.0, 0.0, -1.0, 1.0, 0.0, 1.0, 2.0, -1.0, 2.0, 2.0, -1.0, 2.0, -1.0, 3.0, 0.0, -1.0, 0.0, 3.0, 3.0, 2.0, 3.0, 1.0, 1.0, 2.0, 1.0, 0.0, 1.0, 0.0, 97020.0, 610.0, 99434.0
0.0, 2.0, 3.0, 3.0, 2.0, -1.0, 1.0, 3.0, 3.0, -1.0, 2.0, 1.0, 3.0, 0.0, 2.0, 1.0, 2.0, -1.0, 1.0, 0.0, 3.0, 0.0, 3.0, 0.0, -1.0, 1.0, 0.0, 1.0, 2.0, -1.0, 2.0, 2.0, -1.0, 2.0, -1.0, 3.0, 0.0, -1.0, 0.0, 3.0, 3.0, 2.0, 3.0, 1.0, 1.0, 2.0, 1.0, 0.0, 1.0, 0.0, 97020.0, 610.0, 99434.0
0.0, 2.0, 3.0, 3.0, 2.0, -1.0, 1.0, 3.0, 3.0, -1.0, 2.0, 1.0, 3.0, 0.0, 2.0, 1.0, 2.0, -1.0, 1.0, 0.0, 3.0, 0.0, 3.0, 0.0, -1.0, 1.0, 0.0, 1.0, 2.0, -1.0, 2.0, 2.0, -1.0, 2.0, -1.0, 3.0, 0.0, -1.0, 0.0, 3.0, 3.0, 2.0, 3.0, 1.0, 1.0, 2.0, 1.0, 0.0, 1.0, 0.0, 97020.0, 610.0, 99434.0
-1.0, 0.0, 2.0, -1.0, 2.0, 3.0, 1.0, 2.0, 3.0, 1.0, 0.0, -1.0, 3.0, -1.0, 0.0, 2.0, 0.0, 3.0, 0.0, -1.0, 0.0, 2.0, 2.0, -1.0, -1.0, 1.0, -1.0, 0.0, 1.0, 2.0, -1.0, 0.0, 2.0, 0.0, -1.0, -1.0, 3.0, -1.0, 1.0, 2.0, 3.0, 1.0, 0.0, 2.0, 0.0, -1.0, -1.0, -1.0, 1.0, 3.0, 97564.0, 513.0, 99541.0
1.0, 0.0, -1.0, -1.0, -1.0, 1.0, -1.0, -1.0, -1.0, -1.0, 3.0, 0.0, 3.0, 0.0, -1.0, -1.0, 0.0, 3.0, 1.0, 2.0, 0.0, 0.0, 3.0, 3.0, 1.0, 2.0, -1.0, 1.0, 0.0, -1.0, 0.0, 2.0, 3.0, 2.0, 0.0, 0.0, 2.0, 2.0, 2.0, 2.0, -1.0, 2.0, 1.0, 0.0, 2.0, 1.0, 1.0, 3.0, 0.0, -1.0, 97267.0, 530.0, 99496.0
-1.0, 0.0, 0.0, 2.0, 3.0, 3.0, 3.0, 3.0, 3.0, -1.0, 0.0, 2.0, 2.0, -1.0, -1.0, 1.0, 0.0, 0.0, 2.0, -1.0, 2.0, 0.0, -1.0, 0.0, 2.0, 0.0, -1.0, 2.0, 1.0, 1.0, 1.0, 2.0, 2.0, 3.0, 2.0, 3.0, 0.0, 2.0, 1.0, 2.0, 0.0, 1.0, -1.0, -1.0, 0.0, 1.0, -1.0, 1.0, 1.0, 3.0, 96964.0, 573.0, 99465.0
-1.0, 0.0, 0.0, 2.0, 3.0, 3.0, 3.0, 3.0, 3.0, -1.0, 0.0, 2.0, 2.0, -1.0, -1.0, 1.0, 0.0, 0.0, 2.0, -1.0, 2.0, 0.0, -1.0, 0.0, 2.0, 0.0, -1.0, 2.0, 1.0, 1.0, 1.0, 2.0, 2.0, 3.0, 2.0, 3.0, 0.0, 2.0, 1.0, 2.0, 0.0, 1.0, -1.0, -1.0, 0.0, 1.0, -1.0, 1.0, 1.0, 3.0, 96964.0, 573.0, 99465.0
-1.0, 0.0, 0.0, 2.0, 3.0, 3.0, 3.0, 3.0, 3.0, -1.0, 0.0, 2.0, 2.0, -1.0, -1.0, 1.0, 0.0, 0.0, 2.0, -1.0, 2.0, 0.0, -1.0, 0.0, 2.0, 0.0, -1.0, 2.0, 1.0, 1.0, 1.0, 2.0, 2.0, 3.0, 2.0, 3.0, 0.0, 2.0, 1.0, 2.0, 0.0, 1.0, -1.0, -1.0, 0.0, 1.0, -1.0, 1.0, 1.0, 3.0, 96964.0, 573.0, 99465.0
-1.0, 0.0, 0.0, 2.0, 3.0, 3.0, 3.0, 3.0, 3.0, -1.0, 0.0, 2.0, 2.0, -1.0, -1.0, 1.0, 0.0, 0.0, 2.0, -1.0, 2.0, 0.0, -1.0, 0.0, 2.0, 0.0, -1.0, 2.0, 1.0, 1.0, 1.0, 2.0, 2.0, 3.0, 2.0, 3.0, 0.0, 2.0, 1.0, 2.0, 0.0, 1.0, -1.0, -1.0, 0.0, 1.0, -1.0, 1.0, 1.0, 3.0, 96964.0, 573.0, 99465.0
-1.0, 0.0, 0.0, 2.0, 3.0, 3.0, 3.0, 3.0, 3.0, -1.0, 0.0, 2.0, 2.0, -1.0, -1.0, 1.0, 0.0, 0.0, 2.0, -1.0, 2.0, 0.0, -1.0, 0.0, 2.0, 0.0, -1.0, 2.0, 1.0, 1.0, 1.0, 2.0, 2.0, 3.0, 2.0, 3.0, 0.0, 2.0, 1.0, 2.0, 0.0, 1.0, -1.0, -1.0, 0.0, 1.0, -1.0, 1.0, 1.0, 3.0, 96964.0, 573.0, 99465.0
-1.0, 0.0, 0.0, 2.0, 3.0, 3.0, 3.0, 3.0, 3.0, -1.0, 0.0, 2.0, 2.0, -1.0, -1.0, 1.0, 0.0, 0.0, 2.0, 3.0, 2.0, 0.0, -1.0, 0.0, 2.0, 0.0, -1.0, 2.0, 1.0, 1.0, 1.0, 2.0, 2.0, 3.0, 2.0, 3.0, 0.0, 2.0, 1.0, 2.0, 0.0, 1.0, -1.0, -1.0, 0.0, 1.0, -1.0, 1.0, 1.0, 3.0, 96959.0, 589.0, 99459.0
-1.0, 3.0, 0.0, 2.0, 3.0, 2.0, -1.0, 1.0, 1.0, 0.0, -1.0, 3.0, 2.0, 2.0, -1.0, 1.0, 1.0, 1.0, 2.0, -1.0, -1.0, 3.0, 2.0, 0.0, -1.0, 0.0, 3.0, 0.0, 2.0, -1.0, 0.0, 1.0, 1.0, 1.0, 3.0, 0.0, 1.0, 2.0, 2.0, 1.0, 0.0, 0.0, 3.0, 2.0, -1.0, 0.0, 0.0, 2.0, 3.0, 1.0, 97045.0, 604.0, 99442.0
-1.0, 3.0, 0.0, 2.0, 3.0, 2.0, -1.0, 1.0, 1.0, 0.0, -1.0, 3.0, 2.0, 2.0, -1.0, 1.0, 1.0, 1.0, 2.0, -1.0, -1.0, 3.0, 2.0, 0.0, -1.0, 0.0, 3.0, 0.0, 2.0, -1.0, 0.0, 1.0, 1.0, 1.0, 3.0, 0.0, 1.0, 2.0, 2.0, 1.0, 0.0, 0.0, 3.0, 2.0, -1.0, 0.0, 0.0, 2.0, 3.0, 1.0, 97045.0, 604.0, 99442.0
-1.0, 3.0, 0.0, 2.0, 3.0, 2.0, -1.0, 1.0, 1.0, 0.0, -1.0, 3.0, 2.0, 2.0, -1.0, 1.0, 1.0, 1.0, 2.0, -1.0, -1.0, 3.0, 2.0, 0.0, -1.0, 0.0, 3.0, 0.0, 2.0, -1.0, 0.0, 1.0, 1.0, 1.0, 3.0, 0.0, 1.0, 2.0, 2.0, 1.0, 0.0, 0.0, 3.0, 2.0, -1.0, 0.0, 0.0, 2.0, 3.0, 1.0, 97045.0, 604.0, 99442.0
-1.0, 3.0, 0.0, 2.0, 3.0, 2.0, -1.0, 1.0, 1.0, 0.0, -1.0, 3.0, 2.0, 2.0, -1.0, 1.0, 1.0, 1.0, 2.0, -1.0, -1.0, 3.0, 2.0, 0.0, -1.0, 0.0, 3.0, 0.0, 2.0, -1.0, 0.0, 1.0, 1.0, 1.0, 3.0, 0.0, 1.0, 2.0, 2.0, 1.0, 0.0, 0.0, 3.0, 2.0, -1.0, 0.0, 0.0, 2.0, 3.0, 1.0, 97045.0, 604.0, 99442.0
-1.0, 3.0, 0.0, 2.0, 3.0, 2.0, -1.0, 1.0, 1.0, 0.0, -1.0, 3.0, 2.0, 2.0, -1.0, 1.0, 1.0, 1.0, 2.0, -1.0, -1.0, 3.0, 2.0, 0.0, -1.0, 0.0, 3.0, 0.0, 2.0, -1.0, 0.0, 1.0, 1.0, 1.0, 3.0, 0.0, 1.0, 2.0, 2.0, 1.0, 0.0, 0.0, 3.0, 2.0, -1.0, 0.0, 0.0, 2.0, 3.0, 1.0, 97045.0, 604.0, 99442.0
-1.0, 3.0, 0.0, 2.0, 3.0, 2.0, -1.0, 1.0, 1.0, 0.0, -1.0, 3.0, 2.0, 2.0, -1.0, 1.0, 1.0, 1.0, 2.0, -1.0, -1.0, 3.0, 2.0, 0.0, -1.0, 0.0, 3.0, 0.0, 2.0, -1.0, 0.0, 1.0, 1.0, 1.0, 3.0, 0.0, 1.0, 2.0, 2.0, 1.0, 0.0, 0.0, 3.0, 2.0, -1.0, 0.0, 0.0, 2.0, 3.0, 1.0, 97045.0, 604.0, 99442.0
3.0, 2.0, -1.0, -1.0, 1.0, 1.0, -1.0, 2.0, 1.0, 2.0, -1.0, 0.0, 1.0, 0.0, -1.0, 0.0, -1.0, -1.0, 1.0, 1.0, 3.0, 2.0, -1.0, 0.0, 0.0, -1.0, 0.0, -1.0, 0.0, 1.0, -1.0, -1.0, -1.0, 3.0, 3.0, -1.0, -1.0, 0.0, 2.0, 2.0, 2.0, 2.0, -1.0, 0.0, 1.0, 0.0, 1.0, -1.0, 1.0, 1.0, 97597.0, 493.0, 99578.0
3.0, 2.0, -1.0, -1.0, 1.0, 1.0, -1.0, 2.0, 1.0, 2.0, -1.0, 0.0, 1.0, 0.0, -1.0, 0.0, -1.0, -1.0, 1.0, 1.0, 3.0, 2.0, -1.0, 0.0, 0.0, -1.0, 0.0, -1.0, 0.0, 1.0, -1.0, -1.0, -1.0, 3.0, 3.0, -1.0, -1.0, 0.0, 2.0, 2.0, 2.0, 2.0, -1.0, 0.0, 1.0, 0.0, 1.0, -1.0, 1.0, 1.0, 97597.0, 493.0, 99578.0
1.0, 3.0, 3.0, 2.0, 0.0, 0.0, 2.0, 2.0, -1.0, -1.0, 0.0, -1.0, 2.0, 2.0, -1.0, 1.0, 1.0, 0.0, 1.0, -1.0, -1.0, 1.0, 3.0, -1.0, 0.0, 2.0, -1.0, 3.0, 3.0, 3.0, 2.0, 1.0, 3.0, -1.0, 0.0, -1.0, -1.0, 2.0, 3.0, 2.0, 3.0, 0.0, 2.0, -1.0, 0.0, 0.0, 1.0, 0.0, 0.0, 1.0, 97043.0, 571.0, 99470.0
-1.0, 1.0, 0.0, 2.0, 2.0, 0.0, 0.0, -1.0, 1.0, 2.0, 2.0, 3.0, -1.0, -1.0, -1.0, 0.0, 1.0, -1.0, 0.0, -1.0, 3.0, 1.0, 2.0, -1.0, 1.0, 3.0, 3.0, 1.0, 2.0, -1.0, -1.0, 2.0, 1.0, 1.0, 0.0, 3.0, -1.0, 1.0, -1.0, 1.0, 0.0, -1.0, 2.0, 1.0, 0.0, 1.0, 0.0, 0.0, -1.0, 2.0, 97249.0, 521.0, 99522.0
-1.0, 1.0, 0.0, 2.0, 2.0, 0.0, 0.0, -1.0, 1.0, 2.0, 2.0, 3.0, -1.0, -1.0, -1.0, 0.0, 1.0, -1.0, 0.0, -1.0, 3.0, 1.0, 2.0, -1.0, 1.0, 3.0, 3.0, 1.0, 2.0, -1.0, -1.0, 2.0, 1.0, 1.0, 0.0, 3.0, -1.0, 1.0, -1.0, 1.0, 0.0, -1.0, 2.0, 1.0, 0.0, 1.0, 0.0, 0.0, -1.0, 2.0, 97249.0, 521.0, 99522.0
-1.0, 1.0, 0.0, 2.0, 2.0, 0.0, 0.0, -1.0, 1.0, 2.0, 2.0, 3.0, -1.0, -1.0, -1.0, 0.0, 1.0, -1.0, 0.0, -1.0, 3.0, 1.0, 2.0, -1.0, 1.0, 3.0, 3.0, 1.0, 2.0, -1.0, -1.0, 2.0, 1.0, 1.0, 0.0, 3.0, -1.0, 1.0, -1.0, 1.0, 0.0, -1.0, 2.0, 1.0, 0.0, 1.0, 0.0, 0.0, -1.0, 2.0, 97249.0, 521.0, 99522.0
-1.0, 1.0, 0.0, 2.0, 2.0, 0.0, 0.0, -1.0, 1.0, 2.0, 2.0, 3.0, -1.0, -1.0, -1.0, 0.0, 1.0, -1.0, 0.0, -1.0, 3.0, 1.0, 2.0, -1.0, 1.0, 3.0, 3.0, 1.0, 2.0, -1.0, -1.0, 2.0, 1.0, 1.0, 0.0, 3.0, -1.0, 1.0, -1.0, 1.0, 0.0, -1.0, 2.0, 1.0, 0.0, 1.0, 0.0, 0.0, -1.0, 2.0, 97249.0, 521.0, 99522.0
-1.0, 1.0, 0.0, 2.0, 2.0, 0.0, 0.0, -1.0, 1.0, 2.0, 2.0, 3.0, -1.0, -1.0, -1.0, 0.0, 1.0, -1.0, 0.0, -1.0, 3.0, 1.0, 2.0, -1.0, 1.0, 3.0, 3.0, 1.0, 2.0, -1.0, -1.0, 2.0, 1.0, 1.0, 0.0, 3.0, -1.0, 1.0, -1.0, 1.0, 0.0, -1.0, 2.0, 1.0, 0.0, 1.0, 0.0, 0.0, -1.0, 2.0, 97249.0, 521.0, 99522.0
-1.0, 1.0, 0.0, 2.0, 2.0, 0.0, 0.0, -1.0, 1.0, 2.0, 2.0, 3.0, -1.0, -1.0, -1.0, 0.0, 1.0, -1.0, 0.0, -1.0, 3.0, 1.0, 2.0, -1.0, 1.0, 3.0, 3.0, 1.0, 2.0, -1.0, -1.0, 2.0, 1.0, 1.0, 0.0, 3.0, -1.0, 1.0, -1.0, 1.0, 0.0, -1.0, 2.0, 1.0, 0.0, 1.0, 0.0, 0.0, -1.0, 2.0, 97249.0, 521.0, 99522.0
-1.0, 1.0, 0.0, 2.0, 2.0, 0.0, 0.0, -1.0, 1.0, 2.0, 2.0, 3.0, -1.0, -1.0, -1.0, 0.0, 1.0, -1.0, 0.0, -1.0, 3.0, 1.0, 2.0, -1.0, 1.0, 3.0, 3.0, 1.0, 2.0, -1.0, -1.0, 2.0, 1.0, 1.0, 0.0, 3.0, -1.0, 1.0, -1.0, 1.0, 0.0, -1.0, 2.0, 1.0, 0.0, 1.0, 0.0, 0.0, -1.0, 2.0, 97249.0, 521.0, 99522.0
-1.0, 1.0, 0.0, 2.0, 2.0, 0.0, 0.0, -1.0, 1.0, 2.0, 2.0, 3.0, -1.0, -1.0, -1.0, 0.0, 1.0, -1.0, 0.0, -1.0, 3.0, 1.0, 2.0, -1.0, 1.0, 3.0, 3.0, 1.0, 2.0, -1.0, -1.0, 2.0, 1.0, 1.0, 0.0, 3.0, -1.0, 1.0, -1.0, 1.0, 0.0, -1.0, 2.0, 1.0, 0.0, 1.0, 0.0, 0.0, -1.0, 2.0, 97249.0, 521.0, 99522.0
3.0, 2.0, -1.0, -1.0, 1.0, 1.0, -1.0, 2.0, 1.0, 2.0, -1.0, 0.0, 1.0, 2.0, -1.0, 0.0, -1.0, -1.0, 1.0, 1.0, 3.0, 2.0, -1.0, 0.0, 0.0, -1.0, 0.0, -1.0, 0.0, 1.0, -1.0, -1.0, -1.0, 3.0, 3.0, -1.0, -1.0, 0.0, 2.0, 2.0, 2.0, 2.0, -1.0, 0.0, 1.0, 0.0, 1.0, -1.0, 1.0, 1.0, 97623.0, 493.0, 99578.0
-1.0, 0.0, 2.0, -1.0, 2.0, 3.0, 1.0, 2.0, 3.0, 1.0, 0.0, -1.0, 3.0, -1.0, 0.0, 2.0, 0.0, 3.0, 0.0, -1.0, 0.0, 2.0, 2.0, -1.0, -1.0, 1.0, -1.0, 0.0, 1.0, 2.0, -1.0, 0.0, 2.0, 0.0, -1.0, -1.0, 3.0, -1.0, 1.0, 2.0, 3.0, 1.0, 0.0, 2.0, 0.0, 1.0, -1.0, -1.0, 1.0, 3.0, 97443.0, 528.0, 99522.0
1.0, 2.0, 2.0, -1.0, 2.0, -1.0, 2.0, 0.0, -1.0, 1.0, 0.0, 1.0, -1.0, -1.0, -1.0, 0.0, 2.0, -1.0, -1.0, 3.0, -1.0, 1.0, -1.0, 0.0, 1.0, -1.0, -1.0, -1.0, 2.0, 1.0, -1.0, 1.0, -1.0, -1.0, 2.0, 0.0, 1.0, 2.0, 1.0, 2.0, 0.0, 0.0, 3.0, 2.0, 2.0, 0.0, 1.0, 0.0, 3.0, -1.0, 97289.0, 494.0, 99553.0
-1.0, 1.0, -1.0, 3.0, -1.0, 3.0, 0.0, -1.0, 1.0, -1.0, -1.0, 2.0, -1.0, 0.0, -1.0, -1.0, 3.0, 1.0, -1.0, 0.0, 1.0, 0.0, 1.0, 0.0, 0.0, 2.0, 3.0, -1.0, 3.0, 1.0, -1.0, 2.0, 2.0, 1.0, 2.0, 1.0, 2.0, 1.0, 0.0, 2.0, 0.0, 1.0, 2.0, 0.0, 2.0, -1.0, -1.0, -1.0, 2.0, 2.0, 97672.0, 521.0, 99548.0
-1.0, 3.0, 2.0, -1.0, 0.0, 2.0, 2.0, 2.0, 1.0, 1.0, 1.0, 1.0, 0.0, -1.0, -1.0, 1.0, 3.0, 1.0, 3.0, 2.0, 3.0, -1.0, 2.0, -1.0, -1.0, 2.0, 2.0, -1.0, 0.0, -1.0, 1.0, -1.0, 1.0, 1.0, 1.0, 0.0, 0.0, 3.0, -1.0, 1.0, -1.0, 2.0, 3.0, 1.0, 3.0, 0.0, 0.0, 0.0, 3.0, 3.0, 97277.0, 543.0, 99503.0
1.0, 0.0, -1.0, -1.0, -1.0, 1.0, -1.0, -1.0, -1.0, -1.0, 3.0, 0.0, 3.0, 0.0, -1.0, -1.0, 0.0, 3.0, 1.0, 2.0, 0.0, 0.0, 3.0, 3.0, 1.0, 2.0, -1.0, 1.0, 0.0, -1.0, 0.0, 2.0, 3.0, 2.0, 0.0, 0.0, 2.0, 2.0, 2.0, 2.0, -1.0, 2.0, 1.0, 0.0, 0.0, 1.0, 3.0, 3.0, 0.0, -1.0, 97285.0, 530.0, 99496.0
-1.0, 3.0, 2.0, -1.0, 0.0, 2.0, 2.0, 2.0, 1.0, 1.0, 1.0, 1.0, 0.0, -1.0, -1.0, 1.0, 3.0, 1.0, 3.0, 2.0, 3.0, -1.0, 2.0, -1.0, -1.0, 2.0, 2.0, -1.0, 0.0, -1.0, 1.0, -1.0, 1.0, 1.0, 1.0, 0.0, 0.0, 3.0, -1.0, 1.0, -1.0, 2.0, 3.0, 1.0, 3.0, 0.0, 0.0, 0.0, 3.0, 3.0, 97277.0, 543.0, 99503.0
0.0, -1.0, 2.0, 2.0, -1.0, 0.0, -1.0, -1.0, 0.0, 1.0, 2.0, -1.0, 0.0, -1.0, 3.0, 0.0, 0.0, 1.0, 1.0, 0.0, 2.0, 1.0, 3.0, 2.0, 2.0, -1.0, -1.0, 2.0, 0.0, -1.0, 2.0, 3.0, 3.0, -1.0, 2.0, 1.0, -1.0, 1.0, 1.0, 0.0, 0.0, -1.0, 1.0, -1.0, 3.0, 2.0, -1.0, 0.0, 0.0, 3.0, 97396.0, 524.0, 99535.0
1.0, 3.0, 3.0, 2.0, 0.0, 0.0, 2.0, 2.0, -1.0, -1.0, 0.0, -1.0, 2.0, 2.0, -1.0, 1.0, 1.0, 0.0, 1.0, 1.0, -1.0, 1.0, 3.0, -1.0, 0.0, 2.0, -1.0, 3.0, 3.0, 3.0, 2.0, 1.0, 3.0, -1.0, 0.0, -1.0, -1.0, 2.0, 3.0, 2.0, 3.0, 0.0, 2.0, -1.0, 0.0, 0.0, 1.0, 0.0, 0.0, 1.0, 97030.0, 587.0, 99464.0
0.0, -1.0, 2.0, 2.0, -1.0, 0.0, -1.0, -1.0, 0.0, 1.0, 2.0, -1.0, 0.0, -1.0, 3.0, 0.0, 0.0, 1.0, 1.0, 0.0, 2.0, 1.0, 3.0, 2.0, 2.0, -1.0, -1.0, 2.0, 0.0, -1.0, 2.0, 3.0, 3.0, -1.0, 2.0, 1.0, -1.0, 1.0, 1.0, 0.0, 0.0, -1.0, 1.0, -1.0, 3.0, 2.0, -1.0, 0.0, 0.0, 3.0, 97396.0, 524.0, 99535.0
-1.0, 0.0, 0.0, 1.0, 2.0, 2.0, 2.0, 3.0, 0.0, 0.0, -1.0, -1.0, 0.0, -1.0, -1.0, 0.0, -1.0, 2.0, 2.0, -1.0, -1.0, 1.0, 3.0, 3.0, 3.0, 1.0, 3.0, 0.0, 2.0, 3.0, 1.0, 1.0, 1.0, 3.0, 2.0, 2.0, 1.0, 0.0, 3.0, 0.0, 2.0, 2.0, 1.0, 0.0, 0.0, 2.0, 1.0, 0.0, -1.0, 1.0, 96937.0, 621.0, 99448.0
3.0, 2.0, 1.0, 1.0, 2.0, -1.0, 2.0, -1.0, 0.0, 3.0, 2.0, 2.0, 1.0, 3.0, -1.0, 0.0, 3.0, 3.0, 2.0, 3.0, 3.0, 0.0, 2.0, -1.0, 3.0, 1.0, -1.0, 0.0, 2.0, 0.0, 1.0, -1.0, 0.0, 0.0, 1.0, 0.0, 2.0, 2.0, 0.0, -1.0, 1.0, -1.0, 3.0, 0.0, 1.0, 1.0, 2.0, 3.0, 1.0, 1.0, 97007.0, 602.0, 99446.0
-1.0, 3.0, -1.0, -1.0, 1.0, 0.0, 1.0, 0.0, 2.0, 0.0, 1.0, 0.0, 1.0, 1.0, -1.0, 0.0, 1.0, 0.0, 2.0, -1.0, 0.0, 1.0, 2.0, -1.0, 3.0, 3.0, -1.0, 1.0, 1.0, 3.0, 1.0, 2.0, -1.0, 2.0, 0.0, 0.0, 1.0, -1.0, -1.0, 2.0, 0.0, 3.0, -1.0, 1.0, 2.0, 2.0, 3.0, 3.0, 2.0, 2.0, 97328.0, 555.0, 99482.0
1.0, 2.0, 2.0, 0.0, 2.0, -1.0, 3.0, 2.0, 0.0, 1.0, -1.0, 0.0, 3.0, 0.0, 0.0, 2.0, 3.0, 1.0, 1.0, -1.0, -1.0, -1.0, 2.0, 3.0, 2.0, 0.0, 1.0, -1.0, 3.0, -1.0, 3.0, 1.0, 2.0, 0.0, 0.0, -1.0, 0.0, 1.0, 1.0, 3.0, 3.0, 1.0, 2.0, -1.0, 0.0, 0.0, 3.0, 3.0, 1.0, -1.0, 97036.0, 593.0, 99451.0
-1.0, 3.0, 2.0, -1.0, 0.0, 2.0, 2.0, 2.0, 1.0, 1.0, 1.0, 1.0, 0.0, -1.0, -1.0, 1.0, 3.0, 1.0, 3.0, 2.0, 3.0, -1.0, 2.0, -1.0, -1.0, 2.0, 2.0, -1.0, 0.0, 0.0, 1.0, -1.0, 1.0, 1.0, 1.0, 0.0, 0.0, 3.0, -1.0, 1.0, -1.0, 2.0, 3.0, 1.0, 3.0, 0.0, 0.0, 0.0, 3.0, 3.0, 97230.0, 560.0, 99492.0
0.0, 1.0, 1.0, 0.0, 2.0, 0.0, 0.0, 3.0, 0.0, 2.0, 3.0, 3.0, 3.0, -1.0, -1.0, 0.0, 3.0, 0.0, -1.0, 3.0, -1.0, 3.0, 1.0, 2.0, -1.0, 0.0, 1.0, 0.0, 1.0, -1.0, 2.0, -1.0, 2.0, 2.0, 1.0, -1.0, 1.0, 1.0, 0.0, 1.0, 2.0, 2.0, 1.0, -1.0, 1.0, 3.0, -1.0, 2.0, 3.0, -1.0, 97137.0, 569.0, 99475.0
1.0, 0.0, -1.0, -1.0, -1.0, 1.0, -1.0, -1.0, -1.0, -1.0, 3.0, 0.0, 3.0, 0.0, -1.0, -1.0, 0.0, 3.0, 1.0, 2.0, 0.0, 0.0, 3.0, 3.0, 1.0, 2.0, -1.0, 1.0, 0.0, -1.0, 0.0, 2.0, 3.0, 2.0, 0.0, 0.0, 2.0, 2.0, 2.0, 2.0, -1.0, 2.0, 1.0, 0.0, 2.0, 1.0, 1.0, 3.0, 0.0, 1.0, 97250.0, 549.0, 99489.0
0.0, 1.0, -1.0, 2.0, 2.0, 1.0, -1.0, -1.0, 3.0, 0.0, 3.0, 1.0, 1.0, 0.0, -1.0, -1.0, 1.0, 0.0, 3.0, 2.0, 0.0, 3.0, 3.0, 3.0, 2.0, 2.0, 1.0, 2.0, -1.0, 1.0, 3.0, 2.0, 3.0, 1.0, 0.0, 3.0, 1.0, 0.0, 0.0, 1.0, 3.0, 0.0, 1.0, -1.0, 2.0, -1.0, 2.0, 0.0, 1.0, -1.0, 97162.0, 591.0, 99459.0
-1.0, 3.0, -1.0, -1.0, 1.0, 0.0, 1.0, 0.0, 2.0, 0.0, 1.0, 0.0, 1.0, 1.0, -1.0, 0.0, 1.0, 0.0, 2.0, -1.0, 0.0, 1.0, 2.0, -1.0, 3.0, 3.0, -1.0, 1.0, 1.0, 3.0, 1.0, 2.0, -1.0, 2.0, 0.0, 0.0, 1.0, -1.0, -1.0, 2.0, 0.0, 3.0, -1.0, 1.0, 2.0, 2.0, 3.0, 3.0, 2.0, 2.0, 97328.0, 555.0, 99482.0
2.0, 3.0, -1.0, -1.0, 1.0, 0.0, 1.0, 0.0, 2.0, 0.0, 1.0, 0.0, 1.0, 1.0, -1.0, 0.0, 1.0, 0.0, 2.0, -1.0, 0.0, 1.0, 2.0, -1.0, 3.0, 3.0, -1.0, 1.0, 1.0, 3.0, 1.0, 2.0, -1.0, 2.0, 0.0, 0.0, 1.0, -1.0, -1.0, 2.0, 0.0, 3.0, -1.0, 1.0, 2.0, 2.0, 3.0, 3.0, 2.0, 2.0, 97252.0, 571.0, 99470.0
1.0, 2.0, -1.0, -1.0, 3.0, -1.0, 2.0, 0.0, 3.0, 1.0, 0.0, -1.0, 1.0, 0.0, 1.0, 3.0, 0.0, 3.0, 0.0, -1.0, 1.0, 3.0, 1.0, 3.0, -1.0, 3.0, 2.0, 2.0, 2.0, -1.0, -1.0, 3.0, 1.0, 1.0, -1.0, 2.0, 2.0, 2.0, 2.0, 3.0, 1.0, 1.0, 0.0, 0.0, 0.0, 2.0, 2.0, 0.0, 3.0, 1.0, 97203.0, 601.0, 99448.0
3.0, 0.0, 0.0, 3.0, 0.0, -1.0, 2.0, -1.0, 3.0, 0.0, 2.0, 2.0, 3.0, 1.0, 2.0, 0.0, 2.0, -1.0, 1.0, 1.0, 0.0, 3.0, -1.0, 2.0, 1.0, 0.0, 2.0, 2.0, 2.0, -1.0, -1.0, -1.0, 1.0, 3.0, -1.0, 2.0, -1.0, 3.0, 1.0, 2.0, 1.0, 0.0, 3.0, 1.0, 1.0, 0.0, 1.0, 0.0, 1.0, 3.0, 97023.0, 595.0, 99463.0
2.0, 0.0, -1.0, 3.0, 0.0, 2.0, 1.0, 0.0, 2.0, -1.0, -1.0, 0.0, 0.0, 3.0, 3.0, -1.0, 0.0, 2.0, 0.0, 2.0, -1.0, 1.0, 3.0, 1.0, 2.0, 1.0, -1.0, 1.0, 2.0, 1.0, 3.0, 3.0, 0.0, -1.0, -1.0, 1.0, 1.0, 1.0, 0.0, 1.0, 3.0, 0.0, 3.0, 0.0, 2.0, 3.0, -1.0, -1.0, 3.0, -1.0, 97271.0, 567.0, 99477.0
-1.0, 1.0, -1.0, 3.0, -1.0, 3.0, 0.0, -1.0, 1.0, -1.0, -1.0, 2.0, -1.0, 0.0, -1.0, -1.0, 3.0, 1.0, -1.0, 0.0, 1.0, 0.0, 1.0, 0.0, 0.0, 2.0, 3.0, -1.0, 3.0, 1.0, -1.0, 2.0, 2.0, 1.0, 2.0, 1.0, 2.0, 1.0, 0.0, 2.0, 0.0, 1.0, 2.0, 0.0, 2.0, -1.0, -1.0, -1.0, 2.0, 2.0, 97672.0, 521.0, 99548.0
-1.0, 2.0, 3.0, 2.0, 3.0, 0.0, 3.0, -1.0, 0.0, 3.0, 0.0, 2.0, 1.0, 2.0, 1.0, -1.0, 2.0, 2.0, 0.0, 0.0, 0.0, 3.0, 3.0, 1.0, 3.0, -1.0, 2.0, 0.0, 1.0, 0.0, 0.0, 3.0, 0.0, -1.0, 1.0, 0.0, -1.0, 2.0, 1.0, 1.0, 1.0, 2.0, 0.0, 2.0, 1.0, 2.0, 1.0, 1.0, -1.0, -1.0, 97057.0, 617.0, 99441.0
