0.114730435686, 0.990755052807, 2.25646196348, 0.752602890572, 99.9240552659, 8.49975162243, 0.588640747332, 4.71891677529, 14.6490627909, 56.8970799014, 0.0518905463885, 0.0
0.186180151057, 0.921443891225, 3.11803773092, 0.908467855264, 97.8133446328, 2.40794098369, 0.706406475031, 1.77925948, 13.3602299077, 88.1667483836, 0.0050762718483, 0.0
0.101127179032, 0.847523610592, 2.16867353314, 0.695556225421, 83.8050596205, 1.04877194171, 0.935648617563, 0.867340592265, 10.5155454665, 80.9280223807, 0.00934764933382, 0.0
0.153231714997, 0.844386677275, 2.16867353314, 0.774209167504, 87.0087149735, 7.23714487754, 0.490730248938, 3.08820845687, 16.5626891743, 65.1002841824, 0.0389730082875, 0.0
0.192697307532, 0.835849751719, 2.83545212008, 0.872978544724, 94.2973660615, 9.54442427221, 0.0253245614147, 2.73649257053, 15.6673195704, 204.74823673, 0.0, 0.0
0.133954408018, 0.844386677275, 2.16867353314, 0.937527326182, 83.7737863466, 1.22585939925, 0.346367455322, 0.934166943726, 12.6670362838, 41.6635314701, 0.00561271198565, 0.125
0.119468605915, 0.972555616871, 2.25646196348, 0.758882971766, 87.9461235784, 1.31189940434, 0.429850781363, 0.109058801822, 17.6482077023, 111.945643201, 0.00137074656629, 0.0
0.101375832477, 1.07855656221, 2.4891544994, 0.61267745675, 80.5752062808, 1.08520961345, 0.262861506295, 0.898503086047, 17.5117288249, 85.3327411506, 0.00825525260974, 0.0
0.101247863908, 0.845224300157, 2.13119319688, 0.908467855264, 87.9461235784, 1.03320693909, 0.706406475031, 0.898503086047, 13.3602299077, 94.0287144429, 0.00403188135552, 0.222222222222
0.153231714997, 0.844386677275, 2.16867353314, 0.774209167504, 87.0087149735, 7.23714487754, 0.490730248938, 3.08820845687, 16.5626891743, 76.2822153479, 0.0424329269715, 0.0
0.100235614079, 0.989673418666, 6.1348158574, 0.8028683979, 91.3559038229, 6.10311913052, 0.897120401097, 2.82821920712, 13.8882306757, 544.134004225, 0.0, 0.0
0.109396772161, 0.929256896802, 6.55195157967, 0.816270894668, 82.4463374437, 1.50089567114, 0.0952941041081, 2.3698780007, 12.7076559788, 310.897389235, 0.00107370476002, 0.0
0.133954408018, 1.06451393845, 3.94784822002, 0.933241940957, 88.2375327418, 1.08520961345, 0.154665277282, 2.5177000285, 16.2952863449, 221.087194796, 0.000405571736185, 0.454545454545
0.185617631482, 1.13609404554, 6.23173534944, 0.890624021807, 80.5752062808, 7.29559484613, 0.616669207085, 1.62527743271, 14.9545887701, 587.623079108, 0.0, 0.0
0.100235614079, 0.972503497257, 6.55195157967, 0.8028683979, 91.3559038229, 6.10311913052, 0.0952941041081, 3.19908387132, 13.8882306757, 562.293382685, 0.00113963836932, 0.0
0.147405681536, 0.821126359994, 2.24274405995, 0.637963971783, 97.0881264861, 2.99662606233, 0.667906149478, 0.231436072056, 16.9378290997, 75.9617997386, 0.0199479345485, 0.384615384615
0.180079454295, 0.847523610592, 2.16867353314, 0.695556225421, 83.8050596205, 1.04877194171, 0.244969418283, 4.20032204781, 18.3073300603, 75.6406330935, 0.030135732947, 0.5
0.140013788197, 1.19131301017, 6.78780931453, 0.774209167504, 82.0431981848, 1.0599671852, 0.490730248938, 3.08820845687, 15.6673195704, 838.417334958, 0.00124577972232, 0.0
0.101127179032, 1.16359972712, 2.16867353314, 0.627706467286, 84.6300302631, 1.04877194171, 0.935648617563, 0.867340592265, 10.5155454665, 147.233198092, 0.0018206536484, 0.0
0.114730435686, 0.990755052807, 2.25646196348, 0.752602890572, 99.9240552659, 1.30851805073, 0.588640747332, 4.71891677529, 14.6490627909, 119.296295002, 0.00214127242565, 0.0
0.186180151057, 0.847523610592, 3.11803773092, 0.908467855264, 97.8133446328, 1.03320693909, 0.706406475031, 3.13569670661, 13.3602299077, 88.4993756378, 0.0075820131292, 0.0
0.101127179032, 0.847523610592, 2.16867353314, 0.695556225421, 83.8050596205, 1.04877194171, 0.935648617563, 0.867340592265, 10.5155454665, 105.319649564, 0.0067896468681, 0.0
0.160614349091, 0.847523610592, 2.57854819986, 0.695556225421, 83.8050596205, 1.04877194171, 0.935648617563, 0.867340592265, 10.31008935, 108.873082059, 0.00561736432102, 0.0909090909091
0.13247967225, 0.896674108317, 2.16231367889, 0.6652940719, 85.8015875801, 1.0089696396, 0.211688018174, 0.449886625016, 12.7528617069, 93.5889855348, 0.00652299729474, 0.111111111111
0.101127179032, 0.844386677275, 2.13119319688, 0.774209167504, 87.0087149735, 7.23714487754, 0.490730248938, 4.4315455531, 13.3639783548, 74.9503647188, 0.111019536335, 0.388888888889
0.195048557967, 0.835849751719, 2.83545212008, 0.65656217039, 94.2973660615, 9.54442427221, 0.0253245614147, 2.73649257053, 15.6673195704, 77.6398843691, 0.0763968075635, 0.3
0.133954408018, 0.844386677275, 2.16867353314, 0.933120761312, 87.0087149735, 4.64765634161, 0.623941849723, 0.934166943726, 12.6670362838, 78.3497762553, 0.0535219643683, 0.133333333333
0.102962071519, 1.05762036302, 2.4891544994, 0.900580426656, 88.2375327418, 1.32759909308, 0.966187121551, 4.43138848443, 19.9164781165, 121.716388144, 0.00472047579858, 0.0
0.101375832477, 1.07855656221, 2.13119319688, 0.61267745675, 87.9461235784, 1.21632315175, 0.262861506295, 0.921762548307, 17.5117288249, 140.165523138, 0.0023791807373, 0.0
0.192346981515, 0.896674108317, 2.02552155378, 0.625194162299, 85.8015875801, 1.0089696396, 0.211688018174, 0.571397142801, 15.1880537083, 138.47036156, 0.00313460941747, 0.0
0.102962071519, 0.844386677275, 2.16867353314, 0.774209167504, 87.0087149735, 7.23714487754, 0.490730248938, 3.08820845687, 13.3639783548, 83.630951999, 0.0550168941438, 0.0769230769231
0.141637330267, 0.893648811282, 4.24449366646, 0.796935321618, 94.283804712, 4.07096086481, 0.262861506295, 1.69133598013, 18.4757333339, 254.087578834, 0.00204290876112, 0.0
0.195048557967, 0.835849751719, 2.83545212008, 0.65656217039, 94.2973660615, 7.90334311545, 0.0253245614147, 2.73649257053, 15.6673195704, 77.8420715679, 0.208084765458, 0.647058823529
0.133954408018, 0.860452541546, 2.4891544994, 0.900580426656, 88.2375327418, 1.32759909308, 0.154665277282, 4.43138848443, 19.9664068803, 119.117422092, 0.00518316904289, 0.0
0.101375832477, 0.847523610592, 3.11803773092, 0.61267745675, 97.8133446328, 1.08520961345, 0.0472220765445, 3.13569670661, 17.5117288249, 116.660211676, 0.00571503413317, 0.0
0.101375832477, 1.07855656221, 2.13119319688, 0.61267745675, 87.9461235784, 1.21632315175, 0.262861506295, 0.921762548307, 17.5117288249, 154.147971918, 0.00225419299003, 0.4
0.102962071519, 0.854019229528, 2.16867353314, 0.933120761312, 87.0087149735, 2.59891098358, 0.525645219379, 3.44646083894, 10.4517213525, 86.7992244329, 0.0280050489092, 0.375
0.186180151057, 0.921443891225, 2.25646196348, 0.908467855264, 99.9240552659, 8.49975162243, 0.588640747332, 4.71891677529, 14.6490627909, 85.8062051847, 0.10849981653, 0.0
0.133954408018, 0.896674108317, 2.16231367889, 0.6652940719, 85.8015875801, 1.0089696396, 0.211688018174, 0.93322493469, 12.7528617069, 91.5794060908, 0.0086906170404, 0.0
0.199765507482, 0.942826709114, 2.25646196348, 0.621113759685, 82.4463374437, 4.66900293433, 0.0952941041081, 0.842246814473, 12.7076559788, 82.5435628979, 0.103004298771, 0.470588235294
0.160614349091, 0.847523610592, 4.6822643967, 0.679960561644, 83.8050596205, 1.04877194171, 0.935648617563, 0.867340592265, 10.31008935, 166.676374712, 0.00466463557153, 0.0
0.143095386004, 1.07855656221, 2.13119319688, 0.61267745675, 87.9461235784, 6.4681806042, 0.262861506295, 0.921762548307, 17.5117288249, 85.9409046976, 0.128476833716, 0.2
0.111780468796, 0.896674108317, 6.42850793504, 0.6652940719, 85.8015875801, 1.0089696396, 0.0305093817534, 0.93322493469, 15.1880537083, 241.190277417, 0.00351825591039, 0.0
0.101375832477, 0.929256896802, 2.04085422531, 0.61267745675, 87.9461235784, 1.21632315175, 0.262861506295, 0.921762548307, 17.5117288249, 89.8244112507, 0.0125532174712, 0.111111111111
0.199765507482, 0.942826709114, 2.38582445433, 0.621113759685, 87.2628215862, 4.66900293433, 0.169126634434, 0.842246814473, 15.0023712577, 87.7078952911, 0.0928992996571, 0.5
0.140013788197, 1.19131301017, 6.78780931453, 0.774209167504, 82.0431981848, 1.12350911631, 0.490730248938, 3.08820845687, 19.2317343038, 548.447223702, 0.00466461014909, 0.0
0.199765507482, 0.942826709114, 2.38582445433, 0.621113759685, 82.4463374437, 1.61676529389, 0.0952941041081, 0.842246814473, 12.7076559788, 94.1951546552, 0.0271977900933, 0.0833333333333
0.101375832477, 0.929256896802, 2.04085422531, 0.61267745675, 87.9461235784, 1.21632315175, 0.262861506295, 0.921762548307, 17.5117288249, 97.529219599, 0.0106987220645, 0.0
0.133954408018, 0.896674108317, 2.16231367889, 0.6652940719, 85.8015875801, 1.0089696396, 0.211688018174, 0.725443376704, 12.7528617069, 88.8042725729, 0.0264504406095, 0.647058823529
0.111780468796, 0.896674108317, 2.13119319688, 0.6652940719, 85.8015875801, 1.0089696396, 0.211688018174, 0.93322493469, 15.1880537083, 121.695411923, 0.00712942404361, 0.0
0.192346981515, 0.896674108317, 2.02552155378, 0.660449789442, 85.8015875801, 1.0089696396, 0.211688018174, 0.93322493469, 15.1880537083, 90.5746012291, 0.013301334596, 0.166666666667
0.101127179032, 0.847523610592, 3.11803773092, 0.908467855264, 97.8133446328, 1.03320693909, 1.1346469183, 0.867340592265, 17.9568614972, 244.064144372, 0.00497808082242, 0.0
0.101127179032, 1.16359972712, 2.16867353314, 0.627706467286, 83.7737863466, 1.04877194171, 0.346367455322, 0.867340592265, 10.5155454665, 152.5661751, 0.00516484516578, 0.0
0.140013788197, 1.19131301017, 6.78780931453, 0.933120761312, 82.0431981848, 1.12350911631, 0.336510031821, 0.934166943726, 19.9583647668, 593.68610304, 0.00467891218737, 0.0
0.133954408018, 0.844386677275, 2.16867353314, 0.933120761312, 87.0087149735, 4.64765634161, 0.346367455322, 0.934166943726, 12.6670362838, 98.5037407548, 0.0242587384753, 0.0769230769231
0.180079454295, 1.07855656221, 2.16867353314, 0.695556225421, 83.8050596205, 1.04877194171, 0.244969418283, 0.867340592265, 10.5639871693, 100.548108702, 0.0141232489999, 0.0
0.111871210801, 1.06451393845, 2.4891544994, 0.900580426656, 80.5752062808, 1.32759909308, 0.154665277282, 4.43138848443, 19.9664068803, 90.3743514902, 0.0243844392355, 0.588235294118
0.102962071519, 0.972555616871, 2.16867353314, 0.933120761312, 87.0087149735, 2.59891098358, 0.525645219379, 0.493483121874, 10.4517213525, 109.319364885, 0.0106101940896, 0.0
0.101127179032, 0.847523610592, 4.03140731357, 0.695556225421, 88.281263556, 1.04877194171, 0.935648617563, 0.867340592265, 10.5155454665, 134.163305756, 0.0058717678788, 0.111111111111
0.160614349091, 0.847523610592, 2.57854819986, 0.695556225421, 83.8050596205, 1.04877194171, 0.935648617563, 0.796905915371, 10.31008935, 139.965925123, 0.00625235827381, 0.0
0.147405681536, 0.821126359994, 2.24274405995, 0.637963971783, 97.0881264861, 2.99662606233, 0.667906149478, 3.44646083894, 16.9378290997, 103.822397135, 0.0368949469729, 0.0
0.199765507482, 0.942826709114, 2.38582445433, 0.621113759685, 82.4463374437, 4.66900293433, 0.0952941041081, 0.842246814473, 12.7076559788, 99.1777698889, 0.0438204718268, 0.0
0.192346981515, 0.896674108317, 2.02552155378, 0.660449789442, 85.8015875801, 1.0089696396, 0.211688018174, 0.93322493469, 15.1880537083, 117.02390705, 0.00892576196947, 0.0
0.140013788197, 0.897164336542, 2.16867353314, 0.774209167504, 82.0431981848, 1.12350911631, 0.399178866637, 3.08820845687, 19.2317343038, 141.859561486, 0.00578589221464, 0.0
0.111871210801, 0.896674108317, 2.16231367889, 0.6652940719, 85.8015875801, 1.0089696396, 0.211688018174, 0.93322493469, 12.7528617069, 139.809312747, 0.00679392306063, 0.0
0.114730435686, 0.990755052807, 2.25646196348, 0.752602890572, 99.9240552659, 8.49975162243, 0.588640747332, 4.71891677529, 14.6490627909, 90.1599881515, 0.122232029402, 0.2
0.13247967225, 0.860452541546, 2.13119319688, 0.918189670837, 83.3811432865, 1.32759909308, 0.774329342172, 4.58159668752, 19.9973779991, 100.528636956, 0.00972239244129, 0.3
0.119468605915, 0.972555616871, 2.71111964992, 0.758882971766, 87.9461235784, 1.31189940434, 0.429850781363, 0.109058801822, 17.6482077023, 142.649522082, 0.00622650679225, 0.0714285714286
0.199716731571, 0.835849751719, 2.24274405995, 0.637963971783, 97.0881264861, 2.99662606233, 0.0253245614147, 3.44646083894, 16.9378290997, 106.263944906, 0.0206394808318, 0.0
0.189281219791, 0.842081189502, 3.11803773092, 0.946499970695, 97.8133446328, 1.03320693909, 0.706406475031, 3.13569670661, 13.3602299077, 91.9740556646, 0.0204667515589, 0.428571428571
0.134361640393, 1.14238878769, 2.4891544994, 0.900580426656, 88.2375327418, 1.1063618542, 0.966187121551, 4.43138848443, 19.9164781165, 182.373586077, 0.00521076806307, 0.15
0.101375832477, 1.07855656221, 2.13119319688, 0.61267745675, 87.9461235784, 1.08520961345, 0.262861506295, 0.898503086047, 17.5117288249, 139.44555965, 0.00703810052417, 0.1
0.100281868656, 0.972555616871, 2.16867353314, 0.889663537047, 87.0087149735, 6.95042918526, 0.302379161433, 0.687627277089, 10.4517213525, 106.556574728, 0.0308769983784, 0.0
0.102962071519, 0.854019229528, 2.16867353314, 0.933120761312, 87.0087149735, 1.01095205041, 0.525645219379, 3.44646083894, 10.4517213525, 136.688837139, 0.00617722086044, 0.333333333333
0.186180151057, 0.847523610592, 2.16867353314, 0.695556225421, 92.3984206091, 1.04877194171, 0.935648617563, 3.13569670661, 10.5155454665, 150.100806474, 0.00604995003927, 0.0
0.107735009215, 1.06451393845, 5.40602434918, 0.933241940957, 87.2628215862, 1.08520961345, 0.154665277282, 2.3698780007, 14.6490627909, 390.02471807, 0.00517721517482, 0.0833333333333
0.101127179032, 0.847523610592, 2.16672479115, 0.695556225421, 86.9056170778, 1.04877194171, 0.935648617563, 0.867340592265, 10.5155454665, 93.6554732299, 0.0257145479716, 0.5
0.101216467862, 0.972555616871, 2.39027437058, 0.889663537047, 87.0087149735, 1.56366345155, 0.935648617563, 0.687627277089, 10.4517213525, 116.100529254, 0.0121852521241, 0.0555555555556
0.180079454295, 0.847523610592, 2.16867353314, 0.695556225421, 83.8050596205, 1.04877194171, 0.244969418283, 0.867340592265, 10.5639871693, 96.4977539463, 0.0217322771676, 0.260869565217
0.112253571489, 0.844386677275, 2.16867353314, 0.933120761312, 88.281263556, 1.61676529389, 0.372120493689, 1.57103547481, 12.6670362838, 95.9523755069, 0.0151419880004, 0.611111111111
0.13247967225, 0.904464333493, 7.32245016197, 0.82655868038, 83.6822628895, 1.30851805073, 1.17865665607, 0.449886625016, 16.9554471015, 658.854419048, 0.00516616924996, 0.0
0.133954408018, 1.06451393845, 3.94784822002, 0.900580426656, 88.2375327418, 1.32759909308, 0.154665277282, 4.43138848443, 16.2952863449, 277.644384163, 0.0053760177032, 0.0
0.13247967225, 0.904464333493, 2.16867353314, 0.82655868038, 83.6822628895, 4.64765634161, 0.346367455322, 0.449886625016, 16.9554471015, 115.260211588, 0.0147319037118, 0.0
0.153231714997, 0.844386677275, 2.16867353314, 0.774209167504, 87.0087149735, 1.04877194171, 0.490730248938, 3.08820845687, 16.5626891743, 99.6145524947, 0.0168791158314, 0.367346938776
0.101216467862, 0.972555616871, 2.39027437058, 0.889663537047, 87.0087149735, 1.56366345155, 0.935648617563, 1.57103547481, 12.6670362838, 100.384588369, 0.0182564526283, 0.263157894737
0.109396772161, 0.821126359994, 2.24274405995, 0.637963971783, 89.6210365349, 2.99662606233, 0.667906149478, 2.3698780007, 12.7076559788, 114.258238088, 0.0261569397364, 0.0
0.111871210801, 0.952307924575, 2.57854819986, 0.691441910975, 94.0623614541, 7.37086633497, 0.893354588054, 3.44438055358, 12.3485608792, 98.4078903029, 0.0978512072947, 0.125
0.10302222132, 0.904464333493, 7.32245016197, 0.82655868038, 83.6822628895, 1.30851805073, 1.17865665607, 0.93322493469, 16.9554471015, 611.001602396, 0.00526669162532, 0.0
0.101375832477, 0.929256896802, 2.04085422531, 0.61267745675, 87.9461235784, 1.21632315175, 0.262861506295, 0.921762548307, 17.5117288249, 98.5222443803, 0.0213353439183, 0.5
0.133954408018, 1.06451393845, 2.4891544994, 0.900580426656, 80.5752062808, 1.32759909308, 0.154665277282, 4.43138848443, 19.9664068803, 185.383882348, 0.00634672770813, 0.0
0.192346981515, 1.25924913192, 2.02552155378, 0.637651651415, 99.9471690543, 9.9903434388, 0.83728293141, 0.280374750414, 11.7614443658, 110.373416589, 0.104381533635, 0.0
0.160614349091, 0.847523610592, 3.84989786978, 0.695556225421, 83.8050596205, 1.04877194171, 0.935648617563, 0.867340592265, 10.2932294309, 101.925798964, 0.0176217991244, 0.333333333333
0.101216467862, 0.972555616871, 2.16867353314, 0.889663537047, 87.0087149735, 1.56366345155, 0.935648617563, 0.687627277089, 10.4517213525, 104.733821056, 0.0148660764391, 0.5
0.102265524804, 0.855791217361, 4.6822643967, 0.937763570679, 94.4513749014, 2.21776835987, 0.0762260768525, 0.867340592265, 17.2369340353, 226.338318526, 0.00672112412114, 0.0
0.109396772161, 0.857557383711, 6.55195157967, 0.816270894668, 82.4463374437, 1.50089567114, 0.0952941041081, 2.3698780007, 12.7076559788, 312.862384946, 0.00598878089133, 0.0
0.140013788197, 0.897164336542, 3.49962808364, 0.774209167504, 82.0431981848, 1.12175332394, 0.399178866637, 3.08820845687, 19.2317343038, 164.650542855, 0.00710972115914, 0.0
0.128967615697, 0.835849751719, 2.83545212008, 0.872978544724, 94.2973660615, 9.54442427221, 0.0253245614147, 2.73649257053, 15.6673195704, 95.8872790678, 0.108430022652, 0.428571428571
0.180079454295, 0.944966934661, 2.13119319688, 0.670968942906, 83.7028674528, 2.89994958217, 0.774329342172, 3.52098049152, 16.5626891743, 99.760785805, 0.0479436194769, 0.25
0.109396772161, 0.883750602511, 5.42886359851, 0.816270894668, 87.2628215862, 1.50089567114, 0.169126634434, 2.3698780007, 15.0023712577, 300.07753445, 0.00622185334985, 0.0
0.111871210801, 1.24433445289, 2.57854819986, 0.691441910975, 94.0623614541, 7.37086633497, 0.893354588054, 3.44438055358, 12.3485608792, 94.6656856084, 0.0824597726266, 0.533333333333
