2.0, 3.0, -1.0, 1.0, 0.0, 2.0, 2.0, 1.0, 3.0, 2.0, 3.0, 1.0, 0.0, -1.0, -1.0, 0.0, -1.0, 3.0, 1.0, 0.0, 2.0, -1.0, 1.0, 3.0, -1.0, 0.0, 0.0, 2.0, -1.0, 3.0, 3.0, 2.0, 0.0, 2.0, 2.0, 0.0, 1.0, 2.0, 2.0, 3.0, 1.0, -1.0, 0.0, 1.0, 3.0, 2.0, 1.0, 2.0, 1.0, 0.0, 96001.0, 635, 99488.0
3.0, 0.0, 0.0, -1.0, 3.0, 2.0, -1.0, 0.0, 2.0, 0.0, 1.0, 3.0, 2.0, 0.0, -1.0, -1.0, 3.0, 2.0, 2.0, -1.0, 3.0, 2.0, -1.0, 0.0, 2.0, 0.0, 3.0, 3.0, 1.0, 1.0, -1.0, 2.0, 3.0, 3.0, 0.0, 1.0, -1.0, 1.0, 2.0, 1.0, 2.0, 1.0, 3.0, -1.0, -1.0, 3.0, 1.0, 1.0, 0.0, -1.0, 96581.0, 572, 99532.0
0.0, 2.0, 2.0, 2.0, 0.0, -1.0, 2.0, 1.0, 2.0, 3.0, 2.0, 3.0, 0.0, 1.0, 0.0, -1.0, 2.0, 0.0, 0.0, 2.0, 2.0, -1.0, 2.0, -1.0, 0.0, 1.0, -1.0, 2.0, 0.0, -1.0, 1.0, 1.0, 0.0, 0.0, 1.0, 1.0, 0.0, 0.0, 1.0, 1.0, 2.0, -1.0, 1.0, 2.0, -1.0, 0.0, 2.0, 1.0, 1.0, 1.0, 95310.0, 627, 99476.0
1.0, 0.0, 2.0, 1.0, 2.0, 2.0, 3.0, 1.0, 1.0, -1.0, 0.0, 0.0, 0.0, 2.0, 2.0, 0.0, 1.0, 2.0, 2.0, 2.0, 2.0, 3.0, 0.0, 1.0, 0.0, 3.0, -1.0, 1.0, 2.0, 1.0, -1.0, 0.0, 0.0, 1.0, 0.0, 3.0, -1.0, 1.0, 0.0, 3.0, 2.0, 1.0, 2.0, -1.0, 0.0, 3.0, 3.0, -1.0, 1.0, 2.0, 95408.0, 653, 99444.0
1.0, 0.643098751325, 0.0, 2.99365843897, 0.0, 2.0, -0.0325536926392, 0.994157216319, -0.00147915998295, 3.0, -1.0, 2.03859864853, 1.0, -0.939335162162, 0.0, 1.97365133279, -0.0150922301347, 0.813263379172, 0.980284734788, 0.0, 2.0, 2.0, 2.99928269258, 2.99067083204, 3.0, 2.01370379842, -0.951354053821, 1.00432380036, -0.0636121874689, 0.0, 3.0, 2.01608732595, 1.0, 2.0, -0.957652810103, 0.988264087453, 2.99773659023, 1.968311718, -0.0302391782295, 0.0, -1.0, 1.9874803268, 2.75769148985, 0.00407147123824, 1.04808799981, 1.01448703698, -1.0, 1.02953089289, 1.03024189855, 1.94891880965, 95412.0, 659, 99456.0
1.00079538656, 0.597219702471, 0.0, 2.95025324539, 0.0, 2.0, -0.0325536926392, 0.0308540279951, -0.00147903319281, 3.0, -1.0, 2.03859864853, 1.0, -0.939335162162, 0.0, 1.97365133279, -0.0150922301347, 0.813263379172, 0.980308478749, 0.0, 2.0, 2.0, 2.99928269258, 2.99067083204, 3.0, 2.01370379842, -0.951354053821, 1.00432380036, -0.0636121874689, 0.0, 3.0, 1.81970326993, 1.0, 2.0, -0.957652810103, 0.988373431072, 2.99773659023, -0.962437165935, -0.0302391782295, 0.0, -1.0, 1.9874803268, 2.75642509733, 0.00407147123824, 1.04808799981, 1.01980598081, -1.0, 1.02953089289, 1.03024189855, 1.94891880965, 95459.0, 641, 99466.0
1.00079538656, 0.597219702471, 0.0, 2.95025324539, 0.0, 2.0, -0.0325536926392, 0.0308540279951, -0.00147903319281, 3.0, -1.0, 2.03859864853, 1.0, -0.939335162162, 0.0, 1.97365133279, -0.0150922301347, 0.813263379172, 0.980308478749, 0.0, 2.0, 2.0, 2.99928269258, 2.99067083204, 3.0, 2.01370379842, -0.951354053821, 1.00432380036, -0.0636121874689, 0.0, 3.0, 1.81970326993, 1.0, 2.0, -0.957652810103, 0.988373431072, 2.99773659023, -0.962437165935, -0.0302391782295, 0.0, -1.0, 1.9874803268, 2.75642509733, 0.00407147123824, 1.04808799981, 1.01980598081, -1.0, 1.02953089289, 1.03024189855, 1.94891880965, 95459.0, 641, 99466.0
1.00079538656, 0.597219702471, 0.0, 2.95025324539, 0.0, 2.0, -0.0325536926392, 0.0308540279951, -0.00147903319281, 3.0, -1.0, 2.03859864853, 1.0, -0.939335162162, 0.0, 1.97365133279, -0.0150922301347, 0.813263379172, 0.980308478749, 0.0, 2.0, 2.0, 2.99928269258, 2.99067083204, 3.0, 2.01370379842, -0.951354053821, 1.00432380036, -0.0636121874689, 0.0, 3.0, 1.81970326993, 1.0, 2.0, -0.957652810103, 0.988373431072, 2.99773659023, -0.962437165935, -0.0302391782295, 0.0, -1.0, 1.9874803268, 2.75642509733, 0.00407147123824, 1.04808799981, 1.01980598081, -1.0, 1.02953089289, 1.03024189855, 1.94891880965, 95459.0, 641, 99466.0
1.00079538656, 0.597219702471, 0.0, 2.95025324539, 0.0, 2.0, -0.0325536926392, 0.0308540279951, -0.00147903319281, 3.0, -1.0, 2.03859864853, 1.0, -0.939335162162, 0.0, 1.97365133279, -0.0150922301347, 0.813263379172, 0.980308478749, 0.0, 2.0, 2.0, 2.99928269258, 2.99067083204, 3.0, 2.01370379842, -0.951354053821, 1.00432380036, -0.0636121874689, 0.0, 3.0, 1.81970326993, 1.0, 2.0, -0.957652810103, 0.988373431072, 2.99773659023, -0.962437165935, -0.0302391782295, 0.0, -1.0, 1.9874803268, 2.75642509733, 0.00407147123824, 1.04808799981, 1.01980598081, -1.0, 1.02953089289, 1.03024189855, 1.94891880965, 95459.0, 641, 99466.0
1.00079538656, 0.597219702471, 0.0, 2.95025324539, 0.0, 2.0, -0.0325536926392, 0.0308540279951, -0.00147903319281, 3.0, -1.0, 2.03859864853, 1.0, -0.939335162162, 0.0, 1.97365133279, -0.0150922301347, 0.813263379172, 0.980308478749, 0.0, 2.0, 2.0, 2.99928269258, 2.99067083204, 3.0, 2.01370379842, -0.951354053821, 1.00432380036, -0.0636121874689, 0.0, 3.0, 1.81970326993, 1.0, 2.0, -0.957652810103, 0.988373431072, 2.99773659023, -0.962437165935, -0.0302391782295, 0.0, -1.0, 1.9874803268, 2.75642509733, 0.00407147123824, 1.04808799981, 1.01980598081, -1.0, 1.02953089289, 1.03024189855, 1.94891880965, 95459.0, 641, 99466.0
1.00079538656, 0.597219702471, 0.0, 2.95025324539, 0.0, 2.0, -0.0325536926392, 0.0308540279951, -0.00147903319281, 3.0, -1.0, 2.03859864853, 1.0, -0.939335162162, 0.0, 1.97365133279, -0.0150922301347, 0.813263379172, 0.980308478749, 0.0, 2.0, 2.0, 2.99928269258, 2.99067083204, 3.0, 2.01370379842, -0.951354053821, 1.00432380036, -0.0636121874689, 0.0, 3.0, 1.81970326993, 1.0, 2.0, -0.957652810103, 0.988373431072, 2.99773659023, -0.962437165935, -0.0302391782295, 0.0, -1.0, 1.9874803268, 2.75642509733, 0.00407147123824, 1.04808799981, 1.01980598081, -1.0, 1.02953089289, 1.03024189855, 1.94891880965, 95459.0, 641, 99466.0
1.01068120709, -0.00521270475991, 0.0, 2.99365843897, 0.0, 2.2837611126, 0.00793783562608, 0.0220673060825, 0.0, 3.0, -1.0, 2.11088615039, 1.08867890458, -0.890762958808, 0.0, 1.13077691726, -0.00204317005844, 1.46355476879, 0.977657929442, 0.0, 2.00800017191, 2.0, 0.0693822486994, 1.9997573981, 3.0, 2.01370379842, 2.95978512103, 1.00432380036, 1.0, 5.75989371378e-05, 2.90541853117, 1.97909724958, 1.02662774641, 2.0, 2.0, 0.988264087453, 2.998573806, 1.968311718, -0.0309456520513, 0.0, -1.0, 2.95200513148, -0.076716787997, 1.94769986622, 1.04808799981, 1.99939162946, -1.0, 1.01399986024, 1.03205928703, 1.94891880965, 95210.0, 693, 99436.0
1.00079538656, 0.597219702471, 0.0, 2.95025324539, 0.0, 2.0, -0.0325536926392, 0.0308540279951, -0.00147903319281, 3.0, -1.0, 2.03859864853, 1.0, -0.939335162162, 0.0, 1.97365133279, -0.0150922301347, 0.813263379172, 0.980308478749, -0.047461634224, 2.0, 2.0, 2.99928269258, 2.99067083204, 3.0, 2.01370379842, -0.951354053821, 1.00432380036, -0.0636121874689, 0.0, 3.0, 1.81970326993, 1.0, 2.0, -0.957652810103, 0.988373431072, 2.99773659023, -0.962437165935, -0.0302391782295, 0.0, -1.0, 1.9874803268, 2.75642509733, 0.00407147123824, 1.04808799981, 1.01980598081, -1.0, 1.02953089289, 1.03024189855, 1.94891880965, 95459.0, 641, 99466.0
1.01068120709, -0.0052088464127, 8.42566257031e-07, 2.95898181119, -0.0637928777413, 1.99703405825, 0.00793779442595, 0.0214446611032, 2.8432755088, 3.0, -1.0, 2.11088615039, 0.991434395721, 0.988004890204, -0.00165125222896, 1.13077691726, -0.001203218735, 1.97846019412, 0.977178861317, 0.0, -0.109412199948, -0.0398216946994, 0.028215202987, 2.06871011469, 3.0, 2.01370379842, 2.95978512103, 1.00432380036, 1.0, 4.91374101146e-05, 2.90541853117, 2.01035302629, 1.02663154974, 2.0, 1.99990709189, 0.988264087453, 2.97421014008, 1.78049884416, -0.0314875181595, 0.0, -1.0, 2.95200513148, -0.076716787997, 0.982694653088, 0.999759252498, 1.99939386501, -0.999996883867, 1.01399986024, 1.03205928703, 1.94915446707, 95067.0, 710, 99425.0
1.01068120709, -0.0052088464127, 8.42566257031e-07, 2.95898181119, -0.0637928777413, 1.99703405825, 0.00793779442595, 0.0214446611032, 2.8432755088, 3.0, -1.0, 2.11088615039, 0.991434395721, 0.988004890204, -0.00165125222896, 1.13077691726, -0.001203218735, 1.97846019412, 0.977178861317, 0.0, -0.109412199948, -0.0398216946994, 0.028215202987, 2.06871011469, 3.0, 2.01370379842, 2.95978512103, 1.00432380036, 1.0, 4.91374101146e-05, 2.90541853117, 2.01035302629, 1.02663154974, 2.0, 1.99990709189, 0.988264087453, 2.97421014008, 1.78049884416, -0.0314875181595, 0.0, -1.0, 2.95200513148, -0.076716787997, 0.982694653088, 0.999759252498, 1.99939386501, -0.999996883867, 1.01399986024, 1.03205928703, 1.94915446707, 95067.0, 710, 99425.0
1.01068120709, -0.00389925823441, -3.64311853707e-05, 2.95898343344, -0.0662303364474, 2.0, 0.00791338090541, 0.0214446611032, 2.97715335161, 3.0, -1.0, 2.11088615039, 0.991452936542, 0.988004890204, 0.116648931226, 1.13077691726, -0.0663858231764, 1.98707902727, 0.97718541667, 0.0, -0.109412199948, -0.0236938618321, 0.0217206288655, 2.01344483728, 3.0, 2.01370379842, 2.95978512103, 1.00432380036, 1.0, 0.00814612256597, 2.90541853117, 1.97888588346, 1.02549828493, 2.0, 1.99717301293, 0.988264087453, 2.97394299737, 1.78061445809, -0.030929740326, 0.0, -1.0, 2.90489823687, -0.076716787997, 1.00581383861, 0.999759252498, 1.99658295295, -0.986907311495, 1.01253175474, 1.03209866856, 1.94891880965, 95067.0, 710, 99425.0
1.01068120709, -0.00389925823441, -3.64311853707e-05, 2.95898343344, -0.0662303364474, 2.0, 0.00791338090541, 0.0214446611032, 2.97715335161, 3.0, -1.0, 2.11088615039, 0.991452936542, 0.988004890204, 0.116648931226, 1.13077691726, -0.0663858231764, 1.98707902727, 0.97718541667, 0.0, -0.109412199948, -0.0236938618321, 0.0217206288655, 2.01344483728, 3.0, 2.01370379842, 2.95978512103, 1.00432380036, 1.0, 0.00814612256597, 2.90541853117, 1.97888588346, 1.02549828493, 2.0, 1.99717301293, 0.988264087453, 2.97394299737, 1.78061445809, -0.030929740326, 0.0, -1.0, 2.90489823687, -0.076716787997, 1.00581383861, 0.999759252498, 1.99658295295, -0.986907311495, 1.01253175474, 1.03209866856, 1.94891880965, 95067.0, 710, 99425.0
1.01068120709, -0.00389925823441, -3.64311853707e-05, 2.95898343344, -0.0662303364474, 2.0, 0.00791338090541, 0.0214446611032, 2.97715335161, 3.0, -1.0, 2.11088615039, 0.991452936542, 0.988004890204, 0.116648931226, 1.13077691726, -0.0663858231764, 1.98707902727, 0.97718541667, 0.0, -0.109412199948, -0.0236938618321, 0.0217206288655, 2.01344483728, 3.0, 2.01370379842, 2.95978512103, 1.00432380036, 1.0, 0.00814612256597, 2.90541853117, 1.97888588346, 1.02549828493, 2.0, 1.99717301293, 0.988264087453, 2.97394299737, 1.78061445809, -0.030929740326, 0.0, -1.0, 2.90489823687, -0.076716787997, 1.00581383861, 0.999759252498, 1.99658295295, -0.986907311495, 1.01253175474, 1.03209866856, 1.94891880965, 95067.0, 710, 99425.0
1.01068120709, -0.00389925823441, -3.59709455209e-05, 2.99525463497, -0.0662303364474, 2.0, 0.00782281269136, 0.0310473163223, 2.91997234262, 3.0, -0.902538586057, 2.11088615039, 0.991452936542, 0.988004890204, 0.119611736746, 1.13077691726, -0.0156888619902, 1.98707902727, 0.980160378882, 0.0, -0.121419707208, -0.0236938618321, 0.0217206288655, 2.0178242853, 3.0, 2.01370379842, 2.92357228775, 1.00432380036, 1.0, 0.00814612256597, 2.90541853117, 1.97888588346, 1.02549828493, 2.0, -0.968065143227, 0.988264099271, 2.99996470895, 1.98744119028, -0.030929740326, 0.0, -1.0, 1.98882344454, -0.0404869229582, 0.961255556781, 0.999759252498, 1.99658295295, -0.999910816359, 0.878000386872, 1.03209866856, 1.94891880965, 95114.0, 692, 99439.0
1.01068120709, -0.00389925823441, -3.59709455209e-05, 2.99525463497, -0.0662303364474, 2.0, 0.00782281269136, 0.0310473163223, 2.91997234262, 3.0, -0.902538586057, 2.11088615039, 0.991452936542, 0.988004890204, 0.119611736746, 1.13077691726, -0.0156888619902, 1.98707902727, 0.980160378882, 0.0, -0.121419707208, -0.0236938618321, 0.0217206288655, 2.0178242853, 3.0, 2.01370379842, 2.92357228775, 1.00432380036, 1.0, 0.00814612256597, 2.90541853117, 1.97888588346, 1.02549828493, 2.0, -0.968065143227, 0.988264099271, 2.99996470895, 1.98744119028, -0.030929740326, 0.0, -1.0, 1.98882344454, -0.0404869229582, 0.961255556781, 0.999759252498, 1.99658295295, -0.999910816359, 0.878000386872, 1.03209866856, 1.94891880965, 95114.0, 692, 99439.0
1.01068120709, -0.00389925823441, -3.59709455209e-05, 2.99525463497, -0.0662303364474, 2.0, 0.00782281269136, 0.0310473163223, 2.91997234262, 3.0, -0.902538586057, 2.11088615039, 0.991452936542, 0.988004890204, 0.119611736746, 1.13077691726, -0.0156888619902, 1.98707902727, 0.980160378882, 0.0, -0.121419707208, -0.0236938618321, 0.0217206288655, 2.0178242853, 3.0, 2.01370379842, 2.92357228775, 1.00432380036, 1.0, 0.00814612256597, 2.90541853117, 1.97888588346, 1.02549828493, 2.0, -0.968065143227, 0.988264099271, 2.99996470895, 1.98744119028, -0.030929740326, 0.0, -1.0, 1.98882344454, -0.0404869229582, 0.961255556781, 0.999759252498, 1.99658295295, -0.999910816359, 0.878000386872, 1.03209866856, 1.94891880965, 95114.0, 692, 99439.0
1.01068120709, -0.00389925823441, -3.59709455209e-05, 2.99525463497, -0.0662303364474, 2.0, 0.00782281269136, 0.0310473163223, 2.91997234262, 3.0, -0.902538586057, 2.11088615039, 0.991452936542, 0.988004890204, 0.119611736746, 1.13077691726, -0.0156888619902, 1.98707902727, 0.980160378882, 0.0, -0.121419707208, -0.0236938618321, 0.0217206288655, 2.0178242853, 3.0, 2.01370379842, 2.92357228775, 1.00432380036, 1.0, 0.00814612256597, 2.90541853117, 1.97888588346, 1.02549828493, 2.0, -0.968065143227, 0.988264099271, 2.99996470895, 1.98744119028, -0.030929740326, 0.0, -1.0, 1.98882344454, -0.0404869229582, 0.961255556781, 0.999759252498, 1.99658295295, -0.999910816359, 0.878000386872, 1.03209866856, 1.94891880965, 95114.0, 692, 99439.0
1.01068120709, -0.00389925823441, -3.59709455209e-05, 2.99525463497, -0.0662303364474, 2.0, 0.00782281269136, 0.0310473163223, 2.91997234262, 3.0, -0.902538586057, 2.11088615039, 0.991452936542, 0.988004890204, 0.119611736746, 1.13077691726, -0.0156888619902, 1.98707902727, 0.980160378882, 0.0, -0.121419707208, -0.0236938618321, 0.0217206288655, 2.0178242853, 3.0, 2.01370379842, 2.92357228775, 1.00432380036, 1.0, 0.00814612256597, 2.90541853117, 1.97888588346, 1.02549828493, 2.0, -0.968065143227, 0.988264099271, 2.99996470895, 1.98744119028, -0.030929740326, 0.0, -1.0, 1.98882344454, -0.0404869229582, 0.961255556781, 0.999759252498, 1.99658295295, -0.999910816359, 0.878000386872, 1.03209866856, 1.94891880965, 95114.0, 692, 99439.0
1.01068120709, -0.00389925823441, -3.59709455209e-05, 2.99525463497, -0.0662303364474, 2.0, 0.00782281269136, 0.0310473163223, 2.91997234262, 3.0, -0.902538586057, 2.11088615039, 0.991452936542, 0.988004890204, 0.119611736746, 1.13077691726, -0.0156888619902, 1.98707902727, 0.980160378882, 0.0, -0.121419707208, -0.0236938618321, 0.0217206288655, 2.0178242853, 3.0, 2.01370379842, 2.92357228775, 1.00432380036, 1.0, 0.00814612256597, 2.90541853117, 1.97888588346, 1.02549828493, 2.0, -0.968065143227, 0.988264099271, 2.99996470895, 1.98744119028, -0.030929740326, 0.0, -1.0, 1.98882344454, -0.0404869229582, 0.961255556781, 0.999759252498, 1.99658295295, -0.999910816359, 0.878000386872, 1.03209866856, 1.94891880965, 95114.0, 692, 99439.0
1.01068120709, -0.00389925823441, -3.59709455209e-05, 2.99525463497, -0.0662303364474, 2.0, 0.00782281269136, 0.0310473163223, 2.91997234262, 3.0, -0.902538586057, 2.11088615039, 0.991452936542, 0.988004890204, 0.119611736746, 1.13077691726, -0.0156888619902, 1.98707902727, 0.980160378882, 0.0, -0.121419707208, -0.0236938618321, 0.0217206288655, 2.0178242853, 3.0, 2.01370379842, 2.92357228775, 1.00432380036, 1.0, 0.00814612256597, 2.90541853117, 1.97888588346, 1.02549828493, 2.0, -0.968065143227, 0.988264099271, 2.99996470895, 1.98744119028, -0.030929740326, 0.0, -1.0, 1.98882344454, -0.0404869229582, 0.961255556781, 0.999759252498, 1.99658295295, -0.999910816359, 0.878000386872, 1.03209866856, 1.94891880965, 95114.0, 692, 99439.0
1.01068120709, -0.00389925823441, -3.59709455209e-05, 2.99525463497, -0.0662303364474, 2.0, 0.00782281269136, 0.0310473163223, 2.91997234262, 3.0, -0.902538586057, 2.11088615039, 0.991452936542, 0.988004890204, 0.119611736746, 1.13077691726, -0.0156888619902, 1.98707902727, 0.980160378882, 0.0, -0.121419707208, -0.0236938618321, 0.0217206288655, 2.0178242853, 3.0, 2.01370379842, 2.92357228775, 1.00432380036, 1.0, 0.00814612256597, 2.90541853117, 1.97888588346, 1.02549828493, 2.0, -0.968065143227, 0.988264099271, 2.99996470895, 1.98744119028, -0.030929740326, 0.0, -1.0, 1.98882344454, -0.0404869229582, 0.961255556781, 0.999759252498, 1.99658295295, -0.999910816359, 0.878000386872, 1.03209866856, 1.94891880965, 95114.0, 692, 99439.0
1.01068120709, -0.00389925823441, -3.59709455209e-05, 2.99525463497, -0.0662303364474, 2.0, 0.00782281269136, 0.0310473163223, 2.91997234262, 3.0, -0.902538586057, 2.11088615039, 0.991452936542, 0.988004890204, 0.119611736746, 1.13077691726, -0.0156888619902, 1.98707902727, 0.980160378882, 0.0, -0.121419707208, -0.0236938618321, 0.0217206288655, 2.0178242853, 3.0, 2.01370379842, 2.92357228775, 1.00432380036, 1.0, 0.00814612256597, 2.90541853117, 1.97888588346, 1.02549828493, 2.0, -0.968065143227, 0.988264099271, 2.99996470895, 1.98744119028, -0.030929740326, 0.0, -1.0, 1.98882344454, -0.0404869229582, 0.961255556781, 0.999759252498, 1.99658295295, -0.999910816359, 0.878000386872, 1.03209866856, 1.94891880965, 95114.0, 692, 99439.0
1.01068120709, -0.00389925823441, -3.59709455209e-05, 2.99525463497, -0.0662303364474, 2.0, 0.00782281269136, 0.0310473163223, 2.91997234262, 3.0, -0.902538586057, 2.11088615039, 0.991452936542, 0.988004890204, 0.119611736746, 1.13077691726, -0.0156888619902, 1.98707902727, 0.980160378882, 0.0, -0.121419707208, -0.0236938618321, 0.0217206288655, 2.0178242853, 3.0, 2.01370379842, 2.92357228775, 1.00432380036, 1.0, 0.00814612256597, 2.90541853117, 1.97888588346, 1.02549828493, 2.0, -0.968065143227, 0.988264099271, 2.99996470895, 1.98744119028, -0.030929740326, 0.0, -1.0, 1.98882344454, -0.0404869229582, 0.961255556781, 0.999759252498, 1.99658295295, -0.999910816359, 0.878000386872, 1.03209866856, 1.94891880965, 95114.0, 692, 99439.0
1.01068120709, -0.00389925823441, -3.59709455209e-05, 2.99525463497, -0.0662303364474, 2.0, 0.00782281269136, 0.0310473163223, 2.91997234262, 3.0, -0.902538586057, 2.11088615039, 0.991452936542, 0.988004890204, 0.119611736746, 1.13077691726, -0.0156888619902, 1.98707902727, 0.980160378882, 0.0, -0.121419707208, -0.0236938618321, 0.0217206288655, 2.0178242853, 3.0, 2.01370379842, 2.92357228775, 1.00432380036, 1.0, 0.00814612256597, 2.90541853117, 1.97888588346, 1.02549828493, 2.0, -0.968065143227, 0.988264099271, 2.99996470895, 1.98744119028, -0.030929740326, 0.0, -1.0, 1.98882344454, -0.0404869229582, 0.961255556781, 0.999759252498, 1.99658295295, -0.999910816359, 0.878000386872, 1.03209866856, 1.94891880965, 95114.0, 692, 99439.0
1.01068120709, -0.00389925823441, -3.55925015813e-05, 2.99525463497, -0.0695805219463, 2.0, 0.00793711829668, 0.0310473163223, 2.22006430465, 3.0, -0.904876869301, 2.11088615039, 0.991452936542, 0.958518325595, 0.119611736746, 1.13077691726, -0.0156888619902, 1.98707902727, 0.980189747981, 0.0, -0.121419707208, -0.0236938618321, 0.0697240930989, 2.0178242853, 3.0, 2.01370379842, 2.92403525921, 1.00432380036, 1.0, -8.64098333182e-05, 2.90541853117, 1.97888588346, 1.02660642511, 2.0, -0.924147684209, 0.988264087158, 2.99857755298, 1.98744119028, -0.03092872302, 0.0664890528684, -1.0, 1.98882344454, -0.0404869229582, 0.971530855194, 0.997466679996, 1.99658295295, -0.999998874817, 0.880066992909, 1.03209866856, 1.94891880965, 95074.0, 692, 99439.0
1.01068120709, -0.00389925823441, -3.55925015813e-05, 2.99525463497, -0.0695805219463, 2.0, 0.00793711829668, 0.0310473163223, 2.22006430465, 3.0, -0.904876869301, 2.11088615039, 0.991452936542, 0.958518325595, 0.119611736746, 1.13077691726, -0.0156888619902, 1.98707902727, 0.980189747981, 0.0, -0.121419707208, -0.0236938618321, 0.0697240930989, 2.0178242853, 3.0, 2.01370379842, 2.92403525921, 1.00432380036, 1.0, -8.64098333182e-05, 2.90541853117, 1.97888588346, 1.02660642511, 2.0, -0.924147684209, 0.988264087158, 2.99857755298, 1.98744119028, -0.03092872302, 0.0664890528684, -1.0, 1.98882344454, -0.0404869229582, 0.971530855194, 0.997466679996, 1.99658295295, -0.999998874817, 0.880066992909, 1.03209866856, 1.94891880965, 95074.0, 692, 99439.0
1.01068120709, -0.00389925823441, -3.55925015813e-05, 2.99525463497, -0.0695805219463, 2.0, 0.00793711829668, 0.0310473163223, 2.22006430465, 3.0, -0.904876869301, 2.11088615039, 0.991452936542, 0.958518325595, 0.119611736746, 1.13077691726, -0.0156888619902, 1.98707902727, 0.980189747981, 0.0, -0.121419707208, -0.0236938618321, 0.0697240930989, 2.0178242853, 3.0, 2.01370379842, 2.92403525921, 1.00432380036, 1.0, -8.64098333182e-05, 2.90541853117, 1.97888588346, 1.02660642511, 2.0, -0.924147684209, 0.988264087158, 2.99857755298, 1.98744119028, -0.03092872302, 0.0664890528684, -1.0, 1.98882344454, -0.0404869229582, 0.971530855194, 0.997466679996, 1.99658295295, -0.999998874817, 0.880066992909, 1.03209866856, 1.94891880965, 95074.0, 692, 99439.0
1.01068120709, -0.00389925823441, -3.55925015813e-05, 2.99525463497, -0.0695805219463, 2.0, 0.00793711829668, 0.0310473163223, 2.22006430465, 3.0, -0.904876869301, 2.11088615039, 0.991452936542, 0.958518325595, 0.119611736746, 1.13077691726, -0.0156888619902, 1.98707902727, 0.980189747981, 0.0, -0.121419707208, -0.0236938618321, 0.0697240930989, 2.0178242853, 3.0, 2.01370379842, 2.92403525921, 1.00432380036, 1.0, -8.64098333182e-05, 2.90541853117, 1.97888588346, 1.02660642511, 2.0, -0.924147684209, 0.988264087158, 2.99857755298, 1.98744119028, -0.03092872302, 0.0664890528684, -1.0, 1.98882344454, -0.0404869229582, 0.971530855194, 0.997466679996, 1.99658295295, -0.999998874817, 0.880066992909, 1.03209866856, 1.94891880965, 95074.0, 692, 99439.0
1.01068120709, -0.00389925823441, -3.55925015813e-05, 2.99525463497, -0.0695805219463, 2.0, 0.00793711829668, 0.0310473163223, 2.22006430465, 3.0, -0.904876869301, 2.11088615039, 0.991452936542, 0.958518325595, 0.119611736746, 1.13077691726, -0.0156888619902, 1.98707902727, 0.980189747981, 0.0, -0.121419707208, -0.0236938618321, 0.0697240930989, 2.0178242853, 3.0, 2.01370379842, 2.92403525921, 1.00432380036, 1.0, -8.64098333182e-05, 2.90541853117, 1.97888588346, 1.02660642511, 2.0, -0.924147684209, 0.988264087158, 2.99857755298, 1.98744119028, -0.03092872302, 0.0664890528684, -1.0, 1.98882344454, -0.0404869229582, 0.971530855194, 0.997466679996, 1.99658295295, -0.999998874817, 0.880066992909, 1.03209866856, 1.94891880965, 95074.0, 692, 99439.0
1.01068120709, -0.00389925823441, -3.55925015813e-05, 2.99525463497, -0.0695805219463, 2.0, 0.00793711829668, 0.0310473163223, 2.22006430465, 3.0, -0.904876869301, 2.11088615039, 0.991452936542, 0.958518325595, 0.119611736746, 1.13077691726, -0.0156888619902, 1.98707902727, 0.980189747981, 0.0, -0.121419707208, -0.0236938618321, 0.0697240930989, 2.0178242853, 3.0, 2.01370379842, 2.92403525921, 1.00432380036, 1.0, -8.64098333182e-05, 2.90541853117, 1.97888588346, 1.02660642511, 2.0, -0.924147684209, 0.988264087158, 2.99857755298, 1.98744119028, -0.03092872302, 0.0664890528684, -1.0, 1.98882344454, -0.0404869229582, 0.971530855194, 0.997466679996, 1.99658295295, -0.999998874817, 0.880066992909, 1.03209866856, 1.94891880965, 95074.0, 692, 99439.0
1.01068120709, -0.00389925823441, -3.55925015813e-05, 2.99525463497, -0.0695805219463, 2.0, 0.00793711829668, 0.0310473163223, 2.22006430465, 3.0, -0.904876869301, 2.11088615039, 0.991452936542, 0.958518325595, 0.119611736746, 1.13077691726, -0.0156888619902, 1.98707902727, 0.980189747981, 0.0, -0.121419707208, -0.0236938618321, 0.0697240930989, 2.0178242853, 3.0, 2.01370379842, 2.92403525921, 1.00432380036, 1.0, -8.64098333182e-05, 2.90541853117, 1.97888588346, 1.02660642511, 2.0, -0.924147684209, 0.988264087158, 2.99857755298, 1.98744119028, -0.03092872302, 0.0664890528684, -1.0, 1.98882344454, -0.0404869229582, 0.971530855194, 0.997466679996, 1.99658295295, -0.999998874817, 0.880066992909, 1.03209866856, 1.94891880965, 95074.0, 692, 99439.0
1.01068120709, -0.00389925823441, -3.55925015813e-05, 2.99525463497, -0.0695805219463, 2.0, 0.00793711829668, 0.0310473163223, 2.22006430465, 3.0, -0.904876869301, 2.11088615039, 0.991452936542, 0.958518325595, 0.119611736746, 1.13077691726, -0.0156888619902, 1.98707902727, 0.980189747981, 0.0, -0.121419707208, -0.0236938618321, 0.0697240930989, 2.0178242853, 3.0, 2.01370379842, 2.92403525921, 1.00432380036, 1.0, -8.64098333182e-05, 2.90541853117, 1.97888588346, 1.02660642511, 2.0, -0.924147684209, 0.988264087158, 2.99857755298, 1.98744119028, -0.03092872302, 0.0664890528684, -1.0, 1.98882344454, -0.0404869229582, 0.971530855194, 0.997466679996, 1.99658295295, -0.999998874817, 0.880066992909, 1.03209866856, 1.94891880965, 95074.0, 692, 99439.0
1.01068120709, -0.00389925823441, -3.55925015813e-05, 2.99525463497, -0.0695805219463, 2.0, 0.00793711829668, 0.0310473163223, 2.22006430465, 3.0, -0.904876869301, 2.11088615039, 0.991452936542, 0.958518325595, 0.119611736746, 1.13077691726, -0.0156888619902, 1.98707902727, 0.980189747981, 0.0, -0.121419707208, -0.0236938618321, 0.0697240930989, 2.0178242853, 3.0, 2.01370379842, 2.92403525921, 1.00432380036, 1.0, -8.64098333182e-05, 2.90541853117, 1.97888588346, 1.02660642511, 2.0, -0.924147684209, 0.988264087158, 2.99857755298, 1.98744119028, -0.03092872302, 0.0664890528684, -1.0, 1.98882344454, -0.0404869229582, 0.971530855194, 0.997466679996, 1.99658295295, -0.999998874817, 0.880066992909, 1.03209866856, 1.94891880965, 95074.0, 692, 99439.0
1.01068120709, -0.00389925823441, -3.55925015813e-05, 2.99525463497, -0.0695805219463, 2.0, 0.00793711829668, 0.0310473163223, 2.22006430465, 3.0, -0.904876869301, 2.11088615039, 0.991452936542, 0.958518325595, 0.119611736746, 1.13077691726, -0.0156888619902, 1.98707902727, 0.980189747981, 0.0, -0.121419707208, -0.0236938618321, 0.0697240930989, 2.0178242853, 3.0, 2.01370379842, 2.92403525921, 1.00432380036, 1.0, -8.64098333182e-05, 2.90541853117, 1.97888588346, 1.02660642511, 2.0, -0.924147684209, 0.988264087158, 2.99857755298, 1.98744119028, -0.03092872302, 0.0664890528684, -1.0, 1.98882344454, -0.0404869229582, 0.971530855194, 0.997466679996, 1.99658295295, -0.999998874817, 0.880066992909, 1.03209866856, 1.94891880965, 95074.0, 692, 99439.0
1.01068120709, -0.00389925823441, -3.59709455209e-05, 2.99525463497, -0.0696217310751, 1.68995549476, 0.00794503071686, 0.0310473163223, 2.22052368407, 3.0, -0.90249842516, 2.11088615039, 0.991452936542, 0.987766008783, 0.119611736746, 1.13077691726, -0.0156888619902, 1.98707902727, 0.980189386755, 0.0, -0.121419707208, -0.0236938618321, 0.0674502308001, 2.0178242853, 3.0, 2.01370379842, 2.92404733289, 1.00432380036, 1.0, 0.00814612256597, 2.90541853117, 1.97888588346, 1.02550700982, 2.0, -0.968566763, 0.988264087306, 2.99998475417, 1.98744119028, -0.0309287033258, 0.0, -1.0, 1.98882344454, -0.0404869229582, 0.971515783409, 0.999759252498, 1.99658295295, -0.999910326814, 0.877981217597, 1.03209866856, 1.94891880965, 95074.0, 692, 99439.0
1.01068120709, -0.00389925823441, -3.59709455209e-05, 2.99525463497, -0.0696217310751, 1.68995549476, 0.00794503071686, 0.0310473163223, 2.22052368407, 3.0, -0.90249842516, 2.11088615039, 0.991452936542, 0.987766008783, 0.119611736746, 1.13077691726, -0.0156888619902, 1.98707902727, 0.980189386755, 0.0, -0.121419707208, -0.0236938618321, 0.0674502308001, 2.0178242853, 3.0, 2.01370379842, 2.92404733289, 1.00432380036, 1.0, 0.00814612256597, 2.90541853117, 1.97888588346, 1.02550700982, 2.0, -0.968566763, 0.988264087306, 2.99998475417, 1.98744119028, -0.0309287033258, 0.0, -1.0, 1.98882344454, -0.0404869229582, 0.971515783409, 0.999759252498, 1.99658295295, -0.999910326814, 0.877981217597, 1.03209866856, 1.94891880965, 95074.0, 692, 99439.0
1.01068120709, -0.00389925823441, -3.59709455209e-05, 2.99525463497, -0.0696217310751, 1.68995549476, 0.00794503071686, 0.0310473163223, 2.22052368407, 3.0, -0.90249842516, 2.11088615039, 0.991452936542, 0.987766008783, 0.119611736746, 1.13077691726, -0.0156888619902, 1.98707902727, 0.980189386755, 0.0, -0.121419707208, -0.0236938618321, 0.0674502308001, 2.0178242853, 3.0, 2.01370379842, 2.92404733289, 1.00432380036, 1.0, 0.00814612256597, 2.90541853117, 1.97888588346, 1.02550700982, 2.0, -0.968566763, 0.988264087306, 2.99998475417, 1.98744119028, -0.0309287033258, 0.0, -1.0, 1.98882344454, -0.0404869229582, 0.971515783409, 0.999759252498, 1.99658295295, -0.999910326814, 0.877981217597, 1.03209866856, 1.94891880965, 95074.0, 692, 99439.0
0.991102468774, -0.00389925823441, -3.59709455209e-05, 2.99525463497, -0.0662303364474, 1.98255774711, 0.00782281269136, 0.0221406552734, 2.91997234262, 3.0, -0.90420540953, 2.11088615039, 0.98355359773, -0.903498460812, 0.120144262584, 1.13077691726, -0.0157774497801, 1.98707902727, 0.980160378882, 0.0, -0.121419707208, -0.0236938618321, 0.0203006742126, 2.01718761487, 3.0, 2.01370379842, 2.95923825606, 1.00432380036, 1.0, 0.000102183420326, 2.90541853117, 1.97888588346, 1.02548047244, 2.0, -0.968065143227, 0.988264087066, 2.99996470895, 1.98767475524, -0.0309300711741, 0.0668261607084, -1.0, 1.99576050493, -0.0767309547981, 0.961255556781, 0.999759252498, 1.99927950724, -0.999998645453, 0.878000386872, 1.03009222612, 1.94891880965, 95236.0, 675, 99450.0
0.991102468774, -0.00389925823441, -3.59709455209e-05, 2.99525463497, -0.0662303364474, 1.98255774711, 0.00782281269136, 0.0221406552734, 2.91997234262, 3.0, -0.90420540953, 2.11088615039, 0.98355359773, -0.903498460812, 0.120144262584, 1.13077691726, -0.0157774497801, 1.98707902727, 0.980160378882, 0.0, -0.121419707208, -0.0236938618321, 0.0203006742126, 2.01718761487, 3.0, 2.01370379842, 2.95923825606, 1.00432380036, 1.0, 0.000102183420326, 2.90541853117, 1.97888588346, 1.02548047244, 2.0, -0.968065143227, 0.988264087066, 2.99996470895, 1.98767475524, -0.0309300711741, 0.0668261607084, -1.0, 1.99576050493, -0.0767309547981, 0.961255556781, 0.999759252498, 1.99927950724, -0.999998645453, 0.878000386872, 1.03009222612, 1.94891880965, 95236.0, 675, 99450.0
0.991102468774, -0.00389925823441, -3.59709455209e-05, 2.99525463497, -0.0662303364474, 1.98255774711, 0.00782281269136, 0.0221406552734, 2.91997234262, 3.0, -0.90420540953, 2.11088615039, 0.98355359773, -0.903498460812, 0.120144262584, 1.13077691726, -0.0157774497801, 1.98707902727, 0.980160378882, 0.0, -0.121419707208, -0.0236938618321, 0.0203006742126, 2.01718761487, 3.0, 2.01370379842, 2.95923825606, 1.00432380036, 1.0, 0.000102183420326, 2.90541853117, 1.97888588346, 1.02548047244, 2.0, -0.968065143227, 0.988264087066, 2.99996470895, 1.98767475524, -0.0309300711741, 0.0668261607084, -1.0, 1.99576050493, -0.0767309547981, 0.961255556781, 0.999759252498, 1.99927950724, -0.999998645453, 0.878000386872, 1.03009222612, 1.94891880965, 95236.0, 675, 99450.0
0.991102468774, -0.00389925823441, -3.59709455209e-05, 2.99525463497, -0.0662303364474, 1.98255774711, 0.00782281269136, 0.0221406552734, 2.91997234262, 3.0, -0.90420540953, 2.11088615039, 0.98355359773, -0.903498460812, 0.120144262584, 1.13077691726, -0.0157774497801, 1.98707902727, 0.980160378882, 0.0, -0.121419707208, -0.0236938618321, 0.0203006742126, 2.01718761487, 3.0, 2.01370379842, 2.95923825606, 1.00432380036, 1.0, 0.000102183420326, 2.90541853117, 1.97888588346, 1.02548047244, 2.0, -0.968065143227, 0.988264087066, 2.99996470895, 1.98767475524, -0.0309300711741, 0.0668261607084, -1.0, 1.99576050493, -0.0767309547981, 0.961255556781, 0.999759252498, 1.99927950724, -0.999998645453, 0.878000386872, 1.03009222612, 1.94891880965, 95236.0, 675, 99450.0
0.991102468774, -0.00389925823441, -3.59709455209e-05, 2.99525463497, -0.0662303364474, 1.98255774711, 0.00782281269136, 0.0221406552734, 2.91997234262, 3.0, -0.90420540953, 2.11088615039, 0.98355359773, -0.903498460812, 0.120144262584, 1.13077691726, -0.0157774497801, 1.98707902727, 0.980160378882, 0.0, -0.121419707208, -0.0236938618321, 0.0203006742126, 2.01718761487, 3.0, 2.01370379842, 2.95923825606, 1.00432380036, 1.0, 0.000102183420326, 2.90541853117, 1.97888588346, 1.02548047244, 2.0, -0.968065143227, 0.988264087066, 2.99996470895, 1.98767475524, -0.0309300711741, 0.0668261607084, -1.0, 1.99576050493, -0.0767309547981, 0.961255556781, 0.999759252498, 1.99927950724, -0.999998645453, 0.878000386872, 1.03009222612, 1.94891880965, 95236.0, 675, 99450.0
0.991102468774, -0.00389925823441, -3.59709455209e-05, 2.99525463497, -0.0662303364474, 1.98255774711, 0.00782281269136, 0.0221406552734, 2.91997234262, 3.0, -0.90420540953, 2.11088615039, 0.98355359773, -0.903498460812, 0.120144262584, 1.13077691726, -0.0157774497801, 1.98707902727, 0.980160378882, 0.0, -0.121419707208, -0.0236938618321, 0.0203006742126, 2.01718761487, 3.0, 2.01370379842, 2.95923825606, 1.00432380036, 1.0, 0.000102183420326, 2.90541853117, 1.97888588346, 1.02548047244, 2.0, -0.968065143227, 0.988264087066, 2.99996470895, 1.98767475524, -0.0309300711741, 0.0668261607084, -1.0, 1.99576050493, -0.0767309547981, 0.961255556781, 0.999759252498, 1.99927950724, -0.999998645453, 0.878000386872, 1.03009222612, 1.94891880965, 95236.0, 675, 99450.0
0.991102468774, -0.00389925823441, -3.59709455209e-05, 2.99525463497, -0.0662303364474, 1.98255774711, 0.00782281269136, 0.0221406552734, 2.91997234262, 3.0, -0.90420540953, 2.11088615039, 0.98355359773, -0.903498460812, 0.120144262584, 1.13077691726, -0.0157774497801, 1.98707902727, 0.980160378882, 0.0, -0.121419707208, -0.0236938618321, 0.0203006742126, 2.01718761487, 3.0, 2.01370379842, 2.95923825606, 1.00432380036, 1.0, 0.000102183420326, 2.90541853117, 1.97888588346, 1.02548047244, 2.0, -0.968065143227, 0.988264087066, 2.99996470895, 1.98767475524, -0.0309300711741, 0.0668261607084, -1.0, 1.99576050493, -0.0767309547981, 0.961255556781, 0.999759252498, 1.99927950724, -0.999998645453, 0.878000386872, 1.03009222612, 1.94891880965, 95236.0, 675, 99450.0
0.991102468774, -0.00389925823441, -3.59709455209e-05, 2.99525463497, -0.0662303364474, 1.98255774711, 0.00782281269136, 0.0221406552734, 2.91997234262, 3.0, -0.90420540953, 2.11088615039, 0.98355359773, -0.903498460812, 0.120144262584, 1.13077691726, -0.0157774497801, 1.98707902727, 0.980160378882, 0.0, -0.121419707208, -0.0236938618321, 0.0203006742126, 2.01718761487, 3.0, 2.01370379842, 2.95923825606, 1.00432380036, 1.0, 0.000102183420326, 2.90541853117, 1.97888588346, 1.02548047244, 2.0, -0.968065143227, 0.988264087066, 2.99996470895, 1.98767475524, -0.0309300711741, 0.0668261607084, -1.0, 1.99576050493, -0.0767309547981, 0.961255556781, 0.999759252498, 1.99927950724, -0.999998645453, 0.878000386872, 1.03009222612, 1.94891880965, 95236.0, 675, 99450.0
0.991102468774, -0.00389925823441, -3.59709455209e-05, 2.99525463497, -0.0662303364474, 1.98255774711, 0.00782281269136, 0.0221406552734, 2.91997234262, 3.0, -0.90420540953, 2.11088615039, 0.98355359773, -0.903498460812, 0.120144262584, 1.13077691726, -0.0157774497801, 1.98707902727, 0.980160378882, 0.0, -0.121419707208, -0.0236938618321, 0.0203006742126, 2.01718761487, 3.0, 2.01370379842, 2.95923825606, 1.00432380036, 1.0, 0.000102183420326, 2.90541853117, 1.97888588346, 1.02548047244, 2.0, -0.968065143227, 0.988264087066, 2.99996470895, 1.98767475524, -0.0309300711741, 0.0668261607084, -1.0, 1.99576050493, -0.0767309547981, 0.961255556781, 0.999759252498, 1.99927950724, -0.999998645453, 0.878000386872, 1.03009222612, 1.94891880965, 95236.0, 675, 99450.0
0.991102468774, -0.00389925823441, -3.59709455209e-05, 2.99525463497, -0.0662303364474, 1.98255774711, 0.00782281269136, 0.0221406552734, 2.91997234262, 3.0, -0.90420540953, 2.11088615039, 0.98355359773, -0.903498460812, 0.120144262584, 1.13077691726, -0.0157774497801, 1.98707902727, 0.980160378882, 0.0, -0.121419707208, -0.0236938618321, 0.0203006742126, 2.01718761487, 3.0, 2.01370379842, 2.95923825606, 1.00432380036, 1.0, 0.000102183420326, 2.90541853117, 1.97888588346, 1.02548047244, 2.0, -0.968065143227, 0.988264087066, 2.99996470895, 1.98767475524, -0.0309300711741, 0.0668261607084, -1.0, 1.99576050493, -0.0767309547981, 0.961255556781, 0.999759252498, 1.99927950724, -0.999998645453, 0.878000386872, 1.03009222612, 1.94891880965, 95236.0, 675, 99450.0
0.991102468774, -0.00389925823441, -3.59709455209e-05, 2.99525463497, -0.0662303364474, 1.98255774711, 0.00782281269136, 0.0221406552734, 2.91997234262, 3.0, -0.90420540953, 2.11088615039, 0.98355359773, -0.903498460812, 0.120144262584, 1.13077691726, -0.0157774497801, 1.98707902727, 0.980160378882, 0.0, -0.121419707208, -0.0236938618321, 0.0203006742126, 2.01718761487, 3.0, 2.01370379842, 2.95923825606, 1.00432380036, 1.0, 0.000102183420326, 2.90541853117, 1.97888588346, 1.02548047244, 2.0, -0.968065143227, 0.988264087066, 2.99996470895, 1.98767475524, -0.0309300711741, 0.0668261607084, -1.0, 1.99576050493, -0.0767309547981, 0.961255556781, 0.999759252498, 1.99927950724, -0.999998645453, 0.878000386872, 1.03009222612, 1.94891880965, 95236.0, 675, 99450.0
0.991102468774, -0.00389925823441, -3.59709455209e-05, 2.99525463497, -0.0662303364474, 1.98255774711, 0.00782281269136, 0.0221406552734, 2.91997234262, 3.0, -0.90420540953, 2.11088615039, 0.98355359773, -0.903498460812, 0.120144262584, 1.13077691726, -0.0157774497801, 1.98707902727, 0.980160378882, 0.0, -0.121419707208, -0.0236938618321, 0.0203006742126, 2.01718761487, 3.0, 2.01370379842, 2.95923825606, 1.00432380036, 1.0, 0.000102183420326, 2.90541853117, 1.97888588346, 1.02548047244, 2.0, -0.968065143227, 0.988264087066, 2.99996470895, 1.98767475524, -0.0309300711741, 0.0668261607084, -1.0, 1.99576050493, -0.0767309547981, 0.961255556781, 0.999759252498, 1.99927950724, -0.999998645453, 0.878000386872, 1.03009222612, 1.94891880965, 95236.0, 675, 99450.0
0.991102468774, -0.00389925823441, -3.59709455209e-05, 2.99525463497, -0.0662303364474, 1.75390440728, 0.00782281269136, 0.0221406552734, 2.91997234262, 3.0, -0.90420540953, 2.11088615039, 0.98355359773, -0.903498460812, 0.120144262584, 1.13077691726, -0.0157774497801, 1.98707902727, 0.980160378882, 0.0, -0.121419707208, -0.0236938618321, -0.104301916238, 2.01718761487, 3.0, 2.01370379842, 2.95923825606, 1.00432380036, 1.0, 0.000102183420326, 2.90541853117, 1.97888588346, 1.02548047244, 2.0, -0.968065143227, 0.988264087066, 2.99996470895, 1.98767475524, -0.0309300711741, 0.0668261607084, -1.0, 1.99576050493, -0.0767309547981, 0.961255556781, 0.999759252498, 1.99927950724, -0.999998645453, 0.878000386872, 1.03009222612, 1.94891880965, 95236.0, 675, 99450.0
0.991102468774, -0.00389925823441, -3.59709455209e-05, 2.99525463497, -0.0662303364474, 1.75390440728, 0.00782281269136, 0.0221406552734, 2.91997234262, 3.0, -0.90420540953, 2.11088615039, 0.98355359773, -0.903498460812, 0.120144262584, 1.13077691726, -0.0157774497801, 1.98707902727, 0.980160378882, 0.0, -0.121419707208, -0.0236938618321, -0.104301916238, 2.01718761487, 3.0, 2.01370379842, 2.95923825606, 1.00432380036, 1.0, 0.000102183420326, 2.90541853117, 1.97888588346, 1.02548047244, 2.0, -0.968065143227, 0.988264087066, 2.99996470895, 1.98767475524, -0.0309300711741, 0.0668261607084, -1.0, 1.99576050493, -0.0767309547981, 0.961255556781, 0.999759252498, 1.99927950724, -0.999998645453, 0.878000386872, 1.03009222612, 1.94891880965, 95236.0, 675, 99450.0
0.991102468774, -0.00389925823441, -3.59709455209e-05, 2.99525463497, -0.0662303364474, 1.75390440728, 0.00782281269136, 0.0221406552734, 2.91997234262, 3.0, -0.90420540953, 2.11088615039, 0.98355359773, -0.903498460812, 0.120144262584, 1.13077691726, -0.0157774497801, 1.98707902727, 0.980160378882, 0.0, -0.121419707208, -0.0236938618321, -0.104301916238, 2.01718761487, 3.0, 2.01370379842, 2.95923825606, 1.00432380036, 1.0, 0.000102183420326, 2.90541853117, 1.97888588346, 1.02548047244, 2.0, -0.968065143227, 0.988264087066, 2.99996470895, 1.98767475524, -0.0309300711741, 0.0668261607084, -1.0, 1.99576050493, -0.0767309547981, 0.961255556781, 0.999759252498, 1.99927950724, -0.999998645453, 0.878000386872, 1.03009222612, 1.94891880965, 95236.0, 675, 99450.0
0.991102468774, -0.00389925823441, -3.59709455209e-05, 2.99525463497, -0.0662303364474, 1.75390440728, 0.00782281269136, 0.0221406552734, 2.91997234262, 3.0, -0.90420540953, 2.11088615039, 0.98355359773, -0.903498460812, 0.120144262584, 1.13077691726, -0.0157774497801, 1.98707902727, 0.980160378882, 0.0, -0.121419707208, -0.0236938618321, -0.104301916238, 2.01718761487, 3.0, 2.01370379842, 2.95923825606, 1.00432380036, 1.0, 0.000102183420326, 2.90541853117, 1.97888588346, 1.02548047244, 2.0, -0.968065143227, 0.988264087066, 2.99996470895, 1.98767475524, -0.0309300711741, 0.0668261607084, -1.0, 1.99576050493, -0.0767309547981, 0.961255556781, 0.999759252498, 1.99927950724, -0.999998645453, 0.878000386872, 1.03009222612, 1.94891880965, 95236.0, 675, 99450.0
1.01068120709, -0.00389925823441, -3.55919894014e-05, 2.99525463497, -0.0695938820547, 2.0, 0.00782281269136, 0.0310473163223, 2.91997234262, 3.0, -0.902625788158, 2.11088615039, 0.991452936542, 0.988004890204, 0.119611736746, 1.13077691726, -0.0156888619902, 1.98707902727, 0.980160378882, 0.0, -0.121419707208, -0.0236938618321, 0.0217206288655, 2.0178242853, 3.0, 2.01370379842, 2.92357415378, 1.00432380036, 1.0, 0.00814612256597, 2.90541853117, 1.97888588346, 1.02662178533, 2.0, -0.968065143227, 0.988264099255, 2.999954972, 1.98744119028, -0.030929740326, 0.0, -1.0, 1.98882344454, -0.0404869229582, 0.960729669556, 0.999759252498, 1.99658295295, -0.999910816359, 0.878000386872, 1.03209866856, 1.94891880965, 95114.0, 692, 99439.0
1.01068120709, -0.00389925823441, -3.55919894014e-05, 2.99525463497, -0.0695938820547, 2.0, 0.00782281269136, 0.0310473163223, 2.91997234262, 3.0, -0.902625788158, 2.11088615039, 0.991452936542, 0.988004890204, 0.119611736746, 1.13077691726, -0.0156888619902, 1.98707902727, 0.980160378882, 0.0, -0.121419707208, -0.0236938618321, 0.0217206288655, 2.0178242853, 3.0, 2.01370379842, 2.92357415378, 1.00432380036, 1.0, 0.00814612256597, 2.90541853117, 1.97888588346, 1.02662178533, 2.0, -0.968065143227, 0.988264099255, 2.999954972, 1.98744119028, -0.030929740326, 0.0, -1.0, 1.98882344454, -0.0404869229582, 0.960729669556, 0.999759252498, 1.99658295295, -0.999910816359, 0.878000386872, 1.03209866856, 1.94891880965, 95114.0, 692, 99439.0
1.01068120709, -0.00389925823441, -3.56067233484e-05, 2.99525463497, -0.0695805219463, 2.0, 0.00793712946763, 0.0310473163223, 2.22006430465, 3.0, -0.904876869301, 2.11088615039, 0.991452936542, 0.989456787949, 0.119611736746, 1.13077691726, -0.0156888619902, 1.98707902727, 0.980189758234, 0.0, -0.121419707208, -0.0236938618321, 0.0670721432867, 2.0178242853, 3.0, 2.01370379842, 2.92404716023, 1.00432380036, 1.0, -8.64098333182e-05, 2.90541853117, 1.97888588346, 1.0255137362, 2.0, -0.923745416479, 0.988264087308, 2.99990868151, 1.98744119028, -0.03092872302, 0.0664890528684, -1.0, 1.98882344454, -0.0404869229582, 0.971531265452, 0.999756327795, 1.99658295295, -0.999904256098, 0.877995408867, 1.03209866856, 1.94891880965, 95074.0, 692, 99439.0
1.01068120709, -0.00389925823441, -3.56067233484e-05, 2.99525463497, -0.0695805219463, 2.0, 0.00793712946763, 0.0310473163223, 2.22006430465, 3.0, -0.904876869301, 2.11088615039, 0.991452936542, 0.989456787949, 0.119611736746, 1.13077691726, -0.0156888619902, 1.98707902727, 0.980189758234, 0.0, -0.121419707208, -0.0236938618321, 0.0670721432867, 2.0178242853, 3.0, 2.01370379842, 2.92404716023, 1.00432380036, 1.0, -8.64098333182e-05, 2.90541853117, 1.97888588346, 1.0255137362, 2.0, -0.923745416479, 0.988264087308, 2.99990868151, 1.98744119028, -0.03092872302, 0.0664890528684, -1.0, 1.98882344454, -0.0404869229582, 0.971531265452, 0.999756327795, 1.99658295295, -0.999904256098, 0.877995408867, 1.03209866856, 1.94891880965, 95074.0, 692, 99439.0
1.01068120709, -0.00523821985253, 9.52366848615e-07, 2.95956748987, -0.0695938820547, 1.99998231307, 0.00782415321013, 0.0310473163223, 2.92010926704, 3.0, -0.901920615782, 2.11088615039, 0.991452484612, 0.988004890204, 0.119611736746, 1.13077691726, -0.00120013235783, 2.11897460634, 0.977215894993, 0.0, -0.121419707208, -0.0395710696201, 0.0217371642928, 2.06884679669, 3.0, 2.01370379842, 2.92357415378, 1.00432380036, 1.0, 0.00814612256597, 2.90541853117, 1.97888588346, 1.02663124438, 2.0, -0.968065143227, 0.988264099255, 2.999954972, 1.98744119028, -0.030929740326, 0.0, -1.0, 2.98128304952, -0.0404869229582, 0.960729669556, 0.999759252498, 1.99658295295, -0.999910816359, 1.0183840171, 1.03209866856, 1.94915691741, 95139.0, 692, 99439.0
1.01068120709, -0.00523821985253, 9.52366848615e-07, 2.95956748987, -0.0695938820547, 1.99998231307, 0.00782415321013, 0.0310473163223, 2.92010926704, 3.0, -0.901920615782, 2.11088615039, 0.991452484612, 0.988004890204, 0.119611736746, 1.13077691726, -0.00120013235783, 2.11897460634, 0.977215894993, 0.0, -0.121419707208, -0.0395710696201, 0.0217371642928, 2.06884679669, 3.0, 2.01370379842, 2.92357415378, 1.00432380036, 1.0, 0.00814612256597, 2.90541853117, 1.97888588346, 1.02663124438, 2.0, -0.968065143227, 0.988264099255, 2.999954972, 1.98744119028, -0.030929740326, 0.0, -1.0, 2.98128304952, -0.0404869229582, 0.960729669556, 0.999759252498, 1.99658295295, -0.999910816359, 1.0183840171, 1.03209866856, 1.94915691741, 95139.0, 692, 99439.0
1.01068120709, -0.00389925823441, 0.0, 2.95898181119, -0.0637928777413, 2.0, 0.00768702347509, 0.0214446611032, 2.97715335161, 3.0, -1.0, 2.11088615039, 0.991452936542, 0.988004890204, 0.0, 1.13077691726, -0.066368819868, 1.98707902727, 0.977657929442, 0.0, -0.109412199948, -0.0227092117008, 0.0214238055525, 2.01582313951, 3.0, 2.01370379842, 2.95978512103, 1.00432380036, 1.0, 0.00814612256597, 2.90541853117, 1.97888588346, 1.02549828493, 2.0, 2.0, 0.988264087453, 2.97394649453, 2.29699965869, -0.03094929035, 0.0, -1.0, 2.95200513148, -0.076716787997, 1.00581383861, 0.999759252498, 1.99658295295, -0.986907311495, 1.01399986024, 1.03205928703, 1.94891880965, 95067.0, 710, 99425.0
1.00076263574, 0.597219702471, 0.0, 2.95025324539, 0.0, 2.0, -0.0325536926392, 0.0308540279951, -0.00147903319281, 3.0, -1.0, 2.03860648935, 1.0, -0.939427444695, 0.0, 1.96082938048, -0.0158356572435, 0.813260656173, 0.980308478749, 0.0, 2.0, 2.0, 2.99928269258, 2.95286749933, 3.0, 2.01370379842, -0.951351618087, 1.00432380036, -0.0628984004991, 0.0, 3.0, 1.81970326993, 1.0, 2.0, -0.957652810103, 0.988373431072, 2.99775796155, -0.961875914129, -0.0302391782295, 0.0, -1.0, 1.9874803268, 2.756414765, 0.00407147123824, 1.04808799981, 1.01980598081, -1.0, 1.02953089289, 1.03024189855, 1.94891880965, 95459.0, 641, 99466.0
1.01068120709, -0.00389925823441, -3.59685533283e-05, 2.99525463497, -0.0662303364474, 2.0, 0.00782281269136, 0.0310473163223, 2.91997234262, 3.0, -0.902538586057, 2.11088615039, 0.991452936542, 0.988004890204, 0.119611736746, 1.13077691726, -0.0156888619902, 1.98707902727, 0.980160378882, 0.0, -0.121419707208, -0.0236938618321, 0.0217206288655, 2.0178242853, 3.0, 2.01370379842, 2.92357231208, 1.00432380036, 1.0, 0.00814612256597, 2.90541853117, 1.97888588346, 1.02551324632, 2.0, -0.968065143227, 0.988264099271, 2.99995501279, 1.98744119028, -0.030929740326, 0.0, -1.0, 1.98882344454, -0.0404869229582, 0.961255556781, 0.999759252498, 2.09081099858, -0.999910816359, 0.878000386872, 1.03209866856, 1.94891880965, 95114.0, 692, 99439.0
1.01068120709, -0.00389925823441, -3.59685533283e-05, 2.99525463497, -0.0662303364474, 2.0, 0.00782281269136, 0.0310473163223, 2.91997234262, 3.0, -0.902538586057, 2.11088615039, 0.991452936542, 0.988004890204, 0.119611736746, 1.13077691726, -0.0156888619902, 1.98707902727, 0.980160378882, 0.0, -0.121419707208, -0.0236938618321, 0.0217206288655, 2.0178242853, 3.0, 2.01370379842, 2.92357231208, 1.00432380036, 1.0, 0.00814612256597, 2.90541853117, 1.97888588346, 1.02551324632, 2.0, -0.968065143227, 0.988264099271, 2.99995501279, 1.98744119028, -0.030929740326, 0.0, -1.0, 1.98882344454, -0.0404869229582, 0.961255556781, 0.999759252498, 2.09081099858, -0.999910816359, 0.878000386872, 1.03209866856, 1.94891880965, 95114.0, 692, 99439.0
1.01068120709, -0.00389925823441, -3.59685533283e-05, 2.99525463497, -0.0662303364474, 2.0, 0.00782281269136, 0.0310473163223, 2.91997234262, 3.0, -0.902538586057, 2.11088615039, 0.991452936542, 0.988004890204, 0.119611736746, 1.13077691726, -0.0156888619902, 1.98707902727, 0.980160378882, 0.0, -0.121419707208, -0.0236938618321, 0.0217206288655, 2.0178242853, 3.0, 2.01370379842, 2.92357231208, 1.00432380036, 1.0, 0.00814612256597, 2.90541853117, 1.97888588346, 1.02551324632, 2.0, -0.968065143227, 0.988264099271, 2.99995501279, 1.98744119028, -0.030929740326, 0.0, -1.0, 1.98882344454, -0.0404869229582, 0.961255556781, 0.999759252498, 2.09081099858, -0.999910816359, 0.878000386872, 1.03209866856, 1.94891880965, 95114.0, 692, 99439.0
1.01068120709, -0.00389925823441, -3.59685533283e-05, 2.99525463497, -0.0662303364474, 2.0, 0.00782281269136, 0.0310473163223, 2.91997234262, 3.0, -0.902538586057, 2.11088615039, 0.991452936542, 0.988004890204, 0.119611736746, 1.13077691726, -0.0156888619902, 1.98707902727, 0.980160378882, 0.0, -0.121419707208, -0.0236938618321, 0.0217206288655, 2.0178242853, 3.0, 2.01370379842, 2.92357231208, 1.00432380036, 1.0, 0.00814612256597, 2.90541853117, 1.97888588346, 1.02551324632, 2.0, -0.968065143227, 0.988264099271, 2.99995501279, 1.98744119028, -0.030929740326, 0.0, -1.0, 1.98882344454, -0.0404869229582, 0.961255556781, 0.999759252498, 2.09081099858, -0.999910816359, 0.878000386872, 1.03209866856, 1.94891880965, 95114.0, 692, 99439.0
1.01068120709, -0.00389925823441, -3.59685533283e-05, 2.99525463497, -0.0662303364474, 2.0, 0.00782281269136, 0.0310473163223, 2.91997234262, 3.0, -0.902538586057, 2.11088615039, 0.991452936542, 0.988004890204, 0.119611736746, 1.13077691726, -0.0156888619902, 1.98707902727, 0.980160378882, 0.0, -0.121419707208, -0.0236938618321, 0.0217206288655, 2.0178242853, 3.0, 2.01370379842, 2.92357231208, 1.00432380036, 1.0, 0.00814612256597, 2.90541853117, 1.97888588346, 1.02551324632, 2.0, -0.968065143227, 0.988264099271, 2.99995501279, 1.98744119028, -0.030929740326, 0.0, -1.0, 1.98882344454, -0.0404869229582, 0.961255556781, 0.999759252498, 2.09081099858, -0.999910816359, 0.878000386872, 1.03209866856, 1.94891880965, 95114.0, 692, 99439.0
1.01068120709, -0.00389925823441, -3.59685533283e-05, 2.99525463497, -0.0662303364474, 2.0, 0.00782281269136, 0.0310473163223, 2.91997234262, 3.0, -0.902538586057, 2.11088615039, 0.991452936542, 0.988004890204, 0.119611736746, 1.13077691726, -0.0156888619902, 1.98707902727, 0.980160378882, 0.0, -0.121419707208, -0.0236938618321, 0.0217206288655, 2.0178242853, 3.0, 2.01370379842, 2.92357231208, 1.00432380036, 1.0, 0.00814612256597, 2.90541853117, 1.97888588346, 1.02551324632, 2.0, -0.968065143227, 0.988264099271, 2.99995501279, 1.98744119028, -0.030929740326, 0.0, -1.0, 1.98882344454, -0.0404869229582, 0.961255556781, 0.999759252498, 2.09081099858, -0.999910816359, 0.878000386872, 1.03209866856, 1.94891880965, 95114.0, 692, 99439.0
1.01068120709, -0.00389925823441, -3.59685533283e-05, 2.99525463497, -0.0662303364474, 2.0, 0.00782281269136, 0.0310473163223, 2.91997234262, 3.0, -0.902538586057, 2.11088615039, 0.991452936542, 0.988004890204, 0.119611736746, 1.13077691726, -0.0156888619902, 1.98707902727, 0.980160378882, 0.0, -0.121419707208, -0.0236938618321, 0.0217206288655, 2.0178242853, 3.0, 2.01370379842, 2.92357231208, 1.00432380036, 1.0, 0.00814612256597, 2.90541853117, 1.97888588346, 1.02551324632, 2.0, -0.968065143227, 0.988264099271, 2.99995501279, 1.98744119028, -0.030929740326, 0.0, -1.0, 1.98882344454, -0.0404869229582, 0.961255556781, 0.999759252498, 2.09081099858, -0.999910816359, 0.878000386872, 1.03209866856, 1.94891880965, 95114.0, 692, 99439.0
1.01068120709, -0.00389925823441, -3.59685533283e-05, 2.99525463497, -0.0662303364474, 2.0, 0.00782281269136, 0.0310473163223, 2.91997234262, 3.0, -0.902538586057, 2.11088615039, 0.991452936542, 0.988004890204, 0.119611736746, 1.13077691726, -0.0156888619902, 1.98707902727, 0.980160378882, 0.0, -0.121419707208, -0.0236938618321, 0.0217206288655, 2.0178242853, 3.0, 2.01370379842, 2.92357231208, 1.00432380036, 1.0, 0.00814612256597, 2.90541853117, 1.97888588346, 1.02551324632, 2.0, -0.968065143227, 0.988264099271, 2.99995501279, 1.98744119028, -0.030929740326, 0.0, -1.0, 1.98882344454, -0.0404869229582, 0.961255556781, 0.999759252498, 2.09081099858, -0.999910816359, 0.878000386872, 1.03209866856, 1.94891880965, 95114.0, 692, 99439.0
1.01068120709, -0.00389925823441, -3.59685533283e-05, 2.99525463497, -0.0662303364474, 2.0, 0.00782281269136, 0.0310473163223, 2.91997234262, 3.0, -0.902538586057, 2.11088615039, 0.991452936542, 0.988004890204, 0.119611736746, 1.13077691726, -0.0156888619902, 1.98707902727, 0.980160378882, 0.0, -0.121419707208, -0.0236938618321, 0.0217206288655, 2.0178242853, 3.0, 2.01370379842, 2.92357231208, 1.00432380036, 1.0, 0.00814612256597, 2.90541853117, 1.97888588346, 1.02551324632, 2.0, -0.968065143227, 0.988264099271, 2.99995501279, 1.98744119028, -0.030929740326, 0.0, -1.0, 1.98882344454, -0.0404869229582, 0.961255556781, 0.999759252498, 2.09081099858, -0.999910816359, 0.878000386872, 1.03209866856, 1.94891880965, 95114.0, 692, 99439.0
1.01068120709, -0.00389925823441, -3.59685533283e-05, 2.99525463497, -0.0662303364474, 2.0, 0.00782281269136, 0.0310473163223, 2.91997234262, 3.0, -0.902538586057, 2.11088615039, 0.991452936542, 0.988004890204, 0.119611736746, 1.13077691726, -0.0156888619902, 1.98707902727, 0.980160378882, 0.0, -0.121419707208, -0.0236938618321, 0.0217206288655, 2.0178242853, 3.0, 2.01370379842, 2.92357231208, 1.00432380036, 1.0, 0.00814612256597, 2.90541853117, 1.97888588346, 1.02551324632, 2.0, -0.968065143227, 0.988264099271, 2.99995501279, 1.98744119028, -0.030929740326, 0.0, -1.0, 1.98882344454, -0.0404869229582, 0.961255556781, 0.999759252498, 2.09081099858, -0.999910816359, 0.878000386872, 1.03209866856, 1.94891880965, 95114.0, 692, 99439.0
1.01068120709, -0.00389925823441, -3.59685533283e-05, 2.99525463497, -0.0662303364474, 2.0, 0.00782281269136, 0.0310473163223, 2.91997234262, 3.0, -0.902538586057, 2.11088615039, 0.991452936542, 0.988004890204, 0.119611736746, 1.13077691726, -0.0156888619902, 1.98707902727, 0.980160378882, 0.0, -0.121419707208, -0.0236938618321, 0.0217206288655, 2.0178242853, 3.0, 2.01370379842, 2.92357231208, 1.00432380036, 1.0, 0.00814612256597, 2.90541853117, 1.97888588346, 1.02551324632, 2.0, -0.968065143227, 0.988264099271, 2.99995501279, 1.98744119028, -0.030929740326, 0.0, -1.0, 1.98882344454, -0.0404869229582, 0.961255556781, 0.999759252498, 2.09081099858, -0.999910816359, 0.878000386872, 1.03209866856, 1.94891880965, 95114.0, 692, 99439.0
1.01068120709, -0.00389925823441, -3.59685533283e-05, 2.99525463497, -0.0662303364474, 2.0, 0.00782281269136, 0.0310473163223, 2.91997234262, 3.0, -0.902538586057, 2.11088615039, 0.991452936542, 0.988004890204, 0.119611736746, 1.13077691726, -0.0156888619902, 1.98707902727, 0.980160378882, 0.0, -0.121419707208, -0.0236938618321, 0.0217206288655, 2.0178242853, 3.0, 2.01370379842, 2.92357231208, 1.00432380036, 1.0, 0.00814612256597, 2.90541853117, 1.97888588346, 1.02551324632, 2.0, -0.968065143227, 0.988264099271, 2.99995501279, 1.98744119028, -0.030929740326, 0.0, -1.0, 1.98882344454, -0.0404869229582, 0.961255556781, 0.999759252498, 2.09081099858, -0.999910816359, 0.878000386872, 1.03209866856, 1.94891880965, 95114.0, 692, 99439.0
1.01068120709, -0.00389925823441, -3.59685533283e-05, 2.99525463497, -0.0662303364474, 2.0, 0.00782281269136, 0.0310473163223, 2.91997234262, 3.0, -0.902538586057, 2.11088615039, 0.991452936542, 0.988004890204, 0.119611736746, 1.13077691726, -0.0156888619902, 1.98707902727, 0.980160378882, 0.0, -0.121419707208, -0.0236938618321, 0.0217206288655, 2.0178242853, 3.0, 2.01370379842, 2.92357231208, 1.00432380036, 1.0, 0.00814612256597, 2.90541853117, 1.97888588346, 1.02551324632, 2.0, -0.968065143227, 0.988264099271, 2.99995501279, 1.98744119028, -0.030929740326, 0.0, -1.0, 1.98882344454, -0.0404869229582, 0.961255556781, 0.999759252498, 2.09081099858, -0.999910816359, 0.878000386872, 1.03209866856, 1.94891880965, 95114.0, 692, 99439.0
1.01068120709, -0.00389925823441, -3.59685533283e-05, 2.99525463497, -0.0662303364474, 2.0, 0.00782281269136, 0.0310473163223, 2.91997234262, 3.0, -0.902538586057, 2.11088615039, 0.991452936542, 0.988004890204, 0.119611736746, 1.13077691726, -0.0156888619902, 1.98707902727, 0.980160378882, 0.0, -0.121419707208, -0.0236938618321, 0.0217206288655, 2.0178242853, 3.0, 2.01370379842, 2.92357231208, 1.00432380036, 1.0, 0.00814612256597, 2.90541853117, 1.97888588346, 1.02551324632, 2.0, -0.968065143227, 0.988264099271, 2.99995501279, 1.98744119028, -0.030929740326, 0.0, -1.0, 1.98882344454, -0.0404869229582, 0.961255556781, 0.999759252498, 2.09081099858, -0.999910816359, 0.878000386872, 1.03209866856, 1.94891880965, 95114.0, 692, 99439.0
1.01068120709, -0.00389925823441, -3.59685533283e-05, 2.99525463497, -0.0662303364474, 2.0, 0.00782281269136, 0.0310473163223, 2.91997234262, 3.0, -0.902538586057, 2.11088615039, 0.991452936542, 0.988004890204, 0.119611736746, 1.13077691726, -0.0156888619902, 1.98707902727, 0.980160378882, 0.0, -0.121419707208, -0.0236938618321, 0.0217206288655, 2.0178242853, 3.0, 2.01370379842, 2.92357231208, 1.00432380036, 1.0, 0.00814612256597, 2.90541853117, 1.97888588346, 1.02551324632, 2.0, -0.968065143227, 0.988264099271, 2.99995501279, 1.98744119028, -0.030929740326, 0.0, -1.0, 1.98882344454, -0.0404869229582, 0.961255556781, 0.999759252498, 2.09081099858, -0.999910816359, 0.878000386872, 1.03209866856, 1.94891880965, 95114.0, 692, 99439.0
1.01068120709, -0.00389925823441, -3.59685533283e-05, 2.99525463497, -0.0662303364474, 2.0, 0.00782281269136, 0.0310473163223, 2.91997234262, 3.0, -0.902538586057, 2.11088615039, 0.991452936542, 0.988004890204, 0.119611736746, 1.13077691726, -0.0156888619902, 1.98707902727, 0.980160378882, 0.0, -0.121419707208, -0.0236938618321, 0.0217206288655, 2.0178242853, 3.0, 2.01370379842, 2.92357231208, 1.00432380036, 1.0, 0.00814612256597, 2.90541853117, 1.97888588346, 1.02551324632, 2.0, -0.968065143227, 0.988264099271, 2.99995501279, 1.98744119028, -0.030929740326, 0.0, -1.0, 1.98882344454, -0.0404869229582, 0.961255556781, 0.999759252498, 2.09081099858, -0.999910816359, 0.878000386872, 1.03209866856, 1.94891880965, 95114.0, 692, 99439.0
1.00018170424, -0.00389925823441, -3.58226318928e-05, 2.99525463497, -0.0662303364474, 1.98255774711, 0.00768344095739, 0.0219405023472, -0.205004101872, 3.0, -0.897477207672, 2.11088615039, 0.98355359773, -0.940659749007, 0.120144262584, 1.13255760526, -0.0157689988931, 1.98763841439, 0.980308997075, 0.0, -0.121419707208, 2.23138811552, 0.0409203985565, 2.01870774155, 3.0, 2.01370379842, 2.95923825606, 1.00432380036, 1.00743148487, 9.92599330534e-05, 2.9973414622, 1.98057135195, 1.02506094608, 2.0, -0.957715486169, 0.988264087066, 2.99994637328, -0.920212633111, -0.030996259236, 0.0668261607084, -1.0, 1.99528331039, -0.0767309547981, 0.945512822798, 0.999759252498, 1.99206228997, -0.999999994106, 0.874429131626, 1.03008627314, 1.94891880965, 95254.0, 657, 99460.0
1.00018170424, -0.00389925823441, -3.58226318928e-05, 2.99525463497, -0.0662303364474, 1.98255774711, 0.00768344095739, 0.0219405023472, -0.205004101872, 3.0, -0.897477207672, 2.11088615039, 0.98355359773, -0.940659749007, 0.120144262584, 1.13255760526, -0.0157689988931, 1.98763841439, 0.980308997075, 0.0, -0.121419707208, 2.23138811552, 0.0409203985565, 2.01870774155, 3.0, 2.01370379842, 2.95923825606, 1.00432380036, 1.00743148487, 9.92599330534e-05, 2.9973414622, 1.98057135195, 1.02506094608, 2.0, -0.957715486169, 0.988264087066, 2.99994637328, -0.920212633111, -0.030996259236, 0.0668261607084, -1.0, 1.99528331039, -0.0767309547981, 0.945512822798, 0.999759252498, 1.99206228997, -0.999999994106, 0.874429131626, 1.03008627314, 1.94891880965, 95254.0, 657, 99460.0
1.00018170424, -0.00389925823441, -3.58226318928e-05, 2.99525463497, -0.0662303364474, 1.98255774711, 0.00768344095739, 0.0219405023472, -0.205004101872, 3.0, -0.897477207672, 2.11088615039, 0.98355359773, -0.940659749007, 0.120144262584, 1.13255760526, -0.0157689988931, 1.98763841439, 0.980308997075, 0.0, -0.121419707208, 2.23138811552, 0.0409203985565, 2.01870774155, 3.0, 2.01370379842, 2.95923825606, 1.00432380036, 1.00743148487, 9.92599330534e-05, 2.9973414622, 1.98057135195, 1.02506094608, 2.0, -0.957715486169, 0.988264087066, 2.99994637328, -0.920212633111, -0.030996259236, 0.0668261607084, -1.0, 1.99528331039, -0.0767309547981, 0.945512822798, 0.999759252498, 1.99206228997, -0.999999994106, 0.874429131626, 1.03008627314, 1.94891880965, 95254.0, 657, 99460.0
0.991118096208, -0.00389925823441, -3.59709455209e-05, 2.99525463497, -0.0662303364474, 1.99947745735, 0.00782281269136, 0.0221406552734, 2.91997234262, 3.0, -0.90420540953, 2.18695114722, 0.98355359773, 0.964883648054, 0.120144262584, 1.13077691726, -0.0156902929837, 1.98707902727, 0.980160378882, 0.0, -0.121419707208, -0.0236938618321, 0.0216994025323, 2.01718761487, 3.0, 2.01370379842, 2.95923825606, 1.00432380036, 1.0, 0.000102183420326, 2.90541853117, 1.97888588346, 1.02548047244, 2.0, -0.968065143227, 0.98826408681, 2.99996470895, 1.98766851004, -0.0309300711741, 0.0668261607084, -1.0, 1.99576050493, -0.0400884668486, 0.961255556781, 0.999759252498, 1.99927950724, -0.999912431976, 0.878000386872, 1.03201141555, 1.94891880965, 95114.0, 692, 99439.0
0.991118096208, -0.00389925823441, -3.59709455209e-05, 2.99525463497, -0.0662303364474, 1.99947745735, 0.00782281269136, 0.0221406552734, 2.91997234262, 3.0, -0.90420540953, 2.18695114722, 0.98355359773, 0.964883648054, 0.120144262584, 1.13077691726, -0.0156902929837, 1.98707902727, 0.980160378882, 0.0, -0.121419707208, -0.0236938618321, 0.0216994025323, 2.01718761487, 3.0, 2.01370379842, 2.95923825606, 1.00432380036, 1.0, 0.000102183420326, 2.90541853117, 1.97888588346, 1.02548047244, 2.0, -0.968065143227, 0.98826408681, 2.99996470895, 1.98766851004, -0.0309300711741, 0.0668261607084, -1.0, 1.99576050493, -0.0400884668486, 0.961255556781, 0.999759252498, 1.99927950724, -0.999912431976, 0.878000386872, 1.03201141555, 1.94891880965, 95114.0, 692, 99439.0
0.991118096208, -0.00389925823441, -3.59709455209e-05, 2.99525463497, -0.0662303364474, 1.99947745735, 0.00782281269136, 0.0221406552734, 2.91997234262, 3.0, -0.90420540953, 2.18695114722, 0.98355359773, 0.964883648054, 0.120144262584, 1.13077691726, -0.0156902929837, 1.98707902727, 0.980160378882, 0.0, -0.121419707208, -0.0236938618321, 0.0216994025323, 2.01718761487, 3.0, 2.01370379842, 2.95923825606, 1.00432380036, 1.0, 0.000102183420326, 2.90541853117, 1.97888588346, 1.02548047244, 2.0, -0.968065143227, 0.98826408681, 2.99996470895, 1.98766851004, -0.0309300711741, 0.0668261607084, -1.0, 1.99576050493, -0.0400884668486, 0.961255556781, 0.999759252498, 1.99927950724, -0.999912431976, 0.878000386872, 1.03201141555, 1.94891880965, 95114.0, 692, 99439.0
0.991102468774, -0.0507746454739, -3.59709455209e-05, 2.99525463497, -0.0662303364474, 1.98255774711, 0.00782281269136, 0.0221406552734, 2.91997234262, 3.0, -0.90420540953, 2.11088615039, 0.98355359773, -0.903498460812, 0.120144262584, 1.13077691726, -0.0157774497801, 1.98707902727, 0.980160378882, 0.0, -0.121419707208, -0.0236938618321, 0.0253050964515, 2.01718761487, 3.0, 2.01370379842, 2.95923825606, 1.00432380036, 1.0, 0.000102183420326, 2.90541853117, 1.97888588346, 1.02548047244, 2.0, -0.968065143227, 0.988264087066, 2.99996470895, 1.98767475524, -0.0309300711741, 0.0668261607084, -1.0, 1.99576050493, -0.0767309547981, 0.961255556781, 0.999759252498, 1.99927950724, -0.999998645453, 0.878000386872, 1.03009222612, 1.94891880965, 95236.0, 675, 99450.0
2.0, 3.0, -1.0, 2.80273730988, 0.0, 2.0, -0.0283914878766, 1.07358229156, 3.0, 1.95979043774, 3.0, 1.0, 0.0, -1.0, -0.0375209468164, 0.0319524561169, -0.015574929791, 2.93068571303, 1.0, 0.0, 2.0, -1.0, 1.02248417395, 3.0, -1.0, -0.00797841918382, 0.0, 1.93198784667, -1.0, 2.99076353137, 3.0, 2.0, 0.0, 2.0, -0.997620630657, 0.0, 2.97269900079, 1.9839946053, 2.0, 2.98805526679, 1.0, -1.0, 2.75050002927, 0.00521723861903, 2.93832644031, 2.0, -0.969458297131, 1.99338957762, 1.0, 0.0, 95888.0, 630, 99482.0
1.00079538656, 0.597219702471, 0.0, -0.995793710615, 0.0, 2.95907775777, -0.0325536926392, 0.0308540279951, -0.0297846839352, 3.0, -0.990424570455, 2.03942807048, 1.0, -0.939335162162, 0.0, 1.97365133279, -0.0150922301347, 0.812603923003, 2.83361491609, 2.03448321372, 0.981003854131, 2.0, 2.96034115824, 2.99067083204, 0.928767559242, 2.01370379842, -0.951354053821, 1.00526520377, -0.0636121874689, 0.0, 3.0, 1.81970326993, 1.00004471656, 1.9974322174, 1.04348959891, 0.988038697169, 2.99773659023, -0.962437165935, -0.0302391782295, 0.0, 1.98564558478, 1.9874803268, 2.75642509733, 0.0230955438989, 1.07741444838, 1.01980598081, -0.99529043185, 1.02953089289, 2.92647944252, 2.00152791146, 95387.0, 653, 99451.0
1.00079538656, 0.597219702471, 0.0, -0.995793710615, 0.0, 2.95907775777, -0.0325536926392, 0.0308540279951, -0.0297846839352, 3.0, -0.990424570455, 2.03942807048, 1.0, -0.939335162162, 0.0, 1.97365133279, -0.0150922301347, 0.812603923003, 2.83361491609, 2.03448321372, 0.981003854131, 2.0, 2.96034115824, 2.99067083204, 0.928767559242, 2.01370379842, -0.951354053821, 1.00526520377, -0.0636121874689, 0.0, 3.0, 1.81970326993, 1.00004471656, 1.9974322174, 1.04348959891, 0.988038697169, 2.99773659023, -0.962437165935, -0.0302391782295, 0.0, 1.98564558478, 1.9874803268, 2.75642509733, 0.0230955438989, 1.07741444838, 1.01980598081, -0.99529043185, 1.02953089289, 2.92647944252, 2.00152791146, 95387.0, 653, 99451.0
1.00079538656, 0.597219702471, 0.0, -0.995793710615, 0.0, 2.95907775777, -0.0325536926392, 0.0308540279951, -0.0297846839352, 3.0, -0.990424570455, 2.03942807048, 1.0, -0.939335162162, 0.0, 1.97365133279, -0.0150922301347, 0.812603923003, 2.83361491609, 2.03448321372, 0.981003854131, 2.0, 2.96034115824, 2.99067083204, 0.928767559242, 2.01370379842, -0.951354053821, 1.00526520377, -0.0636121874689, 0.0, 3.0, 1.81970326993, 1.00004471656, 1.9974322174, 1.04348959891, 0.988038697169, 2.99773659023, -0.962437165935, -0.0302391782295, 0.0, 1.98564558478, 1.9874803268, 2.75642509733, 0.0230955438989, 1.07741444838, 1.01980598081, -0.99529043185, 1.02953089289, 2.92647944252, 2.00152791146, 95387.0, 653, 99451.0
1.00079538656, 0.597219702471, 0.0, -0.995793710615, 0.0, 2.95907775777, -0.0325536926392, 0.0308540279951, -0.0297846839352, 3.0, -0.990424570455, 2.03942807048, 1.0, -0.939335162162, 0.0, 1.97365133279, -0.0150922301347, 0.812603923003, 2.83361491609, 2.03448321372, 0.981003854131, 2.0, 2.96034115824, 2.99067083204, 0.928767559242, 2.01370379842, -0.951354053821, 1.00526520377, -0.0636121874689, 0.0, 3.0, 1.81970326993, 1.00004471656, 1.9974322174, 1.04348959891, 0.988038697169, 2.99773659023, -0.962437165935, -0.0302391782295, 0.0, 1.98564558478, 1.9874803268, 2.75642509733, 0.0230955438989, 1.07741444838, 1.01980598081, -0.99529043185, 1.02953089289, 2.92647944252, 2.00152791146, 95387.0, 653, 99451.0
1.00079538656, 0.597219702471, 0.0, -0.995793710615, 0.0, 2.95907775777, -0.0325536926392, 0.0308540279951, -0.0297846839352, 3.0, -0.990424570455, 2.03942807048, 1.0, -0.939335162162, 0.0, 1.97365133279, -0.0150922301347, 0.812603923003, 2.83361491609, 2.03448321372, 0.981003854131, 2.0, 2.96034115824, 2.99067083204, 0.928767559242, 2.01370379842, -0.951354053821, 1.00526520377, -0.0636121874689, 0.0, 3.0, 1.81970326993, 1.00004471656, 1.9974322174, 1.04348959891, 0.988038697169, 2.99773659023, -0.962437165935, -0.0302391782295, 0.0, 1.98564558478, 1.9874803268, 2.75642509733, 0.0230955438989, 1.07741444838, 1.01980598081, -0.99529043185, 1.02953089289, 2.92647944252, 2.00152791146, 95387.0, 653, 99451.0
1.00079538656, 0.597219702471, 0.0, -0.995793710615, 0.0, 2.95907775777, -0.0325536926392, 0.0308540279951, -0.0297846839352, 3.0, -0.990424570455, 2.03942807048, 1.0, -0.939335162162, 0.0, 1.97365133279, -0.0150922301347, 0.812603923003, 2.83361491609, 2.03448321372, 0.981003854131, 2.0, 2.96034115824, 2.99067083204, 0.928767559242, 2.01370379842, -0.951354053821, 1.00526520377, -0.0636121874689, 0.0, 3.0, 1.81970326993, 1.00004471656, 1.9974322174, 1.04348959891, 0.988038697169, 2.99773659023, -0.962437165935, -0.0302391782295, 0.0, 1.98564558478, 1.9874803268, 2.75642509733, 0.0230955438989, 1.07741444838, 1.01980598081, -0.99529043185, 1.02953089289, 2.92647944252, 2.00152791146, 95387.0, 653, 99451.0
1.00079538656, 0.597219702471, 0.0, -0.977826947912, 0.0, 2.00028740634, -0.0325536926392, 0.0308540279951, -0.0297846839352, 3.0, -0.990424570455, 2.03942635335, 1.0, -0.939335162162, 0.0, 1.97365133279, -0.0150922301347, 0.812599046943, 2.81047564179, 2.03434815974, 0.981003854131, 2.0, 2.96034115824, 2.95313818715, 0.945647282602, 2.01370379842, -0.951354053821, 1.00525955548, -0.0628860073961, 0.0, 3.0, 1.81974373783, 1.00000065693, 1.9974322174, 1.06434038075, 0.988030340798, 2.99773669463, -0.962437165935, -0.0302391782295, 0.0, 1.98564558478, 1.9874803268, 2.75642509733, 0.00435748897287, 0.756172814024, 1.01980598081, -0.995250404623, 1.02953537668, 2.92647944252, 2.00152791146, 95355.0, 653, 99451.0
1.01068120709, -0.00389925823441, -3.59709455209e-05, 2.99525463497, -0.0696217310751, 1.97187709379, 0.00794503071686, 0.0310473163223, 2.22052368407, 3.0, -0.90249842516, 2.11088615039, 0.991715665712, -0.950487742234, 0.119602822299, 1.13076545638, -0.0156888619902, 1.98707902727, 0.980307259056, 0.0, -0.121419707208, -0.0236938618321, 0.0674502308001, 2.0178242853, 3.0, 2.01370379842, 2.95968220669, 1.00432380036, 0.999801644115, 0.00814612256597, 2.99636156652, 1.9805561244, 1.02550700982, 2.0, -0.968566763, 0.988264087306, 2.99998475417, 2.03141252864, -0.0309287033258, 0.0, -1.0, 1.99498602225, -0.0440141113803, 0.945516776186, 0.999759252498, 1.99660075709, -0.999999338075, 0.874429629952, 1.03211171237, 1.94891880965, 95196.0, 675, 99450.0
1.01068120709, -0.00389925823441, -3.59709455209e-05, 2.99525463497, -0.0696217310751, 1.97187709379, 0.00794503071686, 0.0310473163223, 2.22052368407, 3.0, -0.90249842516, 2.11088615039, 0.991715665712, -0.950487742234, 0.119602822299, 1.13076545638, -0.0156888619902, 1.98707902727, 0.980307259056, 0.0, -0.121419707208, -0.0236938618321, 0.0674502308001, 2.0178242853, 3.0, 2.01370379842, 2.95968220669, 1.00432380036, 0.999801644115, 0.00814612256597, 2.99636156652, 1.9805561244, 1.02550700982, 2.0, -0.968566763, 0.988264087306, 2.99998475417, 2.03141252864, -0.0309287033258, 0.0, -1.0, 1.99498602225, -0.0440141113803, 0.945516776186, 0.999759252498, 1.99660075709, -0.999999338075, 0.874429629952, 1.03211171237, 1.94891880965, 95196.0, 675, 99450.0
1.01068120709, -0.00389925823441, -3.59709455209e-05, 2.99525463497, -0.0696217310751, 1.97187709379, 0.00794503071686, 0.0310473163223, 2.22052368407, 3.0, -0.90249842516, 2.11088615039, 0.991715665712, -0.950487742234, 0.119602822299, 1.13076545638, -0.0156888619902, 1.98707902727, 0.980307259056, 0.0, -0.121419707208, -0.0236938618321, 0.0674502308001, 2.0178242853, 3.0, 2.01370379842, 2.95968220669, 1.00432380036, 0.999801644115, 0.00814612256597, 2.99636156652, 1.9805561244, 1.02550700982, 2.0, -0.968566763, 0.988264087306, 2.99998475417, 2.03141252864, -0.0309287033258, 0.0, -1.0, 1.99498602225, -0.0440141113803, 0.945516776186, 0.999759252498, 1.99660075709, -0.999999338075, 0.874429629952, 1.03211171237, 1.94891880965, 95196.0, 675, 99450.0
