-1.0, 1.0, -1.0, 0.0, 0.0, -1.0, 2.0, 3.0, -1.0, -1.0, 3.0, 0.0, 1.0, 1.0, -1.0, 1.0, -1.0, 2.0, 2.0, 2.0, 1.0, 2.0, -1.0, -1.0, -1.0, 3.0, -1.0, 3.0, 3.0, -1.0, 0.0, 3.0, -1.0, 2.0, -1.0, -1.0, 1.0, 2.0, 3.0, 1.0, 2.0, -1.0, 0.0, 2.0, 2.0, 1.0, 0.0, -1.0, 2.0, 0.0, 97297.0, 442.0, 99556.0
-1.0, 1.0, -1.0, 0.0, 0.0, -1.0, 2.0, 3.0, -1.0, -1.0, 3.0, 0.0, 1.0, 1.0, -1.0, 1.0, -1.0, 2.0, 2.0, 2.0, 1.0, 2.0, -1.0, -1.0, -1.0, 3.0, -1.0, 3.0, 3.0, -1.0, 0.0, 3.0, -1.0, 2.0, -1.0, -1.0, 1.0, 2.0, 3.0, 1.0, 2.0, -1.0, 0.0, 2.0, 2.0, 1.0, 0.0, -1.0, 2.0, 0.0, 97297.0, 442.0, 99556.0
-1.0, 1.0, -1.0, 0.0, 0.0, -1.0, 2.0, 3.0, -1.0, -1.0, 3.0, 0.0, 1.0, 1.0, -1.0, 1.0, -1.0, 2.0, 2.0, 2.0, 1.0, 2.0, 1.0, -1.0, -1.0, 3.0, -1.0, 3.0, 3.0, -1.0, 0.0, 3.0, -1.0, 2.0, -1.0, -1.0, 1.0, 2.0, 3.0, 1.0, 2.0, -1.0, 0.0, 2.0, 1.0, 1.0, 0.0, 0.0, 2.0, 0.0, 97050.0, 472.0, 99535.0
0.0, 1.0, 1.0, 1.0, -1.0, 2.0, -1.0, 0.0, -1.0, 3.0, 0.0, 1.0, 1.0, 2.0, -1.0, 0.0, -1.0, 1.0, 3.0, -1.0, 0.0, -1.0, -1.0, 0.0, -1.0, -1.0, 2.0, 3.0, 2.0, 0.0, 1.0, 0.0, 1.0, 2.0, 2.0, 3.0, 0.0, 2.0, -1.0, -1.0, 1.0, -1.0, -1.0, 0.0, -1.0, 0.0, 0.0, -1.0, 1.0, 0.0, 96952.0, 456.0, 99541.0
0.0, 0.0, 1.0, 1.0, 3.0, -1.0, 0.0, 0.0, 1.0, 1.0, 1.0, -1.0, 3.0, 1.0, -1.0, 1.0, 1.0, 2.0, 1.0, 3.0, 2.0, 2.0, -1.0, 0.0, -1.0, -1.0, 0.0, 0.0, 0.0, 0.0, 0.0, 3.0, -1.0, 0.0, -1.0, -1.0, 1.0, 0.0, -1.0, 3.0, 2.0, 1.0, -1.0, 3.0, 1.0, 1.0, 0.0, -1.0, -1.0, 0.0, 96460.0, 499.0, 99486.0
0.0, 1.0, 1.0, 1.0, -1.0, 2.0, -1.0, 0.0, -1.0, 3.0, 0.0, 1.0, 1.0, 2.0, -1.0, 0.0, -1.0, 1.0, 3.0, -1.0, 0.0, -1.0, -1.0, 0.0, 1.0, -1.0, 2.0, 3.0, 2.0, 0.0, 1.0, 0.0, 1.0, 2.0, 2.0, 3.0, 0.0, 2.0, -1.0, -1.0, 1.0, -1.0, -1.0, 0.0, -1.0, 0.0, 0.0, -1.0, 1.0, 0.0, 96883.0, 475.0, 99529.0
1.0, 1.0, -1.0, 0.0, 0.0, -1.0, 2.0, 3.0, -1.0, -1.0, 3.0, 0.0, 1.0, 1.0, -1.0, 1.0, -1.0, 2.0, 0.0, 2.0, 1.0, 2.0, 1.0, -1.0, -1.0, 3.0, -1.0, 3.0, 0.0, 0.0, 0.0, 3.0, -1.0, 2.0, -1.0, -1.0, 2.0, 2.0, 3.0, 1.0, 2.0, -1.0, 0.0, 2.0, 2.0, 1.0, 0.0, 0.0, -1.0, 0.0, 96758.0, 485.0, 99512.0
1.0, 1.0, -1.0, 0.0, 0.0, -1.0, 2.0, 3.0, -1.0, -1.0, 3.0, 0.0, 1.0, 1.0, -1.0, 1.0, -1.0, 2.0, 0.0, 2.0, 1.0, 2.0, 1.0, -1.0, -1.0, 3.0, -1.0, 3.0, 3.0, 0.0, 0.0, 3.0, -1.0, 2.0, -1.0, -1.0, 2.0, 2.0, 3.0, 1.0, 2.0, -1.0, 0.0, 2.0, 2.0, 1.0, 0.0, 0.0, 2.0, 0.0, 96816.0, 495.0, 99505.0
1.0, 1.0, -1.0, 0.0, 0.0, -1.0, 2.0, 3.0, -1.0, -1.0, 3.0, 0.0, 1.0, 1.0, -1.0, 1.0, -1.0, 2.0, 0.0, 2.0, 1.0, 2.0, 1.0, -1.0, -1.0, 3.0, -1.0, 3.0, 0.0, 0.0, 0.0, 3.0, -1.0, 2.0, -1.0, -1.0, 2.0, 2.0, 3.0, 1.0, 2.0, -1.0, 0.0, 2.0, 2.0, 1.0, 0.0, 0.0, -1.0, 0.0, 96758.0, 485.0, 99512.0
1.0, 2.0, 0.0, 3.0, 1.0, -1.0, 3.0, 2.0, -1.0, 1.0, 3.0, 0.0, 3.0, 1.0, -1.0, 1.0, 3.0, 1.0, 0.0, 0.0, 3.0, -1.0, -1.0, 0.0, -1.0, -1.0, 0.0, 2.0, 2.0, 0.0, 1.0, 2.0, 0.0, 1.0, 1.0, -1.0, 2.0, 3.0, 2.0, 0.0, 3.0, -1.0, -1.0, 3.0, 1.0, 3.0, 0.0, -1.0, 3.0, 1.0, 96954.0, 523.0, 99468.0
1.0, 1.0, -1.0, 0.0, 0.0, -1.0, 2.0, 3.0, -1.0, -1.0, 3.0, 0.0, 1.0, 1.0, -1.0, 1.0, -1.0, 2.0, 0.0, 2.0, 1.0, 2.0, 1.0, -1.0, -1.0, 3.0, -1.0, 3.0, 3.0, 0.0, 0.0, 3.0, -1.0, 2.0, -1.0, -1.0, 2.0, 2.0, 3.0, 1.0, 2.0, -1.0, 0.0, 2.0, 2.0, 1.0, 0.0, 0.0, 2.0, 0.0, 96816.0, 495.0, 99505.0
0.0, 0.0, 1.0, 1.0, 3.0, -1.0, 0.0, 0.0, 1.0, 1.0, 1.0, -1.0, 3.0, 1.0, -1.0, 1.0, 1.0, 2.0, 1.0, 3.0, 2.0, 2.0, -1.0, 0.0, 1.0, -1.0, 0.0, 0.0, 0.0, 0.0, 0.0, 3.0, -1.0, 0.0, -1.0, -1.0, 1.0, 0.0, -1.0, 3.0, 2.0, 1.0, -1.0, 3.0, 1.0, 1.0, 0.0, -1.0, -1.0, 0.0, 96391.0, 518.0, 99474.0
1.0, 2.0, 0.0, 3.0, 2.0, 2.0, 3.0, 2.0, -1.0, 0.0, 3.0, 0.0, 3.0, 1.0, -1.0, 1.0, 3.0, 1.0, 0.0, 0.0, 3.0, -1.0, -1.0, 0.0, -1.0, 1.0, 0.0, 2.0, 2.0, 0.0, 1.0, 2.0, 0.0, 1.0, 1.0, -1.0, 2.0, 3.0, 2.0, 0.0, 3.0, -1.0, -1.0, 2.0, 1.0, 3.0, 0.0, 0.0, 3.0, 1.0, 96646.0, 578.0, 99432.0
0.0, 0.0, 1.0, 1.0, 3.0, -1.0, 0.0, 0.0, 1.0, 1.0, 1.0, -1.0, 3.0, 1.0, -1.0, 1.0, 1.0, 2.0, 1.0, 3.0, 2.0, 2.0, -1.0, 0.0, -1.0, -1.0, 0.0, 0.0, 3.0, 0.0, 0.0, 3.0, -1.0, 0.0, -1.0, -1.0, 1.0, 0.0, -1.0, 3.0, 2.0, 1.0, -1.0, 3.0, 1.0, 1.0, 0.0, -1.0, 2.0, 3.0, 96605.0, 509.0, 99479.0
0.0, 0.0, 1.0, 1.0, 3.0, -1.0, 0.0, 0.0, 1.0, 1.0, 1.0, -1.0, 3.0, 1.0, -1.0, 1.0, 1.0, 2.0, 1.0, 3.0, 2.0, 2.0, -1.0, 0.0, -1.0, -1.0, 0.0, 0.0, 3.0, 0.0, 0.0, 3.0, -1.0, 0.0, -1.0, -1.0, 1.0, 0.0, -1.0, 3.0, 2.0, 1.0, -1.0, 3.0, 1.0, 1.0, 0.0, -1.0, 2.0, 3.0, 96605.0, 509.0, 99479.0
1.0, 2.0, 1.0, 3.0, 1.0, 2.0, 3.0, 2.0, -1.0, 1.0, 1.0, 0.0, 3.0, 1.0, -1.0, 1.0, 3.0, 1.0, 0.0, 0.0, 3.0, -1.0, -1.0, 0.0, -1.0, -1.0, 0.0, 2.0, 2.0, 0.0, 1.0, 2.0, 0.0, 1.0, 1.0, -1.0, 2.0, 3.0, 2.0, 0.0, 3.0, -1.0, -1.0, 3.0, 1.0, 3.0, 0.0, -1.0, 3.0, 1.0, 96871.0, 541.0, 99455.0
1.0, 2.0, 0.0, 3.0, 1.0, 2.0, 3.0, 2.0, -1.0, 1.0, 1.0, 0.0, 3.0, 1.0, -1.0, 1.0, 3.0, 1.0, 0.0, 0.0, 3.0, -1.0, -1.0, 0.0, -1.0, -1.0, 0.0, 2.0, 2.0, 0.0, 1.0, 2.0, 0.0, 1.0, 1.0, -1.0, 2.0, 3.0, -1.0, 0.0, 3.0, -1.0, -1.0, 3.0, 1.0, 3.0, 0.0, -1.0, 3.0, 1.0, 96884.0, 525.0, 99462.0
0.0, 1.0, 1.0, -1.0, 3.0, 0.0, 3.0, 1.0, 1.0, 0.0, 3.0, 2.0, 0.0, 2.0, -1.0, -1.0, 0.0, 1.0, 2.0, 2.0, 0.0, 2.0, 0.0, 2.0, 1.0, 1.0, 3.0, 3.0, 1.0, 1.0, -1.0, 2.0, 1.0, 2.0, 2.0, -1.0, 3.0, 1.0, 3.0, 1.0, 3.0, 0.0, -1.0, 2.0, 2.0, 2.0, 0.0, -1.0, -1.0, 3.0, 96577.0, 593.0, 99422.0
1.0, 2.0, 0.0, 3.0, 1.0, 2.0, 3.0, 2.0, -1.0, 1.0, 3.0, 0.0, 3.0, 1.0, -1.0, 1.0, 0.0, 1.0, 0.0, 0.0, 3.0, -1.0, -1.0, 0.0, -1.0, 1.0, 0.0, 2.0, 2.0, 0.0, 1.0, 2.0, -1.0, 1.0, 1.0, -1.0, 2.0, 3.0, 2.0, 0.0, 3.0, -1.0, -1.0, 2.0, 1.0, 3.0, 0.0, -1.0, 3.0, 1.0, 96809.0, 541.0, 99458.0
1.0, 2.0, 1.0, 3.0, 1.0, 2.0, 3.0, 2.0, -1.0, 1.0, 1.0, 0.0, 3.0, 1.0, -1.0, 1.0, 3.0, 1.0, 0.0, 0.0, 3.0, -1.0, -1.0, 0.0, -1.0, -1.0, 0.0, 2.0, 2.0, 0.0, 1.0, 2.0, 0.0, 1.0, 1.0, -1.0, 2.0, 3.0, 2.0, 0.0, 3.0, 1.0, -1.0, 3.0, 1.0, 3.0, 0.0, -1.0, 3.0, 1.0, 96791.0, 559.0, 99444.0
0.0, 1.0, 1.0, -1.0, 1.0, 0.0, 3.0, 1.0, -1.0, 0.0, 3.0, 2.0, 0.0, 2.0, -1.0, -1.0, 0.0, 1.0, 2.0, 2.0, 0.0, 2.0, 0.0, 2.0, 1.0, 1.0, 3.0, 3.0, 1.0, 1.0, -1.0, 2.0, 1.0, 2.0, -1.0, -1.0, 3.0, 1.0, 3.0, 1.0, 0.0, 2.0, -1.0, 2.0, 0.0, 2.0, 0.0, -1.0, -1.0, 3.0, 96521.0, 563.0, 99443.0
0.0, 1.0, 1.0, -1.0, 1.0, 0.0, 3.0, 1.0, -1.0, 0.0, 3.0, 2.0, 0.0, 2.0, -1.0, -1.0, 0.0, 1.0, 2.0, 2.0, 0.0, 2.0, 0.0, 2.0, 1.0, 1.0, 3.0, 3.0, 1.0, 1.0, -1.0, 2.0, 1.0, 2.0, -1.0, -1.0, 3.0, 1.0, 3.0, 1.0, 0.0, 2.0, -1.0, 2.0, 0.0, 2.0, 0.0, -1.0, -1.0, 3.0, 96521.0, 563.0, 99443.0
1.0, 0.0, 1.0, 2.0, -1.0, 2.0, 1.0, 0.0, -1.0, 1.0, 0.0, 2.0, -1.0, 0.0, -1.0, 0.0, -1.0, 2.0, 0.0, 1.0, 1.0, -1.0, 1.0, 0.0, 2.0, -1.0, 2.0, 2.0, 0.0, 0.0, 0.0, 3.0, 2.0, 3.0, -1.0, -1.0, 1.0, 1.0, -1.0, 1.0, 0.0, 1.0, 0.0, 2.0, 1.0, 1.0, 0.0, 3.0, 3.0, 0.0, 96408.0, 547.0, 99457.0
0.0, 1.0, 1.0, -1.0, 3.0, 0.0, 3.0, 1.0, 1.0, 0.0, 3.0, 2.0, 0.0, 2.0, -1.0, -1.0, 0.0, 1.0, 2.0, 2.0, 0.0, 2.0, -1.0, 2.0, 1.0, 1.0, 3.0, 3.0, 1.0, 1.0, -1.0, 2.0, 1.0, 2.0, 2.0, -1.0, 3.0, 1.0, 3.0, 1.0, 3.0, 0.0, -1.0, 2.0, 2.0, 2.0, 0.0, -1.0, -1.0, 3.0, 96638.0, 582.0, 99432.0
1.0, 2.0, 0.0, 3.0, 1.0, 2.0, 0.0, 3.0, 1.0, 2.0, 1.0, 2.0, 0.0, 0.0, 3.0, 1.0, 0.0, 3.0, 1.0, -1.0, 1.0, 2.0, -1.0, 2.0, 0.0, 1.0, 3.0, 2.0, 0.0, 1.0, 0.0, 0.0, 1.0, 3.0, 1.0, 0.0, 3.0, 1.0, -1.0, 2.0, 0.0, 1.0, -1.0, 1.0, 2.0, 0.0, 0.0, 3.0, 3.0, 2.0, 96215.0, 652.0, 99394.0
0.0, 0.0, 1.0, 1.0, 3.0, -1.0, 0.0, 0.0, 1.0, 1.0, 1.0, -1.0, 3.0, 1.0, -1.0, 1.0, 1.0, 2.0, 1.0, 3.0, 2.0, 2.0, -1.0, 0.0, -1.0, -1.0, 0.0, 0.0, 0.0, 0.0, 0.0, 3.0, -1.0, 0.0, 0.0, -1.0, 1.0, 0.0, -1.0, 3.0, 2.0, 1.0, -1.0, 3.0, 1.0, 1.0, 0.0, -1.0, -1.0, 3.0, 96499.0, 513.0, 99476.0
0.0, 2.0, 0.0, -1.0, 1.0, 2.0, 0.0, 3.0, 1.0, 2.0, 1.0, 2.0, 3.0, 0.0, 3.0, 1.0, 0.0, 1.0, 1.0, 2.0, 1.0, 3.0, 1.0, 0.0, 0.0, 1.0, 3.0, 2.0, 2.0, 1.0, -1.0, 0.0, 1.0, 3.0, 1.0, 0.0, 3.0, 1.0, -1.0, 2.0, 0.0, 2.0, 0.0, 1.0, 2.0, 0.0, 0.0, 3.0, 3.0, 2.0, 96296.0, 674.0, 99379.0
0.0, 0.0, 1.0, 1.0, 3.0, -1.0, 0.0, 0.0, -1.0, 1.0, 1.0, -1.0, 3.0, 1.0, -1.0, 1.0, 1.0, 2.0, 1.0, 3.0, 2.0, 2.0, -1.0, 0.0, -1.0, 1.0, 0.0, 0.0, 0.0, 0.0, 0.0, 3.0, -1.0, 0.0, -1.0, -1.0, 1.0, 0.0, -1.0, 3.0, 2.0, 1.0, -1.0, 2.0, 1.0, 1.0, 0.0, 0.0, -1.0, 1.0, 96263.0, 520.0, 99474.0
0.0, 1.0, 1.0, -1.0, 1.0, 0.0, 3.0, 1.0, -1.0, 0.0, 3.0, 2.0, 0.0, 2.0, -1.0, -1.0, 0.0, 1.0, 2.0, 2.0, 0.0, 2.0, 0.0, 2.0, 1.0, 1.0, 3.0, 3.0, 1.0, 1.0, -1.0, 2.0, 1.0, 2.0, 2.0, -1.0, 3.0, 1.0, 3.0, 1.0, 0.0, 2.0, -1.0, 2.0, 0.0, 2.0, 0.0, -1.0, -1.0, 3.0, 96493.0, 577.0, 99433.0
3.0, 1.0, 1.0, 1.0, 0.0, 3.0, 0.0, 1.0, 1.0, 1.0, 0.0, -1.0, -1.0, 2.0, 3.0, 0.0, 1.0, 1.0, 1.0, 2.0, 2.0, 2.0, 0.0, 1.0, 0.0, 1.0, 3.0, 0.0, 0.0, 3.0, 3.0, 2.0, 1.0, 3.0, 0.0, -1.0, 2.0, 2.0, 0.0, 1.0, 3.0, 0.0, -1.0, 2.0, 0.0, 3.0, 2.0, 2.0, -1.0, 0.0, 96351.0, 634.0, 99398.0
0.0, 1.0, 1.0, 0.0, 1.0, 0.0, 3.0, 1.0, -1.0, 0.0, 3.0, 2.0, 0.0, 2.0, 1.0, -1.0, 0.0, 1.0, 1.0, 2.0, 0.0, 2.0, 0.0, 2.0, 1.0, 1.0, 3.0, 3.0, 1.0, 0.0, -1.0, 2.0, 1.0, 2.0, 2.0, -1.0, 3.0, 1.0, 3.0, 1.0, 3.0, 0.0, -1.0, 2.0, 2.0, 2.0, 0.0, 3.0, -1.0, 3.0, 96324.0, 626.0, 99403.0
0.0, 1.0, 1.0, -1.0, 1.0, 0.0, 0.0, 1.0, -1.0, 3.0, 1.0, 2.0, 0.0, 0.0, 1.0, -1.0, 0.0, 1.0, 2.0, 2.0, 0.0, 2.0, -1.0, 2.0, 1.0, 0.0, 3.0, 2.0, 0.0, 1.0, 1.0, 2.0, 1.0, 2.0, 2.0, -1.0, 3.0, 1.0, -1.0, 1.0, 3.0, 0.0, -1.0, 2.0, 2.0, 2.0, 0.0, 0.0, -1.0, 3.0, 96163.0, 597.0, 99422.0
0.0, 1.0, 1.0, -1.0, 3.0, 0.0, 3.0, 1.0, 1.0, 0.0, 3.0, 2.0, 0.0, 2.0, -1.0, -1.0, 0.0, 1.0, 2.0, 2.0, 0.0, 2.0, 0.0, 2.0, 1.0, 1.0, 3.0, 3.0, 1.0, 1.0, -1.0, 2.0, 1.0, 2.0, 2.0, -1.0, 3.0, 1.0, 3.0, 1.0, 3.0, 0.0, -1.0, 2.0, 2.0, 2.0, 0.0, -1.0, -1.0, 3.0, 96577.0, 593.0, 99422.0
0.0, 1.0, 0.0, 1.0, 1.0, 0.0, 0.0, 1.0, -1.0, 0.0, 3.0, 2.0, 0.0, 2.0, 1.0, 1.0, 0.0, 3.0, 2.0, 2.0, 0.0, 2.0, 0.0, 2.0, 0.0, 1.0, 3.0, 2.0, 2.0, 1.0, 1.0, 2.0, 1.0, 2.0, 2.0, -1.0, 3.0, 1.0, 3.0, 1.0, 3.0, 0.0, -1.0, 2.0, 2.0, 3.0, 0.0, -1.0, -1.0, 3.0, 96318.0, 630.0, 99399.0
0.0, 0.0, 1.0, 1.0, 3.0, -1.0, 0.0, 0.0, 1.0, 1.0, 1.0, -1.0, 3.0, 1.0, -1.0, 1.0, 1.0, 2.0, 1.0, 3.0, 2.0, 2.0, -1.0, 0.0, -1.0, -1.0, 0.0, 0.0, 0.0, 0.0, 0.0, 3.0, -1.0, 0.0, 0.0, -1.0, 1.0, 0.0, -1.0, 3.0, 2.0, 1.0, -1.0, 3.0, 1.0, 1.0, 0.0, -1.0, -1.0, 3.0, 96499.0, 513.0, 99476.0
1.0, 2.0, 0.0, 3.0, 1.0, 2.0, 3.0, 2.0, -1.0, 1.0, 1.0, 0.0, 3.0, 1.0, -1.0, 1.0, 3.0, 1.0, 0.0, 0.0, 3.0, -1.0, -1.0, 0.0, -1.0, -1.0, 0.0, 2.0, 2.0, 0.0, 1.0, 2.0, 0.0, 1.0, 1.0, -1.0, 2.0, 3.0, -1.0, 0.0, 3.0, -1.0, -1.0, 3.0, 1.0, 3.0, 0.0, -1.0, 3.0, 1.0, 96884.0, 525.0, 99462.0
3.0, 1.0, 1.0, 1.0, 0.0, 3.0, 0.0, 1.0, 1.0, 1.0, 0.0, -1.0, -1.0, 2.0, 3.0, 0.0, 1.0, 1.0, 1.0, 2.0, 2.0, 2.0, 0.0, 1.0, 0.0, 1.0, 3.0, 0.0, 0.0, 3.0, 3.0, 2.0, 1.0, 3.0, 0.0, -1.0, 2.0, 2.0, 0.0, 1.0, 3.0, 0.0, -1.0, 2.0, 0.0, 3.0, 2.0, 2.0, -1.0, 0.0, 96351.0, 634.0, 99398.0
1.0, 2.0, 0.0, 3.0, 1.0, -1.0, 3.0, 2.0, -1.0, 1.0, 3.0, 0.0, 3.0, 1.0, -1.0, 1.0, 3.0, 1.0, 0.0, 0.0, 3.0, -1.0, -1.0, 0.0, -1.0, -1.0, 0.0, 2.0, 2.0, 0.0, 1.0, 2.0, 0.0, 1.0, 1.0, -1.0, 2.0, 3.0, 2.0, 0.0, 3.0, -1.0, -1.0, 3.0, 1.0, 3.0, 0.0, -1.0, 3.0, 1.0, 96954.0, 523.0, 99468.0
1.0, 2.0, 0.0, -1.0, 1.0, 2.0, 0.0, 3.0, 1.0, 2.0, 1.0, 2.0, 3.0, 0.0, 3.0, 1.0, 0.0, 3.0, 1.0, -1.0, 1.0, 3.0, 1.0, 0.0, 0.0, 1.0, 3.0, 2.0, 2.0, 1.0, -1.0, 0.0, 1.0, 3.0, 1.0, 0.0, 3.0, 1.0, -1.0, 0.0, 0.0, 2.0, 0.0, 1.0, 2.0, 0.0, 0.0, 3.0, 3.0, 2.0, 96352.0, 660.0, 99392.0
0.0, 1.0, 0.0, 1.0, 1.0, 0.0, 0.0, 1.0, -1.0, 0.0, 3.0, 2.0, 0.0, 2.0, 1.0, 1.0, 0.0, 3.0, 2.0, 2.0, 0.0, 2.0, 0.0, 2.0, 0.0, 1.0, 3.0, 2.0, 2.0, 1.0, 1.0, 2.0, 1.0, 2.0, 2.0, -1.0, 3.0, 1.0, 3.0, 1.0, 3.0, 0.0, -1.0, 2.0, 2.0, 3.0, 0.0, -1.0, -1.0, 3.0, 96318.0, 630.0, 99399.0
0.0, 2.0, 0.0, -1.0, 1.0, 2.0, 0.0, 3.0, 1.0, 2.0, 1.0, 2.0, 3.0, 0.0, 3.0, 1.0, 0.0, 1.0, 1.0, 2.0, 1.0, 3.0, 1.0, 0.0, 0.0, 1.0, 3.0, 2.0, 2.0, 1.0, -1.0, 0.0, 1.0, 3.0, 1.0, 0.0, 3.0, 1.0, -1.0, 2.0, 0.0, 2.0, 0.0, 1.0, 2.0, 0.0, 0.0, 3.0, 3.0, 2.0, 96296.0, 674.0, 99379.0
