0.109245548179, 1.19205550055, 2.83563302186, 0.527656508537, 9.84732580543, 40.2458521615, 0.0963252713874, 1.79019818479, 40.1369434114, 49.3183299102, 0.292208345932, 0.0
0.147185904175, 1.09722661541, 2.1492016091, 0.499706187001, 75.0975871746, 1.2270498047, 0.772944849647, 0.0131479649853, 10.5376529744, 118.416616385, 0.00278101790615, 0.0
0.779715617697, 0.826153424483, 2.13715878379, 0.441372269278, 82.7613245333, 11.4736084592, 0.772944849647, 4.51866188931, 2.26713568425, 51.596100775, 0.290140327516, 0.0
0.39943018444, 0.871709645623, 2.15360838818, 0.624623033298, 47.3777429735, 3.31993873576, 0.772944849647, 4.87488496375, 23.8941989171, 46.8066539921, 0.114550730186, 0.363636363636
0.147185904175, 1.11101335811, 2.1492016091, 0.499706187001, 30.5747252997, 1.2270498047, 0.772944849647, 0.0131479649853, 21.5824016744, 98.0986575186, 0.00197886104861, 0.125
0.123273327626, 1.12201882309, 2.1492016091, 0.499706187001, 84.0430967012, 1.2270498047, 0.761703669177, 0.00415476290652, 10.5376529744, 92.8340247655, 0.00397649607903, 0.142857142857
0.143412174589, 1.11101335811, 2.1492016091, 0.499706187001, 30.5747252997, 1.2270498047, 0.772944849647, 0.0131479649853, 6.13146483971, 121.045622308, 0.00171169697685, 0.111111111111
0.779715617697, 0.877355112649, 2.63956908479, 0.441372269278, 28.8127582939, 9.92413056239, 0.53207632537, 3.58811263217, 2.26713568425, 97.0386487699, 0.0, 0.4
0.101228682656, 0.825528672758, 2.1492016091, 0.499706187001, 75.0975871746, 1.2270498047, 0.772944849647, 4.3257514443, 10.5376529744, 138.925517277, 0.00232746530146, 0.0
0.101228682656, 0.825528672758, 2.1492016091, 0.499706187001, 75.0975871746, 1.2270498047, 0.674581576847, 4.3257514443, 10.5376529744, 54.26148827, 0.00491726773253, 0.142857142857
0.121372363481, 1.04784245668, 2.1492016091, 0.408167048103, 30.5747252997, 1.2270498047, 0.651898150898, 0.0131479649853, 24.1343110108, 60.4836582935, 0.00589570851715, 0.0
0.548862162973, 0.893447782385, 2.13715878379, 0.533115209154, 95.1383966825, 14.4739368747, 0.0421273953195, 2.94174460434, 2.26713568425, 59.0235341228, 0.228252787795, 0.0
0.147185904175, 0.891377870324, 2.37939215065, 0.499706187001, 32.9565328743, 1.2270498047, 0.674581576847, 0.0131479649853, 2.26713568425, 34.6217012273, 0.015156399382, 0.588235294118
0.147185904175, 1.09722661541, 2.1492016091, 0.499706187001, 30.2391304734, 1.2270498047, 0.674581576847, 0.0131479649853, 17.5217458501, 39.1025359844, 0.0381329899292, 0.571428571429
0.143412174589, 1.17226415043, 2.1492016091, 0.69197232368, 30.2391304734, 1.2270498047, 0.460325906137, 0.000281317317136, 17.5217458501, 191.905542676, 0.000367398943895, 0.0
0.590780162492, 0.826153424483, 2.13715878379, 0.441372269278, 59.6350574572, 11.934739669, 0.53207632537, 2.99647864604, 2.26713568425, 41.4783205876, 0.287575557133, 0.125
0.214970248145, 0.820877889639, 2.05411668978, 0.554749069715, 17.9834889571, 1.2270498047, 0.761703669177, 4.25690472069, 6.77164113049, 72.1373186468, 0.00414720291904, 0.0
0.143412174589, 0.826153424483, 2.05411668978, 0.604932639395, 17.9834889571, 1.2270498047, 0.772944849647, 2.99647864604, 3.4676412992, 51.5651821036, 0.020181483612, 0.64
0.143412174589, 0.826153424483, 2.05411668978, 0.604932639395, 17.9834889571, 1.2270498047, 0.772944849647, 2.99647864604, 3.4676412992, 50.9363384194, 0.0423185692129, 0.65
0.604445662751, 0.871709645623, 2.00588359169, 0.624623033298, 47.3777429735, 37.3893658257, 0.772944849647, 4.87488496375, 23.8941989171, 57.9886458402, 0.478975230066, 0.1
0.153721900939, 1.13950721963, 2.1492016091, 0.445594189416, 30.5747252997, 1.13284958668, 0.86456625512, 0.0131479649853, 17.5217458501, 100.970338448, 0.00253206790992, 0.142857142857
0.101228682656, 0.825528672758, 2.1492016091, 0.499706187001, 75.0975871746, 1.2270498047, 0.772944849647, 4.3257514443, 10.5376529744, 102.382065994, 0.00389242254119, 0.125
0.521672004858, 0.826153424483, 2.13715878379, 0.533115209154, 71.669468461, 13.626984156, 0.246631548531, 2.99647864604, 2.26713568425, 59.2233504548, 0.407965281273, 0.0
0.655154343866, 0.826153424483, 2.54835598813, 0.441372269278, 28.8127582939, 9.92413056239, 0.53207632537, 2.99647864604, 2.26713568425, 53.8139658189, 0.271992685836, 0.782608695652
0.147185904175, 1.09722661541, 2.1492016091, 0.499706187001, 28.8127582939, 1.2270498047, 0.761703669177, 0.00924979889719, 18.5332567163, 160.372675642, 0.00328340506717, 0.0
0.521672004858, 0.893447782385, 2.46130328751, 0.404120411833, 95.1383966825, 22.0337234421, 0.127025092366, 0.314773284678, 18.7524799316, 53.9180667545, 0.561178934705, 0.5
0.39943018444, 0.897695195469, 2.15360838818, 0.624623033298, 21.7665960106, 3.31993873576, 0.354038563206, 4.87488496375, 17.5217458501, 60.3172668922, 0.0825669035115, 0.357142857143
0.590780162492, 0.826153424483, 2.07639286578, 0.441372269278, 59.6350574572, 1.2270498047, 0.674581576847, 2.99647864604, 2.26713568425, 55.2537803181, 0.0363587773476, 0.416666666667
0.883570073854, 0.826153424483, 7.00851684978, 0.441372269278, 56.0731300163, 41.5703221254, 0.53207632537, 2.99647864604, 2.26713568425, 306.051953372, 0.00306361057653, 0.0
0.147185904175, 1.1477845419, 2.1492016091, 0.411286430958, 71.4263072031, 1.2270498047, 0.0660119942347, 4.86701022698, 5.75851813869, 185.180904208, 0.00385528196844, 0.0588235294118
0.104384544104, 0.824253895406, 2.1492016091, 0.499706187001, 16.9941058183, 1.2270498047, 0.53207632537, 0.0131479649853, 10.5376529744, 80.2568754948, 0.00439881914304, 0.0
0.143412174589, 1.11101335811, 2.1492016091, 0.602494833456, 60.9312857415, 1.2270498047, 0.674581576847, 0.0131479649853, 6.13146483971, 58.1186234917, 0.0248386407088, 0.684210526316
0.85439805085, 0.826153424483, 2.13715878379, 0.441372269278, 21.394238456, 14.4739368747, 0.53207632537, 2.97799213746, 1.6123304424, 67.3900171699, 0.205314877612, 0.0588235294118
0.147185904175, 0.886967160727, 2.1492016091, 0.411286430958, 71.4263072031, 1.2270498047, 0.0660119942347, 4.76530801426, 5.75851813869, 70.5128104501, 0.0131174622029, 0.0909090909091
0.521672004858, 0.826153424483, 2.13715878379, 0.588324915642, 30.5747252997, 1.2270498047, 0.246631548531, 2.99647864604, 2.26713568425, 65.3764258267, 0.0240990230978, 0.125
0.147185904175, 1.13950721963, 2.1492016091, 0.445594189416, 30.5747252997, 1.13284958668, 0.86456625512, 0.0131479649853, 17.5217458501, 126.934139764, 0.00272307883573, 0.142857142857
0.119864649394, 1.09722661541, 2.1492016091, 0.499706187001, 30.5747252997, 24.6556906448, 0.47720037411, 0.0131479649853, 2.26713568425, 58.6327506116, 0.127415591397, 0.571428571429
0.89124346143, 0.822802754287, 2.15706447078, 0.441372269278, 21.394238456, 30.9221826452, 0.53207632537, 2.99647864604, 15.995454583, 55.2871080162, 0.615922729029, 0.363636363636
0.147185904175, 1.09722661541, 2.1492016091, 0.499706187001, 75.0975871746, 1.2270498047, 0.772944849647, 0.0131479649853, 10.5376529744, 98.3397018329, 0.00482820971693, 0.0
0.123273327626, 1.12201882309, 2.1492016091, 0.499706187001, 39.3106067245, 1.2270498047, 0.761703669177, 0.00415476290652, 2.26713568425, 68.8688330594, 0.00854920647246, 0.5
0.590780162492, 0.826153424483, 2.07639286578, 0.441372269278, 59.6350574572, 1.2270498047, 0.38041143019, 2.99647864604, 2.26713568425, 64.3733362929, 0.0309446501521, 0.416666666667
0.153721900939, 0.893447782385, 2.13715878379, 0.445594189416, 30.5747252997, 1.13284958668, 0.86456625512, 0.0131479649853, 17.5217458501, 66.1836504526, 0.0144174838001, 0.333333333333
0.147185904175, 1.1477845419, 2.1492016091, 0.411286430958, 71.4263072031, 1.2270498047, 0.0660119942347, 4.87488496375, 5.75851813869, 69.3826111168, 0.00928569720281, 0.4375
0.143412174589, 1.11101335811, 2.1492016091, 0.499706187001, 30.5747252997, 1.2270498047, 0.772944849647, 0.0131479649853, 6.13146483971, 138.69624229, 0.00291897845421, 0.3
0.147185904175, 1.0687218543, 2.04517485363, 0.499706187001, 30.5747252997, 1.2270498047, 0.772944849647, 0.882494464704, 2.26713568425, 62.0724755081, 0.0253328117936, 0.631578947368
0.147185904175, 1.0501939791, 2.03391516432, 0.624623033298, 14.3822778013, 1.03706454364, 0.772944849647, 2.65448831704, 17.5217458501, 75.9191051589, 0.00673508124708, 0.125
0.147185904175, 1.0501939791, 2.03391516432, 0.624623033298, 14.3822778013, 1.03706454364, 0.772944849647, 3.42794522562, 1.62998618959, 75.8305024762, 0.00891676269261, 0.0
0.85439805085, 0.826153424483, 2.13715878379, 0.533115209154, 21.394238456, 14.4739368747, 0.53207632537, 2.97799213746, 2.26713568425, 73.7087153929, 0.281532055878, 0.0
0.590780162492, 0.826153424483, 2.13715878379, 0.441372269278, 59.6350574572, 11.934739669, 0.53207632537, 2.99647864604, 2.26713568425, 56.9858685014, 0.397923974846, 0.666666666667
0.16545497212, 0.821112982832, 2.15360838818, 0.624623033298, 21.7665960106, 6.468585, 0.761703669177, 4.87488496375, 23.8941989171, 67.0644074776, 0.161744211349, 0.272727272727
0.590780162492, 0.826153424483, 2.13715878379, 0.441372269278, 59.6350574572, 11.934739669, 0.53207632537, 2.99647864604, 2.26713568425, 68.2606799073, 0.192725724167, 0.2
0.521672004858, 0.826153424483, 2.13715878379, 0.533115209154, 30.5747252997, 1.2270498047, 0.246631548531, 2.99647864604, 2.26713568425, 68.7413889208, 0.0303498847991, 0.2
0.147185904175, 1.09722661541, 2.1492016091, 0.499706187001, 30.5747252997, 1.2270498047, 0.674581576847, 0.0131479649853, 17.5217458501, 116.110591546, 0.00491256012531, 0.0
0.147185904175, 1.09722661541, 2.1492016091, 0.499706187001, 30.5747252997, 6.04641708551, 0.854843326431, 0.00347492161127, 17.5217458501, 63.8408750766, 0.125400025196, 0.533333333333
0.147185904175, 1.09722661541, 2.1492016091, 0.69197232368, 30.2391304734, 1.2270498047, 0.460325906137, 0.000281317317136, 17.5217458501, 178.355444745, 0.00480463679211, 0.0
0.590780162492, 1.09722661541, 2.1492016091, 0.499706187001, 37.8414314886, 1.21438945843, 0.772944849647, 0.0131479649853, 10.5376529744, 77.7050952101, 0.0412850059417, 0.0
0.147185904175, 1.09722661541, 2.06978822013, 0.499706187001, 30.5747252997, 1.2270498047, 0.772944849647, 0.0131479649853, 17.5217458501, 75.4868530273, 0.00615958003048, 0.142857142857
0.590780162492, 0.821112982832, 2.31497845823, 0.624623033298, 21.7665960106, 6.468585, 0.761703669177, 4.87488496375, 2.26713568425, 66.0923600965, 0.212498789996, 0.407407407407
0.147185904175, 1.09722661541, 2.1492016091, 0.499706187001, 30.2391304734, 1.2270498047, 0.772944849647, 0.0131479649853, 17.5217458501, 87.7014021364, 0.00590556899694, 0.0
0.143412174589, 0.826153424483, 2.05411668978, 0.604932639395, 17.9834889571, 1.2270498047, 0.772944849647, 2.99647864604, 3.4676412992, 100.221962168, 0.00480416871105, 0.619047619048
0.85439805085, 0.826153424483, 2.13715878379, 0.533115209154, 82.7613245333, 14.4739368747, 0.53207632537, 2.99647864604, 2.26713568425, 63.453589773, 0.438315158272, 0.4
0.147185904175, 1.09722661541, 2.1492016091, 0.69197232368, 30.2391304734, 1.2270498047, 0.460325906137, 0.000281317317136, 6.63468639717, 140.781079984, 0.00486424008391, 0.0
0.85439805085, 0.826153424483, 2.13715878379, 0.441372269278, 21.394238456, 14.4739368747, 0.53207632537, 2.97799213746, 1.6123304424, 63.2949305808, 0.210228192098, 0.793103448276
0.147185904175, 1.1477845419, 2.1492016091, 0.499706187001, 16.9941058183, 1.2270498047, 0.846702294876, 0.0131479649853, 28.3906383151, 129.73691321, 0.00551667385181, 0.0
0.143412174589, 0.826153424483, 2.05411668978, 0.604932639395, 17.9834889571, 1.2270498047, 0.772944849647, 2.99647864604, 3.4676412992, 74.6527287946, 0.0123766109458, 0.533333333333
0.147185904175, 1.09722661541, 2.1492016091, 0.499706187001, 30.2391304734, 1.2270498047, 0.772944849647, 0.00208186790681, 17.5217458501, 85.3871704149, 0.00813305937895, 0.125
0.85439805085, 0.826153424483, 2.15714428943, 0.533115209154, 82.7613245333, 14.4739368747, 0.53207632537, 2.99647864604, 15.995454583, 77.2194589346, 0.395705192038, 0.0
0.143412174589, 0.826153424483, 2.05411668978, 0.604932639395, 17.9834889571, 1.2270498047, 0.772944849647, 2.99647864604, 3.4676412992, 94.6409744706, 0.00694502399425, 0.0
0.214970248145, 0.820877889639, 2.15360838818, 0.624623033298, 19.1101809569, 1.2270498047, 0.761703669177, 2.39448158738, 6.77164113049, 85.3301543631, 0.0100915619973, 0.0
0.590780162492, 0.826153424483, 2.07639286578, 0.441372269278, 59.6350574572, 1.2270498047, 0.674581576847, 2.99647864604, 2.26713568425, 83.0147815944, 0.0227073146868, 0.0666666666667
0.521672004858, 0.826153424483, 2.13715878379, 0.533115209154, 71.669468461, 13.626984156, 0.246631548531, 2.99647864604, 2.26713568425, 78.5799000623, 0.159230494883, 0.117647058824
0.809062419641, 0.853343816104, 2.54835598813, 0.441372269278, 28.8127582939, 9.92413056239, 0.53207632537, 3.58811263217, 2.26713568425, 71.6235184775, 0.299281926028, 0.166666666667
0.214970248145, 0.820877889639, 2.15360838818, 0.624623033298, 19.1101809569, 1.2270498047, 0.761703669177, 4.99150110266, 6.77164113049, 75.2827965198, 0.0184049550472, 0.416666666667
0.121372363481, 0.936007453572, 2.1492016091, 0.408167048103, 30.5747252997, 1.2270498047, 0.651898150898, 0.0131479649853, 24.1343110108, 161.137301245, 0.00513846749569, 0.0
0.887634759875, 0.826153424483, 2.1492016091, 0.441372269278, 72.2898323283, 11.4736084592, 0.838054783462, 4.51866188931, 2.26713568425, 63.4728750261, 0.373631670598, 0.695652173913
0.147185904175, 1.09722661541, 2.1492016091, 0.499706187001, 75.0975871746, 1.2270498047, 0.772944849647, 0.0131479649853, 10.5376529744, 179.9021672, 0.00513530896467, 0.0
0.121372363481, 0.936007453572, 2.1492016091, 0.408167048103, 30.5747252997, 1.2270498047, 1.71941624603, 0.0131479649853, 17.5217458501, 175.887450688, 0.00536678028779, 0.0
0.521672004858, 0.826153424483, 2.13715878379, 0.533115209154, 71.669468461, 13.626984156, 0.246631548531, 2.99647864604, 2.26713568425, 74.4412243657, 0.383722997609, 0.125
0.147185904175, 1.09722661541, 5.19406574843, 0.499706187001, 30.5747252997, 1.2270498047, 0.53207632537, 0.0131479649853, 17.5217458501, 353.027547303, 0.00498358500115, 0.0
0.188884315931, 1.01648815255, 2.1492016091, 0.499706187001, 75.0975871746, 1.2270498047, 0.701382181618, 0.0320161696746, 10.5376529744, 86.7205208339, 0.0157267037408, 0.0
0.147185904175, 1.11101335811, 2.1492016091, 0.44709524803, 71.4263072031, 1.2270498047, 0.0660119942347, 0.980630617616, 5.75851813869, 111.358969993, 0.00610169756902, 0.0
0.115189019197, 1.17656284528, 2.1492016091, 0.404280948487, 71.4263072031, 1.15831834003, 0.772944849647, 4.74188878283, 5.75851813869, 110.823800323, 0.00691385988499, 0.0
0.147185904175, 0.891377870324, 2.37939215065, 0.550208667991, 32.9565328743, 14.4739368747, 0.674581576847, 2.99647864604, 2.26713568425, 69.6669095032, 0.0900715694266, 0.470588235294
0.733866016266, 0.937545729075, 2.13715878379, 0.499706187001, 95.1383966825, 1.2270498047, 0.651898150898, 2.94174460434, 2.26713568425, 70.4006077497, 0.0842818687835, 0.5625
0.779715617697, 0.853343816104, 2.63956908479, 0.441372269278, 28.8127582939, 9.92413056239, 0.53207632537, 3.58811263217, 2.26713568425, 80.5044052854, 0.301480020585, 0.0
0.590780162492, 0.826153424483, 2.13715878379, 0.441372269278, 59.6350574572, 11.934739669, 0.53207632537, 4.12218448797, 2.26713568425, 74.6701334198, 0.238925723291, 0.25
0.214970248145, 0.820877889639, 2.15360838818, 0.624623033298, 19.1101809569, 1.2270498047, 0.761703669177, 4.25690472069, 6.77164113049, 104.720300287, 0.00700772210618, 0.0
0.214970248145, 0.820877889639, 2.15360838818, 0.624623033298, 19.1101809569, 1.2270498047, 0.761703669177, 2.39448158738, 6.77164113049, 98.9100126584, 0.00710801793286, 0.0
0.147185904175, 1.1477845419, 2.1492016091, 0.411286430958, 71.4263072031, 1.2270498047, 0.0660119942347, 4.76530801426, 5.75851813869, 135.461288371, 0.00578628393221, 0.125
0.779715617697, 0.826153424483, 2.13715878379, 0.533115209154, 61.3962516703, 27.7406339987, 0.246631548531, 2.99647864604, 2.26713568425, 70.3757995664, 0.302541302715, 0.375
0.143412174589, 0.826153424483, 2.05411668978, 0.533115209154, 17.9834889571, 1.2270498047, 0.772944849647, 2.99647864604, 15.995454583, 90.6481090876, 0.013272497309, 0.0
0.655154343866, 0.826153424483, 2.07639286578, 0.441372269278, 59.6350574572, 1.2270498047, 0.772944849647, 2.99647864604, 2.26713568425, 69.9028408207, 0.0856591294333, 0.606060606061
0.147185904175, 1.09722661541, 2.73606063343, 0.499706187001, 30.5747252997, 1.2270498047, 0.772944849647, 0.0131479649853, 17.5217458501, 148.032848388, 0.00450891747574, 0.142857142857
0.147185904175, 0.891377870324, 2.37939215065, 0.53432032771, 32.9565328743, 14.4739368747, 0.674581576847, 2.99647864604, 2.26713568425, 75.3489624059, 0.154360607413, 0.357142857143
0.39943018444, 0.897695195469, 2.28319890159, 0.624623033298, 21.7665960106, 3.31993873576, 0.354038563206, 4.87488496375, 17.5217458501, 87.513262192, 0.0513813348591, 0.0
0.147185904175, 1.09722661541, 2.1492016091, 0.499706187001, 30.5747252997, 1.2270498047, 0.772944849647, 0.0131479649853, 17.5217458501, 116.686932779, 0.0064972413635, 0.0
0.883570073854, 0.820877889639, 2.13715878379, 0.457550936942, 93.197394678, 11.934739669, 0.53207632537, 2.99647864604, 2.26713568425, 67.748337088, 0.463918841731, 0.529411764706
0.123273327626, 1.12201882309, 2.1492016091, 0.499706187001, 84.0430967012, 1.2270498047, 0.761703669177, 0.00415476290652, 10.5376529744, 122.568832698, 0.00609905092486, 0.0
0.548862162973, 0.893447782385, 2.13715878379, 0.533115209154, 95.1383966825, 1.2270498047, 0.651898150898, 2.94174460434, 2.26713568425, 70.6033893888, 0.0508860619113, 0.608695652174
0.874895772274, 0.826153424483, 2.93432084494, 0.411286430958, 1.30292320972, 1.2270498047, 0.53207632537, 3.58811263217, 2.26713568425, 70.3744349838, 0.0984543182453, 0.75
