0.0, 2.0, -1.0, 3.0, 0.0, 3.0, 3.0, 2.0, 2.0, 2.0, 0.0, 3.0, 2.0, 0.0, -1.0, 3.0, 0.0, 3.0, 2.0, -1.0, 3.0, -1.0, 2.0, 1.0, 2.0, 1.0, 0.0, 2.0, 1.0, -1.0, 1.0, 1.0, -1.0, -1.0, 3.0, 3.0, 0.0, 1.0, 1.0, 2.0, 2.0, 1.0, 0.0, -1.0, 0.0, -1.0, 0.0, 0.0, 0.0, 1.0, 97046.0, 596.0, 99460.0
0.0, 2.0, -1.0, 3.0, 0.0, 3.0, 3.0, 2.0, 2.0, 2.0, 0.0, 3.0, 2.0, 0.0, -1.0, 3.0, 0.0, 3.0, 2.0, -1.0, 3.0, -1.0, 2.0, 1.0, 2.0, 1.0, 0.0, 2.0, 1.0, -1.0, 1.0, 1.0, -1.0, -1.0, 3.0, 3.0, 0.0, 1.0, 1.0, 2.0, 2.0, 1.0, 0.0, -1.0, 0.0, -1.0, 0.0, 0.0, 0.0, 1.0, 97046.0, 596.0, 99460.0
2.0, 1.0, 1.0, 3.0, 3.0, 3.0, 3.0, 1.0, 1.0, -1.0, 2.0, 2.0, 1.0, -1.0, 2.0, 2.0, 2.0, -1.0, 2.0, 0.0, -1.0, 2.0, 0.0, 0.0, 1.0, 3.0, 3.0, 1.0, 2.0, 1.0, 3.0, 0.0, 0.0, 1.0, 0.0, 1.0, 2.0, -1.0, 0.0, 1.0, -1.0, 3.0, 0.0, 3.0, 2.0, 0.0, 3.0, 0.0, 2.0, -1.0, 96849.0, 634.0, 99415.0
0.0, 2.0, -1.0, 3.0, 0.0, 3.0, 3.0, 2.0, 2.0, 2.0, 0.0, 3.0, 2.0, 0.0, -1.0, 3.0, 0.0, 3.0, 2.0, -1.0, -1.0, -1.0, 2.0, 1.0, 2.0, 1.0, -1.0, 2.0, 1.0, -1.0, 1.0, 1.0, -1.0, -1.0, 3.0, 3.0, 0.0, 1.0, 1.0, 2.0, 2.0, 1.0, 0.0, -1.0, 0.0, -1.0, 0.0, 0.0, 0.0, 1.0, 97136.0, 567.0, 99476.0
0.0, 2.0, -1.0, 3.0, 0.0, 3.0, 3.0, 2.0, 2.0, 2.0, 0.0, 3.0, 2.0, 0.0, -1.0, 3.0, 0.0, 3.0, 2.0, -1.0, -1.0, -1.0, 2.0, 1.0, 2.0, 1.0, -1.0, 2.0, 1.0, -1.0, 1.0, 1.0, -1.0, -1.0, 3.0, 3.0, 0.0, 1.0, 1.0, 2.0, 2.0, 1.0, 0.0, -1.0, 0.0, -1.0, 0.0, 0.0, 0.0, 1.0, 97136.0, 567.0, 99476.0
1.0, 2.0, -1.0, -1.0, 3.0, -1.0, 2.0, 0.0, 3.0, 1.0, 0.0, -1.0, 1.0, 0.0, 1.0, 3.0, 0.0, 3.0, 0.0, -1.0, 1.0, 3.0, 1.0, 3.0, -1.0, 3.0, 2.0, 2.0, 2.0, -1.0, -1.0, 3.0, 1.0, 1.0, -1.0, 2.0, 2.0, 2.0, 2.0, 3.0, 1.0, 0.0, 0.0, 0.0, 0.0, 2.0, 2.0, 0.0, 3.0, 1.0, 97180.0, 601.0, 99448.0
1.0, 2.0, -1.0, -1.0, 3.0, -1.0, 2.0, 0.0, 3.0, 1.0, 0.0, -1.0, 1.0, 0.0, 1.0, 3.0, 0.0, 3.0, 0.0, -1.0, 1.0, 3.0, 1.0, 3.0, -1.0, 3.0, 2.0, 2.0, 2.0, -1.0, -1.0, 3.0, 1.0, 1.0, -1.0, 2.0, 2.0, 2.0, 2.0, 3.0, 1.0, 0.0, 0.0, 0.0, 0.0, 2.0, 2.0, 0.0, 3.0, 1.0, 97180.0, 601.0, 99448.0
-1.0, 3.0, 2.0, -1.0, 0.0, 2.0, 2.0, 2.0, 1.0, 1.0, 1.0, 1.0, 0.0, -1.0, -1.0, 1.0, 3.0, 1.0, 3.0, 2.0, 3.0, -1.0, 2.0, -1.0, -1.0, 2.0, 2.0, -1.0, 0.0, -1.0, 1.0, -1.0, 1.0, 1.0, 1.0, 0.0, 0.0, 3.0, -1.0, 1.0, -1.0, 2.0, 3.0, 1.0, 3.0, 0.0, 0.0, 0.0, 3.0, 3.0, 97277.0, 543.0, 99503.0
-1.0, 3.0, 2.0, -1.0, 0.0, 2.0, 2.0, 2.0, 1.0, 1.0, 1.0, 1.0, 0.0, -1.0, -1.0, 1.0, 3.0, 1.0, 3.0, 2.0, 3.0, -1.0, 2.0, -1.0, -1.0, 2.0, 2.0, -1.0, 0.0, -1.0, 1.0, -1.0, 1.0, 1.0, 1.0, 0.0, 0.0, 3.0, -1.0, 1.0, -1.0, 2.0, 3.0, 1.0, 3.0, 0.0, 0.0, 0.0, 3.0, 3.0, 97277.0, 543.0, 99503.0
-1.0, 3.0, 0.0, 2.0, 3.0, 2.0, -1.0, 1.0, 1.0, 0.0, -1.0, 3.0, 2.0, -1.0, -1.0, 1.0, 1.0, 1.0, 2.0, -1.0, -1.0, 3.0, 2.0, 0.0, -1.0, 0.0, 3.0, 0.0, 2.0, -1.0, 0.0, 1.0, 1.0, 1.0, 3.0, 0.0, 1.0, 2.0, 2.0, 1.0, 0.0, 0.0, 3.0, 2.0, -1.0, 0.0, 0.0, 2.0, 3.0, 1.0, 97081.0, 589.0, 99453.0
3.0, 2.0, -1.0, -1.0, 1.0, 1.0, -1.0, 2.0, 1.0, 2.0, -1.0, 0.0, 1.0, 0.0, -1.0, 0.0, -1.0, -1.0, 1.0, 1.0, 3.0, 2.0, -1.0, 0.0, 0.0, -1.0, 0.0, -1.0, 0.0, 1.0, -1.0, -1.0, -1.0, 3.0, 3.0, -1.0, -1.0, 0.0, 2.0, 1.0, 2.0, 2.0, -1.0, 0.0, 1.0, 0.0, 1.0, -1.0, 1.0, 1.0, 97570.0, 493.0, 99578.0
1.0, 0.0, -1.0, 1.0, 2.0, 2.0, 2.0, 2.0, 0.0, 2.0, 0.0, 0.0, 0.0, -1.0, 3.0, -1.0, 3.0, 0.0, 1.0, -1.0, 0.0, 1.0, 2.0, 0.0, 1.0, 3.0, -1.0, -1.0, 2.0, 3.0, 1.0, 3.0, 0.0, 0.0, -1.0, 3.0, 3.0, 1.0, 3.0, 0.0, 1.0, 1.0, 2.0, 0.0, 1.0, -1.0, 2.0, 2.0, -1.0, 1.0, 96987.0, 603.0, 99446.0
1.0, 3.0, 3.0, 2.0, 0.0, 0.0, 2.0, 2.0, -1.0, -1.0, 0.0, -1.0, 2.0, 2.0, -1.0, 1.0, 1.0, 0.0, 1.0, 1.0, -1.0, 1.0, 3.0, -1.0, 0.0, 2.0, -1.0, 3.0, 3.0, 3.0, 2.0, 1.0, 3.0, -1.0, 0.0, -1.0, -1.0, 2.0, 3.0, 2.0, 3.0, 0.0, 2.0, -1.0, 0.0, 0.0, 1.0, 0.0, 0.0, 1.0, 97030.0, 587.0, 99464.0
1.0, 3.0, 3.0, 2.0, 0.0, 0.0, 2.0, 2.0, -1.0, -1.0, 0.0, -1.0, 2.0, 2.0, -1.0, 1.0, 1.0, 0.0, 1.0, 1.0, -1.0, 1.0, 3.0, -1.0, 0.0, 2.0, -1.0, 3.0, 3.0, 3.0, 2.0, 1.0, 3.0, -1.0, 0.0, -1.0, -1.0, 2.0, 3.0, 2.0, 3.0, 0.0, 2.0, -1.0, 0.0, 0.0, 1.0, 0.0, 0.0, 1.0, 97030.0, 587.0, 99464.0
1.0, 3.0, 3.0, 2.0, 0.0, 0.0, 2.0, 2.0, -1.0, -1.0, 0.0, -1.0, 2.0, 2.0, -1.0, 1.0, 1.0, 0.0, 1.0, 1.0, -1.0, 1.0, 3.0, -1.0, 0.0, 2.0, -1.0, 3.0, 3.0, 3.0, 2.0, 1.0, 3.0, -1.0, 0.0, -1.0, -1.0, 2.0, 3.0, 2.0, 3.0, 0.0, 2.0, -1.0, 0.0, 0.0, 1.0, 0.0, 0.0, 1.0, 97030.0, 587.0, 99464.0
1.0, 3.0, 3.0, 2.0, 0.0, 0.0, 2.0, 2.0, -1.0, -1.0, 0.0, -1.0, 2.0, 2.0, -1.0, 1.0, 1.0, 0.0, 1.0, 1.0, -1.0, 1.0, 3.0, -1.0, 0.0, 2.0, -1.0, 3.0, 3.0, 3.0, 2.0, 1.0, 3.0, -1.0, 0.0, -1.0, -1.0, 2.0, 3.0, 2.0, 3.0, 0.0, 2.0, -1.0, 0.0, 0.0, 1.0, 0.0, 0.0, 1.0, 97030.0, 587.0, 99464.0
1.0, 3.0, 3.0, 2.0, 0.0, 0.0, 2.0, 2.0, -1.0, -1.0, 0.0, -1.0, 2.0, 2.0, -1.0, 1.0, 1.0, 0.0, 1.0, 1.0, -1.0, 1.0, 3.0, -1.0, 0.0, 2.0, -1.0, 3.0, 3.0, 3.0, 2.0, 1.0, 3.0, -1.0, 0.0, -1.0, -1.0, 2.0, 3.0, 2.0, 3.0, 0.0, 2.0, -1.0, 0.0, 0.0, 1.0, 0.0, 0.0, 1.0, 97030.0, 587.0, 99464.0
1.0, 3.0, 3.0, 2.0, 0.0, 0.0, 2.0, 2.0, -1.0, -1.0, 0.0, -1.0, 2.0, 2.0, -1.0, 1.0, 1.0, 0.0, 1.0, 1.0, -1.0, 1.0, 3.0, -1.0, 0.0, 2.0, -1.0, 3.0, 3.0, 3.0, 2.0, 1.0, 3.0, -1.0, 0.0, -1.0, -1.0, 2.0, 3.0, 2.0, 3.0, 0.0, 2.0, -1.0, 0.0, 0.0, 1.0, 0.0, 0.0, 1.0, 97030.0, 587.0, 99464.0
1.0, 3.0, 3.0, 2.0, 0.0, 0.0, 2.0, 2.0, -1.0, -1.0, 0.0, -1.0, 2.0, 2.0, -1.0, 1.0, 1.0, 0.0, 1.0, 1.0, -1.0, 1.0, 3.0, -1.0, 0.0, 2.0, -1.0, 3.0, 3.0, 3.0, 2.0, 1.0, 3.0, -1.0, 0.0, -1.0, -1.0, 2.0, 3.0, 2.0, 3.0, 0.0, 2.0, -1.0, 0.0, 0.0, 1.0, 0.0, 0.0, 1.0, 97030.0, 587.0, 99464.0
1.0, 3.0, 3.0, 2.0, 0.0, 0.0, 2.0, 2.0, -1.0, -1.0, 0.0, -1.0, 2.0, 2.0, -1.0, 1.0, 1.0, 0.0, 1.0, 1.0, -1.0, 1.0, 3.0, -1.0, 0.0, 2.0, -1.0, 3.0, 3.0, 3.0, 2.0, 1.0, 3.0, -1.0, 0.0, -1.0, -1.0, 2.0, 3.0, 2.0, 3.0, 0.0, 2.0, -1.0, 0.0, 0.0, 1.0, 0.0, 0.0, 1.0, 97030.0, 587.0, 99464.0
1.0, 0.0, 2.0, 2.0, -1.0, -1.0, 2.0, 0.0, 0.0, 2.0, 3.0, 0.0, 0.0, 1.0, 1.0, -1.0, 2.0, 3.0, 1.0, 3.0, 3.0, 0.0, 2.0, 1.0, 1.0, -1.0, 1.0, 2.0, 3.0, -1.0, 0.0, 3.0, 1.0, 2.0, 0.0, 2.0, 3.0, 2.0, 1.0, 0.0, 0.0, 3.0, -1.0, -1.0, 3.0, 1.0, 0.0, -1.0, 3.0, -1.0, 97037.0, 597.0, 99459.0
1.0, 0.0, 2.0, 2.0, -1.0, -1.0, 2.0, 0.0, 0.0, 2.0, 3.0, 0.0, 0.0, 1.0, 1.0, -1.0, 2.0, 3.0, 1.0, 3.0, 3.0, 0.0, 2.0, 1.0, 1.0, -1.0, 1.0, 2.0, 3.0, -1.0, 0.0, 3.0, 1.0, 2.0, 0.0, 2.0, 3.0, 2.0, 1.0, 0.0, 0.0, 3.0, -1.0, -1.0, 3.0, 1.0, 0.0, -1.0, 3.0, -1.0, 97037.0, 597.0, 99459.0
1.0, 0.0, 2.0, 2.0, -1.0, -1.0, 2.0, 0.0, 0.0, 2.0, 3.0, 0.0, 0.0, 1.0, 1.0, -1.0, 2.0, 3.0, 1.0, 3.0, 3.0, 0.0, 2.0, 1.0, 1.0, -1.0, 1.0, 2.0, 3.0, -1.0, 0.0, 3.0, 1.0, 2.0, 0.0, 2.0, 3.0, 2.0, 1.0, 0.0, 0.0, 3.0, -1.0, -1.0, 3.0, 1.0, 0.0, -1.0, 3.0, -1.0, 97037.0, 597.0, 99459.0
1.0, 0.0, 2.0, 2.0, -1.0, -1.0, 2.0, 0.0, 0.0, 2.0, 3.0, 0.0, 0.0, 1.0, 1.0, -1.0, 2.0, 3.0, 1.0, 3.0, 3.0, 0.0, 2.0, 1.0, 1.0, -1.0, 1.0, 2.0, 3.0, -1.0, 0.0, 3.0, 1.0, 2.0, 0.0, 2.0, 3.0, 2.0, 1.0, 0.0, 0.0, 3.0, -1.0, -1.0, 3.0, 1.0, 0.0, -1.0, 3.0, -1.0, 97037.0, 597.0, 99459.0
1.0, 2.0, 2.0, 0.0, 2.0, 2.0, 3.0, 2.0, 0.0, 1.0, -1.0, 0.0, 3.0, 0.0, 0.0, 2.0, 3.0, 1.0, 1.0, -1.0, -1.0, -1.0, 2.0, 3.0, 2.0, 0.0, 1.0, -1.0, 3.0, -1.0, 3.0, 1.0, 2.0, 0.0, 0.0, -1.0, 0.0, 0.0, 1.0, 3.0, -1.0, 1.0, 2.0, -1.0, 0.0, 0.0, 3.0, 1.0, 1.0, -1.0, 96973.0, 598.0, 99455.0
1.0, 2.0, 2.0, 0.0, 2.0, 2.0, 3.0, 2.0, 0.0, 1.0, -1.0, 0.0, 3.0, 0.0, 0.0, 2.0, 3.0, 1.0, 1.0, -1.0, -1.0, -1.0, 2.0, 3.0, 2.0, 0.0, 1.0, -1.0, 3.0, -1.0, 3.0, 1.0, 2.0, 0.0, 0.0, -1.0, 0.0, 0.0, 1.0, 3.0, -1.0, 1.0, 2.0, -1.0, 0.0, 0.0, 3.0, 1.0, 1.0, -1.0, 96973.0, 598.0, 99455.0
1.0, 2.0, 2.0, 0.0, 2.0, 2.0, 3.0, 2.0, 0.0, 1.0, -1.0, 0.0, 3.0, 0.0, 0.0, 2.0, 3.0, 1.0, 1.0, -1.0, -1.0, -1.0, 2.0, 3.0, 2.0, 0.0, 1.0, -1.0, 3.0, -1.0, 3.0, 1.0, 2.0, 0.0, 0.0, -1.0, 0.0, 0.0, 1.0, 3.0, -1.0, 1.0, 2.0, -1.0, 0.0, 0.0, 3.0, 1.0, 1.0, -1.0, 96973.0, 598.0, 99455.0
1.0, 2.0, 2.0, 0.0, 2.0, 2.0, 3.0, 2.0, 0.0, 1.0, -1.0, 0.0, 3.0, 0.0, 0.0, 2.0, 3.0, 1.0, 1.0, -1.0, -1.0, -1.0, 2.0, 3.0, 2.0, 0.0, 1.0, -1.0, 3.0, -1.0, 3.0, 1.0, 2.0, 0.0, 0.0, -1.0, 0.0, 0.0, 1.0, 3.0, -1.0, 1.0, 2.0, -1.0, 0.0, 0.0, 3.0, 1.0, 1.0, -1.0, 96973.0, 598.0, 99455.0
0.0, 1.0, 1.0, 0.0, 2.0, 0.0, 0.0, 3.0, 0.0, -1.0, 3.0, 3.0, 3.0, -1.0, -1.0, 0.0, 3.0, 0.0, -1.0, 3.0, -1.0, 3.0, 1.0, 2.0, -1.0, -1.0, 1.0, 0.0, 1.0, -1.0, 2.0, -1.0, 2.0, 2.0, 1.0, -1.0, 1.0, 1.0, 0.0, 1.0, 2.0, 2.0, 1.0, -1.0, 1.0, 3.0, -1.0, 2.0, 3.0, -1.0, 97283.0, 538.0, 99496.0
0.0, 1.0, 1.0, 0.0, 2.0, 0.0, 0.0, 3.0, 0.0, -1.0, 3.0, 3.0, 3.0, -1.0, -1.0, 0.0, 3.0, 0.0, -1.0, 3.0, -1.0, 3.0, 1.0, 2.0, -1.0, -1.0, 1.0, 0.0, 1.0, -1.0, 2.0, -1.0, 2.0, 2.0, 1.0, -1.0, 1.0, 1.0, 0.0, 1.0, 2.0, 2.0, 1.0, -1.0, 1.0, 3.0, -1.0, 2.0, 3.0, -1.0, 97283.0, 538.0, 99496.0
3.0, 2.0, 1.0, 1.0, 2.0, -1.0, 2.0, -1.0, 0.0, 3.0, 2.0, 2.0, 1.0, 3.0, -1.0, 0.0, 3.0, 3.0, 2.0, 3.0, 3.0, 0.0, 2.0, -1.0, 3.0, 1.0, -1.0, 0.0, 3.0, 0.0, 1.0, -1.0, 0.0, 0.0, 1.0, 0.0, 2.0, 2.0, 0.0, -1.0, 1.0, -1.0, 3.0, 0.0, 1.0, 1.0, 2.0, 3.0, 1.0, 1.0, 97024.0, 602.0, 99446.0
3.0, 2.0, 1.0, 1.0, 2.0, -1.0, 2.0, -1.0, 0.0, 3.0, 2.0, 2.0, 1.0, 3.0, -1.0, 0.0, 3.0, 3.0, 2.0, 3.0, 3.0, 0.0, 2.0, -1.0, 3.0, 1.0, -1.0, 0.0, 3.0, 0.0, 1.0, -1.0, 0.0, 0.0, 1.0, 0.0, 2.0, 2.0, 0.0, -1.0, 1.0, -1.0, 3.0, 0.0, 1.0, 1.0, 2.0, 3.0, 1.0, 1.0, 97024.0, 602.0, 99446.0
3.0, 2.0, 1.0, 1.0, 2.0, -1.0, 2.0, -1.0, 0.0, 3.0, 2.0, 2.0, 1.0, 3.0, -1.0, 0.0, 3.0, 3.0, 2.0, 3.0, 3.0, 0.0, 2.0, -1.0, 3.0, 1.0, -1.0, 0.0, 3.0, 0.0, 1.0, -1.0, 0.0, 0.0, 1.0, 0.0, 2.0, 2.0, 0.0, -1.0, 1.0, -1.0, 3.0, 0.0, 1.0, 1.0, 2.0, 3.0, 1.0, 1.0, 97024.0, 602.0, 99446.0
3.0, 2.0, 1.0, 1.0, 2.0, -1.0, 2.0, -1.0, 0.0, 3.0, 2.0, 2.0, 1.0, 3.0, -1.0, 0.0, 3.0, 3.0, 2.0, 3.0, 3.0, 0.0, 2.0, -1.0, 3.0, 1.0, -1.0, 0.0, 3.0, 0.0, 1.0, -1.0, 0.0, 0.0, 1.0, 0.0, 2.0, 2.0, 0.0, -1.0, 1.0, -1.0, 3.0, 0.0, 1.0, 1.0, 2.0, 3.0, 1.0, 1.0, 97024.0, 602.0, 99446.0
0.0, 1.0, 3.0, 1.0, 1.0, 2.0, -1.0, 2.0, 2.0, 1.0, 2.0, 1.0, 1.0, 3.0, -1.0, 2.0, -1.0, -1.0, 1.0, -1.0, 1.0, 3.0, 2.0, -1.0, 0.0, 0.0, -1.0, 0.0, 3.0, -1.0, 1.0, -1.0, 1.0, 2.0, 1.0, 2.0, 1.0, 1.0, 3.0, 0.0, 0.0, -1.0, -1.0, 3.0, -1.0, 3.0, -1.0, -1.0, 2.0, 3.0, 97574.0, 511.0, 99528.0
2.0, 1.0, 1.0, 3.0, 3.0, 3.0, 3.0, 1.0, 1.0, -1.0, 2.0, 2.0, 1.0, -1.0, 2.0, 2.0, 2.0, -1.0, 2.0, 0.0, 1.0, 2.0, 0.0, 0.0, 1.0, 3.0, 3.0, 1.0, 2.0, 1.0, 3.0, 0.0, 0.0, 1.0, 0.0, 1.0, 2.0, -1.0, 0.0, 1.0, -1.0, -1.0, 0.0, 3.0, 2.0, 0.0, 3.0, 0.0, 2.0, -1.0, 96884.0, 626.0, 99427.0
2.0, 1.0, 1.0, 3.0, 3.0, 3.0, 3.0, 1.0, 1.0, -1.0, 2.0, 2.0, 1.0, -1.0, 2.0, 2.0, 2.0, -1.0, 2.0, 0.0, 1.0, 2.0, 0.0, 0.0, 1.0, 3.0, 3.0, 1.0, 2.0, 1.0, 3.0, 0.0, 0.0, 1.0, 0.0, 1.0, 2.0, -1.0, 0.0, 1.0, -1.0, -1.0, 0.0, 3.0, 2.0, 0.0, 3.0, 0.0, 2.0, -1.0, 96884.0, 626.0, 99427.0
2.0, 1.0, 1.0, 3.0, 3.0, 3.0, 3.0, 1.0, 1.0, -1.0, 2.0, 2.0, 1.0, -1.0, 2.0, 2.0, 2.0, -1.0, 2.0, 0.0, 1.0, 2.0, 0.0, 0.0, 1.0, 3.0, 3.0, 1.0, 2.0, 1.0, 3.0, 0.0, 0.0, 1.0, 0.0, 1.0, 2.0, -1.0, 0.0, 1.0, -1.0, -1.0, 0.0, 3.0, 2.0, 0.0, 3.0, 0.0, 2.0, -1.0, 96884.0, 626.0, 99427.0
2.0, 1.0, 1.0, 3.0, 3.0, 3.0, 3.0, 1.0, 1.0, -1.0, 2.0, 2.0, 1.0, -1.0, 2.0, 2.0, 2.0, -1.0, 2.0, 0.0, 1.0, 2.0, 0.0, 0.0, 1.0, 3.0, 3.0, 1.0, 2.0, 1.0, 3.0, 0.0, 0.0, 1.0, 0.0, 1.0, 2.0, -1.0, 0.0, 1.0, -1.0, -1.0, 0.0, 3.0, 2.0, 0.0, 3.0, 0.0, 2.0, -1.0, 96884.0, 626.0, 99427.0
-1.0, 0.0, 0.0, 2.0, 3.0, 3.0, 3.0, 3.0, 3.0, -1.0, 0.0, 2.0, 2.0, -1.0, -1.0, 1.0, 0.0, 0.0, 2.0, -1.0, 2.0, 0.0, -1.0, 0.0, 2.0, 0.0, -1.0, 2.0, 1.0, 1.0, 1.0, 2.0, 2.0, 3.0, 2.0, 3.0, 0.0, 2.0, 1.0, 2.0, 0.0, 1.0, -1.0, -1.0, 0.0, 1.0, -1.0, 1.0, 1.0, 3.0, 96964.0, 573.0, 99465.0
-1.0, 0.0, 0.0, 2.0, 3.0, 3.0, 3.0, 3.0, 3.0, -1.0, 0.0, 2.0, 2.0, -1.0, -1.0, 1.0, 0.0, 0.0, 2.0, -1.0, 2.0, 0.0, -1.0, 0.0, 2.0, 0.0, -1.0, 2.0, 1.0, 1.0, 1.0, 2.0, 2.0, 3.0, 2.0, 3.0, 0.0, 2.0, 1.0, 2.0, 0.0, 1.0, -1.0, -1.0, 0.0, 1.0, -1.0, 1.0, 1.0, 3.0, 96964.0, 573.0, 99465.0
-1.0, 0.0, 0.0, 2.0, 3.0, 3.0, 3.0, 3.0, 3.0, -1.0, 0.0, 2.0, 2.0, -1.0, -1.0, 1.0, 0.0, 0.0, 2.0, -1.0, 2.0, 0.0, -1.0, 0.0, 2.0, 0.0, -1.0, 2.0, 1.0, 1.0, 1.0, 2.0, 2.0, 3.0, 2.0, 3.0, 0.0, 2.0, 1.0, 2.0, 0.0, 1.0, -1.0, -1.0, 0.0, 1.0, -1.0, 1.0, 1.0, 3.0, 96964.0, 573.0, 99465.0
-1.0, 0.0, 0.0, 2.0, 3.0, 3.0, 3.0, 3.0, 3.0, -1.0, 0.0, 2.0, 2.0, -1.0, -1.0, 1.0, 0.0, 0.0, 2.0, -1.0, 2.0, 0.0, -1.0, 0.0, 2.0, 0.0, -1.0, 2.0, 1.0, 1.0, 1.0, 2.0, 2.0, 3.0, 2.0, 3.0, 0.0, 2.0, 1.0, 2.0, 0.0, 1.0, -1.0, -1.0, 0.0, 1.0, -1.0, 1.0, 1.0, 3.0, 96964.0, 573.0, 99465.0
-1.0, 0.0, 0.0, 2.0, 3.0, 3.0, 3.0, 3.0, 3.0, -1.0, 0.0, 2.0, 2.0, -1.0, -1.0, 1.0, 0.0, 0.0, 2.0, -1.0, 2.0, 0.0, -1.0, 0.0, 2.0, 0.0, -1.0, 2.0, 1.0, 1.0, 1.0, 2.0, 2.0, 3.0, 2.0, 3.0, 0.0, 2.0, 1.0, 2.0, 0.0, 1.0, -1.0, -1.0, 0.0, 1.0, -1.0, 1.0, 1.0, 3.0, 96964.0, 573.0, 99465.0
-1.0, 0.0, 0.0, 2.0, 3.0, 3.0, 3.0, 3.0, 3.0, -1.0, 0.0, 2.0, 2.0, -1.0, -1.0, 1.0, 0.0, 0.0, 2.0, -1.0, 2.0, 0.0, -1.0, 0.0, 2.0, 0.0, -1.0, 2.0, 1.0, 1.0, 1.0, 2.0, 2.0, 3.0, 2.0, 3.0, 0.0, 2.0, 1.0, 2.0, 0.0, 1.0, -1.0, -1.0, 0.0, 1.0, -1.0, 1.0, 1.0, 3.0, 96964.0, 573.0, 99465.0
1.0, 0.0, -1.0, -1.0, -1.0, 1.0, -1.0, -1.0, -1.0, -1.0, 3.0, 0.0, 3.0, 0.0, -1.0, -1.0, 0.0, 3.0, 1.0, 2.0, 0.0, 0.0, 3.0, 3.0, 1.0, -1.0, -1.0, 1.0, 0.0, -1.0, 0.0, 2.0, 3.0, 2.0, 0.0, 0.0, 2.0, 2.0, 2.0, 2.0, -1.0, 2.0, 1.0, 0.0, 2.0, 1.0, 1.0, 3.0, 0.0, 1.0, 97325.0, 533.0, 99503.0
0.0, 1.0, 1.0, 0.0, 2.0, 0.0, 0.0, 3.0, 0.0, 2.0, 3.0, 3.0, 3.0, -1.0, -1.0, 0.0, 3.0, 0.0, -1.0, 3.0, -1.0, 3.0, 1.0, 2.0, -1.0, 0.0, 1.0, 0.0, 1.0, -1.0, 2.0, -1.0, 2.0, 2.0, 1.0, -1.0, 1.0, 1.0, 0.0, 1.0, 2.0, 2.0, 1.0, -1.0, 1.0, 3.0, -1.0, 2.0, 3.0, -1.0, 97137.0, 569.0, 99475.0
0.0, 1.0, 1.0, 0.0, 2.0, 0.0, 0.0, 3.0, 0.0, 2.0, 3.0, 3.0, 3.0, -1.0, -1.0, 0.0, 3.0, 0.0, -1.0, 3.0, -1.0, 3.0, 1.0, 2.0, -1.0, 0.0, 1.0, 0.0, 1.0, -1.0, 2.0, -1.0, 2.0, 2.0, 1.0, -1.0, 1.0, 1.0, 0.0, 1.0, 2.0, 2.0, 1.0, -1.0, 1.0, 3.0, -1.0, 2.0, 3.0, -1.0, 97137.0, 569.0, 99475.0
1.0, 0.0, -1.0, 1.0, 2.0, 2.0, 2.0, 2.0, 0.0, 2.0, 0.0, 0.0, 0.0, -1.0, 3.0, 3.0, 3.0, -1.0, 3.0, -1.0, 0.0, 1.0, 2.0, 0.0, 1.0, 3.0, -1.0, -1.0, 2.0, 3.0, 1.0, 3.0, 0.0, 3.0, -1.0, 3.0, 3.0, 1.0, 3.0, 0.0, 1.0, 1.0, 2.0, 0.0, 1.0, -1.0, 2.0, 2.0, -1.0, 1.0, 97136.0, 603.0, 99443.0
-1.0, 0.0, 0.0, 2.0, 3.0, 3.0, 3.0, 3.0, 2.0, -1.0, 0.0, 2.0, 2.0, -1.0, -1.0, 1.0, 0.0, -1.0, 1.0, -1.0, 2.0, 0.0, -1.0, 0.0, 2.0, 0.0, -1.0, 0.0, 1.0, 1.0, 1.0, 2.0, 2.0, 3.0, 1.0, 3.0, 0.0, 2.0, 1.0, 2.0, 0.0, 1.0, -1.0, -1.0, 0.0, 1.0, -1.0, 1.0, 1.0, 3.0, 97030.0, 555.0, 99480.0
-1.0, 0.0, 0.0, 2.0, 3.0, 3.0, 3.0, 3.0, 2.0, -1.0, 0.0, 2.0, 2.0, -1.0, -1.0, 1.0, 0.0, -1.0, 1.0, -1.0, 2.0, 0.0, -1.0, 0.0, 2.0, 0.0, -1.0, 0.0, 1.0, 1.0, 1.0, 2.0, 2.0, 3.0, 1.0, 3.0, 0.0, 2.0, 1.0, 2.0, 0.0, 1.0, -1.0, -1.0, 0.0, 1.0, -1.0, 1.0, 1.0, 3.0, 97030.0, 555.0, 99480.0
1.0, 0.0, -1.0, 1.0, 2.0, 2.0, 2.0, 2.0, 0.0, 2.0, 0.0, 0.0, 0.0, -1.0, 3.0, 3.0, 3.0, 0.0, 3.0, -1.0, 0.0, 1.0, 2.0, 0.0, 1.0, 3.0, -1.0, -1.0, 2.0, 3.0, 1.0, 3.0, 0.0, 3.0, -1.0, 3.0, 3.0, 1.0, 3.0, 0.0, 1.0, 1.0, 2.0, 0.0, 1.0, -1.0, 2.0, 2.0, -1.0, 1.0, 97003.0, 621.0, 99428.0
2.0, 1.0, 1.0, 3.0, 3.0, 3.0, 3.0, 1.0, 1.0, -1.0, 2.0, 2.0, 1.0, -1.0, 2.0, 2.0, 2.0, -1.0, 2.0, 0.0, -1.0, 2.0, 0.0, 0.0, 1.0, 3.0, 3.0, 1.0, 2.0, 1.0, 3.0, 0.0, 0.0, 1.0, 0.0, 1.0, 2.0, -1.0, 0.0, 1.0, -1.0, -1.0, 0.0, 3.0, 2.0, 0.0, 3.0, 0.0, 2.0, -1.0, 96894.0, 616.0, 99433.0
2.0, 1.0, 1.0, 3.0, 3.0, 3.0, 3.0, 1.0, 1.0, -1.0, 2.0, 2.0, 1.0, -1.0, 2.0, 2.0, 2.0, -1.0, 2.0, 0.0, -1.0, 2.0, 0.0, 0.0, 1.0, 3.0, 3.0, 1.0, 2.0, 1.0, 3.0, 0.0, 0.0, 1.0, 0.0, 1.0, 2.0, -1.0, 0.0, 1.0, -1.0, -1.0, 0.0, 3.0, 2.0, 0.0, 3.0, 0.0, 2.0, -1.0, 96894.0, 616.0, 99433.0
1.0, -1.0, 1.0, 0.0, 0.0, -1.0, 1.0, 2.0, 0.0, -1.0, 0.0, 0.0, 0.0, 2.0, 1.0, 1.0, 2.0, 0.0, 2.0, -1.0, 2.0, 2.0, 3.0, 0.0, 1.0, 3.0, 2.0, 0.0, 2.0, 3.0, 3.0, 2.0, -1.0, -1.0, 3.0, 2.0, 0.0, 2.0, -1.0, 0.0, 3.0, 3.0, 3.0, 1.0, 0.0, 0.0, 3.0, 1.0, 1.0, 3.0, 96879.0, 631.0, 99438.0
1.0, -1.0, 1.0, 0.0, 0.0, -1.0, 1.0, 2.0, 0.0, -1.0, 0.0, 0.0, 0.0, 2.0, 1.0, 1.0, 2.0, 0.0, 2.0, -1.0, 2.0, 2.0, 3.0, 0.0, 1.0, 3.0, 2.0, 0.0, 2.0, 3.0, 3.0, 2.0, -1.0, -1.0, 3.0, 2.0, 0.0, 2.0, -1.0, 0.0, 3.0, 3.0, 3.0, 1.0, 0.0, 0.0, 3.0, 1.0, 1.0, 3.0, 96879.0, 631.0, 99438.0
-1.0, 3.0, 2.0, -1.0, 0.0, 2.0, 2.0, 2.0, 1.0, 1.0, 1.0, 1.0, 0.0, -1.0, -1.0, 1.0, 3.0, 1.0, 3.0, 2.0, 3.0, -1.0, 2.0, -1.0, -1.0, 2.0, 2.0, -1.0, 0.0, -1.0, 1.0, -1.0, 1.0, 1.0, 1.0, 0.0, 0.0, -1.0, -1.0, 1.0, -1.0, 2.0, 3.0, 1.0, 3.0, 0.0, 0.0, 0.0, 3.0, 3.0, 97293.0, 527.0, 99514.0
3.0, 0.0, 0.0, 3.0, 0.0, -1.0, 2.0, -1.0, 3.0, 0.0, 2.0, 2.0, 3.0, 1.0, 2.0, 0.0, 2.0, -1.0, 1.0, 1.0, 0.0, 3.0, -1.0, 2.0, 1.0, 0.0, 2.0, 2.0, 2.0, -1.0, -1.0, -1.0, 1.0, 3.0, -1.0, 2.0, -1.0, 3.0, 1.0, 2.0, 1.0, 0.0, 3.0, 1.0, 1.0, 0.0, 1.0, 0.0, 1.0, 3.0, 97023.0, 595.0, 99463.0
3.0, 0.0, 0.0, 3.0, 0.0, -1.0, 2.0, -1.0, 3.0, 0.0, 2.0, 2.0, 3.0, 1.0, 2.0, 0.0, 2.0, -1.0, 1.0, 1.0, 0.0, 3.0, -1.0, 2.0, 1.0, 0.0, 2.0, 2.0, 2.0, -1.0, -1.0, -1.0, 1.0, 3.0, -1.0, 2.0, -1.0, 3.0, 1.0, 2.0, 1.0, 0.0, 3.0, 1.0, 1.0, 0.0, 1.0, 0.0, 1.0, 3.0, 97023.0, 595.0, 99463.0
3.0, 0.0, 0.0, 3.0, 0.0, -1.0, 2.0, -1.0, 3.0, 0.0, 2.0, 2.0, 3.0, 1.0, 2.0, 0.0, 2.0, -1.0, 1.0, 1.0, 0.0, 3.0, -1.0, 2.0, 1.0, 0.0, 2.0, 2.0, 2.0, -1.0, -1.0, -1.0, 1.0, 3.0, -1.0, 2.0, -1.0, 3.0, 1.0, 2.0, 1.0, 0.0, 3.0, 1.0, 1.0, 0.0, 1.0, 0.0, 1.0, 3.0, 97023.0, 595.0, 99463.0
3.0, 0.0, 0.0, 3.0, 0.0, -1.0, 2.0, -1.0, 3.0, 0.0, 2.0, 2.0, 3.0, 1.0, 2.0, 0.0, 2.0, -1.0, 1.0, 1.0, 0.0, 3.0, -1.0, 2.0, 1.0, 0.0, 2.0, 2.0, 2.0, -1.0, -1.0, -1.0, 1.0, 3.0, -1.0, 2.0, -1.0, 3.0, 1.0, 2.0, 1.0, 0.0, 3.0, 1.0, 1.0, 0.0, 1.0, 0.0, 1.0, 3.0, 97023.0, 595.0, 99463.0
0.0, 2.0, 3.0, 3.0, 2.0, -1.0, 1.0, 3.0, 3.0, -1.0, 2.0, 1.0, 3.0, 0.0, 2.0, 1.0, 2.0, -1.0, 1.0, 0.0, 3.0, 0.0, 3.0, 0.0, -1.0, 1.0, 0.0, 1.0, 2.0, -1.0, 2.0, 2.0, -1.0, 2.0, -1.0, 3.0, 0.0, -1.0, 0.0, 3.0, 3.0, 2.0, 3.0, 1.0, 1.0, 2.0, 1.0, 0.0, 1.0, 0.0, 97020.0, 610.0, 99434.0
0.0, 2.0, 3.0, 3.0, 2.0, -1.0, 1.0, 3.0, 3.0, -1.0, 2.0, 1.0, 3.0, 0.0, 2.0, 1.0, 2.0, -1.0, 1.0, 0.0, 3.0, 0.0, 3.0, 0.0, -1.0, 1.0, 0.0, 1.0, 2.0, -1.0, 2.0, 2.0, -1.0, 2.0, -1.0, 3.0, 0.0, -1.0, 0.0, 3.0, 3.0, 2.0, 3.0, 1.0, 1.0, 2.0, 1.0, 0.0, 1.0, 0.0, 97020.0, 610.0, 99434.0
0.0, 2.0, 3.0, 3.0, 2.0, -1.0, 1.0, 3.0, 3.0, -1.0, 2.0, 1.0, 3.0, 0.0, 2.0, 1.0, 2.0, -1.0, 1.0, 0.0, 3.0, 0.0, 3.0, 0.0, -1.0, 1.0, 0.0, 1.0, 2.0, -1.0, 2.0, 2.0, -1.0, 2.0, -1.0, 3.0, 0.0, -1.0, 0.0, 3.0, 3.0, 2.0, 3.0, 1.0, 1.0, 2.0, 1.0, 0.0, 1.0, 0.0, 97020.0, 610.0, 99434.0
0.0, 2.0, 3.0, 3.0, 2.0, -1.0, 1.0, 3.0, 3.0, -1.0, 2.0, 1.0, 3.0, 0.0, 2.0, 1.0, 2.0, -1.0, 1.0, 0.0, 3.0, 0.0, 3.0, 0.0, -1.0, 1.0, 0.0, 1.0, 2.0, -1.0, 2.0, 2.0, -1.0, 2.0, -1.0, 3.0, 0.0, -1.0, 0.0, 3.0, 3.0, 2.0, 3.0, 1.0, 1.0, 2.0, 1.0, 0.0, 1.0, 0.0, 97020.0, 610.0, 99434.0
0.0, 2.0, 3.0, 3.0, 2.0, -1.0, 1.0, 3.0, 3.0, -1.0, 2.0, 1.0, 3.0, 0.0, 2.0, 1.0, 2.0, -1.0, 1.0, 0.0, 3.0, 0.0, 3.0, 0.0, -1.0, 1.0, 0.0, 1.0, 2.0, -1.0, 2.0, 2.0, -1.0, 2.0, -1.0, 3.0, 0.0, -1.0, 0.0, 3.0, 3.0, 2.0, 3.0, 1.0, 1.0, 2.0, 1.0, 0.0, 1.0, 0.0, 97020.0, 610.0, 99434.0
0.0, 2.0, 3.0, 3.0, 2.0, -1.0, 1.0, 3.0, 3.0, -1.0, 2.0, 1.0, 3.0, 0.0, 2.0, 1.0, 2.0, -1.0, 1.0, 0.0, 3.0, 0.0, 3.0, 0.0, -1.0, 1.0, 0.0, 1.0, 2.0, -1.0, 2.0, 2.0, -1.0, 2.0, -1.0, 3.0, 0.0, -1.0, 0.0, 3.0, 3.0, 2.0, 3.0, 1.0, 1.0, 2.0, 1.0, 0.0, 1.0, 0.0, 97020.0, 610.0, 99434.0
0.0, 2.0, 3.0, 3.0, 2.0, -1.0, 1.0, 3.0, 3.0, -1.0, 2.0, 1.0, 3.0, 0.0, 2.0, 1.0, 2.0, -1.0, 1.0, 0.0, 3.0, 0.0, 3.0, 0.0, -1.0, 1.0, 0.0, 1.0, 2.0, -1.0, 2.0, 2.0, -1.0, 2.0, -1.0, 3.0, 0.0, -1.0, 0.0, 3.0, 3.0, 2.0, 3.0, 1.0, 1.0, 2.0, 1.0, 0.0, 1.0, 0.0, 97020.0, 610.0, 99434.0
0.0, 2.0, 3.0, 3.0, 2.0, -1.0, 1.0, 3.0, 3.0, -1.0, 2.0, 1.0, 3.0, 0.0, 2.0, 1.0, 2.0, -1.0, 1.0, 0.0, 3.0, 0.0, 3.0, 0.0, -1.0, 1.0, 0.0, 1.0, 2.0, -1.0, 2.0, 2.0, -1.0, 2.0, -1.0, 3.0, 0.0, -1.0, 0.0, 3.0, 3.0, 2.0, 3.0, 1.0, 1.0, 2.0, 1.0, 0.0, 1.0, 0.0, 97020.0, 610.0, 99434.0
1.0, 1.0, 2.0, 1.0, 2.0, 1.0, -1.0, 1.0, 1.0, -1.0, -1.0, 3.0, 0.0, 3.0, 1.0, 3.0, 0.0, -1.0, 2.0, 3.0, 0.0, -1.0, 3.0, 2.0, 0.0, 2.0, -1.0, 3.0, 2.0, 3.0, -1.0, 1.0, 0.0, 0.0, 2.0, 1.0, -1.0, 3.0, 2.0, 2.0, 2.0, 0.0, 3.0, 2.0, 0.0, 0.0, 1.0, 0.0, 0.0, -1.0, 97050.0, 597.0, 99449.0
1.0, 1.0, 2.0, 1.0, 2.0, 1.0, -1.0, 1.0, 1.0, -1.0, -1.0, 3.0, 0.0, 3.0, 1.0, 3.0, 0.0, -1.0, 2.0, 3.0, 0.0, -1.0, 3.0, 2.0, 0.0, 2.0, -1.0, 3.0, 2.0, 3.0, -1.0, 1.0, 0.0, 0.0, 2.0, 1.0, -1.0, 3.0, 2.0, 2.0, 2.0, 0.0, 3.0, 2.0, 0.0, 0.0, 1.0, 0.0, 0.0, -1.0, 97050.0, 597.0, 99449.0
1.0, 1.0, 2.0, 1.0, 2.0, 1.0, -1.0, 1.0, 1.0, -1.0, -1.0, 3.0, 0.0, 3.0, 1.0, 3.0, 0.0, -1.0, 2.0, 3.0, 0.0, -1.0, 3.0, 2.0, 0.0, 2.0, -1.0, 3.0, 2.0, 3.0, -1.0, 1.0, 0.0, 0.0, 2.0, 1.0, -1.0, 3.0, 2.0, 2.0, 2.0, 0.0, 3.0, 2.0, 0.0, 0.0, 1.0, 0.0, 0.0, -1.0, 97050.0, 597.0, 99449.0
1.0, 1.0, 2.0, 1.0, 2.0, 1.0, -1.0, 1.0, 1.0, -1.0, -1.0, 3.0, 0.0, 3.0, 1.0, 3.0, 0.0, -1.0, 2.0, 3.0, 0.0, -1.0, 3.0, 2.0, 0.0, 2.0, -1.0, 3.0, 2.0, 3.0, -1.0, 1.0, 0.0, 0.0, 2.0, 1.0, -1.0, 3.0, 2.0, 2.0, 2.0, 0.0, 3.0, 2.0, 0.0, 0.0, 1.0, 0.0, 0.0, -1.0, 97050.0, 597.0, 99449.0
1.0, 1.0, 2.0, 1.0, 2.0, 1.0, -1.0, 1.0, 1.0, -1.0, -1.0, 3.0, 0.0, 3.0, 1.0, 3.0, 0.0, -1.0, 2.0, 3.0, 0.0, -1.0, 3.0, 2.0, 0.0, 2.0, -1.0, 3.0, 2.0, 3.0, -1.0, 1.0, 0.0, 0.0, 2.0, 1.0, -1.0, 3.0, 2.0, 2.0, 2.0, 0.0, 3.0, 2.0, 0.0, 0.0, 1.0, 0.0, 0.0, -1.0, 97050.0, 597.0, 99449.0
1.0, 1.0, 2.0, 1.0, 2.0, 1.0, -1.0, 1.0, 1.0, -1.0, -1.0, 3.0, 0.0, 3.0, 1.0, 3.0, 0.0, -1.0, 2.0, 3.0, 0.0, -1.0, 3.0, 2.0, 0.0, 2.0, -1.0, 3.0, 2.0, 3.0, -1.0, 1.0, 0.0, 0.0, 2.0, 1.0, -1.0, 3.0, 2.0, 2.0, 2.0, 0.0, 3.0, 2.0, 0.0, 0.0, 1.0, 0.0, 0.0, -1.0, 97050.0, 597.0, 99449.0
-1.0, 1.0, 0.0, 2.0, 2.0, 0.0, 0.0, -1.0, 1.0, 2.0, 2.0, 3.0, -1.0, -1.0, -1.0, 0.0, 1.0, -1.0, 0.0, -1.0, 3.0, 1.0, 2.0, -1.0, 1.0, 3.0, 3.0, 1.0, 2.0, -1.0, -1.0, 2.0, 1.0, 1.0, 0.0, 3.0, -1.0, 1.0, -1.0, 1.0, 0.0, -1.0, 2.0, 1.0, 0.0, 1.0, 0.0, 0.0, -1.0, 2.0, 97249.0, 521.0, 99522.0
-1.0, 1.0, 0.0, 2.0, 2.0, 0.0, 0.0, -1.0, 1.0, 2.0, 2.0, 3.0, -1.0, -1.0, -1.0, 0.0, 1.0, -1.0, 0.0, -1.0, 3.0, 1.0, 2.0, -1.0, 1.0, 3.0, 3.0, 1.0, 2.0, -1.0, -1.0, 2.0, 1.0, 1.0, 0.0, 3.0, -1.0, 1.0, -1.0, 1.0, 0.0, -1.0, 2.0, 1.0, 0.0, 1.0, 0.0, 0.0, -1.0, 2.0, 97249.0, 521.0, 99522.0
-1.0, 1.0, 0.0, 2.0, 2.0, 0.0, 0.0, -1.0, 1.0, 2.0, 2.0, 3.0, -1.0, -1.0, -1.0, 0.0, 1.0, -1.0, 0.0, -1.0, 3.0, 1.0, 2.0, -1.0, 1.0, 3.0, 3.0, 1.0, 2.0, -1.0, -1.0, 2.0, 1.0, 1.0, 0.0, 3.0, -1.0, 1.0, -1.0, 1.0, 0.0, -1.0, 2.0, 1.0, 0.0, 1.0, 0.0, 0.0, -1.0, 2.0, 97249.0, 521.0, 99522.0
-1.0, 1.0, 0.0, 2.0, 2.0, 0.0, 0.0, -1.0, 1.0, 2.0, 2.0, 3.0, -1.0, -1.0, -1.0, 0.0, 1.0, -1.0, 0.0, -1.0, 3.0, 1.0, 2.0, -1.0, 1.0, 3.0, 3.0, 1.0, 2.0, -1.0, -1.0, 2.0, 1.0, 1.0, 0.0, 3.0, -1.0, 1.0, -1.0, 1.0, 0.0, -1.0, 2.0, 1.0, 0.0, 1.0, 0.0, 0.0, -1.0, 2.0, 97249.0, 521.0, 99522.0
-1.0, 1.0, 0.0, 2.0, 2.0, 0.0, 0.0, -1.0, 1.0, 2.0, 2.0, 3.0, -1.0, -1.0, -1.0, 0.0, 1.0, -1.0, 0.0, -1.0, 3.0, 1.0, 2.0, -1.0, 1.0, 3.0, 3.0, 1.0, 2.0, -1.0, -1.0, 2.0, 1.0, 1.0, 0.0, 3.0, -1.0, 1.0, -1.0, 1.0, 0.0, -1.0, 2.0, 1.0, 0.0, 1.0, 0.0, 0.0, -1.0, 2.0, 97249.0, 521.0, 99522.0
3.0, 2.0, -1.0, -1.0, 1.0, 1.0, -1.0, 2.0, 1.0, 2.0, -1.0, 0.0, 1.0, 0.0, -1.0, 0.0, -1.0, -1.0, 1.0, 1.0, 3.0, 2.0, -1.0, 0.0, 0.0, -1.0, 0.0, -1.0, 0.0, 1.0, -1.0, -1.0, -1.0, 3.0, 3.0, -1.0, -1.0, 0.0, 2.0, 2.0, 2.0, 2.0, -1.0, 0.0, 1.0, 0.0, 1.0, -1.0, 1.0, 1.0, 97597.0, 493.0, 99578.0
3.0, 2.0, -1.0, -1.0, 1.0, 1.0, -1.0, 2.0, 1.0, 2.0, -1.0, 0.0, 1.0, 0.0, -1.0, 0.0, -1.0, -1.0, 1.0, 1.0, 3.0, 2.0, -1.0, 0.0, 0.0, -1.0, 0.0, -1.0, 0.0, 1.0, -1.0, -1.0, -1.0, 3.0, 3.0, -1.0, -1.0, 0.0, 2.0, 2.0, 2.0, 2.0, -1.0, 0.0, 1.0, 0.0, 1.0, -1.0, 1.0, 1.0, 97597.0, 493.0, 99578.0
