4.22357789849, 1.03051081064, 1.48843214632, 0.858347117765, 2.83000033954, 1.10927428056, 3.88420375044, 1.26000022917, 1.14000016318, 3.56979220156, 2.75899994138, 0.954246088057, 3.04000049479, 1.01920333961, 0.920985351494, 1.00000096081, 1.00000097221, 1.08131118883, 7.28321100383, 0.923846578822, 1.00000055549, 99.0769805808, 0.888953984738, 2.51954746152, 1.04178786507, 3.29000053641, 1.00000023495, 343.964009461, 17.6126023535, 1008.41417827, 4.28954423592
5.85717677096, 1.11221205687, 1.68221981588, 0.835003507117, 2.83000078748, 1.03260259251, 3.34728609683, 1.26000011521, 1.14000003875, 1.91598952366, 1.62385582463, 0.93104346805, 3.04000005909, 1.08213362665, 0.998232469859, 1.00000008839, 1.00000044706, 1.05932018938, 9.26596531729, 0.986831250148, 1.00000033487, 93.8056882681, 0.881256729567, 4.80571653482, 1.04902668979, 3.29000041102, 1.00000055566, 320.756686185, 22.0347406777, 2014.31979187, 0.268096514745
4.14881754994, 1.01447773196, 1.4020189616, 0.874517963492, 2.83000007259, 1.09788234591, 1.08409493175, 1.26000053515, 1.14000066549, 1.74644317581, 2.94628054271, 1.08420917044, 3.04000087144, 1.09219610864, 0.921864685218, 1.00000007154, 1.00000018393, 1.0392678117, 9.13815714398, 0.924071125416, 1.000000675, 116.785314979, 1.00070082594, 3.09753455022, 0.953723109594, 3.2900008436, 1.00000085847, 3555.72513394, 47.0788623852, 5952.28601352, 0.268096514745
2.36297953982, 1.00228185547, 1.56635208549, 0.957330639608, 2.83000023909, 1.16596420677, 1.97181453835, 1.26000040024, 1.1400008471, 2.32744726402, 2.9633962187, 1.05827475603, 3.0400006554, 1.10622797364, 0.90237768967, 1.00000077414, 1.00000021661, 1.04093049549, 4.05904135245, 0.972741381858, 1.00000062411, 94.7413914647, 1.00518740597, 1.62276167227, 1.01426787162, 3.29000087949, 1.00000073702, 51.2049370648, 16.0360298678, 314.478509822, 0.536193029491
3.8264860441, 1.07365102301, 1.47674560371, 0.87563900438, 2.83000002148, 0.980055921308, 1.27919864721, 1.26000010309, 1.14000037336, 1.76631929717, 1.79569547498, 1.03922272072, 3.04000038761, 1.06617217919, 0.971672437343, 1.00000003118, 1.00000016208, 1.05857981871, 7.46998748228, 0.944571398175, 1.00000048788, 78.6911958526, 1.07382614823, 3.01523800234, 0.966017523759, 3.29000029913, 1.0000000198, 855.173405655, 18.97889004, 1240.15155966, 4.82573726542
3.8264860441, 1.07365102301, 1.47674560371, 0.87563900438, 2.83000002148, 0.980055921308, 1.27919864721, 1.26000010309, 1.14000037336, 1.76631929717, 1.79569547498, 1.03922272072, 3.04000038761, 1.06617217919, 0.971672437343, 1.00000003118, 1.00000016208, 1.05857981871, 7.46998748228, 0.944571398175, 1.00000048788, 78.6911958526, 1.07382614823, 3.01523800234, 0.966017523759, 3.29000029913, 1.0000000198, 855.173405655, 18.97889004, 1240.15155966, 4.82573726542
3.89525406922, 1.0736725772, 1.55896670095, 0.828723861041, 2.83000080796, 1.04949926911, 2.90628353101, 1.26000050117, 1.14000036058, 3.69312196471, 1.78736029085, 0.903970535714, 3.04000038812, 1.05828429854, 0.860653090977, 1.00000001225, 1.00000079392, 1.00359298752, 7.42011985992, 0.944627774986, 1.00000053666, 108.225514897, 0.849063212894, 5.92182253519, 0.965325229249, 3.29000025615, 1.00000098625, 14.5006358015, 6.9166554022, 36.8314828374, 4.28954423592
3.89525406922, 1.0736725772, 1.55896670095, 0.828723861041, 2.83000080796, 1.04949926911, 2.90628353101, 1.26000050117, 1.14000036058, 3.69312196471, 1.78736029085, 0.903970535714, 3.04000038812, 1.05828429854, 0.860653090977, 1.00000001225, 1.00000079392, 1.00359298752, 7.42011985992, 0.944627774986, 1.00000053666, 108.225514897, 0.849063212894, 5.92182253519, 0.965325229249, 3.29000025615, 1.00000098625, 14.5006358015, 6.9166554022, 36.8314828374, 4.28954423592
3.89525406922, 1.0736725772, 1.55896670095, 0.828723861041, 2.83000080796, 1.04949926911, 2.90628353101, 1.26000050117, 1.14000036058, 3.69312196471, 1.78736029085, 0.903970535714, 3.04000038812, 1.05828429854, 0.860653090977, 1.00000001225, 1.00000079392, 1.00359298752, 7.42011985992, 0.944627774986, 1.00000053666, 108.225514897, 0.849063212894, 5.92182253519, 0.965325229249, 3.29000025615, 1.00000098625, 14.5006358015, 6.9166554022, 36.8314828374, 4.28954423592
3.89525406922, 1.0736725772, 1.55896670095, 0.828723861041, 2.83000080796, 1.04949926911, 2.90628353101, 1.26000050117, 1.14000036058, 3.69312196471, 1.78736029085, 0.903970535714, 3.04000038812, 1.05828429854, 0.860653090977, 1.00000001225, 1.00000079392, 1.00359298752, 7.42011985992, 0.944627774986, 1.00000053666, 108.225514897, 0.849063212894, 5.92182253519, 0.965325229249, 3.29000025615, 1.00000098625, 14.5006358015, 6.9166554022, 36.8314828374, 4.28954423592
3.89525406922, 1.0736725772, 1.55896670095, 0.828723861041, 2.83000080796, 1.04949926911, 2.90628353101, 1.26000050117, 1.14000036058, 3.69312196471, 1.78736029085, 0.903970535714, 3.04000038812, 1.05828429854, 0.860653090977, 1.00000001225, 1.00000079392, 1.00359298752, 7.42011985992, 0.944627774986, 1.00000053666, 108.225514897, 0.849063212894, 5.92182253519, 0.965325229249, 3.29000025615, 1.00000098625, 14.5006358015, 6.9166554022, 36.8314828374, 4.28954423592
3.89525406922, 1.0736725772, 1.55896670095, 0.828723861041, 2.83000080796, 1.04949926911, 2.90628353101, 1.26000050117, 1.14000036058, 3.69312196471, 1.78736029085, 0.903970535714, 3.04000038812, 1.05828429854, 0.860653090977, 1.00000001225, 1.00000079392, 1.00359298752, 7.42011985992, 0.944627774986, 1.00000053666, 108.225514897, 0.849063212894, 5.92182253519, 0.965325229249, 3.29000025615, 1.00000098625, 14.5006358015, 6.9166554022, 36.8314828374, 4.28954423592
3.89525406922, 1.0736725772, 1.55896670095, 0.828723861041, 2.83000080796, 1.04949926911, 2.90628353101, 1.26000050117, 1.14000036058, 3.69312196471, 1.78736029085, 0.903970535714, 3.04000038812, 1.05828429854, 0.860653090977, 1.00000001225, 1.00000079392, 1.00359298752, 7.42011985992, 0.944627774986, 1.00000053666, 108.225514897, 0.849063212894, 5.92182253519, 0.965325229249, 3.29000025615, 1.00000098625, 14.5006358015, 6.9166554022, 36.8314828374, 4.28954423592
3.89525406922, 1.0736725772, 1.55896670095, 0.828723861041, 2.83000080796, 1.04949926911, 2.90628353101, 1.26000050117, 1.14000036058, 3.69312196471, 1.78736029085, 0.903970535714, 3.04000038812, 1.05828429854, 0.860653090977, 1.00000001225, 1.00000079392, 1.00359298752, 7.42011985992, 0.944627774986, 1.00000053666, 108.225514897, 0.849063212894, 5.92182253519, 0.965325229249, 3.29000025615, 1.00000098625, 14.5006358015, 6.9166554022, 36.8314828374, 4.28954423592
3.89525406922, 1.0736725772, 1.55896670095, 0.828723861041, 2.83000080796, 1.04949926911, 2.90628353101, 1.26000050117, 1.14000036058, 3.69312196471, 1.78736029085, 0.903970535714, 3.04000038812, 1.05828429854, 0.860653090977, 1.00000001225, 1.00000079392, 1.00359298752, 7.42011985992, 0.944627774986, 1.00000053666, 108.225514897, 0.849063212894, 5.92182253519, 0.965325229249, 3.29000025615, 1.00000098625, 14.5006358015, 6.9166554022, 36.8314828374, 4.28954423592
3.89525406922, 1.0736725772, 1.55896670095, 0.828723861041, 2.83000080796, 1.04949926911, 2.90628353101, 1.26000050117, 1.14000036058, 3.69312196471, 1.78736029085, 0.903970535714, 3.04000038812, 1.05828429854, 0.860653090977, 1.00000001225, 1.00000079392, 1.00359298752, 7.42011985992, 0.944627774986, 1.00000053666, 108.225514897, 0.849063212894, 5.92182253519, 0.965325229249, 3.29000025615, 1.00000098625, 14.5006358015, 6.9166554022, 36.8314828374, 4.28954423592
3.89525406922, 1.0736725772, 1.55896670095, 0.828723861041, 2.83000080796, 1.04949926911, 2.90628353101, 1.26000050117, 1.14000036058, 3.69312196471, 1.78736029085, 0.903970535714, 3.04000038812, 1.05828429854, 0.860653090977, 1.00000001225, 1.00000079392, 1.00359298752, 7.42011985992, 0.944627774986, 1.00000053666, 108.225514897, 0.849063212894, 5.92182253519, 0.965325229249, 3.29000025615, 1.00000098625, 14.5006358015, 6.9166554022, 36.8314828374, 4.28954423592
3.89525406922, 1.0736725772, 1.55896670095, 0.828723861041, 2.83000080796, 1.04949926911, 2.90628353101, 1.26000050117, 1.14000036058, 3.69312196471, 1.78736029085, 0.903970535714, 3.04000038812, 1.05828429854, 0.860653090977, 1.00000001225, 1.00000079392, 1.00359298752, 7.42011985992, 0.944627774986, 1.00000053666, 108.225514897, 0.849063212894, 5.92182253519, 0.965325229249, 3.29000025615, 1.00000098625, 14.5006358015, 6.9166554022, 36.8314828374, 4.28954423592
3.89525406922, 1.0736725772, 1.55896670095, 0.828723861041, 2.83000080796, 1.04949926911, 2.90628353101, 1.26000050117, 1.14000036058, 3.69312196471, 1.78736029085, 0.903970535714, 3.04000038812, 1.05828429854, 0.860653090977, 1.00000001225, 1.00000079392, 1.00359298752, 7.42011985992, 0.944627774986, 1.00000053666, 108.225514897, 0.849063212894, 5.92182253519, 0.965325229249, 3.29000025615, 1.00000098625, 14.5006358015, 6.9166554022, 36.8314828374, 4.28954423592
3.89525406922, 1.0736725772, 1.55896670095, 0.828723861041, 2.83000080796, 1.04949926911, 2.90628353101, 1.26000050117, 1.14000036058, 3.69312196471, 1.78736029085, 0.903970535714, 3.04000038812, 1.05828429854, 0.860653090977, 1.00000001225, 1.00000079392, 1.00359298752, 7.42011985992, 0.944627774986, 1.00000053666, 108.225514897, 0.849063212894, 5.92182253519, 0.965325229249, 3.29000025615, 1.00000098625, 14.5006358015, 6.9166554022, 36.8314828374, 4.28954423592
3.89525406922, 1.0736725772, 1.55896670095, 0.828723861041, 2.83000080796, 1.04949926911, 2.90628353101, 1.26000050117, 1.14000036058, 3.69312196471, 1.78736029085, 0.903970535714, 3.04000038812, 1.05828429854, 0.860653090977, 1.00000001225, 1.00000079392, 1.00359298752, 7.42011985992, 0.944627774986, 1.00000053666, 108.225514897, 0.849063212894, 5.92182253519, 0.965325229249, 3.29000025615, 1.00000098625, 14.5006358015, 6.9166554022, 36.8314828374, 4.28954423592
3.89525406922, 1.0736725772, 1.55896670095, 0.828723861041, 2.83000080796, 1.04949926911, 2.90628353101, 1.26000050117, 1.14000036058, 3.69312196471, 1.78736029085, 0.903970535714, 3.04000038812, 1.05828429854, 0.860653090977, 1.00000001225, 1.00000079392, 1.00359298752, 7.42011985992, 0.944627774986, 1.00000053666, 108.225514897, 0.849063212894, 5.92182253519, 0.965325229249, 3.29000025615, 1.00000098625, 14.5006358015, 6.9166554022, 36.8314828374, 4.28954423592
3.89525406922, 1.0736725772, 1.55896670095, 0.828723861041, 2.83000080796, 1.04949926911, 2.90628353101, 1.26000050117, 1.14000036058, 3.69312196471, 1.78736029085, 0.903970535714, 3.04000038812, 1.05828429854, 0.860653090977, 1.00000001225, 1.00000079392, 1.00359298752, 7.42011985992, 0.944627774986, 1.00000053666, 108.225514897, 0.849063212894, 5.92182253519, 0.965325229249, 3.29000025615, 1.00000098625, 14.5006358015, 6.9166554022, 36.8314828374, 4.28954423592
3.89525406922, 1.0736725772, 1.55896670095, 0.828723861041, 2.83000080796, 1.04949926911, 2.90628353101, 1.26000050117, 1.14000036058, 3.69312196471, 1.78736029085, 0.903970535714, 3.04000038812, 1.05828429854, 0.860653090977, 1.00000001225, 1.00000079392, 1.00359298752, 7.42011985992, 0.944627774986, 1.00000053666, 108.225514897, 0.849063212894, 5.92182253519, 0.965325229249, 3.29000025615, 1.00000098625, 14.5006358015, 6.9166554022, 36.8314828374, 4.28954423592
3.89525406922, 1.0736725772, 1.55896670095, 0.828723861041, 2.83000080796, 1.04949926911, 2.90628353101, 1.26000050117, 1.14000036058, 3.69312196471, 1.78736029085, 0.903970535714, 3.04000038812, 1.05828429854, 0.860653090977, 1.00000001225, 1.00000079392, 1.00359298752, 7.42011985992, 0.944627774986, 1.00000053666, 108.225514897, 0.849063212894, 5.92182253519, 0.965325229249, 3.29000025615, 1.00000098625, 14.5006358015, 6.9166554022, 36.8314828374, 4.28954423592
3.89525406922, 1.0736725772, 1.55896670095, 0.828723861041, 2.83000080796, 1.04949926911, 2.90628353101, 1.26000050117, 1.14000036058, 3.69312196471, 1.78736029085, 0.903970535714, 3.04000038812, 1.05828429854, 0.860653090977, 1.00000001225, 1.00000079392, 1.00359298752, 7.42011985992, 0.944627774986, 1.00000053666, 108.225514897, 0.849063212894, 5.92182253519, 0.965325229249, 3.29000025615, 1.00000098625, 14.5006358015, 6.9166554022, 36.8314828374, 4.28954423592
3.89525406922, 1.0736725772, 1.55896670095, 0.828723861041, 2.83000080796, 1.04949926911, 2.90628353101, 1.26000050117, 1.14000036058, 3.69312196471, 1.78736029085, 0.903970535714, 3.04000038812, 1.05828429854, 0.860653090977, 1.00000001225, 1.00000079392, 1.00359298752, 7.42011985992, 0.944627774986, 1.00000053666, 108.225514897, 0.849063212894, 5.92182253519, 0.965325229249, 3.29000025615, 1.00000098625, 194.793866072, 18.5477997217, 621.103796597, 0.0
3.89525406922, 1.0736725772, 1.55896670095, 0.828723861041, 2.83000080796, 1.04949926911, 2.90628353101, 1.26000050117, 1.14000036058, 3.69312196471, 1.78736029085, 0.903970535714, 3.04000038812, 1.05828429854, 0.860653090977, 1.00000001225, 1.00000079392, 1.00359298752, 7.42011985992, 0.944627774986, 1.00000053666, 108.225514897, 0.849063212894, 5.92182253519, 0.965325229249, 3.29000021351, 1.00000098625, 46.293985241, 8.4000965804, 172.674129747, 5.63002680965
3.89525406922, 1.0736725772, 1.55896670095, 0.828723861041, 2.83000080796, 1.04949926911, 2.90628353101, 1.26000050117, 1.14000036058, 3.69312196471, 1.78736029085, 0.903970535714, 3.04000038812, 1.05828429854, 0.860653090977, 1.00000001225, 1.00000079392, 1.00359298752, 7.42011985992, 0.944627774986, 1.00000053666, 108.225514897, 0.849063212894, 5.92182253519, 0.965325229249, 3.29000021351, 1.00000098625, 46.293985241, 8.4000965804, 172.674129747, 5.63002680965
3.89525406922, 1.0736725772, 1.55896670095, 0.828723861041, 2.83000080796, 1.04949926911, 2.90628353101, 1.26000050117, 1.14000036058, 3.69312196471, 1.78736029085, 0.903970535714, 3.04000038812, 1.05828429854, 0.860653090977, 1.00000001225, 1.00000079392, 1.00359298752, 7.42011985992, 0.944627774986, 1.00000053666, 108.225514897, 0.849063212894, 5.92182253519, 0.965325229249, 3.29000021351, 1.00000098625, 46.293985241, 8.4000965804, 172.674129747, 5.63002680965
3.89525406922, 1.0736725772, 1.55896670095, 0.828723861041, 2.83000080796, 1.04949926911, 2.90628353101, 1.26000050117, 1.14000036058, 3.69312196471, 1.78736029085, 0.903970535714, 3.04000038812, 1.05828429854, 0.860653090977, 1.00000001225, 1.00000079392, 1.00359298752, 7.42011985992, 0.944627774986, 1.00000053666, 108.225514897, 0.849063212894, 5.92182253519, 0.965325229249, 3.29000021351, 1.00000098625, 46.293985241, 8.4000965804, 172.674129747, 5.63002680965
3.89525406922, 1.0736725772, 1.55896670095, 0.828723861041, 2.83000080796, 1.04949926911, 2.90628353101, 1.26000050117, 1.14000036058, 3.69312196471, 1.78736029085, 0.903970535714, 3.04000038812, 1.05828429854, 0.860653090977, 1.00000001225, 1.00000079392, 1.00359298752, 7.42011985992, 0.944627774986, 1.00000053666, 108.225514897, 0.849063212894, 5.92182253519, 0.965325229249, 3.29000021351, 1.00000098625, 46.293985241, 8.4000965804, 172.674129747, 5.63002680965
3.89525406922, 1.0736725772, 1.55896670095, 0.828723861041, 2.83000080796, 1.04949926911, 2.90628353101, 1.26000050117, 1.14000036058, 3.69312196471, 1.78736029085, 0.903970535714, 3.04000038812, 1.05828429854, 0.860653090977, 1.00000001225, 1.00000079392, 1.00359298752, 7.42011985992, 0.944627774986, 1.00000053666, 108.225514897, 0.849063212894, 5.92182253519, 0.965325229249, 3.29000021351, 1.00000098625, 46.293985241, 8.4000965804, 172.674129747, 5.63002680965
3.89525406922, 1.0736725772, 1.55896670095, 0.828723861041, 2.83000080796, 1.04949926911, 2.90628353101, 1.26000050117, 1.14000036058, 3.69312196471, 1.78736029085, 0.903970535714, 3.04000038812, 1.05828429854, 0.860653090977, 1.00000001225, 1.00000079392, 1.00359298752, 7.42011985992, 0.944627774986, 1.00000053666, 108.225514897, 0.849063212894, 5.92182253519, 0.965325229249, 3.29000021351, 1.00000098625, 46.293985241, 8.4000965804, 172.674129747, 5.63002680965
3.82401390113, 1.07365101872, 1.47674560371, 0.876298396968, 2.83000002148, 1.05624402209, 1.23188472096, 1.26000010309, 1.14000036056, 1.64733365908, 1.79555916066, 1.03922272072, 3.04000038761, 1.06617217919, 0.975488589094, 1.00000003118, 1.00000016229, 1.05857981871, 7.42033255375, 0.944569883936, 1.00000048788, 78.6911958526, 1.07138808919, 3.01523800234, 0.965304713106, 3.29000029913, 1.0000000185, 14.5776989805, 6.00558185661, 111.771115773, 5.36193029491
3.82401390113, 1.07365101872, 1.47674560371, 0.876298396968, 2.83000002148, 1.05624402209, 1.23188472096, 1.26000010309, 1.14000036056, 1.64733365908, 1.79555916066, 1.03922272072, 3.04000038761, 1.06617217919, 0.975488589094, 1.00000003118, 1.00000016229, 1.05857981871, 7.42033255375, 0.944569883936, 1.00000048788, 78.6911958526, 1.07138808919, 3.01523800234, 0.965304713106, 3.29000029913, 1.0000000185, 14.5776989805, 6.00558185661, 111.771115773, 5.36193029491
3.82401390113, 1.07365101872, 1.47674560371, 0.876298396968, 2.83000002148, 1.05624402209, 1.23188472096, 1.26000010309, 1.14000036056, 1.64733365908, 1.79555916066, 1.03922272072, 3.04000038761, 1.06617217919, 0.975488589094, 1.00000003118, 1.00000016229, 1.05857981871, 7.42033255375, 0.944569883936, 1.00000048788, 78.6911958526, 1.07138808919, 3.01523800234, 0.965304713106, 3.29000029913, 1.0000000185, 14.5776989805, 6.00558185661, 111.771115773, 5.36193029491
3.82401390113, 1.07365101872, 1.47674560371, 0.876298396968, 2.83000002148, 1.05624402209, 1.23188472096, 1.26000010309, 1.14000036056, 1.64733365908, 1.79555916066, 1.03922272072, 3.04000038761, 1.06617217919, 0.975488589094, 1.00000003118, 1.00000016229, 1.05857981871, 7.42033255375, 0.944569883936, 1.00000048788, 78.6911958526, 1.07138808919, 3.01523800234, 0.965304713106, 3.29000029913, 1.0000000185, 14.5776989805, 6.00558185661, 111.771115773, 5.36193029491
3.82401390113, 1.07365101872, 1.47674560371, 0.876298396968, 2.83000002148, 1.05624402209, 1.23188472096, 1.26000010309, 1.14000036056, 1.64733365908, 1.79555916066, 1.03922272072, 3.04000038761, 1.06617217919, 0.975488589094, 1.00000003118, 1.00000016229, 1.05857981871, 7.42033255375, 0.944569883936, 1.00000048788, 78.6911958526, 1.07138808919, 3.01523800234, 0.965304713106, 3.29000029913, 1.0000000185, 14.5776989805, 6.00558185661, 111.771115773, 5.36193029491
3.82401390113, 1.07365101872, 1.47674560371, 0.876298396968, 2.83000002148, 1.05624402209, 1.23188472096, 1.26000010309, 1.14000036056, 1.64733365908, 1.79555916066, 1.03922272072, 3.04000038761, 1.06617217919, 0.975488589094, 1.00000003118, 1.00000016229, 1.05857981871, 7.42033255375, 0.944569883936, 1.00000048788, 78.6911958526, 1.07138808919, 3.01523800234, 0.965304713106, 3.29000029913, 1.0000000185, 14.5776989805, 6.00558185661, 111.771115773, 5.36193029491
3.82401390113, 1.07365101872, 1.47674560371, 0.876298396968, 2.83000002148, 1.05624402209, 1.23188472096, 1.26000010309, 1.14000036056, 1.64733365908, 1.79555916066, 1.03922272072, 3.04000038761, 1.06617217919, 0.975488589094, 1.00000003118, 1.00000016229, 1.05857981871, 7.42033255375, 0.944569883936, 1.00000048788, 78.6911958526, 1.07138808919, 3.01523800234, 0.965304713106, 3.29000029913, 1.0000000185, 14.5776989805, 6.00558185661, 111.771115773, 5.36193029491
3.82401390113, 1.07365101872, 1.47674560371, 0.876298396968, 2.83000002148, 1.05624402209, 1.23188472096, 1.26000010309, 1.14000036056, 1.64733365908, 1.79555916066, 1.03922272072, 3.04000038761, 1.06617217919, 0.975488589094, 1.00000003118, 1.00000016229, 1.05857981871, 7.42033255375, 0.944569883936, 1.00000048788, 78.6911958526, 1.07138808919, 3.01523800234, 0.965304713106, 3.29000029913, 1.0000000185, 14.5776989805, 6.00558185661, 111.771115773, 5.36193029491
3.82401390113, 1.07365101872, 1.47674560371, 0.876298396968, 2.83000002148, 1.05624402209, 1.23188472096, 1.26000010309, 1.14000036056, 1.64733365908, 1.79555916066, 1.03922272072, 3.04000038761, 1.06617217919, 0.975488589094, 1.00000003118, 1.00000016229, 1.05857981871, 7.42033255375, 0.944569883936, 1.00000048788, 78.6911958526, 1.07138808919, 3.01523800234, 0.965304713106, 3.29000029913, 1.0000000185, 14.5776989805, 6.00558185661, 111.771115773, 5.36193029491
3.82401390113, 1.07365101872, 1.47674560371, 0.876298396968, 2.83000002148, 1.05624402209, 1.23188472096, 1.26000010309, 1.14000036056, 1.64733365908, 1.79555916066, 1.03922272072, 3.04000038761, 1.06617217919, 0.975488589094, 1.00000003118, 1.00000016229, 1.05857981871, 7.42033255375, 0.944569883936, 1.00000048788, 78.6911958526, 1.07138808919, 3.01523800234, 0.965304713106, 3.29000029913, 1.0000000185, 14.5776989805, 6.00558185661, 111.771115773, 5.36193029491
3.82401390113, 1.07365101872, 1.47674560371, 0.876298396968, 2.83000002148, 1.05624402209, 1.23188472096, 1.26000010309, 1.14000036056, 1.64733365908, 1.79555916066, 1.03922272072, 3.04000038761, 1.06617217919, 0.975488589094, 1.00000003118, 1.00000016229, 1.05857981871, 7.42033255375, 0.944569883936, 1.00000048788, 78.6911958526, 1.07138808919, 3.01523800234, 0.965304713106, 3.29000029913, 1.0000000185, 14.5776989805, 6.00558185661, 111.771115773, 5.36193029491
3.82401390113, 1.07365101872, 1.47674560371, 0.876298396968, 2.83000002148, 1.05624402209, 1.23188472096, 1.26000010309, 1.14000036056, 1.64733365908, 1.79555916066, 1.03922272072, 3.04000038761, 1.06617217919, 0.975488589094, 1.00000003118, 1.00000016229, 1.05857981871, 7.42033255375, 0.944569883936, 1.00000048788, 78.6911958526, 1.07138808919, 3.01523800234, 0.965304713106, 3.29000029913, 1.0000000185, 14.5776989805, 6.00558185661, 111.771115773, 5.36193029491
3.82401390113, 1.07365101872, 1.47674560371, 0.876298396968, 2.83000002148, 1.05624402209, 1.23188472096, 1.26000010309, 1.14000036056, 1.64733365908, 1.79555916066, 1.03922272072, 3.04000038761, 1.06617217919, 0.975488589094, 1.00000003118, 1.00000016229, 1.05857981871, 7.42033255375, 0.944569883936, 1.00000048788, 78.6911958526, 1.07138808919, 3.01523800234, 0.965304713106, 3.29000029913, 1.0000000185, 14.5776989805, 6.00558185661, 111.771115773, 5.36193029491
3.82401390113, 1.07365101872, 1.47674560371, 0.876298396968, 2.83000002148, 1.05624402209, 1.23188472096, 1.26000010309, 1.14000036056, 1.64733365908, 1.79555916066, 1.03922272072, 3.04000038761, 1.06617217919, 0.975488589094, 1.00000003118, 1.00000016229, 1.05857981871, 7.42033255375, 0.944569883936, 1.00000048788, 78.6911958526, 1.07138808919, 3.01523800234, 0.965304713106, 3.29000029913, 1.0000000185, 14.5776989805, 6.00558185661, 111.771115773, 5.36193029491
3.82401390113, 1.07365101872, 1.47674560371, 0.876298396968, 2.83000002148, 1.05624402209, 1.23188472096, 1.26000010309, 1.14000036056, 1.64733365908, 1.79555916066, 1.03922272072, 3.04000038761, 1.06617217919, 0.975488589094, 1.00000003118, 1.00000016229, 1.05857981871, 7.42033255375, 0.944569883936, 1.00000048788, 78.6911958526, 1.07138808919, 3.01523800234, 0.965304713106, 3.29000029913, 1.0000000185, 14.5776989805, 6.00558185661, 111.771115773, 5.36193029491
3.82401390113, 1.07365101872, 1.47674560371, 0.876298396968, 2.83000002148, 1.05624402209, 1.23188472096, 1.26000010309, 1.14000036056, 1.64733365908, 1.79555916066, 1.03922272072, 3.04000038761, 1.06617217919, 0.975488589094, 1.00000003118, 1.00000016229, 1.05857981871, 7.42033255375, 0.944569883936, 1.00000048788, 78.6911958526, 1.07138808919, 3.01523800234, 0.965304713106, 3.29000029913, 1.0000000185, 14.5776989805, 6.00558185661, 111.771115773, 5.36193029491
3.89525406922, 1.09800494871, 1.55896670095, 0.828723861041, 2.83000080796, 1.04949926911, 2.90628353101, 1.26000050117, 1.14000036202, 3.68041170203, 2.94458921156, 0.920346271481, 3.04000038656, 1.05828429854, 0.860787464437, 1.00000088083, 1.00000079392, 1.06656555937, 7.45193047252, 0.944932603403, 1.00000053351, 87.4776418995, 0.849063212894, 5.92182253519, 1.01546856378, 3.29000025615, 1.00000099918, 188.40574255, 17.9288789812, 646.782067724, 2.41286863271
3.89525406922, 1.09800494871, 1.55896670095, 0.828723861041, 2.83000080796, 1.04949926911, 2.90628353101, 1.26000050117, 1.14000036202, 3.68041170203, 2.94458921156, 0.920346271481, 3.04000038656, 1.05828429854, 0.860787464437, 1.00000088083, 1.00000079392, 1.06656555937, 7.45193047252, 0.944932603403, 1.00000053351, 87.4776418995, 0.849063212894, 5.92182253519, 1.01546856378, 3.29000025615, 1.00000099918, 188.40574255, 17.9288789812, 646.782067724, 2.41286863271
3.89525406922, 1.09800494871, 1.55896670095, 0.828723861041, 2.83000080796, 1.04949926911, 2.90628353101, 1.26000050117, 1.14000036202, 3.68041170203, 2.94458921156, 0.920346271481, 3.04000038656, 1.05828429854, 0.860787464437, 1.00000088083, 1.00000079392, 1.06656555937, 7.45193047252, 0.944932603403, 1.00000053351, 87.4776418995, 0.849063212894, 5.92182253519, 1.01546856378, 3.29000025615, 1.00000099918, 188.40574255, 17.9288789812, 646.782067724, 2.41286863271
3.89525406922, 1.09800494871, 1.55896670095, 0.828723861041, 2.83000080796, 1.04949926911, 2.90628353101, 1.26000050117, 1.14000036202, 3.68041170203, 2.94458921156, 0.920346271481, 3.04000038656, 1.05828429854, 0.860787464437, 1.00000088083, 1.00000079392, 1.06656555937, 7.45193047252, 0.944932603403, 1.00000053351, 87.4776418995, 0.849063212894, 5.92182253519, 1.01546856378, 3.29000025615, 1.00000099918, 188.40574255, 17.9288789812, 646.782067724, 2.41286863271
3.89525406922, 1.07367207117, 1.55896670095, 0.828243107573, 2.83000080796, 1.04949926911, 2.72761452308, 1.26000050117, 1.14000036058, 3.7142943334, 1.79544320407, 0.899928458495, 3.04000038812, 1.06586378164, 0.975220030357, 1.00000003115, 1.00000079392, 1.00120696501, 7.42011985992, 0.944570207284, 1.00000048749, 108.225514897, 0.849063212894, 3.04073631767, 0.965325229249, 3.29000025615, 1.00000098625, 2961.65220078, 29.9805393783, 2749.58759582, 3.75335120643
3.89525406922, 1.0736725772, 1.55896670095, 0.828723861041, 2.83000080796, 1.04949926911, 2.90628353101, 1.26000050117, 1.14000036058, 3.66024189078, 1.78736029085, 0.903970535714, 3.04000038812, 1.05828429854, 0.860653090977, 1.00000001225, 1.00000079392, 1.00359298752, 7.42011985992, 0.944627774986, 1.00000053666, 108.225514897, 0.849063212894, 5.92182253519, 0.965325229249, 3.29000025627, 1.00000098625, 515.612535656, 34.3796412717, 1251.92159491, 2.68096514745
3.82401390113, 1.07365101872, 1.47674560371, 0.876298396968, 2.83000002148, 1.05624402209, 1.23188472096, 1.26000010309, 1.14000036056, 1.64733365908, 1.79555916066, 1.03922272072, 3.04000038761, 1.06617217919, 0.975488589094, 1.00000003118, 1.00000007921, 1.05857981871, 7.42033255375, 0.944569883936, 1.00000048788, 78.6911958526, 1.07138808919, 3.01523800234, 0.965304713106, 3.29000029913, 1.0000000185, 189.688212229, 25.5712044426, 1183.63730273, 0.0
3.82401390113, 1.07365101872, 1.47674560371, 0.876298396968, 2.83000002148, 1.05624402209, 1.23188472096, 1.26000010309, 1.14000036056, 1.64733365908, 1.79555916066, 1.03922272072, 3.04000038761, 1.06617217919, 0.975488589094, 1.00000003118, 1.00000017003, 1.05857981871, 7.42033255375, 0.944569883936, 1.00000048788, 78.6911958526, 1.07138808919, 3.01523800234, 0.965304713106, 3.29000029913, 1.0000000185, 97.7839137215, 14.7905034751, 451.226916453, 1.60857908847
3.82401390113, 1.07365101872, 1.47674560371, 0.876298396968, 2.83000002148, 1.05624402209, 1.23188472096, 1.26000010309, 1.14000036056, 1.64733365908, 1.79555916066, 1.03922272072, 3.04000038761, 1.06617217919, 0.975488589094, 1.00000003118, 1.00000017003, 1.05857981871, 7.42033255375, 0.944569883936, 1.00000048788, 78.6911958526, 1.07138808919, 3.01523800234, 0.965304713106, 3.29000029913, 1.0000000185, 97.7839137215, 14.7905034751, 451.226916453, 1.60857908847
3.82401390113, 1.07365101872, 1.47674560371, 0.876298396968, 2.83000002148, 1.05624402209, 1.23188472096, 1.26000010309, 1.14000036056, 1.64733365908, 1.79555916066, 1.03922272072, 3.04000038761, 1.06617217919, 0.975488589094, 1.00000003118, 1.00000017003, 1.05857981871, 7.42033255375, 0.944569883936, 1.00000048788, 78.6911958526, 1.07138808919, 3.01523800234, 0.965304713106, 3.29000029913, 1.0000000185, 97.7839137215, 14.7905034751, 451.226916453, 1.60857908847
3.82401390113, 1.07365101872, 1.47674560371, 0.876298396968, 2.83000002148, 1.05624402209, 1.23188472096, 1.26000010309, 1.14000036056, 1.64733365908, 1.79555916066, 1.03922272072, 3.04000038761, 1.06617217919, 0.975488589094, 1.00000003118, 1.00000017003, 1.05857981871, 7.42033255375, 0.944569883936, 1.00000048788, 78.6911958526, 1.07138808919, 3.01523800234, 0.965304713106, 3.29000029913, 1.0000000185, 97.7839137215, 14.7905034751, 451.226916453, 1.60857908847
3.82401390113, 1.07365101872, 1.47674560371, 0.876298396968, 2.83000002148, 1.05624402209, 1.23188472096, 1.26000010309, 1.14000036056, 1.64733365908, 1.79555916066, 1.03922272072, 3.04000038761, 1.06617217919, 0.975488589094, 1.00000003118, 1.00000017003, 1.05857981871, 7.42033255375, 0.944569883936, 1.00000048788, 78.6911958526, 1.07138808919, 3.01523800234, 0.965304713106, 3.29000029913, 1.0000000185, 97.7839137215, 14.7905034751, 451.226916453, 1.60857908847
3.84848075675, 1.03589854344, 1.55865509046, 0.97954845661, 2.83000038518, 0.982592369497, 1.10222256706, 1.26000049338, 1.14000087268, 2.45458611032, 1.7941623345, 0.904036918074, 3.04000055616, 1.06615034156, 0.902695526288, 1.00000000685, 1.00000038377, 1.08309389425, 7.41683984438, 0.944166465037, 1.00000022479, 78.6864008388, 0.921784807479, 2.48661800576, 0.955708104342, 3.29000032584, 1.00000097161, 20.4987294479, 9.39310911455, 117.091470102, 0.804289544236
3.84848075675, 1.03589854344, 1.55865509046, 0.97954845661, 2.83000038518, 0.982592369497, 1.10222256706, 1.26000049338, 1.14000087268, 2.45458611032, 1.7941623345, 0.904036918074, 3.04000055616, 1.06615034156, 0.902695526288, 1.00000000685, 1.00000038377, 1.08309389425, 7.41683984438, 0.944166465037, 1.00000022479, 78.6864008388, 0.921784807479, 2.48661800576, 0.955708104342, 3.29000032584, 1.00000097161, 20.4987294479, 9.39310911455, 117.091470102, 0.804289544236
3.84848075675, 1.03589854344, 1.55865509046, 0.97954845661, 2.83000038518, 0.982592369497, 1.10222256706, 1.26000049338, 1.14000087268, 2.45458611032, 1.7941623345, 0.904036918074, 3.04000055616, 1.06615034156, 0.902695526288, 1.00000000685, 1.00000038377, 1.08309389425, 7.41683984438, 0.944166465037, 1.00000022479, 78.6864008388, 0.921784807479, 2.48661800576, 0.955708104342, 3.29000032584, 1.00000097161, 20.4987294479, 9.39310911455, 117.091470102, 0.804289544236
3.84848075675, 1.03589854344, 1.55865509046, 0.97954845661, 2.83000038518, 0.982592369497, 1.10222256706, 1.26000049338, 1.14000087268, 2.45458611032, 1.7941623345, 0.904036918074, 3.04000055616, 1.06615034156, 0.902695526288, 1.00000000685, 1.00000038377, 1.08309389425, 7.41683984438, 0.944166465037, 1.00000022479, 78.6864008388, 0.921784807479, 2.48661800576, 0.955708104342, 3.29000032584, 1.00000097161, 20.4987294479, 9.39310911455, 117.091470102, 0.804289544236
3.84848075675, 1.03589854344, 1.55865509046, 0.97954845661, 2.83000038518, 0.982592369497, 1.10222256706, 1.26000049338, 1.14000087268, 2.45458611032, 1.7941623345, 0.904036918074, 3.04000055616, 1.06615034156, 0.902695526288, 1.00000000685, 1.00000038377, 1.08309389425, 7.41683984438, 0.944166465037, 1.00000022479, 78.6864008388, 0.921784807479, 2.48661800576, 0.955708104342, 3.29000032584, 1.00000097161, 20.4987294479, 9.39310911455, 117.091470102, 0.804289544236
3.84848075675, 1.03589854344, 1.55865509046, 0.97954845661, 2.83000038518, 0.982592369497, 1.10222256706, 1.26000049338, 1.14000087268, 2.45458611032, 1.7941623345, 0.904036918074, 3.04000055616, 1.06615034156, 0.902695526288, 1.00000000685, 1.00000038377, 1.08309389425, 7.41683984438, 0.944166465037, 1.00000022479, 78.6864008388, 0.921784807479, 2.48661800576, 0.955708104342, 3.29000032584, 1.00000097161, 20.4987294479, 9.39310911455, 117.091470102, 0.804289544236
3.84848075675, 1.03589854344, 1.55865509046, 0.97954845661, 2.83000038518, 0.982592369497, 1.10222256706, 1.26000049338, 1.14000087268, 2.45458611032, 1.7941623345, 0.904036918074, 3.04000055616, 1.06615034156, 0.902695526288, 1.00000000685, 1.00000038377, 1.08309389425, 7.41683984438, 0.944166465037, 1.00000022479, 78.6864008388, 0.921784807479, 2.48661800576, 0.955708104342, 3.29000032584, 1.00000097161, 20.4987294479, 9.39310911455, 117.091470102, 0.804289544236
3.84848075675, 1.03589854344, 1.55865509046, 0.97954845661, 2.83000038518, 0.982592369497, 1.10222256706, 1.26000049338, 1.14000087268, 2.45458611032, 1.7941623345, 0.904036918074, 3.04000055616, 1.06615034156, 0.902695526288, 1.00000000685, 1.00000038377, 1.08309389425, 7.41683984438, 0.944166465037, 1.00000022479, 78.6864008388, 0.921784807479, 2.48661800576, 0.955708104342, 3.29000032584, 1.00000097161, 20.4987294479, 9.39310911455, 117.091470102, 0.804289544236
3.84848075675, 1.03589854344, 1.55865509046, 0.97954845661, 2.83000038518, 0.982592369497, 1.10222256706, 1.26000049338, 1.14000087268, 2.45458611032, 1.7941623345, 0.904036918074, 3.04000055616, 1.06615034156, 0.902695526288, 1.00000000685, 1.00000038377, 1.08309389425, 7.41683984438, 0.944166465037, 1.00000022479, 78.6864008388, 0.921784807479, 2.48661800576, 0.955708104342, 3.29000032584, 1.00000097161, 20.4987294479, 9.39310911455, 117.091470102, 0.804289544236
3.89495033665, 1.07367227369, 1.47659842157, 0.876298396968, 2.83000081429, 1.05624402209, 2.90809566776, 1.26000010573, 1.14000036058, 1.64733365908, 1.79555916066, 0.893235020034, 3.04000038815, 1.06665174917, 0.975488589094, 1.00000003124, 1.0000008115, 1.05857981871, 7.42033255375, 0.94468685643, 1.00000048788, 108.665966082, 1.07643364875, 3.03813233549, 0.965325703262, 3.29000030032, 1.0000000185, 244.576161564, 13.9169032753, 1109.9105131, 4.28954423592
3.89495033665, 1.07367227369, 1.47659842157, 0.876298396968, 2.83000081429, 1.05624402209, 2.90809566776, 1.26000010573, 1.14000036058, 1.64733365908, 1.79555916066, 0.893235020034, 3.04000038815, 1.06665174917, 0.975488589094, 1.00000003124, 1.0000008115, 1.05857981871, 7.42033255375, 0.94468685643, 1.00000048788, 108.665966082, 1.07643364875, 3.03813233549, 0.965325703262, 3.29000030032, 1.0000000185, 244.576161564, 13.9169032753, 1109.9105131, 4.28954423592
3.89495033665, 1.07367227369, 1.47659842157, 0.876298396968, 2.83000081429, 1.05624402209, 2.90809566776, 1.26000010573, 1.14000036058, 1.64733365908, 1.79555916066, 0.893235020034, 3.04000038815, 1.06665174917, 0.975488589094, 1.00000003124, 1.0000008115, 1.05857981871, 7.42033255375, 0.94468685643, 1.00000048788, 108.665966082, 1.07643364875, 3.03813233549, 0.965325703262, 3.29000030032, 1.0000000185, 244.576161564, 13.9169032753, 1109.9105131, 4.28954423592
3.89495033665, 1.07367227369, 1.47659842157, 0.876298396968, 2.83000081429, 1.05624402209, 2.90809566776, 1.26000010573, 1.14000036058, 1.64733365908, 1.79555916066, 0.893235020034, 3.04000038815, 1.06665174917, 0.975488589094, 1.00000003124, 1.0000008115, 1.05857981871, 7.42033255375, 0.94468685643, 1.00000048788, 108.665966082, 1.07643364875, 3.03813233549, 0.965325703262, 3.29000030032, 1.0000000185, 244.576161564, 13.9169032753, 1109.9105131, 4.28954423592
3.89495033665, 1.07367227369, 1.47659842157, 0.876298396968, 2.83000081429, 1.05624402209, 2.90809566776, 1.26000010573, 1.14000036058, 1.64733365908, 1.79555916066, 0.893235020034, 3.04000038815, 1.06665174917, 0.975488589094, 1.00000003124, 1.0000008115, 1.05857981871, 7.42033255375, 0.94468685643, 1.00000048788, 108.665966082, 1.07643364875, 3.03813233549, 0.965325703262, 3.29000030032, 1.0000000185, 244.576161564, 13.9169032753, 1109.9105131, 4.28954423592
3.82401390113, 1.07365101872, 1.47674560371, 0.877935523074, 2.8300008297, 1.05624402209, 1.23188472096, 1.26000010638, 1.14000036058, 1.65008998022, 1.79530952805, 1.03517023127, 3.04000038811, 1.06633134786, 0.975488589094, 1.00000001244, 1.00000016726, 1.00418720063, 7.42012229707, 0.944293877249, 1.00000048788, 78.6911958526, 0.850588157503, 3.01523800234, 0.965304713106, 3.29000053653, 1.0000000185, 57.7023806787, 9.26112241906, 158.204240408, 4.82573726542
3.82401390113, 1.07365101872, 1.47674560371, 0.877935523074, 2.8300008297, 1.05624402209, 1.23188472096, 1.26000010638, 1.14000036058, 1.65008998022, 1.79530952805, 1.03517023127, 3.04000038811, 1.06633134786, 0.975488589094, 1.00000001244, 1.00000016726, 1.00418720063, 7.42012229707, 0.944293877249, 1.00000048788, 78.6911958526, 0.850588157503, 3.01523800234, 0.965304713106, 3.29000053653, 1.0000000185, 57.7023806787, 9.26112241906, 158.204240408, 4.82573726542
3.89525406922, 1.0736725772, 1.55896670095, 0.828723861041, 2.83000080796, 1.04949926911, 2.90628353101, 1.26000050117, 1.14000036058, 3.69312196471, 1.78736029085, 0.903970535714, 3.04000038812, 1.05828429854, 0.860653090977, 1.00000001225, 1.00000079392, 1.00359298752, 7.42011985992, 0.94768014576, 1.00000053666, 108.225514897, 0.849063212894, 5.92182253519, 0.965325229249, 3.29000025615, 1.00000098625, 103.788162068, 10.4334068009, 321.407788492, 5.8981233244
3.89525406922, 1.0736725772, 1.55896670095, 0.828723861041, 2.83000080796, 1.04949926911, 2.90628353101, 1.26000050117, 1.14000036058, 3.69312196471, 1.78736029085, 0.903970535714, 3.04000038812, 1.05828429854, 0.860653090977, 1.00000001225, 1.00000079392, 1.00359298752, 7.42011985992, 0.94768014576, 1.00000053666, 108.225514897, 0.849063212894, 5.92182253519, 0.965325229249, 3.29000025615, 1.00000098625, 103.788162068, 10.4334068009, 321.407788492, 5.8981233244
3.89525406922, 1.0736725772, 1.55896670095, 0.828723861041, 2.83000080796, 1.04949926911, 2.90628353101, 1.26000050117, 1.14000036058, 3.69312196471, 1.78736029085, 0.903970535714, 3.04000038812, 1.05828429854, 0.860653090977, 1.00000001225, 1.00000079392, 1.00359298752, 7.42011985992, 0.94768014576, 1.00000053666, 108.225514897, 0.849063212894, 5.92182253519, 0.965325229249, 3.29000025615, 1.00000098625, 103.788162068, 10.4334068009, 321.407788492, 5.8981233244
3.89525406922, 1.0736725772, 1.55896670095, 0.828723861041, 2.83000080796, 1.04949926911, 2.90628353101, 1.26000050117, 1.14000036058, 3.69312196471, 1.78736029085, 0.903970535714, 3.04000038812, 1.05828429854, 0.860653090977, 1.00000001225, 1.00000079392, 1.00359298752, 7.42011985992, 0.94768014576, 1.00000053666, 108.225514897, 0.849063212894, 5.92182253519, 0.965325229249, 3.29000025615, 1.00000098625, 103.788162068, 10.4334068009, 321.407788492, 5.8981233244
3.84391383713, 1.03589854344, 1.55865972283, 0.97954845661, 2.83000038518, 0.982592369497, 1.09982254375, 1.26000049317, 1.14000087268, 2.45281435516, 1.79441094751, 0.904036918074, 3.04000055616, 1.06615034156, 0.908269682549, 1.00000000685, 1.00000078053, 1.00415499729, 7.41684003537, 0.944168205588, 1.00000022479, 103.456822006, 0.921784807479, 2.48661800576, 0.955708104342, 3.29000032584, 1.00000097161, 1516.5986883, 27.1584930443, 4341.70486874, 2.9490616622
4.22248058111, 1.03576800176, 1.48704731544, 0.969184812299, 2.83000033954, 1.10927428056, 3.88420375044, 1.26000022917, 1.14000016318, 3.56979220156, 1.80637664784, 0.953733796084, 3.04000049479, 1.01920333961, 0.920871021391, 1.00000096081, 1.00000097221, 1.08313015725, 7.27977080034, 0.922971347355, 1.00000055549, 78.979815097, 0.888953984738, 2.52091000849, 0.954106112501, 3.29000053641, 1.00000018578, 26.4875468156, 8.12158017574, 79.7855922397, 2.9490616622
4.22248058111, 1.03576800176, 1.48704731544, 0.969184812299, 2.83000033954, 1.10927428056, 3.88420375044, 1.26000022917, 1.14000016318, 3.56979220156, 1.80637664784, 0.953733796084, 3.04000049479, 1.01920333961, 0.920871021391, 1.00000096081, 1.00000097221, 1.08313015725, 7.27977080034, 0.922971347355, 1.00000055549, 78.979815097, 0.888953984738, 2.52091000849, 0.954106112501, 3.29000053641, 1.00000018578, 26.4875468156, 8.12158017574, 79.7855922397, 2.9490616622
4.22248058111, 1.03576800176, 1.48704731544, 0.969184812299, 2.83000033954, 1.10927428056, 3.88420375044, 1.26000022917, 1.14000016318, 3.56979220156, 1.80637664784, 0.953733796084, 3.04000049479, 1.01920333961, 0.920871021391, 1.00000096081, 1.00000097221, 1.08313015725, 7.27977080034, 0.922971347355, 1.00000055549, 78.979815097, 0.888953984738, 2.52091000849, 0.954106112501, 3.29000053641, 1.00000018578, 26.4875468156, 8.12158017574, 79.7855922397, 2.9490616622
4.22248058111, 1.03576800176, 1.48704731544, 0.969184812299, 2.83000033954, 1.10927428056, 3.88420375044, 1.26000022917, 1.14000016318, 3.56979220156, 1.80637664784, 0.953733796084, 3.04000049479, 1.01920333961, 0.920871021391, 1.00000096081, 1.00000097221, 1.08313015725, 7.27977080034, 0.922971347355, 1.00000055549, 78.979815097, 0.888953984738, 2.52091000849, 0.954106112501, 3.29000053641, 1.00000018578, 26.4875468156, 8.12158017574, 79.7855922397, 2.9490616622
4.22248058111, 1.03576800176, 1.48704731544, 0.969184812299, 2.83000033954, 1.10927428056, 3.88420375044, 1.26000022917, 1.14000016318, 3.56979220156, 1.80637664784, 0.953733796084, 3.04000049479, 1.01920333961, 0.920871021391, 1.00000096081, 1.00000097221, 1.08313015725, 7.27977080034, 0.922971347355, 1.00000055549, 78.979815097, 0.888953984738, 2.52091000849, 0.954106112501, 3.29000053641, 1.00000018578, 26.4875468156, 8.12158017574, 79.7855922397, 2.9490616622
4.22248058111, 1.03576800176, 1.48704731544, 0.969184812299, 2.83000033954, 1.10927428056, 3.88420375044, 1.26000022917, 1.14000016318, 3.56979220156, 1.80637664784, 0.953733796084, 3.04000049479, 1.01920333961, 0.920871021391, 1.00000096081, 1.00000097221, 1.08313015725, 7.27977080034, 0.922971347355, 1.00000055549, 78.979815097, 0.888953984738, 2.52091000849, 0.954106112501, 3.29000053641, 1.00000018578, 26.4875468156, 8.12158017574, 79.7855922397, 2.9490616622
4.22865392661, 1.03613895471, 1.48801705352, 0.969184812299, 2.83000002107, 1.10927428056, 1.19559760503, 1.26000022917, 1.14000036199, 3.56979220156, 1.80637664784, 0.948833089611, 3.04000049479, 1.01960737645, 0.978191876512, 1.00000000476, 1.00000097221, 1.08313015725, 7.27977080034, 0.922629684484, 1.00000048622, 78.6922687688, 1.07392452488, 2.52091000849, 0.954106112501, 3.29000030204, 1.00000002057, 197.490468084, 13.0812902406, 346.523804687, 3.75335120643
4.22865392661, 1.03613895471, 1.48801705352, 0.969184812299, 2.83000002107, 1.10927428056, 1.19559760503, 1.26000022917, 1.14000036199, 3.56979220156, 1.80637664784, 0.948833089611, 3.04000049479, 1.01960737645, 0.978191876512, 1.00000000476, 1.00000097221, 1.08313015725, 7.27977080034, 0.922629684484, 1.00000048622, 78.6922687688, 1.07392452488, 2.52091000849, 0.954106112501, 3.29000030204, 1.00000002057, 197.490468084, 13.0812902406, 346.523804687, 3.75335120643
4.22865392661, 1.03613895471, 1.48801705352, 0.969184812299, 2.83000002107, 1.10927428056, 1.19559760503, 1.26000022917, 1.14000036199, 3.56979220156, 1.80637664784, 0.948833089611, 3.04000049479, 1.01960737645, 0.978191876512, 1.00000000476, 1.00000097221, 1.08313015725, 7.27977080034, 0.922629684484, 1.00000048622, 78.6922687688, 1.07392452488, 2.52091000849, 0.954106112501, 3.29000030204, 1.00000002057, 197.490468084, 13.0812902406, 346.523804687, 3.75335120643
4.22865392661, 1.03613895471, 1.48801705352, 0.969184812299, 2.83000002107, 1.10927428056, 1.19559760503, 1.26000022917, 1.14000036199, 3.56979220156, 1.80637664784, 0.948833089611, 3.04000049479, 1.01960737645, 0.978191876512, 1.00000000476, 1.00000097221, 1.08313015725, 7.27977080034, 0.922629684484, 1.00000048622, 78.6922687688, 1.07392452488, 2.52091000849, 0.954106112501, 3.29000030204, 1.00000002057, 197.490468084, 13.0812902406, 346.523804687, 3.75335120643
4.22865392661, 1.03613895471, 1.48801705352, 0.969184812299, 2.83000002107, 1.10927428056, 1.19559760503, 1.26000022917, 1.14000036199, 3.56979220156, 1.80637664784, 0.948833089611, 3.04000049479, 1.01960737645, 0.978191876512, 1.00000000476, 1.00000097221, 1.08313015725, 7.27977080034, 0.922629684484, 1.00000048622, 78.6922687688, 1.07392452488, 2.52091000849, 0.954106112501, 3.29000030204, 1.00000002057, 197.490468084, 13.0812902406, 346.523804687, 3.75335120643
4.22865392661, 1.03613895471, 1.48801705352, 0.969184812299, 2.83000002107, 1.10927428056, 1.19559760503, 1.26000022917, 1.14000036199, 3.56979220156, 1.80637664784, 0.948833089611, 3.04000049479, 1.01960737645, 0.978191876512, 1.00000000476, 1.00000097221, 1.08313015725, 7.27977080034, 0.922629684484, 1.00000048622, 78.6922687688, 1.07392452488, 2.52091000849, 0.954106112501, 3.29000030204, 1.00000002057, 197.490468084, 13.0812902406, 346.523804687, 3.75335120643
4.22865392661, 1.03613895471, 1.48801705352, 0.969184812299, 2.83000002107, 1.10927428056, 1.19559760503, 1.26000022917, 1.14000036199, 3.56979220156, 1.80637664784, 0.948833089611, 3.04000049479, 1.01960737645, 0.978191876512, 1.00000000476, 1.00000097221, 1.08313015725, 7.27977080034, 0.922629684484, 1.00000048622, 78.6922687688, 1.07392452488, 2.52091000849, 0.954106112501, 3.29000030204, 1.00000002057, 197.490468084, 13.0812902406, 346.523804687, 3.75335120643
4.22865392661, 1.03613895471, 1.48801705352, 0.969184812299, 2.83000002107, 1.10927428056, 1.19559760503, 1.26000022917, 1.14000036199, 3.56979220156, 1.80637664784, 0.948833089611, 3.04000049479, 1.01960737645, 0.978191876512, 1.00000000476, 1.00000097221, 1.08313015725, 7.27977080034, 0.922629684484, 1.00000048622, 78.6922687688, 1.07392452488, 2.52091000849, 0.954106112501, 3.29000030204, 1.00000002057, 197.490468084, 13.0812902406, 346.523804687, 3.75335120643
4.22865392661, 1.03613895471, 1.48801705352, 0.969184812299, 2.83000002107, 1.10927428056, 1.19559760503, 1.26000022917, 1.14000036199, 3.56979220156, 1.80637664784, 0.948833089611, 3.04000049479, 1.01960737645, 0.978191876512, 1.00000000476, 1.00000097221, 1.08313015725, 7.27977080034, 0.922629684484, 1.00000048622, 78.6922687688, 1.07392452488, 2.52091000849, 0.954106112501, 3.29000030204, 1.00000002057, 197.490468084, 13.0812902406, 346.523804687, 3.75335120643
3.89525406922, 1.0736725772, 1.55896831622, 0.974779322811, 2.83000082693, 1.04949926911, 2.90628353101, 1.26000050106, 1.14000035763, 3.68486677401, 1.78736029085, 0.903970535714, 3.04000039058, 1.06606913518, 0.860653090977, 1.00000001225, 1.00000079392, 1.00359298752, 7.42011985992, 0.944173357578, 1.00000054517, 107.401523693, 0.924606961625, 5.92182253519, 0.955600114803, 3.29000025414, 1.00000098625, 219.326257879, 13.3942105444, 1440.49475304, 2.9490616622
3.89525406922, 1.0736725772, 1.55896831622, 0.974779322811, 2.83000082693, 1.04949926911, 2.90628353101, 1.26000050106, 1.14000035763, 3.68486677401, 1.78736029085, 0.903970535714, 3.04000039058, 1.06606913518, 0.860653090977, 1.00000001225, 1.00000079392, 1.00359298752, 7.42011985992, 0.944173357578, 1.00000054517, 107.401523693, 0.924606961625, 5.92182253519, 0.955600114803, 3.29000025414, 1.00000098625, 219.326257879, 13.3942105444, 1440.49475304, 2.9490616622
