-1.0, -1.0, 1.0, 0.0, 2.0, 1.0, 2.0, 1.0, 2.0, -1.0, 0.0, 2.0, 0.0, 3.0, -1.0, 0.0, 2.0, 1.0, -1.0, 2.0, 0.0, 0.0, -1.0, 3.0, -1.0, 1.0, 0.0, 2.0, -1.0, 0.0, 2.0, -1.0, -1.0, 1.0, 2.0, -1.0, 3.0, 2.0, -1.0, 2.0, 3.0, -1.0, 0.0, -1.0, 0.0, 0.0, -1.0, -1.0, -1.0, 1.0, 97255.0, 463.0, 99561.0
-1.0, -1.0, 1.0, 0.0, 2.0, 1.0, 2.0, 1.0, 2.0, -1.0, 0.0, 2.0, 0.0, 3.0, -1.0, 0.0, 2.0, 1.0, -1.0, 2.0, 0.0, 0.0, -1.0, 3.0, -1.0, 1.0, 0.0, 2.0, -1.0, 0.0, 2.0, -1.0, -1.0, 1.0, 2.0, -1.0, 3.0, 2.0, -1.0, 2.0, 3.0, -1.0, 0.0, -1.0, 0.0, 0.0, -1.0, -1.0, -1.0, 1.0, 97255.0, 463.0, 99561.0
1.0, 0.0, 1.0, 2.0, -1.0, 2.0, 1.0, 0.0, 2.0, 1.0, 0.0, 0.0, -1.0, 0.0, -1.0, 0.0, -1.0, 2.0, 0.0, 1.0, 1.0, -1.0, -1.0, 0.0, 0.0, -1.0, 2.0, 2.0, 0.0, 1.0, 0.0, 3.0, -1.0, -1.0, 2.0, -1.0, 1.0, 1.0, -1.0, 1.0, 0.0, -1.0, -1.0, 2.0, 1.0, 1.0, 0.0, 3.0, 3.0, 0.0, 96595.0, 493.0, 99501.0
-1.0, -1.0, 1.0, 0.0, 2.0, 1.0, 0.0, 1.0, -1.0, -1.0, 0.0, 2.0, 0.0, 3.0, -1.0, 0.0, 2.0, 1.0, -1.0, 2.0, 0.0, 0.0, -1.0, -1.0, -1.0, 1.0, 0.0, 2.0, -1.0, 0.0, 2.0, -1.0, 1.0, 1.0, 2.0, -1.0, 3.0, 2.0, -1.0, 2.0, 3.0, 0.0, 1.0, -1.0, 0.0, 0.0, 0.0, -1.0, -1.0, 1.0, 96901.0, 485.0, 99535.0
1.0, 0.0, 1.0, 2.0, -1.0, 2.0, 1.0, 0.0, 2.0, 1.0, 0.0, 0.0, -1.0, 0.0, -1.0, 0.0, -1.0, 2.0, 0.0, 1.0, 1.0, -1.0, -1.0, 0.0, 0.0, -1.0, 2.0, 2.0, 0.0, 1.0, 0.0, 3.0, 2.0, -1.0, 2.0, -1.0, 1.0, 1.0, -1.0, 1.0, 0.0, -1.0, -1.0, 2.0, 1.0, 1.0, 0.0, 3.0, 3.0, 0.0, 96540.0, 511.0, 99486.0
0.0, 1.0, -1.0, 0.0, 1.0, 3.0, 2.0, 0.0, 1.0, -1.0, 3.0, 0.0, 1.0, 1.0, 0.0, 1.0, -1.0, 2.0, -1.0, 2.0, 1.0, 2.0, 1.0, -1.0, -1.0, 3.0, -1.0, 3.0, 0.0, 0.0, -1.0, 3.0, -1.0, 3.0, 0.0, -1.0, 1.0, 1.0, 3.0, 1.0, 2.0, -1.0, -1.0, 2.0, 2.0, 1.0, -1.0, -1.0, 2.0, 0.0, 97082.0, 490.0, 99527.0
-1.0, -1.0, 1.0, 0.0, 2.0, 1.0, 0.0, 1.0, -1.0, -1.0, 0.0, 2.0, 0.0, 3.0, -1.0, 0.0, 2.0, 1.0, -1.0, 2.0, 0.0, 0.0, -1.0, -1.0, -1.0, 1.0, 0.0, 2.0, -1.0, 0.0, 0.0, -1.0, 1.0, 1.0, 2.0, -1.0, 3.0, 2.0, -1.0, 2.0, 3.0, 0.0, 1.0, -1.0, 0.0, 0.0, -1.0, -1.0, -1.0, 1.0, 97049.0, 472.0, 99554.0
-1.0, -1.0, 1.0, 0.0, 2.0, 1.0, 2.0, 1.0, 1.0, -1.0, 0.0, 2.0, 0.0, 3.0, -1.0, 0.0, -1.0, 1.0, -1.0, 2.0, 0.0, 0.0, -1.0, 2.0, -1.0, 1.0, 0.0, 2.0, -1.0, 0.0, 2.0, -1.0, 1.0, 1.0, 2.0, -1.0, 3.0, 2.0, -1.0, 2.0, 3.0, -1.0, 0.0, 2.0, 0.0, 1.0, -1.0, -1.0, -1.0, 1.0, 97212.0, 473.0, 99547.0
2.0, 1.0, 1.0, 2.0, 0.0, 2.0, 1.0, 1.0, 1.0, 1.0, 0.0, 1.0, 0.0, -1.0, 3.0, 3.0, 1.0, 1.0, 1.0, 2.0, 2.0, 2.0, 0.0, 2.0, 0.0, 1.0, 3.0, 0.0, 0.0, 3.0, 3.0, 2.0, 0.0, 3.0, 0.0, -1.0, 0.0, 0.0, 0.0, 1.0, 3.0, 1.0, -1.0, 3.0, 0.0, 3.0, 2.0, 2.0, 3.0, 2.0, 96164.0, 664.0, 99382.0
0.0, -1.0, 0.0, 3.0, 2.0, 2.0, 3.0, 2.0, -1.0, 1.0, 3.0, 0.0, 0.0, 0.0, -1.0, 1.0, 3.0, 1.0, 0.0, 0.0, 3.0, -1.0, -1.0, 0.0, -1.0, 1.0, 0.0, 2.0, 2.0, 0.0, 1.0, 2.0, 0.0, 1.0, 1.0, -1.0, 2.0, 3.0, 2.0, 0.0, 1.0, -1.0, -1.0, 3.0, 1.0, 3.0, 0.0, -1.0, 0.0, 1.0, 96727.0, 543.0, 99460.0
0.0, 1.0, -1.0, 0.0, 1.0, 3.0, 2.0, 0.0, 1.0, -1.0, 3.0, 0.0, 1.0, 1.0, 0.0, 1.0, -1.0, 2.0, -1.0, 2.0, 1.0, 2.0, 1.0, -1.0, -1.0, 3.0, -1.0, 3.0, 0.0, 0.0, -1.0, 3.0, -1.0, 3.0, 0.0, -1.0, 1.0, 1.0, 3.0, 1.0, 2.0, -1.0, -1.0, 2.0, 2.0, 1.0, -1.0, -1.0, 2.0, 0.0, 97082.0, 490.0, 99527.0
1.0, 0.0, 1.0, 2.0, -1.0, 2.0, 1.0, 0.0, 2.0, 0.0, 0.0, 1.0, -1.0, 0.0, -1.0, 0.0, -1.0, 2.0, 0.0, 1.0, 0.0, 2.0, -1.0, -1.0, 2.0, -1.0, 2.0, 2.0, 0.0, 1.0, 0.0, 2.0, 2.0, -1.0, 2.0, -1.0, 1.0, 1.0, -1.0, 1.0, 0.0, 1.0, 0.0, 2.0, 2.0, 1.0, 0.0, 3.0, 3.0, 0.0, 96388.0, 552.0, 99464.0
1.0, 0.0, 1.0, 2.0, -1.0, 2.0, 1.0, 0.0, 2.0, 1.0, 0.0, 2.0, -1.0, 0.0, -1.0, 0.0, -1.0, 2.0, 0.0, 1.0, 1.0, -1.0, -1.0, 0.0, 2.0, -1.0, 2.0, 0.0, 0.0, 1.0, 0.0, 3.0, 2.0, -1.0, 2.0, -1.0, 1.0, 1.0, 0.0, 1.0, 0.0, -1.0, -1.0, 2.0, 1.0, 1.0, 0.0, 3.0, 3.0, 0.0, 96494.0, 527.0, 99479.0
-1.0, -1.0, 1.0, 0.0, 0.0, 1.0, 3.0, 1.0, 2.0, -1.0, 0.0, -1.0, 0.0, 3.0, -1.0, 0.0, 2.0, 1.0, -1.0, 2.0, 0.0, 0.0, -1.0, 3.0, -1.0, 1.0, 0.0, 2.0, -1.0, 0.0, 2.0, -1.0, 1.0, 1.0, 2.0, -1.0, 3.0, 0.0, -1.0, 2.0, 3.0, 0.0, 1.0, -1.0, 0.0, 0.0, -1.0, -1.0, -1.0, 1.0, 97038.0, 484.0, 99545.0
0.0, -1.0, 0.0, 3.0, 2.0, 2.0, 3.0, 2.0, -1.0, 1.0, 3.0, 0.0, 0.0, 0.0, -1.0, 1.0, 3.0, 1.0, 0.0, 0.0, 3.0, -1.0, -1.0, 0.0, -1.0, 1.0, 0.0, 2.0, 2.0, 0.0, 1.0, 2.0, 0.0, 1.0, 1.0, -1.0, 2.0, 3.0, 2.0, 0.0, 1.0, -1.0, -1.0, 3.0, 1.0, 3.0, 0.0, -1.0, 0.0, 1.0, 96727.0, 543.0, 99460.0
-1.0, -1.0, 1.0, 0.0, 2.0, 1.0, 2.0, 1.0, 1.0, -1.0, 0.0, 2.0, 0.0, 3.0, -1.0, 0.0, 2.0, 1.0, -1.0, 2.0, 0.0, 0.0, -1.0, 3.0, -1.0, 1.0, 0.0, 2.0, -1.0, 0.0, 2.0, -1.0, 1.0, 1.0, 2.0, -1.0, 3.0, 2.0, -1.0, 2.0, 3.0, -1.0, 0.0, -1.0, 0.0, 0.0, -1.0, -1.0, -1.0, 1.0, 97168.0, 481.0, 99546.0
0.0, 0.0, 0.0, 3.0, 2.0, 2.0, 3.0, 2.0, -1.0, 0.0, 3.0, 0.0, 3.0, 0.0, -1.0, 1.0, -1.0, 1.0, 0.0, 0.0, 2.0, -1.0, -1.0, 0.0, -1.0, 1.0, 0.0, 2.0, 2.0, 0.0, 1.0, 2.0, 0.0, 1.0, 1.0, -1.0, 1.0, 3.0, 2.0, 0.0, 1.0, -1.0, -1.0, 3.0, 1.0, 3.0, 0.0, -1.0, -1.0, 1.0, 96646.0, 530.0, 99463.0
1.0, 0.0, 1.0, 2.0, -1.0, 2.0, 1.0, 0.0, 2.0, 1.0, 0.0, 2.0, -1.0, 0.0, -1.0, 0.0, -1.0, 2.0, 0.0, 1.0, 1.0, -1.0, -1.0, 0.0, 2.0, -1.0, 2.0, 2.0, 0.0, 1.0, 0.0, 3.0, 2.0, -1.0, 2.0, -1.0, 1.0, 1.0, -1.0, 1.0, 0.0, 1.0, -1.0, 2.0, 1.0, 1.0, 0.0, 3.0, 3.0, 0.0, 96530.0, 529.0, 99475.0
2.0, 1.0, 1.0, 2.0, 0.0, 2.0, 1.0, 1.0, 1.0, 1.0, 0.0, 1.0, 0.0, -1.0, 3.0, 3.0, 1.0, 1.0, 1.0, 2.0, 2.0, 2.0, 0.0, 2.0, 0.0, 1.0, 3.0, 0.0, 0.0, 3.0, 3.0, 2.0, 0.0, 3.0, 0.0, -1.0, 0.0, 0.0, 0.0, 1.0, 3.0, 1.0, -1.0, 3.0, 0.0, 3.0, 2.0, 2.0, 3.0, 2.0, 96164.0, 664.0, 99382.0
1.0, 0.0, 1.0, 2.0, -1.0, 2.0, 1.0, 0.0, 2.0, 1.0, 0.0, 2.0, -1.0, 0.0, -1.0, 0.0, -1.0, 1.0, 0.0, 1.0, 1.0, -1.0, -1.0, 0.0, 2.0, 1.0, 2.0, 2.0, 0.0, 1.0, 0.0, 3.0, 2.0, -1.0, 2.0, -1.0, 1.0, 1.0, -1.0, 1.0, 0.0, 1.0, 0.0, 2.0, 2.0, 1.0, 0.0, 3.0, 3.0, 0.0, 96389.0, 566.0, 99453.0
-1.0, -1.0, 1.0, 0.0, 2.0, 1.0, 0.0, 1.0, -1.0, -1.0, 0.0, 2.0, 0.0, 3.0, -1.0, 0.0, 2.0, 1.0, -1.0, 2.0, 0.0, 0.0, -1.0, -1.0, -1.0, 1.0, 0.0, 2.0, -1.0, 0.0, 2.0, -1.0, 1.0, 1.0, 2.0, -1.0, 3.0, 2.0, -1.0, 2.0, 3.0, 0.0, 1.0, 2.0, 0.0, 0.0, -1.0, -1.0, -1.0, 1.0, 97039.0, 483.0, 99542.0
3.0, 1.0, 1.0, 2.0, 0.0, 3.0, 1.0, 1.0, 0.0, 1.0, 0.0, -1.0, -1.0, -1.0, 3.0, 3.0, 1.0, 1.0, 1.0, 2.0, 2.0, 2.0, 0.0, 1.0, 0.0, 1.0, 3.0, 2.0, 0.0, 3.0, 3.0, 2.0, 0.0, 3.0, 0.0, -1.0, 2.0, 2.0, -1.0, 1.0, 3.0, 1.0, -1.0, 3.0, 0.0, 3.0, 0.0, 2.0, -1.0, 0.0, 96545.0, 607.0, 99417.0
0.0, 1.0, 1.0, 2.0, 0.0, 3.0, 0.0, 1.0, -1.0, 1.0, 0.0, 2.0, -1.0, -1.0, -1.0, 3.0, 1.0, 1.0, 1.0, 2.0, 2.0, -1.0, 0.0, 1.0, 0.0, 1.0, 3.0, 0.0, 2.0, 3.0, 3.0, 3.0, 0.0, 3.0, 0.0, -1.0, 2.0, 2.0, 0.0, 1.0, 3.0, 1.0, -1.0, 3.0, 0.0, 3.0, 2.0, 2.0, -1.0, 0.0, 96518.0, 589.0, 99429.0
0.0, 0.0, 0.0, 3.0, 2.0, 2.0, 3.0, 2.0, -1.0, 0.0, 3.0, 0.0, 3.0, 0.0, -1.0, 1.0, -1.0, 1.0, 0.0, 0.0, 2.0, -1.0, -1.0, 0.0, -1.0, 1.0, 0.0, 2.0, 2.0, 0.0, 1.0, 2.0, 0.0, 1.0, 1.0, -1.0, 1.0, 3.0, 2.0, 0.0, 1.0, -1.0, -1.0, 3.0, 1.0, 3.0, 0.0, 2.0, -1.0, 1.0, 96547.0, 549.0, 99452.0
-1.0, -1.0, 1.0, 0.0, 2.0, 1.0, 2.0, 1.0, 1.0, -1.0, 0.0, 2.0, 0.0, 3.0, -1.0, 0.0, 2.0, 1.0, -1.0, 2.0, 0.0, 0.0, -1.0, 3.0, -1.0, 1.0, 0.0, 2.0, -1.0, 0.0, 2.0, -1.0, 1.0, 1.0, 2.0, -1.0, 3.0, 2.0, -1.0, 2.0, 3.0, -1.0, 0.0, -1.0, 0.0, 0.0, -1.0, -1.0, -1.0, 1.0, 97168.0, 481.0, 99546.0
1.0, 0.0, 1.0, 2.0, -1.0, 2.0, 1.0, 0.0, 2.0, 1.0, 0.0, 2.0, -1.0, 0.0, -1.0, 0.0, -1.0, 2.0, 0.0, 1.0, 1.0, -1.0, -1.0, 0.0, 2.0, -1.0, 2.0, 0.0, 0.0, 1.0, 0.0, 3.0, 2.0, -1.0, 2.0, -1.0, 1.0, 1.0, 0.0, 1.0, 0.0, -1.0, -1.0, 2.0, 1.0, 1.0, 0.0, 3.0, 3.0, 0.0, 96494.0, 527.0, 99479.0
-1.0, -1.0, 1.0, 0.0, 2.0, 1.0, 0.0, 1.0, -1.0, -1.0, 0.0, 2.0, 0.0, 3.0, -1.0, 0.0, 2.0, 1.0, -1.0, 2.0, 0.0, 0.0, -1.0, -1.0, -1.0, 1.0, 0.0, 2.0, -1.0, 0.0, 2.0, -1.0, 1.0, 1.0, 2.0, -1.0, 3.0, 2.0, -1.0, 2.0, 3.0, 0.0, 1.0, 2.0, 0.0, 0.0, -1.0, -1.0, -1.0, 1.0, 97039.0, 483.0, 99542.0
0.0, 0.0, 0.0, 3.0, 2.0, 2.0, 3.0, 2.0, -1.0, 0.0, 3.0, 0.0, 3.0, 0.0, -1.0, 1.0, -1.0, 1.0, 0.0, 0.0, 2.0, -1.0, -1.0, 0.0, -1.0, 1.0, 0.0, 2.0, 2.0, 0.0, 1.0, 2.0, 0.0, 1.0, 1.0, -1.0, 1.0, 3.0, 2.0, 0.0, 1.0, -1.0, -1.0, 3.0, 1.0, 3.0, 0.0, -1.0, -1.0, 1.0, 96646.0, 530.0, 99463.0
3.0, 1.0, 1.0, 2.0, 0.0, 3.0, 1.0, 1.0, 0.0, 1.0, 0.0, -1.0, -1.0, -1.0, 3.0, 3.0, 1.0, 1.0, 1.0, 2.0, 2.0, 2.0, 0.0, 1.0, 0.0, 1.0, 3.0, 2.0, 0.0, 3.0, 3.0, 2.0, 0.0, 3.0, 0.0, -1.0, 2.0, 2.0, -1.0, 1.0, 3.0, 1.0, -1.0, 3.0, 0.0, 3.0, 0.0, 2.0, -1.0, 0.0, 96545.0, 607.0, 99417.0
1.0, 0.0, 1.0, 2.0, -1.0, 2.0, 1.0, 0.0, 2.0, 1.0, 0.0, 2.0, -1.0, 0.0, -1.0, 0.0, -1.0, 1.0, 0.0, 1.0, 1.0, -1.0, -1.0, 0.0, 2.0, 1.0, 2.0, 2.0, 0.0, 1.0, 0.0, 3.0, 2.0, -1.0, 2.0, -1.0, 1.0, 1.0, -1.0, 1.0, 0.0, 1.0, 0.0, 2.0, 2.0, 1.0, 0.0, 3.0, 3.0, 0.0, 96389.0, 566.0, 99453.0
0.0, 1.0, 1.0, 2.0, 0.0, 3.0, 0.0, 1.0, -1.0, 1.0, 0.0, 2.0, -1.0, -1.0, 0.0, 3.0, 1.0, 1.0, 1.0, 2.0, 2.0, -1.0, 0.0, 1.0, 0.0, 1.0, 3.0, 0.0, 2.0, 3.0, 3.0, 3.0, 0.0, 3.0, 0.0, -1.0, 2.0, 2.0, 0.0, 1.0, 3.0, 1.0, -1.0, 3.0, 0.0, 3.0, 2.0, 2.0, -1.0, 0.0, 96509.0, 607.0, 99420.0
1.0, 0.0, 1.0, 2.0, -1.0, 2.0, 1.0, 0.0, 2.0, 1.0, 0.0, 2.0, -1.0, 0.0, -1.0, 0.0, -1.0, 2.0, 0.0, 1.0, 1.0, -1.0, -1.0, 0.0, 2.0, -1.0, 2.0, 2.0, 0.0, 1.0, 0.0, 3.0, 2.0, -1.0, 2.0, -1.0, 1.0, 1.0, -1.0, 1.0, 0.0, 1.0, -1.0, 2.0, 1.0, 1.0, 0.0, 3.0, 3.0, 0.0, 96530.0, 529.0, 99475.0
0.0, 0.0, 0.0, 3.0, 2.0, 2.0, 3.0, 2.0, -1.0, 0.0, 3.0, 0.0, 3.0, 0.0, -1.0, 1.0, -1.0, 1.0, 0.0, 0.0, 2.0, -1.0, -1.0, 0.0, -1.0, 1.0, 0.0, 2.0, 2.0, 0.0, 1.0, 2.0, 0.0, 1.0, 1.0, -1.0, 1.0, 3.0, 2.0, 0.0, 1.0, -1.0, -1.0, 3.0, 1.0, 3.0, 0.0, 2.0, -1.0, 1.0, 96547.0, 549.0, 99452.0
-1.0, -1.0, 1.0, 0.0, 0.0, 1.0, 3.0, 1.0, 2.0, -1.0, 0.0, -1.0, 0.0, 3.0, -1.0, 0.0, 2.0, 1.0, -1.0, 2.0, 0.0, 0.0, -1.0, 3.0, -1.0, 1.0, 0.0, 2.0, -1.0, 0.0, 2.0, -1.0, 1.0, 1.0, 2.0, -1.0, 3.0, 0.0, -1.0, 2.0, 3.0, 0.0, 1.0, -1.0, 0.0, 0.0, -1.0, -1.0, -1.0, 1.0, 97038.0, 484.0, 99545.0
0.0, 1.0, 1.0, 2.0, 0.0, 3.0, 0.0, 1.0, -1.0, 1.0, 0.0, 2.0, -1.0, -1.0, 0.0, 3.0, 1.0, 1.0, 1.0, 2.0, 2.0, -1.0, 0.0, 1.0, 0.0, 1.0, 3.0, 0.0, 2.0, 3.0, 3.0, 3.0, 0.0, 3.0, 0.0, -1.0, 2.0, 2.0, 0.0, 1.0, 3.0, 1.0, -1.0, 3.0, 0.0, 3.0, 2.0, 2.0, -1.0, 0.0, 96509.0, 607.0, 99420.0
1.0, 0.0, 1.0, 2.0, -1.0, 2.0, 1.0, 0.0, 2.0, 1.0, 0.0, 2.0, -1.0, 0.0, -1.0, 0.0, -1.0, 2.0, 0.0, 1.0, 1.0, -1.0, -1.0, 0.0, 2.0, -1.0, 2.0, 2.0, 0.0, 1.0, 0.0, 3.0, 2.0, -1.0, 2.0, -1.0, 1.0, 1.0, -1.0, 1.0, 0.0, 1.0, -1.0, 2.0, 1.0, 1.0, 0.0, 3.0, 3.0, 0.0, 96530.0, 529.0, 99475.0
1.0, 0.0, 1.0, 2.0, -1.0, 2.0, 1.0, 0.0, 2.0, 1.0, 0.0, 2.0, -1.0, 0.0, -1.0, 0.0, -1.0, 2.0, 0.0, 1.0, 1.0, -1.0, -1.0, 0.0, 2.0, -1.0, 2.0, 2.0, 0.0, 1.0, 0.0, 3.0, 2.0, -1.0, 2.0, -1.0, 1.0, 1.0, -1.0, 1.0, 0.0, 1.0, -1.0, 2.0, 1.0, 1.0, 0.0, 3.0, 3.0, 0.0, 96530.0, 529.0, 99475.0
1.0, 0.0, 1.0, 2.0, -1.0, 2.0, 1.0, 0.0, 2.0, 1.0, 0.0, 2.0, -1.0, 0.0, -1.0, 0.0, -1.0, 2.0, 0.0, 1.0, 1.0, -1.0, -1.0, 0.0, 2.0, -1.0, 2.0, 2.0, 0.0, 1.0, 0.0, 3.0, 2.0, -1.0, 2.0, -1.0, 1.0, 1.0, -1.0, 1.0, 0.0, 1.0, -1.0, 2.0, 1.0, 1.0, 0.0, 3.0, 3.0, 0.0, 96530.0, 529.0, 99475.0
