5.09229638066, 1.20511336549, 1.41347918291, 1.00000085263, 6.4198290876, 1.1750143562, 2.82655413101, 1.26000032302, 1.00000047218, 6.19553613527, 6.02083600645, 1.06428935645, 3.9676250953, 1.06414406325, 1.075525909, 1.41857938295, 1.12239838154, 0.951767052867, 7.15378249578, 1.00000029766, 1.00000097523, 84.1661389625, 0.987369432881, 1.89976628987, 0.956861640482, 3.72969738482, 0.870000947909, 134.674284334, 21.9208064105, 358.482002305, 2.9490616622
3.52581194823, 1.09201313094, 1.59653939516, 1.00000055514, 4.8560095697, 1.0684580629, 2.92708858061, 1.26000036158, 1.00000009987, 5.98758748647, 3.40293702563, 1.07396792184, 2.31994061366, 1.02022345139, 1.08093505173, 1.12522967073, 1.0116670892, 0.911342712195, 5.99679840759, 1.00000019605, 1.00000069703, 85.104848225, 1.05114967561, 3.16326273387, 1.05322440791, 3.92272837213, 0.870000514853, 110.593921544, 15.5589463236, 430.392628082, 2.9490616622
5.12569587361, 1.19150852374, 1.41347918291, 1.00000085263, 6.15711245044, 1.1750143562, 2.77815366942, 1.26000032302, 1.00000000926, 6.19553613527, 6.02083600645, 1.06428935645, 3.95232748061, 1.06414406325, 1.075525909, 1.41857938295, 1.12239838154, 0.993445435028, 7.20192127186, 1.00000000633, 1.00000097961, 84.1661389625, 0.987369432881, 1.89976628987, 0.96383382921, 3.72326345049, 0.870000947909, 102.771247638, 12.2954762999, 426.227401927, 2.41286863271
5.12569587361, 1.19150852374, 1.41347918291, 1.00000085263, 6.15711245044, 1.1750143562, 2.77815366942, 1.26000032302, 1.00000000926, 6.19553613527, 6.02083600645, 1.06428935645, 3.95232748061, 1.06414406325, 1.075525909, 1.41857938295, 1.12239838154, 0.993445435028, 7.20192127186, 1.00000000633, 1.00000097961, 84.1661389625, 0.987369432881, 1.89976628987, 0.96383382921, 3.72326345049, 0.870000947909, 102.771247638, 12.2954762999, 426.227401927, 2.41286863271
5.12569587361, 1.19150852374, 1.41347918291, 1.00000085263, 6.15711245044, 1.1750143562, 2.77815366942, 1.26000032302, 1.00000000926, 6.19553613527, 6.02083600645, 1.06428935645, 3.95232748061, 1.06414406325, 1.075525909, 1.41857938295, 1.12239838154, 0.993445435028, 7.20192127186, 1.00000000633, 1.00000097961, 84.1661389625, 0.987369432881, 1.89976628987, 0.96383382921, 3.72326345049, 0.870000947909, 102.771247638, 12.2954762999, 426.227401927, 2.41286863271
5.12569587361, 1.19150852374, 1.41347918291, 1.00000085263, 6.15711245044, 1.1750143562, 2.77815366942, 1.26000032302, 1.00000000926, 6.19553613527, 6.02083600645, 1.06428935645, 3.95232748061, 1.06414406325, 1.075525909, 1.41857938295, 1.12239838154, 0.993445435028, 7.20192127186, 1.00000000633, 1.00000097961, 84.1661389625, 0.987369432881, 1.89976628987, 0.96383382921, 3.72326345049, 0.870000947909, 102.771247638, 12.2954762999, 426.227401927, 2.41286863271
5.12569587361, 1.19150852374, 1.41347918291, 1.00000085263, 6.15711245044, 1.1750143562, 2.77815366942, 1.26000032302, 1.00000000926, 6.19553613527, 6.02083600645, 1.06428935645, 3.95232748061, 1.06414406325, 1.075525909, 1.41857938295, 1.12239838154, 0.993445435028, 7.20192127186, 1.00000000633, 1.00000097961, 84.1661389625, 0.987369432881, 1.89976628987, 0.96383382921, 3.72326345049, 0.870000947909, 102.771247638, 12.2954762999, 426.227401927, 2.41286863271
5.12569587361, 1.19150852374, 1.41347918291, 1.00000085263, 6.15711245044, 1.1750143562, 2.77815366942, 1.26000032302, 1.00000000926, 6.19553613527, 6.02083600645, 1.06428935645, 3.95232748061, 1.06414406325, 1.075525909, 1.41857938295, 1.12239838154, 0.993445435028, 7.20192127186, 1.00000000633, 1.00000097961, 84.1661389625, 0.987369432881, 1.89976628987, 0.96383382921, 3.72326345049, 0.870000947909, 102.771247638, 12.2954762999, 426.227401927, 2.41286863271
5.12569587361, 1.19150852374, 1.41347918291, 1.00000085263, 6.15711245044, 1.1750143562, 2.77815366942, 1.26000032302, 1.00000000926, 6.19553613527, 6.02083600645, 1.06428935645, 3.95232748061, 1.06414406325, 1.075525909, 1.41857938295, 1.12239838154, 0.993445435028, 7.20192127186, 1.00000000633, 1.00000097961, 84.1661389625, 0.987369432881, 1.89976628987, 0.96383382921, 3.72326345049, 0.870000947909, 102.771247638, 12.2954762999, 426.227401927, 2.41286863271
5.12569587361, 1.19150852374, 1.41347918291, 1.00000085263, 6.15711245044, 1.1750143562, 2.77815366942, 1.26000032302, 1.00000000926, 6.19553613527, 6.02083600645, 1.06428935645, 3.95232748061, 1.06414406325, 1.075525909, 1.41857938295, 1.12239838154, 0.993445435028, 7.20192127186, 1.00000000633, 1.00000097961, 84.1661389625, 0.987369432881, 1.89976628987, 0.96383382921, 3.72326345049, 0.870000947909, 102.771247638, 12.2954762999, 426.227401927, 2.41286863271
5.12569587361, 1.19150852374, 1.41347918291, 1.00000085263, 6.15711245044, 1.1750143562, 2.77815366942, 1.26000032302, 1.00000000926, 6.19553613527, 6.02083600645, 1.06428935645, 3.95232748061, 1.06414406325, 1.075525909, 1.41857938295, 1.12239838154, 0.993445435028, 7.20192127186, 1.00000000633, 1.00000097961, 84.1661389625, 0.987369432881, 1.89976628987, 0.96383382921, 3.72326345049, 0.870000947909, 102.771247638, 12.2954762999, 426.227401927, 2.41286863271
5.12569587361, 1.19150852374, 1.41347918291, 1.00000085263, 6.15711245044, 1.1750143562, 2.77815366942, 1.26000032302, 1.00000000926, 6.19553613527, 6.02083600645, 1.06428935645, 3.95232748061, 1.06414406325, 1.075525909, 1.41857938295, 1.12239838154, 0.993445435028, 7.20192127186, 1.00000000633, 1.00000097961, 84.1661389625, 0.987369432881, 1.89976628987, 0.96383382921, 3.72326345049, 0.870000947909, 102.771247638, 12.2954762999, 426.227401927, 2.41286863271
5.12569587361, 1.19150852374, 1.41347918291, 1.00000085263, 6.15711245044, 1.1750143562, 2.77815366942, 1.26000032302, 1.00000000926, 6.19553613527, 6.02083600645, 1.06428935645, 3.95232748061, 1.06414406325, 1.075525909, 1.41857938295, 1.12239838154, 0.993445435028, 7.20192127186, 1.00000000633, 1.00000097961, 84.1661389625, 0.987369432881, 1.89976628987, 0.96383382921, 3.72326345049, 0.870000947909, 102.771247638, 12.2954762999, 426.227401927, 2.41286863271
5.12569587361, 1.19150852374, 1.41347918291, 1.00000085263, 6.15711245044, 1.1750143562, 2.77815366942, 1.26000032302, 1.00000000926, 6.19553613527, 6.02083600645, 1.06428935645, 3.95232748061, 1.06414406325, 1.075525909, 1.41857938295, 1.12239838154, 0.993445435028, 7.20192127186, 1.00000000633, 1.00000097961, 84.1661389625, 0.987369432881, 1.89976628987, 0.96383382921, 3.72326345049, 0.870000947909, 102.771247638, 12.2954762999, 426.227401927, 2.41286863271
5.12569587361, 1.19150852374, 1.41347918291, 1.00000085263, 6.15711245044, 1.1750143562, 2.77815366942, 1.26000032302, 1.00000000926, 6.19553613527, 6.02083600645, 1.06428935645, 3.95232748061, 1.06414406325, 1.075525909, 1.41857938295, 1.12239838154, 0.993445435028, 7.20192127186, 1.00000000633, 1.00000097961, 84.1661389625, 0.987369432881, 1.89976628987, 0.96383382921, 3.72326345049, 0.870000947909, 102.771247638, 12.2954762999, 426.227401927, 2.41286863271
5.12569587361, 1.19150852374, 1.41347918291, 1.00000085263, 6.15711245044, 1.1750143562, 2.77815366942, 1.26000032302, 1.00000000926, 6.19553613527, 6.02083600645, 1.06428935645, 3.95232748061, 1.06414406325, 1.075525909, 1.41857938295, 1.12239838154, 0.993445435028, 7.20192127186, 1.00000000633, 1.00000097961, 84.1661389625, 0.987369432881, 1.89976628987, 0.96383382921, 3.72326345049, 0.870000947909, 102.771247638, 12.2954762999, 426.227401927, 2.41286863271
5.12569587361, 1.19150852374, 1.41347918291, 1.00000085263, 6.15711245044, 1.1750143562, 2.77815366942, 1.26000032302, 1.00000000926, 6.19553613527, 6.02083600645, 1.06428935645, 3.95232748061, 1.06414406325, 1.075525909, 1.41857938295, 1.12239838154, 0.993445435028, 7.20192127186, 1.00000000633, 1.00000097961, 84.1661389625, 0.987369432881, 1.89976628987, 0.96383382921, 3.72326345049, 0.870000947909, 102.771247638, 12.2954762999, 426.227401927, 2.41286863271
5.12569587361, 1.19150852374, 1.41347918291, 1.00000085263, 6.15711245044, 1.1750143562, 2.77815366942, 1.26000032302, 1.00000000926, 6.19553613527, 6.02083600645, 1.06428935645, 3.95232748061, 1.06414406325, 1.075525909, 1.41857938295, 1.12239838154, 0.993445435028, 7.20192127186, 1.00000000633, 1.00000097961, 84.1661389625, 0.987369432881, 1.89976628987, 0.96383382921, 3.72326345049, 0.870000947909, 102.771247638, 12.2954762999, 426.227401927, 2.41286863271
5.12569587361, 1.19150852374, 1.41347918291, 1.00000085263, 6.15711245044, 1.1750143562, 2.77815366942, 1.26000032302, 1.00000000926, 6.19553613527, 6.02083600645, 1.06428935645, 3.95232748061, 1.06414406325, 1.075525909, 1.41857938295, 1.12239838154, 0.993445435028, 7.20192127186, 1.00000000633, 1.00000097961, 84.1661389625, 0.987369432881, 1.89976628987, 0.96383382921, 3.72326345049, 0.870000947909, 102.771247638, 12.2954762999, 426.227401927, 2.41286863271
5.12569587361, 1.19150852374, 1.41347918291, 1.00000085263, 6.15711245044, 1.1750143562, 2.77815366942, 1.26000032302, 1.00000000926, 6.19553613527, 6.02083600645, 1.06428935645, 3.95232748061, 1.06414406325, 1.075525909, 1.41857938295, 1.12239838154, 0.993445435028, 7.20192127186, 1.00000000633, 1.00000097961, 84.1661389625, 0.987369432881, 1.89976628987, 0.96383382921, 3.72326345049, 0.870000947909, 102.771247638, 12.2954762999, 426.227401927, 2.41286863271
5.12569587361, 1.19150852374, 1.41347918291, 1.00000085263, 6.15711245044, 1.1750143562, 2.77815366942, 1.26000032302, 1.00000000926, 6.19553613527, 6.02083600645, 1.06428935645, 3.95232748061, 1.06414406325, 1.075525909, 1.41857938295, 1.12239838154, 0.993445435028, 7.20192127186, 1.00000000633, 1.00000097961, 84.1661389625, 0.987369432881, 1.89976628987, 0.96383382921, 3.72326345049, 0.870000947909, 102.771247638, 12.2954762999, 426.227401927, 2.41286863271
5.12569587361, 1.19150852374, 1.41347918291, 1.00000085263, 6.15711245044, 1.1750143562, 2.77815366942, 1.26000032302, 1.00000000926, 6.19553613527, 6.02083600645, 1.06428935645, 3.95232748061, 1.06414406325, 1.075525909, 1.41857938295, 1.12239838154, 0.993445435028, 7.20192127186, 1.00000000633, 1.00000097961, 84.1661389625, 0.987369432881, 1.89976628987, 0.96383382921, 3.72326345049, 0.870000947909, 102.771247638, 12.2954762999, 426.227401927, 2.41286863271
5.14104547412, 1.06238969627, 1.63480341364, 1.00000009066, 5.34865621569, 1.05437900727, 1.49217281753, 1.26000048581, 1.00000010683, 5.11430813862, 5.27859088166, 1.00974526562, 3.66676749684, 1.0663506791, 1.03602722848, 1.41852475871, 1.11917759521, 0.991886269988, 4.36074016163, 1.0000004537, 1.00000092109, 84.1167634234, 1.04192869136, 4.96256763556, 0.976889721965, 3.72389745929, 0.870000530981, 218.297777408, 16.5034935912, 2074.43048111, 4.28954423592
5.12569587361, 1.19150852374, 1.41347918291, 1.00000085263, 6.15711245044, 1.1750143562, 2.77815366942, 1.26000032302, 1.00000000926, 6.19553613527, 6.02083600645, 1.06428935645, 3.95232748061, 1.06414406325, 1.075525909, 1.41857938295, 1.12239838154, 0.993445435028, 6.86766013817, 1.00000000633, 1.00000097961, 84.1661389625, 0.987369432881, 1.89976628987, 0.96383382921, 3.72326345049, 0.870000947909, 2930.4476114, 29.0630908868, 1952.44910295, 4.02144772118
5.12569587361, 1.19150852374, 1.41347918291, 1.00000085263, 6.15711245044, 1.1750143562, 2.77815366942, 1.26000032302, 1.00000000926, 6.19553613527, 6.02083600645, 1.06428935645, 3.95232748061, 1.06414406325, 1.07509887142, 1.41857938295, 1.12239838154, 0.993445435028, 7.20192127186, 1.00000000633, 1.00000097961, 84.1661389625, 0.987369432881, 1.89976628987, 0.96383382921, 3.72326345049, 0.870000947909, 198.770551609, 13.2949130038, 772.495020282, 5.63002680965
4.52367300827, 1.19181784307, 1.41341526157, 1.00000084759, 6.27891057716, 1.06039060309, 2.7188861532, 1.26000032329, 1.0000000097, 5.36673942353, 7.78867259444, 1.01206701794, 2.8955707549, 1.11399869312, 1.074895925, 1.54065717753, 1.11939830677, 0.992928349257, 5.99372234909, 1.00000077715, 1.00000097989, 86.8235785254, 1.03908569491, 5.0399858338, 0.970784289859, 3.7233402433, 0.870000951868, 104.374429493, 20.6335100335, 777.504847322, 0.804289544236
4.52367300827, 1.19181784307, 1.41341526157, 1.00000084759, 6.27891057716, 1.06039060309, 2.7188861532, 1.26000032329, 1.0000000097, 5.36673942353, 7.78867259444, 1.01206701794, 2.8955707549, 1.11399869312, 1.074895925, 1.54065717753, 1.11939830677, 0.992928349257, 5.99372234909, 1.00000077715, 1.00000097989, 86.8235785254, 1.03908569491, 5.0399858338, 0.970784289859, 3.7233402433, 0.870000951868, 104.374429493, 20.6335100335, 777.504847322, 0.804289544236
4.52367300827, 1.19181784307, 1.41341526157, 1.00000084759, 6.27891057716, 1.06039060309, 2.7188861532, 1.26000032329, 1.0000000097, 5.36673942353, 7.78867259444, 1.01206701794, 2.8955707549, 1.11399869312, 1.074895925, 1.54065717753, 1.11939830677, 0.992928349257, 5.99372234909, 1.00000077715, 1.00000097989, 86.8235785254, 1.03908569491, 5.0399858338, 0.970784289859, 3.7233402433, 0.870000951868, 104.374429493, 20.6335100335, 777.504847322, 0.804289544236
4.52367300827, 1.19181784307, 1.41341526157, 1.00000084759, 6.27891057716, 1.06039060309, 2.7188861532, 1.26000032329, 1.0000000097, 5.36673942353, 7.78867259444, 1.01206701794, 2.8955707549, 1.11399869312, 1.074895925, 1.54065717753, 1.11939830677, 0.992928349257, 5.99372234909, 1.00000077715, 1.00000097989, 86.8235785254, 1.03908569491, 5.0399858338, 0.970784289859, 3.7233402433, 0.870000951868, 104.374429493, 20.6335100335, 777.504847322, 0.804289544236
4.52367300827, 1.19181784307, 1.41341526157, 1.00000084759, 6.27891057716, 1.06039060309, 2.7188861532, 1.26000032329, 1.0000000097, 5.36673942353, 7.78867259444, 1.01206701794, 2.8955707549, 1.11399869312, 1.074895925, 1.54065717753, 1.11939830677, 0.992928349257, 5.99372234909, 1.00000077715, 1.00000097989, 86.8235785254, 1.03908569491, 5.0399858338, 0.970784289859, 3.7233402433, 0.870000951868, 104.374429493, 20.6335100335, 777.504847322, 0.804289544236
4.52367300827, 1.19181784307, 1.41341526157, 1.00000084759, 6.27891057716, 1.06039060309, 2.7188861532, 1.26000032329, 1.0000000097, 5.36673942353, 7.78867259444, 1.01206701794, 2.8955707549, 1.11399869312, 1.074895925, 1.54065717753, 1.11939830677, 0.992928349257, 5.99372234909, 1.00000077715, 1.00000097989, 86.8235785254, 1.03908569491, 5.0399858338, 0.970784289859, 3.7233402433, 0.870000951868, 104.374429493, 20.6335100335, 777.504847322, 0.804289544236
4.52367300827, 1.19181784307, 1.41341526157, 1.00000084759, 6.27891057716, 1.06039060309, 2.7188861532, 1.26000032329, 1.0000000097, 5.36673942353, 7.78867259444, 1.01206701794, 2.8955707549, 1.11399869312, 1.074895925, 1.54065717753, 1.11939830677, 0.992928349257, 5.99372234909, 1.00000077715, 1.00000097989, 86.8235785254, 1.03908569491, 5.0399858338, 0.970784289859, 3.7233402433, 0.870000951868, 104.374429493, 20.6335100335, 777.504847322, 0.804289544236
4.52367300827, 1.19181784307, 1.41341526157, 1.00000084759, 6.27891057716, 1.06039060309, 2.7188861532, 1.26000032329, 1.0000000097, 5.36673942353, 7.78867259444, 1.01206701794, 2.8955707549, 1.11399869312, 1.074895925, 1.54065717753, 1.11939830677, 0.992928349257, 5.99372234909, 1.00000077715, 1.00000097989, 86.8235785254, 1.03908569491, 5.0399858338, 0.970784289859, 3.7233402433, 0.870000951868, 104.374429493, 20.6335100335, 777.504847322, 0.804289544236
4.52367300827, 1.19181784307, 1.41341526157, 1.00000084759, 6.27891057716, 1.06039060309, 2.7188861532, 1.26000032329, 1.0000000097, 5.36673942353, 7.78867259444, 1.01206701794, 2.8955707549, 1.11399869312, 1.074895925, 1.54065717753, 1.11939830677, 0.992928349257, 5.99372234909, 1.00000077715, 1.00000097989, 86.8235785254, 1.03908569491, 5.0399858338, 0.970784289859, 3.7233402433, 0.870000951868, 104.374429493, 20.6335100335, 777.504847322, 0.804289544236
4.52367300827, 1.19181784307, 1.41341526157, 1.00000084759, 6.27891057716, 1.06039060309, 2.7188861532, 1.26000032329, 1.0000000097, 5.36673942353, 7.78867259444, 1.01206701794, 2.8955707549, 1.11399869312, 1.074895925, 1.54065717753, 1.11939830677, 0.992928349257, 5.99372234909, 1.00000077715, 1.00000097989, 86.8235785254, 1.03908569491, 5.0399858338, 0.970784289859, 3.7233402433, 0.870000951868, 104.374429493, 20.6335100335, 777.504847322, 0.804289544236
4.52367300827, 1.19181784307, 1.41341526157, 1.00000084759, 6.27891057716, 1.06039060309, 2.7188861532, 1.26000032329, 1.0000000097, 5.36673942353, 7.78867259444, 1.01206701794, 2.8955707549, 1.11399869312, 1.074895925, 1.54065717753, 1.11939830677, 0.992928349257, 5.99372234909, 1.00000077715, 1.00000097989, 86.8235785254, 1.03908569491, 5.0399858338, 0.970784289859, 3.7233402433, 0.870000951868, 104.374429493, 20.6335100335, 777.504847322, 0.804289544236
2.61200057887, 1.33259642987, 1.73457677131, 1.00000076737, 4.91387987345, 1.02367240454, 4.67460321784, 1.26000063126, 1.00000052897, 6.00036225744, 7.72051184186, 1.0277483832, 2.95403229327, 1.04378218475, 1.00339627926, 1.51297068873, 1.1212870453, 1.07864086495, 5.70960689332, 1.00000014747, 1.00000045996, 92.9938564245, 1.08061098293, 2.69728993666, 0.964446884756, 3.99242104596, 0.870000673936, 323.120625858, 16.8643034473, 3193.34756277, 1.60857908847
5.1212949001, 1.19155339698, 1.41347918291, 1.00000082528, 6.27730120603, 1.1750143562, 2.71621669889, 1.26000032302, 1.00000043599, 6.19553613527, 6.02083600645, 1.06428935645, 3.93462614604, 1.11421323138, 1.07509887142, 1.41857938295, 1.05339705376, 1.01154923138, 7.19777621706, 1.000000848, 1.000000857, 84.1661389625, 0.987929997186, 4.93591908017, 0.96383382921, 3.7543108267, 0.870000947909, 269.211826991, 20.1428804005, 4757.78486872, 0.804289544236
4.51427106083, 1.19136189103, 1.41516725311, 1.00000008928, 6.27744966636, 1.06039060309, 2.7188861532, 1.260000284, 1.0000004261, 6.11741857125, 7.79491425634, 1.01120304089, 2.89184106148, 1.11399869312, 1.05325210836, 1.54072878604, 1.0527878657, 1.01360770005, 6.89463468, 1.00000007802, 1.00000079193, 86.8235785254, 1.04639928342, 5.0399858338, 0.970784289859, 3.75205535365, 0.870000520975, 5112.48565824, 52.2648984398, 14392.4055334, 2.41286863271
4.49594708871, 1.18892249628, 1.41516725311, 1.00000035926, 6.15881935048, 1.06039060309, 2.7188861532, 1.260000284, 1.00000000301, 5.36673942353, 7.74643734703, 1.01156243632, 3.93495367979, 1.11399869312, 1.03636260191, 1.55166177208, 1.12347357246, 1.01442549499, 5.95881256783, 1.00000001776, 1.00000097942, 86.8235785254, 1.03943392256, 5.0399858338, 0.970784289859, 3.75208281779, 0.870000518764, 276.564323622, 16.8934364521, 1201.6228395, 3.75335120643
4.49594708871, 1.18892249628, 1.41516725311, 1.00000035926, 6.15881935048, 1.06039060309, 2.7188861532, 1.260000284, 1.00000000301, 5.36673942353, 7.74643734703, 1.01156243632, 3.93495367979, 1.11399869312, 1.03636260191, 1.55166177208, 1.12347357246, 1.01442549499, 5.95881256783, 1.00000001776, 1.00000097942, 86.8235785254, 1.03943392256, 5.0399858338, 0.970784289859, 3.75208281779, 0.870000518764, 276.564323622, 16.8934364521, 1201.6228395, 3.75335120643
4.49594708871, 1.18892249628, 1.41516725311, 1.00000035926, 6.15881935048, 1.06039060309, 2.7188861532, 1.260000284, 1.00000000301, 5.36673942353, 7.74643734703, 1.01156243632, 3.93495367979, 1.11399869312, 1.03636260191, 1.55166177208, 1.12347357246, 1.01442549499, 5.95881256783, 1.00000001776, 1.00000097942, 86.8235785254, 1.03943392256, 5.0399858338, 0.970784289859, 3.75208281779, 0.870000518764, 276.564323622, 16.8934364521, 1201.6228395, 3.75335120643
4.49594708871, 1.18892249628, 1.41516725311, 1.00000035926, 6.15881935048, 1.06039060309, 2.7188861532, 1.260000284, 1.00000000301, 5.36673942353, 7.74643734703, 1.01156243632, 3.93495367979, 1.11399869312, 1.03636260191, 1.55166177208, 1.12347357246, 1.01442549499, 5.95881256783, 1.00000001776, 1.00000097942, 86.8235785254, 1.03943392256, 5.0399858338, 0.970784289859, 3.75208281779, 0.870000518764, 276.564323622, 16.8934364521, 1201.6228395, 3.75335120643
4.49594708871, 1.18892249628, 1.41516725311, 1.00000035926, 6.15881935048, 1.06039060309, 2.7188861532, 1.260000284, 1.00000000301, 5.36673942353, 7.74643734703, 1.01156243632, 3.93495367979, 1.11399869312, 1.03636260191, 1.55166177208, 1.12347357246, 1.01442549499, 5.95881256783, 1.00000001776, 1.00000097942, 86.8235785254, 1.03943392256, 5.0399858338, 0.970784289859, 3.75208281779, 0.870000518764, 276.564323622, 16.8934364521, 1201.6228395, 3.75335120643
4.49594708871, 1.18892249628, 1.41516725311, 1.00000035926, 6.15881935048, 1.06039060309, 2.7188861532, 1.260000284, 1.00000000301, 5.36673942353, 7.74643734703, 1.01156243632, 3.93495367979, 1.11399869312, 1.03636260191, 1.55166177208, 1.12347357246, 1.01442549499, 5.95881256783, 1.00000001776, 1.00000097942, 86.8235785254, 1.03943392256, 5.0399858338, 0.970784289859, 3.75208281779, 0.870000518764, 276.564323622, 16.8934364521, 1201.6228395, 3.75335120643
4.49594708871, 1.18892249628, 1.41516725311, 1.00000035926, 6.15881935048, 1.06039060309, 2.7188861532, 1.260000284, 1.00000000301, 5.36673942353, 7.74643734703, 1.01156243632, 3.93495367979, 1.11399869312, 1.03636260191, 1.55166177208, 1.12347357246, 1.01442549499, 5.95881256783, 1.00000001776, 1.00000097942, 86.8235785254, 1.03943392256, 5.0399858338, 0.970784289859, 3.75208281779, 0.870000518764, 276.564323622, 16.8934364521, 1201.6228395, 3.75335120643
4.49594708871, 1.18892249628, 1.41516725311, 1.00000035926, 6.15881935048, 1.06039060309, 2.7188861532, 1.260000284, 1.00000000301, 5.36673942353, 7.74643734703, 1.01156243632, 3.93495367979, 1.11399869312, 1.03636260191, 1.55166177208, 1.12347357246, 1.01442549499, 5.95881256783, 1.00000001776, 1.00000097942, 86.8235785254, 1.03943392256, 5.0399858338, 0.970784289859, 3.75208281779, 0.870000518764, 276.564323622, 16.8934364521, 1201.6228395, 3.75335120643
5.12569587361, 1.09140648209, 1.41347918291, 1.00000086485, 6.15711245044, 1.06479743985, 2.77484545225, 1.26000032302, 1.00000000926, 6.19553613527, 6.02083600645, 1.06428935645, 2.3362925491, 1.06441339236, 1.07509887142, 1.41857938295, 1.12564685579, 0.993445435028, 6.00674153389, 1.00000000633, 1.00000070001, 84.1791214307, 1.04997940183, 1.91377870396, 0.96383382921, 3.72326345049, 0.870000516749, 146.91665061, 22.9075352369, 541.062094609, 2.68096514745
5.12569587361, 1.09140648209, 1.41347918291, 1.00000086485, 6.15711245044, 1.06479743985, 2.77484545225, 1.26000032302, 1.00000000926, 6.19553613527, 6.02083600645, 1.06428935645, 2.3362925491, 1.06441339236, 1.07509887142, 1.41857938295, 1.12564685579, 0.993445435028, 6.00674153389, 1.00000000633, 1.00000070001, 84.1791214307, 1.04997940183, 1.91377870396, 0.96383382921, 3.72326345049, 0.870000516749, 146.91665061, 22.9075352369, 541.062094609, 2.68096514745
5.12569587361, 1.09140648209, 1.41347918291, 1.00000086485, 6.15711245044, 1.06479743985, 2.77484545225, 1.26000032302, 1.00000000926, 6.19553613527, 6.02083600645, 1.06428935645, 2.3362925491, 1.06441339236, 1.07509887142, 1.41857938295, 1.12564685579, 0.993445435028, 6.00674153389, 1.00000000633, 1.00000070001, 84.1791214307, 1.04997940183, 1.91377870396, 0.96383382921, 3.72326345049, 0.870000516749, 146.91665061, 22.9075352369, 541.062094609, 2.68096514745
5.12569587361, 1.09140648209, 1.41347918291, 1.00000086485, 6.15711245044, 1.06479743985, 2.77484545225, 1.26000032302, 1.00000000926, 6.19553613527, 6.02083600645, 1.06428935645, 2.3362925491, 1.06441339236, 1.07509887142, 1.41857938295, 1.12564685579, 0.993445435028, 6.00674153389, 1.00000000633, 1.00000070001, 84.1791214307, 1.04997940183, 1.91377870396, 0.96383382921, 3.72326345049, 0.870000516749, 146.91665061, 22.9075352369, 541.062094609, 2.68096514745
5.12569587361, 1.09140648209, 1.41347918291, 1.00000086485, 6.15711245044, 1.06479743985, 2.77484545225, 1.26000032302, 1.00000000926, 6.19553613527, 6.02083600645, 1.06428935645, 2.3362925491, 1.06441339236, 1.07509887142, 1.41857938295, 1.12564685579, 0.993445435028, 6.00674153389, 1.00000000633, 1.00000070001, 84.1791214307, 1.04997940183, 1.91377870396, 0.96383382921, 3.72326345049, 0.870000516749, 146.91665061, 22.9075352369, 541.062094609, 2.68096514745
5.12569587361, 1.09140648209, 1.41347918291, 1.00000086485, 6.15711245044, 1.06479743985, 2.77484545225, 1.26000032302, 1.00000000926, 6.19553613527, 6.02083600645, 1.06428935645, 2.3362925491, 1.06441339236, 1.07509887142, 1.41857938295, 1.12564685579, 0.993445435028, 6.00674153389, 1.00000000633, 1.00000070001, 84.1791214307, 1.04997940183, 1.91377870396, 0.96383382921, 3.72326345049, 0.870000516749, 146.91665061, 22.9075352369, 541.062094609, 2.68096514745
5.12569587361, 1.09140648209, 1.41347918291, 1.00000086485, 6.15711245044, 1.06479743985, 2.77484545225, 1.26000032302, 1.00000000926, 6.19553613527, 6.02083600645, 1.06428935645, 2.3362925491, 1.06441339236, 1.07509887142, 1.41857938295, 1.12564685579, 0.993445435028, 6.00674153389, 1.00000000633, 1.00000070001, 84.1791214307, 1.04997940183, 1.91377870396, 0.96383382921, 3.72326345049, 0.870000516749, 146.91665061, 22.9075352369, 541.062094609, 2.68096514745
5.12569587361, 1.09140648209, 1.41347918291, 1.00000086485, 6.15711245044, 1.06479743985, 2.77484545225, 1.26000032302, 1.00000000926, 6.19553613527, 6.02083600645, 1.06428935645, 2.3362925491, 1.06441339236, 1.07509887142, 1.41857938295, 1.12564685579, 0.993445435028, 6.00674153389, 1.00000000633, 1.00000070001, 84.1791214307, 1.04997940183, 1.91377870396, 0.96383382921, 3.72326345049, 0.870000516749, 146.91665061, 22.9075352369, 541.062094609, 2.68096514745
5.12569587361, 1.09140648209, 1.41347918291, 1.00000086485, 6.15711245044, 1.06479743985, 2.77484545225, 1.26000032302, 1.00000000926, 6.19553613527, 6.02083600645, 1.06428935645, 2.3362925491, 1.06441339236, 1.07509887142, 1.41857938295, 1.12564685579, 0.993445435028, 6.00674153389, 1.00000000633, 1.00000070001, 84.1791214307, 1.04997940183, 1.91377870396, 0.96383382921, 3.72326345049, 0.870000516749, 146.91665061, 22.9075352369, 541.062094609, 2.68096514745
5.12569587361, 1.09140648209, 1.41347918291, 1.00000086485, 6.15711245044, 1.06479743985, 2.77484545225, 1.26000032302, 1.00000000926, 6.19553613527, 6.02083600645, 1.06428935645, 2.3362925491, 1.06441339236, 1.07509887142, 1.41857938295, 1.12564685579, 0.993445435028, 6.00674153389, 1.00000000633, 1.00000070001, 84.1791214307, 1.04997940183, 1.91377870396, 0.96383382921, 3.72326345049, 0.870000516749, 146.91665061, 22.9075352369, 541.062094609, 2.68096514745
4.52803492081, 1.19181784307, 1.41347959531, 1.00000084759, 6.27891057716, 1.06191699766, 2.77749168013, 1.26000032302, 1.0000000097, 5.37662985709, 5.98798803357, 1.0629363987, 2.89376965985, 1.11419195217, 1.074895925, 1.42042782708, 1.11939830677, 0.992925026509, 6.8617713783, 1.00000077715, 1.00000097989, 86.8235785254, 1.03908569491, 1.885938254, 0.963922144474, 3.7233402433, 0.87000095196, 744.070189532, 38.2247568327, 1158.24426237, 0.0
4.49594708871, 1.18892249628, 1.41516725311, 1.00000035926, 6.15881935048, 1.06039060309, 2.7188861532, 1.260000284, 1.00000000301, 5.36673942353, 7.74643734703, 1.01156243632, 3.93495367979, 1.11399869312, 1.03636260191, 1.55166177208, 1.12347357246, 1.01442549499, 5.95881256783, 1.00000001776, 1.00000097942, 86.8235785254, 1.03943392256, 5.0399858338, 0.970784289859, 3.75208281779, 0.870000518764, 84.4144122317, 19.1687645656, 642.941995669, 1.07238605898
4.49594708871, 1.18892249628, 1.41516725311, 1.00000035926, 6.15881935048, 1.06039060309, 2.7188861532, 1.260000284, 1.00000000301, 5.36673942353, 7.74643734703, 1.01156243632, 3.93495367979, 1.11399869312, 1.03636260191, 1.55166177208, 1.12347357246, 1.01442549499, 5.95881256783, 1.00000001776, 1.00000097942, 86.8235785254, 1.03943392256, 5.0399858338, 0.970784289859, 3.75208281779, 0.870000518764, 84.4144122317, 19.1687645656, 642.941995669, 1.07238605898
4.49594708871, 1.18892249628, 1.41516725311, 1.00000035926, 6.15881935048, 1.06039060309, 2.7188861532, 1.260000284, 1.00000000301, 5.36673942353, 7.74643734703, 1.01156243632, 3.93495367979, 1.11399869312, 1.03636260191, 1.55166177208, 1.12347357246, 1.01442549499, 5.95881256783, 1.00000001776, 1.00000097942, 86.8235785254, 1.03943392256, 5.0399858338, 0.970784289859, 3.75208281779, 0.870000518764, 84.4144122317, 19.1687645656, 642.941995669, 1.07238605898
4.49594708871, 1.18892249628, 1.41516725311, 1.00000035926, 6.15881935048, 1.06039060309, 2.7188861532, 1.260000284, 1.00000000301, 5.36673942353, 7.74643734703, 1.01156243632, 3.93495367979, 1.11399869312, 1.03636260191, 1.55166177208, 1.12347357246, 1.01442549499, 5.95881256783, 1.00000001776, 1.00000097942, 86.8235785254, 1.03943392256, 5.0399858338, 0.970784289859, 3.75208281779, 0.870000518764, 84.4144122317, 19.1687645656, 642.941995669, 1.07238605898
4.49594708871, 1.18892249628, 1.41516725311, 1.00000035926, 6.15881935048, 1.06039060309, 2.7188861532, 1.260000284, 1.00000000301, 5.36673942353, 7.74643734703, 1.01156243632, 3.93495367979, 1.11399869312, 1.03636260191, 1.55166177208, 1.12347357246, 1.01442549499, 5.95881256783, 1.00000001776, 1.00000097942, 86.8235785254, 1.03943392256, 5.0399858338, 0.970784289859, 3.75208281779, 0.870000518764, 84.4144122317, 19.1687645656, 642.941995669, 1.07238605898
4.49594708871, 1.18892249628, 1.41516725311, 1.00000035926, 6.15881935048, 1.06039060309, 2.7188861532, 1.260000284, 1.00000000301, 5.36673942353, 7.74643734703, 1.01156243632, 3.93495367979, 1.11399869312, 1.03636260191, 1.55166177208, 1.12347357246, 1.01442549499, 5.95881256783, 1.00000001776, 1.00000097942, 86.8235785254, 1.03943392256, 5.0399858338, 0.970784289859, 3.75208281779, 0.870000518764, 84.4144122317, 19.1687645656, 642.941995669, 1.07238605898
4.49594708871, 1.18892249628, 1.41516725311, 1.00000035926, 6.15881935048, 1.06039060309, 2.7188861532, 1.260000284, 1.00000000301, 5.36673942353, 7.74643734703, 1.01156243632, 3.93495367979, 1.11399869312, 1.03636260191, 1.55166177208, 1.12347357246, 1.01442549499, 5.95881256783, 1.00000001776, 1.00000097942, 86.8235785254, 1.03943392256, 5.0399858338, 0.970784289859, 3.75208281779, 0.870000518764, 84.4144122317, 19.1687645656, 642.941995669, 1.07238605898
4.49594708871, 1.18892249628, 1.4151923914, 1.00000034794, 6.15881935048, 1.06203089352, 2.71639160646, 1.260000284, 1.0000000029, 6.15975181825, 7.74643734703, 1.01207708254, 3.93495367979, 1.06441274917, 1.03695978233, 1.55166177208, 1.12237867788, 0.993485620169, 7.16969307452, 1.000000018, 1.00000097942, 86.8235785254, 1.03943392256, 5.0399858338, 0.970784289859, 3.75208281779, 0.870000919881, 281.539067167, 13.7016296467, 148.37718234, 3.48525469169
4.49594708871, 1.18892249628, 1.4151923914, 1.00000034794, 6.15881935048, 1.06203089352, 2.71639160646, 1.260000284, 1.0000000029, 6.15975181825, 7.74643734703, 1.01207708254, 3.93495367979, 1.06441274917, 1.03695978233, 1.55166177208, 1.12237867788, 0.993485620169, 7.16969307452, 1.000000018, 1.00000097942, 86.8235785254, 1.03943392256, 5.0399858338, 0.970784289859, 3.75208281779, 0.870000919881, 281.539067167, 13.7016296467, 148.37718234, 3.48525469169
4.49594708871, 1.18892249628, 1.4151923914, 1.00000034794, 6.15881935048, 1.06203089352, 2.71639160646, 1.260000284, 1.0000000029, 6.15975181825, 7.74643734703, 1.01207708254, 3.93495367979, 1.06441274917, 1.03695978233, 1.55166177208, 1.12237867788, 0.993485620169, 7.16969307452, 1.000000018, 1.00000097942, 86.8235785254, 1.03943392256, 5.0399858338, 0.970784289859, 3.75208281779, 0.870000919881, 281.539067167, 13.7016296467, 148.37718234, 3.48525469169
4.49594708871, 1.18892249628, 1.4151923914, 1.00000034794, 6.15881935048, 1.06203089352, 2.71639160646, 1.260000284, 1.0000000029, 6.15975181825, 7.74643734703, 1.01207708254, 3.93495367979, 1.06441274917, 1.03695978233, 1.55166177208, 1.12237867788, 0.993485620169, 7.16969307452, 1.000000018, 1.00000097942, 86.8235785254, 1.03943392256, 5.0399858338, 0.970784289859, 3.75208281779, 0.870000919881, 281.539067167, 13.7016296467, 148.37718234, 3.48525469169
4.49594708871, 1.18892249628, 1.4151923914, 1.00000034794, 6.15881935048, 1.06203089352, 2.71639160646, 1.260000284, 1.0000000029, 6.15975181825, 7.74643734703, 1.01207708254, 3.93495367979, 1.06441274917, 1.03695978233, 1.55166177208, 1.12237867788, 0.993485620169, 7.16969307452, 1.000000018, 1.00000097942, 86.8235785254, 1.03943392256, 5.0399858338, 0.970784289859, 3.75208281779, 0.870000919881, 281.539067167, 13.7016296467, 148.37718234, 3.48525469169
4.49594708871, 1.18892249628, 1.4151923914, 1.00000034794, 6.15881935048, 1.06203089352, 2.71639160646, 1.260000284, 1.0000000029, 6.15975181825, 7.74643734703, 1.01207708254, 3.93495367979, 1.06441274917, 1.03695978233, 1.55166177208, 1.12237867788, 0.993485620169, 7.16969307452, 1.000000018, 1.00000097942, 86.8235785254, 1.03943392256, 5.0399858338, 0.970784289859, 3.75208281779, 0.870000919881, 281.539067167, 13.7016296467, 148.37718234, 3.48525469169
4.49594708871, 1.18892249628, 1.4151923914, 1.00000034794, 6.15881935048, 1.06203089352, 2.71639160646, 1.260000284, 1.0000000029, 6.15975181825, 7.74643734703, 1.01207708254, 3.93495367979, 1.06441274917, 1.03695978233, 1.55166177208, 1.12237867788, 0.993485620169, 7.16969307452, 1.000000018, 1.00000097942, 86.8235785254, 1.03943392256, 5.0399858338, 0.970784289859, 3.75208281779, 0.870000919881, 281.539067167, 13.7016296467, 148.37718234, 3.48525469169
4.49594708871, 1.18892249628, 1.4151923914, 1.00000034794, 6.15881935048, 1.06203089352, 2.71639160646, 1.260000284, 1.0000000029, 6.15975181825, 7.74643734703, 1.01207708254, 3.93495367979, 1.06441274917, 1.03695978233, 1.55166177208, 1.12237867788, 0.993485620169, 7.16969307452, 1.000000018, 1.00000097942, 86.8235785254, 1.03943392256, 5.0399858338, 0.970784289859, 3.75208281779, 0.870000919881, 281.539067167, 13.7016296467, 148.37718234, 3.48525469169
4.49594708871, 1.18892249628, 1.4151923914, 1.00000034794, 6.15881935048, 1.06203089352, 2.71639160646, 1.260000284, 1.0000000029, 6.15975181825, 7.74643734703, 1.01207708254, 3.93495367979, 1.06441274917, 1.03695978233, 1.55166177208, 1.12237867788, 0.993485620169, 7.16969307452, 1.000000018, 1.00000097942, 86.8235785254, 1.03943392256, 5.0399858338, 0.970784289859, 3.75208281779, 0.870000919881, 281.539067167, 13.7016296467, 148.37718234, 3.48525469169
4.49913537075, 1.18892249628, 1.41347481161, 1.00000065456, 6.15881935048, 1.06203089352, 2.71639160646, 1.260000284, 1.00000000299, 6.15975181825, 7.74643734703, 1.06413906045, 3.91304267205, 1.06441274917, 1.07538523129, 1.55116609242, 1.12237867788, 0.993485620169, 7.1736689113, 1.0000000065, 1.00000070382, 86.8235785254, 1.04938735957, 5.05072671038, 0.970784289859, 3.75208281779, 0.870000514424, 586.058526454, 20.4391059021, 864.986665178, 5.36193029491
5.12569587361, 1.19150852374, 1.41347918291, 1.00000085263, 6.15711245044, 1.1750143562, 2.77815366942, 1.26000032302, 1.00000000926, 6.19553613527, 6.02083600645, 1.06428935645, 3.95232748061, 1.06414406325, 1.075525909, 1.41857938295, 1.12239838154, 0.993445435028, 7.20192127186, 1.00000000633, 1.00000097961, 84.1661389625, 0.987369432881, 1.89976628987, 0.96383382921, 3.72326345049, 0.870000947909, 645.104168341, 21.684153635, 2029.97142767, 1.07238605898
5.12569587361, 1.19150852374, 1.41347918291, 1.00000085263, 6.15711245044, 1.1750143562, 2.77815366942, 1.26000032302, 1.00000000926, 6.19553613527, 6.02083600645, 1.06428935645, 3.95232748061, 1.06414406325, 1.075525909, 1.41857938295, 1.12239838154, 0.993445435028, 7.20192127186, 1.00000000633, 1.00000097961, 84.1661389625, 0.987369432881, 1.89976628987, 0.96383382921, 3.72326345049, 0.870000947909, 501.976023412, 34.6073386355, 1397.83393599, 1.87667560322
5.12569587361, 1.19150852374, 1.41347918291, 1.00000085263, 6.15711245044, 1.1750143562, 2.77815366942, 1.26000032302, 1.00000000926, 6.19553613527, 6.02083600645, 1.06428935645, 3.95232748061, 1.06414406325, 1.075525909, 1.41857938295, 1.12239838154, 0.993445435028, 7.20192127186, 1.00000000633, 1.00000097961, 84.1661389625, 0.987369432881, 1.89976628987, 0.96383382921, 3.72326345049, 0.870000947909, 501.976023412, 34.6073386355, 1397.83393599, 1.87667560322
5.12569587361, 1.19150852374, 1.41347918291, 1.00000085263, 6.15711245044, 1.1750143562, 2.77815366942, 1.26000032302, 1.00000000926, 6.19553613527, 6.02083600645, 1.06428935645, 3.95232748061, 1.06414406325, 1.075525909, 1.41857938295, 1.12239838154, 0.993445435028, 7.20192127186, 1.00000000633, 1.00000097961, 84.1661389625, 0.987369432881, 1.89976628987, 0.96383382921, 3.72326345049, 0.870000947909, 501.976023412, 34.6073386355, 1397.83393599, 1.87667560322
5.12569587361, 1.17342921294, 1.41347918291, 1.00000085253, 6.15711245044, 1.11893204987, 2.77815366942, 1.26000032302, 1.00000000926, 6.19553613527, 6.02083600645, 1.06428935645, 3.95030865342, 1.06414406325, 1.075525909, 1.41857938295, 1.12240313756, 0.993445435028, 5.99770826506, 1.00000000633, 1.00000098496, 84.1787721921, 0.987369432881, 1.91374276166, 0.96383382921, 3.72326345049, 0.870000947909, 755.140619908, 37.9246976263, 2042.8470647, 1.60857908847
5.12569587361, 1.17342921294, 1.41347918291, 1.00000085253, 6.15711245044, 1.11893204987, 2.77815366942, 1.26000032302, 1.00000000926, 6.19553613527, 6.02083600645, 1.06428935645, 3.95030865342, 1.06414406325, 1.075525909, 1.41857938295, 1.12240313756, 0.993445435028, 5.99770826506, 1.00000000633, 1.00000098496, 84.1787721921, 0.987369432881, 1.91374276166, 0.96383382921, 3.72326345049, 0.870000947909, 755.140619908, 37.9246976263, 2042.8470647, 1.60857908847
5.12569587361, 1.19150852374, 1.41347918291, 1.00000085029, 6.15711245044, 1.05995956212, 2.77815366942, 1.26000028442, 1.00000000297, 6.19553613527, 6.02083600645, 1.06428935645, 3.93474790563, 1.06414406325, 1.03431763287, 1.41857938295, 1.12239838154, 0.993445435028, 7.20192127186, 1.00000001773, 1.00000097961, 84.1661389625, 0.994052977622, 1.90054924729, 0.96383382921, 3.75146962824, 0.870000908721, 41.5568610637, 15.9266678451, 382.617874622, 0.536193029491
5.12569587361, 1.19150852374, 1.41347918291, 1.00000085029, 6.15711245044, 1.05995956212, 2.77815366942, 1.26000028442, 1.00000000297, 6.19553613527, 6.02083600645, 1.06428935645, 3.93474790563, 1.06414406325, 1.03431763287, 1.41857938295, 1.12239838154, 0.993445435028, 7.20192127186, 1.00000001773, 1.00000097961, 84.1661389625, 0.994052977622, 1.90054924729, 0.96383382921, 3.75146962824, 0.870000908721, 41.5568610637, 15.9266678451, 382.617874622, 0.536193029491
5.12569587361, 1.19150852374, 1.41347918291, 1.00000085029, 6.15711245044, 1.05995956212, 2.77815366942, 1.26000028442, 1.00000000297, 6.19553613527, 6.02083600645, 1.06428935645, 3.93474790563, 1.06414406325, 1.03431763287, 1.41857938295, 1.12239838154, 0.993445435028, 7.20192127186, 1.00000001773, 1.00000097961, 84.1661389625, 0.994052977622, 1.90054924729, 0.96383382921, 3.75146962824, 0.870000908721, 41.5568610637, 15.9266678451, 382.617874622, 0.536193029491
5.12569587361, 1.19150852374, 1.41347918291, 1.00000085029, 6.15711245044, 1.05995956212, 2.77815366942, 1.26000028442, 1.00000000297, 6.19553613527, 6.02083600645, 1.06428935645, 3.93474790563, 1.06414406325, 1.03431763287, 1.41857938295, 1.12239838154, 0.993445435028, 7.20192127186, 1.00000001773, 1.00000097961, 84.1661389625, 0.994052977622, 1.90054924729, 0.96383382921, 3.75146962824, 0.870000908721, 41.5568610637, 15.9266678451, 382.617874622, 0.536193029491
5.12569587361, 1.19150852374, 1.41347918291, 1.00000085029, 6.15711245044, 1.05995956212, 2.77815366942, 1.26000028442, 1.00000000297, 6.19553613527, 6.02083600645, 1.06428935645, 3.93474790563, 1.06414406325, 1.03431763287, 1.41857938295, 1.12239838154, 0.993445435028, 7.20192127186, 1.00000001773, 1.00000097961, 84.1661389625, 0.994052977622, 1.90054924729, 0.96383382921, 3.75146962824, 0.870000908721, 41.5568610637, 15.9266678451, 382.617874622, 0.536193029491
5.12569587361, 1.19150852374, 1.41347918291, 1.00000085029, 6.15711245044, 1.05995956212, 2.77815366942, 1.26000028442, 1.00000000297, 6.19553613527, 6.02083600645, 1.06428935645, 3.93474790563, 1.06414406325, 1.03431763287, 1.41857938295, 1.12239838154, 0.993445435028, 7.20192127186, 1.00000001773, 1.00000097961, 84.1661389625, 0.994052977622, 1.90054924729, 0.96383382921, 3.75146962824, 0.870000908721, 41.5568610637, 15.9266678451, 382.617874622, 0.536193029491
5.12569587361, 1.19150852374, 1.41347918291, 1.00000085029, 6.15711245044, 1.05995956212, 2.77815366942, 1.26000028442, 1.00000000297, 6.19553613527, 6.02083600645, 1.06428935645, 3.93474790563, 1.06414406325, 1.03431763287, 1.41857938295, 1.12239838154, 0.993445435028, 7.20192127186, 1.00000001773, 1.00000097961, 84.1661389625, 0.994052977622, 1.90054924729, 0.96383382921, 3.75146962824, 0.870000908721, 41.5568610637, 15.9266678451, 382.617874622, 0.536193029491
5.12569587361, 1.19150852374, 1.41347918291, 1.00000085029, 6.15711245044, 1.05995956212, 2.77815366942, 1.26000028442, 1.00000000297, 6.19553613527, 6.02083600645, 1.06428935645, 3.93474790563, 1.06414406325, 1.03431763287, 1.41857938295, 1.12239838154, 0.993445435028, 7.20192127186, 1.00000001773, 1.00000097961, 84.1661389625, 0.994052977622, 1.90054924729, 0.96383382921, 3.75146962824, 0.870000908721, 41.5568610637, 15.9266678451, 382.617874622, 0.536193029491
5.12569587361, 1.19150852374, 1.41347918291, 1.00000085029, 6.15711245044, 1.05995956212, 2.77815366942, 1.26000028442, 1.00000000297, 6.19553613527, 6.02083600645, 1.06428935645, 3.93474790563, 1.06414406325, 1.03431763287, 1.41857938295, 1.12239838154, 0.993445435028, 7.20192127186, 1.00000001773, 1.00000097961, 84.1661389625, 0.994052977622, 1.90054924729, 0.96383382921, 3.75146962824, 0.870000908721, 41.5568610637, 15.9266678451, 382.617874622, 0.536193029491
5.12569587361, 1.19150852374, 1.41347918291, 1.00000085029, 6.15711245044, 1.05995956212, 2.77815366942, 1.26000028442, 1.00000000297, 6.19553613527, 6.02083600645, 1.06428935645, 3.93474790563, 1.06414406325, 1.03431763287, 1.41857938295, 1.12239838154, 0.993445435028, 7.20192127186, 1.00000001773, 1.00000097961, 84.1661389625, 0.994052977622, 1.90054924729, 0.96383382921, 3.75146962824, 0.870000908721, 41.5568610637, 15.9266678451, 382.617874622, 0.536193029491
5.12569587361, 1.19150852374, 1.41347918291, 1.00000085029, 6.15711245044, 1.05995956212, 2.77815366942, 1.26000028442, 1.00000000297, 6.19553613527, 6.02083600645, 1.06428935645, 3.93474790563, 1.06414406325, 1.03431763287, 1.41857938295, 1.12239838154, 0.993445435028, 7.20192127186, 1.00000001773, 1.00000097961, 84.1661389625, 0.994052977622, 1.90054924729, 0.96383382921, 3.75146962824, 0.870000908721, 41.5568610637, 15.9266678451, 382.617874622, 0.536193029491
5.12569587361, 1.19150852374, 1.41347918291, 1.00000085029, 6.15711245044, 1.05995956212, 2.77815366942, 1.26000028442, 1.00000000297, 6.19553613527, 6.02083600645, 1.06428935645, 3.93474790563, 1.06414406325, 1.03431763287, 1.41857938295, 1.12239838154, 0.993445435028, 7.20192127186, 1.00000001773, 1.00000097961, 84.1661389625, 0.994052977622, 1.90054924729, 0.96383382921, 3.75146962824, 0.870000908721, 41.5568610637, 15.9266678451, 382.617874622, 0.536193029491
5.12569587361, 1.19150852374, 1.41347918291, 1.00000085029, 6.15711245044, 1.05995956212, 2.77815366942, 1.26000028442, 1.00000000297, 6.19553613527, 6.02083600645, 1.06428935645, 3.93474790563, 1.06414406325, 1.03431763287, 1.41857938295, 1.12239838154, 0.993445435028, 7.20192127186, 1.00000001773, 1.00000097961, 84.1661389625, 0.994052977622, 1.90054924729, 0.96383382921, 3.75146962824, 0.870000908721, 41.5568610637, 15.9266678451, 382.617874622, 0.536193029491
5.12569587361, 1.19150852374, 1.41347918291, 1.00000085029, 6.15711245044, 1.05995956212, 2.77815366942, 1.26000028442, 1.00000000297, 6.19553613527, 6.02083600645, 1.06428935645, 3.93474790563, 1.06414406325, 1.03431763287, 1.41857938295, 1.12239838154, 0.993445435028, 7.20192127186, 1.00000001773, 1.00000097961, 84.1661389625, 0.994052977622, 1.90054924729, 0.96383382921, 3.75146962824, 0.870000908721, 41.5568610637, 15.9266678451, 382.617874622, 0.536193029491
5.12569587361, 1.19150852374, 1.41347918291, 1.00000085029, 6.15711245044, 1.05995956212, 2.77815366942, 1.26000028442, 1.00000000297, 6.19553613527, 6.02083600645, 1.06428935645, 3.93474790563, 1.06414406325, 1.03431763287, 1.41857938295, 1.12239838154, 0.993445435028, 7.20192127186, 1.00000001773, 1.00000097961, 84.1661389625, 0.994052977622, 1.90054924729, 0.96383382921, 3.75146962824, 0.870000908721, 41.5568610637, 15.9266678451, 382.617874622, 0.536193029491
5.12569587361, 1.19150852374, 1.41347918291, 1.00000085029, 6.15711245044, 1.05995956212, 2.77815366942, 1.26000028442, 1.00000000297, 6.19553613527, 6.02083600645, 1.06428935645, 3.93474790563, 1.06414406325, 1.03431763287, 1.41857938295, 1.12239838154, 0.993445435028, 7.20192127186, 1.00000001773, 1.00000097961, 84.1661389625, 0.994052977622, 1.90054924729, 0.96383382921, 3.75146962824, 0.870000908721, 41.5568610637, 15.9266678451, 382.617874622, 0.536193029491
5.12569587361, 1.19150852374, 1.41347918291, 1.00000085029, 6.15711245044, 1.05995956212, 2.77815366942, 1.26000028442, 1.00000000297, 6.19553613527, 6.02083600645, 1.06428935645, 3.93474790563, 1.06414406325, 1.03431763287, 1.41857938295, 1.12239838154, 0.993445435028, 7.20192127186, 1.00000001773, 1.00000097961, 84.1661389625, 0.994052977622, 1.90054924729, 0.96383382921, 3.75146962824, 0.870000908721, 41.5568610637, 15.9266678451, 382.617874622, 0.536193029491
5.12569587361, 1.19150852374, 1.41347918291, 1.00000085029, 6.15711245044, 1.05995956212, 2.77815366942, 1.26000028442, 1.00000000297, 6.19553613527, 6.02083600645, 1.06428935645, 3.93474790563, 1.06414406325, 1.03431763287, 1.41857938295, 1.12239838154, 0.993445435028, 7.20192127186, 1.00000001773, 1.00000097961, 84.1661389625, 0.994052977622, 1.90054924729, 0.96383382921, 3.75146962824, 0.870000908721, 41.5568610637, 15.9266678451, 382.617874622, 0.536193029491
5.12569587361, 1.19150852374, 1.41347918291, 1.00000085029, 6.15711245044, 1.05995956212, 2.77815366942, 1.26000028442, 1.00000000297, 6.19553613527, 6.02083600645, 1.06428935645, 3.93474790563, 1.06414406325, 1.03431763287, 1.41857938295, 1.12239838154, 0.993445435028, 7.20192127186, 1.00000001773, 1.00000097961, 84.1661389625, 0.994052977622, 1.90054924729, 0.96383382921, 3.75146962824, 0.870000908721, 41.5568610637, 15.9266678451, 382.617874622, 0.536193029491
