0.540094261726, 0.821255280137, 81.3827566457, 0.581303806806, 27.666960594, 40.5360732682, 0.500121858331, 4.0745621116, 1.97067272788, 1089.1796846, 0.443289920239, 0.222222222222
0.646259813382, 0.823218063264, 84.8125084467, 0.566621281573, 62.4239955291, 14.8899638375, 0.155132707941, 2.62623102634, 1.04603696161, 1116.10923394, 0.0, 0.0
0.683706238358, 0.823218063264, 83.3611867886, 0.566621281573, 97.1088844097, 17.7152575074, 0.690786736703, 4.97922433092, 3.58440700743, 1057.34084594, 0.531776103452, 0.6875
0.683706238358, 0.823218063264, 82.517258874, 0.644195241177, 92.2217147465, 17.7152575074, 0.295285411126, 2.51660499756, 1.05291669695, 1335.9032561, 0.238431760397, 0.709677419355
0.428654806514, 0.820352962469, 93.429437849, 0.644195241177, 92.2217147465, 1.10335401366, 0.295285411126, 4.77330017481, 10.0626384805, 1337.49170031, 0.0207237652243, 0.0
0.132399648146, 0.896010159044, 89.8914050189, 0.624499586595, 51.4497907754, 4.0996840811, 0.996886744442, 0.657703494782, 1.83437194654, 3439.83158029, 0.0102669118962, 0.166666666667
0.683706238358, 0.823218063264, 82.517258874, 0.644195241177, 92.2217147465, 17.7152575074, 0.295285411126, 2.51660499756, 1.05291669695, 3484.41008518, 0.0, 0.0
0.299713385831, 0.823218063264, 91.7618057722, 0.459703313893, 45.412375062, 1.01636933439, 0.623752753256, 3.40665915685, 9.85226260569, 2541.34087771, 0.0103849104715, 0.0
0.428654806514, 0.820352962469, 93.4940076934, 0.644195241177, 92.2217147465, 1.10335401366, 0.604372395997, 0.515434070045, 10.0626384805, 1787.54712029, 0.0123154350321, 0.0
0.778199449556, 0.83045849452, 92.0568709956, 0.437168953944, 61.8269896726, 33.3876284296, 0.132644138838, 3.89185681265, 3.82273482344, 1321.50551807, 0.662467214543, 0.533333333333
0.109703909413, 1.15700826995, 93.9320822706, 0.6826315072, 51.4497907754, 1.34446361796, 0.295285411126, 0.309723099393, 11.0259400842, 11596.2916235, 0.00838284058955, 0.0833333333333
0.437552510532, 0.896010159044, 85.1155239982, 0.558968696392, 77.1766584921, 1.34446361796, 0.996886744442, 2.93636681436, 1.83437194654, 3560.45496091, 0.0101351292471, 0.1
0.109703909413, 1.15700826995, 93.9320822706, 0.6826315072, 27.666960594, 8.38363504452, 0.295285411126, 0.309723099393, 11.0259400842, 11803.0166864, 0.0114508552315, 0.0
0.132399648146, 0.896010159044, 89.8914050189, 0.624499586595, 90.1637522823, 17.7152575074, 0.996886744442, 0.538341958417, 1.05291669695, 3762.26029944, 0.0121458159945, 0.0
0.467148467571, 0.823218063264, 81.3615618546, 0.566621281573, 97.1088844097, 17.7152575074, 0.690786736703, 2.51660499756, 3.58440700743, 1378.31761502, 0.352094753096, 0.652173913043
0.437552510532, 0.86377148351, 80.6519192514, 0.47675568435, 20.8477128558, 19.3903479859, 0.393773125011, 2.83816079481, 7.50848381589, 1380.55561371, 0.364638867907, 0.0
0.299713385831, 0.831369104223, 91.7618057722, 0.459703313893, 45.412375062, 4.0996840811, 0.623752753256, 3.40665915685, 1.97067272788, 1660.25606116, 0.0453581191937, 0.181818181818
0.664374869861, 0.892065426164, 93.4997438312, 0.684807452839, 91.2951684394, 9.62569794562, 0.287831842589, 4.81059611159, 6.10162393473, 1397.07024734, 0.245103892315, 0.0
0.221405219405, 0.86377148351, 80.0041637791, 0.47675568435, 87.4070976218, 10.6071273584, 0.393773125011, 2.83816079481, 4.99761757064, 1614.68423503, 0.166210398984, 0.0
0.221405219405, 0.86377148351, 91.7618057722, 0.550800684541, 59.2530682829, 10.6071273584, 0.393773125011, 2.83816079481, 7.50848381589, 1721.92533612, 0.134977515405, 0.0
0.299713385831, 0.831369104223, 91.7618057722, 0.459703313893, 45.412375062, 4.0996840811, 0.623752753256, 3.40665915685, 9.85226260569, 1490.33997862, 0.0745826128857, 0.0833333333333
0.428654806514, 0.823218063264, 93.429437849, 0.644195241177, 92.2217147465, 1.10335401366, 0.295285411126, 2.51660499756, 10.0626384805, 1539.63685163, 0.028994487595, 0.416666666667
0.428654806514, 0.823190334632, 81.4666201236, 0.644195241177, 92.2217147465, 1.10335401366, 0.295285411126, 4.96611499515, 10.0626384805, 1407.8609189, 0.0384534053704, 0.388888888889
0.683706238358, 0.823218063264, 83.3611867886, 0.566621281573, 97.1088844097, 17.7152575074, 0.690786736703, 4.97922433092, 3.58440700743, 1473.38724397, 0.285211707884, 0.0625
0.683706238358, 0.823218063264, 84.7303463793, 0.566621281573, 92.2217147465, 17.7152575074, 0.690786736703, 2.51660499756, 1.05291669695, 1428.37736099, 0.225835130872, 0.655172413793
0.132399648146, 0.896010159044, 93.4997438312, 0.624499586595, 51.4497907754, 9.62569794562, 0.996886744442, 1.18013312347, 1.83437194654, 1499.60377172, 0.063093014634, 0.727272727273
0.437552510532, 0.896010159044, 85.1155239982, 0.558968696392, 51.4497907754, 1.34446361796, 0.996886744442, 2.93636681436, 1.83437194654, 2879.66467168, 0.0168695212592, 0.666666666667
0.299713385831, 0.831369104223, 84.9748526884, 0.459703313893, 45.412375062, 1.01636933439, 1.69371724094, 3.40665915685, 1.83437194654, 2658.13192004, 0.0206168098402, 0.328358208955
0.53632862077, 0.873742027361, 88.1711157293, 0.609996637978, 41.2812751915, 1.00646025567, 0.516183411261, 1.34356474656, 15.8805434383, 3037.62642386, 0.0204556260213, 0.0
0.778199449556, 0.820352962469, 92.0568709956, 0.566621281573, 61.8269896726, 33.3876284296, 0.55216796268, 3.89185681265, 3.82273482344, 1502.76650298, 0.423213437859, 0.0
0.749041331844, 0.873742027361, 88.1711157293, 0.644195241177, 92.2217147465, 1.10335401366, 0.295285411126, 4.77330017481, 10.0626384805, 1755.37808785, 0.0640645436357, 0.333333333333
0.776165166286, 0.836954711973, 88.6896883686, 0.502334695483, 74.28865621, 48.8236940216, 0.326424771594, 1.78107606163, 12.7439388049, 1562.81735415, 0.707363594904, 0.0
0.147593182774, 0.822550800543, 80.9206838958, 0.453118134208, 81.5411994198, 9.62569794562, 0.220016910843, 1.30499154738, 2.62730491586, 1612.26838554, 0.0727630214486, 0.461538461538
0.540094261726, 0.821255280137, 81.3827566457, 0.581303806806, 27.666960594, 3.63168791923, 0.500121858331, 4.0745621116, 1.04603696161, 1715.77308411, 0.132216247643, 0.358974358974
0.299713385831, 0.831369104223, 91.7618057722, 0.459703313893, 45.412375062, 4.0996840811, 0.623752753256, 3.40665915685, 9.85226260569, 1963.58447621, 0.0475167280383, 0.0
0.53632862077, 0.873742027361, 88.1711157293, 0.609996637978, 47.1183270633, 1.01636933439, 0.516183411261, 3.44623092935, 15.8805434383, 2416.04806311, 0.0275685772308, 0.0
0.311079364139, 0.831369104223, 91.8761153888, 0.459703313893, 64.5745918389, 4.0996840811, 0.623752753256, 1.01825732284, 12.0775331811, 1863.86030165, 0.0660287187895, 0.0
0.122594063934, 0.923560313144, 86.2760731365, 0.491239734746, 64.5745918389, 5.24859248882, 0.00804725038431, 2.0381817594, 19.5333836601, 2390.3166473, 0.0436274400339, 0.307692307692
0.683706238358, 0.823218063264, 82.517258874, 0.671456999505, 92.2217147465, 4.0996840811, 0.295285411126, 2.51660499756, 1.83437194654, 2412.13915177, 0.0391769838674, 0.0
0.167281803432, 0.99604679136, 83.2392213152, 0.558968696392, 51.4497907754, 1.34446361796, 0.996886744442, 2.93636681436, 9.85226260569, 4108.05712063, 0.0142443447313, 0.0
0.299713385831, 0.831369104223, 91.7618057722, 0.459703313893, 45.412375062, 1.01636933439, 0.623752753256, 3.40665915685, 9.85226260569, 3627.12156119, 0.0134979533019, 0.470588235294
0.683706238358, 0.823218063264, 91.7618057722, 0.437621094774, 64.5745918389, 17.7152575074, 0.935704017663, 2.51660499756, 3.58440700743, 1591.70175588, 0.403413836126, 0.142857142857
0.214563737168, 1.03814775354, 88.0182496295, 0.609996637978, 0.897905886199, 3.85674162019, 0.605115716506, 1.45220158395, 4.42103086291, 6904.89540463, 0.0168731645248, 0.0
0.540094261726, 0.821255280137, 80.726835516, 0.581303806806, 27.666960594, 40.5360732682, 0.500121858331, 4.0745621116, 1.97067272788, 1775.68776683, 0.441194676613, 0.0
0.109703909413, 1.15700826995, 86.6499470137, 0.6826315072, 77.1766584921, 8.38363504452, 0.295285411126, 0.309723099393, 11.0259400842, 9806.85192363, 0.0183421714557, 0.0
0.437552510532, 0.86377148351, 80.6519192514, 0.47675568435, 49.8571941772, 4.0996840811, 0.393773125011, 3.40665915685, 1.97067272788, 1641.86141586, 0.145745421794, 0.576923076923
0.683706238358, 0.823218063264, 82.517258874, 0.644195241177, 92.2217147465, 17.7152575074, 0.295285411126, 2.51660499756, 1.00988538137, 1652.31093548, 0.377985440926, 0.28125
0.467148467571, 0.853712256665, 81.3615618546, 0.566621281573, 97.1088844097, 17.7152575074, 0.500121858331, 2.51660499756, 9.85226260569, 1519.9964842, 0.366863533334, 0.5625
0.109703909413, 1.15700826995, 86.6499470137, 0.695693340016, 10.7394164768, 8.38363504452, 0.295285411126, 0.309723099393, 18.1707685893, 13747.0315016, 0.0192041613983, 0.0
0.790501757243, 0.873742027361, 88.1711157293, 0.609996637978, 41.2812751915, 3.2176680206, 0.605115716506, 1.09061159852, 4.1135757256, 1601.63747544, 0.24885013055, 0.619047619048
0.664374869861, 0.892065426164, 93.4997438312, 0.684807452839, 91.2951684394, 9.62569794562, 0.516183411261, 4.81059611159, 17.6803759705, 2578.5991991, 0.0216910111713, 0.0
0.167281803432, 0.99604679136, 85.1155239982, 0.558968696392, 51.4497907754, 1.34446361796, 0.996886744442, 2.93636681436, 1.83437194654, 5887.62632727, 0.0160760996963, 0.214285714286
0.109703909413, 1.15700826995, 93.9320822706, 0.6826315072, 51.4497907754, 1.34446361796, 0.295285411126, 0.309723099393, 9.85226260569, 13583.8597393, 0.0185124984788, 0.111111111111
0.828414879315, 0.821255280137, 81.3827566457, 0.581303806806, 48.4392554614, 22.3345691197, 0.500121858331, 1.09061159852, 2.62730491586, 1740.67349127, 0.206936396269, 0.3125
0.828414879315, 0.820758498487, 81.3827566457, 0.581303806806, 48.4392554614, 22.3345691197, 0.500121858331, 1.09061159852, 2.62730491586, 1632.17576997, 0.602148705653, 0.375
0.299713385831, 0.831369104223, 91.7618057722, 0.459703313893, 45.412375062, 19.3903479859, 0.623752753256, 2.83816079481, 7.50848381589, 1857.85207224, 0.180729689551, 0.0
0.683706238358, 0.823218063264, 82.517258874, 0.644195241177, 92.2217147465, 17.7152575074, 0.295285411126, 2.51660499756, 1.05291669695, 1716.67822878, 0.0996239475618, 0.785714285714
0.53632862077, 0.870504789139, 90.496439367, 0.609996637978, 41.2812751915, 1.60154261318, 0.605115716506, 1.09061159852, 8.09183249432, 2910.65625892, 0.0271586977687, 0.0
0.878194751138, 0.896136828781, 87.7977675881, 0.573167184815, 92.8893983686, 19.1794970179, 0.932382895485, 3.89205302089, 13.535168313, 1588.22496384, 0.561755098582, 0.538461538462
0.683706238358, 0.823218063264, 91.7618057722, 0.566621281573, 64.5745918389, 17.7152575074, 0.935704017663, 2.51660499756, 3.58440700743, 1978.87245326, 0.0816446890303, 0.0
0.147593182774, 0.822550800543, 80.9206838958, 0.453118134208, 81.5411994198, 9.62569794562, 0.0858819759233, 1.30499154738, 2.62730491586, 2005.02590751, 0.07906319452, 0.0
0.778199449556, 0.820352962469, 89.1567226819, 0.644195241177, 77.1766584921, 6.44046241126, 0.295285411126, 2.62623102634, 10.0626384805, 1646.89954934, 0.280366500406, 0.555555555556
0.683706238358, 0.823218063264, 84.7303463793, 0.566621281573, 77.1766584921, 6.44046241126, 0.690786736703, 2.51660499756, 1.05291669695, 1651.99808287, 0.245429764451, 0.666666666667
0.428654806514, 0.820352962469, 93.4940076934, 0.644195241177, 92.2217147465, 1.10335401366, 0.604372395997, 4.77330017481, 10.0626384805, 2293.40817159, 0.0465820874356, 0.4375
0.683706238358, 0.820352962469, 81.256166439, 0.644195241177, 92.2217147465, 17.7152575074, 0.295285411126, 4.89245712436, 1.05291669695, 1813.3880594, 0.061661707916, 0.666666666667
0.778199449556, 0.820352962469, 92.0568709956, 0.437621094774, 61.8269896726, 33.3876284296, 0.55216796268, 3.89185681265, 3.82273482344, 1786.9747783, 0.39861241799, 0.222222222222
0.789986235786, 0.853712256665, 81.4666201236, 0.558968696392, 51.4497907754, 35.7807204452, 0.994638570899, 2.70308821667, 15.7547405575, 1806.39043784, 0.778742317308, 0.0
0.53632862077, 0.870504789139, 88.1711157293, 0.609996637978, 48.4392554614, 3.2176680206, 0.605115716506, 1.09061159852, 15.8805434383, 2471.82967766, 0.0491961281682, 0.0
0.132399648146, 0.896010159044, 93.4997438312, 0.624499586595, 51.4497907754, 9.62569794562, 0.996886744442, 1.18013312347, 1.83437194654, 2696.30744386, 0.0308310102175, 0.0
0.428654806514, 0.820352962469, 93.429437849, 0.644195241177, 92.2217147465, 1.10335401366, 0.295285411126, 4.77330017481, 10.0626384805, 2015.87365782, 0.0738256786915, 0.25
0.646259813382, 0.821255280137, 81.3827566457, 0.581303806806, 59.1476052558, 40.5360732682, 0.500121858331, 4.0745621116, 1.97067272788, 1701.50458191, 0.269223874552, 0.461538461538
0.850225923917, 0.872752662239, 87.9730902307, 0.578679815779, 99.9105148655, 33.6030155994, 0.700811511365, 0.201616347878, 18.8403785384, 1859.09678446, 0.674999914772, 0.0
0.582131932403, 0.820352962469, 93.429437849, 0.609996637978, 47.1183270633, 1.01636933439, 0.516183411261, 1.16554501949, 15.8805434383, 2167.39498797, 0.0564247552491, 0.551724137931
0.540094261726, 0.823218063264, 84.8125084467, 0.566621281573, 62.4239955291, 14.8899638375, 0.155132707941, 2.62623102634, 1.04603696161, 1896.54651782, 0.250333771169, 0.0
0.53632862077, 0.873742027361, 88.1711157293, 0.609996637978, 47.1183270633, 1.01636933439, 0.516183411261, 3.17083224779, 1.97067272788, 2197.27394811, 0.0610604816241, 0.6
0.664374869861, 0.892065426164, 89.8914050189, 0.684807452839, 91.2951684394, 4.0996840811, 0.287831842589, 4.81059611159, 6.10162393473, 2660.68766955, 0.0401484357586, 0.0
0.683706238358, 0.823218063264, 91.7618057722, 0.437621094774, 64.5745918389, 17.7152575074, 0.935704017663, 2.51660499756, 3.58440700743, 1902.05287044, 0.328171049538, 0.0
0.467148467571, 0.853712256665, 81.3615618546, 0.566621281573, 97.2584680409, 17.7152575074, 0.500121858331, 2.51660499756, 9.85226260569, 1663.13516657, 0.431509430426, 0.416666666667
0.540094261726, 0.891952664458, 81.3827566457, 0.581303806806, 27.666960594, 12.8452555262, 0.500121858331, 4.0745621116, 1.97067272788, 1793.43177834, 0.279120196031, 0.3
0.128870758343, 0.822550800543, 80.9206838958, 0.453118134208, 81.5411994198, 9.62569794562, 0.0567277806828, 1.03930959458, 2.62730491586, 2102.87163552, 0.0784578245925, 0.230769230769
0.218329051659, 1.04428709899, 83.3768635247, 0.694382200891, 68.3610544677, 1.45063389081, 0.0475991738963, 1.65504945727, 15.8805434383, 7389.10687254, 0.0210231629477, 0.272727272727
0.218329051659, 1.04428709899, 83.3768635247, 0.694382200891, 68.3610544677, 4.07406977515, 0.0638422857219, 4.13883050564, 8.09183249432, 4887.84573915, 0.0250063142625, 0.0
0.128520417321, 0.897702650066, 91.1048614928, 0.550800684541, 5.45842980989, 17.7454091698, 0.948629878956, 1.92637555509, 4.99761757064, 2067.32139393, 0.142999804372, 0.0
0.221405219405, 0.86377148351, 80.0041637791, 0.47675568435, 59.2530682829, 10.6071273584, 0.393773125011, 2.83816079481, 7.50848381589, 2235.02141995, 0.140085774827, 0.0
0.880945768272, 0.820092439288, 86.6499470137, 0.6826315072, 77.1766584921, 14.0049904477, 0.254356326269, 1.65504945727, 12.6137750741, 2051.5027237, 0.15987840944, 0.0
0.423051494333, 0.83045849452, 92.0568709956, 0.437621094774, 61.8269896726, 33.3876284296, 0.132644138838, 3.89185681265, 3.82273482344, 1854.57658454, 0.371097491231, 0.25
0.218329051659, 1.04428709899, 83.3768635247, 0.694382200891, 97.1410458971, 1.45063389081, 0.0638422857219, 2.62623102634, 8.09183249432, 7678.91674361, 0.0229867837443, 0.0
0.53632862077, 0.870504789139, 88.1711157293, 0.609996637978, 41.2812751915, 3.2176680206, 0.605115716506, 1.09061159852, 15.8805434383, 2234.59085228, 0.107988201605, 0.166666666667
0.299713385831, 0.918068586717, 91.7618057722, 0.459703313893, 45.412375062, 1.01636933439, 0.623752753256, 3.40665915685, 11.0259400842, 3449.27426494, 0.0281574294417, 0.291666666667
0.828414879315, 0.821255280137, 81.3827566457, 0.581303806806, 48.4392554614, 22.3345691197, 0.500121858331, 1.09061159852, 2.62730491586, 1813.63585318, 0.427987677457, 0.214285714286
0.432239787379, 0.823218063264, 88.92637381, 0.605950590168, 6.51130197583, 3.85674162019, 0.0616574173429, 2.51660499756, 4.42103086291, 2065.12176029, 0.0778338274167, 0.333333333333
0.122594063934, 0.831369104223, 86.2760731365, 0.491239734746, 77.3065634326, 5.24859248882, 0.00804725038431, 4.77767255338, 12.0775331811, 1918.70976803, 0.080535734751, 0.533333333333
0.432239787379, 0.823218063264, 88.92637381, 0.605950590168, 6.51130197583, 2.50260958035, 0.0616574173429, 2.51660499756, 4.42103086291, 1927.82313688, 0.124996793202, 0.470588235294
0.683706238358, 0.823218063264, 94.3707340966, 0.566621281573, 92.2217147465, 17.7152575074, 0.690786736703, 4.34298212656, 1.05291669695, 2437.53128133, 0.113532466513, 0.0
0.311079364139, 0.831369104223, 91.8761153888, 0.459703313893, 64.5745918389, 4.0996840811, 0.623752753256, 1.01825732284, 12.0775331811, 2584.44413292, 0.059212617802, 0.0
0.778199449556, 0.820352962469, 89.1567226819, 0.566621281573, 77.1766584921, 6.44046241126, 0.55216796268, 2.62623102634, 10.0626384805, 2041.93288719, 0.183869905058, 0.0
0.81982837527, 0.831369104223, 80.0041637791, 0.481359653084, 64.5745918389, 5.97048627486, 0.406637766296, 3.40665915685, 5.18675501801, 1756.98239915, 0.332612234147, 0.590909090909
0.128870758343, 0.903206303336, 80.9206838958, 0.633559298029, 81.5411994198, 5.91831134032, 1.49105256703, 1.03930959458, 1.99803839588, 3711.98388846, 0.0386399528526, 0.0
0.53632862077, 0.873742027361, 88.1711157293, 0.609996637978, 47.1183270633, 1.01636933439, 0.516183411261, 1.16554501949, 15.8805434383, 2315.04157949, 0.0731595906018, 0.515151515152
0.619144936574, 0.820909481071, 94.4636258898, 0.689127599712, 6.00562445467, 3.84266433557, 1.82641771486, 1.30499154738, 2.47159210244, 2540.46345242, 0.0977799778829, 0.0
