0.532100852224, 0.822617844746, 2.71780609353, 0.308851824672, 36.7773965614, 44.5568191044, 2.84474803315, 0.0891543538694, 21.1631210467, 236.655582644, 0.532279965891, 0.0232558139535
0.704015557725, 0.93846408084, 2.1695032797, 0.449191297237, 12.8702814994, 44.5485916748, 2.18843398178, 0.501440453888, 23.0027738164, 293.225856177, 0.52323105174, 0.0
0.524204954045, 0.897845417497, 4.34017888593, 0.465365496799, 10.8894444441, 40.8550176356, 2.11641547321, 1.56565962009, 23.141374782, 456.872446639, 0.493661110198, 0.0
0.524204954045, 0.897845417497, 4.34017888593, 0.465365496799, 10.8894444441, 41.8365934814, 2.11641547321, 1.56565962009, 34.9105883942, 485.191552276, 0.407809056807, 0.402777777778
0.688080323059, 0.871651575364, 2.36996275227, 0.456781700012, 3.80611041323, 47.1277940917, 2.95206767533, 1.3570781949, 40.3718784911, 292.65469266, 0.449938494713, 0.40157480315
0.669396768319, 0.871651575364, 2.58489942674, 0.456781700012, 3.80611041323, 42.765761955, 2.80143671804, 1.3570781949, 40.3718784911, 354.176675106, 0.466892580824, 0.303921568627
0.562854034333, 1.01530113489, 2.5288081639, 0.239158531615, 6.12439677139, 42.4549393085, 3.67088089332, 1.26320305787, 23.2975641241, 397.838224095, 0.492859161287, 0.154347826087
0.562854034333, 1.01530113489, 2.12723865951, 0.239158531615, 47.2054228227, 49.3822296252, 3.55554607595, 1.26320305787, 20.8220610577, 373.289441945, 0.483252111276, 0.180878552972
0.576799106935, 1.1579413068, 2.15473461972, 0.437793588074, 11.7813168947, 43.5528497478, 3.35930213618, 1.54667145872, 30.8320286047, 413.711764406, 0.499183968325, 0.0192837465565
0.511752023619, 1.10233210263, 7.98043126855, 0.405742129239, 18.2229647191, 41.2137092088, 2.97408130481, 1.49495841166, 43.5445426119, 1518.28705626, 0.4440894302, 0.180124223602
0.562854034333, 1.01530113489, 2.5288081639, 0.239158531615, 49.9734879101, 42.765761955, 3.55554607595, 1.91299999298, 23.2975641241, 396.411168407, 0.440327341782, 0.390489913545
0.562854034333, 1.01530113489, 2.12723865951, 0.239158531615, 47.2054228227, 49.3822296252, 3.55554607595, 1.26320305787, 23.2975641241, 346.814736007, 0.482231071119, 0.393371757925
0.808158620987, 0.93846408084, 2.1695032797, 0.449191297237, 25.7260444767, 44.5485916748, 2.18843398178, 0.501440453888, 23.0027738164, 240.980748004, 0.58335180808, 0.0
0.849477927942, 0.909204686014, 2.23491582187, 0.309414156015, 18.7821443657, 47.4362806548, 2.61960724357, 1.96283195593, 20.2737191265, 235.919324619, 0.463213011638, 0.567251461988
0.580066816266, 0.878511261333, 3.15530100441, 0.417472022626, 23.026650865, 40.7633816342, 3.6142158181, 1.91299999298, 29.3069454905, 502.429847515, 0.453921615521, 0.0350877192982
0.576799106935, 0.849600807888, 4.20794953018, 0.391990376073, 13.2774042487, 43.7150357355, 2.84474803315, 1.75591208601, 30.8320286047, 444.014180386, 0.414631063222, 0.604651162791
0.849477927942, 0.909204686014, 2.23491582187, 0.391990376073, 17.8246142649, 47.4362806548, 2.61960724357, 1.96283195593, 20.2737191265, 249.634580768, 0.458805511531, 0.609826589595
0.511752023619, 1.22951563363, 6.86600650389, 0.303677948813, 34.1908199154, 41.8365934814, 3.75757876198, 1.49495841166, 34.9105883942, 2093.32243133, 0.423512057583, 0.349122807018
0.534530376842, 1.16948236978, 7.45393693199, 0.277082455804, 29.4742898106, 43.8155622858, 3.29866722626, 1.618608923, 28.9083956013, 1809.28021138, 0.389059610076, 0.599634369287
0.757335694564, 0.909204686014, 5.75684110963, 0.225637474561, 47.6327177451, 40.3833167729, 2.68055545338, 1.50399881865, 20.2737191265, 668.287762311, 0.407201185028, 0.563265306122
0.52224845, 1.04509915101, 2.46929259606, 0.373744014231, 29.9085668169, 41.2137092088, 2.97408130481, 1.63120149342, 43.5445426119, 424.192852529, 0.47538448906, 0.0578512396694
0.576799106935, 0.849600807888, 2.15473461972, 0.437793588074, 13.2774042487, 43.5528497478, 2.84175296354, 0.0122087077837, 30.8320286047, 241.291252049, 0.512642472314, 0.010101010101
0.511752023619, 1.25727187983, 6.86600650389, 0.233493766221, 34.1908199154, 41.8365934814, 3.75757876198, 1.49495841166, 34.7607680657, 2124.92067179, 0.40696534355, 0.559322033898
0.598924372659, 1.10233210263, 7.12268998079, 0.405742129239, 18.2229647191, 41.2137092088, 2.97408130481, 0.808754335817, 43.5445426119, 1488.08096178, 0.488868932566, 0.0
0.504430325033, 1.16948236978, 7.79584366885, 0.277082455804, 29.4742898106, 40.9374686576, 2.79500636909, 1.618608923, 28.9083956013, 1707.62879572, 0.39188498227, 0.674220963173
0.562854034333, 1.01530113489, 2.12723865951, 0.239158531615, 47.2054228227, 49.3822296252, 3.55554607595, 1.26320305787, 23.2975641241, 371.003115811, 0.482918139748, 0.209245742092
0.532100852224, 0.822617844746, 2.15473461972, 0.308851824672, 36.7773965614, 44.5568191044, 2.84474803315, 0.0891543538694, 30.8320286047, 208.386446557, 0.55756938162, 0.119658119658
0.576799106935, 0.849600807888, 2.01839365682, 0.264727211463, 7.32765807202, 49.0449539187, 2.9233776335, 1.26320305787, 30.8320286047, 253.504791764, 0.428196571846, 0.466321243523
0.576799106935, 0.849600807888, 4.20794953018, 0.391990376073, 13.2774042487, 43.5528497478, 2.83242348383, 0.0122087077837, 30.8320286047, 449.963370179, 0.49110553503, 0.048951048951
0.518142480857, 0.871651575364, 2.36996275227, 0.456781700012, 3.80611041323, 43.0165767773, 2.95206767533, 1.3570781949, 40.3718784911, 282.496409827, 0.523477021662, 0.0
0.688080323059, 0.871651575364, 3.53246913454, 0.456781700012, 3.80611041323, 42.765761955, 2.95206767533, 1.3570781949, 40.3718784911, 484.986050363, 0.493658344715, 0.0
0.505563399725, 0.871651575364, 3.53246913454, 0.456781700012, 15.9739831741, 42.765761955, 2.78588406552, 1.3570781949, 40.3718784911, 485.809371809, 0.431378109257, 0.281609195402
0.562854034333, 0.849600807888, 2.15473461972, 0.437793588074, 13.2774042487, 46.89476932, 2.84175296354, 0.0122087077837, 30.8320286047, 288.748318536, 0.52047335993, 0.00909090909091
0.52224845, 1.04509915101, 2.46929259606, 0.373744014231, 29.9085668169, 41.2137092088, 2.97408130481, 1.63120149342, 43.5445426119, 387.38390872, 0.454760898912, 0.236686390533
0.562854034333, 1.01530113489, 2.12723865951, 0.239158531615, 33.5148817927, 49.3822296252, 3.81217454845, 1.58411835434, 21.9258281258, 307.188537078, 0.510963287514, 0.357336956522
0.654916805407, 1.05783975019, 2.46929259606, 0.309787076759, 29.9085668169, 40.2318110918, 2.9407671248, 0.369823262173, 22.8246367013, 348.491696189, 0.493462986596, 0.143835616438
0.512172148304, 1.14141144762, 4.81086256437, 0.273718091022, 18.7137137406, 41.1740388783, 2.65133766311, 1.58411835434, 39.2534824766, 933.205713923, 0.42491943943, 0.434146341463
0.580066816266, 0.878511261333, 3.15530100441, 0.417472022626, 6.12439677139, 42.2835517049, 3.6142158181, 1.91299999298, 36.6445479709, 489.495370856, 0.408671154593, 0.562058526741
0.524204954045, 0.897845417497, 4.34017888593, 0.465365496799, 10.8894444441, 40.8550176356, 2.11641547321, 1.56565962009, 23.141374782, 565.461136516, 0.421911810234, 0.46192893401
0.504430325033, 1.16948236978, 7.79584366885, 0.277082455804, 29.4742898106, 43.8155622858, 2.79500636909, 1.618608923, 28.9083956013, 1345.0009102, 0.413786570654, 0.408866995074
0.562854034333, 1.01530113489, 2.12723865951, 0.239158531615, 47.2054228227, 49.3822296252, 3.55554607595, 1.26320305787, 23.2975641241, 325.933881874, 0.493151248036, 0.463529411765
0.688080323059, 0.871651575364, 2.36996275227, 0.456781700012, 3.80611041323, 47.1277940917, 2.95206767533, 1.3570781949, 40.3718784911, 253.168691419, 0.664398896639, 0.0
0.511752023619, 0.871651575364, 3.53246913454, 0.456781700012, 3.80611041323, 40.5395952472, 2.80143671804, 1.3570781949, 23.2975641241, 523.411614749, 0.455654020217, 0.103448275862
0.562854034333, 1.01530113489, 2.5288081639, 0.239158531615, 49.9734879101, 42.765761955, 3.30932265434, 1.91299999298, 23.2975641241, 461.634907717, 0.424350686731, 0.612266112266
0.520750784586, 1.01530113489, 2.5288081639, 0.266193532563, 49.9734879101, 42.4549393085, 3.55554607595, 1.26320305787, 23.2975641241, 460.459887189, 0.422393456887, 0.675605536332
0.511752023619, 1.22951563363, 6.86600650389, 0.233493766221, 45.1372722814, 41.8365934814, 3.80469699924, 1.49495841166, 34.9105883942, 2026.83420335, 0.406055774988, 0.659357870008
0.511752023619, 1.22951563363, 6.86600650389, 0.303677948813, 34.1908199154, 40.8550176356, 3.75757876198, 1.49495841166, 23.141374782, 2074.43983377, 0.407112087458, 0.642723880597
0.511752023619, 1.25727187983, 6.86600650389, 0.233493766221, 18.2229647191, 41.2137092088, 3.75757876198, 1.49495841166, 34.7607680657, 2015.21213058, 0.400677307956, 0.66847826087
0.580066816266, 0.878511261333, 3.15530100441, 0.417472022626, 23.026650865, 40.7633816342, 3.6142158181, 1.91299999298, 29.3069454905, 526.748152224, 0.476841043889, 0.0676923076923
0.562854034333, 1.01530113489, 2.5288081639, 0.266193532563, 49.9734879101, 42.4549393085, 3.55554607595, 1.26320305787, 23.2975641241, 444.460759082, 0.479615200205, 0.16957605985
0.808158620987, 0.93846408084, 2.1695032797, 0.449191297237, 38.4145680468, 47.9646385979, 2.18843398178, 0.501440453888, 23.0027738164, 247.224159208, 0.64665066434, 0.0185185185185
0.849477927942, 0.909204686014, 2.23491582187, 0.309414156015, 18.7821443657, 47.4362806548, 2.20597814414, 1.96283195593, 20.2737191265, 291.663124668, 0.516832943816, 0.41847826087
0.732109997224, 0.93846408084, 2.1695032797, 0.449191297237, 38.4145680468, 47.9393850366, 2.18843398178, 0.501440453888, 23.0027738164, 266.772173037, 0.622020923836, 0.0266666666667
0.808158620987, 0.93846408084, 2.15170664691, 0.449191297237, 25.7260444767, 44.5485916748, 2.18843398178, 0.501440453888, 23.0027738164, 278.250659527, 0.588749728981, 0.064
0.503926864432, 1.01385552066, 2.01839365682, 0.391990376073, 17.8246142649, 49.0449539187, 2.93409509669, 2.43400954548, 24.334370001, 281.772339651, 0.554698332053, 0.0112359550562
0.849477927942, 0.909204686014, 2.23491582187, 0.309414156015, 33.7145968443, 47.4362806548, 2.61960724357, 1.96283195593, 20.2737191265, 242.442614648, 0.531454898163, 0.34632034632
0.576799106935, 0.849600807888, 2.01839365682, 0.264727211463, 9.51332775634, 49.0449539187, 2.67751633832, 0.0122087077837, 30.8320286047, 276.622318846, 0.566224624308, 0.0666666666667
0.808158620987, 0.93846408084, 2.15170664691, 0.449191297237, 25.7260444767, 44.5485916748, 2.18843398178, 0.501440453888, 23.0027738164, 279.117696169, 0.576601288065, 0.0112359550562
0.576799106935, 0.849600807888, 2.15473461972, 0.437793588074, 13.2774042487, 43.5528497478, 2.84175296354, 0.0122087077837, 40.3718784911, 265.755838048, 0.536164549777, 0.159340659341
0.576799106935, 0.849600807888, 2.01839365682, 0.391990376073, 17.8246142649, 48.3687200851, 2.67751633832, 0.0122087077837, 30.8320286047, 257.348203264, 0.589928078175, 0.0384615384615
0.526828048045, 1.09988327792, 7.1709076967, 0.361262213487, 44.6923604738, 40.5551585699, 3.66467221596, 2.91232498795, 41.9659426368, 1687.78397131, 0.490763616888, 0.00291545189504
0.576799106935, 0.849600807888, 2.01839365682, 0.391990376073, 17.8246142649, 49.0449539187, 2.67751633832, 0.0122087077837, 30.8320286047, 236.138823183, 0.564245313057, 0.386759581882
0.576799106935, 0.849600807888, 2.01839365682, 0.391990376073, 17.8246142649, 48.3687200851, 2.67751633832, 0.0122087077837, 30.8320286047, 223.761113508, 0.615162272245, 0.268867924528
0.532100852224, 0.822617844746, 2.71780609353, 0.308851824672, 36.756861801, 44.5568191044, 2.84474803315, 0.0891543538694, 21.1631210467, 264.103370498, 0.576624913587, 0.322448979592
0.562854034333, 1.01530113489, 2.12723865951, 0.239158531615, 47.2054228227, 49.3822296252, 3.55554607595, 1.26320305787, 23.2975641241, 367.728400875, 0.430806193447, 0.56712962963
0.562854034333, 0.826169455053, 2.12723865951, 0.239158531615, 47.2054228227, 49.3822296252, 3.55554607595, 1.26320305787, 21.1631210467, 317.783478481, 0.451429180008, 0.593471810089
0.511752023619, 1.01530113489, 2.5288081639, 0.417472022626, 46.9594474999, 42.4549393085, 3.67088089332, 1.26320305787, 23.2975641241, 415.446733228, 0.429713406356, 0.553213909378
0.896095776655, 0.909204686014, 2.1695032797, 0.225637474561, 47.6327177451, 40.3833167729, 2.68055545338, 1.50399881865, 22.507215836, 291.357788743, 0.455537934564, 0.637735849057
0.562854034333, 1.12761819718, 2.5288081639, 0.239158531615, 46.9594474999, 42.4549393085, 3.67088089332, 1.26320305787, 23.2975641241, 461.660558731, 0.447935432198, 0.489678899083
0.892663253969, 0.931398459024, 2.10906004222, 0.34754901006, 36.6639623157, 45.5675417064, 2.95015387879, 1.91299999298, 28.2863183441, 308.465636538, 0.453616923151, 0.639784946237
0.669396768319, 0.871651575364, 3.53246913454, 0.456781700012, 30.880392109, 42.765761955, 2.80143671804, 1.3570781949, 40.3718784911, 436.602207398, 0.428419239703, 0.594512195122
0.576799106935, 1.01530113489, 2.12723865951, 0.211280691493, 47.2054228227, 43.5528497478, 3.55554607595, 1.26320305787, 23.2975641241, 324.089805832, 0.443438813646, 0.519136408243
0.562854034333, 1.01530113489, 2.12723865951, 0.239158531615, 33.5148817927, 49.3822296252, 3.81217454845, 1.58411835434, 21.9258281258, 313.587655643, 0.481168370656, 0.632040965618
0.688080323059, 0.871651575364, 3.53246913454, 0.456781700012, 3.80611041323, 42.765761955, 2.95206767533, 1.3570781949, 40.3718784911, 404.78961864, 0.550293548034, 0.0
0.808158620987, 0.93846408084, 2.15170664691, 0.449191297237, 25.7260444767, 44.5485916748, 2.18843398178, 0.501440453888, 23.0027738164, 283.793956708, 0.655762248753, 0.0
0.688080323059, 0.849600807888, 3.53246913454, 0.456781700012, 3.61310795264, 42.765761955, 2.95206767533, 1.3570781949, 30.8320286047, 303.754667035, 0.618737917651, 0.0
0.576799106935, 0.849600807888, 2.15473461972, 0.437793588074, 13.2774042487, 43.5528497478, 2.84175296354, 0.0122087077837, 30.8320286047, 282.554983437, 0.545483153226, 0.0322580645161
0.532100852224, 0.822617844746, 2.71780609353, 0.308851824672, 36.7773965614, 44.5568191044, 2.84474803315, 0.0891543538694, 21.1631210467, 288.49689319, 0.596998258608, 0.01
0.52224845, 1.14141144762, 4.81086256437, 0.373744014231, 6.12439677139, 41.1740388783, 3.79672480713, 1.58411835434, 27.295627002, 902.017902045, 0.51475486661, 0.0028818443804
0.526828048045, 1.09988327792, 7.1709076967, 0.361262213487, 15.9482806178, 44.4640866645, 3.66467221596, 2.91232498795, 41.9659426368, 1770.4397069, 0.49913244807, 0.00278551532033
0.52224845, 1.17592143934, 4.81086256437, 0.37783701722, 6.12439677139, 41.1740388783, 3.79672480713, 1.58411835434, 27.295627002, 1030.95755545, 0.50220447309, 0.0575916230366
0.628665060081, 1.05532156535, 4.53336975546, 0.438734406491, 35.5274715153, 41.155847232, 3.22464464216, 0.140074090396, 21.582125944, 741.710568354, 0.526532252955, 0.00600600600601
0.598924372659, 1.10233210263, 7.12268998079, 0.405742129239, 34.1908199154, 41.8365934814, 2.97408130481, 0.808754335817, 43.5445426119, 1312.47394741, 0.516348669004, 0.0
0.619759873284, 0.865209830564, 4.9176666218, 0.435405315144, 43.868227387, 46.9848253217, 2.52019158441, 2.27476974979, 29.9715413112, 549.315293629, 0.53018086815, 0.0
0.507427612328, 1.04395827479, 6.77143495244, 0.361474638173, 17.9381153454, 43.3822324803, 3.27575636814, 1.89129650107, 27.4172362445, 1262.81820056, 0.432802439949, 0.401697312588
0.562854034333, 1.15132596144, 2.5288081639, 0.278544646745, 49.9734879101, 42.4549393085, 3.52313489652, 1.26320305787, 22.0416836355, 524.611920635, 0.443043865988, 0.354898336414
0.528466012696, 1.1579413068, 3.4578685681, 0.219919216596, 11.7813168947, 46.2559817468, 3.09214635799, 1.63765005994, 23.0027738164, 670.738832868, 0.443026671224, 0.410526315789
0.529544164603, 1.04395827479, 6.77143495244, 0.361474638173, 18.2164146976, 43.3822324803, 2.55705591631, 1.89129650107, 27.4172362445, 1038.2211817, 0.449448675977, 0.324175824176
0.532100852224, 0.822617844746, 2.71780609353, 0.308851824672, 36.7773965614, 44.5568191044, 2.84474803315, 0.0891543538694, 21.1631210467, 295.83686411, 0.521366165691, 0.127659574468
0.617350657517, 0.931398459024, 2.15473461972, 0.426648546319, 12.6632228389, 46.2801368355, 3.56686834691, 0.206706718396, 27.7325631851, 368.140934687, 0.551447093432, 0.0218181818182
0.502040257934, 1.04509915101, 2.46929259606, 0.384171023044, 25.7260444767, 41.2137092088, 2.97408130481, 0.501440453888, 43.5445426119, 384.527369247, 0.543580570678, 0.0547945205479
0.580066816266, 0.878511261333, 3.15530100441, 0.417472022626, 23.026650865, 45.5675417064, 3.6142158181, 1.91299999298, 29.3069454905, 473.428168549, 0.523345921322, 0.0888252148997
0.576799106935, 1.1579413068, 2.15473461972, 0.437793588074, 11.7813168947, 43.5528497478, 3.35930213618, 0.0122087077837, 30.8320286047, 404.157047166, 0.533755073988, 0.0728051391863
0.562854034333, 0.945402711534, 2.5288081639, 0.218073948999, 19.7178453847, 45.6879721969, 2.97408130481, 1.54667145872, 23.2975641241, 290.920261902, 0.538618910569, 0.137254901961
0.505563399725, 0.827052040409, 3.53246913454, 0.456781700012, 15.9739831741, 42.765761955, 2.78588406552, 1.3570781949, 28.9083956013, 388.290038982, 0.463530779399, 0.301075268817
0.511752023619, 1.01530113489, 2.5288081639, 0.417472022626, 46.9594474999, 42.4549393085, 3.67088089332, 1.26320305787, 23.1545389458, 393.894969606, 0.45496632041, 0.242957746479
0.511752023619, 1.10233210263, 2.1695032797, 0.405742129239, 18.2229647191, 41.2137092088, 2.97408130481, 1.49495841166, 43.5445426119, 356.094414773, 0.494606705497, 0.144736842105
0.562854034333, 1.01530113489, 2.12723865951, 0.211280691493, 47.2054228227, 46.89476932, 3.55554607595, 1.26320305787, 23.2975641241, 356.735732355, 0.493855699695, 0.372712146423
0.511752023619, 0.905047137704, 5.71083400615, 0.238007485765, 0.91921145614, 40.3833167729, 3.75757876198, 1.43927274592, 23.6381398504, 862.81654323, 0.410633219703, 0.649960222753
0.511752023619, 1.22951563363, 6.86600650389, 0.233493766221, 34.1908199154, 41.8365934814, 3.75757876198, 1.49495841166, 34.9105883942, 1948.00534673, 0.409775386176, 0.628383921247
