3.0, 2.0, -1.0, 3.0, 2.0, 0.0, 0.0, 3.0, -1.0, 0.0, 3.0, 1.0, 1.0, 3.0, 2.0, -1.0, 3.0, 2.0, 0.0, 3.0, 2.0, 2.0, -1.0, 1.0, -1.0, 1.0, 1.0, -1.0, 1.0, 2.0, -1.0, 1.0, -1.0, -1.0, 1.0, 1.0, 2.0, -1.0, 1.0, 0.0, 2.0, -1.0, -1.0, 3.0, 2.0, 3.0, 2.0, 2.0, 0.0, -1.0, 97403.0, 514.0, 99526.0
2.0, 3.0, 2.0, 0.0, 2.0, 2.0, -1.0, 1.0, 1.0, -1.0, 0.0, 2.0, 2.0, 1.0, -1.0, 1.0, 0.0, 0.0, 1.0, 3.0, 2.0, 2.0, 3.0, 2.0, 1.0, 0.0, 0.0, 0.0, 1.0, 2.0, 0.0, 3.0, 0.0, 1.0, 0.0, 1.0, 3.0, 1.0, -1.0, -1.0, 1.0, 3.0, -1.0, 2.0, 0.0, -1.0, 3.0, 3.0, 0.0, -1.0, 96721.0, 594.0, 99446.0
2.0, 3.0, 2.0, 0.0, 2.0, 2.0, -1.0, 1.0, 1.0, -1.0, 0.0, 2.0, 2.0, 1.0, -1.0, 1.0, 0.0, 0.0, 1.0, 3.0, 2.0, 2.0, 3.0, 2.0, 1.0, 0.0, 0.0, 0.0, 1.0, 2.0, 0.0, 3.0, 0.0, 1.0, 0.0, 1.0, 3.0, 1.0, -1.0, -1.0, 1.0, 3.0, -1.0, 2.0, 0.0, -1.0, 3.0, 3.0, 0.0, -1.0, 96721.0, 594.0, 99446.0
1.0, 2.0, 0.0, -1.0, 1.0, 2.0, 0.0, 3.0, 1.0, 2.0, 1.0, 2.0, 3.0, 0.0, 3.0, 1.0, 0.0, 3.0, 1.0, -1.0, 1.0, 3.0, -1.0, 2.0, 0.0, 1.0, -1.0, 2.0, 2.0, 1.0, -1.0, 0.0, 1.0, 3.0, 1.0, 0.0, 3.0, 1.0, -1.0, 2.0, 0.0, 2.0, 0.0, 1.0, 2.0, 0.0, 0.0, 3.0, 3.0, 2.0, 96487.0, 631.0, 99416.0
1.0, 2.0, 0.0, -1.0, 1.0, 2.0, 0.0, 3.0, 1.0, 2.0, 1.0, 2.0, 3.0, 0.0, 3.0, 1.0, 0.0, 3.0, 1.0, -1.0, 1.0, 3.0, -1.0, 2.0, 0.0, 1.0, 3.0, 2.0, 2.0, 1.0, 3.0, 0.0, 1.0, 3.0, 1.0, 0.0, 3.0, 1.0, -1.0, 2.0, 0.0, 2.0, 0.0, 1.0, 2.0, 0.0, 0.0, 3.0, 3.0, 2.0, 96433.0, 659.0, 99394.0
1.0, 2.0, 0.0, -1.0, 1.0, 2.0, 0.0, 3.0, 1.0, 2.0, 1.0, 2.0, 3.0, 0.0, 3.0, 1.0, 0.0, 3.0, 1.0, -1.0, 1.0, 3.0, -1.0, 2.0, 0.0, 1.0, 3.0, 2.0, 2.0, 1.0, 3.0, 0.0, 1.0, 3.0, 1.0, 0.0, 3.0, 1.0, -1.0, 2.0, 0.0, 2.0, 0.0, 1.0, 2.0, 0.0, 0.0, 3.0, 3.0, 2.0, 96433.0, 659.0, 99394.0
3.0, 2.0, 2.0, 0.0, 2.0, 0.0, 1.0, 2.0, -1.0, 2.0, 0.0, 2.0, 2.0, 0.0, 1.0, 1.0, 2.0, 1.0, 3.0, 3.0, 0.0, 1.0, 0.0, 1.0, -1.0, 1.0, 0.0, 1.0, 3.0, 3.0, 0.0, 1.0, 0.0, 0.0, 0.0, 0.0, 1.0, 2.0, 1.0, 2.0, -1.0, -1.0, 2.0, 1.0, 0.0, 1.0, 3.0, 2.0, 3.0, -1.0, 96492.0, 630.0, 99419.0
3.0, 2.0, 2.0, 0.0, 2.0, 0.0, 1.0, 2.0, -1.0, 2.0, 0.0, 2.0, 2.0, 0.0, 1.0, 1.0, 2.0, 1.0, 3.0, 3.0, 0.0, 1.0, 0.0, 1.0, -1.0, 1.0, 0.0, 1.0, 3.0, 3.0, 0.0, 1.0, 0.0, 0.0, 0.0, 0.0, 1.0, 2.0, 1.0, 2.0, -1.0, -1.0, 2.0, 1.0, 0.0, 1.0, 3.0, 2.0, 3.0, -1.0, 96492.0, 630.0, 99419.0
3.0, 2.0, 2.0, 0.0, 2.0, 0.0, 1.0, 2.0, -1.0, 2.0, 0.0, 2.0, 2.0, 0.0, 1.0, 1.0, 2.0, 1.0, 3.0, 3.0, 0.0, 1.0, 0.0, 1.0, -1.0, 1.0, 0.0, 1.0, 3.0, 3.0, 0.0, 1.0, 0.0, 0.0, 0.0, 0.0, 1.0, 2.0, 1.0, 2.0, -1.0, -1.0, 2.0, 1.0, 0.0, 1.0, 3.0, 2.0, 3.0, -1.0, 96492.0, 630.0, 99419.0
3.0, 2.0, 2.0, 0.0, 2.0, 0.0, 1.0, 2.0, -1.0, 2.0, 0.0, 2.0, 2.0, 0.0, 1.0, 1.0, 2.0, 1.0, 3.0, 3.0, 0.0, 1.0, 0.0, 1.0, -1.0, 1.0, 0.0, 1.0, 3.0, 3.0, 0.0, 1.0, 0.0, 0.0, 0.0, 0.0, 1.0, 2.0, 1.0, 2.0, -1.0, -1.0, 2.0, 1.0, 0.0, 1.0, 3.0, 2.0, 3.0, -1.0, 96492.0, 630.0, 99419.0
1.0, -1.0, 1.0, 3.0, 0.0, 0.0, 3.0, 3.0, 0.0, 0.0, 2.0, -1.0, 0.0, 2.0, 1.0, -1.0, -1.0, 3.0, 2.0, -1.0, 2.0, 1.0, 0.0, 1.0, -1.0, 1.0, 0.0, 2.0, 2.0, 2.0, 2.0, 0.0, 0.0, 2.0, 3.0, 1.0, 1.0, 0.0, 3.0, 1.0, 1.0, 1.0, 3.0, 2.0, 0.0, 1.0, 1.0, 0.0, -1.0, 0.0, 96424.0, 606.0, 99433.0
1.0, -1.0, 1.0, 3.0, 0.0, 0.0, 3.0, 3.0, 0.0, 0.0, 2.0, -1.0, 0.0, 2.0, 1.0, -1.0, -1.0, 3.0, 2.0, -1.0, 2.0, 1.0, 0.0, 1.0, -1.0, 1.0, 0.0, 2.0, 2.0, 2.0, 2.0, 0.0, 0.0, 2.0, 3.0, 1.0, 1.0, 0.0, 3.0, 1.0, 1.0, 1.0, 3.0, 2.0, 0.0, 1.0, 1.0, 0.0, -1.0, 0.0, 96424.0, 606.0, 99433.0
1.0, -1.0, 1.0, 3.0, 0.0, 0.0, 3.0, 3.0, 0.0, 0.0, 2.0, -1.0, 0.0, 2.0, 1.0, -1.0, -1.0, 3.0, 2.0, -1.0, 2.0, 1.0, 0.0, 1.0, -1.0, 1.0, 0.0, 2.0, 2.0, 2.0, 2.0, 0.0, 0.0, 2.0, 3.0, 1.0, 1.0, 0.0, 3.0, 1.0, 1.0, 1.0, 3.0, 2.0, 0.0, 1.0, 1.0, 0.0, -1.0, 0.0, 96424.0, 606.0, 99433.0
-1.0, 2.0, 2.0, -1.0, 3.0, 1.0, 2.0, 2.0, 0.0, 1.0, 1.0, 0.0, 0.0, 1.0, 2.0, 3.0, -1.0, 2.0, 1.0, 2.0, 0.0, -1.0, 1.0, 0.0, 2.0, -1.0, 1.0, 0.0, 3.0, 1.0, 0.0, 0.0, -1.0, -1.0, 0.0, -1.0, 2.0, 1.0, 0.0, 1.0, -1.0, 3.0, 0.0, -1.0, 1.0, 0.0, 0.0, 1.0, -1.0, 1.0, 96690.0, 545.0, 99488.0
-1.0, 2.0, 2.0, -1.0, 3.0, 1.0, 2.0, 2.0, 0.0, 1.0, 1.0, 0.0, 0.0, 1.0, 2.0, 3.0, -1.0, 2.0, 1.0, 2.0, 0.0, -1.0, 1.0, 0.0, 2.0, -1.0, 1.0, 0.0, 3.0, 1.0, 0.0, 0.0, -1.0, -1.0, 0.0, -1.0, 2.0, 1.0, 0.0, 1.0, -1.0, 3.0, 0.0, -1.0, 1.0, 0.0, 0.0, 1.0, -1.0, 1.0, 96690.0, 545.0, 99488.0
3.0, 1.0, 1.0, 2.0, 0.0, 3.0, 1.0, 1.0, 1.0, 1.0, 0.0, 2.0, -1.0, -1.0, 3.0, 3.0, 1.0, 1.0, 1.0, 2.0, 2.0, 2.0, 0.0, 1.0, 0.0, 1.0, 3.0, 0.0, 0.0, 3.0, 3.0, 2.0, 0.0, 0.0, 0.0, -1.0, 2.0, 2.0, 0.0, 1.0, 3.0, 1.0, -1.0, 3.0, 0.0, 3.0, 2.0, 2.0, -1.0, 2.0, 96438.0, 638.0, 99400.0
-1.0, 2.0, 2.0, -1.0, 3.0, 1.0, 2.0, 2.0, -1.0, 1.0, 1.0, 0.0, 0.0, 1.0, 2.0, 3.0, -1.0, 2.0, 1.0, 2.0, 0.0, -1.0, 1.0, 0.0, 2.0, -1.0, 1.0, 0.0, 3.0, 1.0, 1.0, 0.0, -1.0, -1.0, 0.0, -1.0, 2.0, 1.0, 0.0, 1.0, -1.0, 3.0, 0.0, -1.0, 1.0, 0.0, 0.0, 1.0, -1.0, 1.0, 96771.0, 529.0, 99499.0
-1.0, 2.0, 2.0, -1.0, 3.0, 1.0, 2.0, 2.0, -1.0, 1.0, 1.0, 0.0, 0.0, 1.0, 2.0, 3.0, -1.0, 2.0, 1.0, 2.0, 0.0, -1.0, 1.0, 0.0, 2.0, -1.0, 1.0, 0.0, 3.0, 1.0, 1.0, 0.0, -1.0, -1.0, 0.0, -1.0, 2.0, 1.0, 0.0, 1.0, -1.0, 3.0, 0.0, -1.0, 1.0, 0.0, 0.0, 1.0, -1.0, 1.0, 96771.0, 529.0, 99499.0
2.0, 0.0, -1.0, 2.0, 2.0, 1.0, 2.0, -1.0, -1.0, 0.0, 0.0, -1.0, 0.0, 1.0, 0.0, 2.0, 1.0, 0.0, 0.0, -1.0, 2.0, 1.0, 2.0, 1.0, -1.0, 3.0, -1.0, 2.0, 1.0, 0.0, 1.0, 3.0, 2.0, 0.0, 1.0, 0.0, -1.0, 0.0, 3.0, -1.0, 3.0, -1.0, 2.0, -1.0, 2.0, 2.0, 0.0, -1.0, 2.0, 1.0, 96941.0, 524.0, 99516.0
2.0, 0.0, -1.0, 2.0, 2.0, 1.0, 2.0, -1.0, -1.0, 0.0, 0.0, -1.0, 0.0, 1.0, 0.0, 2.0, 1.0, 0.0, 0.0, -1.0, 2.0, 1.0, 2.0, 1.0, -1.0, 3.0, -1.0, 2.0, 1.0, 0.0, 1.0, 3.0, 2.0, 0.0, 1.0, 0.0, -1.0, 0.0, 3.0, -1.0, 3.0, -1.0, 2.0, -1.0, 2.0, 2.0, 0.0, -1.0, 2.0, 1.0, 96941.0, 524.0, 99516.0
2.0, 0.0, -1.0, 2.0, 2.0, 1.0, 2.0, -1.0, -1.0, 0.0, 0.0, -1.0, 0.0, 1.0, 0.0, 2.0, 1.0, 0.0, 0.0, -1.0, 2.0, 1.0, 2.0, 1.0, -1.0, 3.0, -1.0, 2.0, 1.0, 0.0, 1.0, 3.0, 2.0, 0.0, 1.0, 0.0, -1.0, 0.0, 3.0, -1.0, 3.0, -1.0, 2.0, -1.0, 2.0, 2.0, 0.0, -1.0, 2.0, 1.0, 96941.0, 524.0, 99516.0
1.0, 0.0, 1.0, 2.0, -1.0, 2.0, 1.0, 0.0, -1.0, 1.0, 0.0, 2.0, -1.0, 0.0, -1.0, 0.0, -1.0, 2.0, 0.0, 1.0, 1.0, -1.0, -1.0, 0.0, 2.0, -1.0, 2.0, 2.0, 0.0, 1.0, 0.0, 3.0, 0.0, 3.0, 2.0, 2.0, 1.0, 1.0, -1.0, 1.0, 0.0, 1.0, 0.0, 2.0, 2.0, 1.0, 0.0, 3.0, 3.0, 0.0, 96434.0, 568.0, 99451.0
1.0, 0.0, 1.0, 2.0, -1.0, 2.0, 1.0, 0.0, -1.0, 1.0, 0.0, 2.0, -1.0, 0.0, -1.0, 0.0, -1.0, 2.0, 0.0, 1.0, 1.0, -1.0, -1.0, 0.0, 2.0, -1.0, 2.0, 2.0, 0.0, 1.0, 0.0, 3.0, 0.0, 3.0, 2.0, 2.0, 1.0, 1.0, -1.0, 1.0, 0.0, 1.0, 0.0, 2.0, 2.0, 1.0, 0.0, 3.0, 3.0, 0.0, 96434.0, 568.0, 99451.0
-1.0, 3.0, 2.0, 3.0, 0.0, 0.0, 3.0, 3.0, 2.0, 1.0, 0.0, 3.0, 1.0, 2.0, 0.0, 2.0, 2.0, -1.0, 1.0, 2.0, 1.0, 1.0, 3.0, 0.0, 0.0, 1.0, 1.0, 0.0, 0.0, 3.0, 0.0, 3.0, 3.0, 3.0, -1.0, -1.0, 0.0, 2.0, 3.0, 0.0, 2.0, -1.0, -1.0, 2.0, 2.0, -1.0, 3.0, 1.0, 2.0, 2.0, 96827.0, 610.0, 99431.0
-1.0, 1.0, -1.0, 0.0, 1.0, 2.0, 2.0, 3.0, -1.0, -1.0, 3.0, 0.0, 1.0, 1.0, 0.0, 1.0, -1.0, 2.0, -1.0, 2.0, 1.0, 2.0, 1.0, -1.0, -1.0, 3.0, -1.0, 3.0, 3.0, -1.0, -1.0, 3.0, -1.0, 3.0, 0.0, -1.0, 1.0, 2.0, 3.0, 2.0, 2.0, -1.0, 0.0, 2.0, 2.0, 1.0, 0.0, 2.0, 2.0, 0.0, 97295.0, 502.0, 99528.0
-1.0, 1.0, -1.0, 0.0, 1.0, 2.0, 2.0, 3.0, -1.0, -1.0, 3.0, 0.0, 1.0, 1.0, 0.0, 1.0, -1.0, 2.0, -1.0, 2.0, 1.0, 2.0, 1.0, -1.0, -1.0, 3.0, -1.0, 3.0, 3.0, -1.0, -1.0, 3.0, -1.0, 3.0, 0.0, -1.0, 1.0, 2.0, 3.0, 2.0, 2.0, -1.0, 0.0, 2.0, 2.0, 1.0, 0.0, 2.0, 2.0, 0.0, 97295.0, 502.0, 99528.0
-1.0, 1.0, -1.0, 0.0, 1.0, 2.0, 2.0, 3.0, -1.0, -1.0, 3.0, 0.0, 1.0, 1.0, 0.0, 1.0, -1.0, 2.0, -1.0, 2.0, 1.0, 2.0, 1.0, -1.0, -1.0, 3.0, -1.0, 3.0, 3.0, -1.0, -1.0, 3.0, -1.0, 3.0, 0.0, -1.0, 1.0, 2.0, 3.0, 2.0, 2.0, -1.0, 0.0, 2.0, 2.0, 1.0, 0.0, 2.0, 2.0, 0.0, 97295.0, 502.0, 99528.0
1.0, -1.0, 0.0, 3.0, 2.0, 2.0, 3.0, 2.0, -1.0, 1.0, 3.0, 0.0, 3.0, 0.0, -1.0, 1.0, 3.0, 1.0, 0.0, -1.0, 3.0, -1.0, -1.0, 0.0, -1.0, 1.0, 0.0, 2.0, 2.0, 0.0, 1.0, 2.0, 0.0, 1.0, 1.0, 0.0, 2.0, 3.0, 2.0, 0.0, 1.0, -1.0, -1.0, 3.0, 1.0, 3.0, 0.0, -1.0, 0.0, 1.0, 96908.0, 547.0, 99467.0
1.0, -1.0, 0.0, 3.0, 2.0, 2.0, 3.0, 2.0, -1.0, 1.0, 3.0, 0.0, 3.0, 0.0, -1.0, 1.0, 3.0, 1.0, 0.0, -1.0, 3.0, -1.0, -1.0, 0.0, -1.0, 1.0, 0.0, 2.0, 2.0, 0.0, 1.0, 2.0, 0.0, 1.0, 1.0, 0.0, 2.0, 3.0, 2.0, 0.0, 1.0, -1.0, -1.0, 3.0, 1.0, 3.0, 0.0, -1.0, 0.0, 1.0, 96908.0, 547.0, 99467.0
1.0, -1.0, 0.0, 3.0, 2.0, 2.0, 3.0, 2.0, -1.0, 1.0, 3.0, 0.0, 3.0, 0.0, -1.0, 1.0, 3.0, 1.0, 0.0, -1.0, 3.0, -1.0, -1.0, 0.0, -1.0, 1.0, 0.0, 2.0, 2.0, 0.0, 1.0, 2.0, 0.0, 1.0, 1.0, 0.0, 2.0, 3.0, 2.0, 0.0, 1.0, -1.0, -1.0, 3.0, 1.0, 3.0, 0.0, -1.0, 0.0, 1.0, 96908.0, 547.0, 99467.0
1.0, -1.0, 0.0, 3.0, 2.0, 2.0, 3.0, 2.0, -1.0, 1.0, 3.0, 0.0, 3.0, 0.0, -1.0, 1.0, 3.0, 1.0, 0.0, -1.0, 3.0, -1.0, -1.0, 0.0, -1.0, 1.0, 0.0, 2.0, 2.0, 0.0, 1.0, 2.0, 0.0, 1.0, 1.0, 0.0, 2.0, 3.0, 2.0, 0.0, 1.0, -1.0, -1.0, 3.0, 1.0, 3.0, 0.0, -1.0, 0.0, 1.0, 96908.0, 547.0, 99467.0
1.0, 1.0, 1.0, 0.0, -1.0, 0.0, 0.0, -1.0, 0.0, 1.0, 2.0, -1.0, 2.0, 0.0, 3.0, 2.0, 1.0, 2.0, 2.0, 2.0, 0.0, 0.0, -1.0, 2.0, 1.0, 0.0, -1.0, 2.0, 2.0, 0.0, 2.0, 2.0, -1.0, 0.0, -1.0, -1.0, 1.0, 1.0, 3.0, 3.0, 1.0, 3.0, 0.0, 0.0, 1.0, 2.0, 1.0, 2.0, 2.0, 0.0, 96370.0, 587.0, 99455.0
1.0, 1.0, 1.0, 0.0, -1.0, 0.0, 0.0, -1.0, 0.0, 1.0, 2.0, -1.0, 2.0, 0.0, 3.0, 2.0, 1.0, 2.0, 2.0, 2.0, 0.0, 0.0, -1.0, 2.0, 1.0, 0.0, -1.0, 2.0, 2.0, 0.0, 2.0, 2.0, -1.0, 0.0, -1.0, -1.0, 1.0, 1.0, 3.0, 3.0, 1.0, 3.0, 0.0, 0.0, 1.0, 2.0, 1.0, 2.0, 2.0, 0.0, 96370.0, 587.0, 99455.0
1.0, 1.0, 1.0, 0.0, -1.0, 0.0, 0.0, -1.0, 0.0, 1.0, 2.0, -1.0, 2.0, 0.0, 3.0, 2.0, 1.0, 2.0, 2.0, 2.0, 0.0, 0.0, -1.0, 2.0, 1.0, 0.0, -1.0, 2.0, 2.0, 0.0, 2.0, 2.0, -1.0, 0.0, -1.0, -1.0, 1.0, 1.0, 3.0, 3.0, 1.0, 3.0, 0.0, 0.0, 1.0, 2.0, 1.0, 2.0, 2.0, 0.0, 96370.0, 587.0, 99455.0
3.0, 2.0, -1.0, 3.0, 2.0, 0.0, 0.0, 3.0, -1.0, 0.0, 3.0, 1.0, 1.0, 3.0, 2.0, -1.0, 3.0, 2.0, 0.0, 3.0, 2.0, 2.0, -1.0, 1.0, -1.0, 1.0, 1.0, -1.0, 1.0, 2.0, -1.0, 1.0, 0.0, -1.0, 1.0, 1.0, 2.0, -1.0, 1.0, 0.0, -1.0, -1.0, -1.0, 3.0, 2.0, 3.0, 2.0, 2.0, 0.0, -1.0, 97364.0, 517.0, 99525.0
3.0, 1.0, 1.0, 2.0, 0.0, 3.0, 1.0, 1.0, 1.0, 1.0, 0.0, 2.0, -1.0, -1.0, 3.0, 3.0, 1.0, 1.0, 1.0, 2.0, 2.0, 2.0, 0.0, 1.0, 0.0, 1.0, 3.0, 0.0, 0.0, 3.0, -1.0, 2.0, 0.0, 3.0, 0.0, -1.0, 2.0, 2.0, 0.0, 1.0, 3.0, 1.0, -1.0, 3.0, 0.0, 3.0, 2.0, 2.0, -1.0, 0.0, 96498.0, 628.0, 99408.0
3.0, 1.0, 1.0, 2.0, 0.0, 3.0, 1.0, 1.0, 1.0, 1.0, 0.0, 2.0, -1.0, -1.0, 3.0, 3.0, 1.0, 1.0, 1.0, 2.0, 2.0, 2.0, 0.0, 1.0, 0.0, 1.0, 3.0, 0.0, 0.0, 3.0, -1.0, 2.0, 0.0, 3.0, 0.0, -1.0, 2.0, 2.0, 0.0, 1.0, 3.0, 1.0, -1.0, 3.0, 0.0, 3.0, 2.0, 2.0, -1.0, 0.0, 96498.0, 628.0, 99408.0
0.0, 3.0, 1.0, -1.0, 3.0, 1.0, 2.0, 0.0, -1.0, 1.0, 3.0, 0.0, 2.0, 2.0, -1.0, 1.0, 2.0, -1.0, 2.0, 0.0, 0.0, 2.0, 2.0, 3.0, -1.0, 0.0, -1.0, 2.0, 0.0, 3.0, 3.0, 1.0, 0.0, 0.0, 3.0, 1.0, 2.0, 0.0, 0.0, 3.0, 3.0, -1.0, 2.0, 0.0, -1.0, 0.0, 1.0, 3.0, 0.0, 2.0, 96648.0, 589.0, 99449.0
1.0, -1.0, 0.0, 3.0, 2.0, 2.0, 3.0, 2.0, -1.0, 1.0, 0.0, 0.0, 3.0, 0.0, -1.0, 1.0, 3.0, 1.0, 0.0, 0.0, 3.0, -1.0, -1.0, 0.0, -1.0, 1.0, 0.0, 2.0, 2.0, 0.0, 1.0, 2.0, 0.0, 1.0, 1.0, 0.0, 2.0, 3.0, 2.0, 0.0, 1.0, -1.0, -1.0, 3.0, 1.0, 3.0, 0.0, -1.0, 0.0, 1.0, 96744.0, 561.0, 99454.0
1.0, -1.0, 0.0, 3.0, 2.0, 2.0, 3.0, 2.0, -1.0, 1.0, 0.0, 0.0, 3.0, 0.0, -1.0, 1.0, 3.0, 1.0, 0.0, 0.0, 3.0, -1.0, -1.0, 0.0, -1.0, 1.0, 0.0, 2.0, 2.0, 0.0, 1.0, 2.0, 0.0, 1.0, 1.0, 0.0, 2.0, 3.0, 2.0, 0.0, 1.0, -1.0, -1.0, 3.0, 1.0, 3.0, 0.0, -1.0, 0.0, 1.0, 96744.0, 561.0, 99454.0
3.0, 2.0, -1.0, 3.0, 2.0, 0.0, 0.0, 3.0, -1.0, 0.0, 3.0, 1.0, 1.0, 3.0, 2.0, -1.0, 3.0, 2.0, 0.0, 3.0, 2.0, 2.0, -1.0, 1.0, -1.0, 1.0, 1.0, -1.0, 0.0, 2.0, -1.0, 1.0, 0.0, -1.0, 1.0, 1.0, 2.0, -1.0, -1.0, 0.0, -1.0, -1.0, -1.0, 3.0, 2.0, 3.0, 2.0, 2.0, 0.0, -1.0, 97398.0, 501.0, 99532.0
3.0, 2.0, -1.0, 3.0, 2.0, 0.0, 0.0, 3.0, -1.0, 0.0, 3.0, 1.0, 1.0, 3.0, 2.0, -1.0, 3.0, 2.0, 0.0, 3.0, 2.0, 2.0, -1.0, 1.0, -1.0, 1.0, 1.0, -1.0, 0.0, 2.0, -1.0, 1.0, 0.0, -1.0, 1.0, 1.0, 2.0, -1.0, -1.0, 0.0, -1.0, -1.0, -1.0, 3.0, 2.0, 3.0, 2.0, 2.0, 0.0, -1.0, 97398.0, 501.0, 99532.0
3.0, 2.0, -1.0, 3.0, 2.0, 0.0, 0.0, 3.0, -1.0, 0.0, 3.0, 1.0, 1.0, 3.0, 2.0, -1.0, 3.0, 2.0, 0.0, 3.0, 2.0, 2.0, -1.0, 1.0, -1.0, 1.0, 1.0, -1.0, 0.0, 2.0, -1.0, 1.0, 0.0, -1.0, 1.0, 1.0, 2.0, -1.0, -1.0, 0.0, -1.0, -1.0, -1.0, 3.0, 2.0, 3.0, 2.0, 2.0, 0.0, -1.0, 97398.0, 501.0, 99532.0
3.0, 2.0, -1.0, 3.0, 2.0, 0.0, 0.0, 3.0, -1.0, 0.0, 3.0, 1.0, 1.0, 3.0, 2.0, -1.0, 3.0, 2.0, 0.0, 3.0, 2.0, 2.0, -1.0, 1.0, -1.0, 1.0, 1.0, -1.0, 0.0, 2.0, -1.0, 1.0, 0.0, -1.0, 1.0, 1.0, 2.0, -1.0, -1.0, 0.0, -1.0, -1.0, -1.0, 3.0, 2.0, 3.0, 2.0, 2.0, 0.0, -1.0, 97398.0, 501.0, 99532.0
1.0, 0.0, 1.0, 2.0, 1.0, 2.0, 1.0, 0.0, -1.0, 1.0, 0.0, 2.0, -1.0, 0.0, -1.0, 0.0, -1.0, 2.0, 0.0, 1.0, 1.0, -1.0, -1.0, 0.0, 2.0, -1.0, 2.0, 2.0, 0.0, 1.0, 0.0, 3.0, 0.0, -1.0, 2.0, 2.0, 1.0, 1.0, -1.0, 1.0, 0.0, 1.0, 0.0, 2.0, 2.0, 1.0, 0.0, 3.0, 3.0, 0.0, 96382.0, 565.0, 99455.0
1.0, 0.0, 1.0, 2.0, 1.0, 2.0, 1.0, 0.0, -1.0, 1.0, 0.0, 2.0, -1.0, 0.0, -1.0, 0.0, -1.0, 2.0, 0.0, 1.0, 1.0, -1.0, -1.0, 0.0, 2.0, -1.0, 2.0, 2.0, 0.0, 1.0, 0.0, 3.0, 0.0, -1.0, 2.0, 2.0, 1.0, 1.0, -1.0, 1.0, 0.0, 1.0, 0.0, 2.0, 2.0, 1.0, 0.0, 3.0, 3.0, 0.0, 96382.0, 565.0, 99455.0
1.0, 0.0, 1.0, 2.0, 1.0, 2.0, 1.0, 0.0, -1.0, 1.0, 0.0, 2.0, -1.0, 0.0, -1.0, 0.0, -1.0, 2.0, 0.0, 1.0, 1.0, -1.0, -1.0, 0.0, 2.0, -1.0, 2.0, 2.0, 0.0, 1.0, 0.0, 3.0, 0.0, -1.0, 2.0, 2.0, 1.0, 1.0, -1.0, 1.0, 0.0, 1.0, 0.0, 2.0, 2.0, 1.0, 0.0, 3.0, 3.0, 0.0, 96382.0, 565.0, 99455.0
1.0, 0.0, 1.0, 2.0, 1.0, 2.0, 1.0, 0.0, -1.0, 1.0, 0.0, 2.0, -1.0, 0.0, -1.0, 0.0, -1.0, 2.0, 0.0, 1.0, 1.0, -1.0, -1.0, 0.0, 2.0, -1.0, 2.0, 2.0, 0.0, 1.0, 0.0, 3.0, 0.0, -1.0, 2.0, 2.0, 1.0, 1.0, -1.0, 1.0, 0.0, 1.0, 0.0, 2.0, 2.0, 1.0, 0.0, 3.0, 3.0, 0.0, 96382.0, 565.0, 99455.0
1.0, 1.0, 1.0, 0.0, -1.0, 0.0, 0.0, -1.0, 0.0, 1.0, 2.0, -1.0, 2.0, 0.0, 3.0, 2.0, 1.0, 2.0, 2.0, 2.0, 0.0, 0.0, -1.0, 2.0, 1.0, 0.0, 1.0, 2.0, 2.0, 0.0, 2.0, 2.0, -1.0, 0.0, -1.0, -1.0, 1.0, 1.0, 3.0, 3.0, 1.0, 3.0, 0.0, 0.0, 1.0, 2.0, 1.0, 2.0, 2.0, 0.0, 96321.0, 605.0, 99441.0
1.0, 1.0, 1.0, 0.0, -1.0, 0.0, 0.0, -1.0, 0.0, 1.0, 2.0, -1.0, 2.0, 0.0, 3.0, 2.0, 1.0, 2.0, 2.0, 2.0, 0.0, 0.0, -1.0, 2.0, 1.0, 0.0, 1.0, 2.0, 2.0, 0.0, 2.0, 2.0, -1.0, 0.0, -1.0, -1.0, 1.0, 1.0, 3.0, 3.0, 1.0, 3.0, 0.0, 0.0, 1.0, 2.0, 1.0, 2.0, 2.0, 0.0, 96321.0, 605.0, 99441.0
1.0, 1.0, 1.0, 0.0, -1.0, 0.0, 0.0, -1.0, 0.0, 1.0, 2.0, -1.0, 2.0, 0.0, 3.0, 2.0, 1.0, 2.0, 2.0, 2.0, 0.0, 0.0, -1.0, 2.0, 1.0, 0.0, 1.0, 2.0, 2.0, 0.0, 2.0, 2.0, -1.0, 0.0, -1.0, -1.0, 1.0, 1.0, 3.0, 3.0, 1.0, 3.0, 0.0, 0.0, 1.0, 2.0, 1.0, 2.0, 2.0, 0.0, 96321.0, 605.0, 99441.0
1.0, 1.0, 1.0, 0.0, -1.0, 0.0, 0.0, -1.0, 0.0, 1.0, 2.0, -1.0, 2.0, 0.0, 3.0, 2.0, 1.0, 2.0, 2.0, 2.0, 0.0, 0.0, -1.0, 2.0, 1.0, 0.0, 1.0, 2.0, 2.0, 0.0, 2.0, 2.0, -1.0, 0.0, -1.0, -1.0, 1.0, 1.0, 3.0, 3.0, 1.0, 3.0, 0.0, 0.0, 1.0, 2.0, 1.0, 2.0, 2.0, 0.0, 96321.0, 605.0, 99441.0
1.0, -1.0, 0.0, 3.0, 2.0, 2.0, 3.0, 2.0, -1.0, 1.0, 0.0, 0.0, 3.0, 0.0, -1.0, 1.0, 3.0, 1.0, 0.0, 0.0, 3.0, -1.0, -1.0, 0.0, -1.0, 1.0, 0.0, -1.0, 2.0, 0.0, 1.0, 2.0, 0.0, 1.0, 1.0, 0.0, 2.0, 3.0, 2.0, 0.0, 1.0, -1.0, -1.0, 3.0, 1.0, 3.0, 0.0, -1.0, 0.0, 1.0, 96802.0, 546.0, 99471.0
1.0, -1.0, 0.0, 3.0, 2.0, 2.0, 3.0, 2.0, -1.0, 1.0, 0.0, 0.0, 3.0, 0.0, -1.0, 1.0, 3.0, 1.0, 0.0, 0.0, 3.0, -1.0, -1.0, 0.0, -1.0, 1.0, 0.0, -1.0, 2.0, 0.0, 1.0, 2.0, 0.0, 1.0, 1.0, 0.0, 2.0, 3.0, 2.0, 0.0, 1.0, -1.0, -1.0, 3.0, 1.0, 3.0, 0.0, -1.0, 0.0, 1.0, 96802.0, 546.0, 99471.0
-1.0, 1.0, -1.0, 0.0, 1.0, 2.0, 2.0, 3.0, -1.0, -1.0, 3.0, 0.0, 1.0, 1.0, 0.0, 1.0, -1.0, 2.0, -1.0, 2.0, 1.0, 2.0, 1.0, -1.0, -1.0, 3.0, -1.0, 3.0, 3.0, -1.0, -1.0, 3.0, 0.0, 3.0, 0.0, -1.0, 1.0, 2.0, 3.0, 2.0, -1.0, -1.0, 0.0, 2.0, 2.0, 1.0, 0.0, 2.0, 2.0, 0.0, 97256.0, 505.0, 99527.0
3.0, 2.0, -1.0, 3.0, 2.0, 0.0, 0.0, 3.0, -1.0, 0.0, 3.0, 1.0, 1.0, 3.0, 0.0, -1.0, 3.0, 2.0, 3.0, 3.0, 2.0, 0.0, 3.0, 1.0, -1.0, 0.0, 1.0, -1.0, 1.0, 2.0, -1.0, 1.0, 0.0, -1.0, 1.0, 1.0, 2.0, -1.0, 1.0, -1.0, -1.0, -1.0, -1.0, 3.0, 2.0, 3.0, 2.0, 2.0, 0.0, -1.0, 97483.0, 514.0, 99526.0
2.0, 0.0, -1.0, 2.0, 2.0, 1.0, 2.0, -1.0, -1.0, 3.0, 0.0, -1.0, 0.0, 1.0, 0.0, 2.0, 1.0, 0.0, 0.0, -1.0, 2.0, 1.0, 2.0, 1.0, -1.0, 3.0, -1.0, 2.0, 1.0, 0.0, 1.0, 3.0, 2.0, 0.0, 1.0, 0.0, -1.0, 0.0, 3.0, -1.0, 3.0, -1.0, 2.0, -1.0, 2.0, 2.0, 0.0, -1.0, 2.0, 1.0, 96968.0, 524.0, 99516.0
1.0, 0.0, 1.0, 2.0, -1.0, 2.0, 1.0, 0.0, -1.0, 1.0, 0.0, 2.0, -1.0, 0.0, -1.0, 0.0, -1.0, 2.0, 0.0, 1.0, 1.0, -1.0, -1.0, 0.0, 2.0, -1.0, 2.0, 2.0, 0.0, 1.0, 3.0, 3.0, 0.0, 3.0, 2.0, 2.0, 1.0, 1.0, -1.0, 1.0, 0.0, 1.0, 0.0, 2.0, 2.0, 1.0, 0.0, 3.0, 3.0, 0.0, 96485.0, 568.0, 99451.0
1.0, 2.0, 0.0, -1.0, 1.0, 2.0, 0.0, 3.0, 1.0, 2.0, 1.0, 2.0, 3.0, 0.0, 3.0, 1.0, 0.0, 3.0, 1.0, -1.0, 1.0, 3.0, -1.0, 2.0, 0.0, 1.0, 3.0, 2.0, 2.0, 1.0, 3.0, 3.0, 1.0, 3.0, 1.0, 0.0, 3.0, 1.0, -1.0, 2.0, 0.0, 2.0, 0.0, 1.0, 2.0, 0.0, 0.0, 3.0, 3.0, 2.0, 96517.0, 659.0, 99394.0
1.0, 2.0, 0.0, -1.0, 1.0, 2.0, 0.0, 3.0, 1.0, 2.0, 1.0, 2.0, 3.0, 0.0, 3.0, 1.0, 0.0, 3.0, 1.0, -1.0, 1.0, 3.0, -1.0, 0.0, 0.0, 1.0, 3.0, 2.0, 2.0, 1.0, -1.0, 0.0, 1.0, 3.0, 1.0, 0.0, 3.0, 1.0, -1.0, 2.0, 0.0, 0.0, 0.0, -1.0, 2.0, 0.0, 0.0, 3.0, 3.0, 2.0, 96465.0, 638.0, 99414.0
1.0, -1.0, 1.0, 3.0, 1.0, 0.0, 3.0, 3.0, 0.0, 0.0, 2.0, -1.0, 0.0, 2.0, 1.0, -1.0, -1.0, 3.0, 2.0, -1.0, 2.0, 1.0, 0.0, 1.0, -1.0, 1.0, 0.0, 2.0, 2.0, 2.0, 2.0, 0.0, 0.0, 2.0, 3.0, 1.0, 1.0, 0.0, 3.0, 1.0, 1.0, 1.0, 3.0, 2.0, 0.0, 1.0, 3.0, 0.0, 0.0, 0.0, 96492.0, 616.0, 99426.0
1.0, 1.0, 1.0, 0.0, -1.0, 0.0, 0.0, -1.0, 0.0, 1.0, 2.0, -1.0, 2.0, 0.0, 3.0, 2.0, 1.0, 2.0, 2.0, 2.0, 0.0, 0.0, -1.0, 2.0, 1.0, 0.0, 3.0, 2.0, 2.0, 0.0, 2.0, 2.0, -1.0, 0.0, -1.0, -1.0, 1.0, 1.0, 3.0, 3.0, 1.0, 3.0, 0.0, 0.0, 1.0, 2.0, 1.0, 2.0, 2.0, 0.0, 96347.0, 605.0, 99441.0
0.0, 3.0, 1.0, -1.0, 3.0, 1.0, 2.0, 0.0, -1.0, 1.0, 3.0, 0.0, 2.0, 2.0, -1.0, 1.0, 2.0, -1.0, 2.0, 0.0, 0.0, 2.0, 2.0, 3.0, -1.0, 0.0, -1.0, 2.0, 0.0, 3.0, 3.0, 1.0, 0.0, 0.0, 3.0, 1.0, 2.0, 0.0, 0.0, 3.0, 3.0, -1.0, 2.0, 0.0, -1.0, 0.0, 2.0, 3.0, 0.0, 2.0, 96685.0, 589.0, 99449.0
0.0, 3.0, 1.0, -1.0, 3.0, 1.0, 2.0, 0.0, -1.0, 1.0, 3.0, 0.0, 2.0, 2.0, -1.0, 1.0, 2.0, -1.0, 2.0, 0.0, 0.0, 2.0, 2.0, 3.0, -1.0, 0.0, -1.0, 2.0, 0.0, 3.0, 3.0, 1.0, 0.0, 0.0, 3.0, 1.0, 2.0, 0.0, 0.0, 3.0, 3.0, -1.0, 2.0, 0.0, -1.0, 0.0, 2.0, 3.0, 0.0, 2.0, 96685.0, 589.0, 99449.0
-1.0, 3.0, 2.0, 3.0, 1.0, 0.0, 3.0, 3.0, 2.0, 1.0, 0.0, 3.0, 1.0, 2.0, 0.0, 2.0, 2.0, -1.0, 1.0, 2.0, 1.0, 1.0, 3.0, 0.0, 0.0, 1.0, 1.0, 0.0, 0.0, 3.0, 0.0, 3.0, 3.0, 3.0, -1.0, -1.0, 0.0, 2.0, 3.0, 0.0, 2.0, -1.0, -1.0, 2.0, 2.0, -1.0, 3.0, 1.0, 2.0, 2.0, 96855.0, 610.0, 99431.0
1.0, 2.0, 0.0, -1.0, 1.0, 2.0, 0.0, 3.0, 1.0, 2.0, 1.0, 2.0, 3.0, 0.0, 3.0, 1.0, 0.0, 3.0, 1.0, -1.0, 1.0, 3.0, -1.0, 2.0, 0.0, 1.0, 3.0, 2.0, 2.0, 1.0, -1.0, 0.0, 1.0, 3.0, 1.0, 0.0, 3.0, 1.0, -1.0, 2.0, 0.0, 2.0, 0.0, 1.0, 2.0, 0.0, 0.0, 3.0, 3.0, 2.0, 96464.0, 649.0, 99402.0
