1.86711415134, 1.11010749467, 1.37625966801, 0.968242925291, 2.83000017305, 0.902318017117, 3.70954150811, 1.26000034493, 1.14000070254, 1.3676760545, 2.79196135513, 0.948238868473, 3.04000071047, 1.04315902669, 0.887977740215, 1.00000072526, 1.00000035492, 1.05673543698, 4.08034732735, 0.988165954901, 1.00000013371, 111.59750164, 1.0863761327, 3.53466292607, 0.982933818681, 3.29000097205, 1.00000012461, 1101.85066502, 42.5450066904, 415.354852536, 0.0
3.2790592699, 1.01657010503, 1.46046492704, 0.882575419263, 2.83000015383, 1.00991136441, 1.48485994622, 1.26000075107, 1.14000070258, 1.35111955159, 2.06213723166, 1.03919529011, 3.0400009114, 1.09126836213, 0.925773872779, 1.00000004177, 1.00000057527, 1.05306862844, 7.7970575861, 0.948717208167, 1.00000076736, 112.279538939, 0.903721982839, 4.59512670454, 1.05679967548, 3.29000072098, 1.00000090172, 39.9497465941, 8.02696739148, 40.3987427855, 5.8981233244
5.58606987726, 1.00889796202, 1.41472290868, 0.804925194905, 2.83000025791, 0.93482017464, 2.15155669942, 1.26000099988, 1.14000056986, 3.58997106446, 2.44199747678, 0.977032956562, 3.04000081912, 1.0807086824, 1.05422731559, 1.00000053956, 1.00000003187, 1.04792227709, 3.02345101777, 0.930348692159, 1.0000008302, 75.5179713931, 0.937202939583, 3.78240599738, 0.976091003846, 3.29000010006, 1.00000089389, 228.30155189, 27.7916453147, 887.400305595, 0.0
3.82178685726, 1.02359187551, 1.4073518932, 0.978064295901, 2.83000017228, 1.02911482749, 2.02139072767, 1.26000024499, 1.14000049932, 2.15142780458, 2.36933140023, 0.984214353648, 3.04000076847, 1.05356024431, 0.917101387882, 1.00000039898, 1.00000059882, 1.02861108953, 7.88907988072, 0.973215052443, 1.00000098148, 86.9875876009, 1.00187314382, 3.75667029856, 0.994198703487, 3.29000048528, 1.00000075939, 44.4337659696, 11.9237722624, 456.580836765, 1.07238605898
1.11067060997, 1.04759208484, 1.46089392181, 0.982595577819, 2.83000067892, 0.900557538748, 3.93216810377, 1.26000075825, 1.14000078091, 2.82738449289, 2.58410902702, 1.07565937655, 3.04000086678, 1.05006786164, 0.794248724374, 1.00000092631, 1.00000059234, 1.05018888574, 6.31563744391, 0.966470203228, 1.00000055376, 97.0261577241, 0.873902820369, 3.40056132566, 1.00349219866, 3.29000074536, 1.00000007943, 9.86733702287, 6.2141131818, 44.794959507, 1.60857908847
1.31347062626, 1.13654278615, 1.34141889251, 0.941527019775, 2.8300006384, 1.16242200238, 1.50612750096, 1.26000061305, 1.14000047849, 1.45376547114, 1.59088902649, 1.01436341304, 3.04000099708, 1.11770351197, 0.869889480659, 1.00000056453, 1.00000014167, 1.06066631726, 9.57895891602, 0.934825708069, 1.00000065584, 83.1850949526, 1.04546542864, 1.79623837344, 1.03436464541, 3.29000057953, 1.00000086779, 189.768071093, 18.6476978221, 1363.25853074, 0.0
4.2284101671, 1.01084429147, 1.4990385883, 0.960139507739, 2.83000025223, 0.948192886473, 3.63435134823, 1.26000095545, 1.14000023095, 2.79633977083, 2.57768650157, 1.07901033741, 3.04000041884, 1.11794966455, 1.00159965183, 1.00000074104, 1.00000081816, 1.00215986763, 7.85862930553, 0.971414552302, 1.00000005011, 119.545842246, 0.841410141679, 2.56799430844, 0.964510084424, 3.29000063109, 1.00000025822, 80.0527924484, 19.398477272, 121.030990785, 1.07238605898
2.62320320833, 1.07971075024, 1.7276210136, 0.974753122182, 2.83000088485, 0.980768160234, 5.03271368739, 1.26000019574, 1.14000065287, 1.35063273119, 1.61233173287, 1.06163677976, 3.04000050875, 1.03946944962, 0.98252117473, 1.00000056952, 1.00000097839, 1.06641874968, 9.95429980092, 0.919302890363, 1.00000041188, 117.67791988, 0.974906534639, 4.09393650541, 0.990472316409, 3.29000098013, 1.00000050906, 38.6112593592, 15.8493691221, 227.892931416, 0.268096514745
3.60452464043, 1.04067005413, 1.73148017195, 0.815032107589, 2.83000063361, 0.929734561366, 3.3911656236, 1.26000038869, 1.14000004806, 1.84054610889, 3.0895538139, 0.999202338945, 3.04000040929, 1.09126836213, 1.02781697386, 1.00000027631, 1.00000087091, 1.08204956197, 3.19487823615, 0.985948951183, 1.00000042509, 80.4613406361, 0.872725849925, 3.23264077877, 0.985985620845, 3.29000057551, 1.00000020958, 83.215868231, 19.41380351, 132.793557796, 1.07238605898
2.60536793409, 1.0873982662, 1.48091810951, 0.937466900355, 2.83000080686, 1.0595614491, 1.73769998149, 1.26000007327, 1.14000051166, 2.93055569568, 2.85953831673, 1.01229070907, 3.04000000713, 1.04148053212, 0.855282415087, 1.00000051771, 1.00000016536, 1.03787726332, 9.4365097564, 0.92328370606, 1.00000052233, 116.296420689, 0.877315651357, 2.39993807868, 1.00481261831, 3.290000405, 1.00000004209, 324.597940784, 29.0533576986, 909.738767778, 0.0
3.56769605684, 1.13148847777, 1.59417660522, 0.997322328673, 2.83000041546, 1.16303437604, 5.65469821289, 1.26000022097, 1.14000069243, 1.72234939081, 2.07780200458, 0.992078564153, 3.04000003844, 1.07836160073, 0.983183465942, 1.00000062696, 1.00000085805, 1.05850720652, 7.47104020153, 0.972892244622, 1.00000010972, 84.3167885472, 0.959549661811, 2.96029837987, 1.06829607324, 3.29000099485, 1.00000085692, 141.325582394, 13.9839408722, 1311.4285474, 1.07238605898
1.60895662214, 1.13151976127, 1.36153165782, 0.851828766553, 2.83000098568, 0.991314297844, 1.49826108851, 1.26000018498, 1.14000053258, 1.5026938474, 3.03216513299, 1.09776052117, 3.04000012808, 1.02036733429, 0.793893058731, 1.00000022517, 1.00000018827, 1.01071217623, 9.09062835837, 0.999422268264, 1.00000015521, 104.753645452, 0.943998293558, 5.96502768819, 1.00058663583, 3.29000020553, 1.00000037913, 120.626986894, 13.1650068944, 852.510513463, 1.34048257373
4.2284101671, 1.01084429147, 1.4990385883, 0.899028323646, 2.83000025223, 0.948192886473, 3.63435134823, 1.26000095545, 1.14000023095, 2.79633977083, 2.30208895403, 1.07901033741, 3.04000041884, 1.10818106731, 0.997018529197, 1.00000074104, 1.00000081816, 1.01056637165, 7.85862930553, 0.971414552302, 1.00000006923, 119.545842246, 0.841410141679, 2.56799430844, 0.964510084424, 3.29000063109, 1.00000025822, 197.219618885, 15.4267655585, 738.883860471, 1.07238605898
3.30360948913, 1.11900133617, 1.46089392181, 0.848747585385, 2.83000005437, 1.02215783444, 2.22805642721, 1.26000067444, 1.14000024996, 1.39352514168, 3.04110650623, 1.06272185049, 3.04000092831, 1.06031234194, 0.936580738433, 1.00000011576, 1.00000008356, 1.02570522275, 4.62417784876, 0.979723660215, 1.00000092951, 91.3002607073, 0.929634595799, 2.23983942167, 1.02347502219, 3.29000023111, 1.00000057926, 698.902003386, 26.8720388399, 2084.13607672, 0.0
2.82386887584, 1.13284201046, 1.48091810951, 0.937466900355, 2.83000080686, 1.0595614491, 1.52868276216, 1.26000007327, 1.14000060957, 2.93055569568, 2.57768650157, 0.937074318582, 3.04000000713, 1.04148053212, 0.855282415087, 1.00000042311, 1.00000016536, 1.03787726332, 6.928356752, 0.92328370606, 1.00000052233, 116.296420689, 0.877315651357, 2.39993807868, 1.00481261831, 3.290000405, 1.00000004209, 663.370793808, 26.9451609384, 2096.87615776, 0.0
3.85001442587, 1.0747039785, 1.58241179955, 0.802577501707, 2.83000065246, 0.879755729814, 5.61636324917, 1.26000057791, 1.14000038718, 1.76043305346, 2.01206970916, 1.05415433276, 3.04000045885, 1.04253452319, 0.839629195111, 1.00000044401, 1.00000030051, 1.01071217623, 9.02139340345, 0.961140635516, 1.00000004004, 123.341706251, 0.916221401554, 3.4884998554, 1.05501343603, 3.29000098629, 1.00000004139, 284.50764636, 27.0907999873, 2420.75388875, 0.0
2.32643949816, 1.0299546755, 1.73148017195, 0.842538571919, 2.83000063361, 0.929734561366, 3.3911656236, 1.26000099515, 1.14000004806, 1.84054610889, 3.0895538139, 0.999202338945, 3.04000089205, 1.09126836213, 1.02781697386, 1.00000027631, 1.00000087091, 1.09533513456, 3.10901369668, 0.943069304027, 1.00000042509, 86.573096237, 0.872725849925, 4.49961775046, 0.985985620845, 3.29000057551, 1.00000020958, 315.101200973, 21.9397408661, 2935.05036851, 0.0
2.35361407923, 1.01071063897, 1.72448422178, 0.939935123444, 2.83000086386, 1.03814467424, 1.68639455193, 1.2600007113, 1.14000096432, 3.37490013792, 2.06037561733, 0.981359555132, 3.04000059471, 1.11488075359, 0.909460381038, 1.00000049614, 1.00000061492, 1.02203823431, 5.77901387782, 0.970090430354, 1.00000023325, 106.668305022, 0.893841407989, 3.43325335748, 1.0083064773, 3.29000042099, 1.00000076478, 57.3439641339, 8.99495652188, 240.363591598, 4.28954423592
1.50535832731, 1.04675497778, 1.36650080315, 0.828225157383, 2.83000056952, 1.1459476665, 1.67684750736, 1.26000030253, 1.14000050752, 3.12748608144, 2.13893678821, 0.901904523291, 3.04000090832, 1.08469491526, 1.03889910001, 1.00000049332, 1.00000022427, 1.10098508381, 3.40149565146, 0.94396867327, 1.00000096344, 84.1254358708, 0.907624308233, 5.36450043971, 1.0027269061, 3.29000054984, 1.00000013797, 88.332118525, 9.74587426658, 280.837590357, 3.48525469169
2.35361407923, 1.01071063897, 1.72448422178, 0.939935123444, 2.83000086386, 1.03814467424, 1.68639455193, 1.26000028889, 1.14000083834, 3.37490013792, 2.06037561733, 0.981359555132, 3.04000059471, 1.11488075359, 0.909460381038, 1.00000049614, 1.00000061492, 1.02049358514, 5.77901387782, 0.970090430354, 1.000000793, 106.668305022, 0.870285780892, 4.35288059503, 1.0083064773, 3.29000042099, 1.00000076478, 47.7285306769, 9.79896377488, 119.416099556, 2.68096514745
2.60536793409, 1.0873982662, 1.48091810951, 0.901310444798, 2.83000080686, 1.0595614491, 1.52868276216, 1.26000007327, 1.14000030968, 2.1038265481, 2.85953831673, 1.01229070907, 3.04000000713, 1.04148053212, 0.855282415087, 1.00000051771, 1.00000066943, 1.03787726332, 9.4365097564, 0.92328370606, 1.00000052233, 116.296420689, 0.877315651357, 2.39993807868, 0.98456698604, 3.290000405, 1.00000004209, 33.5339875139, 8.96195394605, 302.978315087, 1.87667560322
1.00286002045, 1.11581569058, 1.3723247062, 0.802803944479, 2.83000039667, 0.968393288747, 5.3219079519, 1.26000055282, 1.14000081997, 2.78951315649, 2.53829699615, 1.08056933437, 3.04000085629, 1.04698258601, 1.00893871705, 1.00000066244, 1.00000057312, 1.00651698431, 6.68975177127, 0.923465461916, 1.00000051444, 101.481815108, 0.981825261924, 2.29679434593, 1.06635877865, 3.2900002717, 1.00000010468, 126.201328457, 13.1197168623, 197.921680764, 1.60857908847
3.85001442587, 1.04675497778, 1.36650080315, 0.975124904619, 2.83000065246, 1.16318857263, 1.67684750736, 1.2600001136, 1.14000050752, 3.12748608144, 2.70189877477, 0.901904523291, 3.04000090832, 1.05198988848, 1.03889910001, 1.00000082154, 1.00000022427, 1.10098508381, 3.40149565146, 0.946694786871, 1.00000096344, 118.388886696, 0.907624308233, 4.41985402564, 1.05571519706, 3.29000004955, 1.00000013797, 47.1468077189, 8.41484716298, 274.15275009, 4.82573726542
4.54531272664, 1.1286240919, 1.39864366201, 0.807890684017, 2.83000046357, 0.891700121724, 4.61680621214, 1.26000032117, 1.14000017378, 2.93627695001, 2.05445555786, 0.937074318582, 3.04000080367, 1.1132080873, 0.804467212468, 1.00000096152, 1.00000003211, 1.05060605532, 8.44069321234, 0.989891770729, 1.00000052233, 79.9595606692, 0.997566469372, 5.22588684739, 1.02797200831, 3.29000076905, 1.00000062776, 17.7634475418, 11.9912902754, 164.93594478, 1.87667560322
3.85001442587, 1.0747039785, 1.58241179955, 0.804621635293, 2.83000065246, 1.16512057779, 5.64069298168, 1.26000057791, 1.14000038718, 1.76043305346, 2.67489386321, 1.05415433276, 3.04000045885, 1.04253452319, 0.839912479468, 1.00000044401, 1.00000030051, 1.01071217623, 9.02139340345, 0.961140635516, 1.00000004004, 123.341706251, 0.916221401554, 3.4884998554, 1.05501343603, 3.29000098629, 1.00000004139, 56.7809573693, 10.5254228673, 80.2960263363, 3.48525469169
4.54531272664, 1.10806055323, 1.39864366201, 0.807890684017, 2.83000046357, 1.10585418973, 4.61680621214, 1.26000032117, 1.14000017378, 2.93627695001, 2.68295440793, 0.913538700112, 3.04000089205, 1.10285990504, 0.804467212468, 1.00000096152, 1.00000003211, 1.05060605532, 8.44069321234, 0.92328370606, 1.00000006493, 79.5077182927, 0.930644818971, 5.22588684739, 1.02797200831, 3.29000094173, 1.00000062776, 74.3496069885, 9.77713887424, 177.452630133, 4.02144772118
2.60536793409, 1.0873982662, 1.48091810951, 0.937466900355, 2.83000080686, 1.0595614491, 1.73769998149, 1.26000007327, 1.14000051166, 2.93055569568, 2.85953831673, 1.01229070907, 3.04000000713, 1.04148053212, 0.855282415087, 1.00000041846, 1.00000016536, 1.03787726332, 9.4365097564, 0.92328370606, 1.00000052233, 116.296420689, 0.877315651357, 2.39993807868, 1.00481261831, 3.29000050572, 1.00000004209, 54.0007847992, 8.66269205185, 181.064311175, 6.43431635389
1.5735113978, 1.11581569058, 1.645165411, 0.881634877083, 2.83000094271, 1.13711204891, 2.68310015957, 1.26000057579, 1.14000075977, 3.69215056929, 1.80775931247, 1.09305599803, 3.04000000949, 1.04251664485, 0.839912479468, 1.00000074497, 1.00000036542, 1.03501290182, 8.90828832738, 0.916315508543, 1.00000097673, 124.457928616, 0.981825261924, 3.04250044003, 1.04183677281, 3.29000098013, 1.0000003959, 486.209988042, 30.7559027948, 306.610419162, 0.268096514745
1.11067060997, 1.04759208484, 1.46089392181, 0.982595577819, 2.83000005437, 0.900557538748, 3.93216810377, 1.26000075825, 1.14000078091, 1.71572720865, 1.68724213799, 1.07565937655, 3.04000005044, 1.11798146117, 0.794248724374, 1.00000093061, 1.0000009208, 1.05018888574, 5.7657191015, 0.94760338144, 1.00000055376, 97.0261577241, 1.00349353423, 5.31645602674, 1.00349219866, 3.29000074536, 1.00000007943, 184.882169377, 17.7257580104, 1686.41726218, 0.268096514745
5.53082634013, 1.10249672805, 1.54855826009, 0.854404521512, 2.83000082671, 1.13169754605, 5.07432747646, 1.26000016613, 1.14000008214, 1.80952319451, 1.80136662791, 1.02583687413, 3.04000051058, 1.08407737426, 0.997458603588, 1.00000056813, 1.00000068519, 1.10883108147, 3.91725044069, 0.921294707154, 1.00000044947, 124.686010669, 0.873669255261, 3.62225845748, 1.04616226333, 3.29000092161, 1.00000027834, 423.697275705, 19.2723845738, 238.395241053, 1.34048257373
3.2790592699, 1.01657010503, 1.46046492704, 0.882575419263, 2.83000004608, 1.00991136441, 1.48485994622, 1.26000076044, 1.14000070258, 1.35111955159, 2.90464330533, 1.00090749136, 3.0400009114, 1.09126836213, 0.925773872779, 1.00000004177, 1.00000041545, 1.05306862844, 6.1787595514, 0.948717208167, 1.00000047836, 112.279538939, 0.903721982839, 4.59512670454, 1.05679967548, 3.29000072098, 1.00000045319, 396.312183694, 17.7449950877, 660.766568281, 0.536193029491
4.54531272664, 1.10806055323, 1.39864366201, 0.807890684017, 2.83000046357, 0.891700121724, 4.61680621214, 1.26000032117, 1.14000017378, 2.93627695001, 2.68295440793, 0.913538700112, 3.04000089205, 1.10285990504, 0.804467212468, 1.00000096152, 1.00000003211, 1.05060605532, 8.44069321234, 0.943069304027, 1.00000006493, 79.9595606692, 0.997566469372, 5.22588684739, 1.02797200831, 3.29000076905, 1.00000062776, 167.728581089, 18.6460015529, 311.913450383, 0.536193029491
1.50535832731, 1.04675497778, 1.36650080315, 0.828225157383, 2.83000025919, 1.1459476665, 5.65586481372, 1.26000021337, 1.14000050752, 3.12748608144, 2.6337837232, 0.975398422523, 3.04000092137, 1.08469491526, 1.03889910001, 1.00000049332, 1.00000022427, 1.10098508381, 3.39417464875, 0.94396867327, 1.00000096344, 83.6467246973, 0.907624308233, 5.36450043971, 1.0027269061, 3.2900000847, 1.00000013797, 160.268801668, 16.9515652565, 1108.56689539, 0.536193029491
1.19368264023, 1.01585537831, 1.51909894879, 0.988642237757, 2.83000090877, 1.01338304024, 3.27623137262, 1.26000027466, 1.14000012108, 3.6299876074, 1.61248239922, 0.91758473671, 3.0400009889, 1.04568320237, 0.98252117473, 1.00000084024, 1.00000029376, 1.07027948118, 3.83481844061, 0.964642998384, 1.00000091359, 103.961489751, 0.919051840924, 5.32965442026, 0.953807462372, 3.29000027959, 1.00000048123, 185.615403055, 18.1280429316, 414.524868845, 0.268096514745
1.39359074335, 1.1369933113, 1.47667657641, 0.805097990322, 2.8300006384, 1.05719318825, 5.07432747646, 1.26000032373, 1.1400009025, 1.45376547114, 2.52997090291, 1.08322626868, 3.04000099509, 1.11770351197, 0.869889480659, 1.00000066416, 1.00000046806, 1.07650064572, 9.57895891602, 0.934825708069, 1.00000031131, 83.4858196846, 1.04998019526, 1.79623837344, 1.05196643473, 3.29000057953, 1.00000088775, 90.8725842869, 19.37240166, 542.666645832, 0.536193029491
1.50535832731, 1.04675497778, 1.36650080315, 0.828225157383, 2.83000056952, 1.16318857263, 1.67684750736, 1.26000030253, 1.14000050752, 3.12748608144, 2.45838992142, 1.07901033741, 3.04000090832, 1.05198988848, 1.03889910001, 1.00000049332, 1.00000022427, 1.10098508381, 3.40149565146, 0.94396867327, 1.00000096344, 112.834446435, 0.907624308233, 5.36450043971, 1.05571519706, 3.29000004955, 1.00000013797, 112.29861858, 16.0766328548, 345.371251053, 1.34048257373
1.39359074335, 1.13654278615, 1.34141889251, 0.941527019775, 2.8300006384, 1.16242200238, 1.50612750096, 1.26000059238, 1.14000047849, 1.45376547114, 1.59088902649, 1.01436341304, 3.04000099509, 1.11770351197, 0.869889480659, 1.00000066416, 1.00000033255, 1.06066631726, 9.57895891602, 0.934825708069, 1.00000065584, 83.4858196846, 1.04546542864, 1.79623837344, 1.03436464541, 3.29000057953, 1.00000086779, 521.29792565, 31.6014367463, 1306.3107398, 0.0
4.28953125574, 1.06096258536, 1.34299985332, 0.971645770265, 2.83000061766, 0.996382823611, 1.79880501767, 1.26000027029, 1.14000070594, 3.34405210882, 3.098763931, 0.881036156678, 3.04000031721, 1.03806813263, 0.941397399049, 1.0000009996, 1.00000033302, 1.02185165891, 6.14535280477, 0.921092560225, 1.00000050329, 105.337426385, 1.01444286108, 2.88093043234, 0.975903317021, 3.29000024854, 1.00000036384, 76.7897542068, 9.42717694533, 252.574372781, 6.43431635389
1.50535832731, 1.04675497778, 1.36650080315, 0.828225157383, 2.83000056952, 1.1459476665, 1.67684750736, 1.26000030253, 1.14000050752, 3.12748608144, 2.70189877477, 0.901904523291, 3.04000090832, 1.08469491526, 1.03889910001, 1.00000049332, 1.00000022427, 1.10098508381, 3.40149565146, 0.94396867327, 1.00000096344, 84.1254358708, 0.907624308233, 5.36450043971, 1.0027269061, 3.29000004955, 1.00000013797, 82.4584151065, 10.0249318716, 231.315569967, 3.75335120643
1.00286002045, 1.0951776846, 1.37908116704, 0.807045267431, 2.83000048038, 0.968393288747, 2.18369443548, 1.26000032373, 1.14000023492, 2.78951315649, 2.15561122098, 0.914489540962, 3.04000098093, 1.04698258601, 1.00893871705, 1.00000028258, 1.00000046806, 1.0077575364, 6.68975177127, 0.924074355791, 1.00000007707, 104.144762701, 0.958376956258, 2.29679434593, 1.06635877865, 3.2900002717, 1.00000010468, 276.26046857, 28.8020186288, 5509.73544894, 0.0
5.58606987726, 1.05059210501, 1.41472290868, 0.804925194905, 2.83000025791, 0.895212798381, 2.15155669942, 1.26000099988, 1.14000027366, 3.46223903924, 3.07421852938, 0.977032956562, 3.04000081912, 1.0807086824, 1.05961563446, 1.00000024135, 1.00000003187, 1.04792227709, 4.08034732735, 0.930348692159, 1.0000008302, 75.5179713931, 0.924853385565, 3.78240599738, 1.01662004782, 3.29000039414, 1.00000090664, 682.966477778, 27.9302108423, 1688.52654638, 0.0
4.54531272664, 1.07279733, 1.39864366201, 0.807890684017, 2.83000046357, 0.891700121724, 4.61680621214, 1.26000032117, 1.14000017378, 2.93627695001, 2.68295440793, 0.937074318582, 3.04000064435, 1.11355292451, 0.798053877974, 1.00000096152, 1.00000003211, 1.05060605532, 8.44069321234, 0.943069304027, 1.00000052233, 79.9595606692, 0.870755978268, 5.22588684739, 1.02797200831, 3.29000076905, 1.00000062776, 266.486752889, 13.7260915005, 445.130624925, 1.60857908847
5.86172996339, 1.10325632788, 1.59763191339, 0.979608514411, 2.8300006054, 0.976624245864, 1.90014623997, 1.26000036083, 1.14000022766, 3.50849546512, 1.93915172252, 0.975398422523, 3.04000048574, 1.06841900394, 1.03010262205, 1.00000009497, 1.00000047636, 1.0933040047, 3.07743309251, 0.94827619425, 1.000000793, 87.8494628388, 0.870285780892, 1.14829365541, 1.05123790917, 3.29000087504, 1.00000002724, 550.555989367, 24.8061716885, 6399.78498819, 0.0
1.00286002045, 1.04962225697, 1.3723247062, 0.806093649099, 2.83000039667, 0.968393288747, 5.3219079519, 1.26000032373, 1.14000081997, 2.78951315649, 2.53829699615, 1.08056933437, 3.04000085629, 1.04698258601, 1.00893871705, 1.00000066244, 1.00000057312, 1.0077575364, 6.68975177127, 0.923465461916, 1.00000051444, 101.481815108, 0.958376956258, 2.29679434593, 1.06635877865, 3.2900002717, 1.00000010468, 1101.96401325, 24.9082161406, 6043.51748887, 0.0
3.6720809115, 1.01657010503, 1.44257353998, 0.882575419263, 2.83000004608, 1.00991136441, 1.20965005638, 1.26000027253, 1.14000070258, 1.35111955159, 2.75448836548, 1.00090749136, 3.04000094675, 1.09126836213, 0.925773872779, 1.00000004177, 1.00000041545, 1.05306862844, 6.1787595514, 0.918205097581, 1.00000047836, 112.279538939, 0.903721982839, 4.59512670454, 1.05679967548, 3.29000072098, 1.00000045319, 1153.04697768, 26.0074186787, 4999.2177156, 0.0
4.28953125574, 1.06096258536, 1.55833229874, 0.971645770265, 2.83000077113, 1.1105154266, 1.79880501767, 1.26000027029, 1.14000070594, 3.34405210882, 3.098763931, 0.881036156678, 3.04000069158, 1.03806813263, 1.08767552145, 1.00000095452, 1.00000033302, 1.09061993707, 8.59337873302, 0.921092560225, 1.00000050329, 105.337426385, 0.932607352615, 2.88093043234, 0.955405653564, 3.29000024854, 1.00000036384, 699.539748319, 22.3440912821, 6604.6572002, 0.0
1.86711415134, 1.11010749467, 1.37625966801, 0.968242925291, 2.83000017305, 0.902318017117, 3.70954150811, 1.26000034493, 1.14000070254, 3.50849546512, 2.79196135513, 0.991698570182, 3.04000071047, 1.04315902669, 0.910338309578, 1.00000072526, 1.00000035492, 1.00698615796, 4.08034732735, 0.988165954901, 1.00000013371, 123.843042293, 1.0863761327, 3.53466292607, 0.982933818681, 3.29000097407, 1.00000012461, 43.1880934064, 11.4072889776, 371.132485708, 2.14477211796
2.82386887584, 1.13284201046, 1.6005129757, 0.937466900355, 2.83000088483, 1.0595614491, 5.18970956851, 1.26000007327, 1.14000065491, 3.37825972323, 2.57768650157, 0.937074318582, 3.04000000713, 1.04148053212, 0.855282415087, 1.00000042311, 1.00000037082, 1.0292273679, 6.928356752, 0.92328370606, 1.00000021333, 116.296420689, 0.877315651357, 2.39993807868, 1.00481261831, 3.290000405, 1.00000004209, 308.472411784, 17.3636514943, 2860.67702929, 0.536193029491
4.2284101671, 1.01084429147, 1.4990385883, 0.960139507739, 2.83000025223, 0.948192886473, 3.63435134823, 1.26000095545, 1.14000023095, 2.79633977083, 2.30208895403, 1.07901033741, 3.04000041884, 1.11794966455, 1.00159965183, 1.00000074104, 1.00000081816, 1.01056637165, 7.85862930553, 0.971414552302, 1.00000005011, 119.545842246, 0.841410141679, 2.56799430844, 0.964510084424, 3.29000063109, 1.00000025822, 190.426299188, 26.4881746177, 353.89811694, 0.536193029491
1.97246092126, 1.07942417733, 1.54317918699, 0.814376974422, 2.83000065377, 1.01338304024, 4.5307193928, 1.26000019155, 1.14000070258, 3.15872915844, 2.07043445134, 0.966896575151, 3.04000031721, 1.04529351592, 1.04032339529, 1.0000004385, 1.00000054737, 1.09137852102, 6.14535280477, 0.993246516987, 1.00000008426, 82.635334162, 0.960580264148, 2.1990270532, 0.975903317021, 3.29000021234, 1.00000001277, 128.95882826, 16.5904432287, 623.868940551, 1.07238605898
5.58606987726, 1.11900133617, 1.41472290868, 0.804925194905, 2.83000025791, 0.895212798381, 1.9816747699, 1.26000099988, 1.14000027366, 3.46223903924, 3.07421852938, 0.977032956562, 3.04000081912, 1.0807086824, 0.936580738433, 1.00000024135, 1.00000003187, 1.04792227709, 4.08034732735, 0.923261314281, 1.0000008302, 75.5179713931, 0.924853385565, 3.78240599738, 1.01662004782, 3.29000039414, 1.00000057926, 284.845986042, 17.5084958073, 515.733670628, 1.07238605898
3.04374675009, 1.06553477589, 1.53071467201, 0.857128139121, 2.83000009589, 0.982533831588, 5.03544149244, 1.26000040532, 1.14000030968, 2.1038265481, 1.9553160563, 0.91758473671, 3.0400000967, 1.01849895765, 0.971774260232, 1.00000064118, 1.00000066943, 1.0788708041, 9.34420145063, 0.93130245751, 1.00000024793, 109.93713949, 0.886368024363, 3.49053536474, 0.954725731135, 3.29000062679, 1.00000066934, 407.867738755, 23.0456074483, 908.837517022, 0.268096514745
5.10505898109, 1.05823123254, 1.35128370366, 0.9761278561, 2.83000066587, 1.05258310313, 1.77285921127, 1.26000085776, 1.14000062375, 2.93724951327, 1.75728541841, 0.976403428181, 3.04000068216, 1.05227294399, 0.987590989237, 1.00000079236, 1.00000031384, 1.00028824087, 3.37833966996, 0.916976401192, 1.00000069337, 87.0313131811, 0.995093124715, 4.00128400479, 1.00152212317, 3.29000034057, 1.00000032521, 339.33630883, 22.3812902972, 937.489525776, 0.268096514745
3.2790592699, 1.01657010503, 1.46046492704, 0.882575419263, 2.83000015383, 1.00991136441, 1.48485994622, 1.26000075107, 1.14000070258, 1.35111955159, 2.06213723166, 1.03919529011, 3.0400009114, 1.09126836213, 0.925773872779, 1.00000061958, 1.00000081847, 1.05306862844, 7.7970575861, 0.948717208167, 1.00000076736, 112.279538939, 0.903721982839, 4.59512670454, 1.05679967548, 3.29000072098, 1.00000090172, 741.98270432, 22.7869369092, 11769.0817369, 0.0
4.28953125574, 1.06096258536, 1.55833229874, 0.971645770265, 2.83000061766, 1.1105154266, 1.79880501767, 1.26000027029, 1.14000070594, 3.34405210882, 3.098763931, 0.881036156678, 3.04000069158, 1.03806813263, 1.08767552145, 1.00000095452, 1.00000033302, 1.09061993707, 8.59337873302, 0.921092560225, 1.00000050329, 105.337426385, 0.932607352615, 2.88093043234, 0.955405653564, 3.29000024854, 1.00000036384, 400.294167234, 31.7080565775, 1407.9876679, 0.0
4.9497121355, 1.08334954317, 1.6092170742, 0.852939180566, 2.83000077113, 1.0737897954, 4.44572005654, 1.26000072911, 1.14000024879, 3.09383523623, 2.95336744046, 0.951531077433, 3.0400006396, 1.08483134696, 0.941412857057, 1.00000048495, 1.00000036395, 1.06523642709, 4.92789376951, 0.962378134043, 1.00000077684, 106.953075174, 1.03756597345, 2.78326266947, 0.955856870602, 3.29000017889, 1.00000017206, 90.2372148807, 11.7901307198, 517.253536279, 2.14477211796
2.62320320833, 1.07971075024, 1.7276210136, 0.974753122182, 2.83000088485, 1.0166669775, 5.03271368739, 1.26000019574, 1.14000099008, 3.58997106446, 1.61233173287, 1.06163677976, 3.04000081912, 1.06514577125, 1.06056131578, 1.00000056952, 1.00000003187, 1.06641874968, 9.47320677555, 0.919302890363, 1.00000041188, 117.67791988, 0.974906534639, 4.09393650541, 0.990472316409, 3.29000092006, 1.00000050906, 91.7542081651, 20.0696659113, 313.288495396, 1.07238605898
1.39359074335, 1.13654278615, 1.34141889251, 0.941527019775, 2.8300006384, 1.05719318825, 1.50612750096, 1.26000059238, 1.14000047849, 1.45376547114, 1.59088902649, 1.01436341304, 3.04000099509, 1.11770351197, 0.869889480659, 1.00000066416, 1.00000033255, 1.06066631726, 9.57895891602, 0.934825708069, 1.00000065584, 83.4858196846, 1.04998019526, 1.79623837344, 1.03436464541, 3.29000057953, 1.00000086779, 134.96873153, 14.0328717242, 751.815062837, 1.60857908847
1.50535832731, 1.04675497778, 1.36650080315, 0.828225157383, 2.83000056952, 1.16318857263, 2.28009469531, 1.26000030253, 1.14000050752, 3.12748608144, 2.70189877477, 0.901904523291, 3.04000090832, 1.05198988848, 1.03889910001, 1.00000049332, 1.00000011975, 1.10098508381, 3.40149565146, 0.94396867327, 1.00000096344, 112.834446435, 0.907624308233, 5.36450043971, 1.04435370131, 3.29000028542, 1.00000013797, 603.944190189, 33.9801558675, 662.088933452, 0.268096514745
1.39359074335, 1.13654278615, 1.34141889251, 0.941527019775, 2.8300006384, 1.05719318825, 1.50612750096, 1.26000059238, 1.14000047849, 1.45376547114, 1.59088902649, 1.01436341304, 3.04000099509, 1.11770351197, 0.869889480659, 1.00000066416, 1.00000033255, 1.06066631726, 9.57895891602, 0.934825708069, 1.00000065584, 83.4858196846, 1.04998019526, 1.79623837344, 1.03436464541, 3.29000057953, 1.00000086779, 129.580454747, 17.0496931442, 642.21380375, 1.07238605898
3.29129689168, 1.07942417733, 1.4039304045, 0.823153370796, 2.83000065377, 1.01338304024, 4.5307193928, 1.26000050863, 1.14000070258, 2.4055987799, 2.07043445134, 0.966896575151, 3.04000031721, 1.04529351592, 1.04032339529, 1.0000004385, 1.00000054737, 1.09137852102, 6.14535280477, 0.993246516987, 1.00000008426, 82.635334162, 0.960580264148, 2.1990270532, 0.975903317021, 3.29000021234, 1.00000001277, 376.655344893, 22.7497134335, 1101.45062028, 0.268096514745
3.30360948913, 1.11900133617, 1.46089392181, 0.848747585385, 2.83000005437, 1.02215783444, 2.22805642721, 1.26000067444, 1.14000024996, 1.39352514168, 3.04110650623, 1.06272185049, 3.040000751, 1.06031234194, 0.936580738433, 1.00000011576, 1.00000008356, 1.02570522275, 4.62417784876, 0.979723660215, 1.00000092951, 91.3002607073, 0.929634595799, 5.4719532292, 1.02347502219, 3.29000023111, 1.00000057926, 555.774096638, 25.1220297364, 476.932175188, 0.536193029491
1.63985876627, 1.04938066752, 1.60702190225, 0.84114326498, 2.83000060786, 1.12471982218, 1.97225080099, 1.26000099235, 1.14000060072, 2.31014582861, 2.66177459628, 0.887948575554, 3.04000010813, 1.06404202263, 0.908418057985, 1.00000041442, 1.00000099361, 1.02278828871, 9.21767725331, 0.977835448428, 1.00000061169, 76.4799262089, 0.930644818971, 4.03295790191, 1.01500368161, 3.29000092059, 1.0000001368, 499.409212496, 34.8496136236, 1612.34488378, 0.0
4.54531272664, 1.07279733, 1.40000253214, 0.807890684017, 2.83000046357, 0.891700121724, 4.61680621214, 1.26000032117, 1.14000017378, 1.54583697985, 2.68295440793, 0.937074318582, 3.04000064435, 1.11355292451, 0.798053877974, 1.00000099734, 1.00000003211, 1.05060605532, 8.44069321234, 0.943069304027, 1.00000052233, 79.9595606692, 0.870755978268, 5.22588684739, 1.02797200831, 3.29000076905, 1.00000062776, 138.596637552, 11.7626429434, 680.414124882, 3.21715817694
1.63985876627, 1.04938066752, 1.60702190225, 0.865887858789, 2.83000060786, 1.12471982218, 1.97225080099, 1.26000099235, 1.14000060072, 2.31014582861, 2.66177459628, 0.887948575554, 3.04000010813, 1.06404202263, 0.908418057985, 1.00000041442, 1.00000099361, 1.02278828871, 9.21767725331, 0.97350161192, 1.00000066889, 110.477503972, 0.930644818971, 4.03295790191, 1.01500368161, 3.29000060011, 1.0000001368, 60.3272243057, 11.0956429947, 2075.02811767, 4.55764075067
5.53082634013, 1.10249672805, 1.54855826009, 0.854404521512, 2.83000020773, 1.13169754605, 5.21470228899, 1.26000016613, 1.14000008214, 1.80952319451, 1.80136662791, 1.02583687413, 3.04000051058, 1.08407737426, 1.00254156997, 1.00000056813, 1.0000007242, 1.10839764624, 3.91725044069, 0.932445374215, 1.00000044947, 123.179541174, 0.873669255261, 3.62225845748, 1.04616226333, 3.29000092161, 1.00000027834, 60.0897813495, 18.5817698453, 745.948377982, 1.60857908847
3.61532680777, 1.08564887683, 1.64441108406, 0.975700942263, 2.83000074296, 1.14989351589, 1.53536093823, 1.26000036185, 1.14000093364, 2.14201465996, 2.19502337167, 1.01640638607, 3.04000019682, 1.11984229652, 0.896571282938, 1.0000005655, 1.00000000437, 1.02758728271, 9.82946446613, 0.92755828945, 1.0000000481, 99.3083283217, 1.04271649055, 3.9339262453, 0.986811029542, 3.29000070789, 1.00000016581, 871.307244789, 42.0069329933, 694.006270486, 0.268096514745
1.92387313327, 1.01657010503, 1.46046492704, 0.810620428024, 2.83000015383, 1.00991136441, 1.05666962429, 1.26000034493, 1.14000082757, 1.35111955159, 2.26211401206, 1.03919529011, 3.0400009114, 1.09126836213, 0.925773872779, 1.00000099318, 1.00000057527, 1.10648524654, 7.7970575861, 0.961021654861, 1.00000076736, 112.279538939, 0.903721982839, 5.77507815645, 1.05679967548, 3.29000072098, 1.00000090172, 47.9312028599, 11.9768733036, 765.056109635, 2.14477211796
5.53082634013, 1.10249672805, 1.54855826009, 0.854404521512, 2.83000020773, 1.1316093769, 5.21470228899, 1.26000016613, 1.14000008214, 1.80952319451, 1.80136662791, 1.02583687413, 3.04000056124, 1.08407737426, 1.00254156997, 1.00000065213, 1.0000007242, 1.10839764624, 5.59348573486, 0.932445374215, 1.00000044947, 123.179541174, 0.873669255261, 3.62225845748, 1.04616226333, 3.29000092161, 1.00000027834, 182.99198227, 12.6971438069, 1560.54425247, 1.87667560322
3.2790592699, 1.01657010503, 1.46046492704, 0.882575419263, 2.83000015383, 1.00991136441, 1.48485994622, 1.26000075107, 1.14000070258, 1.35111955159, 2.06213723166, 1.03919529011, 3.0400009114, 1.09126836213, 0.925773872779, 1.00000004177, 1.00000057527, 1.05306862844, 7.7970575861, 0.948717208167, 1.00000076736, 112.279538939, 0.903721982839, 4.59512670454, 1.05679967548, 3.29000072098, 1.00000090172, 109.150994921, 10.9026263257, 663.306738839, 3.75335120643
3.66105177314, 1.06688295206, 1.57167957233, 0.817006584638, 2.83000071657, 0.984966493725, 4.32638614458, 1.26000015672, 1.14000043282, 1.26425971826, 1.81719465085, 1.08079729933, 3.04000053299, 1.10504085428, 0.870318833322, 1.00000030801, 1.00000030316, 1.09955823106, 9.55998738511, 0.936827756407, 1.00000076132, 106.460735189, 0.925948438303, 2.87531364032, 1.00017527526, 3.29000079464, 1.00000029677, 369.466030662, 29.0189825847, 466.064725726, 0.536193029491
3.2790592699, 1.01657010503, 1.46046492704, 0.882575419263, 2.83000015383, 1.00991136441, 1.05666962429, 1.26000034493, 1.14000082757, 1.35111955159, 2.06213723166, 1.03919529011, 3.0400009114, 1.09126836213, 0.925773872779, 1.00000040216, 1.00000057527, 1.10648524654, 7.7970575861, 0.961021654861, 1.00000076736, 112.279538939, 0.903721982839, 4.59512670454, 1.05679967548, 3.29000072098, 1.00000090172, 656.634191971, 34.4193524955, 1602.96771597, 0.0
1.50535832731, 1.04675497778, 1.36650080315, 0.975124904619, 2.83000056952, 1.16318857263, 1.67684750736, 1.2600001136, 1.14000050752, 3.12748608144, 2.70189877477, 0.901904523291, 3.04000090832, 1.05198988848, 1.03889910001, 1.00000049332, 1.00000022427, 1.10098508381, 3.40149565146, 0.94396867327, 1.00000096344, 112.834446435, 0.907624308233, 5.36450043971, 1.05571519706, 3.29000004955, 1.00000013797, 2244.64042028, 38.8484761653, 1412.53809732, 0.0
5.53082634013, 1.10249672805, 1.54855826009, 0.854404521512, 2.83000082671, 1.13169754605, 5.07432747646, 1.26000016613, 1.14000008214, 1.80952319451, 1.80136662791, 1.02583687413, 3.04000051058, 1.08407737426, 1.00254156997, 1.00000056813, 1.00000068519, 1.10883108147, 3.91725044069, 0.932445374215, 1.00000044947, 124.686010669, 0.873669255261, 3.62225845748, 1.04616226333, 3.29000092161, 1.00000027834, 216.815102587, 18.453871216, 1714.23417305, 0.804289544236
5.86172996339, 1.12524756168, 1.59763191339, 0.979608514411, 2.8300006054, 0.976624245864, 4.32638614458, 1.26000036083, 1.14000022766, 3.50849546512, 1.93915172252, 0.975398422523, 3.04000048574, 1.06841900394, 0.790048566027, 1.00000009497, 1.00000047636, 1.0933040047, 3.0744486057, 0.94827619425, 1.000000793, 87.8494628388, 0.870285780892, 1.14829365541, 0.957206387497, 3.29000087504, 1.00000002724, 246.409690768, 19.6259985709, 652.617553498, 0.536193029491
2.62320320833, 1.09726276155, 1.7276210136, 0.974753122182, 2.83000015637, 0.962155797556, 4.32149706492, 1.26000027039, 1.14000065287, 1.35063273119, 1.61233173287, 1.06163677976, 3.04000050875, 1.06514577125, 1.06056131578, 1.00000018945, 1.00000097839, 1.06641874968, 9.88508402976, 0.919302890363, 1.00000041188, 83.3214127596, 0.974906534639, 4.09393650541, 0.990472316409, 3.29000092006, 1.00000050906, 199.631252299, 13.1049257225, 420.042735126, 2.68096514745
2.60536793409, 1.0873982662, 1.48091810951, 0.937466900355, 2.83000080686, 1.0595614491, 1.52868276216, 1.26000007327, 1.14000060957, 2.93055569568, 2.85953831673, 1.01229070907, 3.04000000713, 1.04148053212, 0.855282415087, 1.00000051771, 1.00000016536, 1.03787726332, 9.4365097564, 0.92328370606, 1.00000052233, 116.296420689, 0.877315651357, 2.39993807868, 1.00481261831, 3.290000405, 1.00000004209, 833.279755782, 27.4648179598, 3674.63905538, 0.0
3.04374675009, 1.06553477589, 1.53071467201, 0.857128139121, 2.83000009589, 0.982533831588, 5.03544149244, 1.26000040532, 1.14000030968, 2.1038265481, 1.9553160563, 1.06309180957, 3.0400000967, 1.01849895765, 0.971774260232, 1.00000064118, 1.00000066943, 1.0788708041, 9.34420145063, 0.93130245751, 1.00000024793, 118.550616533, 0.886368024363, 3.49053536474, 0.954725731135, 3.29000062679, 1.00000066934, 143.983909622, 13.8559720607, 317.68025474, 2.9490616622
4.2284101671, 1.01084429147, 1.4990385883, 0.960139507739, 2.83000025223, 0.948192886473, 3.63435134823, 1.26000095545, 1.14000023095, 2.79633977083, 2.57768650157, 1.07901033741, 3.04000041884, 1.11794966455, 0.908011098233, 1.00000074104, 1.00000081816, 1.00215986763, 7.85862930553, 0.971414552302, 1.00000005011, 119.545842246, 0.841410141679, 2.56799430844, 0.964510084424, 3.29000063109, 1.00000025822, 614.271926697, 36.0999159494, 2407.50502698, 0.0
3.85001442587, 1.13377146763, 1.58241179955, 0.804621635293, 2.83000065246, 0.956205546632, 5.61636324917, 1.26000057791, 1.14000038718, 1.76043305346, 2.67489386321, 1.05415433276, 3.04000045885, 1.04253452319, 0.839629195111, 1.00000044401, 1.00000030051, 1.01071217623, 9.02139340345, 0.961140635516, 1.00000004004, 118.388886696, 0.916221401554, 3.4884998554, 1.00488526952, 3.29000098629, 1.00000004139, 117.089457765, 11.2083423722, 479.403910496, 4.28954423592
1.19368264023, 1.01585537831, 1.51909894879, 0.978093308883, 2.83000090877, 1.0329790006, 5.46084295759, 1.26000027466, 1.14000012108, 3.6299876074, 1.61248239922, 0.91758473671, 3.0400009889, 1.04568320237, 0.98252117473, 1.00000084024, 1.00000029376, 1.00254559585, 3.83481844061, 0.964642998384, 1.00000091359, 103.961489751, 0.919051840924, 4.43585057917, 0.953807462372, 3.29000027959, 1.00000048123, 106.100657688, 10.8105407527, 1376.42859601, 5.09383378016
4.8180446268, 1.04319432938, 1.44860623328, 0.865887858789, 2.83000052759, 1.16183260387, 4.48824714749, 1.26000036185, 1.14000045834, 3.31630194635, 3.04116792, 1.0109985375, 3.0400005291, 1.11893205907, 0.880265936118, 1.00000053956, 1.00000062995, 1.02807613443, 4.11280899775, 0.97350161192, 1.00000055441, 110.477503972, 0.900865352651, 4.81304371593, 0.997411514281, 3.29000049487, 1.00000016581, 399.120154028, 19.4386865889, 431.063766102, 1.07238605898
1.03056843688, 1.13654278615, 1.34141889251, 0.941527019775, 2.8300006384, 1.05719318825, 1.50612750096, 1.26000059238, 1.14000047849, 1.45376547114, 1.59088902649, 1.01436341304, 3.04000099509, 1.11770351197, 0.869889480659, 1.00000066416, 1.00000083126, 1.06066631726, 9.57895891602, 0.934825708069, 1.00000065584, 110.477503972, 1.04998019526, 1.79623837344, 1.03436464541, 3.29000057953, 1.00000086779, 112.392323165, 11.1452429972, 1034.56392627, 7.23860589812
1.50535832731, 1.04675497778, 1.36650080315, 0.828225157383, 2.83000056952, 1.16318857263, 1.67684750736, 1.26000030253, 1.14000050752, 3.12748608144, 2.70189877477, 0.901904523291, 3.04000090832, 1.05198988848, 1.03889910001, 1.00000049332, 1.00000022427, 1.10098508381, 3.40149565146, 0.94396867327, 1.00000096344, 112.834446435, 0.907624308233, 5.36450043971, 1.05571519706, 3.29000004955, 1.00000013797, 977.571060887, 29.8613754022, 2891.10749915, 0.0
2.62320320833, 1.07971075024, 1.7276210136, 0.974753122182, 2.83000088485, 0.962155797556, 5.03271368739, 1.26000019574, 1.14000065287, 1.35063273119, 1.61233173287, 1.06163677976, 3.04000050875, 1.03946944962, 1.06056131578, 1.00000056952, 1.00000097839, 1.06641874968, 9.95429980092, 0.919302890363, 1.00000041188, 117.67791988, 0.974906534639, 4.09393650541, 0.990472316409, 3.29000098013, 1.00000050906, 131.987127983, 22.322216219, 248.879170304, 2.41286863271
3.85001442587, 1.0747039785, 1.58241179955, 0.804621635293, 2.83000065246, 1.16512057779, 5.61636324917, 1.26000057791, 1.14000038718, 1.76043305346, 2.67489386321, 1.05415433276, 3.04000045885, 1.04253452319, 0.839629195111, 1.00000044401, 1.00000030051, 1.01071217623, 9.02139340345, 0.961140635516, 1.00000004004, 123.341706251, 0.916221401554, 3.4884998554, 1.05501343603, 3.29000098629, 1.00000004139, 182.641234383, 11.9846280559, 1236.79377649, 2.68096514745
1.86711415134, 1.12662989594, 1.37625966801, 0.968242925291, 2.83000017305, 0.902318017117, 3.70954150811, 1.26000034493, 1.14000070254, 1.3676760545, 2.79196135513, 0.948238868473, 3.04000071047, 1.04315902669, 0.887977740215, 1.00000072526, 1.00000035492, 1.05673543698, 4.08034732735, 0.988165954901, 1.00000013371, 111.59750164, 1.0863761327, 3.53466292607, 0.982933818681, 3.29000097205, 1.00000012461, 295.250732074, 20.7440590392, 1245.93822513, 0.536193029491
5.8009600547, 1.13206565356, 1.6175162519, 0.864145870642, 2.83000087061, 0.85896844718, 3.69389394217, 1.26000028396, 1.14000030905, 3.09303404642, 2.42013845061, 0.915170972476, 3.04000069909, 1.06912502806, 0.813995569212, 1.00000027285, 1.00000011975, 1.10167569192, 6.87237446716, 0.978296855666, 1.00000039735, 112.200409877, 1.0045115657, 3.26767236406, 1.02279467199, 3.29000074758, 1.00000043407, 55.3838928003, 13.3102197391, 1146.10917473, 2.68096514745
5.53082634013, 1.10249672805, 1.54855826009, 0.964355622886, 2.83000020773, 1.12010657916, 5.21470228899, 1.26000016613, 1.14000008214, 1.80952319451, 1.80136662791, 1.0889768624, 3.04000051058, 1.08407737426, 1.00254156997, 1.00000056813, 1.0000007242, 1.10839764624, 3.91725044069, 0.932445374215, 1.00000044947, 123.179541174, 0.873669255261, 3.62225845748, 1.04616226333, 3.29000092161, 1.00000027834, 313.282469038, 29.6852394964, 2946.41418752, 0.268096514745
2.82386887584, 1.13284201046, 1.48091810951, 0.937466900355, 2.83000088483, 1.0595614491, 1.52868276216, 1.26000007327, 1.14000065491, 2.93055569568, 2.57768650157, 0.937074318582, 3.04000000713, 1.04148053212, 0.855282415087, 1.00000042311, 1.00000037082, 1.0292273679, 6.928356752, 0.92328370606, 1.00000021333, 116.296420689, 0.877315651357, 2.39993807868, 1.00481261831, 3.290000405, 1.00000004209, 168.725837218, 14.673881844, 524.064166167, 2.14477211796
1.5735113978, 1.11581569058, 1.645165411, 0.881634877083, 2.83000094271, 1.13711204891, 2.68310015957, 1.26000057579, 1.14000075977, 3.69215056929, 1.80775931247, 1.09305599803, 3.04000011655, 1.04251664485, 0.839912479468, 1.00000074497, 1.0000002896, 1.03501290182, 8.90828832738, 0.916315508543, 1.00000097673, 124.457928616, 0.981825261924, 3.04250044003, 1.04183677281, 3.29000098013, 1.0000003959, 147.477731847, 12.0518639229, 509.651397786, 3.48525469169
1.50535832731, 1.04675497778, 1.36650080315, 0.828225157383, 2.83000025919, 1.1459476665, 5.65586481372, 1.26000021337, 1.14000050752, 3.12748608144, 2.70189877477, 0.901904523291, 3.04000092137, 1.08469491526, 1.03889910001, 1.00000049332, 1.00000022427, 1.10098508381, 3.39417464875, 0.94396867327, 1.00000096344, 84.1254358708, 0.907624308233, 5.36450043971, 1.0027269061, 3.2900000847, 1.00000013797, 223.821759973, 19.3848120484, 1640.13992701, 0.804289544236
2.82386887584, 1.13284201046, 1.48091810951, 0.937466900355, 2.83000080686, 1.0595614491, 1.52868276216, 1.26000007327, 1.14000020081, 2.93055569568, 2.57768650157, 0.937074318582, 3.04000000713, 1.04148053212, 0.855282415087, 1.00000042311, 1.00000016536, 1.03787726332, 9.02139340345, 0.92328370606, 1.00000011028, 116.296420689, 0.973256399277, 2.39993807868, 1.00481261831, 3.290000405, 1.00000004209, 366.461278205, 17.4086529136, 861.564479377, 1.34048257373
3.56769605684, 1.13148847777, 1.59417660522, 0.973364596164, 2.83000041546, 1.16303437604, 5.65469821289, 1.26000083501, 1.14000069243, 1.72234939081, 2.07780200458, 0.992078564153, 3.04000003844, 1.07620451023, 0.983183465942, 1.00000044756, 1.0000003318, 1.05850720652, 7.47104020153, 0.972892244622, 1.00000010972, 118.743280202, 0.959549661811, 2.96029837987, 1.00069927734, 3.29000023251, 1.00000085692, 987.374963165, 28.7509296733, 5040.23377363, 0.0
1.19840098544, 1.05888242537, 1.50961734131, 0.8336066422, 2.83000054008, 1.09737407858, 5.87657623426, 1.26000072754, 1.1400005442, 1.28908480496, 2.03908849895, 1.08648715363, 3.04000029311, 1.01483547839, 0.830579586253, 1.00000093279, 1.00000069399, 1.04940822307, 8.96257449258, 0.999307398101, 1.0000009912, 88.8299634609, 0.98253970076, 2.88093043234, 1.02940525607, 3.29000033227, 1.00000026909, 130.373568166, 11.5426200176, 1646.31397463, 5.63002680965
4.8180446268, 1.02760128017, 1.44860623328, 0.865887858789, 2.83000052759, 0.863908065936, 4.48824714749, 1.26000095352, 1.1400008062, 1.37891917438, 3.04116792, 1.0109985375, 3.04000019554, 1.11893205907, 0.850128736756, 1.00000053956, 1.00000062995, 1.01792604358, 4.11280899775, 0.97350161192, 1.00000055441, 86.9625140368, 0.900865352651, 4.81304371593, 0.997411514281, 3.29000049487, 1.00000053165, 470.610886813, 30.7589044725, 1345.87881774, 0.268096514745
5.80154010912, 1.08031340651, 1.62944173535, 0.864145870642, 2.83000026356, 0.85896844718, 3.69389394217, 1.26000028396, 1.14000030905, 3.09303404642, 2.42013845061, 0.915170972476, 3.04000069909, 1.11973474205, 0.813995569212, 1.00000027285, 1.00000011975, 1.10167569192, 6.87237446716, 0.978296855666, 1.00000039735, 82.561973271, 1.0045115657, 3.26767236406, 1.02279467199, 3.29000018779, 1.00000043407, 184.61135136, 17.9690353514, 540.475449745, 1.87667560322
1.63985876627, 1.04938066752, 1.60702190225, 0.84114326498, 2.83000060786, 1.12471982218, 1.97225080099, 1.26000099235, 1.14000060072, 2.31014582861, 2.66177459628, 0.887948575554, 3.04000010813, 1.06404202263, 0.908418057985, 1.00000041442, 1.00000099361, 1.02278828871, 9.21767725331, 0.977835448428, 1.00000061169, 76.4799262089, 0.930644818971, 4.03295790191, 1.01500368161, 3.29000092059, 1.0000001368, 105.347067831, 12.791438123, 487.637716106, 4.02144772118
4.2284101671, 1.01084429147, 1.4990385883, 0.899028323646, 2.83000010064, 0.850406782154, 5.98757076536, 1.26000095545, 1.14000023095, 2.79633977083, 2.12062836107, 1.07901033741, 3.04000020707, 1.10818106731, 0.997018529197, 1.00000074104, 1.00000007153, 1.01056637165, 7.85862930553, 0.971414552302, 1.00000006923, 119.545842246, 0.845206158247, 2.56799430844, 0.961449627377, 3.29000016648, 1.00000025822, 587.845925988, 26.0911243565, 2679.79358554, 0.268096514745
1.50535832731, 1.06290290137, 1.36650080315, 0.828225157383, 2.83000056952, 1.16318857263, 1.32102357413, 1.26000030253, 1.14000050752, 3.12748608144, 2.70189877477, 0.901904523291, 3.04000059541, 1.05198988848, 1.03889910001, 1.00000049332, 1.00000011975, 1.10098508381, 3.40149565146, 0.94396867327, 1.00000096344, 112.834446435, 0.907624308233, 5.36450043971, 1.04435370131, 3.29000028542, 1.00000013797, 631.74425392, 25.3673036229, 2575.92816246, 0.268096514745
