2.0, -1.0, 0.0, 0.0, 2.0, -1.0, -1.0, 3.0, 2.0, 0.0, 0.0, 2.0, 0.0, 0.0, 2.0, 0.0, 2.0, -1.0, 1.0, 0.0, 1.0, 1.0, 2.0, -1.0, 3.0, 2.0, 2.0, -1.0, 0.0, 1.0, 0.0, 1.0, 1.0, 1.0, 2.0, 2.0, -1.0, 3.0, 0.0, 1.0, 1.0, 2.0, -1.0, 0.0, 3.0, -1.0, 0.0, 2.0, 1.0, -1.0, 96600.0, 615, 99478.0
0.0, 2.0, -1.0, 1.0, 0.0, 0.0, 2.0, 2.0, 1.0, 1.0, 0.0, 0.0, -1.0, 2.0, 0.0, -1.0, 0.0, 3.0, 3.0, 0.0, 0.0, 1.0, 2.0, 3.0, -1.0, 1.0, 2.0, 2.0, 0.0, 1.0, 2.0, 2.0, 2.0, 2.0, 0.0, 2.0, 3.0, 0.0, 1.0, 0.0, 2.0, -1.0, 1.0, 3.0, -1.0, -1.0, -1.0, 1.0, 1.0, 1.0, 96359.0, 644, 99432.0
0.0, 0.0, 2.0, 1.0, 3.0, 1.0, 3.0, 1.0, 2.0, 1.0, 3.0, 2.0, -1.0, 2.0, 0.0, 3.0, 3.0, -1.0, 2.0, 3.0, -1.0, 1.0, 2.0, -1.0, 3.0, -1.0, -1.0, 0.0, 2.0, 0.0, 1.0, -1.0, 0.0, 1.0, 2.0, 2.0, 2.0, 0.0, 2.0, 0.0, 1.0, -1.0, 2.0, 1.0, 1.0, 1.0, 0.0, 2.0, 1.0, 0.0, 96385.0, 622, 99437.0
0.0, 0.0, 3.0, 2.0, 3.0, 2.0, 1.0, 0.0, 1.0, 2.0, 3.0, -1.0, 0.0, 2.0, -1.0, 0.0, -1.0, 2.0, -1.0, -1.0, 0.0, 2.0, 1.0, -1.0, 0.0, 2.0, 0.0, 2.0, 0.0, 0.0, 1.0, 2.0, 1.0, 1.0, 0.0, 2.0, 2.0, 1.0, 2.0, 2.0, 0.0, 1.0, 1.0, 0.0, 1.0, -1.0, 1.0, 1.0, 0.0, 1.0, 96232.0, 643, 99444.0
0.0, 2.0, 0.0, 3.0, 2.0, 2.0, -1.0, 1.0, -1.0, 0.0, -1.0, 3.0, 1.0, 0.0, 3.0, 2.0, 1.0, 0.0, -1.0, 3.0, 1.0, 0.0, 2.0, 2.0, 2.0, 0.0, -1.0, 2.0, 2.0, 1.0, 0.0, -1.0, 1.0, 3.0, 1.0, 3.0, 1.0, 2.0, 1.0, 0.0, 1.0, 2.0, 3.0, 1.0, 3.0, 1.0, 3.0, 0.0, 0.0, -1.0, 96535.0, 636, 99439.0
1.0, 1.0, 0.0, 2.0, 3.0, 0.0, 1.0, 0.0, 3.0, 0.0, 1.0, 1.0, 2.0, 2.0, 2.0, 3.0, 0.0, 2.0, 3.0, 1.0, 3.0, 1.0, 1.0, 1.0, -1.0, 0.0, 2.0, -1.0, 1.0, -1.0, 0.0, 3.0, 2.0, 1.0, 1.0, 2.0, 0.0, 2.0, -1.0, -1.0, -1.0, 0.0, 0.0, 0.0, 0.0, 2.0, 0.0, 0.0, 2.0, 2.0, 96031.0, 675, 99407.0
1.0, 2.0, -1.0, -1.0, -1.0, 0.0, 3.0, 0.0, 2.0, -1.0, 2.0, -1.0, -1.0, 1.0, 2.0, 2.0, 0.0, 2.0, 0.0, 2.0, 1.0, 1.0, 3.0, 1.0, 2.0, 2.0, 1.0, -1.0, 1.0, 1.0, 1.0, 3.0, -1.0, 2.0, 1.0, 2.0, 0.0, 1.0, 0.0, 0.0, -1.0, 1.0, 0.0, -1.0, 0.0, 0.0, 0.0, 1.0, 1.0, 0.0, 96373.0, 601, 99459.0
1.0, 0.0, 1.0, 0.0, 2.0, 2.0, 1.0, 0.0, 0.0, 3.0, 3.0, 1.0, -1.0, 0.0, 1.0, 0.0, 1.0, 1.0, 1.0, 3.0, 2.0, 1.0, 0.0, 2.0, 2.0, 1.0, 0.0, 0.0, 2.0, 2.0, 2.0, 3.0, 1.0, 0.0, -1.0, -1.0, 2.0, 3.0, 0.0, -1.0, 3.0, 2.0, 2.0, 0.0, -1.0, 0.0, 2.0, 1.0, 1.0, 2.0, 96010.0, 685, 99393.0
0.00097963498905, 0.0, -0.0225835706614, -1.0, 2.97954232675, 2.0, 2.04387129098, 0.0, 2.0, 2.8849911416, 2.00952173386, 2.0, 0.0, 0.0, 0.0, 0.0175465323693, 2.0, 0.0, 0.983469882848, 1.98190100735, 2.98003374234, -0.986997479492, 3.0, 2.9730883318, 2.0, 2.72573340965, 0.0143984019595, 3.0, -1.0, -0.968302746309, 2.0, -0.961632499518, -0.0272386085888, 1.00110609808, 0.0, 1.0, 0.0272251329585, -1.0, 1.0, 2.0057364293, 1.0, 1.85648296964, 1.01499788714, 1.01054305746, 2.0, 2.99515661108, 1.0, 1.0, 0.0, 3.0, 96254.0, 668, 99423.0
0.00097963498905, 0.0, -0.0225835706614, -1.0, 2.97954232675, 2.0, 2.04387129098, 0.0, 2.0, 2.8849911416, 2.00952173386, 2.0, 0.0, 0.0, 0.0, 0.0175465323693, 2.0, 0.0, 0.983469882848, 1.98190100735, 2.98003374234, -0.986997479492, 3.0, 2.9730883318, 2.0, 2.72573340965, 0.0143984019595, 3.0, -1.0, -0.968302746309, 2.0, -0.961632499518, -0.0272386085888, 1.00110609808, 0.0, 1.0, 0.0272251329585, -1.0, 1.0, 2.0057364293, 1.0, 1.85648296964, 1.01499788714, 1.01054305746, 2.0, 2.99515661108, 1.0, 1.0, 0.0, 3.0, 96254.0, 668, 99423.0
0.00097963498905, 0.0, -0.0225835706614, -1.0, 2.97954232675, 2.0, 2.04387129098, 0.0, 2.0, 2.8849911416, 2.00952173386, 2.0, 0.0, 0.0, 0.0, 0.0175465323693, 2.0, 0.0, 0.983469882848, 1.98190100735, 2.98003374234, -0.986997479492, 3.0, 2.9730883318, 2.0, 2.72573340965, 0.0143984019595, 3.0, -1.0, -0.968302746309, 2.0, -0.961632499518, -0.0272386085888, 1.00110609808, 0.0, 1.0, 0.0272251329585, -1.0, 1.0, 2.0057364293, 1.0, 1.85648296964, 1.01499788714, 1.01054305746, 2.0, 2.99515661108, 1.0, 1.0, 0.0, 3.0, 96254.0, 668, 99423.0
0.00097963498905, 0.0, -0.0225835706614, -1.0, 2.97954232675, 2.0, 2.04387129098, 0.0, 2.0, 2.8849911416, 2.00952173386, 2.0, 0.0, 0.0, 0.0, 0.0175465323693, 2.0, 0.0, 0.983469882848, 1.98190100735, 2.98003374234, -0.986997479492, 3.0, 2.9730883318, 2.0, 2.72573340965, 0.0143984019595, 3.0, -1.0, -0.968302746309, 2.0, -0.961632499518, -0.0272386085888, 1.00110609808, 0.0, 1.0, 0.0272251329585, -1.0, 1.0, 2.0057364293, 1.0, 1.85648296964, 1.01499788714, 1.01054305746, 2.0, 2.99515661108, 1.0, 1.0, 0.0, 3.0, 96254.0, 668, 99423.0
0.0, -0.00295286811818, 2.0023328153, 0.0, 1.00617980677, 1.0, 3.0, 2.0, 0.0, 0.0, 0.926926136123, 2.0, 0.0, 2.95284552694, 3.0, 1.0550824774, 1.02411204016, 1.0, -1.0, 3.0, 1.0, -0.00268690260883, 2.0, 1.98682473168, 3.0, -1.0, 2.0, 1.99382223736, 2.0, 3.0, 2.0, -0.975064613744, 0.0, 2.01373337845, 0.995718969809, 0.0, 1.0, 3.0, 1.04521996713, 3.0, 1.0, 2.0, 2.77957321802, 2.9593626774, 1.0, 0.989136186201, 2.0, -0.0576781991052, -0.968771912276, 0.0, 96194.0, 689, 99395.0
0.0, -0.00295286811818, 2.0023328153, 0.0, 1.00617980677, 1.0, 3.0, 2.0, 0.0, 0.0, 0.926926136123, 2.0, 0.0, 2.95284552694, 3.0, 1.0550824774, 1.02411204016, 1.0, -1.0, 3.0, 1.0, -0.00268690260883, 2.0, 1.98682473168, 3.0, -1.0, 2.0, 1.99382223736, 2.0, 3.0, 2.0, -0.975064613744, 0.0, 2.01373337845, 0.995718969809, 0.0, 1.0, 3.0, 1.04521996713, 3.0, 1.0, 2.0, 2.77957321802, 2.9593626774, 1.0, 0.989136186201, 2.0, -0.0576781991052, -0.968771912276, 0.0, 96194.0, 689, 99395.0
0.0, -0.00295286811818, 2.07916958033, 0.0, 1.00617980677, 1.0, -0.943429109851, 1.01252939528, -0.997118730613, 0.0, -0.973061672497, 1.99675809042, 1.08386798842, 2.95284552694, 3.0, 1.0550824774, 1.02411204016, 1.0, -1.0, 3.0, 1.0, -0.00280003503888, 2.0, 1.98682473168, 3.0, -0.00125979184146, -0.989919768495, 1.99996743509, 2.0, 2.99421409882, 0.0302997921318, -0.975064613744, 0.0111111913256, 2.01373337845, 1.00007876192, 0.0, 1.0, 3.0, 1.04545288179, 3.0, 1.0, 2.0, 2.99757340708, 2.9593626774, 1.0, 0.989136186201, 2.0, -0.0576781991052, -0.977175079894, 0.0, 96348.0, 636, 99434.0
0.0, -0.00295286811818, 2.07916958033, 0.0, 1.00617980677, 1.0, -0.943429109851, 1.01252939528, -0.997118730613, 0.0, -0.973061672497, 1.99675809042, 1.08386798842, 2.95284552694, 3.0, 1.0550824774, 1.02411204016, 1.0, -1.0, 3.0, 1.0, -0.00280003503888, 2.0, 1.98682473168, 3.0, -0.00125979184146, -0.989919768495, 1.99996743509, 2.0, 2.99421409882, 0.0302997921318, -0.975064613744, 0.0111111913256, 2.01373337845, 1.00007876192, 0.0, 1.0, 3.0, 1.04545288179, 3.0, 1.0, 2.0, 2.99757340708, 2.9593626774, 1.0, 0.989136186201, 2.0, -0.0576781991052, -0.977175079894, 0.0, 96348.0, 636, 99434.0
0.0, -0.00295286811818, 2.07916958033, 0.0, 1.00617980677, 1.0, -0.943429109851, 1.01252939528, -0.997118730613, 0.0, -0.973061672497, 1.99675809042, 1.08386798842, 2.95284552694, 3.0, 1.0550824774, 1.02411204016, 1.0, -1.0, 3.0, 1.0, -0.00280003503888, 2.0, 1.98682473168, 3.0, -0.00125979184146, -0.989919768495, 1.99996743509, 2.0, 2.99421409882, 0.0302997921318, -0.975064613744, 0.0111111913256, 2.01373337845, 1.00007876192, 0.0, 1.0, 3.0, 1.04545288179, 3.0, 1.0, 2.0, 2.99757340708, 2.9593626774, 1.0, 0.989136186201, 2.0, -0.0576781991052, -0.977175079894, 0.0, 96348.0, 636, 99434.0
0.0, -0.00295286811818, 2.07916958033, 0.0, 1.00617980677, 1.0, -0.943429109851, 1.01252939528, -0.997118730613, 0.0, -0.973061672497, 1.99675809042, 1.08386798842, 2.95284552694, 3.0, 1.0550824774, 1.02411204016, 1.0, -1.0, 3.0, 1.0, -0.00280003503888, 2.0, 1.98682473168, 3.0, -0.00125979184146, -0.989919768495, 1.99996743509, 2.0, 2.99421409882, 0.0302997921318, -0.975064613744, 0.0111111913256, 2.01373337845, 1.00007876192, 0.0, 1.0, 3.0, 1.04545288179, 3.0, 1.0, 2.0, 2.99757340708, 2.9593626774, 1.0, 0.989136186201, 2.0, -0.0576781991052, -0.977175079894, 0.0, 96348.0, 636, 99434.0
-2.6480861786e-05, 0.000124677874483, -0.0225835706614, -0.993563206384, 1.0230014109, 0.976546030235, -0.948309784433, 0.9920787726, 1.9508854592, 2.8849911416, 2.00952173386, 2.0, 0.00887056418089, 0.0, 2.92346238076, 0.0175465323693, 1.02671685576, 0.0, -0.970894260824, 1.98190100735, 2.98003374234, 0.0253795179961, 1.96388540648, 2.95867658544, 2.97691422936, -0.0457670988045, 0.0143984019595, 2.01384348326, -0.977102371502, -0.968302746309, 2.00712489924, -0.961627608927, -0.0270750493589, 1.00110609808, 0.0, 1.0, 0.0272251329585, -1.0, 1.0, 2.96656230115, 1.0, 1.85648296964, 2.9632770771, 1.01054305746, 2.0, 2.99515661108, 1.99786157005, 1.032541747, 0.0, 3.0, 96335.0, 648, 99430.0
0.0, 0.0181633345626, 0.0144306495423, 2.01289571418, 1.0, 1.0, 2.93512413843, 1.99995162866, 0.0, 0.0, 2.98600953685, 1.9237008363, 0.00634650836106, 2.95278201858, 2.98705038617, 2.01450702257, 2.03492006931, 1.88136239155, -0.986069216031, 2.99958722302, 1.02933466681, -0.0205030475775, 2.0009255251, 1.9464288378, 0.980387485786, -0.938820362816, 1.03744387614, 1.25268833283, 0.995794672231, 2.97508186212, 1.00411827003, -0.982201942866, 0.0242205631985, 0.997444051309, 0.996583199762, 0.940142130772, -0.00491932947125, 2.80934956164, 1.00036406085, 3.0, 1.0, 2.0, 2.02561728067, 2.9715617047, 1.0, 2.92850790737, 0.040366616256, 0.0, 2.01636334974, 2.71403114087e-05, 96061.0, 707, 99382.0
0.0, 0.0181633345626, 0.0144306495423, 2.01289571418, 1.0, 1.0, 2.93512413843, 1.99995162866, 0.0, 0.0, 2.98600953685, 2.35216886293, 0.00634650836106, 2.95278201858, 2.98705038617, 2.01450702257, 2.03492006931, 1.88136239155, -0.986069216031, 2.99958722302, 1.02933466681, -0.0205030475775, 2.0009255251, 1.9464288378, 0.980387485786, -0.938820362816, 1.03744387614, 1.25268833283, 0.995794672231, 2.97508186212, 1.00411827003, -0.982201942866, 0.0242205631985, 1.02559308401, 0.996583199762, 0.940142130772, -0.00491932947125, 2.80934956164, 1.00036406085, 3.0, 1.0, 2.0, 2.02561728067, 2.9715617047, 1.0, 2.92850790737, 0.040366616256, 0.0, 2.01636334974, 2.71403114087e-05, 96061.0, 707, 99382.0
0.0, 0.0181633345626, 0.0144306495423, 0.00557161049364, 1.00009455922, 1.0, -0.993922751971, 2.02598055288, 0.0, 0.0, 2.98600953685, 1.99801215124, 0.00634650836106, 2.95278201858, 2.98705038617, 2.10760233438, 1.00987189803, 1.88136239155, -0.986069216031, 2.99958722302, 1.02933466681, -0.0028671035953, 2.0009255251, 1.9464288378, 2.92504277702, -0.938820362816, 1.03744387614, 1.25268833283, 1.99540429977, 2.97517720649, 1.00411827003, -0.982201942866, -0.397524578901, 1.96413967422, 0.996583199762, 0.940142130772, -0.0244866196859, 2.99436215227, 1.04478647713, 3.0, 1.0, 2.0, 2.02561728067, 2.9715617047, 1.0, 2.92850790737, 0.040366616256, -0.0586972810156, 1.99279819806, 2.15920324776e-07, 96069.0, 688, 99388.0
0.0, 0.047188988213, 0.0144306495423, 2.01289571418, 1.14565303015, 1.0, 2.93601868043, 1.99995162866, 0.0, 0.0, 2.98600953685, 2.35216886293, 0.00634650836106, 2.95227164775, 2.98705038617, 2.01450702257, 2.03492006931, 1.88136239155, -0.986069216031, 2.9502614596, 1.04957298481, -0.0205030475775, 2.0009255251, 1.9464288378, 0.980387485786, -0.938811084892, 1.03744387614, 1.25268833283, 0.995794672231, 2.97508186212, 1.00411827003, -0.982201942866, 0.0242205631985, 1.02687322093, 0.996583199762, 0.940142130772, -0.00491932947125, 2.80934956164, 1.00036406085, 3.0, 1.0, 2.04352948296, 2.02545101512, 2.9715617047, 1.0, 2.92850790737, 0.040366616256, 0.0, 2.01588864559, 1.67378657193e-05, 96061.0, 707, 99382.0
0.0, 0.0181633345626, 0.0144306495423, 2.01289571418, 1.0, 1.0, 2.93512413843, 1.99995162866, 0.0, 0.0, 2.98600953685, 1.9237008363, 0.00634650836106, 2.95278201858, 2.98705038617, 2.01450702257, 2.03492006931, 1.88136239155, -0.986069216031, 2.99958722302, 1.02933466681, 0.180145365151, 2.0009255251, 1.9464288378, 0.980387485786, -0.938820362816, 1.03744387614, 1.25268833283, 0.995794672231, 2.97508186212, 1.00411827003, -0.791368762765, 0.0242205631985, 0.997444051309, 0.996583199762, 0.940142130772, -0.00491932947125, 2.80934956164, 1.00036406085, 3.0, 1.0, 2.0, 2.02561728067, 2.9715617047, 1.0, 2.92850790737, 0.040366616256, 0.0, 2.01636334974, 2.71403114087e-05, 96061.0, 707, 99382.0
0.0, 0.0181633345626, 0.0144306495423, 2.01289571418, 1.0, 1.0, 2.93512413843, 1.99995162866, 0.0, 0.0, 2.98600953685, 1.9237008363, 0.00634650836106, 2.95278201858, 2.98705038617, 2.01450702257, 2.03492006931, 1.88136239155, -0.986069216031, 2.99958722302, 1.02933466681, 0.180145365151, 2.0009255251, 1.9464288378, 0.980387485786, -0.938820362816, 1.03744387614, 1.25268833283, 0.995794672231, 2.97508186212, 1.00411827003, -0.791368762765, 0.0242205631985, 0.997444051309, 0.996583199762, 0.940142130772, -0.00491932947125, 2.80934956164, 1.00036406085, 3.0, 1.0, 2.0, 2.02561728067, 2.9715617047, 1.0, 2.92850790737, 0.040366616256, 0.0, 2.01636334974, 2.71403114087e-05, 96061.0, 707, 99382.0
0.0, 0.0181633345626, 0.0144306495423, 2.01289571418, 1.0, 1.0, 2.93512413843, 1.99995162866, 0.0, 0.0, 2.98600953685, 1.9237008363, 0.00634650836106, 2.95278201858, 2.98705038617, 2.01450702257, 2.03492006931, 1.88136239155, -0.986069216031, 2.99958722302, 1.02933466681, 0.180145365151, 2.0009255251, 1.9464288378, 0.980387485786, -0.938820362816, 1.03744387614, 1.25268833283, 0.995794672231, 2.97508186212, 1.00411827003, -0.791368762765, 0.0242205631985, 0.997444051309, 0.996583199762, 0.940142130772, -0.00491932947125, 2.80934956164, 1.00036406085, 3.0, 1.0, 2.0, 2.02561728067, 2.9715617047, 1.0, 2.92850790737, 0.040366616256, 0.0, 2.01636334974, 2.71403114087e-05, 96061.0, 707, 99382.0
0.0, 0.0181633345626, 0.0144306495423, 2.01289571418, 1.0, 1.0, 2.93512413843, 1.99995162866, 0.0, 0.0, 2.98600953685, 1.9237008363, 0.00634650836106, 2.95278201858, 2.98705038617, 2.01450702257, 2.03492006931, 1.88136239155, -0.986069216031, 2.99958722302, 1.02933466681, 0.180145365151, 2.0009255251, 1.9464288378, 0.980387485786, -0.938820362816, 1.03744387614, 1.25268833283, 0.995794672231, 2.97508186212, 1.00411827003, -0.791368762765, 0.0242205631985, 0.997444051309, 0.996583199762, 0.940142130772, -0.00491932947125, 2.80934956164, 1.00036406085, 3.0, 1.0, 2.0, 2.02561728067, 2.9715617047, 1.0, 2.92850790737, 0.040366616256, 0.0, 2.01636334974, 2.71403114087e-05, 96061.0, 707, 99382.0
0.0, 0.0181633345626, 0.0144306495423, 2.01289571418, 1.0, 1.0, 2.93512413843, 1.99995162866, 0.0, 0.0, 2.98600953685, 1.9237008363, 0.00634650836106, 2.95278201858, 2.98705038617, 2.01450702257, 2.03492006931, 1.88136239155, -0.986069216031, 2.99958722302, 1.02933466681, 0.180145365151, 2.0009255251, 1.9464288378, 0.980387485786, -0.938820362816, 1.03744387614, 1.25268833283, 0.995794672231, 2.97508186212, 1.00411827003, -0.791368762765, 0.0242205631985, 0.997444051309, 0.996583199762, 0.940142130772, -0.00491932947125, 2.80934956164, 1.00036406085, 3.0, 1.0, 2.0, 2.02561728067, 2.9715617047, 1.0, 2.92850790737, 0.040366616256, 0.0, 2.01636334974, 2.71403114087e-05, 96061.0, 707, 99382.0
0.0, 0.0181633345626, 0.0144306495423, 2.01289571418, 1.0, 1.0, 2.93512413843, 1.99995162866, 0.0, 0.0, 2.98600953685, 1.9237008363, 0.00634650836106, 2.95278201858, 2.98705038617, 2.01450702257, 2.03492006931, 1.88136239155, -0.986069216031, 2.99958722302, 1.02933466681, 0.180145365151, 2.0009255251, 1.9464288378, 0.980387485786, -0.938820362816, 1.03744387614, 1.25268833283, 0.995794672231, 2.97508186212, 1.00411827003, -0.791368762765, 0.0242205631985, 0.997444051309, 0.996583199762, 0.940142130772, -0.00491932947125, 2.80934956164, 1.00036406085, 3.0, 1.0, 2.0, 2.02561728067, 2.9715617047, 1.0, 2.92850790737, 0.040366616256, 0.0, 2.01636334974, 2.71403114087e-05, 96061.0, 707, 99382.0
0.0, 0.0181633345626, 0.0144306495423, 2.01289571418, 1.0, 1.0, 2.93512413843, 1.99995162866, 0.0, 0.0, 2.98600953685, 1.9237008363, 0.00634650836106, 2.95278201858, 2.98705038617, 2.01450702257, 2.03492006931, 1.88136239155, -0.986069216031, 2.99958722302, 1.02933466681, -0.0205030475775, 2.0009255251, 1.9464288378, 0.980387485786, -0.938820362816, 1.03744387614, 1.25268833283, 0.995794672231, 2.98097502376, 1.00411827003, -0.982201942866, 0.0242205631985, 0.997444051309, 0.996583199762, 0.940142130772, -0.00491932947125, 2.80934956164, 1.00036406085, 3.0, 1.0, 2.0, 2.02561728067, 2.9715617047, 1.0, 2.92850790737, 0.040366616256, 0.0, 2.01636334974, 2.71403114087e-05, 96061.0, 707, 99382.0
0.0, 0.0181633345626, 0.0144306495423, 2.01289571418, 1.0, 1.0, 2.93512413843, 1.99995162866, 0.0, 0.0, 2.98600953685, 1.9237008363, 0.00634650836106, 2.95278201858, 2.98705038617, 2.01450702257, 2.03492006931, 1.88136239155, -0.986069216031, 2.99958722302, 1.02933466681, -0.0205030475775, 2.0009255251, 1.9464288378, 0.980387485786, -0.938820362816, 1.03744387614, 1.25268833283, 0.995794672231, 2.98097502376, 1.00411827003, -0.982201942866, 0.0242205631985, 0.997444051309, 0.996583199762, 0.940142130772, -0.00491932947125, 2.80934956164, 1.00036406085, 3.0, 1.0, 2.0, 2.02561728067, 2.9715617047, 1.0, 2.92850790737, 0.040366616256, 0.0, 2.01636334974, 2.71403114087e-05, 96061.0, 707, 99382.0
0.0, 0.0181633345626, 0.0144306495423, 2.01289571418, 1.0, 1.0, 2.93512413843, 1.99995162866, 0.0, 0.0, 2.98600953685, 1.9237008363, 0.00634650836106, 2.95278201858, 2.98705038617, 2.01450702257, 2.03492006931, 1.88136239155, -0.986069216031, 2.99958722302, 1.02933466681, -0.0205030475775, 2.0009255251, 1.9464288378, 0.980387485786, -0.938820362816, 1.03744387614, 1.25268833283, 0.995794672231, 2.98097502376, 1.00411827003, -0.982201942866, 0.0242205631985, 0.997444051309, 0.996583199762, 0.940142130772, -0.00491932947125, 2.80934956164, 1.00036406085, 3.0, 1.0, 2.0, 2.02561728067, 2.9715617047, 1.0, 2.92850790737, 0.040366616256, 0.0, 2.01636334974, 2.71403114087e-05, 96061.0, 707, 99382.0
0.0, 0.0181633345626, 0.0144306495423, 2.01289571418, 1.0, 1.0, 2.93512413843, 1.99995162866, 0.0, 0.0, 2.98600953685, 1.9237008363, 0.00634650836106, 2.95278201858, 2.98705038617, 2.01450702257, 2.03492006931, 1.88136239155, -0.986069216031, 2.99958722302, 1.02933466681, -0.0205030475775, 2.0009255251, 1.9464288378, 0.980387485786, -0.938820362816, 1.03744387614, 1.25268833283, 0.995794672231, 2.98097502376, 1.00411827003, -0.982201942866, 0.0242205631985, 0.997444051309, 0.996583199762, 0.940142130772, -0.00491932947125, 2.80934956164, 1.00036406085, 3.0, 1.0, 2.0, 2.02561728067, 2.9715617047, 1.0, 2.92850790737, 0.040366616256, 0.0, 2.01636334974, 2.71403114087e-05, 96061.0, 707, 99382.0
0.0, 0.0181633345626, 0.0590841455112, 2.01289571418, 2.9919275182, 1.0, 2.93512413843, 0.0251252277835, 0.00105441457362, 0.0, 2.98608022808, 1.9237008363, 0.00634650836106, 1.91923540497, 2.98705038617, 1.8525767445, 2.03492006931, 1.88136239155, -0.985936274665, 2.8837262092, 1.02933466681, -0.0205030475775, 2.0041291227, -0.988456838595, 0.990398157009, -0.919552076949, 1.03744387614, 1.98400336428, 0.995794672231, 2.97508186212, 1.00411827003, -0.982201942866, 0.00537690615729, 0.997444051309, 0.0089501802312, 0.940142130772, -0.00491932947125, 0.979360822552, 1.00036406085, 3.0, 1.0, 2.0, 1.01270199043, 2.9715617047, 1.0, 2.68685725033, 0.973338267999, 0.0, 1.95073127713, 2.71403114087e-05, 96076.0, 689, 99400.0
0.0, 0.0181633345626, 0.0144306495423, 2.01289571418, 1.0, 1.0, 2.93512413843, 1.99995162866, 0.0, 0.0, 2.98600953685, 1.9237008363, 0.00634650836106, 2.95278201858, 2.98705038617, 2.01450702257, 2.03492006931, 1.88136239155, -0.986069216031, 2.99958722302, 1.02933466681, -0.0205030475775, 2.0009255251, 1.9464288378, 0.980387485786, -0.938820362816, 1.03744387614, 1.25268833283, 0.995794672231, 2.97508186212, 1.00411827003, -0.982201942866, 0.0242205631985, 0.997444051309, 0.996583199762, 0.940142130772, -0.00491932947125, 2.80934956164, 1.00036406085, 3.0, 1.0, 2.0, 2.02561728067, 2.9715617047, 1.0, 2.92850790737, 0.040366616256, 0.0, 2.01636334974, 2.71403114087e-05, 96061.0, 707, 99382.0
0.0, 0.0181633345626, 0.0144306495423, 2.01289571418, 1.0, 1.0, 2.93512413843, 1.99995162866, 0.0, 0.0, 2.98600953685, 1.9237008363, 0.00634650836106, 2.95278201858, 2.98705038617, 2.01450702257, 2.03492006931, 1.88136239155, -0.986069216031, 2.99958722302, 1.02933466681, -0.0205030475775, 2.0009255251, 1.9464288378, 0.980387485786, -0.938820362816, 1.03744387614, 1.25268833283, 0.995794672231, 2.97508186212, 1.00411827003, -0.982201942866, 0.0242205631985, 0.997444051309, 0.996583199762, 0.940142130772, -0.00491932947125, 2.80934956164, 1.00036406085, 3.0, 1.0, 2.0, 2.02561728067, 2.9715617047, 1.0, 2.92850790737, 0.040366616256, 0.0, 2.01636334974, 2.71403114087e-05, 96061.0, 707, 99382.0
0.0, 0.0179589094515, 0.0831456768493, 2.01289571418, 2.97448783913, 1.0, 2.90877154682, 0.0251252277835, -0.982383020896, 0.0, -0.94275720925, 1.9237008363, 0.00634650836106, 1.91923540497, 2.99965140879, 1.8525767445, 1.89485663127, 1.88136239155, -0.985785762704, 2.8837262092, 1.02866577858, -0.00285246225656, 2.00402046343, -0.988456838595, 0.990398157009, -0.919552076949, -0.963970597619, 1.98400336428, 0.995794672231, 2.97508186212, 1.00411827003, -0.982201942866, 0.0112145761775, 1.00196999865, 0.00133344892581, 0.940142130772, -0.00491932947125, 2.92133559334, 1.00036406085, 3.0, 1.0, 2.0, 1.01270199043, 2.9715617047, 1.0, 2.67442880848, 0.984423701427, -0.0569679871102, 1.99360342541, 2.71403114087e-05, 96381.0, 638, 99444.0
0.0, 0.0423148813125, -0.0664674742146, 2.01289571418, 1.0, -0.01057202883, 2.00049032272, 2.02659936674, 1.03196472982, 0.0, 2.98600953685, 2.35270377338, -0.988402885609, 2.95278201858, 0.0446670897732, -0.997188796478, -0.00629345809999, 1.88136239155, -0.986069216031, 2.98997820286, 0.000483900424294, -0.0239261952506, 2.00094249554, 1.934069279, 0.980387485786, -0.938820362816, 1.03744387614, 1.24280415373, 1.00874577998, 0.766558356782, 1.00411827003, 1.98982640621, 2.14574670826, 1.97503349613, 0.996583199762, 0.940142130772, -0.143176989291, 0.0295938575223, 0.99999482471, 3.0, 1.0, 2.15726617797, 1.96758110156, 2.9715617047, 1.0, 2.90150735612, -0.989805898327, 0.97303899808, 1.94081258251, 2.65967784468e-05, 96087.0, 672, 99401.0
0.0, 0.0423148813125, -0.0664674742146, 2.01289571418, 1.0, -0.01057202883, 2.00049032272, 2.02659936674, 1.03196472982, 0.0, 2.98600953685, 2.35270377338, -0.988402885609, 2.95278201858, 0.0446670897732, -0.997188796478, -0.00629345809999, 1.88136239155, -0.986069216031, 2.98997820286, 0.000483900424294, -0.0239261952506, 2.00094249554, 1.934069279, 0.980387485786, -0.938820362816, 1.03744387614, 1.24280415373, 1.00874577998, 0.766558356782, 1.00411827003, 1.98982640621, 2.14574670826, 1.97503349613, 0.996583199762, 0.940142130772, -0.143176989291, 0.0295938575223, 0.99999482471, 3.0, 1.0, 2.15726617797, 1.96758110156, 2.9715617047, 1.0, 2.90150735612, -0.989805898327, 0.97303899808, 1.94081258251, 2.65967784468e-05, 96087.0, 672, 99401.0
0.0, 0.0423148813125, -0.0664674742146, 2.01289571418, 1.0, -0.01057202883, 2.00049032272, 2.02659936674, 1.03196472982, 0.0, 2.98600953685, 2.35270377338, -0.988402885609, 2.95278201858, 0.0446670897732, -0.997188796478, -0.00629345809999, 1.88136239155, -0.986069216031, 2.98997820286, 0.000483900424294, -0.0239261952506, 2.00094249554, 1.934069279, 0.980387485786, -0.938820362816, 1.03744387614, 1.24280415373, 1.00874577998, 0.766558356782, 1.00411827003, 1.98982640621, 2.14574670826, 1.97503349613, 0.996583199762, 0.940142130772, -0.143176989291, 0.0295938575223, 0.99999482471, 3.0, 1.0, 2.15726617797, 1.96758110156, 2.9715617047, 1.0, 2.90150735612, -0.989805898327, 0.97303899808, 1.94081258251, 2.65967784468e-05, 96087.0, 672, 99401.0
0.0, 0.0181633345626, 0.0144306495423, 2.01289571418, 1.0, 1.0, 2.93512413843, 1.99995162866, 0.0, 0.0, 2.98600953685, 1.9237008363, 0.00634650836106, 2.95278201858, 2.98705038617, 2.01450702257, 2.03492006931, 1.88136239155, -0.986069216031, 2.99958722302, 1.02933466681, -0.0205030475775, 2.0009255251, 1.9464288378, 0.980387485786, -0.938820362816, 1.03744387614, 1.25268833283, 0.995794672231, 2.97508186212, 1.00411827003, -0.982201942866, 0.0242205631985, 0.997237640224, 0.996583199762, 0.940142130772, -0.00491932947125, 2.80934956164, 1.00036406085, 3.0, 1.0, 2.0, 2.02561728067, 2.9715617047, 1.0, 2.92850790737, 0.040366616256, 0.0, 2.01636334974, 2.71403114087e-05, 96061.0, 707, 99382.0
0.00097963498905, 0.0, 0.0789890115026, 2.00504862411, 2.97954232675, 0.934123525703, 2.0406285275, -0.101305279133, 2.0, 2.8849911416, 1.8721470091, 2.0, 9.82447948522e-05, 0.0130212808389, 2.76375502762, 0.0175465323693, 2.0, 0.0, 1.05238423436, 1.98190100735, 2.98003374234, -0.979214585176, 3.0, 2.9730883318, 0.98153176951, 2.72573340965, 0.0143984019595, 2.9805838826, -1.0, 2.8127731445, 2.0, -0.961632499518, 0.0119453078154, 1.00110609808, 0.00132654547015, 1.0, -0.00563283335194, -0.942309169726, 1.00036242178, 2.00323870489, 1.0, 1.85261378205, 1.01492223067, 1.01054305746, 2.0, 2.99182788636, 1.0, -0.103956310813, 0.0232097953775, 3.0, 96178.0, 696, 99393.0
0.00097963498905, 0.0, 0.0789890115026, 2.00504862411, 2.97954232675, 0.934123525703, 2.0406285275, -0.101305279133, 2.0, 2.8849911416, 1.8721470091, 2.0, 9.82447948522e-05, 0.0130212808389, 2.76375502762, 0.0175465323693, 2.0, 0.0, 1.05238423436, 1.98190100735, 2.98003374234, -0.979214585176, 3.0, 2.9730883318, 0.98153176951, 2.72573340965, 0.0143984019595, 2.9805838826, -1.0, 2.8127731445, 2.0, -0.961632499518, 0.0119453078154, 1.00110609808, 0.00132654547015, 1.0, -0.00563283335194, -0.942309169726, 1.00036242178, 2.00323870489, 1.0, 1.85261378205, 1.01492223067, 1.01054305746, 2.0, 2.99182788636, 1.0, -0.103956310813, 0.0232097953775, 3.0, 96178.0, 696, 99393.0
0.000968885228425, 0.0, 0.0629264091038, 2.10869636234, 2.97954232675, 0.933846985666, 2.0406285275, -0.101305279133, 1.99066683775, 2.8849911416, 1.8721470091, 2.0, 9.64125547936e-05, 0.00655617909146, 2.76375502762, 0.0175465323693, 1.99977603846, -0.0139996552476, 1.05238423436, 1.94277491285, 0.911785271188, -0.979214585176, 3.0, 2.9730883318, 0.98153176951, 2.91285990298, 0.0339516687505, 2.9805838826, -0.967804741244, 2.81302441198, 2.0, -0.961640584777, 0.0125549005447, 1.00110609808, 0.00132654547015, 1.0, 0.00582467492915, -0.942309169726, 1.00084752281, 2.00323870489, 1.0, 1.85261378205, 1.02939189719, 2.88417393331, 2.0118467767, 2.97593287888, 2.04429948314, -0.0568322706447, -0.966997769454, -0.00564657482247, 96238.0, 678, 99406.0
0.0, 2.0, -0.000835088305188, 1.98575664802, 0.0474048831324, 0.000471989360311, 2.93736043614, 1.99995077259, 0.984888688315, 0.99121138374, 0.0, 0.0, -1.0, 2.0, 0.0201117368562, -1.0, 2.03729034521, 3.0, 2.81460400304, -0.0396016840604, 0.0121108045819, 1.0466598324, 2.0009284274, 3.0, -1.0, 1.0, 2.0, 2.0, -0.00536209150249, 0.955297173601, 2.0, 2.0, 0.0530835235354, 0.742545198405, 0.0, 1.97053575825, 3.0, 0.0436445390471, 1.0003596484, -0.0174546456423, 1.0082096107, -1.0, 1.0, 3.0, -0.969229233913, -0.945466056566, -1.0, 1.0, 0.986189643534, 1.0, 96234.0, 658, 99419.0
0.0, 2.0, -0.000835088305188, 1.98575664802, 0.0474048831324, 0.000471989360311, 2.93736043614, 1.99995077259, 0.984888688315, 0.99121138374, 0.0, 0.0, -1.0, 2.0, 0.0201117368562, -1.0, 2.03729034521, 3.0, 2.81460400304, -0.0396016840604, 0.0121108045819, 1.0466598324, 2.0009284274, 3.0, -1.0, 1.0, 2.0, 2.0, -0.00536209150249, 0.955297173601, 2.0, 2.0, 0.0530835235354, 0.742545198405, 0.0, 1.97053575825, 3.0, 0.0436445390471, 1.0003596484, -0.0174546456423, 1.0082096107, -1.0, 1.0, 3.0, -0.969229233913, -0.945466056566, -1.0, 1.0, 0.986189643534, 1.0, 96234.0, 658, 99419.0
0.0, 2.0, -0.000835088305188, 1.98575664802, 0.0474048831324, 0.000471989360311, 2.93736043614, 1.99995077259, 0.984888688315, 0.99121138374, 0.0, 0.0, -1.0, 2.0, 0.0201117368562, -1.0, 2.03729034521, 3.0, 2.81460400304, -0.0396016840604, 0.0121108045819, 1.0466598324, 2.0009284274, 3.0, -1.0, 1.0, 2.0, 2.0, -0.00536209150249, 0.955297173601, 2.0, 2.0, 0.0530835235354, 0.742545198405, 0.0, 1.97053575825, 3.0, 0.0436445390471, 1.0003596484, -0.0174546456423, 1.0082096107, -1.0, 1.0, 3.0, -0.969229233913, -0.945466056566, -1.0, 1.0, 0.986189643534, 1.0, 96234.0, 658, 99419.0
0.0, 2.0, -0.000835088305188, 1.98575664802, 0.0474048831324, 0.000471989360311, 2.93736043614, 1.99995077259, 0.984888688315, 0.99121138374, 0.0, 0.0, -1.0, 2.0, 0.0201117368562, -1.0, 2.03729034521, 3.0, 2.81460400304, -0.0396016840604, 0.0121108045819, 1.0466598324, 2.0009284274, 3.0, -1.0, 1.0, 2.0, 2.0, -0.00536209150249, 0.955297173601, 2.0, 2.0, 0.0530835235354, 0.742545198405, 0.0, 1.97053575825, 3.0, 0.0436445390471, 1.0003596484, -0.0174546456423, 1.0082096107, -1.0, 1.0, 3.0, -0.969229233913, -0.945466056566, -1.0, 1.0, 0.986189643534, 1.0, 96234.0, 658, 99419.0
0.0, 0.0181633345626, 0.0144306495423, 2.01289571418, 1.0, 1.0, 2.93512413843, 1.99995162866, 0.0, 0.0, 2.98600953685, 1.9237008363, 0.00634650836106, 2.95278201858, 2.98705038617, 2.01450702257, 2.03492006931, 1.88136239155, -0.986069216031, 2.99958722302, 1.02933466681, -0.0198774598447, 2.0009255251, 1.9464288378, 0.980387485786, -0.938820362816, 1.03744387614, 1.25268833283, 0.995794672231, 2.97508186212, 1.00411827003, -0.791368762765, 0.0242205631985, 0.997444051309, 0.996583199762, 0.940142130772, -0.00491932947125, 2.80934956164, 1.00036406085, 3.0, 1.0, 2.0, 2.02561728067, 2.9715617047, 1.0, 2.92850790737, 0.040366616256, 0.0, 2.01636334974, 2.71403114087e-05, 96061.0, 707, 99382.0
0.0, 0.0181633345626, 0.0144306495423, -0.0282333251766, 1.00009455922, 1.0, -0.993922751971, 2.00014453536, 0.0, 0.0, 2.98600953685, 1.99801215124, 0.00634650836106, 2.95278201858, 2.98705038617, 2.10840942138, 1.00987189803, 1.88136239155, -0.986069216031, 2.99958722302, 1.02933466681, -0.0028671035953, 2.0009255251, 1.9464288378, 0.9391558483, -0.938820362816, 1.03744387614, 1.25268833283, 1.99540429977, 2.97517450825, 1.00411827003, -0.993507723002, -0.396031415103, 1.96413967422, 0.996583199762, 1.04906234263, -0.00558238924404, 2.81083636549, 1.04478647713, 3.0, 1.0, 2.0, 2.02561728067, 2.9715617047, 1.0, 2.92850790737, 0.040366616256, -0.0586972810156, 1.99278778735, 5.0345777255e-07, 96053.0, 688, 99388.0
0.0, 0.0181633345626, 0.0144306495423, -0.0282333251766, 1.00009455922, 1.0, -0.993922751971, 2.00014453536, 0.0, 0.0, 2.98600953685, 1.99801215124, 0.00634650836106, 2.95278201858, 2.98705038617, 2.10840942138, 1.00987189803, 1.88136239155, -0.986069216031, 2.99958722302, 1.02933466681, -0.0028671035953, 2.0009255251, 1.9464288378, 0.9391558483, -0.938820362816, 1.03744387614, 1.25268833283, 1.99540429977, 2.97517450825, 1.00411827003, -0.993507723002, -0.396031415103, 1.96413967422, 0.996583199762, 1.04906234263, -0.00558238924404, 2.81083636549, 1.04478647713, 3.0, 1.0, 2.0, 2.02561728067, 2.9715617047, 1.0, 2.92850790737, 0.040366616256, -0.0586972810156, 1.99278778735, 5.0345777255e-07, 96053.0, 688, 99388.0
0.0, 0.0181633345626, 0.0144306495423, -0.0282333251766, 1.00009455922, 1.0, -0.993922751971, 2.00014453536, 0.0, 0.0, 2.98600953685, 1.99801215124, 0.00634650836106, 2.95278201858, 2.98705038617, 2.10840942138, 1.00987189803, 1.88136239155, -0.986069216031, 2.99958722302, 1.02933466681, -0.0028671035953, 2.0009255251, 1.9464288378, 0.9391558483, -0.938820362816, 1.03744387614, 1.25268833283, 1.99540429977, 2.97517450825, 1.00411827003, -0.993507723002, -0.396031415103, 1.96413967422, 0.996583199762, 1.04906234263, -0.00558238924404, 2.81083636549, 1.04478647713, 3.0, 1.0, 2.0, 2.02561728067, 2.9715617047, 1.0, 2.92850790737, 0.040366616256, -0.0586972810156, 1.99278778735, 5.0345777255e-07, 96053.0, 688, 99388.0
0.0, 0.0181633345626, 0.0144306495423, -0.0282333251766, 1.00009455922, 1.0, -0.993922751971, 2.00014453536, 0.0, 0.0, 2.98600953685, 1.99801215124, 0.00634650836106, 2.95278201858, 2.98705038617, 2.10840942138, 1.00987189803, 1.88136239155, -0.986069216031, 2.99958722302, 1.02933466681, -0.0028671035953, 2.0009255251, 1.9464288378, 0.9391558483, -0.938820362816, 1.03744387614, 1.25268833283, 1.99540429977, 2.97517450825, 1.00411827003, -0.993507723002, -0.396031415103, 1.96413967422, 0.996583199762, 1.04906234263, -0.00558238924404, 2.81083636549, 1.04478647713, 3.0, 1.0, 2.0, 2.02561728067, 2.9715617047, 1.0, 2.92850790737, 0.040366616256, -0.0586972810156, 1.99278778735, 5.0345777255e-07, 96053.0, 688, 99388.0
0.0, 0.0181633345626, 0.0144306495423, -0.0282333251766, 1.00009455922, 1.0, -0.993922751971, 2.00014453536, 0.0, 0.0, 2.98600953685, 1.99801215124, 0.00634650836106, 2.95278201858, 2.98705038617, 2.10840942138, 1.00987189803, 1.88136239155, -0.986069216031, 2.99958722302, 1.02933466681, -0.0028671035953, 2.0009255251, 1.9464288378, 0.9391558483, -0.938820362816, 1.03744387614, 1.25268833283, 1.99540429977, 2.97517450825, 1.00411827003, -0.993507723002, -0.396031415103, 1.96413967422, 0.996583199762, 1.04906234263, -0.00558238924404, 2.81083636549, 1.04478647713, 3.0, 1.0, 2.0, 2.02561728067, 2.9715617047, 1.0, 2.92850790737, 0.040366616256, -0.0586972810156, 1.99278778735, 5.0345777255e-07, 96053.0, 688, 99388.0
0.0, 0.0181633345626, 0.0144306495423, -0.0282333251766, 1.00009455922, 1.0, -0.993922751971, 2.00014453536, 0.0, 0.0, 2.98600953685, 1.99801215124, 0.00634650836106, 2.95278201858, 2.98705038617, 2.10840942138, 1.00987189803, 1.88136239155, -0.986069216031, 2.99958722302, 1.02933466681, -0.0028671035953, 2.0009255251, 1.9464288378, 0.9391558483, -0.938820362816, 1.03744387614, 1.25268833283, 1.99540429977, 2.97517450825, 1.00411827003, -0.993507723002, -0.396031415103, 1.96413967422, 0.996583199762, 1.04906234263, -0.00558238924404, 2.81083636549, 1.04478647713, 3.0, 1.0, 2.0, 2.02561728067, 2.9715617047, 1.0, 2.92850790737, 0.040366616256, -0.0586972810156, 1.99278778735, 5.0345777255e-07, 96053.0, 688, 99388.0
0.0, 0.0181633345626, 0.0144306495423, -0.0282333251766, 1.00009455922, 1.0, -0.993922751971, 2.00014453536, 0.0, 0.0, 2.98600953685, 1.99801215124, 0.00634650836106, 2.95278201858, 2.98705038617, 2.10840942138, 1.00987189803, 1.88136239155, -0.986069216031, 2.99958722302, 1.02933466681, -0.0028671035953, 2.0009255251, 1.9464288378, 0.9391558483, -0.938820362816, 1.03744387614, 1.25268833283, 1.99540429977, 2.97517450825, 1.00411827003, -0.993507723002, -0.396031415103, 1.96413967422, 0.996583199762, 1.04906234263, -0.00558238924404, 2.81083636549, 1.04478647713, 3.0, 1.0, 2.0, 2.02561728067, 2.9715617047, 1.0, 2.92850790737, 0.040366616256, -0.0586972810156, 1.99278778735, 5.0345777255e-07, 96053.0, 688, 99388.0
0.0, 0.0181633345626, 0.0144306495423, -0.0282333251766, 1.00009455922, 1.0, -0.993922751971, 2.00014453536, 0.0, 0.0, 2.98600953685, 1.99801215124, 0.00634650836106, 2.95278201858, 2.98705038617, 2.10840942138, 1.00987189803, 1.88136239155, -0.986069216031, 2.99958722302, 1.02933466681, -0.0028671035953, 2.0009255251, 1.9464288378, 0.9391558483, -0.938820362816, 1.03744387614, 1.25268833283, 1.99540429977, 2.97517450825, 1.00411827003, -0.993507723002, -0.396031415103, 1.96413967422, 0.996583199762, 1.04906234263, -0.00558238924404, 2.81083636549, 1.04478647713, 3.0, 1.0, 2.0, 2.02561728067, 2.9715617047, 1.0, 2.92850790737, 0.040366616256, -0.0586972810156, 1.99278778735, 5.0345777255e-07, 96053.0, 688, 99388.0
0.0, 0.0181633345626, 0.0144306495423, -0.0282333251766, 1.00009455922, 1.0, -0.993922751971, 2.00014453536, 0.0, 0.0, 2.98600953685, 1.99801215124, 0.00634650836106, 2.95278201858, 2.98705038617, 2.10840942138, 1.00987189803, 1.88136239155, -0.986069216031, 2.99958722302, 1.02933466681, -0.0028671035953, 2.0009255251, 1.9464288378, 0.9391558483, -0.938820362816, 1.03744387614, 1.25268833283, 1.99540429977, 2.97517450825, 1.00411827003, -0.993507723002, -0.396031415103, 1.96413967422, 0.996583199762, 1.04906234263, -0.00558238924404, 2.81083636549, 1.04478647713, 3.0, 1.0, 2.0, 2.02561728067, 2.9715617047, 1.0, 2.92850790737, 0.040366616256, -0.0586972810156, 1.99278778735, 5.0345777255e-07, 96053.0, 688, 99388.0
0.0, 0.0181633345626, 0.0144306495423, -0.0282333251766, 1.00009455922, 1.0, -0.993922751971, 2.00014453536, 0.0, 0.0, 2.98600953685, 1.99801215124, 0.00634650836106, 2.95278201858, 2.98705038617, 2.10840942138, 1.00987189803, 1.88136239155, -0.986069216031, 2.99958722302, 1.02933466681, -0.0028671035953, 2.0009255251, 1.9464288378, 0.9391558483, -0.938820362816, 1.03744387614, 1.25268833283, 1.99540429977, 2.97517450825, 1.00411827003, -0.993507723002, -0.396031415103, 1.96413967422, 0.996583199762, 1.04906234263, -0.00558238924404, 2.81083636549, 1.04478647713, 3.0, 1.0, 2.0, 2.02561728067, 2.9715617047, 1.0, 2.92850790737, 0.040366616256, -0.0586972810156, 1.99278778735, 5.0345777255e-07, 96053.0, 688, 99388.0
0.0, 0.0181633345626, 0.0144306495423, -0.0282333251766, 1.00009455922, 1.0, -0.993922751971, 2.00014453536, 0.0, 0.0, 2.98600953685, 1.99801215124, 0.00634650836106, 2.95278201858, 2.98705038617, 2.10840942138, 1.00987189803, 1.88136239155, -0.986069216031, 2.99958722302, 1.02933466681, -0.0028671035953, 2.0009255251, 1.9464288378, 0.9391558483, -0.938820362816, 1.03744387614, 1.25268833283, 1.99540429977, 2.97517450825, 1.00411827003, -0.993507723002, -0.396031415103, 1.96413967422, 0.996583199762, 1.04906234263, -0.00558238924404, 2.81083636549, 1.04478647713, 3.0, 1.0, 2.0, 2.02561728067, 2.9715617047, 1.0, 2.92850790737, 0.040366616256, -0.0586972810156, 1.99278778735, 5.0345777255e-07, 96053.0, 688, 99388.0
0.0, 0.0181633345626, 0.0144306495423, -0.0282333251766, 1.00009455922, 1.0, -0.993922751971, 2.00014453536, 0.0, 0.0, 2.98600953685, 1.99801215124, 0.00634650836106, 2.95278201858, 2.98705038617, 2.10840942138, 1.00987189803, 1.88136239155, -0.986069216031, 2.99958722302, 1.02933466681, -0.0028671035953, 2.0009255251, 1.9464288378, 0.9391558483, -0.938820362816, 1.03744387614, 1.25268833283, 1.99540429977, 2.97517450825, 1.00411827003, -0.993507723002, -0.396031415103, 1.96413967422, 0.996583199762, 1.04906234263, -0.00558238924404, 2.81083636549, 1.04478647713, 3.0, 1.0, 2.0, 2.02561728067, 2.9715617047, 1.0, 2.92850790737, 0.040366616256, -0.0586972810156, 1.99278778735, 5.0345777255e-07, 96053.0, 688, 99388.0
0.0, 0.0181633345626, 0.0144306495423, -0.0282333251766, 1.00009455922, 1.0, -0.993922751971, 2.00014453536, 0.0, 0.0, 2.98600953685, 1.99801215124, 0.00634650836106, 2.95278201858, 2.98705038617, 2.10840942138, 1.00987189803, 1.88136239155, -0.986069216031, 2.99958722302, 1.02933466681, -0.0028671035953, 2.0009255251, 1.9464288378, 0.9391558483, -0.938820362816, 1.03744387614, 1.25268833283, 1.99540429977, 2.97517450825, 1.00411827003, -0.993507723002, -0.396031415103, 1.96413967422, 0.996583199762, 1.04906234263, -0.00558238924404, 2.81083636549, 1.04478647713, 3.0, 1.0, 2.0, 2.02561728067, 2.9715617047, 1.0, 2.92850790737, 0.040366616256, -0.0586972810156, 1.99278778735, 5.0345777255e-07, 96053.0, 688, 99388.0
0.0, 0.0181633345626, 0.0144306495423, -0.0282333251766, 1.00009455922, 1.0, -0.993922751971, 2.00014453536, 0.0, 0.0, 2.98600953685, 1.99801215124, 0.00634650836106, 2.95278201858, 2.98705038617, 2.10840942138, 1.00987189803, 1.88136239155, -0.986069216031, 2.99958722302, 1.02933466681, -0.0028671035953, 2.0009255251, 1.9464288378, 0.9391558483, -0.938820362816, 1.03744387614, 1.25268833283, 1.99540429977, 2.97517450825, 1.00411827003, -0.993507723002, -0.396031415103, 1.96413967422, 0.996583199762, 1.04906234263, -0.00558238924404, 2.81083636549, 1.04478647713, 3.0, 1.0, 2.0, 2.02561728067, 2.9715617047, 1.0, 2.92850790737, 0.040366616256, -0.0586972810156, 1.99278778735, 5.0345777255e-07, 96053.0, 688, 99388.0
0.0, 0.0181633345626, 0.0144306495423, -0.0282333251766, 1.00009455922, 1.0, -0.993922751971, 2.00014453536, 0.0, 0.0, 2.98600953685, 1.99801215124, 0.00634650836106, 2.95278201858, 2.98705038617, 2.10840942138, 1.00987189803, 1.88136239155, -0.986069216031, 2.99958722302, 1.02933466681, -0.0028671035953, 2.0009255251, 1.9464288378, 0.9391558483, -0.938820362816, 1.03744387614, 1.25268833283, 1.99540429977, 2.97517450825, 1.00411827003, -0.993507723002, -0.396031415103, 1.96413967422, 0.996583199762, 1.04906234263, -0.00558238924404, 2.81083636549, 1.04478647713, 3.0, 1.0, 2.0, 2.02561728067, 2.9715617047, 1.0, 2.92850790737, 0.040366616256, -0.0586972810156, 1.99278778735, 5.0345777255e-07, 96053.0, 688, 99388.0
0.0, 0.0181633345626, 0.0144306495423, -0.0282333251766, 1.00009455922, 1.0, -0.993922751971, 2.00014453536, 0.0, 0.0, 2.98600953685, 1.99801215124, 0.00634650836106, 2.95278201858, 2.98705038617, 2.10840942138, 1.00987189803, 1.88136239155, -0.986069216031, 2.99958722302, 1.02933466681, -0.0028671035953, 2.0009255251, 1.9464288378, 0.9391558483, -0.938820362816, 1.03744387614, 1.25268833283, 1.99540429977, 2.97517450825, 1.00411827003, -0.993507723002, -0.396031415103, 1.96413967422, 0.996583199762, 1.04906234263, -0.00558238924404, 2.81083636549, 1.04478647713, 3.0, 1.0, 2.0, 2.02561728067, 2.9715617047, 1.0, 2.92850790737, 0.040366616256, -0.0586972810156, 1.99278778735, 5.0345777255e-07, 96053.0, 688, 99388.0
0.0, 0.0181633345626, 0.0144306495423, -0.0282333251766, 1.00009455922, 1.0, -0.993922751971, 2.00014453536, 0.0, 0.0, 2.98600953685, 1.99801215124, 0.00634650836106, 2.95278201858, 2.98705038617, 2.10840942138, 1.00987189803, 1.88136239155, -0.986069216031, 2.99958722302, 1.02933466681, -0.0028671035953, 2.0009255251, 1.9464288378, 0.9391558483, -0.938820362816, 1.03744387614, 1.25268833283, 1.99540429977, 2.97517450825, 1.00411827003, -0.993507723002, -0.396031415103, 1.96413967422, 0.996583199762, 1.04906234263, -0.00558238924404, 2.81083636549, 1.04478647713, 3.0, 1.0, 2.0, 2.02561728067, 2.9715617047, 1.0, 2.92850790737, 0.040366616256, -0.0586972810156, 1.99278778735, 5.0345777255e-07, 96053.0, 688, 99388.0
0.0, 0.0181633345626, 0.0144306495423, -0.0282333251766, 1.00009455922, 1.0, -0.993922751971, 2.00014453536, 0.0, 0.0, 2.98600953685, 1.99801215124, 0.00634650836106, 2.95278201858, 2.98705038617, 2.10840942138, 1.00987189803, 1.88136239155, -0.986069216031, 2.99958722302, 1.02933466681, -0.0028671035953, 2.0009255251, 1.9464288378, 0.9391558483, -0.938820362816, 1.03744387614, 1.25268833283, 1.99540429977, 2.97517450825, 1.00411827003, -0.993507723002, -0.396031415103, 1.96413967422, 0.996583199762, 1.04906234263, -0.00558238924404, 2.81083636549, 1.04478647713, 3.0, 1.0, 2.0, 2.02561728067, 2.9715617047, 1.0, 2.92850790737, 0.040366616256, -0.0586972810156, 1.99278778735, 5.0345777255e-07, 96053.0, 688, 99388.0
0.0, 0.0181633345626, 0.0144306495423, -0.0282333251766, 1.00009455922, 1.0, -0.993922751971, 2.00014453536, 0.0, 0.0, 2.98600953685, 1.99801215124, 0.00634650836106, 2.95278201858, 2.98705038617, 2.10840942138, 1.00987189803, 1.88136239155, -0.986069216031, 2.99958722302, 1.02933466681, -0.0028671035953, 2.0009255251, 1.9464288378, 0.9391558483, -0.938820362816, 1.03744387614, 1.25268833283, 1.99540429977, 2.97517450825, 1.00411827003, -0.993507723002, -0.396031415103, 1.96413967422, 0.996583199762, 1.04906234263, -0.00558238924404, 2.81083636549, 1.04478647713, 3.0, 1.0, 2.0, 2.02561728067, 2.9715617047, 1.0, 2.92850790737, 0.040366616256, -0.0586972810156, 1.99278778735, 5.0345777255e-07, 96053.0, 688, 99388.0
0.0, 0.0181633345626, 0.0144306495423, -0.0282333251766, 1.00009455922, 1.0, -0.993922751971, 2.00014453536, 0.0, 0.0, 2.98600953685, 1.99801215124, 0.00634650836106, 2.95278201858, 2.98705038617, 2.10840942138, 1.00987189803, 1.88136239155, -0.986069216031, 2.99958722302, 1.02933466681, -0.0028671035953, 2.0009255251, 1.9464288378, 0.9391558483, -0.938820362816, 1.03744387614, 1.25268833283, 1.99540429977, 2.97517450825, 1.00411827003, -0.993507723002, -0.396031415103, 1.96413967422, 0.996583199762, 1.04906234263, -0.00558238924404, 2.81083636549, 1.04478647713, 3.0, 1.0, 2.0, 2.02561728067, 2.9715617047, 1.0, 2.92850790737, 0.040366616256, -0.0586972810156, 1.99278778735, 5.0345777255e-07, 96053.0, 688, 99388.0
0.0, 2.0, -0.0685350054863, 2.01701380456, 0.998385984755, 2.0, -1.0, 1.00180539826, -1.0, 0.0, -1.0, 2.33334311341, -0.998575735526, -0.442280070737, 2.97403118283, 1.8962832608, 1.0, 1.85425564095, -1.0, 2.99996897855, 1.0, 0.0, 2.00095081267, 2.0, 2.0, 0.0, -1.0, 1.99001381129, 2.0, 1.00679315304, 0.993072724676, -1.0, 2.15440206794, 3.0, 1.00005825171, 3.0, -0.127764946094, 2.02810017467, 1.0, 0.0, 1.0, 2.15538144622, 3.0, 1.0, 0.958225854646, 1.0, -0.962285631275, 0.0, 0.0, -1.0, 96580.0, 600, 99457.0
0.0, 2.0, -0.0685350054863, 2.01701380456, 0.998385984755, 2.0, -1.0, 1.00180539826, -1.0, 0.0, -1.0, 2.33334311341, -0.998575735526, -0.442280070737, 2.97403118283, 1.8962832608, 1.0, 1.85425564095, -1.0, 2.99996897855, 1.0, 0.0, 2.00095081267, 2.0, 2.0, 0.0, -1.0, 1.99001381129, 2.0, 1.00679315304, 0.993072724676, -1.0, 2.15440206794, 3.0, 1.00005825171, 3.0, -0.127764946094, 2.02810017467, 1.0, 0.0, 1.0, 2.15538144622, 3.0, 1.0, 0.958225854646, 1.0, -0.962285631275, 0.0, 0.0, -1.0, 96580.0, 600, 99457.0
0.0, 2.0, -0.0685350054863, 2.01701380456, 0.998385984755, 2.0, -1.0, 1.00180539826, -1.0, 0.0, -1.0, 2.33334311341, -0.998575735526, -0.442280070737, 2.97403118283, 1.8962832608, 1.0, 1.85425564095, -1.0, 2.99996897855, 1.0, 0.0, 2.00095081267, 2.0, 2.0, 0.0, -1.0, 1.99001381129, 2.0, 1.00679315304, 0.993072724676, -1.0, 2.15440206794, 3.0, 1.00005825171, 3.0, -0.127764946094, 2.02810017467, 1.0, 0.0, 1.0, 2.15538144622, 3.0, 1.0, 0.958225854646, 1.0, -0.962285631275, 0.0, 0.0, -1.0, 96580.0, 600, 99457.0
0.0, 2.0, -0.0685350054863, 2.01701380456, 0.998385984755, 2.0, -1.0, 1.00180539826, -1.0, 0.0, -1.0, 2.33334311341, -0.998575735526, -0.442280070737, 2.97403118283, 1.8962832608, 1.0, 1.85425564095, -1.0, 2.99996897855, 1.0, 0.0, 2.00095081267, 2.0, 2.0, 0.0, -1.0, 1.99001381129, 2.0, 1.00679315304, 0.993072724676, -1.0, 2.15440206794, 3.0, 1.00005825171, 3.0, -0.127764946094, 2.02810017467, 1.0, 0.0, 1.0, 2.15538144622, 3.0, 1.0, 0.958225854646, 1.0, -0.962285631275, 0.0, 0.0, -1.0, 96580.0, 600, 99457.0
0.0, 2.0, -0.0685350054863, 2.01701380456, 0.998385984755, 2.0, -1.0, 1.00180539826, -1.0, 0.0, -1.0, 2.33334311341, -0.998575735526, -0.442280070737, 2.97403118283, 1.8962832608, 1.0, 1.85425564095, -1.0, 2.99996897855, 1.0, 0.0, 2.00095081267, 2.0, 2.0, 0.0, -1.0, 1.99001381129, 2.0, 1.00679315304, 0.993072724676, -1.0, 2.15440206794, 3.0, 1.00005825171, 3.0, -0.127764946094, 2.02810017467, 1.0, 0.0, 1.0, 2.15538144622, 3.0, 1.0, 0.958225854646, 1.0, -0.962285631275, 0.0, 0.0, -1.0, 96580.0, 600, 99457.0
0.0, 2.0, -0.0685350054863, 2.01701380456, 0.998385984755, 2.0, -1.0, 1.00180539826, -1.0, 0.0, -1.0, 2.33334311341, -0.998575735526, -0.442280070737, 2.97403118283, 1.8962832608, 1.0, 1.85425564095, -1.0, 2.99996897855, 1.0, 0.0, 2.00095081267, 2.0, 2.0, 0.0, -1.0, 1.99001381129, 2.0, 1.00679315304, 0.993072724676, -1.0, 2.15440206794, 3.0, 1.00005825171, 3.0, -0.127764946094, 2.02810017467, 1.0, 0.0, 1.0, 2.15538144622, 3.0, 1.0, 0.958225854646, 1.0, -0.962285631275, 0.0, 0.0, -1.0, 96580.0, 600, 99457.0
0.0, 2.0, -0.0685350054863, 2.01701380456, 0.998385984755, 2.0, -1.0, 1.00180539826, -1.0, 0.0, -1.0, 2.33334311341, -0.998575735526, -0.442280070737, 2.97403118283, 1.8962832608, 1.0, 1.85425564095, -1.0, 2.99996897855, 1.0, 0.0, 2.00095081267, 2.0, 2.0, 0.0, -1.0, 1.99001381129, 2.0, 1.00679315304, 0.993072724676, -1.0, 2.15440206794, 3.0, 1.00005825171, 3.0, -0.127764946094, 2.02810017467, 1.0, 0.0, 1.0, 2.15538144622, 3.0, 1.0, 0.958225854646, 1.0, -0.962285631275, 0.0, 0.0, -1.0, 96580.0, 600, 99457.0
0.00097963498905, 0.0, 2.03589781888, 1.06357364052, 2.97954232675, 2.0, 2.04387129098, 0.0, 2.0, 0.99861268305, 2.00952173386, 2.0, 0.0, 0.0, 0.0, 0.0175465323693, 1.98576062687, 0.0, 0.983469882848, 2.9848179818, 2.93673441025, 1.00929341326, 3.0, -0.998965904795, 2.0, 2.72573340965, 0.0143984019595, 2.95874287436, 2.09579614713, 0.00885510288806, 2.01937789629, -0.961059175381, 0.00128281164799, 1.00001030352, 0.00773629581928, 2.01676059937, 0.0272251329585, -1.0, 1.0, 1.9718026465, 1.0, -0.967565988161, 1.02602943452, 1.00016335326, 2.0, 2.99515661108, 1.0, 0.987462749359, 0.0, 3.0, 96057.0, 698, 99396.0
0.0, 0.0181633345626, -0.105802106384, -0.0282333251766, 1.00009455922, 1.0, -0.993922751971, 2.00014453536, 0.0, 0.0, 2.98600953685, 1.99801215124, 0.00634650836106, 2.95278201858, 2.98705038617, 2.10840942138, 1.00987189803, 1.88136239155, -0.986069216031, 2.99958722302, 1.02933466681, -0.0028671035953, 2.0009255251, 1.9464288378, 0.9391558483, -0.938820362816, 1.03744387614, 1.25268833283, 1.99540429977, 2.97517450825, 1.00411827003, -0.993507723002, -0.396031415103, 1.96413967422, 0.996583199762, 1.04906234263, -0.00558238924404, 2.81083636549, 1.04478647713, 3.0, 1.0, 2.0, 2.02561728067, 2.9715617047, 1.0, 2.92850790737, 0.040366616256, -0.0586972810156, 1.99278778735, 5.0345777255e-07, 96053.0, 688, 99388.0
0.0, 0.0181633345626, -0.105802106384, -0.0282333251766, 1.00009455922, 1.0, -0.993922751971, 2.00014453536, 0.0, 0.0, 2.98600953685, 1.99801215124, 0.00634650836106, 2.95278201858, 2.98705038617, 2.10840942138, 1.00987189803, 1.88136239155, -0.986069216031, 2.99958722302, 1.02933466681, -0.0028671035953, 2.0009255251, 1.9464288378, 0.9391558483, -0.938820362816, 1.03744387614, 1.25268833283, 1.99540429977, 2.97517450825, 1.00411827003, -0.993507723002, -0.396031415103, 1.96413967422, 0.996583199762, 1.04906234263, -0.00558238924404, 2.81083636549, 1.04478647713, 3.0, 1.0, 2.0, 2.02561728067, 2.9715617047, 1.0, 2.92850790737, 0.040366616256, -0.0586972810156, 1.99278778735, 5.0345777255e-07, 96053.0, 688, 99388.0
0.0, 0.0181633345626, -0.105802106384, -0.0282333251766, 1.00009455922, 1.0, -0.993922751971, 2.00014453536, 0.0, 0.0, 2.98600953685, 1.99801215124, 0.00634650836106, 2.95278201858, 2.98705038617, 2.10840942138, 1.00987189803, 1.88136239155, -0.986069216031, 2.99958722302, 1.02933466681, -0.0028671035953, 2.0009255251, 1.9464288378, 0.9391558483, -0.938820362816, 1.03744387614, 1.25268833283, 1.99540429977, 2.97517450825, 1.00411827003, -0.993507723002, -0.396031415103, 1.96413967422, 0.996583199762, 1.04906234263, -0.00558238924404, 2.81083636549, 1.04478647713, 3.0, 1.0, 2.0, 2.02561728067, 2.9715617047, 1.0, 2.92850790737, 0.040366616256, -0.0586972810156, 1.99278778735, 5.0345777255e-07, 96053.0, 688, 99388.0
0.0, 0.0181633345626, 0.0144306495423, -0.0282333251766, 1.00009455922, 1.0, -0.993922751971, 2.00014453536, 0.0, 0.0, 2.98600953685, 1.99801215124, 0.00634650836106, 2.95278201858, 2.98705038617, 2.10840942138, 1.00987189803, 1.88136239155, -0.986069216031, 2.99958722302, 1.02933466681, -0.0028671035953, 2.0009255251, 1.9464288378, 0.9391558483, -0.938820362816, 1.03744387614, 1.25268833283, 1.99540429977, 2.97517450825, 1.00411827003, -0.993507723002, -0.396031415103, 1.96413967422, 0.996583199762, 1.04906234263, -0.00558238924404, 2.81083636549, 1.04478647713, 3.0, 1.0, 2.0, 2.02561728067, 2.9715617047, 1.0, 2.92850790737, 0.040366616256, -0.0586972810156, 1.99278778735, 5.0345777255e-07, 96053.0, 688, 99388.0
0.0, 1.99746408442, -0.0368496618899, 0.953767940012, 0.938982101211, 1.0, -0.95115785034, 1.0, 2.0, 1.0, 2.8188734079, 1.9939944369, -0.998632927805, 1.79443893511, 2.99671033889, 2.99453394755, 3.0, -0.965694130796, -0.996932246012, 3.0, -1.0, 0.00889854993552, 2.0, -0.955739542336, 2.97928763429, -0.987052042404, -1.0, -0.0374038147858, 2.0, 0.0, 1.0, -1.0, 0.0, 2.99638727873, 1.01260482332, 1.96844739579, 2.0, 0.0, 1.97881842767, 0.0, 1.0, -0.959175040397, 2.0, 1.0, 1.0, 1.0, -0.952041751356, 2.0, 0.0162206838926, -0.987915055813, 96849.0, 553, 99489.0
0.0, 0.0181633345626, 0.0144306495423, -0.0282333251766, 1.00009455922, 1.0, -0.993922751971, 2.00014453536, 0.0, 0.0, 2.98600953685, 1.99801215124, 0.00634650836106, 2.95278201858, 2.98705038617, 2.10840942138, 1.00987189803, 1.88136239155, -0.986069216031, 2.99958722302, 1.02933466681, -0.0028671035953, 2.0009255251, 1.9464288378, 0.9391558483, -0.938820362816, 1.03744387614, 1.25268833283, 1.99540429977, 2.97517450825, 1.00411827003, -0.993507723002, -0.396031415103, 1.96413967422, 0.996583199762, 1.04906234263, -0.00558238924404, 2.81083636549, 1.04478647713, 3.0, 1.0, 2.0, 2.02561728067, 2.9715617047, 1.0, 2.92850790737, 0.040366616256, -0.0586972810156, 1.99278778735, 5.0345777255e-07, 96053.0, 688, 99388.0
0.0, 0.0181633345626, 0.0144306495423, -0.0282333251766, 1.00009455922, 1.0, -0.993922751971, 2.00014453536, 0.0, 0.0, 2.98600953685, 1.99801215124, 0.00634650836106, 2.95278201858, 2.98705038617, 2.10840942138, 1.00987189803, 1.88136239155, -0.986069216031, 2.99958722302, 1.02933466681, -0.0028671035953, 2.0009255251, 1.9464288378, 0.9391558483, -0.938820362816, 1.03744387614, 1.25268833283, 1.99540429977, 2.97517450825, 1.00411827003, -0.993507723002, -0.396031415103, 1.96413967422, 0.996583199762, 1.04906234263, -0.00558238924404, 2.81083636549, 1.04478647713, 3.0, 1.0, 2.0, 2.02561728067, 2.9715617047, 1.0, 2.92850790737, 0.040366616256, -0.0586972810156, 1.99278778735, 5.0345777255e-07, 96053.0, 688, 99388.0
0.0, 0.0181633345626, 0.0144306495423, -0.0282333251766, 1.00009455922, 1.0, -0.993922751971, 2.00014453536, 0.0, 0.0, 2.98600953685, 1.99801215124, 0.00634650836106, 2.95278201858, 2.98705038617, 2.10840942138, 1.00987189803, 1.88136239155, -0.986069216031, 2.99958722302, 1.02933466681, -0.0028671035953, 2.0009255251, 1.9464288378, 0.9391558483, -0.938820362816, 1.03744387614, 1.25268833283, 1.99540429977, 2.97517450825, 1.00411827003, -0.993507723002, -0.396031415103, 1.96413967422, 0.996583199762, 1.04906234263, -0.00558238924404, 2.81083636549, 1.04478647713, 3.0, 1.0, 2.0, 2.02561728067, 2.9715617047, 1.0, 2.92850790737, 0.040366616256, -0.0586972810156, 1.99278778735, 5.0345777255e-07, 96053.0, 688, 99388.0
0.0, 0.0181633345626, 0.0144306495423, -0.0282333251766, 1.00009455922, 1.0, -0.993922751971, 2.00014453536, 0.0, 0.0, 2.98600953685, 1.99801215124, 0.00634650836106, 2.95278201858, 2.98705038617, 2.10840942138, 1.00987189803, 1.88136239155, -0.986069216031, 2.99958722302, 1.02933466681, -0.0028671035953, 2.0009255251, 1.9464288378, 0.9391558483, -0.938820362816, 1.03744387614, 1.25268833283, 1.99540429977, 2.97517450825, 1.00411827003, -0.993507723002, -0.396031415103, 1.96413967422, 0.996583199762, 1.04906234263, -0.00558238924404, 2.81083636549, 1.04478647713, 3.0, 1.0, 2.0, 2.02561728067, 2.9715617047, 1.0, 2.92850790737, 0.040366616256, -0.0586972810156, 1.99278778735, 5.0345777255e-07, 96053.0, 688, 99388.0
0.0, 0.0181633345626, 0.0144306495423, -0.0278301473044, 1.00009455922, 1.0, -0.993922751971, 2.00014453536, 0.0, 0.0, 2.98600953685, 1.99801215124, 0.00634650836106, 2.95278201858, 2.98705038617, 2.10760989305, 1.00987189803, 1.88136239155, -0.986069216031, 2.99958722302, 1.02933466681, -0.0028671035953, 2.0009255251, 1.9464288378, 0.9391558483, -0.938820362816, 1.03744387614, 1.25268833283, 1.99540429977, 2.97517443589, 1.00411827003, -0.993507723002, -0.396031415103, 1.96413967422, 0.996583199762, 1.04906234263, -0.00558238924404, 2.81083636549, 1.04478647713, 3.0, 1.0, 2.0, 2.02561728067, 2.9715617047, 1.0, 2.92850790737, 0.040366616256, -0.0586972810156, 1.99278778735, 5.0345777255e-07, 96053.0, 688, 99388.0
0.0, 0.0181633345626, 0.0144306495423, -0.0278301473044, 1.00009455922, 1.0, -0.993922751971, 2.00014453536, 0.0, 0.0, 2.98600953685, 1.99801215124, 0.00634650836106, 2.95278201858, 2.98705038617, 2.10760989305, 1.00987189803, 1.88136239155, -0.986069216031, 2.99958722302, 1.02933466681, -0.0028671035953, 2.0009255251, 1.9464288378, 0.9391558483, -0.938820362816, 1.03744387614, 1.25268833283, 1.99540429977, 2.97517443589, 1.00411827003, -0.993507723002, -0.396031415103, 1.96413967422, 0.996583199762, 1.04906234263, -0.00558238924404, 2.81083636549, 1.04478647713, 3.0, 1.0, 2.0, 2.02561728067, 2.9715617047, 1.0, 2.92850790737, 0.040366616256, -0.0586972810156, 1.99278778735, 5.0345777255e-07, 96053.0, 688, 99388.0
0.0, 0.0181633345626, 0.0144306495423, -0.0278301473044, 1.00009455922, 1.0, -0.993922751971, 2.00014453536, 0.0, 0.0, 2.98600953685, 1.99801215124, 0.00634650836106, 2.95278201858, 2.98705038617, 2.10760989305, 1.00987189803, 1.88136239155, -0.986069216031, 2.99958722302, 1.02933466681, -0.0028671035953, 2.0009255251, 1.9464288378, 0.9391558483, -0.938820362816, 1.03744387614, 1.25268833283, 1.99540429977, 2.97517443589, 1.00411827003, -0.993507723002, -0.396031415103, 1.96413967422, 0.996583199762, 1.04906234263, -0.00558238924404, 2.81083636549, 1.04478647713, 3.0, 1.0, 2.0, 2.02561728067, 2.9715617047, 1.0, 2.92850790737, 0.040366616256, -0.0586972810156, 1.99278778735, 5.0345777255e-07, 96053.0, 688, 99388.0
0.0, 0.0181633345626, 0.0144306495423, -0.0282333251766, 1.00009455922, 1.0, -0.993922751971, 2.00014453536, 0.0, 0.0, 2.98600953685, 1.99801215124, 0.00634650836106, 2.95278201858, 2.98705038617, 2.10840942138, 1.00987189803, 1.88136239155, -0.986069216031, 2.99958722302, 1.02933466681, -0.0028671035953, 2.0009255251, 1.9464288378, 0.9391558483, -0.938820362816, 1.03744387614, 1.25268833283, 1.99540429977, 2.97517450825, 1.00411827003, -0.993507723002, -0.396031415103, 1.96413967422, 0.996583199762, 1.04906234263, -0.00558238924404, 2.81083636549, 1.04478647713, 3.0, 1.0, 2.0, 2.02561728067, 2.9715617047, 1.0, 2.92850790737, 0.040366616256, -0.0586972810156, 1.99278778735, 5.0345777255e-07, 96053.0, 688, 99388.0
0.0, 0.0181633345626, 0.0144306495423, -0.0282333251766, 1.00009455922, 1.0, -0.993922751971, 2.00014453536, 0.0, 0.0, 2.98600953685, 1.99801215124, 0.00634650836106, 2.95278201858, 2.98705038617, 2.10840942138, 1.00987189803, 1.88136239155, -0.986069216031, 2.99958722302, 1.02933466681, -0.0028671035953, 2.0009255251, 1.9464288378, 0.9391558483, -0.938820362816, 1.03744387614, 1.25268833283, 1.99540429977, 2.97517450825, 1.00411827003, -0.993507723002, -0.396031415103, 1.96413967422, 0.996583199762, 1.04906234263, -0.00558238924404, 2.81083636549, 1.04478647713, 3.0, 1.0, 2.0, 2.02561728067, 2.9715617047, 1.0, 2.92850790737, 0.040366616256, -0.0586972810156, 1.99278778735, 5.0345777255e-07, 96053.0, 688, 99388.0
0.0, 0.0181633345626, 0.0144306495423, -0.0282333251766, 1.00009455922, 1.0, -0.993922751971, 2.00014453536, 0.0, 0.0, 2.98600953685, 1.99801215124, 0.00634650836106, 2.95278201858, 2.98705038617, 2.10840942138, 1.00987189803, 1.88136239155, -0.986069216031, 2.99958722302, 1.02933466681, -0.0028671035953, 2.0009255251, 1.9464288378, 0.9391558483, -0.938820362816, 1.03744387614, 1.25268833283, 1.99540429977, 2.97517450825, 1.00411827003, -0.993507723002, -0.396031415103, 1.96413967422, 0.996583199762, 1.04906234263, -0.00558238924404, 2.81083636549, 1.04478647713, 3.0, 1.0, 2.0, 2.02561728067, 2.9715617047, 1.0, 2.92850790737, 0.040366616256, -0.0586972810156, 1.99278778735, 5.0345777255e-07, 96053.0, 688, 99388.0
0.0, 0.0181633345626, 0.0144306495423, -0.0282333251766, 1.00009455922, 1.0, -0.993922751971, 2.00014453536, 0.0, 0.0, 2.98600953685, 1.99801215124, 0.00634650836106, 2.95278201858, 2.98705038617, 2.10840942138, 1.00987189803, 1.88136239155, -0.986069216031, 2.99958722302, 1.02933466681, -0.0028671035953, 2.0009255251, 1.9464288378, 0.9391558483, -0.938820362816, 1.03744387614, 1.25268833283, 1.99540429977, 2.97517450825, 1.00411827003, -0.993507723002, -0.396031415103, 1.96413967422, 0.996583199762, 1.04906234263, -0.00558238924404, 2.81083636549, 1.04478647713, 3.0, 1.0, 2.0, 2.02561728067, 2.9715617047, 1.0, 2.92850790737, 0.040366616256, -0.0586972810156, 1.99278778735, 5.0345777255e-07, 96053.0, 688, 99388.0
0.0, 0.0181633345626, 0.0144306495423, -0.0282333251766, 1.00009455922, 1.0, -0.993922751971, 2.00014453536, 0.0, 0.0, 2.98600953685, 1.99801215124, 0.00634650836106, 2.95278201858, 2.98705038617, 2.10840942138, 1.00987189803, 1.88136239155, -0.986069216031, 2.99958722302, 1.02933466681, -0.0028671035953, 2.0009255251, 1.9464288378, 0.9391558483, -0.938820362816, 1.03744387614, 1.25268833283, 1.99540429977, 2.97517450825, 1.00411827003, -0.993507723002, -0.396031415103, 1.96413967422, 0.996583199762, 1.04906234263, -0.00558238924404, 2.81083636549, 1.04478647713, 3.0, 1.0, 2.0, 2.02561728067, 2.9715617047, 1.0, 2.92850790737, 0.040366616256, -0.0586972810156, 1.99278778735, 5.0345777255e-07, 96053.0, 688, 99388.0
0.0, 0.0181633345626, 0.0144306495423, -0.0282333251766, 1.00009455922, 1.0, -0.993922751971, 2.00014453536, 0.0, 0.0, 2.98600953685, 1.99801215124, 0.00634650836106, 2.95278201858, 2.98705038617, 2.10840942138, 1.00987189803, 1.88136239155, -0.986069216031, 2.99958722302, 1.02933466681, -0.0028671035953, 2.0009255251, 1.9464288378, 0.9391558483, -0.938820362816, 1.03744387614, 1.25268833283, 1.99540429977, 2.97517450825, 1.00411827003, -0.993507723002, -0.396031415103, 1.96413967422, 0.996583199762, 1.04906234263, -0.00558238924404, 2.81083636549, 1.04478647713, 3.0, 1.0, 2.0, 2.02561728067, 2.9715617047, 1.0, 2.92850790737, 0.040366616256, -0.0586972810156, 1.99278778735, 5.0345777255e-07, 96053.0, 688, 99388.0
0.0, 0.0181633345626, 0.0144306495423, -0.0282333251766, 1.00009455922, 1.0, -0.993922751971, 2.00014453536, 0.0, 0.0, 2.98600953685, 1.99801215124, 0.00634650836106, 2.95278201858, 2.98705038617, 2.10840942138, 1.00987189803, 1.88136239155, -0.986069216031, 2.99958722302, 1.02933466681, -0.0028671035953, 2.0009255251, 1.9464288378, 0.9391558483, -0.938820362816, 1.03744387614, 1.25268833283, 1.99540429977, 2.97517450825, 1.00411827003, -0.993507723002, -0.396031415103, 1.96413967422, 0.996583199762, 1.04906234263, -0.00558238924404, 2.81083636549, 1.04478647713, 3.0, 1.0, 2.0, 2.02561728067, 2.9715617047, 1.0, 2.92850790737, 0.040366616256, -0.0586972810156, 1.99278778735, 5.0345777255e-07, 96053.0, 688, 99388.0
0.0, 0.0181633345626, 0.0144306495423, -0.0282333251766, 1.00009455922, 1.0, -0.993922751971, 2.00014453536, 0.0, 0.0, 2.98600953685, 1.99801215124, 0.00634650836106, 2.95278201858, 2.98705038617, 2.10840942138, 1.00987189803, 1.88136239155, -0.986069216031, 2.99958722302, 1.02933466681, -0.0028671035953, 2.0009255251, 1.9464288378, 0.9391558483, -0.938820362816, 1.03744387614, 1.25268833283, 1.99540429977, 2.97517450825, 1.00411827003, -0.993507723002, -0.396031415103, 1.96413967422, 0.996583199762, 1.04906234263, -0.00558238924404, 2.81083636549, 1.04478647713, 3.0, 1.0, 2.0, 2.02561728067, 2.9715617047, 1.0, 2.92850790737, 0.040366616256, -0.0586972810156, 1.99278778735, 5.0345777255e-07, 96053.0, 688, 99388.0
0.0, 0.0181633345626, 0.0144306495423, -0.0282333251766, 1.00009455922, 1.0, -0.993922751971, 2.00014453536, 0.0, 0.0, 2.98600953685, 1.99801215124, 0.00634650836106, 2.95278201858, 2.98705038617, 2.10840942138, 1.00987189803, 1.88136239155, -0.986069216031, 2.99958722302, 1.02933466681, -0.0028671035953, 2.0009255251, 1.9464288378, 0.9391558483, -0.938820362816, 1.03744387614, 1.25268833283, 1.99540429977, 2.97517450825, 1.00411827003, -0.993507723002, -0.396031415103, 1.96413967422, 0.996583199762, 1.04906234263, -0.00558238924404, 2.81083636549, 1.04478647713, 3.0, 1.0, 2.0, 2.02561728067, 2.9715617047, 1.0, 2.92850790737, 0.040366616256, -0.0586972810156, 1.99278778735, 5.0345777255e-07, 96053.0, 688, 99388.0
0.0, 0.0181633345626, 0.0144306495423, -0.0282333251766, 1.00009455922, 1.0, -0.993922751971, 2.00014453536, 0.0, 0.0, 2.98600953685, 1.99801215124, 0.00634650836106, 2.95278201858, 2.98705038617, 2.10840942138, 1.00987189803, 1.88136239155, -0.986069216031, 2.99958722302, 1.02933466681, -0.0028671035953, 2.0009255251, 1.9464288378, 0.9391558483, -0.938820362816, 1.03744387614, 1.25268833283, 1.99540429977, 2.97517450825, 1.00411827003, -0.993507723002, -0.396031415103, 1.96413967422, 0.996583199762, 1.04906234263, -0.00558238924404, 2.81083636549, 1.04478647713, 3.0, 1.0, 2.0, 2.02561728067, 2.9715617047, 1.0, 2.92850790737, 0.040366616256, -0.0586972810156, 1.99278778735, 5.0345777255e-07, 96053.0, 688, 99388.0
0.0, 0.0181633345626, 0.0144306495423, -0.0282333251766, 1.00009455922, 1.0, -0.993922751971, 2.00014453536, 0.0, 0.0, 2.98600953685, 1.99801215124, 0.00634650836106, 2.95278201858, 2.98705038617, 2.10840942138, 1.00987189803, 1.88136239155, -0.986069216031, 2.99958722302, 1.02933466681, -0.0028671035953, 2.0009255251, 1.9464288378, 0.9391558483, -0.938820362816, 1.03744387614, 1.25268833283, 1.99540429977, 2.97517450825, 1.00411827003, -0.993507723002, -0.396031415103, 1.96413967422, 0.996583199762, 1.04906234263, -0.00558238924404, 2.81083636549, 1.04478647713, 3.0, 1.0, 2.0, 2.02561728067, 2.9715617047, 1.0, 2.92850790737, 0.040366616256, -0.0586972810156, 1.99278778735, 5.0345777255e-07, 96053.0, 688, 99388.0
