4.8188650872, 1.12687937881, 0.756155384306, 1.02497712379, 2.45986367205, 0.77731749173, 2.46751068954, 0.859009643068, 0.982360527797, 4.85264189189, 2.83377187893, 0.903707236563, 4.12498771644, 1.08949178991, 1.09000025964, 1.0737105964, 1.02026487685, 0.973377726488, 4.97180644282, 0.928124256208, 0.927295605725, 175.585446476, 1.16877962907, 5.13266638147, 1.19887950162, 3.14706654806, 1.27451692624, 103.14796827, 20.3952510997, 389.184731947, 0.536193029491
3.77658483353, 1.07564094564, 1.10460010343, 1.13737248608, 1.48869061674, 0.852231570914, 1.61790090091, 0.862111504758, 0.972485473805, 5.13724006378, 1.82364001024, 1.07866773087, 2.906100049, 1.16965317289, 1.09000080251, 1.05010094702, 1.03850228916, 1.05172387616, 8.39948194129, 1.06215541852, 0.856603836927, 201.399831393, 1.1544766103, 5.30611069804, 1.15927194289, 5.13961969369, 0.908812274891, 238.805271119, 16.3592005643, 992.898558068, 0.0
3.77658483353, 1.07564094564, 1.10460010343, 1.13737248608, 1.48869061674, 0.852231570914, 1.61790090091, 0.862111504758, 0.972485473805, 5.13724006378, 1.82364001024, 1.07866773087, 2.906100049, 1.16965317289, 1.09000080251, 1.05010094702, 1.03850228916, 1.05172387616, 8.39948194129, 1.06215541852, 0.856603836927, 201.399831393, 1.1544766103, 5.30611069804, 1.15927194289, 5.13961969369, 0.908812274891, 238.805271119, 16.3592005643, 992.898558068, 0.0
3.77658483353, 1.07564094564, 1.10460010343, 1.13737248608, 1.48869061674, 0.852231570914, 1.61790090091, 0.862111504758, 0.972485473805, 5.13724006378, 1.82364001024, 1.07866773087, 2.906100049, 1.16965317289, 1.09000080251, 1.05010094702, 1.03850228916, 1.05172387616, 8.39948194129, 1.06215541852, 0.856603836927, 201.399831393, 1.1544766103, 5.30611069804, 1.15927194289, 5.13961969369, 0.908812274891, 238.805271119, 16.3592005643, 992.898558068, 0.0
5.4856006249, 1.28464471774, 1.16799064185, 0.941189130283, 6.04383987524, 0.867673755213, 1.41865472858, 0.852517383664, 0.912533330267, 2.96818589847, 6.79864826548, 0.840838104179, 1.23960382781, 1.00150675617, 1.09000052196, 1.05064604521, 1.04216683278, 1.10220533063, 3.86565382152, 0.932443001205, 0.919559140063, 204.044337789, 1.16148302501, 2.25259203963, 1.16161921025, 4.81705473647, 0.889807574579, 84.7896947689, 10.0863082604, 553.154104777, 6.16621983914
5.4856006249, 1.28464471774, 1.16799064185, 0.941189130283, 6.04383987524, 0.867673755213, 1.41865472858, 0.852517383664, 0.912533330267, 2.96818589847, 6.79864826548, 0.840838104179, 1.23960382781, 1.00150675617, 1.09000052196, 1.05064604521, 1.04216683278, 1.10220533063, 3.86565382152, 0.932443001205, 0.919559140063, 204.044337789, 1.16148302501, 2.25259203963, 1.16161921025, 4.81705473647, 0.889807574579, 84.7896947689, 10.0863082604, 553.154104777, 6.16621983914
5.4856006249, 1.28464471774, 1.16799064185, 0.941189130283, 6.04383987524, 0.867673755213, 1.41865472858, 0.852517383664, 0.912533330267, 2.96818589847, 6.79864826548, 0.840838104179, 1.23960382781, 1.00150675617, 1.09000052196, 1.05064604521, 1.04216683278, 1.10220533063, 3.86565382152, 0.932443001205, 0.919559140063, 204.044337789, 1.16148302501, 2.25259203963, 1.16161921025, 4.81705473647, 0.889807574579, 84.7896947689, 10.0863082604, 553.154104777, 6.16621983914
5.4856006249, 1.28464471774, 1.16799064185, 0.941189130283, 6.04383987524, 0.867673755213, 1.41865472858, 0.852517383664, 0.912533330267, 2.96818589847, 6.79864826548, 0.840838104179, 1.23960382781, 1.00150675617, 1.09000052196, 1.05064604521, 1.04216683278, 1.10220533063, 3.86565382152, 0.932443001205, 0.919559140063, 204.044337789, 1.16148302501, 2.25259203963, 1.16161921025, 4.81705473647, 0.889807574579, 84.7896947689, 10.0863082604, 553.154104777, 6.16621983914
5.4856006249, 1.28464471774, 1.16799064185, 0.941189130283, 6.04383987524, 0.867673755213, 1.41865472858, 0.852517383664, 0.912533330267, 2.96818589847, 6.79864826548, 0.840838104179, 1.23960382781, 1.00150675617, 1.09000052196, 1.05064604521, 1.04216683278, 1.10220533063, 3.86565382152, 0.932443001205, 0.919559140063, 204.044337789, 1.16148302501, 2.25259203963, 1.16161921025, 4.81705473647, 0.889807574579, 84.7896947689, 10.0863082604, 553.154104777, 6.16621983914
5.4856006249, 1.28464471774, 1.16799064185, 0.941189130283, 6.04383987524, 0.867673755213, 1.41865472858, 0.852517383664, 0.912533330267, 2.96818589847, 6.79864826548, 0.840838104179, 1.23960382781, 1.00150675617, 1.09000052196, 1.05064604521, 1.04216683278, 1.10220533063, 3.86565382152, 0.932443001205, 0.919559140063, 204.044337789, 1.16148302501, 2.25259203963, 1.16161921025, 4.81705473647, 0.889807574579, 84.7896947689, 10.0863082604, 553.154104777, 6.16621983914
5.4856006249, 1.28464471774, 1.16799064185, 0.941189130283, 6.04383987524, 0.867673755213, 1.41865472858, 0.852517383664, 0.912533330267, 2.96818589847, 6.79864826548, 0.840838104179, 1.23960382781, 1.00150675617, 1.09000052196, 1.05064604521, 1.04216683278, 1.10220533063, 3.86565382152, 0.932443001205, 0.919559140063, 204.044337789, 1.16148302501, 2.25259203963, 1.16161921025, 4.81705473647, 0.889807574579, 84.7896947689, 10.0863082604, 553.154104777, 6.16621983914
5.4856006249, 1.28464471774, 1.16799064185, 0.941189130283, 6.04383987524, 0.867673755213, 1.41865472858, 0.852517383664, 0.912533330267, 2.96818589847, 6.79864826548, 0.840838104179, 1.23960382781, 1.00150675617, 1.09000052196, 1.05064604521, 1.04216683278, 1.10220533063, 3.86565382152, 0.932443001205, 0.919559140063, 204.044337789, 1.16148302501, 2.25259203963, 1.16161921025, 4.81705473647, 0.889807574579, 84.7896947689, 10.0863082604, 553.154104777, 6.16621983914
1.01494339332, 1.36997190498, 0.928523303916, 1.16501185358, 3.4718288248, 0.858010911939, 1.72739587203, 0.933357955984, 0.972625787986, 2.7507522418, 7.40842975029, 0.8102587768, 4.57021364807, 0.942374198678, 1.0900009626, 1.06854229088, 1.03675114497, 1.02359701674, 8.55637666697, 1.18722708817, 0.762464249245, 263.250436776, 0.964279378319, 2.7460351736, 1.13951745723, 5.20166656354, 1.20713069909, 159.345048203, 17.5662840338, 703.686247532, 0.268096514745
1.01494339332, 1.36997190498, 0.928523303916, 1.16501185358, 3.4718288248, 0.858010911939, 1.72739587203, 0.933357955984, 0.972625787986, 2.7507522418, 7.40842975029, 0.8102587768, 4.57021364807, 0.942374198678, 1.0900009626, 1.06854229088, 1.03675114497, 1.02359701674, 8.55637666697, 1.18722708817, 0.762464249245, 263.250436776, 0.964279378319, 2.7460351736, 1.13951745723, 5.20166656354, 1.20713069909, 159.345048203, 17.5662840338, 703.686247532, 0.268096514745
1.01494339332, 1.36997190498, 0.928523303916, 1.16501185358, 3.4718288248, 0.858010911939, 1.72739587203, 0.933357955984, 0.972625787986, 2.7507522418, 7.40842975029, 0.8102587768, 4.57021364807, 0.942374198678, 1.0900009626, 1.06854229088, 1.03675114497, 1.02359701674, 8.55637666697, 1.18722708817, 0.762464249245, 263.250436776, 0.964279378319, 2.7460351736, 1.13951745723, 5.20166656354, 1.20713069909, 159.345048203, 17.5662840338, 703.686247532, 0.268096514745
1.01494339332, 1.36997190498, 0.928523303916, 1.16501185358, 3.4718288248, 0.858010911939, 1.72739587203, 0.933357955984, 0.972625787986, 2.7507522418, 7.40842975029, 0.8102587768, 4.57021364807, 0.942374198678, 1.0900009626, 1.06854229088, 1.03675114497, 1.02359701674, 8.55637666697, 1.18722708817, 0.762464249245, 263.250436776, 0.964279378319, 2.7460351736, 1.13951745723, 5.20166656354, 1.20713069909, 159.345048203, 17.5662840338, 703.686247532, 0.268096514745
1.01494339332, 1.36997190498, 0.928523303916, 1.16501185358, 3.4718288248, 0.858010911939, 1.72739587203, 0.933357955984, 0.972625787986, 2.7507522418, 7.40842975029, 0.8102587768, 4.57021364807, 0.942374198678, 1.0900009626, 1.06854229088, 1.03675114497, 1.02359701674, 8.55637666697, 1.18722708817, 0.762464249245, 263.250436776, 0.964279378319, 2.7460351736, 1.13951745723, 5.20166656354, 1.20713069909, 159.345048203, 17.5662840338, 703.686247532, 0.268096514745
5.4725077378, 1.28464471774, 1.16799064185, 0.941189130283, 6.05131467736, 0.867673755213, 1.41865472858, 0.85381467306, 0.912533330267, 2.96822011935, 7.42372421124, 0.840614127775, 1.27793394259, 1.005354768, 1.09000052196, 1.05064604521, 1.04216683278, 1.02455176965, 8.65360634397, 0.933854663274, 0.763111751085, 204.044337789, 1.16148302501, 2.25259203963, 1.13962490049, 4.81999740091, 0.889807574579, 861.477326349, 37.766231796, 931.611917834, 0.0
5.4725077378, 1.28464471774, 1.16799064185, 0.941189130283, 6.05131467736, 0.867673755213, 1.41865472858, 0.85381467306, 0.912533330267, 2.96822011935, 7.42372421124, 0.840614127775, 1.27793394259, 1.005354768, 1.09000052196, 1.05064604521, 1.04216683278, 1.02455176965, 8.65360634397, 0.933854663274, 0.763111751085, 204.044337789, 1.16148302501, 2.25259203963, 1.13962490049, 4.81999740091, 0.889807574579, 861.477326349, 37.766231796, 931.611917834, 0.0
5.08369471193, 1.15396489248, 1.09278144441, 1.16129269852, 1.97883175465, 0.79749975047, 2.41325400768, 1.05811665041, 0.900151086738, 3.14393953162, 7.4288866468, 0.839908345111, 2.58646366349, 1.00327343089, 1.09000057635, 1.06004966564, 1.04222115477, 1.02427597985, 8.66384455123, 1.11004524723, 0.798433359886, 324.346944126, 1.16151200482, 2.52073426263, 1.13877907387, 3.05008426475, 1.21717896672, 9.96353400844, 5.20037435103, 38.5612284029, 3.75335120643
5.08369471193, 1.15396489248, 1.09278144441, 1.16129269852, 1.97883175465, 0.79749975047, 2.41325400768, 1.05811665041, 0.900151086738, 3.14393953162, 7.4288866468, 0.839908345111, 2.58646366349, 1.00327343089, 1.09000057635, 1.06004966564, 1.04222115477, 1.02427597985, 8.66384455123, 1.11004524723, 0.798433359886, 324.346944126, 1.16151200482, 2.52073426263, 1.13877907387, 3.05008426475, 1.21717896672, 9.96353400844, 5.20037435103, 38.5612284029, 3.75335120643
5.08369471193, 1.15396489248, 1.09278144441, 1.16129269852, 1.97883175465, 0.79749975047, 2.41325400768, 1.05811665041, 0.900151086738, 3.14393953162, 7.4288866468, 0.839908345111, 2.58646366349, 1.00327343089, 1.09000057635, 1.06004966564, 1.04222115477, 1.02427597985, 8.66384455123, 1.11004524723, 0.798433359886, 324.346944126, 1.16151200482, 2.52073426263, 1.13877907387, 3.05008426475, 1.21717896672, 9.96353400844, 5.20037435103, 38.5612284029, 3.75335120643
5.08369471193, 1.15396489248, 1.09278144441, 1.16129269852, 1.97883175465, 0.79749975047, 2.41325400768, 1.05811665041, 0.900151086738, 3.14393953162, 7.4288866468, 0.839908345111, 2.58646366349, 1.00327343089, 1.09000057635, 1.06004966564, 1.04222115477, 1.02427597985, 8.66384455123, 1.11004524723, 0.798433359886, 324.346944126, 1.16151200482, 2.52073426263, 1.13877907387, 3.05008426475, 1.21717896672, 9.96353400844, 5.20037435103, 38.5612284029, 3.75335120643
5.08369471193, 1.15396489248, 1.09278144441, 1.16129269852, 1.97883175465, 0.79749975047, 2.41325400768, 1.05811665041, 0.900151086738, 3.14393953162, 7.4288866468, 0.839908345111, 2.58646366349, 1.00327343089, 1.09000057635, 1.06004966564, 1.04222115477, 1.02427597985, 8.66384455123, 1.11004524723, 0.798433359886, 324.346944126, 1.16151200482, 2.52073426263, 1.13877907387, 3.05008426475, 1.21717896672, 9.96353400844, 5.20037435103, 38.5612284029, 3.75335120643
5.08369471193, 1.15396489248, 1.09278144441, 1.16129269852, 1.97883175465, 0.79749975047, 2.41325400768, 1.05811665041, 0.900151086738, 3.14393953162, 7.4288866468, 0.839908345111, 2.58646366349, 1.00327343089, 1.09000057635, 1.06004966564, 1.04222115477, 1.02427597985, 8.66384455123, 1.11004524723, 0.798433359886, 324.346944126, 1.16151200482, 2.52073426263, 1.13877907387, 3.05008426475, 1.21717896672, 9.96353400844, 5.20037435103, 38.5612284029, 3.75335120643
5.08369471193, 1.15396489248, 1.09278144441, 1.16129269852, 1.97883175465, 0.79749975047, 2.41325400768, 1.05811665041, 0.900151086738, 3.14393953162, 7.4288866468, 0.839908345111, 2.58646366349, 1.00327343089, 1.09000057635, 1.06004966564, 1.04222115477, 1.02427597985, 8.66384455123, 1.11004524723, 0.798433359886, 324.346944126, 1.16151200482, 2.52073426263, 1.13877907387, 3.05008426475, 1.21717896672, 9.96353400844, 5.20037435103, 38.5612284029, 3.75335120643
5.08369471193, 1.15396489248, 1.09278144441, 1.16129269852, 1.97883175465, 0.79749975047, 2.41325400768, 1.05811665041, 0.900151086738, 3.14393953162, 7.4288866468, 0.839908345111, 2.58646366349, 1.00327343089, 1.09000057635, 1.06004966564, 1.04222115477, 1.02427597985, 8.66384455123, 1.11004524723, 0.798433359886, 324.346944126, 1.16151200482, 2.52073426263, 1.13877907387, 3.05008426475, 1.21717896672, 9.96353400844, 5.20037435103, 38.5612284029, 3.75335120643
5.08369471193, 1.15396489248, 1.09278144441, 1.16129269852, 1.97883175465, 0.79749975047, 2.41325400768, 1.05811665041, 0.900151086738, 3.14393953162, 7.4288866468, 0.839908345111, 2.58646366349, 1.00327343089, 1.09000057635, 1.06004966564, 1.04222115477, 1.02427597985, 8.66384455123, 1.11004524723, 0.798433359886, 324.346944126, 1.16151200482, 2.52073426263, 1.13877907387, 3.05008426475, 1.21717896672, 9.96353400844, 5.20037435103, 38.5612284029, 3.75335120643
5.08369471193, 1.15396489248, 1.09278144441, 1.16129269852, 1.97883175465, 0.79749975047, 2.41325400768, 1.05811665041, 0.900151086738, 3.14393953162, 7.4288866468, 0.839908345111, 2.58646366349, 1.00327343089, 1.09000057635, 1.06004966564, 1.04222115477, 1.02427597985, 8.66384455123, 1.11004524723, 0.798433359886, 324.346944126, 1.16151200482, 2.52073426263, 1.13877907387, 3.05008426475, 1.21717896672, 9.96353400844, 5.20037435103, 38.5612284029, 3.75335120643
5.08369471193, 1.15396489248, 1.09278144441, 1.16129269852, 1.97883175465, 0.79749975047, 2.41325400768, 1.05811665041, 0.900151086738, 3.14393953162, 7.4288866468, 0.839908345111, 2.58646366349, 1.00327343089, 1.09000057635, 1.06004966564, 1.04222115477, 1.02427597985, 8.66384455123, 1.11004524723, 0.798433359886, 324.346944126, 1.16151200482, 2.52073426263, 1.13877907387, 3.05008426475, 1.21717896672, 9.96353400844, 5.20037435103, 38.5612284029, 3.75335120643
5.08369471193, 1.15396489248, 1.09278144441, 1.16129269852, 1.97883175465, 0.79749975047, 2.41325400768, 1.05811665041, 0.900151086738, 3.14393953162, 7.4288866468, 0.839908345111, 2.58646366349, 1.00327343089, 1.09000057635, 1.06004966564, 1.04222115477, 1.02427597985, 8.66384455123, 1.11004524723, 0.798433359886, 324.346944126, 1.16151200482, 2.52073426263, 1.13877907387, 3.05008426475, 1.21717896672, 9.96353400844, 5.20037435103, 38.5612284029, 3.75335120643
5.08369471193, 1.15396489248, 1.09278144441, 1.16129269852, 1.97883175465, 0.79749975047, 2.41325400768, 1.05811665041, 0.900151086738, 3.14393953162, 7.4288866468, 0.839908345111, 2.58646366349, 1.00327343089, 1.09000057635, 1.06004966564, 1.04222115477, 1.02427597985, 8.66384455123, 1.11004524723, 0.798433359886, 324.346944126, 1.16151200482, 2.52073426263, 1.13877907387, 3.05008426475, 1.21717896672, 9.96353400844, 5.20037435103, 38.5612284029, 3.75335120643
5.08369471193, 1.15396489248, 1.09278144441, 1.16129269852, 1.97883175465, 0.79749975047, 2.41325400768, 1.05811665041, 0.900151086738, 3.14393953162, 7.4288866468, 0.839908345111, 2.58646366349, 1.00327343089, 1.09000057635, 1.06004966564, 1.04222115477, 1.02427597985, 8.66384455123, 1.11004524723, 0.798433359886, 324.346944126, 1.16151200482, 2.52073426263, 1.13877907387, 3.05008426475, 1.21717896672, 9.96353400844, 5.20037435103, 38.5612284029, 3.75335120643
5.08369471193, 1.15396489248, 1.09278144441, 1.16129269852, 1.97883175465, 0.79749975047, 2.41325400768, 1.05811665041, 0.900151086738, 3.14393953162, 7.4288866468, 0.839908345111, 2.58646366349, 1.00327343089, 1.09000057635, 1.06004966564, 1.04222115477, 1.02427597985, 8.66384455123, 1.11004524723, 0.798433359886, 324.346944126, 1.16151200482, 2.52073426263, 1.13877907387, 3.05008426475, 1.21717896672, 9.96353400844, 5.20037435103, 38.5612284029, 3.75335120643
5.08369471193, 1.15396489248, 1.09278144441, 1.16129269852, 1.97883175465, 0.79749975047, 2.41325400768, 1.05811665041, 0.900151086738, 3.14393953162, 7.4288866468, 0.839908345111, 2.58646366349, 1.00327343089, 1.09000057635, 1.06004966564, 1.04222115477, 1.02427597985, 8.66384455123, 1.11004524723, 0.798433359886, 324.346944126, 1.16151200482, 2.52073426263, 1.13877907387, 3.05008426475, 1.21717896672, 9.96353400844, 5.20037435103, 38.5612284029, 3.75335120643
5.08369471193, 1.15396489248, 1.09278144441, 1.16129269852, 1.97883175465, 0.79749975047, 2.41325400768, 1.05811665041, 0.900151086738, 3.14393953162, 7.4288866468, 0.839908345111, 2.58646366349, 1.00327343089, 1.09000057635, 1.06004966564, 1.04222115477, 1.02427597985, 8.66384455123, 1.11004524723, 0.798433359886, 324.346944126, 1.16151200482, 2.52073426263, 1.13877907387, 3.05008426475, 1.21717896672, 9.96353400844, 5.20037435103, 38.5612284029, 3.75335120643
5.08369471193, 1.15396489248, 1.09278144441, 1.16129269852, 1.97883175465, 0.79749975047, 2.41325400768, 1.05811665041, 0.900151086738, 3.14393953162, 7.4288866468, 0.839908345111, 2.58646366349, 1.00327343089, 1.09000057635, 1.06004966564, 1.04222115477, 1.02427597985, 8.66384455123, 1.11004524723, 0.798433359886, 324.346944126, 1.16151200482, 2.52073426263, 1.13877907387, 3.05008426475, 1.21717896672, 9.96353400844, 5.20037435103, 38.5612284029, 3.75335120643
5.08369471193, 1.15396489248, 1.09278144441, 1.16129269852, 1.97883175465, 0.79749975047, 2.41325400768, 1.05811665041, 0.900151086738, 3.14393953162, 7.4288866468, 0.839908345111, 2.58646366349, 1.00327343089, 1.09000057635, 1.06004966564, 1.04222115477, 1.02427597985, 8.66384455123, 1.11004524723, 0.798433359886, 324.346944126, 1.16151200482, 2.52073426263, 1.13877907387, 3.05008426475, 1.21717896672, 9.96353400844, 5.20037435103, 38.5612284029, 3.75335120643
5.08369471193, 1.15396489248, 1.09278144441, 1.16129269852, 1.97883175465, 0.79749975047, 2.41325400768, 1.05811665041, 0.900151086738, 3.14393953162, 7.4288866468, 0.839908345111, 2.58646366349, 1.00327343089, 1.09000057635, 1.06004966564, 1.04222115477, 1.02427597985, 8.66384455123, 1.11004524723, 0.798433359886, 324.346944126, 1.16151200482, 2.52073426263, 1.13877907387, 3.05008426475, 1.21717896672, 9.96353400844, 5.20037435103, 38.5612284029, 3.75335120643
1.01494339332, 1.36997190498, 0.928523303916, 1.16501185358, 3.4718288248, 0.858010911939, 1.72739587203, 0.933357955984, 0.972625787986, 2.7507522418, 7.40842975029, 0.8102587768, 4.57021364807, 0.942374198678, 1.0900009626, 1.06854229088, 1.03675114497, 1.02359701674, 8.55637666697, 1.18722708817, 0.762365439952, 263.250436776, 0.964279378319, 2.7460351736, 1.13951745723, 5.20166656354, 1.20713069909, 71.8236882321, 18.7565222565, 54.7969550384, 0.0
1.01494339332, 1.36997190498, 0.928523303916, 1.16501185358, 3.4718288248, 0.858010911939, 1.72739587203, 0.933357955984, 0.972625787986, 2.7507522418, 7.40842975029, 0.8102587768, 4.57021364807, 0.942374198678, 1.0900009626, 1.06854229088, 1.03675114497, 1.02359701674, 8.55637666697, 1.18722708817, 0.762365439952, 263.250436776, 0.964279378319, 2.7460351736, 1.13951745723, 5.20166656354, 1.20713069909, 71.8236882321, 18.7565222565, 54.7969550384, 0.0
1.01494339332, 1.36997190498, 0.928523303916, 1.16501185358, 3.4718288248, 0.858010911939, 1.72739587203, 0.933357955984, 0.972625787986, 2.7507522418, 7.40842975029, 0.8102587768, 4.57021364807, 0.942374198678, 1.0900009626, 1.06854229088, 1.03675114497, 1.02359701674, 8.55637666697, 1.18722708817, 0.762365439952, 263.250436776, 0.964279378319, 2.7460351736, 1.13951745723, 5.20166656354, 1.20713069909, 71.8236882321, 18.7565222565, 54.7969550384, 0.0
1.01494339332, 1.36997190498, 0.928523303916, 1.16501185358, 3.4718288248, 0.858010911939, 1.72739587203, 0.933357955984, 0.972625787986, 2.7507522418, 7.40842975029, 0.8102587768, 4.57021364807, 0.942374198678, 1.0900009626, 1.06854229088, 1.03675114497, 1.02359701674, 8.55637666697, 1.18722708817, 0.762365439952, 263.250436776, 0.964279378319, 2.7460351736, 1.13951745723, 5.20166656354, 1.20713069909, 71.8236882321, 18.7565222565, 54.7969550384, 0.0
1.01494339332, 1.36997190498, 0.928523303916, 1.16501185358, 3.4718288248, 0.858010911939, 1.72739587203, 0.933357955984, 0.972625787986, 2.7507522418, 7.40842975029, 0.8102587768, 4.57021364807, 0.942374198678, 1.0900009626, 1.06854229088, 1.03675114497, 1.02359701674, 8.55637666697, 1.18722708817, 0.762365439952, 263.250436776, 0.964279378319, 2.7460351736, 1.13951745723, 5.20166656354, 1.20713069909, 71.8236882321, 18.7565222565, 54.7969550384, 0.0
5.41972423383, 1.27767745448, 1.09262944291, 0.942086941638, 6.24457197697, 0.797820771086, 4.85235837028, 1.05734439182, 0.911947856462, 3.2600599147, 6.78553021505, 0.837839921825, 2.63009947643, 1.12837515706, 1.09000053835, 1.05050303001, 1.04216683278, 1.02249841183, 3.86565382152, 1.09969303835, 0.84070517073, 248.627669052, 1.16148302501, 2.23422828246, 1.13959038216, 4.68132789007, 1.21845302581, 124.396554858, 15.7989222645, 553.070423316, 2.68096514745
5.41972423383, 1.27767745448, 1.09262944291, 0.942086941638, 6.24457197697, 0.797820771086, 4.85235837028, 1.05734439182, 0.911947856462, 3.2600599147, 6.78553021505, 0.837839921825, 2.63009947643, 1.12837515706, 1.09000053835, 1.05050303001, 1.04216683278, 1.02249841183, 3.86565382152, 1.09969303835, 0.84070517073, 248.627669052, 1.16148302501, 2.23422828246, 1.13959038216, 4.68132789007, 1.21845302581, 124.396554858, 15.7989222645, 553.070423316, 2.68096514745
5.41972423383, 1.27767745448, 1.09262944291, 0.942086941638, 6.24457197697, 0.797820771086, 4.85235837028, 1.05734439182, 0.911947856462, 3.2600599147, 6.78553021505, 0.837839921825, 2.63009947643, 1.12837515706, 1.09000053835, 1.05050303001, 1.04216683278, 1.02249841183, 3.86565382152, 1.09969303835, 0.84070517073, 248.627669052, 1.16148302501, 2.23422828246, 1.13959038216, 4.68132789007, 1.21845302581, 124.396554858, 15.7989222645, 553.070423316, 2.68096514745
5.41972423383, 1.27767745448, 1.09262944291, 0.942086941638, 6.24457197697, 0.797820771086, 4.85235837028, 1.05734439182, 0.911947856462, 3.2600599147, 6.78553021505, 0.837839921825, 2.63009947643, 1.12837515706, 1.09000053835, 1.05050303001, 1.04216683278, 1.02249841183, 3.86565382152, 1.09969303835, 0.84070517073, 248.627669052, 1.16148302501, 2.23422828246, 1.13959038216, 4.68132789007, 1.21845302581, 124.396554858, 15.7989222645, 553.070423316, 2.68096514745
5.41972423383, 1.27767745448, 1.09262944291, 0.942086941638, 6.24457197697, 0.797820771086, 4.85235837028, 1.05734439182, 0.911947856462, 3.2600599147, 6.78553021505, 0.837839921825, 2.63009947643, 1.12837515706, 1.09000053835, 1.05050303001, 1.04216683278, 1.02249841183, 3.86565382152, 1.09969303835, 0.84070517073, 248.627669052, 1.16148302501, 2.23422828246, 1.13959038216, 4.68132789007, 1.21845302581, 124.396554858, 15.7989222645, 553.070423316, 2.68096514745
5.41972423383, 1.27767745448, 1.09262944291, 0.942086941638, 6.24457197697, 0.797820771086, 4.85235837028, 1.05734439182, 0.911947856462, 3.2600599147, 6.78553021505, 0.837839921825, 2.63009947643, 1.12837515706, 1.09000053835, 1.05050303001, 1.04216683278, 1.02249841183, 3.86565382152, 1.09969303835, 0.84070517073, 248.627669052, 1.16148302501, 2.23422828246, 1.13959038216, 4.68132789007, 1.21845302581, 124.396554858, 15.7989222645, 553.070423316, 2.68096514745
5.41972423383, 1.27767745448, 1.09262944291, 0.942086941638, 6.24457197697, 0.797820771086, 4.85235837028, 1.05734439182, 0.911947856462, 3.2600599147, 6.78553021505, 0.837839921825, 2.63009947643, 1.12837515706, 1.09000053835, 1.05050303001, 1.04216683278, 1.02249841183, 3.86565382152, 1.09969303835, 0.84070517073, 248.627669052, 1.16148302501, 2.23422828246, 1.13959038216, 4.68132789007, 1.21845302581, 124.396554858, 15.7989222645, 553.070423316, 2.68096514745
5.41972423383, 1.27767745448, 1.09262944291, 0.942086941638, 6.24457197697, 0.797820771086, 4.85235837028, 1.05734439182, 0.911947856462, 3.2600599147, 6.78553021505, 0.837839921825, 2.63009947643, 1.12837515706, 1.09000053835, 1.05050303001, 1.04216683278, 1.02249841183, 3.86565382152, 1.09969303835, 0.84070517073, 248.627669052, 1.16148302501, 2.23422828246, 1.13959038216, 4.68132789007, 1.21845302581, 124.396554858, 15.7989222645, 553.070423316, 2.68096514745
5.08369471193, 1.15349138639, 1.09278144441, 1.1613520203, 1.97883175465, 0.798277652388, 2.40605555199, 1.05811665041, 0.974131960673, 3.14393953162, 7.4288866468, 0.839908345111, 4.5905146221, 1.00327343089, 1.09000057635, 1.06004966564, 1.042166374, 1.02427597985, 9.19789132682, 1.18367420558, 0.798433359886, 325.548896974, 1.16151200482, 2.52073426263, 1.13877907387, 5.12575767064, 1.21717896672, 270.755948014, 29.367277228, 1604.45471198, 1.07238605898
5.41972423383, 1.27767745448, 1.09262944291, 0.942086941638, 6.24457197697, 0.797820771086, 4.85235837028, 1.05734439182, 0.911947856462, 3.2600599147, 6.78553021505, 0.837839921825, 2.63009947643, 1.12837515706, 1.09000053835, 1.05050303001, 1.04216683278, 1.02249841183, 3.86565382152, 1.09969303835, 0.84070517073, 248.627669052, 1.15100088133, 2.23422828246, 1.13959038216, 4.68132789007, 1.21845302581, 2574.4992696, 31.5010511454, 3769.43152669, 1.60857908847
5.4856006249, 1.29062756623, 1.16799064185, 0.941189130283, 6.04383987524, 0.867673755213, 1.29917573693, 0.852517383664, 0.912533330267, 2.96818589847, 6.79864826548, 0.840838104179, 1.23960382781, 1.00150675617, 1.09000053229, 1.05064604521, 1.04216683278, 1.10220533063, 3.86565382152, 0.932443001205, 0.919559140063, 216.134314363, 1.16148302501, 2.25259203963, 1.16161921025, 4.75934894043, 0.889807574579, 559.781127725, 25.1433296807, 930.126251696, 2.14477211796
1.01494339332, 1.14748230157, 1.09140511841, 1.16499705527, 1.96282057581, 0.796359577329, 1.70933666372, 0.933357955984, 0.972625787986, 2.7507522418, 7.42904450529, 0.8102587768, 4.57021364807, 0.942155256071, 1.09000057013, 1.06005677011, 1.03675114497, 1.02360236907, 8.55637666697, 1.11081811923, 0.762493752859, 263.250436776, 0.964279378319, 2.7460351736, 1.13871143872, 3.07338109093, 1.1908249205, 357.281001288, 29.3368318371, 1171.15985975, 1.07238605898
1.01494339332, 1.14748230157, 1.09140511841, 1.16499705527, 1.96282057581, 0.796359577329, 1.70933666372, 0.933357955984, 0.972625787986, 2.7507522418, 7.42904450529, 0.8102587768, 4.57021364807, 0.942155256071, 1.09000057013, 1.06005677011, 1.03675114497, 1.02360236907, 8.55637666697, 1.11081811923, 0.762493752859, 263.250436776, 0.964279378319, 2.7460351736, 1.13871143872, 3.07338109093, 1.1908249205, 357.281001288, 29.3368318371, 1171.15985975, 1.07238605898
1.01494339332, 1.14748230157, 1.09140511841, 1.16499705527, 1.96282057581, 0.796359577329, 1.70933666372, 0.933357955984, 0.972625787986, 2.7507522418, 7.42904450529, 0.8102587768, 4.57021364807, 0.942155256071, 1.09000057013, 1.06005677011, 1.03675114497, 1.02360236907, 8.55637666697, 1.11081811923, 0.762493752859, 263.250436776, 0.964279378319, 2.7460351736, 1.13871143872, 3.07338109093, 1.1908249205, 357.281001288, 29.3368318371, 1171.15985975, 1.07238605898
5.41972423383, 1.27767745448, 1.09262944291, 1.16769773251, 6.28031396326, 0.857193514533, 4.85235837028, 1.05734439182, 0.973853589971, 2.75158851886, 7.40849511667, 0.837163218464, 4.97601039594, 1.12837515706, 1.09000053835, 1.06894655042, 1.04226662459, 1.02249841183, 3.86565382152, 1.18938829444, 0.761444999532, 248.627669052, 0.963449609934, 2.23422828246, 1.13959495637, 4.68803913892, 1.20702567178, 270.134544228, 25.9306183499, 568.497508492, 0.536193029491
5.41972423383, 1.27767745448, 1.09262944291, 0.942086941638, 6.24457197697, 0.797820771086, 4.50748501242, 1.05734439182, 0.911947856462, 3.2600599147, 6.78553021505, 0.837839921825, 2.63009947643, 1.12837515706, 1.09000053835, 1.05050303001, 1.04216683278, 1.02249841183, 3.86565382152, 1.09969303835, 0.84070517073, 248.627669052, 1.16148302501, 2.23422828246, 1.13959038216, 4.68132789007, 1.21845302581, 26.9778572456, 10.0660172668, 153.227048348, 1.60857908847
5.41972423383, 1.27767745448, 1.09262944291, 0.942086941638, 6.24457197697, 0.797820771086, 4.50748501242, 1.05734439182, 0.911947856462, 3.2600599147, 6.78553021505, 0.837839921825, 2.63009947643, 1.12837515706, 1.09000053835, 1.05050303001, 1.04216683278, 1.02249841183, 3.86565382152, 1.09969303835, 0.84070517073, 248.627669052, 1.16148302501, 2.23422828246, 1.13959038216, 4.68132789007, 1.21845302581, 26.9778572456, 10.0660172668, 153.227048348, 1.60857908847
5.41972423383, 1.27767745448, 1.09262944291, 0.942086941638, 6.24457197697, 0.797820771086, 4.50748501242, 1.05734439182, 0.911947856462, 3.2600599147, 6.78553021505, 0.837839921825, 2.63009947643, 1.12837515706, 1.09000053835, 1.05050303001, 1.04216683278, 1.02249841183, 3.86565382152, 1.09969303835, 0.84070517073, 248.627669052, 1.16148302501, 2.23422828246, 1.13959038216, 4.68132789007, 1.21845302581, 26.9778572456, 10.0660172668, 153.227048348, 1.60857908847
5.41972423383, 1.27767745448, 1.09262944291, 0.942086941638, 6.24457197697, 0.797820771086, 4.50748501242, 1.05734439182, 0.911947856462, 3.2600599147, 6.78553021505, 0.837839921825, 2.63009947643, 1.12837515706, 1.09000053835, 1.05050303001, 1.04216683278, 1.02249841183, 3.86565382152, 1.09969303835, 0.84070517073, 248.627669052, 1.16148302501, 2.23422828246, 1.13959038216, 4.68132789007, 1.21845302581, 26.9778572456, 10.0660172668, 153.227048348, 1.60857908847
5.41972423383, 1.27767745448, 1.09262944291, 0.942086941638, 6.24457197697, 0.797820771086, 4.50748501242, 1.05734439182, 0.911947856462, 3.2600599147, 6.78553021505, 0.837839921825, 2.63009947643, 1.12837515706, 1.09000053835, 1.05050303001, 1.04216683278, 1.02249841183, 3.86565382152, 1.09969303835, 0.84070517073, 248.627669052, 1.16148302501, 2.23422828246, 1.13959038216, 4.68132789007, 1.21845302581, 26.9778572456, 10.0660172668, 153.227048348, 1.60857908847
5.41972423383, 1.27767745448, 1.09262944291, 0.942086941638, 6.24457197697, 0.797820771086, 4.50748501242, 1.05734439182, 0.911947856462, 3.2600599147, 6.78553021505, 0.837839921825, 2.63009947643, 1.12837515706, 1.09000053835, 1.05050303001, 1.04216683278, 1.02249841183, 3.86565382152, 1.09969303835, 0.84070517073, 248.627669052, 1.16148302501, 2.23422828246, 1.13959038216, 4.68132789007, 1.21845302581, 26.9778572456, 10.0660172668, 153.227048348, 1.60857908847
5.41972423383, 1.27767745448, 1.09262944291, 0.942086941638, 6.24457197697, 0.797820771086, 4.50748501242, 1.05734439182, 0.911947856462, 3.2600599147, 6.78553021505, 0.837839921825, 2.63009947643, 1.12837515706, 1.09000053835, 1.05050303001, 1.04216683278, 1.02249841183, 3.86565382152, 1.09969303835, 0.84070517073, 248.627669052, 1.16148302501, 2.23422828246, 1.13959038216, 4.68132789007, 1.21845302581, 26.9778572456, 10.0660172668, 153.227048348, 1.60857908847
5.41972423383, 1.27767745448, 1.09262944291, 0.942086941638, 6.24457197697, 0.797820771086, 4.50748501242, 1.05734439182, 0.911947856462, 3.2600599147, 6.78553021505, 0.837839921825, 2.63009947643, 1.12837515706, 1.09000053835, 1.05050303001, 1.04216683278, 1.02249841183, 3.86565382152, 1.09969303835, 0.84070517073, 248.627669052, 1.16148302501, 2.23422828246, 1.13959038216, 4.68132789007, 1.21845302581, 26.9778572456, 10.0660172668, 153.227048348, 1.60857908847
5.41972423383, 1.27767745448, 1.09262944291, 0.942086941638, 6.24457197697, 0.797820771086, 4.50748501242, 1.05734439182, 0.911947856462, 3.2600599147, 6.78553021505, 0.837839921825, 2.63009947643, 1.12837515706, 1.09000053835, 1.05050303001, 1.04216683278, 1.02249841183, 3.86565382152, 1.09969303835, 0.84070517073, 248.627669052, 1.16148302501, 2.23422828246, 1.13959038216, 4.68132789007, 1.21845302581, 26.9778572456, 10.0660172668, 153.227048348, 1.60857908847
5.41972423383, 1.27767745448, 1.09262944291, 0.942086941638, 6.24457197697, 0.797820771086, 4.50748501242, 1.05734439182, 0.911947856462, 3.2600599147, 6.78553021505, 0.837839921825, 2.63009947643, 1.12837515706, 1.09000053835, 1.05050303001, 1.04216683278, 1.02249841183, 3.86565382152, 1.09969303835, 0.84070517073, 248.627669052, 1.16148302501, 2.23422828246, 1.13959038216, 4.68132789007, 1.21845302581, 26.9778572456, 10.0660172668, 153.227048348, 1.60857908847
5.41972423383, 1.27767745448, 1.09262944291, 0.942086941638, 6.24457197697, 0.797820771086, 4.50748501242, 1.05734439182, 0.911947856462, 3.2600599147, 6.78553021505, 0.837839921825, 2.63009947643, 1.12837515706, 1.09000053835, 1.05050303001, 1.04216683278, 1.02249841183, 3.86565382152, 1.09969303835, 0.84070517073, 248.627669052, 1.16148302501, 2.23422828246, 1.13959038216, 4.68132789007, 1.21845302581, 26.9778572456, 10.0660172668, 153.227048348, 1.60857908847
5.41972423383, 1.27767745448, 1.09262944291, 0.942086941638, 6.24457197697, 0.797820771086, 4.50748501242, 1.05734439182, 0.911947856462, 3.2600599147, 6.78553021505, 0.837839921825, 2.63009947643, 1.12837515706, 1.09000053835, 1.05050303001, 1.04216683278, 1.02249841183, 3.86565382152, 1.09969303835, 0.84070517073, 248.627669052, 1.16148302501, 2.23422828246, 1.13959038216, 4.68132789007, 1.21845302581, 26.9778572456, 10.0660172668, 153.227048348, 1.60857908847
5.41972423383, 1.27767745448, 1.09262944291, 0.942086941638, 6.24457197697, 0.797820771086, 4.50748501242, 1.05734439182, 0.911947856462, 3.2600599147, 6.78553021505, 0.837839921825, 2.63009947643, 1.12837515706, 1.09000053835, 1.05050303001, 1.04216683278, 1.02249841183, 3.86565382152, 1.09969303835, 0.84070517073, 248.627669052, 1.16148302501, 2.23422828246, 1.13959038216, 4.68132789007, 1.21845302581, 26.9778572456, 10.0660172668, 153.227048348, 1.60857908847
5.41972423383, 1.27767745448, 1.09262944291, 0.942086941638, 6.24457197697, 0.797820771086, 4.50748501242, 1.05734439182, 0.911947856462, 3.2600599147, 6.78553021505, 0.837839921825, 2.63009947643, 1.12837515706, 1.09000053835, 1.05050303001, 1.04216683278, 1.02249841183, 3.86565382152, 1.09969303835, 0.84070517073, 248.627669052, 1.16148302501, 2.23422828246, 1.13959038216, 4.68132789007, 1.21845302581, 26.9778572456, 10.0660172668, 153.227048348, 1.60857908847
5.41972423383, 1.27767745448, 1.09262944291, 0.942086941638, 6.24457197697, 0.797820771086, 4.50748501242, 1.05734439182, 0.911947856462, 3.2600599147, 6.78553021505, 0.837839921825, 2.63009947643, 1.12837515706, 1.09000053835, 1.05050303001, 1.04216683278, 1.02249841183, 3.86565382152, 1.09969303835, 0.84070517073, 248.627669052, 1.16148302501, 2.23422828246, 1.13959038216, 4.68132789007, 1.21845302581, 26.9778572456, 10.0660172668, 153.227048348, 1.60857908847
5.41972423383, 1.27767745448, 1.09262944291, 0.942086941638, 6.24457197697, 0.797820771086, 4.50748501242, 1.05734439182, 0.911947856462, 3.2600599147, 6.78553021505, 0.837839921825, 2.63009947643, 1.12837515706, 1.09000053835, 1.05050303001, 1.04216683278, 1.02249841183, 3.86565382152, 1.09969303835, 0.84070517073, 248.627669052, 1.16148302501, 2.23422828246, 1.13959038216, 4.68132789007, 1.21845302581, 26.9778572456, 10.0660172668, 153.227048348, 1.60857908847
5.41972423383, 1.27767745448, 1.09262944291, 0.942086941638, 6.24457197697, 0.797820771086, 4.50748501242, 1.05734439182, 0.911947856462, 3.2600599147, 6.78553021505, 0.837839921825, 2.63009947643, 1.12837515706, 1.09000053835, 1.05050303001, 1.04216683278, 1.02249841183, 3.86565382152, 1.09969303835, 0.84070517073, 248.627669052, 1.16148302501, 2.23422828246, 1.13959038216, 4.68132789007, 1.21845302581, 26.9778572456, 10.0660172668, 153.227048348, 1.60857908847
2.41155127195, 1.14748230157, 1.15941663417, 1.16547077074, 1.96282057581, 0.763942325441, 1.70933666372, 0.933357955984, 0.943120985924, 2.7507522418, 2.40367339822, 0.929122174892, 4.57021364807, 0.944083494782, 1.09000065947, 1.06005677011, 1.03661338586, 1.02360236907, 8.58074371731, 1.11081811923, 0.762493752859, 301.809074413, 0.964279378319, 2.70084775585, 1.1379106343, 3.07338109093, 1.1908249205, 393.797033296, 15.9544375117, 402.914684465, 2.14477211796
2.41155127195, 1.14748230157, 1.15941663417, 1.16547077074, 1.96282057581, 0.763942325441, 1.70933666372, 0.933357955984, 0.943120985924, 2.7507522418, 2.40367339822, 0.929122174892, 4.57021364807, 0.944083494782, 1.09000065947, 1.06005677011, 1.03661338586, 1.02360236907, 8.58074371731, 1.11081811923, 0.762493752859, 301.809074413, 0.964279378319, 2.70084775585, 1.1379106343, 3.07338109093, 1.1908249205, 393.797033296, 15.9544375117, 402.914684465, 2.14477211796
2.41155127195, 1.14748230157, 1.15941663417, 1.16547077074, 1.96282057581, 0.763942325441, 1.70933666372, 0.933357955984, 0.943120985924, 2.7507522418, 2.40367339822, 0.929122174892, 4.57021364807, 0.944083494782, 1.09000065947, 1.06005677011, 1.03661338586, 1.02360236907, 8.58074371731, 1.11081811923, 0.762493752859, 301.809074413, 0.964279378319, 2.70084775585, 1.1379106343, 3.07338109093, 1.1908249205, 393.797033296, 15.9544375117, 402.914684465, 2.14477211796
2.41155127195, 1.14748230157, 1.15941663417, 1.16547077074, 1.96282057581, 0.763942325441, 1.70933666372, 0.933357955984, 0.943120985924, 2.7507522418, 2.40367339822, 0.929122174892, 4.57021364807, 0.944083494782, 1.09000065947, 1.06005677011, 1.03661338586, 1.02360236907, 8.58074371731, 1.11081811923, 0.762493752859, 301.809074413, 0.964279378319, 2.70084775585, 1.1379106343, 3.07338109093, 1.1908249205, 393.797033296, 15.9544375117, 402.914684465, 2.14477211796
2.41155127195, 1.14748230157, 1.15941663417, 1.16547077074, 1.96282057581, 0.763942325441, 1.70933666372, 0.933357955984, 0.943120985924, 2.7507522418, 2.40367339822, 0.929122174892, 4.57021364807, 0.944083494782, 1.09000065947, 1.06005677011, 1.03661338586, 1.02360236907, 8.58074371731, 1.11081811923, 0.762493752859, 301.809074413, 0.964279378319, 2.70084775585, 1.1379106343, 3.07338109093, 1.1908249205, 393.797033296, 15.9544375117, 402.914684465, 2.14477211796
2.41155127195, 1.14748230157, 1.15941663417, 1.16547077074, 1.96282057581, 0.763942325441, 1.70933666372, 0.933357955984, 0.943120985924, 2.7507522418, 2.40367339822, 0.929122174892, 4.57021364807, 0.944083494782, 1.09000065947, 1.06005677011, 1.03661338586, 1.02360236907, 8.58074371731, 1.11081811923, 0.762493752859, 301.809074413, 0.964279378319, 2.70084775585, 1.1379106343, 3.07338109093, 1.1908249205, 393.797033296, 15.9544375117, 402.914684465, 2.14477211796
2.41155127195, 1.14748230157, 1.15941663417, 1.16547077074, 1.96282057581, 0.763942325441, 1.70933666372, 0.933357955984, 0.943120985924, 2.7507522418, 2.40367339822, 0.929122174892, 4.57021364807, 0.944083494782, 1.09000065947, 1.06005677011, 1.03661338586, 1.02360236907, 8.58074371731, 1.11081811923, 0.762493752859, 301.809074413, 0.964279378319, 2.70084775585, 1.1379106343, 3.07338109093, 1.1908249205, 393.797033296, 15.9544375117, 402.914684465, 2.14477211796
2.41155127195, 1.14748230157, 1.15941663417, 1.16547077074, 1.96282057581, 0.763942325441, 1.70933666372, 0.933357955984, 0.943120985924, 2.7507522418, 2.40367339822, 0.929122174892, 4.57021364807, 0.944083494782, 1.09000065947, 1.06005677011, 1.03661338586, 1.02360236907, 8.58074371731, 1.11081811923, 0.762493752859, 301.809074413, 0.964279378319, 2.70084775585, 1.1379106343, 3.07338109093, 1.1908249205, 393.797033296, 15.9544375117, 402.914684465, 2.14477211796
2.41155127195, 1.14748230157, 1.15941663417, 1.16547077074, 1.96282057581, 0.763942325441, 1.70933666372, 0.933357955984, 0.943120985924, 2.7507522418, 2.40367339822, 0.929122174892, 4.57021364807, 0.944083494782, 1.09000065947, 1.06005677011, 1.03661338586, 1.02360236907, 8.58074371731, 1.11081811923, 0.762493752859, 301.809074413, 0.964279378319, 2.70084775585, 1.1379106343, 3.07338109093, 1.1908249205, 393.797033296, 15.9544375117, 402.914684465, 2.14477211796
2.41155127195, 1.14748230157, 1.15941663417, 1.16547077074, 1.96282057581, 0.763942325441, 1.70933666372, 0.933357955984, 0.943120985924, 2.7507522418, 2.40367339822, 0.929122174892, 4.57021364807, 0.944083494782, 1.09000065947, 1.06005677011, 1.03661338586, 1.02360236907, 8.58074371731, 1.11081811923, 0.762493752859, 301.809074413, 0.964279378319, 2.70084775585, 1.1379106343, 3.07338109093, 1.1908249205, 393.797033296, 15.9544375117, 402.914684465, 2.14477211796
2.41155127195, 1.14748230157, 1.15941663417, 1.16547077074, 1.96282057581, 0.763942325441, 1.70933666372, 0.933357955984, 0.943120985924, 2.7507522418, 2.40367339822, 0.929122174892, 4.57021364807, 0.944083494782, 1.09000065947, 1.06005677011, 1.03661338586, 1.02360236907, 8.58074371731, 1.11081811923, 0.762493752859, 301.809074413, 0.964279378319, 2.70084775585, 1.1379106343, 3.07338109093, 1.1908249205, 393.797033296, 15.9544375117, 402.914684465, 2.14477211796
2.41155127195, 1.14748230157, 1.15941663417, 1.16547077074, 1.96282057581, 0.763942325441, 1.70933666372, 0.933357955984, 0.943120985924, 2.7507522418, 2.40367339822, 0.929122174892, 4.57021364807, 0.944083494782, 1.09000065947, 1.06005677011, 1.03661338586, 1.02360236907, 8.58074371731, 1.11081811923, 0.762493752859, 301.809074413, 0.964279378319, 2.70084775585, 1.1379106343, 3.07338109093, 1.1908249205, 393.797033296, 15.9544375117, 402.914684465, 2.14477211796
2.41155127195, 1.14748230157, 1.15941663417, 1.16547077074, 1.94412513309, 0.763942325441, 1.70933666372, 0.933357955984, 0.943120985924, 2.7507522418, 2.40367339822, 0.929122174892, 4.57021364807, 0.944083494782, 1.09000089118, 1.06005677011, 1.03661338586, 1.02360236907, 8.70527712095, 1.11081811923, 0.762493752859, 301.809074413, 0.964279378319, 2.70084775585, 1.1379106343, 3.07338109093, 1.1908249205, 226.082029587, 18.7064774401, 182.35906935, 0.536193029491
2.41155127195, 1.14748230157, 1.15941663417, 1.16547077074, 1.94412513309, 0.763942325441, 1.70933666372, 0.933357955984, 0.943120985924, 2.7507522418, 2.40367339822, 0.929122174892, 4.57021364807, 0.944083494782, 1.09000089118, 1.06005677011, 1.03661338586, 1.02360236907, 8.70527712095, 1.11081811923, 0.762493752859, 301.809074413, 0.964279378319, 2.70084775585, 1.1379106343, 3.07338109093, 1.1908249205, 226.082029587, 18.7064774401, 182.35906935, 0.536193029491
2.41155127195, 1.14748230157, 1.15941663417, 1.16547077074, 1.94412513309, 0.763942325441, 1.70933666372, 0.933357955984, 0.943120985924, 2.7507522418, 2.40367339822, 0.929122174892, 4.57021364807, 0.944083494782, 1.09000089118, 1.06005677011, 1.03661338586, 1.02360236907, 8.70527712095, 1.11081811923, 0.762493752859, 301.809074413, 0.964279378319, 2.70084775585, 1.1379106343, 3.07338109093, 1.1908249205, 226.082029587, 18.7064774401, 182.35906935, 0.536193029491
2.41155127195, 1.14748230157, 1.15941663417, 1.16547077074, 1.94412513309, 0.763942325441, 1.70933666372, 0.933357955984, 0.943120985924, 2.7507522418, 2.40367339822, 0.929122174892, 4.57021364807, 0.944083494782, 1.09000089118, 1.06005677011, 1.03661338586, 1.02360236907, 8.70527712095, 1.11081811923, 0.762493752859, 301.809074413, 0.964279378319, 2.70084775585, 1.1379106343, 3.07338109093, 1.1908249205, 226.082029587, 18.7064774401, 182.35906935, 0.536193029491
2.41155127195, 1.14748230157, 1.15941663417, 1.16547077074, 1.94412513309, 0.763942325441, 1.70933666372, 0.933357955984, 0.943120985924, 2.7507522418, 2.40367339822, 0.929122174892, 4.57021364807, 0.944083494782, 1.09000089118, 1.06005677011, 1.03661338586, 1.02360236907, 8.70527712095, 1.11081811923, 0.762493752859, 301.809074413, 0.964279378319, 2.70084775585, 1.1379106343, 3.07338109093, 1.1908249205, 226.082029587, 18.7064774401, 182.35906935, 0.536193029491
2.41155127195, 1.14748230157, 1.15941663417, 1.16547077074, 1.94412513309, 0.763942325441, 1.70933666372, 0.933357955984, 0.943120985924, 2.7507522418, 2.40367339822, 0.929122174892, 4.57021364807, 0.944083494782, 1.09000089118, 1.06005677011, 1.03661338586, 1.02360236907, 8.70527712095, 1.11081811923, 0.762493752859, 301.809074413, 0.964279378319, 2.70084775585, 1.1379106343, 3.07338109093, 1.1908249205, 226.082029587, 18.7064774401, 182.35906935, 0.536193029491
2.41155127195, 1.14748230157, 1.15941663417, 1.16547077074, 1.94412513309, 0.763942325441, 1.70933666372, 0.933357955984, 0.943120985924, 2.7507522418, 2.40367339822, 0.929122174892, 4.57021364807, 0.944083494782, 1.09000089118, 1.06005677011, 1.03661338586, 1.02360236907, 8.70527712095, 1.11081811923, 0.762493752859, 301.809074413, 0.964279378319, 2.70084775585, 1.1379106343, 3.07338109093, 1.1908249205, 226.082029587, 18.7064774401, 182.35906935, 0.536193029491
2.41155127195, 1.14748230157, 1.15941663417, 1.16547077074, 1.94412513309, 0.763942325441, 1.70933666372, 0.933357955984, 0.943120985924, 2.7507522418, 2.40367339822, 0.929122174892, 4.57021364807, 0.944083494782, 1.09000089118, 1.06005677011, 1.03661338586, 1.02360236907, 8.70527712095, 1.11081811923, 0.762493752859, 301.809074413, 0.964279378319, 2.70084775585, 1.1379106343, 3.07338109093, 1.1908249205, 226.082029587, 18.7064774401, 182.35906935, 0.536193029491
2.41155127195, 1.14748230157, 1.15941663417, 1.16547077074, 1.94412513309, 0.763942325441, 1.70933666372, 0.933357955984, 0.943120985924, 2.7507522418, 2.40367339822, 0.929122174892, 4.57021364807, 0.944083494782, 1.09000089118, 1.06005677011, 1.03661338586, 1.02360236907, 8.70527712095, 1.11081811923, 0.762493752859, 301.809074413, 0.964279378319, 2.70084775585, 1.1379106343, 3.07338109093, 1.1908249205, 226.082029587, 18.7064774401, 182.35906935, 0.536193029491
2.41155127195, 1.14748230157, 1.15941663417, 1.16547077074, 1.94412513309, 0.763942325441, 1.70933666372, 0.933357955984, 0.943120985924, 2.7507522418, 2.40367339822, 0.929122174892, 4.57021364807, 0.944083494782, 1.09000089118, 1.06005677011, 1.03661338586, 1.02360236907, 8.70527712095, 1.11081811923, 0.762493752859, 301.809074413, 0.964279378319, 2.70084775585, 1.1379106343, 3.07338109093, 1.1908249205, 226.082029587, 18.7064774401, 182.35906935, 0.536193029491
2.41155127195, 1.14748230157, 1.15941663417, 1.16547077074, 1.94412513309, 0.763942325441, 1.70933666372, 0.933357955984, 0.943120985924, 2.7507522418, 2.40367339822, 0.929122174892, 4.57021364807, 0.944083494782, 1.09000089118, 1.06005677011, 1.03661338586, 1.02360236907, 8.70527712095, 1.11081811923, 0.762493752859, 301.809074413, 0.964279378319, 2.70084775585, 1.1379106343, 3.07338109093, 1.1908249205, 226.082029587, 18.7064774401, 182.35906935, 0.536193029491
2.41155127195, 1.14748230157, 1.15941663417, 1.16547077074, 1.94412513309, 0.763942325441, 1.70933666372, 0.933357955984, 0.943120985924, 2.7507522418, 2.40367339822, 0.929122174892, 4.57021364807, 0.944083494782, 1.09000089118, 1.06005677011, 1.03661338586, 1.02360236907, 8.70527712095, 1.11081811923, 0.762493752859, 301.809074413, 0.964279378319, 2.70084775585, 1.1379106343, 3.07338109093, 1.1908249205, 226.082029587, 18.7064774401, 182.35906935, 0.536193029491
