3.14694580202, 1.00000033019, 1.01457756554, 0.965539166054, 3.122102357, 0.796710405594, 1.38102578383, 1.06574671229, 0.950883406406, 5.08219717574, 5.42100153733, 1.13269220055, 4.03545448685, 0.972827548463, 1.09000001771, 1.0059231998, 1.03276241959, 1.04015721874, 6.51836356177, 1.15233963865, 0.77790913474, 818.380562701, 0.914571046701, 5.2506356599, 1.18166219611, 1.42831546593, 1.07720695225, 123.679856444, 11.0365656553, 95.7398631516, 2.9490616622
3.54547988751, 1.00000017445, 1.32437618672, 0.900502644277, 2.56792644794, 0.851945324835, 3.26239030791, 1.05101798545, 0.967479888844, 5.68000356527, 5.5517356808, 0.822150172146, 2.65475782352, 1.21395779908, 1.09000011557, 1.02928351327, 1.02707900079, 1.06150968081, 6.58427115372, 1.00856249177, 0.959606541826, 420.270700073, 1.11091534966, 2.35476757054, 1.01204274904, 5.29896378887, 1.07266384466, 212.539555096, 12.9278225414, 2077.59297396, 2.41286863271
5.17072345917, 1.00000080898, 1.40043447031, 0.918320805944, 4.61268133123, 0.921381246137, 4.20585784381, 1.10491657457, 0.969054263161, 4.38007068027, 4.71034827067, 1.20644535942, 3.8051240453, 1.01967430798, 1.0900005779, 1.06527681059, 1.02796716543, 0.922446489467, 7.69662985173, 1.09145666637, 0.874637830334, 241.702751649, 1.19079018327, 5.94806174764, 1.19548686819, 2.71707974035, 0.88441576635, 168.778718945, 14.6619822805, 1279.65507488, 1.34048257373
5.02275359651, 1.00000002851, 1.68076421529, 1.21726857806, 6.00224786338, 0.879206800304, 4.31674601844, 1.22500888745, 0.978730160269, 5.96851196339, 6.10602658705, 0.952444380688, 3.20398768088, 1.14018403321, 1.09000036239, 1.0007810822, 1.03539913537, 0.836813187096, 9.75426807817, 1.14456341953, 0.882628395801, 167.970248024, 1.07799169514, 2.87285367812, 0.9766050687, 3.81871206478, 1.11715310408, 92.2428986566, 10.1446809447, 406.389608641, 2.9490616622
4.11754463721, 1.00000078473, 1.21974326809, 1.03726095753, 5.79511967296, 0.720633963452, 1.6297056665, 1.02155599615, 0.998060325318, 2.99335673893, 5.14656634943, 1.09155975375, 2.70477492385, 1.1496962632, 1.09000096994, 1.06390629914, 1.02057608038, 1.22969590056, 3.30035201716, 1.11289586314, 0.868228598705, 11.0353192415, 0.96251220538, 5.37475653137, 1.14202272743, 3.70791992154, 1.17546261955, 37.676828446, 15.5477314419, 106.937249084, 0.0
3.87635385187, 1.00000023391, 1.02882191218, 0.824543718927, 3.81196326025, 0.782657342406, 4.05024624555, 1.00148137803, 0.925460260357, 5.8525442556, 6.14311458287, 1.1886812447, 1.16035172527, 0.995758240072, 1.09000057165, 1.01738159141, 1.046086887, 1.19435744497, 9.56780226481, 1.00379633471, 0.908626465498, 353.050790661, 1.01501003806, 2.35250150031, 0.96921733764, 3.81251532099, 1.29594869024, 130.356197691, 11.8908309907, 582.976800502, 3.75335120643
1.09637559287, 1.0000000727, 1.30110864716, 0.897819076518, 3.19620178925, 0.745187456348, 3.74510670566, 1.15426456692, 0.908891608369, 5.86115783605, 6.05119031383, 0.999288637142, 4.67079641283, 1.28850419023, 1.09000005744, 1.09688663199, 1.02005374219, 0.991096775078, 4.46318625239, 1.01892862263, 0.967062695601, 827.319781223, 1.05431596497, 2.03925755682, 0.963407351778, 4.44986254441, 0.949967386188, 1124.59753401, 41.3873007075, 6861.59855991, 0.0
4.58137639468, 1.00000093355, 1.58525405426, 0.862613653411, 6.81899623625, 0.888912681186, 5.77502567656, 1.23720385202, 0.987283085584, 3.71973794888, 5.8769045416, 1.07595355499, 1.35086115312, 0.993630049041, 1.09000021742, 1.01565763239, 1.03960584719, 0.815857456791, 6.60477520613, 1.12389355231, 0.961994227961, 680.058556633, 0.917240411069, 5.17499509299, 1.23846704538, 1.05362608861, 0.971180936505, 244.736047004, 16.2308522929, 383.74068552, 2.14477211796
5.67593975061, 1.00000087455, 1.5060908672, 0.882150777876, 2.04901892423, 0.806322307465, 4.48965870605, 1.03051603844, 0.935683179989, 4.72450080062, 4.96137836251, 0.857337451328, 2.37902261301, 1.19213496464, 1.09000074143, 1.1068734048, 1.01437104104, 1.18621506126, 3.18602954096, 1.04097647517, 0.893471454828, 831.270097174, 1.04510511464, 1.02078086653, 1.13879687074, 1.31719285891, 1.12889724388, 1185.03409614, 25.210894069, 6385.85700181, 0.268096514745
2.32364352234, 1.00000053007, 1.57828296965, 0.987739982575, 6.57843692626, 0.772676191571, 5.18803320436, 1.03223083415, 0.936611548984, 4.38508943776, 5.43353610607, 1.13570842007, 4.7519155691, 0.92445026342, 1.09000041848, 1.02919221689, 1.02298533185, 0.913631170564, 8.6233838817, 0.996948451236, 0.817831163734, 756.662748601, 0.944555705065, 3.23345483293, 1.20118205269, 2.51630282792, 0.969841810251, 1202.67163494, 41.9745021878, 4369.04765988, 0.0
4.36611935799, 1.00000081591, 1.32721188563, 1.05630512977, 6.76550132673, 0.784661552217, 3.36730720677, 1.03278162336, 0.903880526617, 3.711007228, 5.85782489583, 0.841663790279, 3.31447975535, 1.193429114, 1.0900001594, 1.08890382954, 1.00388985768, 1.19109751946, 6.01678488831, 0.911868580612, 0.894870149925, 363.784881621, 1.15955593016, 2.31722551305, 1.1487166774, 5.02862213004, 1.22447070783, 1476.59393208, 34.2698629689, 1907.20667263, 0.0
3.36616831704, 1.0000005806, 1.05620289287, 0.906555049482, 6.3384099313, 0.731959122209, 2.8566473894, 1.00058675853, 0.943636812666, 3.46575308519, 5.55882610588, 0.997143054314, 1.05542955475, 1.08149923134, 1.09000031031, 1.08187819764, 1.03060208545, 1.20826826702, 5.55981963549, 1.17654147349, 0.981875024968, 443.589210449, 0.959389848933, 2.03180352277, 0.961356446336, 1.35853953953, 1.25014323453, 1129.77524974, 43.9531864556, 4813.31567739, 0.268096514745
3.3463641842, 1.00000010852, 1.52371947972, 0.979931379539, 3.19776500567, 0.724516214732, 4.88163051056, 1.16950844726, 0.956387185784, 4.57454773489, 4.89546461814, 1.21254616703, 4.30696507606, 1.0825162959, 1.09000003361, 1.06608644556, 1.00064677207, 1.00841649001, 7.11396971131, 1.14344526031, 0.957773609171, 298.616895519, 1.12811692293, 2.42471880416, 1.18328012137, 5.28595977216, 0.929251150806, 111.800523624, 16.3197236325, 963.868282129, 1.07238605898
4.39387302363, 1.0000002257, 1.15092857362, 1.18081667722, 4.19484588878, 0.762774397322, 2.07524793809, 1.11406372354, 0.968628292209, 5.95119022199, 5.94177596407, 1.06206350294, 4.33149446382, 1.17573709482, 1.09000018073, 1.09819491971, 1.04213132484, 1.04765167125, 8.26368498774, 1.14779786772, 0.987498185393, 347.62259019, 1.16742202431, 3.67739327542, 1.05352040033, 1.09540793572, 1.10866249586, 125.389752096, 22.469022606, 277.193936442, 1.60857908847
3.47501643158, 1.00000072143, 1.24004310615, 0.802074744631, 3.73835227602, 0.99620003089, 4.8163798302, 1.23704452478, 0.913095248218, 4.25675956989, 5.64753180278, 0.94399566438, 2.349172791, 1.01926322407, 1.09000006055, 1.04701267131, 1.00713699323, 1.19442563273, 5.22868162122, 1.05498001721, 0.929482195057, 937.68591031, 1.12679145178, 2.64642540019, 0.954548531032, 1.60721913367, 1.03941315059, 198.991118497, 25.0570123127, 822.867956799, 0.536193029491
2.05728412901, 1.00000054874, 1.24719235593, 1.09122990934, 6.45285408289, 0.761618502047, 3.20137624362, 1.08217071552, 0.980153088303, 2.73438676494, 5.62575231931, 0.890452822812, 1.34433694547, 0.927800169865, 1.09000079871, 1.01092230552, 1.02244836995, 0.824512014501, 3.77932027696, 0.935988798165, 0.826137920663, 93.8258812595, 0.997100431854, 1.47509894149, 1.0346034614, 4.28378398961, 0.994970230198, 247.530697752, 19.9680673479, 2099.40376547, 0.536193029491
5.56227205278, 1.00000071679, 1.03716661114, 0.986447219017, 2.23830332674, 0.720344542896, 1.2435623985, 1.23455261089, 0.967700163993, 4.81333132421, 6.07608742524, 1.11351766534, 3.26648625404, 1.04369926058, 1.09000009812, 1.00410815297, 1.04344749037, 1.07330948878, 9.75697505835, 1.00585917152, 0.946475567428, 776.137124967, 1.05490177399, 3.06713713051, 0.984485495073, 2.78751954064, 1.04506142932, 1348.24401753, 43.1486296245, 3479.941503, 0.0
5.09520709309, 1.0000009124, 1.10196025525, 0.983503737919, 4.18404590423, 0.814458992435, 4.7389621309, 1.10261375325, 0.977847194941, 1.90662003188, 5.52647245952, 1.13169384535, 4.85394137676, 0.977510027884, 1.09000086596, 1.06234394246, 1.01215207269, 1.0850821242, 7.31248333872, 1.02907081061, 0.893215683888, 572.523820128, 0.989651490915, 4.68239490273, 1.17713527582, 3.13770327675, 1.00763218013, 195.495082963, 12.9007328889, 919.447585388, 5.09383378016
1.34156761161, 1.00000044699, 1.19729550134, 0.888575552659, 4.03084029675, 0.96397949901, 3.89654755273, 1.21377595417, 0.911923456918, 2.00393307467, 5.98619448247, 1.09158999359, 1.84225327415, 1.17903736173, 1.09000026126, 1.04754477605, 1.03173000481, 1.04953480138, 4.05379249291, 0.912861653366, 0.894573252629, 555.181185333, 1.10773660779, 5.22623553966, 0.997571505336, 5.45485370064, 0.921082609832, 1220.51812293, 42.3154911425, 7096.65108991, 0.0
1.80789155407, 1.00000077579, 1.29574932983, 1.03800432639, 4.07411372471, 0.786073177392, 5.82004437764, 1.0323542532, 0.904466242207, 4.85571351998, 4.9090213438, 1.2076067369, 2.38115144592, 0.995302658291, 1.09000028664, 1.08258044053, 1.04479905963, 1.22735005994, 5.4099898661, 0.957116014573, 0.787473064128, 846.395763763, 1.11919483999, 1.01456593849, 1.0142622622, 1.3658947981, 1.22275865873, 146.947981508, 22.8681919285, 390.216185244, 1.60857908847
1.13872855937, 1.00000081227, 1.0166387216, 1.02231562573, 2.62759678703, 0.991604973525, 4.0358690793, 1.00148137803, 0.984128579376, 2.6830688897, 5.17182926925, 0.846849440962, 2.88448749028, 0.995758240072, 1.09000074095, 1.00926010564, 1.02063008753, 1.2287626279, 6.03832950035, 1.02381601511, 0.879757651612, 170.719865123, 1.18698100973, 5.21496403476, 1.21233368883, 3.76879484304, 1.29594869024, 195.075918187, 15.0716410804, 3176.38777714, 3.48525469169
4.68099268149, 1.00000056012, 1.2971018646, 0.811702413504, 2.95486440143, 0.87102456006, 3.5709452311, 1.0748265211, 0.930966156378, 1.31171921933, 6.23525798311, 0.900319559236, 1.28708312364, 0.90368395971, 1.09000050413, 1.0527570302, 1.00597660054, 0.895340847013, 7.02150130366, 0.924190162677, 0.901672717176, 513.168086381, 0.913842392529, 3.1219311491, 1.06105379872, 4.8769187252, 1.21238596428, 487.140130809, 25.4561675435, 1365.42600816, 0.804289544236
5.17542788359, 1.00000023163, 1.36013454883, 1.20595595167, 6.63257772698, 0.93325571883, 3.91052855488, 1.04241937735, 0.957889849147, 5.89279656663, 6.02289519372, 0.973105293335, 2.68555068818, 1.00668636751, 1.09000003539, 1.04169863002, 1.03562298786, 0.825753931354, 9.46539237046, 1.10120834305, 0.964659727007, 469.89009654, 0.981842901032, 1.67235819941, 1.18654956534, 4.87935144633, 1.20384514586, 371.046835331, 22.938828894, 1882.52688295, 1.07238605898
1.59500009946, 1.00000001582, 1.36514992151, 1.09244757042, 1.85855855778, 0.979240653065, 5.48803329521, 1.12929371534, 0.94371423305, 1.60969090232, 5.08938807358, 1.10660151417, 4.08796027942, 0.998705271882, 1.09000090087, 1.09700181984, 1.02833464549, 1.04015700073, 9.97557844, 1.10207934096, 0.886195032911, 413.664118364, 1.04912973989, 2.96502254107, 1.22010849118, 4.5123696029, 1.02967855178, 190.296688023, 17.8584232821, 2043.85137386, 1.07238605898
3.54547988751, 1.00000017445, 1.32437618672, 0.900502644277, 2.56792644794, 0.851945324835, 3.26239030791, 1.04584524959, 0.967479888844, 5.68000356527, 5.5517356808, 0.822150172146, 2.65475782352, 1.21395779908, 1.09000011557, 1.02928351327, 1.02707900079, 1.06150968081, 6.58427115372, 1.00856249177, 0.959606541826, 420.270700073, 1.02403298471, 2.35476757054, 1.01204274904, 5.29896378887, 1.07266384466, 147.945292117, 16.8004129396, 975.776261511, 1.60857908847
1.71586991311, 1.00000044699, 1.19729550134, 0.888575552659, 4.03084029675, 0.922398660313, 3.89654755273, 1.21377595417, 0.911923456918, 2.00393307467, 5.98619448247, 1.09158999359, 1.84225327415, 1.17903736173, 1.09000026126, 1.04754477605, 1.03173000481, 1.04953480138, 4.05379249291, 0.912861653366, 0.894573252629, 555.181185333, 1.10773660779, 5.22623553966, 0.997571505336, 5.45485370064, 0.921082609832, 1673.48889427, 50.0598764131, 4972.73325405, 0.268096514745
2.68463160179, 1.00000039539, 1.39941582221, 1.05122199674, 6.51281193761, 0.800026696771, 4.58358879285, 1.20533376977, 0.905714320741, 3.45686318225, 5.12042659656, 1.06427976752, 1.91483154872, 1.02538475688, 1.09000077901, 1.05731344951, 1.00317578047, 0.988699438675, 6.87421939363, 1.07093326616, 0.859604727663, 898.904378096, 0.958679420562, 1.34550162455, 0.98880487271, 2.10473254084, 0.87093533279, 1658.39301435, 49.1353998082, 7095.79582129, 0.0
1.19452979368, 1.00000095612, 1.63511616488, 1.03449022556, 2.69327587849, 0.934252923383, 4.02398232759, 1.23996577104, 0.957946584309, 4.02631492264, 5.26726370504, 0.824595400907, 3.3542214266, 1.04820961592, 1.09000081281, 1.07552788825, 1.0375086472, 1.18194726705, 9.65029489107, 0.936564321877, 0.832762461017, 119.807836193, 1.0884843865, 5.94661105723, 0.988175420936, 3.2238053904, 1.00763738634, 183.73491254, 24.9105092846, 756.251447839, 2.68096514745
3.51161897007, 1.00000002888, 1.45798542073, 1.21107025465, 4.06892474265, 0.758743485561, 2.6689917061, 1.0353378699, 0.913679691284, 5.00920887802, 4.94926648779, 0.905407134636, 4.95715051898, 1.27323692165, 1.09000071534, 1.05709254885, 1.00979796864, 0.880261006672, 4.86089675211, 0.941079211936, 0.928333975454, 347.458883638, 1.11294570483, 5.6163957162, 1.13629555495, 4.39083145687, 1.02286639571, 3493.40023864, 44.5835412157, 11896.588117, 0.0
2.2362498868, 1.00000074301, 1.1380847165, 0.885020686112, 3.54987732762, 0.735639202577, 5.39746706661, 1.20409805961, 0.936602178211, 2.58739478653, 5.85561784829, 1.05823782283, 4.65957633508, 1.05100358337, 1.09000094313, 1.00844170037, 1.02235751351, 0.969169119278, 6.41588066566, 1.15419398056, 0.894786469717, 490.101963864, 1.10186552638, 1.22744779605, 0.957583538584, 5.24440575658, 1.15939997129, 3343.96898558, 45.0224102554, 59022.3079389, 0.0
5.09520709309, 1.0000009124, 1.10196025525, 0.983503737919, 4.18404590423, 0.814458992435, 4.7389621309, 1.10261375325, 0.977847194941, 1.90662003188, 5.52647245952, 1.13169384535, 4.85394137676, 0.977510027884, 1.09000039943, 1.06234394246, 1.01215207269, 1.0850821242, 7.31248333872, 1.02907081061, 0.893215683888, 572.523820128, 0.989651490915, 4.68239490273, 1.17713527582, 4.54571774849, 1.00763218013, 636.543463239, 35.1233393459, 1537.37712631, 0.804289544236
2.62925976923, 1.00000016848, 1.3069152818, 1.1164700139, 4.33841172684, 0.772233710227, 4.36773565863, 1.00734602243, 0.953223410805, 4.57192911625, 4.73417128377, 0.892500301266, 4.09422024841, 1.0763227805, 1.09000019307, 1.10686505185, 1.04428389297, 0.957304875683, 8.78057669747, 1.15024941404, 0.902869843456, 747.247564118, 1.15204732375, 3.26975180953, 1.05336974686, 1.37748198349, 0.99463459395, 965.678498924, 27.8243114121, 3026.98883973, 0.536193029491
3.08179433011, 1.00000071422, 1.21769384952, 1.18353075523, 3.86867597912, 0.870921662734, 5.59013722028, 1.01261654101, 0.910004153773, 3.06306183154, 5.87929646413, 0.826950450957, 1.86851464537, 1.06630108298, 1.09000096496, 1.09044816485, 1.02041993933, 0.879348223564, 6.85942429799, 0.988016743108, 0.828312217861, 852.189830579, 1.07196752735, 1.16031746247, 1.00029991979, 4.02530918748, 1.19943712226, 688.711310906, 38.1485594206, 4541.46383142, 0.536193029491
4.62303971191, 1.00000064963, 1.13413367963, 1.17237375875, 6.81647775197, 0.924663819718, 2.54259478058, 1.01466894093, 0.947774729251, 5.15607430906, 5.66761510433, 1.21651116592, 4.7553780588, 1.24125452422, 1.09000048599, 1.06266573253, 1.01451604714, 0.926855232295, 3.00025010502, 1.11447016937, 0.952066755701, 465.454399413, 1.00505469192, 2.02409502474, 1.05150176699, 2.6518611782, 0.951636977225, 1219.39908942, 32.6691536554, 2160.15984505, 0.536193029491
3.15128028128, 1.00000049275, 1.05620289287, 1.14776576787, 2.13057503068, 0.731959122209, 2.8566473894, 1.00058675853, 0.943636812666, 3.46575308519, 5.55882610588, 0.997143054314, 1.05542955475, 1.0825162959, 1.09000031031, 1.08187819764, 1.03060208545, 1.20826826702, 5.55981963549, 1.14344526031, 0.981875024968, 443.589210449, 0.948200288114, 2.03180352277, 0.961356446336, 2.41425600637, 1.25014323453, 730.040433077, 37.0800394613, 11213.6937506, 0.536193029491
1.73153545954, 1.00000005307, 1.22712494478, 1.13647927059, 6.79338100312, 0.798730684451, 3.77926489742, 1.09923859106, 0.965942433487, 2.90280695668, 5.25737789694, 1.17149403529, 3.91354053842, 0.918688422031, 1.09000037547, 1.09235315051, 1.02923506044, 0.935751135677, 6.53056001539, 0.935404669917, 0.908985776467, 890.50969872, 1.07701032347, 2.50013639835, 1.01089026481, 1.29109006588, 0.964906450794, 7558.70443608, 60.0737597283, 32433.5622377, 0.0
1.44889234708, 1.00000078277, 1.02500142739, 1.06213774437, 1.75863047166, 0.859460722939, 2.41338954816, 1.01136543403, 0.901790431962, 2.2253206148, 5.47827973008, 0.88883181713, 2.15529863423, 0.912412647185, 1.0900009297, 1.00515204402, 1.02247159456, 1.11179994631, 7.07259704305, 1.00416713779, 0.775346451147, 675.726876613, 1.06185595391, 4.8451563521, 1.11971992323, 3.30886523471, 1.06969612762, 3825.68023151, 60.7727074765, 14637.5447852, 0.0
5.00876378328, 1.00000078789, 1.71224128825, 1.00947563807, 4.28684435408, 0.845034503159, 5.54902568508, 1.06218270461, 0.929732426355, 3.07666356055, 5.56332034259, 0.821310776476, 2.37630678119, 0.933032877336, 1.09000048981, 1.05964817475, 1.02297872913, 0.814711893448, 8.57445850603, 1.02910331449, 0.893972888729, 89.4508297192, 0.945395306817, 2.08175540286, 0.999145889787, 3.95769628756, 1.10252804863, 782.822724215, 42.628316378, 11012.4502144, 0.536193029491
1.04757846121, 1.0000001334, 1.60729747162, 1.06146940425, 2.33978266254, 0.821961329138, 5.79726047105, 1.18545352193, 0.950673153456, 1.66492640964, 5.71685539783, 0.93420432106, 3.23039467484, 1.12768462512, 1.09000089827, 1.05187837722, 1.04462105821, 0.852312863174, 9.05322499136, 1.05142242865, 0.943149976848, 841.862636898, 1.08228515141, 4.51126379516, 1.15430967417, 1.06172129966, 0.870750974589, 301.791579994, 17.9831457276, 1492.16155714, 2.68096514745
3.33934808818, 1.00000015544, 1.5333337653, 1.05124099689, 5.30681012365, 0.972796249335, 5.03273969628, 1.08561597165, 0.976685598582, 5.78958863143, 4.7986059217, 1.01597914233, 3.05109468029, 1.04621145353, 1.09000039943, 1.03002399937, 1.02593138729, 1.13423321692, 5.35664157691, 1.14471009138, 0.790704486501, 430.017572869, 0.979885791892, 5.65113056302, 1.19575581754, 4.54571774849, 0.895187126106, 1134.21776763, 31.5554275528, 9899.86418902, 0.804289544236
5.00876378328, 1.00000089756, 1.71224128825, 1.00947563807, 4.28684435408, 0.845034503159, 5.54902568508, 1.06218270461, 0.929732426355, 3.07666356055, 5.56332034259, 0.821310776476, 2.62812692228, 0.933032877336, 1.09000048981, 1.05964817475, 1.02297872913, 1.13821847995, 8.57445850603, 1.17028136271, 0.893972888729, 89.4508297192, 0.945395306817, 2.08175540286, 0.999145889787, 3.95769628756, 1.10252804863, 375.584137187, 15.7549918424, 4552.45179641, 10.1876675603
4.11754463721, 1.00000078473, 1.21974326809, 1.03726095753, 5.79511967296, 0.720633963452, 1.6297056665, 1.02155599615, 0.998060325318, 2.44699228092, 5.14656634943, 1.04641423879, 2.70477492385, 1.1496962632, 1.09000096994, 1.06390629914, 1.02057608038, 1.22969590056, 3.30035201716, 1.11289586314, 0.868228598705, 11.0353192415, 0.96251220538, 5.37475653137, 1.14202272743, 3.70791992154, 1.17546261955, 788.080971719, 39.5899440584, 7764.7481541, 0.804289544236
5.75016265294, 1.00000080539, 1.48095071414, 0.972314654051, 4.85076401194, 0.743480774212, 4.33319472233, 1.03978561302, 0.941769076206, 5.22701810735, 5.76245704109, 1.20979621052, 1.90703074189, 1.22256207399, 1.09000086168, 1.04388203434, 1.02841552684, 1.21812467948, 7.90694741517, 1.06594112538, 0.847125531097, 17.8234012942, 1.18733152918, 1.99800983904, 0.9768025721, 2.65106382139, 1.19537174937, 454.70642707, 19.811472205, 8652.42398993, 1.87667560322
1.0270926204, 1.00000095612, 1.63511616488, 1.03449022556, 2.69327587849, 0.934252923383, 4.02398232759, 1.23996577104, 0.957946584309, 4.02631492264, 5.26726370504, 0.824595400907, 3.05032588946, 1.04820961592, 1.09000081281, 1.07552788825, 1.0375086472, 1.13081298692, 9.65029489107, 0.913547738452, 0.832762461017, 119.807836193, 1.0884843865, 5.94661105723, 0.988175420936, 3.2238053904, 1.00763738634, 219.085457995, 19.9030969881, 2657.0820573, 1.87667560322
5.02275359651, 1.00000002851, 1.68076421529, 1.21726857806, 6.00224786338, 0.879206800304, 4.31674601844, 1.22500888745, 0.978730160269, 5.96851196339, 5.58770589049, 0.952444380688, 3.20398768088, 1.14018403321, 1.09000036239, 1.00089181979, 1.03539913537, 0.840652426052, 9.75426807817, 1.14456341953, 0.882628395801, 167.970248024, 1.07799169514, 2.87285367812, 0.9766050687, 3.81871206478, 1.11715310408, 1877.05758698, 35.3779860449, 6054.17199169, 0.536193029491
2.73196588983, 1.00000055592, 1.30901060636, 1.08097794949, 2.29136617596, 0.841413312227, 4.08462129281, 1.07746458349, 0.962321334513, 4.7269045724, 4.70498757371, 0.826549864687, 2.13443636369, 0.998123795523, 1.0900006486, 1.04705125697, 1.03894842229, 1.08170953778, 3.03841137305, 1.00171665597, 0.913025862228, 713.624723747, 0.959976482418, 3.12986518129, 1.10142526746, 4.91750109754, 1.25532732707, 1367.23776573, 34.8768807024, 6716.91394345, 0.536193029491
2.91952282931, 1.00000045736, 1.28845919067, 1.2181710093, 7.06975662352, 0.828872978531, 1.72008014318, 1.1135681708, 0.930603375087, 4.21968390396, 6.16651002647, 1.08290546883, 4.42517803665, 0.828375488016, 1.09000068655, 1.01629647936, 1.0306300504, 0.921487063249, 6.70397291502, 0.973323100296, 0.776759843816, 601.004381804, 1.17157698991, 5.91330188776, 1.13491492277, 4.80784190333, 1.21614362727, 432.298738973, 32.3812787368, 2065.00834469, 1.34048257373
2.67265546302, 1.00000067941, 1.66709468326, 0.908566580309, 2.20384060036, 0.799147499724, 3.70024021208, 1.06540368113, 0.949975176276, 2.59739164529, 5.17075900424, 0.938399886225, 4.23587049683, 0.95738181706, 1.09000004869, 1.08625997184, 1.00138200769, 1.18050562642, 5.02639678851, 1.10835561715, 0.810135564951, 400.307300503, 1.02067449294, 5.5616301559, 1.00787629124, 4.9833790967, 0.894746830769, 537.780005966, 20.7939113573, 20976.4953234, 1.60857908847
3.69100744437, 1.00000061855, 1.22052583385, 0.905062817289, 7.0691116949, 0.758861999902, 1.02976912101, 1.07400073788, 0.959450263411, 5.24821596342, 5.6120069746, 0.853561756101, 3.63403985974, 1.14697338763, 1.09000045456, 1.0660444265, 1.00584772593, 0.993383227135, 6.47750392811, 0.975413586752, 0.789972215896, 723.593079259, 1.0878906874, 2.35768270753, 1.20645288867, 1.26414342957, 0.876729803531, 971.054594765, 38.9029776336, 11427.8790222, 0.804289544236
4.17253868003, 1.00000028508, 1.63336770787, 1.02920891134, 3.71079240618, 0.890890448834, 3.52177674344, 1.20232732736, 0.941641615814, 5.64926745245, 4.72732157064, 1.18450065647, 4.58461524106, 1.20038824863, 1.09000051439, 1.0857517307, 1.00600297238, 1.13750797504, 7.03218707609, 0.933740299797, 0.835428237021, 690.925415143, 1.03072801502, 3.40048658408, 1.06548303548, 5.37561254719, 0.904209305632, 1666.14571275, 36.4093047278, 7337.37896424, 0.536193029491
2.18384676541, 1.00000058912, 1.38736690529, 0.914013041535, 4.16615600101, 0.78802213457, 3.28967995072, 1.11122911333, 0.940835061323, 2.350891957, 4.99147707273, 0.976749623732, 2.14409774027, 0.941774954521, 1.09000030614, 1.0966157869, 1.04575320524, 0.86158739251, 8.10990249468, 0.923737999115, 0.81924823833, 417.2570654, 0.978718385761, 1.04531053654, 1.01368820776, 3.01061258468, 1.04378754353, 595.50851542, 18.130682308, 1335.45811071, 4.28954423592
2.26121693838, 1.00000050071, 1.36399996155, 0.974780280136, 5.26439013945, 0.88030094624, 3.58337768483, 1.01756341791, 0.941563191992, 5.86929538017, 5.3652329795, 0.871468860128, 4.5231684469, 1.08587743453, 1.09000066846, 1.04013117943, 1.02043856068, 0.891895363061, 5.3755422776, 1.16257160437, 0.799051819345, 238.690124139, 1.06145839961, 5.20954375857, 1.06218849448, 4.74379797736, 1.02537483697, 532.902457331, 17.5984342391, 2075.84416215, 4.55764075067
4.35260473758, 1.00000041043, 1.4912645085, 1.13410853184, 2.55605405465, 0.76504499006, 1.09031010062, 1.11372130165, 0.913818610485, 6.16263961956, 6.00505910492, 0.905620493273, 3.9487310348, 1.17045134137, 1.09000013939, 1.06071750178, 1.00986856083, 0.922292226869, 5.12858477132, 1.084027524, 0.817379659855, 107.083662631, 1.06079647788, 1.75186183077, 0.982713106502, 1.25517898616, 0.89138703827, 2216.80486457, 38.0864948696, 5921.96343901, 0.804289544236
3.7664724912, 1.00000002256, 1.62734043535, 1.10930767595, 5.74753757798, 0.890487118631, 5.4589091468, 1.06219912366, 0.95518761518, 2.73092591376, 4.90512800067, 1.17090399571, 2.57865457478, 1.09432048192, 1.0900001815, 1.09213491926, 1.02525917858, 1.11501455597, 9.7393082733, 1.15580882668, 0.978369819569, 349.55932632, 1.18063067791, 3.21825242352, 1.02984362469, 4.71136855786, 1.16822242221, 1505.91273025, 47.2183145781, 3269.50965508, 0.804289544236
4.95721787497, 1.0000000627, 1.57644249702, 1.16023112781, 2.89024405653, 0.773903728206, 4.22004986391, 1.24786458722, 0.935298945169, 2.89987729164, 5.95594953464, 0.825996510727, 3.80499922878, 1.00154989196, 1.09000013007, 1.09162771007, 1.02478569915, 1.13821847995, 3.44726120845, 0.933607892928, 0.837647336178, 808.259484187, 1.13735739862, 5.37800619661, 1.11864215008, 3.47436022501, 0.962355858126, 2330.20850259, 33.3333563517, 19279.6724804, 0.804289544236
2.91952282931, 1.00000045736, 1.28845919067, 1.2181710093, 6.96042760233, 0.828872978531, 1.72008014318, 1.1135681708, 0.930603375087, 4.21968390396, 6.16651002647, 1.09679444981, 4.42517803665, 0.828375488016, 1.09000068655, 1.01629647936, 1.0306300504, 0.921487063249, 6.70397291502, 0.973323100296, 0.776759843816, 601.004381804, 1.17157698991, 5.91330188776, 1.13491492277, 4.80784190333, 1.21614362727, 1001.41622461, 22.5851260592, 5941.34486771, 1.60857908847
2.57049685851, 1.00000089165, 1.53223785392, 1.07705511621, 4.0397898433, 0.922398660313, 4.47167989059, 1.04061329059, 0.921920634662, 3.61865982888, 6.05956024787, 1.18381202165, 3.80978631232, 1.25245757475, 1.090000791, 1.00298696764, 1.01251553508, 1.01415975942, 6.0251103917, 1.06423419514, 0.818924956946, 799.204571799, 1.17520497615, 1.27721754784, 0.965230327162, 4.21432948682, 0.901625446311, 283.399160274, 17.1355029873, 2436.06753129, 4.02144772118
4.05770539007, 1.00000044393, 1.37857546676, 0.880290138031, 3.75471117055, 0.938699152694, 1.55135932382, 1.13352066511, 0.919004658963, 5.94044487754, 5.52795288197, 1.02547935718, 4.60023387922, 1.26036700641, 1.09000069495, 1.08423221154, 1.00230385165, 1.08820369393, 8.57278939715, 1.12607393957, 0.809710815759, 982.921887928, 0.957735456233, 3.77600433191, 0.993487062921, 5.00954321086, 1.03233098002, 851.8379178, 25.145469314, 2637.5888643, 1.34048257373
1.40118802559, 1.0000004426, 1.08679430305, 1.03145799365, 6.52269325038, 0.786013953522, 2.93306088479, 1.1996884712, 0.966730939565, 1.86031245134, 5.4820689674, 1.00129606857, 2.79311695907, 0.810020627276, 1.09000037259, 1.09063667976, 1.00779964337, 1.10425971153, 7.6901160171, 0.982972822274, 0.83271615305, 979.525897859, 1.19569735561, 2.19204317279, 1.15272728632, 5.27628425997, 1.28109842892, 186.001606324, 24.4218545649, 2375.99528535, 4.55764075067
2.70189882302, 1.00000020167, 1.72224724996, 0.987919189894, 1.68290767004, 0.954875631189, 3.93017462999, 1.25937169645, 0.953855219628, 2.58960850817, 4.78777534659, 0.822659704133, 2.28299340483, 0.936062686097, 1.09000067457, 1.08597205432, 1.04934273013, 1.09782706517, 3.32723382359, 0.972165189877, 0.958235454952, 972.822161679, 1.05225542793, 4.73022338468, 1.04460724352, 1.52400605605, 1.12759543402, 645.27050254, 18.6251800518, 1503.25895635, 5.8981233244
3.47501643158, 1.00000072143, 1.24004310615, 0.802074744631, 3.73835227602, 0.99620003089, 4.8163798302, 1.23704452478, 0.913095248218, 4.25675956989, 5.64753180278, 0.94399566438, 2.349172791, 1.01926322407, 1.09000006055, 1.04701267131, 1.00713699323, 1.19442563273, 5.22868162122, 1.05498001721, 0.929482195057, 937.68591031, 1.12679145178, 2.64642540019, 0.954548531032, 1.26414342957, 0.876729803531, 996.398922523, 31.2905793787, 12619.1980166, 1.07238605898
5.22486411902, 1.00000039687, 1.2799648327, 1.01632431343, 4.30113266858, 0.837793614931, 3.00221583155, 1.05626846474, 0.955480689257, 1.95578471762, 5.81335071628, 1.06841466033, 4.71742474647, 1.26471191827, 1.09000010796, 1.06058416364, 1.00910733446, 0.971543833592, 9.73826550114, 0.999235267796, 0.896492177697, 733.382708646, 1.12675211792, 1.99351934147, 1.22913327966, 5.17064353504, 0.992794492108, 1461.34640502, 45.2318268531, 6666.99081082, 0.804289544236
4.50730494703, 1.00000040916, 1.70500830802, 1.0770542847, 5.71098667856, 0.737248463363, 1.02382410088, 1.18282610113, 0.947636676283, 2.29129079506, 6.11304720073, 0.847442456155, 1.47294886127, 0.996853322014, 1.09000030715, 1.09366728752, 1.03190392411, 1.07948359037, 9.7444387944, 1.06209517143, 0.962296797485, 980.20051943, 1.10167529569, 4.91690541723, 0.985999902608, 5.41073344094, 1.27039815008, 890.710797023, 41.573138051, 9322.98632123, 1.07238605898
2.90821444415, 1.00000016152, 1.64550120109, 1.12066724503, 6.96152061641, 0.769140143753, 3.05777078205, 1.12982239808, 0.908925299475, 6.08880770479, 5.38503837744, 0.942517646336, 2.67786879894, 1.18916115779, 1.09000035422, 1.07388711522, 1.04103955945, 0.884373736436, 9.96237361612, 1.05301289636, 0.762337374875, 257.622531333, 1.07575114273, 1.62953785549, 1.02877856657, 1.67474523349, 0.8732243285, 772.736856607, 19.3754645598, 4610.63957363, 3.21715817694
2.26604309018, 1.00000099375, 1.16311351196, 0.828607300068, 5.9344712169, 0.768929914646, 3.94005578335, 1.0022000114, 0.945816677907, 3.75772840574, 5.8688770574, 1.03143074692, 3.67135495945, 0.824571432809, 1.09000067795, 1.10803362522, 1.00551469695, 1.03106912337, 5.35234406759, 1.18975628146, 0.99825856496, 600.023835935, 1.02674189213, 5.57737203955, 0.969233591964, 4.44683626295, 1.23177971924, 878.101839921, 19.7891681827, 4580.02439058, 3.21715817694
3.25948323612, 1.00000079299, 1.01110122178, 0.980583794663, 2.45917770448, 0.826194337088, 1.18750388384, 1.04449990506, 0.924611778783, 4.10544917789, 6.17345852521, 1.05099781091, 4.7588304622, 1.00083742879, 1.09000065104, 1.10229768358, 1.03352856352, 1.12263017067, 4.85610826752, 1.07751854112, 0.892094026368, 981.773439554, 1.14366430617, 5.24747610065, 1.18443384039, 2.83608909412, 0.889649551193, 1466.70302086, 33.025648668, 4207.2728077, 1.07238605898
3.35785084018, 1.00000045702, 1.62423520743, 0.922949283149, 2.37361078564, 0.745388721027, 4.51493136233, 1.17621814949, 0.938541748928, 1.7323196614, 6.23535870238, 1.00967049322, 4.18572063176, 1.08411037138, 1.09000089615, 1.08789949404, 1.00031009454, 1.02917513784, 3.02291428535, 1.02060376787, 0.897686814876, 39.3020394017, 0.944271492585, 3.58693016667, 1.02112969326, 3.4232750101, 1.11470634808, 1807.59206642, 28.9093202961, 18804.1662885, 1.07238605898
1.26325164348, 1.00000002159, 1.07543770755, 0.992412814667, 6.02230984398, 0.765862071093, 4.2093134398, 1.19731556076, 0.98614547752, 1.64826843832, 5.61115442105, 0.850577972584, 2.17209245276, 1.01502613363, 1.09000053029, 1.01021865133, 1.0327851875, 0.908793085224, 8.95027644883, 0.982591192728, 0.810124925601, 660.609140449, 1.03776518444, 3.11997806171, 1.16124851474, 1.44298701125, 0.995541845961, 1986.9742478, 29.8034177941, 9340.34936434, 1.07238605898
3.39987299064, 1.00000087377, 1.6357939279, 0.981686702482, 2.73839562083, 0.818157061721, 5.26916808104, 1.13608264616, 0.995160834429, 4.29436175727, 5.66921139938, 0.90656299322, 2.25968315292, 1.01974882528, 1.09000023974, 1.05124198048, 1.04986318045, 0.852595819333, 5.61209314728, 1.124817283, 0.807516854069, 881.927891936, 1.16015192632, 3.01789722163, 1.04724710812, 1.03935161694, 1.12533874044, 574.922024291, 21.6100728494, 6491.05026561, 2.68096514745
1.53733616611, 1.00000058484, 1.25804438233, 0.909415755422, 2.82561042402, 0.823687120317, 2.41177331423, 1.23416317194, 0.986601745153, 2.98258483749, 6.1013596609, 1.07151002718, 1.22522831529, 0.846622499969, 1.09000013846, 1.01129340587, 1.0344069435, 0.88382730953, 7.94433512587, 0.938442161345, 0.853741588718, 273.393136349, 1.09420254289, 3.44210246251, 0.978940808803, 1.29826879644, 1.23058799792, 373.542452673, 18.4489886494, 2951.09408396, 4.55764075067
3.98158110435, 1.00000031128, 1.59906723026, 1.18071650628, 5.21212209022, 0.945551935741, 4.54696676124, 1.11966197509, 0.934375080296, 5.69590191721, 5.51321106086, 1.09617316037, 1.35258427327, 1.17794183771, 1.09000006402, 1.0305255243, 1.01233943065, 0.823738346238, 9.73826550114, 1.01657197494, 0.794262334247, 555.239194642, 1.06940891873, 3.947937048, 1.01666827926, 5.17064353504, 1.13013817261, 1988.95006672, 30.1941254066, 12689.9646114, 1.07238605898
5.56227205278, 1.00000071679, 1.03716661114, 1.02748994748, 2.23830332674, 0.720344542896, 1.2435623985, 1.23455261089, 0.967700163993, 4.81333132421, 6.07608742524, 1.11351766534, 3.26648625404, 1.04369926058, 1.09000009812, 1.00410815297, 1.04344749037, 1.07330948878, 9.75697505835, 1.00585917152, 0.946475567428, 776.137124967, 1.05490177399, 3.06713713051, 0.984485495073, 2.78751954064, 1.04506142932, 2941.48444825, 42.7475107865, 31900.7002487, 0.536193029491
4.62303971191, 1.00000064963, 1.13413367963, 0.972314654051, 6.81647775197, 0.924663819718, 2.54259478058, 1.06473478205, 0.947774729251, 5.15607430906, 5.66761510433, 1.21651116592, 3.88544078752, 1.24125452422, 1.09000048599, 1.06266573253, 1.01539706332, 0.926855232295, 3.00025010502, 1.12938308493, 0.952066755701, 465.454399413, 1.00505469192, 2.02409502474, 1.05150176699, 2.6518611782, 0.951636977225, 2513.89058278, 53.4853699981, 9363.67995561, 0.536193029491
1.48542225528, 1.00000055714, 1.12798774513, 0.973490989635, 4.21320262689, 0.929481658353, 5.88510886745, 1.16176000231, 0.963625153157, 4.28136093586, 5.47190867999, 1.08023005125, 2.18795736056, 1.17474355995, 1.0900000073, 1.0944787804, 1.02344682058, 1.15888754604, 4.98489197996, 1.15112128948, 0.878695239858, 899.519797409, 1.00256862804, 2.08770425432, 1.00580218972, 3.3896420673, 1.0134339334, 610.269079207, 18.5034396088, 3865.51301883, 4.02144772118
3.33934808818, 1.00000015544, 1.5333337653, 1.05124099689, 5.30681012365, 0.972796249335, 5.03273969628, 1.08561597165, 0.976685598582, 5.53829386056, 4.7986059217, 1.01597914233, 3.05109468029, 1.04621145353, 1.09000086596, 1.03002399937, 1.02593138729, 1.13423321692, 5.35664157691, 1.14471009138, 0.790704486501, 430.017572869, 0.979885791892, 5.65113056302, 1.19575581754, 3.13770327675, 0.895187126106, 711.298321178, 38.5342641163, 7829.05853003, 1.34048257373
5.9773078133, 1.00000011308, 1.38744714331, 1.06887430047, 1.71047928184, 0.870196120708, 3.63465304963, 1.01020349947, 0.934190045893, 5.16421973437, 5.13707479532, 1.17647579843, 4.16970586371, 1.27530428084, 1.09000067336, 1.0988838168, 1.04937708532, 1.18281425035, 6.74719436031, 1.01668917282, 0.829697538918, 284.498219724, 1.07356177838, 5.63783914051, 1.20081572144, 4.77164399144, 1.28706226479, 4736.7915025, 46.8024664906, 34394.1976073, 0.536193029491
4.21561690801, 1.00000025126, 1.55865765936, 1.03121732043, 3.36052484344, 0.981892835155, 3.55686262318, 1.25426140061, 0.967470856717, 1.67279819576, 4.96084241442, 1.03969468055, 2.38873907538, 0.997075728077, 1.09000068381, 1.00323924361, 1.00200119451, 1.00703751948, 6.01056211016, 0.970974262979, 0.854109264291, 616.59087094, 0.940643044555, 4.09871294414, 1.10446636, 3.26165414088, 0.892482122992, 1173.91794831, 32.6085545828, 5596.28452703, 1.34048257373
3.918482822, 1.00000062063, 1.62288515312, 1.09528225028, 5.34987493557, 0.821013711827, 4.55076871014, 1.23151310168, 0.942005138529, 2.67867446266, 4.70441777841, 1.01879814115, 4.73778577457, 0.812040080872, 1.0900005005, 1.06276966885, 1.01218758056, 1.22736122648, 3.43370736556, 0.916978664874, 0.903354777305, 486.223661602, 0.918429036529, 4.76708352706, 1.02469190133, 2.71173389618, 1.05068273504, 1531.87480706, 33.265687686, 12503.6871518, 1.07238605898
1.48542225528, 1.00000090954, 1.12798774513, 0.973490989635, 4.21320262689, 0.859020156266, 5.88510886745, 1.16176000231, 0.963625153157, 4.28136093586, 5.47190867999, 1.07505530848, 2.18795736056, 1.17474355995, 1.0900000073, 1.0944787804, 1.02344682058, 1.15888754604, 7.16461781815, 1.15112128948, 0.878695239858, 899.519797409, 1.00256862804, 2.08770425432, 1.00580218972, 3.3896420673, 1.0134339334, 6258.9875883, 74.0534350519, 29451.9366375, 0.536193029491
1.67638758579, 1.00000068485, 1.49567435078, 0.843914555557, 1.65229913535, 0.958634067859, 2.03214848201, 1.0492491261, 0.91966451308, 3.23505766904, 5.66080179855, 0.924059219954, 2.31434072315, 0.881789875258, 1.09000008313, 1.02184065175, 1.04236632496, 1.07227410758, 7.32766200278, 1.0184029129, 0.991538712581, 362.963260053, 0.978130352675, 1.04681463937, 1.09772055518, 2.73789531881, 0.90733930643, 634.7757254, 25.9395336433, 6428.36380477, 1.60857908847
1.40118802559, 1.0000004426, 1.08679430305, 1.03145799365, 6.52269325038, 0.786013953522, 3.63465304963, 1.1996884712, 0.966730939565, 1.86031245134, 5.71258787728, 1.00129606857, 2.79311695907, 0.810020627276, 1.09000037259, 1.09063667976, 1.00349155272, 1.10425971153, 7.6901160171, 0.982972822274, 0.83271615305, 979.525897859, 1.19569735561, 2.19204317279, 1.15272728632, 5.27628425997, 1.28109842892, 2313.36178734, 52.2750236239, 4863.19436649, 1.07238605898
4.82882733313, 1.0000000121, 1.52885703575, 0.976842321972, 6.72773400273, 0.758502598661, 5.73451740755, 1.22180448985, 0.906329392478, 5.22140926159, 6.1305751678, 1.10862841208, 2.87970586709, 0.896199119677, 1.0900001648, 1.06590034517, 1.03466317332, 1.1956654428, 8.65209768512, 1.04228444819, 0.76649439208, 817.014257045, 1.18030296354, 1.16597024381, 1.00580508521, 4.19340038727, 0.977614223496, 3309.46803358, 57.1303982656, 8831.21035655, 0.804289544236
5.65411596239, 1.00000022428, 1.4696557194, 1.04972614111, 6.54892781189, 0.767882915123, 3.93017462999, 1.14768802768, 0.939104411925, 5.38043421713, 4.86554148851, 1.18371363956, 1.93211714221, 0.99037482774, 1.09000066119, 1.01148957379, 1.04223753519, 1.17356290705, 8.51778128788, 0.991232423889, 0.879544528858, 625.906768537, 0.991074883351, 3.48024128903, 1.08241436194, 2.68522587787, 1.01977328812, 666.478017695, 36.2840365252, 4278.11419779, 1.87667560322
3.51161897007, 1.00000002888, 1.45798542073, 1.21107025465, 4.06892474265, 0.758743485561, 4.0250220865, 1.0353378699, 0.913679691284, 5.00920887802, 4.94926648779, 0.905407134636, 4.95715051898, 1.18157461846, 1.09000071534, 1.05709254885, 1.00979796864, 0.880261006672, 4.86089675211, 0.941079211936, 0.928333975454, 347.458883638, 1.11294570483, 5.6163957162, 1.13629555495, 4.39083145687, 1.02286639571, 2451.96787966, 32.6333390211, 9923.1849096, 1.34048257373
2.67265546302, 1.00000067941, 1.66709468326, 0.904268827782, 2.20384060036, 0.799147499724, 3.70024021208, 1.06540368113, 0.949975176276, 2.59739164529, 5.17075900424, 0.938399886225, 4.23587049683, 0.95738181706, 1.09000004869, 1.08625997184, 1.00138200769, 1.18050562642, 5.02639678851, 1.10835561715, 0.810135564951, 400.307300503, 1.02067449294, 5.5616301559, 1.00787629124, 5.12649377715, 0.894746830769, 1852.69928522, 25.3641452788, 6605.71489499, 1.87667560322
4.58137639468, 1.00000093355, 1.58525405426, 0.862613653411, 6.81899623625, 0.888912681186, 5.77502567656, 1.23720385202, 0.987283085584, 3.71973794888, 5.8769045416, 1.07595355499, 1.35086115312, 0.993630049041, 1.09000021742, 1.01565763239, 1.03092668984, 0.815857456791, 6.60477520613, 1.12389355231, 0.961994227961, 680.058556633, 0.917240411069, 5.17499509299, 1.23846704538, 1.05362608861, 0.971180936505, 758.478809827, 20.1742422921, 8130.4019913, 5.36193029491
4.35260473758, 1.00000041043, 1.54382410252, 1.13410853184, 4.04547404085, 0.76504499006, 1.09031010062, 1.11372130165, 0.913818610485, 6.16263961956, 6.00505910492, 0.905620493273, 2.68709482037, 1.17045134137, 1.09000013939, 1.06071750178, 1.00986856083, 0.922292226869, 5.12858477132, 1.084027524, 0.817379659855, 107.083662631, 1.06079647788, 1.75186183077, 0.982713106502, 1.25517898616, 0.89138703827, 827.162159766, 21.2849398763, 4148.0105514, 6.70241286863
2.93315680066, 1.00000039949, 1.6858916839, 1.11039151934, 3.66281342696, 0.932774758308, 5.26724399738, 1.17631043393, 0.94925422736, 3.3833108034, 6.19695608091, 1.11985495772, 3.59924504038, 1.14649743022, 1.0900000455, 1.04726146225, 1.04049397546, 1.14687072166, 9.47141187998, 1.14457437548, 0.933209646231, 140.77972685, 1.07510289041, 5.59095511749, 1.01926245814, 2.01786864225, 0.962798490009, 1023.7338506, 22.2553901793, 9387.69155279, 3.75335120643
3.918482822, 1.00000062063, 1.62288515312, 1.1715341765, 5.34987493557, 0.821013711827, 3.84472460532, 1.23151310168, 0.942005138529, 2.67867446266, 4.70441777841, 1.01879814115, 4.73778577457, 0.812040080872, 1.0900005005, 1.09714191807, 1.01218758056, 1.22736122648, 3.43370736556, 0.916978664874, 0.903354777305, 486.223661602, 0.918429036529, 4.76708352706, 1.02469190133, 2.71173389618, 1.05068273504, 3380.12821589, 45.631974697, 72745.9239022, 0.804289544236
3.3463641842, 1.00000010852, 1.52371947972, 0.979931379539, 3.19776500567, 0.724516214732, 4.88163051056, 1.16950844726, 0.956387185784, 4.57454773489, 4.89546461814, 1.21254616703, 4.30696507606, 1.08149923134, 1.09000041588, 1.06608644556, 1.00053202063, 1.00841649001, 7.11396971131, 1.17654147349, 0.957773609171, 298.616895519, 1.12811692293, 2.42471880416, 1.18328012137, 5.28595977216, 0.929251150806, 1601.84241195, 23.6392060209, 15433.4164453, 2.68096514745
5.81418679281, 1.00000083813, 1.67771854019, 0.853865664434, 2.73839562083, 0.947670089594, 3.6892679731, 1.041073189, 0.938281604657, 2.83599936742, 5.49194537012, 0.944057136771, 5.01212145493, 1.19522701781, 1.09000065262, 1.02410958269, 1.03618114068, 0.852595819333, 8.51389580262, 1.14752981069, 0.914556410387, 288.734345221, 0.988101135716, 4.31286277828, 1.04724710812, 3.81074165503, 0.924395331597, 635.665610296, 22.3542841552, 14716.9757867, 5.63002680965
4.87112942022, 1.0000008348, 1.10840127078, 0.880290138031, 2.54486389894, 0.804471377767, 4.18872658907, 1.07232460362, 0.969991586323, 2.27518387929, 5.93873627637, 1.17528965292, 3.36181013171, 0.945694906963, 1.09000069495, 1.00460733629, 1.02503024989, 0.876685368409, 8.19390933297, 0.978018972092, 0.86968460383, 404.472811861, 1.09070814994, 5.78303938747, 0.993289899636, 3.22941766885, 1.21195477752, 804.723275645, 36.0634215865, 5167.39249464, 2.41286863271
1.7228308395, 1.00000062057, 1.57882911652, 1.11965019419, 5.3717084077, 0.776344710332, 3.00854595512, 1.25156415546, 0.947624685425, 2.12903306061, 5.34358897713, 1.19989395129, 1.46733599221, 1.18510610044, 1.0900003147, 1.05218708771, 1.0286054176, 1.11943746462, 8.91610037409, 0.967778104062, 0.99492726746, 722.580799319, 1.18778937285, 1.79432961396, 1.13804396593, 2.34794511906, 0.90245239071, 1162.91389162, 21.9885243645, 6981.84191293, 5.09383378016
4.62494337887, 1.00000071154, 1.43821330283, 1.10411296204, 1.6515962278, 0.819985467967, 3.53249276931, 1.13400323757, 0.970405016296, 3.685539165, 4.75884059172, 0.893282661162, 1.55004177123, 1.19302445433, 1.09000013357, 1.02631903608, 1.01314167018, 1.21501919791, 8.4478230184, 1.07426219595, 0.925465557598, 891.332696883, 1.15221630111, 5.43534586771, 1.21492504007, 2.4613837764, 0.969715792062, 1611.6392701, 28.2010241465, 16711.958196, 1.60857908847
4.13039307155, 1.00000057988, 1.39603525883, 0.956433095414, 3.85465260968, 0.734447097067, 5.98670187321, 1.12571826223, 0.940943904715, 5.82872669385, 5.05238435668, 0.983025554341, 4.69963074566, 0.963425989608, 1.09000091437, 1.08876821858, 1.00961678339, 0.947984361925, 3.41364357799, 1.18275334546, 0.900494903271, 589.90617678, 1.16940867894, 3.38440934094, 1.22673269799, 2.76771953275, 1.26125843848, 948.781014484, 21.256195437, 9901.42816079, 7.50670241287
2.53224168627, 1.00000095925, 1.2292276071, 1.14844889021, 2.20370220533, 0.834091437824, 4.86674422937, 1.14310235239, 0.94248672263, 4.48114093969, 5.44967744027, 0.855091757948, 4.97043499874, 1.21675422182, 1.0900002362, 1.06150896031, 1.04640851588, 1.05079286747, 5.13245754579, 1.1672798383, 0.859557258361, 644.797641854, 1.14289633224, 2.14119555342, 1.09892990249, 2.85164001693, 1.28347505245, 1511.36905751, 34.5130798119, 4927.81110343, 1.60857908847
5.69242814201, 1.0000002904, 1.06413243078, 0.873171504241, 5.0715483077, 0.863615212411, 1.8410056335, 1.10684322536, 0.946231969394, 5.55851129845, 5.94400795497, 1.19186934015, 2.9839811955, 1.2022823282, 1.0900008152, 1.08860520196, 1.02564392809, 0.846687474226, 8.44359878573, 0.987400483788, 0.816182895995, 91.7472702303, 1.09443631769, 2.67011089682, 1.1147296068, 4.41082852492, 1.15865678799, 1312.81886754, 23.763756334, 7891.36167288, 3.75335120643
2.81943419854, 1.00000022036, 1.69061291882, 1.201771389, 3.08528773006, 0.986697729414, 5.72915048855, 1.17286950998, 0.936068745031, 4.32769311745, 4.95227608045, 1.09693364976, 3.74558899912, 1.00483798181, 1.09000040814, 1.01129340587, 1.00536771724, 0.964462854832, 4.03191968981, 1.16566074477, 0.898906327856, 273.393136349, 0.955772155395, 4.95479362902, 1.05704548798, 1.79605204742, 1.24159146905, 1760.79662963, 23.9562169713, 7646.61882196, 3.75335120643
3.39987299064, 1.00000087377, 1.6357939279, 0.981686702482, 2.00401681893, 0.818157061721, 5.26916808104, 1.13608264616, 0.995160834429, 4.29436175727, 5.66921139938, 0.90656299322, 2.25968315292, 1.09668011752, 1.09000023974, 1.05124198048, 1.04986318045, 1.04689345917, 6.97829030128, 1.124817283, 0.807516854069, 881.927891936, 1.16015192632, 3.01789722163, 1.10717684466, 1.03935161694, 1.12533874044, 566.989072953, 34.6284166674, 4158.25027559, 3.21715817694
2.26121693838, 1.00000050071, 1.36399996155, 0.974780280136, 5.26439013945, 0.88030094624, 3.58337768483, 1.01756341791, 0.941563191992, 5.86929538017, 5.3652329795, 0.99153346213, 4.5231684469, 1.08587743453, 1.09000066846, 1.04013117943, 1.02043856068, 1.01399440323, 5.3755422776, 1.16257160437, 0.799051819345, 238.690124139, 1.06145839961, 5.20954375857, 1.06218849448, 4.74379797736, 1.13135381128, 918.83118836, 38.2428563252, 4175.10754854, 2.68096514745
