5.52461744163, 1.18412173803, 0.858819211239, 0.908225866898, 2.48734869566, 0.782168874373, 5.99652249343, 1.06693286779, 0.960230315729, 2.57377051014, 5.12521034358, 1.00555555402, 4.70818665559, 0.975686034103, 1.09000047622, 1.03481105238, 1.0066082666, 1.06912341764, 8.58945495603, 1.08290095843, 0.761393333399, 116.621315427, 1.1226717073, 2.66852725449, 1.02077676603, 2.12865409484, 0.891103855332, 378.633856615, 28.8886982765, 3175.13525319, 0.0
2.9020511305, 1.41086927884, 0.97948997306, 0.977700978003, 5.00140699895, 0.91363204082, 3.98070774623, 0.934548627388, 0.960387615488, 3.99802869553, 7.66745887271, 0.934812394431, 3.82045217604, 1.23768916182, 1.0900002678, 1.08989377923, 1.0107873985, 0.916985802174, 7.61656811599, 0.966255748955, 0.996671969535, 171.806778549, 1.15429039569, 2.14134498058, 1.07445139599, 5.37884407574, 0.920211057031, 383.791458798, 22.1126099336, 1804.63435437, 0.0
2.28845462254, 1.0920643123, 1.12600937293, 1.0829149134, 2.09279370475, 0.978130744974, 5.47833855644, 1.05979708756, 0.953241309826, 3.72468787386, 4.51833188107, 0.895225501537, 2.7963930544, 1.25435748564, 1.0900007619, 1.00667475153, 1.03593167826, 1.1608102612, 8.1556627061, 0.991008518152, 0.888473483722, 69.9376523221, 1.10116054372, 3.25107371438, 1.03897600178, 1.71273435548, 1.06650025573, 384.915478557, 22.1057074147, 917.096539006, 0.0
5.83191008379, 1.01476877741, 1.05502420817, 1.10809185388, 1.67827808771, 0.790520316199, 5.46655930512, 1.06881035736, 0.93552289396, 5.05297887369, 4.60540341531, 1.06823569799, 3.47025317302, 1.11115740075, 1.09000072137, 1.06770264958, 1.01332701893, 0.836128954663, 7.28024178615, 1.02389762888, 0.845897031234, 168.758931482, 1.02688102799, 1.0962545571, 1.12491945121, 1.09278938556, 0.94679286423, 115.05097402, 15.2593591961, 230.226699676, 0.536193029491
5.37874804855, 1.33324588837, 0.899938096877, 0.951244668888, 4.25916464535, 0.735734675202, 5.15053778564, 1.00324666647, 0.995162996819, 5.85389335584, 5.94545271872, 1.02602643948, 2.26724386016, 1.09021235407, 1.09000066152, 1.00878264179, 1.04431614944, 1.01278277877, 4.257259828, 0.997214099573, 0.877820174463, 328.984810967, 1.10896644059, 1.99420233767, 1.11826799151, 3.51282331465, 0.912727018707, 84.4274814065, 14.8851281544, 992.58955936, 0.536193029491
5.06520930943, 1.20432830236, 0.785730436276, 0.920316968184, 2.99783933644, 0.778962493996, 1.17646635315, 1.0749163077, 0.959985071406, 4.11501139665, 3.13742728549, 0.857416638427, 3.19439766346, 0.956997095369, 1.09000098278, 1.10946031594, 1.02799955301, 0.85059853712, 5.30548264553, 1.0509174409, 0.999963159611, 59.8856951739, 1.05717304887, 2.01936696309, 1.18020246212, 1.63853439264, 1.07608596876, 17.2532877007, 11.6486352316, 38.2309836956, 1.87667560322
3.35871878797, 1.35596149465, 0.816570955104, 0.968357164879, 2.05468246296, 0.982518727699, 4.62639957937, 1.01044495978, 0.902947829303, 5.38073835199, 6.07184329928, 1.02886843088, 3.41900067317, 1.26538898615, 1.09000083173, 1.07605685404, 1.03434315292, 1.20332976723, 6.19277193368, 1.01388117475, 0.887775490641, 389.158883235, 1.06020537997, 4.32826091129, 1.14576573467, 4.79877425669, 1.08706498228, 32.2491177484, 7.39320850952, 45.3540091107, 3.21715817694
5.46388850423, 1.18128984463, 0.780890536541, 1.21870970182, 5.8241500296, 0.811702864449, 2.29238088243, 1.0651436691, 0.958754445743, 3.23413479036, 3.3894645519, 1.02813733273, 1.48776390411, 0.886222549276, 1.09000019121, 1.07773396284, 1.04899392992, 0.901472790698, 3.51985049201, 0.98434061581, 0.765415093399, 65.6255870726, 1.14744746726, 4.13204188944, 1.15192492244, 5.29840883832, 1.19148676711, 118.599203702, 11.0073272394, 365.770368735, 2.14477211796
3.97125421345, 1.20686819587, 0.741890467153, 1.0419412387, 3.61422466079, 0.76612710684, 4.89416693421, 1.09245926489, 0.976729141568, 5.66355709606, 2.79984601496, 0.825934211507, 4.58406714044, 1.06074957782, 1.09000036458, 1.06059288623, 1.00107011529, 0.810912557371, 5.48215234584, 1.02185813687, 0.786904297377, 158.740997883, 0.949340744354, 2.66920770203, 1.2133597168, 3.67416371515, 0.993006673019, 89.8677214258, 10.3867661698, 146.604697084, 3.21715817694
5.06520930943, 1.20432830236, 0.785730436276, 0.920316968184, 2.99783933644, 0.778962493996, 1.17646635315, 1.0749163077, 0.959985071406, 4.11501139665, 3.13742728549, 0.857416638427, 3.19439766346, 0.956997095369, 1.09000066152, 1.10946031594, 1.02799955301, 0.85059853712, 5.30548264553, 1.0509174409, 0.999963159611, 59.8856951739, 1.05717304887, 2.01936696309, 1.18020246212, 1.63853439264, 1.07608596876, 42.8983042316, 16.1684326453, 177.687300081, 2.9490616622
3.71945589208, 1.34048329341, 0.746317793448, 0.825286980543, 3.70401153284, 0.963458019685, 4.86371448927, 0.826852291711, 0.914923235469, 3.23582904932, 5.54458295727, 1.01661491536, 1.77121690316, 1.02517281879, 1.09000018249, 1.07316886852, 1.01572938868, 1.09782458173, 3.02717379286, 1.02492387353, 0.958048092668, 382.437105997, 0.967435180304, 5.60394686055, 1.13975322308, 4.99143836764, 0.967493711646, 601.456626161, 26.9917255134, 950.76566179, 0.268096514745
1.80609411939, 1.21430025504, 1.16357448112, 0.897350216666, 5.10959630335, 0.748949719488, 5.31150318848, 0.908854447785, 0.987947704514, 2.53302366461, 5.09678350289, 0.812710022098, 3.77599857821, 1.14850603566, 1.0900000737, 1.00929574086, 1.01455522788, 1.20667995995, 5.89359194848, 1.01192544543, 0.928685323482, 299.251185566, 0.973652105889, 5.71456859781, 1.20380535038, 4.67411129454, 1.18747108431, 446.437854869, 23.2632370091, 1361.06795117, 0.268096514745
5.83191008379, 1.01476877741, 1.05502420817, 1.10809185388, 1.67827808771, 0.790520316199, 5.09756747985, 1.08969964085, 0.93552289396, 4.41095406465, 4.60540341531, 1.06823569799, 3.47025317302, 1.11115740075, 1.09000072137, 1.06770264958, 1.01332701893, 0.836128954663, 7.28024178615, 1.02389762888, 0.845897031234, 168.758931482, 1.02688102799, 1.0962545571, 0.962967413161, 1.09278938556, 0.94679286423, 404.247470155, 30.8531350014, 1477.13001876, 0.0
3.15190019208, 1.04895371095, 0.841251372689, 0.917203533048, 4.10534567485, 0.89467786651, 2.93079426097, 0.926966775273, 0.933240916729, 5.93777502683, 5.29147912361, 1.03599200917, 4.36449743701, 1.11453213489, 1.09000073791, 1.01374580422, 1.01170950611, 1.2208549672, 4.37578133144, 1.07390618125, 0.906741338615, 243.53722613, 1.02626724993, 4.70216994684, 1.02989466051, 1.34030890387, 1.18559959718, 111.724853726, 21.0459540469, 1047.24118952, 1.07238605898
4.74725979336, 1.33254232726, 0.955680859159, 0.985102729611, 2.44766871112, 0.996849271243, 4.51471525415, 1.07163502514, 0.934477721657, 6.02691844785, 6.5886715918, 1.03729945156, 4.72975780809, 0.824913470573, 1.09000008718, 1.00629259513, 1.00021974071, 1.19151478009, 6.8796913277, 1.18417231004, 0.874167301572, 222.733118384, 0.988531909867, 2.64222028302, 1.23209100461, 1.08314734519, 1.28495359724, 318.25282496, 20.450387124, 599.76360149, 0.536193029491
3.35871878797, 1.35596149465, 0.816570955104, 0.968357164879, 2.05468246296, 0.982518727699, 4.62639957937, 1.01044495978, 0.902947829303, 5.38073835199, 6.07184329928, 1.07533173874, 2.71762748701, 1.26538898615, 1.09000083173, 1.07605685404, 1.03434315292, 1.20332976723, 6.19277193368, 1.01388117475, 0.887775490641, 389.158883235, 1.06020537997, 4.32826091129, 1.14371941706, 4.79877425669, 1.08706498228, 163.96294322, 24.8431326892, 879.834801184, 0.536193029491
2.9020511305, 1.39152504323, 0.97948997306, 0.906583934626, 5.00140699895, 0.91363204082, 3.98070774623, 0.93660814938, 0.960387615488, 3.99802869553, 5.15344769863, 0.886975617725, 3.82045217604, 1.23768916182, 1.0900002678, 1.08989377923, 1.0107873985, 0.916985802174, 7.61656811599, 0.966255748955, 0.996671969535, 171.806778549, 1.15429039569, 2.14134498058, 1.07445139599, 5.42597742228, 0.920211057031, 222.889962574, 25.3944483215, 300.804933745, 1.34048257373
2.78721058535, 1.30899942314, 0.837223992891, 0.916224799564, 4.93079284902, 0.726642564337, 3.37079479495, 1.00382184082, 0.937210882679, 5.72268375348, 4.49756689937, 0.81073402562, 1.15182121221, 0.818114604618, 1.0900006979, 1.05832457789, 1.04943187, 0.878391668908, 8.72226014142, 1.0273981512, 0.987508731237, 371.984789217, 0.938770272445, 5.45489767158, 1.10431575824, 4.21780959547, 0.883044264675, 39.5376922387, 16.2428169992, 157.228001166, 3.48525469169
2.17886157481, 1.31166970525, 0.840109645853, 0.839576948899, 1.86402034969, 0.767476077686, 1.87837791205, 0.845567915796, 0.975436896247, 6.08018289108, 6.41317517782, 0.813756055215, 3.94851023497, 1.01014315242, 1.09000026914, 1.04111289394, 1.02478971109, 0.843606363858, 7.40865406604, 0.91497792849, 0.944945807539, 277.839315884, 1.11190462162, 5.98658664653, 1.12900146874, 4.46713790248, 1.16317623425, 427.16088596, 23.8035505722, 820.555721254, 1.07238605898
2.44537225838, 1.09264255022, 0.975213542442, 1.06754029908, 2.88688405811, 0.821375985015, 2.37923052115, 0.845539934723, 0.937064212728, 5.91707749774, 7.64889604436, 0.992634690498, 1.0682866452, 1.01945699383, 1.09000006276, 1.04480527246, 1.00256397521, 0.882387633015, 9.38951452516, 1.11533919136, 0.932141921503, 247.121406429, 0.970189252784, 3.44973030339, 1.12878270284, 1.31920813961, 0.928518364799, 178.843234956, 18.7841406156, 1467.34321607, 1.34048257373
4.48270242478, 1.16204293677, 0.966838967615, 0.808089853128, 2.20384610228, 0.789834967768, 3.28553510028, 0.936234987114, 0.928776888957, 5.75964631438, 6.58967712607, 1.02804113229, 2.12159534816, 0.912708318801, 1.09000085793, 1.00379435902, 1.0071902811, 1.05583705261, 9.26776795829, 1.07365139616, 0.939906180134, 152.290699126, 0.960657162014, 3.98162792538, 1.11438063328, 1.76784464932, 1.25467768433, 258.305969658, 20.4188722842, 1928.96743562, 0.804289544236
4.3537870544, 1.00732790029, 1.15724311961, 0.91858507575, 6.74276335079, 0.866026719383, 5.39936750309, 0.861930315533, 0.904036126125, 4.47681822668, 5.35825207574, 0.89596510332, 2.20723585469, 0.897873738271, 1.09000092574, 1.00119229653, 1.04173049619, 1.11273232538, 5.92855027416, 1.00208049367, 0.86134508633, 105.181514914, 0.97978307685, 4.88947107208, 1.23487445911, 5.25177365556, 0.970767375625, 399.745380382, 18.086063844, 1680.43185606, 1.34048257373
1.00086829331, 1.39825671023, 0.810323584625, 0.93717222595, 5.77634733498, 0.894641743697, 5.91094916377, 1.0208849625, 0.901924329962, 5.10475800665, 5.45855111286, 0.876104778658, 1.24040696992, 1.19591006881, 1.09000092203, 1.01262729688, 1.01506122952, 0.907749282855, 5.81959864835, 1.09577979908, 0.80131198651, 97.6388488275, 1.13987563346, 1.6016605266, 1.10554950416, 2.09786688778, 1.21284817147, 552.229171163, 18.4644524415, 1374.46864673, 0.536193029491
2.42985072354, 1.41630850075, 0.799972773476, 1.21592560522, 4.00259151813, 0.821221951839, 3.34814486351, 1.07533935285, 0.928827328029, 3.31783771413, 6.98278821475, 1.03957921279, 4.23540388554, 1.11160070542, 1.09000046262, 1.10145725753, 1.02351512061, 0.967190957194, 3.73972513545, 1.05139686678, 0.850318582267, 89.7289927863, 0.972750539048, 2.56937032445, 1.20197791533, 4.45533555858, 1.21731186518, 124.190194559, 16.3034165193, 1300.27897166, 1.60857908847
2.17281323257, 1.40741808867, 0.978895827104, 0.916347743809, 6.43976315336, 0.824620009707, 3.14322015274, 1.09709009826, 0.92807369527, 5.06349003015, 5.18666636429, 1.07208799433, 1.88586464135, 1.28338237699, 1.09000061736, 1.05871631838, 1.01345665712, 1.01621881078, 3.72046037847, 1.04295578736, 0.998386844861, 328.294749349, 1.12135912659, 2.3466896502, 1.04236033747, 4.63039892167, 1.0442877666, 197.583719097, 12.8022806429, 2822.63781153, 9.11528150134
2.1359400484, 1.12547660568, 1.06983457973, 1.18170881661, 2.9446752236, 0.784583304873, 2.7695577745, 0.877822821374, 0.992316500447, 4.28507358716, 2.8160859398, 0.925413784056, 3.55364922176, 1.0108905872, 1.09000048739, 1.04961752208, 1.02417951544, 1.22673777284, 5.78338409737, 0.964645925583, 0.855535547997, 289.872844572, 0.952623007676, 3.18165101004, 1.18892470682, 2.61726799856, 1.21799951317, 162.117232859, 12.1263258842, 788.284596148, 9.38337801609
2.17886157481, 1.31166970525, 0.952300347231, 0.928995994583, 1.86402034969, 0.767476077686, 3.52024866227, 0.905609284939, 0.975436896247, 6.08018289108, 6.41317517782, 0.813756055215, 3.94851023497, 1.01014315242, 1.09000026914, 1.04111289394, 1.02478971109, 0.843606363858, 7.40865406604, 0.91497792849, 0.944945807539, 277.839315884, 1.10383746154, 5.85650654264, 1.12900146874, 4.46713790248, 1.16317623425, 233.837032009, 13.6780916724, 1095.5192011, 5.8981233244
2.2201597707, 1.11948946269, 1.02096453004, 0.988796422049, 4.71841115353, 0.897798060557, 4.48259218599, 1.06821628165, 0.92465336457, 4.85001160642, 2.41598328096, 0.839923141249, 2.5954180249, 1.03148558712, 1.09000027717, 1.04467392022, 1.03669389731, 1.13494366738, 8.21379870551, 1.15466229342, 0.787546654179, 379.208357421, 1.16137287323, 1.81933165998, 1.05296665676, 5.15767151465, 0.961125833147, 291.720466041, 14.5482893963, 1034.04929734, 4.02144772118
4.43674260982, 1.2067898052, 0.745934334202, 1.10215041482, 4.24157657785, 0.878606649008, 3.94097400796, 0.985780116616, 0.96855250273, 4.49095583544, 2.52886107059, 0.887688569498, 2.5699641378, 1.06086510417, 1.0900002678, 1.08996482856, 1.00505596832, 0.868982688829, 7.61656811599, 1.16237996546, 0.858930249077, 319.189634216, 0.9605183675, 5.93557341687, 1.11932067303, 3.45452910281, 0.938355235548, 683.540574688, 37.7798143769, 1384.1904646, 0.268096514745
4.30971304181, 1.328034614, 1.02558171213, 1.07068685057, 2.94033082714, 0.993541297284, 1.01220715921, 0.959506359367, 0.943323283674, 3.67325744335, 7.02022620531, 1.00638159209, 4.74210826487, 0.985410158175, 1.09000094105, 1.01533395133, 1.00944663129, 0.817574770513, 7.98765518454, 0.969432299187, 0.831276312972, 125.032773021, 1.03919660421, 4.66278005688, 1.2064171465, 3.00965979754, 1.13519569159, 1249.30587254, 31.1967022597, 783.517723041, 1.60857908847
1.00086829331, 1.39825671023, 0.810323584625, 0.93717222595, 5.77634733498, 0.894641743697, 5.91094916377, 1.0208849625, 0.901924329962, 5.10475800665, 5.45855111286, 0.820082590016, 1.24040696992, 1.19591006881, 1.09000089468, 1.01968585437, 1.01506122952, 0.907749282855, 5.81959864835, 1.09577979908, 0.80131198651, 97.6388488275, 1.13987563346, 1.6016605266, 1.10554950416, 2.09786688778, 1.21284817147, 1341.29858155, 45.3719537349, 2759.47708405, 0.0
3.43752270091, 1.30223657729, 1.05344178707, 1.10577229523, 3.18769435527, 0.97784962785, 4.49575725004, 0.993016209742, 0.919710762028, 3.77910770443, 7.7555267975, 0.874771218027, 1.08472371848, 0.931009909219, 1.09000073264, 1.04758261541, 1.02689254438, 1.13912258092, 6.4673021607, 0.960871458483, 0.903167612459, 362.988204637, 1.07890625445, 1.10564989022, 1.21319762504, 1.81721158737, 1.00305768562, 815.402724792, 29.1648661666, 3307.01975191, 0.0
4.25265688911, 1.08881527491, 1.10751714565, 1.20789780491, 3.88217238737, 0.990795710155, 4.82267771569, 0.857513443568, 0.989734971125, 2.95821610011, 2.13011468499, 1.05367293976, 4.13099117063, 1.05351074168, 1.0900007542, 1.04022657281, 1.03983714511, 0.848988418889, 7.26605562775, 1.07042091028, 0.985526313652, 329.839340883, 1.19404350903, 1.41032040333, 1.03929746375, 3.60450398279, 1.18315500416, 584.16201396, 25.0053139603, 1871.61867698, 0.268096514745
2.49935228527, 1.09632366286, 0.901621965329, 0.899772481148, 4.37700283161, 0.781511256071, 1.30898431794, 1.01161724074, 0.916981244389, 6.17800216063, 6.33654208834, 0.856744156563, 3.81916491661, 1.24256026932, 1.09000016834, 1.06502853288, 1.03858513355, 0.848988418889, 8.2742944227, 1.07008752226, 0.912167830405, 67.1137715202, 1.1779220794, 2.66809771985, 1.19943089459, 2.79958149707, 1.19766542178, 325.089482743, 15.3292450056, 303.005618281, 4.02144772118
4.01713183185, 1.15749139828, 0.87937003276, 0.958339164493, 2.90049643443, 0.71915579423, 2.97332336159, 1.07671335365, 0.963608309973, 4.99255857784, 2.31412676174, 0.860296030511, 3.35221083735, 0.953798366575, 1.09000095715, 1.03671403129, 1.01369539977, 0.946844148148, 7.55627573561, 0.953185027592, 0.913846579846, 188.334729478, 1.12226319619, 5.9075236874, 1.17654720478, 2.09361268743, 1.07581684681, 183.33298322, 27.3287531248, 688.373047862, 2.9490616622
3.07612597066, 1.21067105199, 0.847835680193, 1.14381360461, 5.02947437242, 0.843119325893, 1.31532117746, 0.924288093888, 0.936305562059, 5.06555875328, 6.77675825064, 1.02645510882, 4.37427369834, 0.866067576139, 1.09000035411, 1.09047933955, 1.00000181734, 1.22195249891, 5.66517820132, 1.07917831969, 0.935433822177, 133.18389029, 1.04571284162, 1.77290762603, 1.17285800583, 2.15163343746, 0.94395259938, 639.771431868, 18.634471098, 2212.68051556, 0.536193029491
2.2201597707, 1.11948946269, 1.02096453004, 0.988796422049, 4.71841115353, 0.897798060557, 4.48259218599, 1.06821628165, 0.92465336457, 3.71326347617, 2.41598328096, 0.839923141249, 2.5954180249, 0.985713324809, 1.09000027717, 1.04467392022, 1.03669389731, 1.13494366738, 3.02717379286, 1.15466229342, 0.787546654179, 379.208357421, 1.16137287323, 1.81933165998, 1.13975322308, 3.97066678455, 0.961125833147, 177.037840468, 15.3656081513, 831.955172591, 4.55764075067
4.25265688911, 1.08881527491, 1.10751714565, 1.20789780491, 3.88217238737, 0.990795710155, 2.68257992973, 0.857513443568, 0.989734971125, 2.95821610011, 2.13011468499, 1.05367293976, 4.13099117063, 1.05351074168, 1.0900007542, 1.04022657281, 1.0033453445, 1.20512341247, 7.26605562775, 1.07042091028, 0.985526313652, 329.839340883, 1.19404350903, 1.41032040333, 1.03929746375, 3.60450398279, 1.18315500416, 352.392013173, 15.4391911019, 807.164184752, 4.28954423592
3.22458991837, 1.10016677992, 0.994401843436, 1.07472489179, 4.09817464031, 0.948312459204, 2.34249967429, 0.913454714235, 0.915748540677, 5.85457195653, 1.80747508986, 1.07286452739, 4.97563154217, 1.15760249518, 1.09000094934, 1.01144455229, 1.0498543751, 1.17008996398, 7.63166233665, 1.0436258195, 0.968355664808, 139.171077132, 0.945331095519, 4.35307959614, 1.10778407133, 5.12410913792, 1.18261719724, 252.589718377, 26.037245216, 972.839534427, 2.41286863271
4.0556895293, 1.36577626638, 0.798169691923, 1.08508339723, 4.88284433934, 0.946273327452, 2.57260089775, 0.893336081293, 0.93084201524, 1.70342836083, 5.49193313909, 0.95911757377, 3.68993809093, 1.13746422029, 1.09000091782, 1.03851037162, 1.04019935388, 0.822972223068, 5.78743669284, 0.951625608162, 0.807176643761, 298.983931211, 1.1026224109, 1.29897360564, 1.10477024365, 4.13991163578, 1.01072456007, 373.084431671, 21.5416958947, 2828.99079735, 0.804289544236
2.28845462254, 1.01476877741, 1.12600937293, 1.0829149134, 2.09279370475, 0.978130744974, 5.47833855644, 1.05979708756, 0.953241309826, 3.72468787386, 4.51833188107, 1.06823569799, 2.7963930544, 1.25435748564, 1.0900007619, 1.00667475153, 1.03593167826, 1.1608102612, 8.1556627061, 0.991008518152, 0.888473483722, 69.9376523221, 1.10116054372, 3.25107371438, 1.03897600178, 1.71273435548, 1.06650025573, 917.495935807, 40.0520822558, 6171.59151021, 0.0
2.07069546615, 1.41689334937, 0.952914757641, 1.14557636948, 2.24372964275, 0.979538955943, 5.71137243297, 1.05113005703, 0.965623236374, 2.07732726543, 5.19460864331, 0.892636444208, 2.70073317564, 0.89039307667, 1.09000036553, 1.03291541005, 1.03764592129, 0.853901499568, 7.52198179682, 1.15149627715, 0.894811903949, 123.499365146, 1.13795380055, 2.51446734257, 1.10889363045, 1.55846989915, 0.982929663512, 978.048308609, 24.4333062961, 846.349387954, 2.14477211796
4.4917578953, 1.12282374583, 0.905095088969, 1.06278763298, 2.42626672707, 0.893055013792, 5.39359268709, 1.05957931941, 0.996449680379, 4.53187038149, 3.63364162943, 0.887909455661, 1.45842327368, 1.06666437532, 1.09000078564, 1.00288799836, 1.00890132706, 1.06247129523, 5.29577023277, 0.942805512077, 0.972193033671, 136.681947889, 1.19862811637, 1.54952490376, 0.977801974289, 3.45713507125, 1.23913048812, 484.405796729, 24.0488297941, 1035.00049551, 0.536193029491
2.24331681204, 1.27569227183, 0.881124789538, 0.85470904312, 6.33073255052, 0.929066555017, 3.67171702201, 0.923159779124, 0.907570585673, 4.63182184481, 2.20075337342, 0.946776794452, 1.18888148248, 1.203272267, 1.09000084818, 1.09051119979, 1.02522042111, 1.18099317576, 5.91815681563, 1.03910101355, 0.988453104399, 391.2464707, 0.965732647227, 3.78607310389, 1.06374622386, 4.67596403572, 1.23309178863, 1640.48573721, 45.7793697541, 4487.38213423, 0.0
2.17281323257, 1.08747223291, 0.978895827104, 0.95683690035, 3.62002742853, 0.824620009707, 4.01289245486, 1.09771534766, 0.92807369527, 4.94023130129, 4.66493599137, 1.07208799433, 1.18888148248, 1.28338237699, 1.09000061736, 1.05871631838, 1.01345665712, 1.01621881078, 3.72046037847, 1.04295578736, 0.999769936846, 328.294749349, 0.992535029088, 2.3466896502, 1.06374622386, 4.63039892167, 1.0442877666, 993.308444856, 40.5676896225, 8107.76828581, 0.0
5.37874804855, 1.33324588837, 0.899938096877, 0.951244668888, 4.25916464535, 0.976224788761, 5.15053778564, 1.00324666647, 0.996040491812, 5.85389335584, 5.94545271872, 0.851801167192, 1.71223524546, 1.09021235407, 1.09000066152, 1.00878264179, 1.04431614944, 1.01278277877, 4.257259828, 0.997214099573, 0.877820174463, 328.984810967, 1.10896644059, 1.99420233767, 1.11826799151, 3.51282331465, 0.912727018707, 3721.90442785, 44.9126325508, 6916.66003598, 0.0
3.71945589208, 1.34048329341, 0.746317793448, 0.820457818292, 3.70401153284, 0.963458019685, 4.86371448927, 0.826852291711, 0.914923235469, 3.23582904932, 5.54458295727, 1.01661491536, 1.77121690316, 1.02517281879, 1.09000018249, 1.07316886852, 1.03888393634, 1.09782458173, 9.47931487911, 1.02492387353, 0.958048092668, 382.437105997, 0.967435180304, 5.60394686055, 1.05296665676, 4.99143836764, 0.967493711646, 678.902620983, 18.3141312025, 1417.09264197, 2.68096514745
5.64917487667, 1.37604093759, 0.99785518213, 0.926265331588, 6.326341258, 0.77443330503, 2.67594616993, 0.909669586449, 0.977731618314, 4.25175766993, 2.04248662147, 1.05626468336, 4.09589825877, 0.862199723211, 1.09000079148, 1.09483033012, 1.04133943783, 1.17116565434, 7.55630820386, 0.974237110937, 0.785657216838, 352.498828026, 1.13839308653, 3.60776617625, 1.03943453444, 1.2173072464, 0.930461037721, 1758.832845, 51.5187042774, 5861.10190895, 0.0
5.59803785081, 1.01709670235, 0.933269334294, 0.946197654888, 1.65624413046, 0.756686669425, 3.10966009861, 1.01838075649, 0.953874908705, 4.03563972736, 5.58609184557, 1.05979457339, 2.25973081034, 1.09588216643, 1.09000011262, 1.07436226796, 1.004257379, 0.910884143645, 3.6801397809, 1.01515488406, 0.881934640321, 359.485402476, 1.04694863199, 2.22380311359, 1.0766021671, 1.85131213844, 1.261876607, 376.983036005, 15.6567163802, 3978.50920768, 3.75335120643
3.01338396025, 1.0154626391, 1.01612494913, 0.98310352914, 2.2196958909, 0.969117401075, 1.17626982639, 0.860952010709, 0.912505088553, 3.92942401325, 2.81563591682, 1.06737206107, 3.26646930763, 0.976059042738, 1.09000035788, 1.08823486257, 1.03643530421, 0.882296964481, 9.83331934662, 1.15576850565, 0.926182103459, 138.219239347, 0.990350539308, 5.48210188368, 1.07950960884, 1.37903153888, 0.905016898106, 1903.97657563, 48.7098506552, 7781.75897709, 0.0
2.78721058535, 1.40741808867, 0.978895827104, 0.916347743809, 6.43976315336, 0.83477786587, 3.14322015274, 1.09709009826, 0.92807369527, 5.06349003015, 5.18666636429, 1.07208799433, 1.88586464135, 1.28338237699, 1.09000061736, 1.05871631838, 1.01345665712, 1.01621881078, 3.72046037847, 0.965484337764, 0.998386844861, 328.294749349, 0.999212899142, 2.3466896502, 1.04236033747, 4.63039892167, 1.0442877666, 313.257705367, 15.3690804421, 1359.91025203, 4.28954423592
2.97717979116, 1.03231300725, 1.14892276055, 0.853821881985, 6.27339846586, 0.945715321764, 1.41535200004, 0.886467358872, 0.969105619566, 1.75976612461, 1.58224221518, 0.825226954272, 4.23464265902, 1.15010511716, 1.09000054798, 1.10657724215, 1.03504976814, 0.856499684156, 9.20724512046, 1.15412004447, 0.974907590292, 169.837392341, 1.02317570071, 5.08476145741, 0.976143063651, 4.5686118957, 0.945268355773, 3564.0877922, 46.0856418077, 24894.3523166, 0.0
1.38988194959, 1.36577626638, 0.798169691923, 1.08508339723, 4.88284433934, 0.946273327452, 2.57260089775, 0.893336081293, 0.936242654987, 1.70342836083, 5.49193313909, 0.95911757377, 3.68993809093, 1.13746422029, 1.09000091782, 1.03254449643, 1.04019935388, 0.822972223068, 5.78743669284, 0.951625608162, 0.807176643761, 298.983931211, 1.1026224109, 1.29897360564, 1.10477024365, 4.13991163578, 1.01072456007, 1764.20725797, 50.133238493, 34053.423033, 0.0
2.42985072354, 1.4013241173, 0.756266177792, 0.985045419716, 4.00259151813, 0.821221951839, 5.92211434806, 1.07533935285, 0.979483999432, 3.31783771413, 6.98278821475, 0.971670448624, 4.23540388554, 1.03148558712, 1.09000046262, 1.06313433024, 1.02351512061, 0.967190957194, 3.73972513545, 1.05139686678, 0.867517931011, 89.7289927863, 0.972750539048, 2.56937032445, 1.20197791533, 4.45533555858, 1.21491342241, 3937.13290699, 47.2006802914, 13126.2103614, 0.0
2.17281323257, 1.38898607394, 0.978895827104, 0.95683690035, 3.62002742853, 0.824620009707, 3.14322015274, 1.09709009826, 0.92807369527, 5.06349003015, 4.66493599137, 1.07208799433, 1.88586464135, 1.28338237699, 1.09000061736, 1.05871631838, 1.01345665712, 1.01621881078, 3.72046037847, 1.04295578736, 0.998386844861, 328.294749349, 0.992535029088, 2.3466896502, 1.04236033747, 4.63039892167, 1.0442877666, 190.123847521, 25.8813540577, 1281.78955022, 2.14477211796
5.01429079914, 1.05127939589, 1.11842359745, 0.919804479496, 1.85886891443, 0.833942402094, 5.3821119759, 0.852491422324, 0.983280373702, 2.19222806447, 2.87587161872, 0.955671903081, 3.25915259311, 1.28951141049, 1.09000023114, 1.02542578609, 1.00615273938, 1.16074817336, 6.23741291915, 1.01929154295, 0.797162916998, 309.082369312, 1.16743695848, 2.1971343692, 1.00427885352, 1.3945805241, 1.29670675042, 2079.1552937, 53.2760907775, 18230.5416866, 0.0
2.04795623928, 1.1985025607, 1.13425633454, 0.936269388626, 5.97561076857, 0.956556978969, 5.53684833478, 1.02037121981, 0.924292634608, 5.58248876091, 5.16300735158, 0.850070642926, 4.30221932312, 1.10278689768, 1.09000017383, 1.0793568067, 1.02345052686, 1.22911764949, 6.91192921983, 0.924449454589, 0.958415253787, 74.2127017684, 1.00971151858, 5.34667909914, 1.23070134013, 2.8933521472, 1.26149333368, 2491.12900484, 52.835660337, 10324.5299921, 0.0
1.62350553769, 1.327932531, 0.936131886649, 1.01208143469, 1.6578549121, 0.891683350375, 2.43666936607, 0.886457577259, 0.917620898927, 5.20182794406, 6.03620302237, 0.947246592534, 3.30876128537, 1.14850603566, 1.0900000737, 1.05045056207, 1.01031776717, 0.948910561882, 6.13797345861, 0.923781214076, 0.8199885816, 198.213060497, 1.15854569796, 4.0868918155, 1.23774355715, 3.94336130772, 1.03700343239, 2919.81304574, 58.4636407103, 23813.5523144, 0.0
3.35871878797, 1.31677737517, 0.816570955104, 0.85470904312, 2.05468246296, 0.929066555017, 4.62639957937, 1.01044495978, 0.902947829303, 5.38073835199, 6.07184329928, 1.09065712319, 2.71762748701, 1.26538898615, 1.09000083173, 1.07605685404, 1.03434315292, 1.20332976723, 6.19277193368, 1.01388117475, 0.887775490641, 193.882668143, 1.06020537997, 4.69704451608, 1.14371941706, 4.79877425669, 1.08706498228, 1020.344929, 20.7216584859, 1657.46774215, 1.60857908847
1.80609411939, 1.21430025504, 1.04276656469, 0.837129208588, 5.10959630335, 0.748949719488, 5.31150318848, 0.908854447785, 0.983882828663, 2.53302366461, 5.09678350289, 0.993366360093, 3.77599857821, 1.01272802647, 1.09000060151, 1.00929574086, 1.01455522788, 1.20667995995, 5.89359194848, 1.01192544543, 0.928685323482, 299.251185566, 1.06020537997, 3.36748619387, 1.20380535038, 4.67411129454, 1.18747108431, 802.643560364, 39.2425529094, 9563.3348562, 0.268096514745
1.36081747004, 1.36282856095, 0.772899687507, 1.12367609396, 6.37923321922, 0.893823832347, 1.64234278071, 1.04115874964, 0.943538720475, 4.92270799623, 2.88547545498, 0.871720770807, 2.16373694984, 1.28595761966, 1.09000019963, 1.1020518026, 1.04454780148, 1.20933488212, 7.59016898572, 1.13908866128, 0.906116270204, 185.764506909, 1.09645982453, 3.11730043571, 1.00288555412, 4.83768172478, 1.24526909545, 1438.6981408, 32.5552334744, 9650.32185903, 0.268096514745
3.29654986076, 1.2700798847, 1.13425633454, 0.832329124267, 4.69876122958, 0.909822155639, 2.25533403804, 0.969100601371, 0.939120512035, 2.08783785028, 4.15399101083, 0.909366140168, 2.6703453637, 0.97549435783, 1.09000092379, 1.0881232943, 1.00231256513, 1.10775642458, 4.10707595189, 1.09611951668, 0.922835059523, 149.852475406, 0.967789496826, 5.34667909914, 1.20184729451, 3.47166183593, 1.02536480263, 1229.87120436, 44.3937498066, 1252.37168123, 0.804289544236
1.62350553769, 1.327932531, 0.936131886649, 1.01208143469, 1.6578549121, 0.891683350375, 2.43666936607, 0.886457577259, 0.917620898927, 5.20182794406, 7.24523910449, 0.947246592534, 3.30876128537, 1.14850603566, 1.0900000737, 1.05045056207, 1.01031776717, 0.948910561882, 6.13797345861, 0.923781214076, 0.8199885816, 198.213060497, 1.15854569796, 3.67219333639, 1.23774355715, 3.94336130772, 1.03700343239, 2335.27084045, 33.5773446664, 16176.2621572, 0.268096514745
3.97125421345, 1.20686819587, 0.741890467153, 1.0419412387, 3.61422466079, 0.76612710684, 4.89416693421, 1.09245926489, 0.968516578987, 3.45673212873, 2.79984601496, 0.825934211507, 4.58406714044, 1.11331885645, 1.09000036458, 1.06059288623, 1.00107011529, 0.810912557371, 5.48215234584, 1.02185813687, 0.786904297377, 158.740997883, 0.970025480891, 2.66920770203, 1.2133597168, 3.67416371515, 0.993006673019, 317.217419144, 21.3734966688, 2549.70298756, 2.68096514745
2.24331681204, 1.27569227183, 0.881124789538, 0.85470904312, 6.33073255052, 0.929066555017, 3.67171702201, 0.923159779124, 0.907570585673, 5.02414460122, 2.20075337342, 0.946776794452, 1.88586464135, 1.21610593402, 1.09000084818, 1.09051119979, 1.02522042111, 1.18099317576, 5.91815681563, 1.03910101355, 0.988453104399, 391.2464707, 0.965732647227, 3.78607310389, 1.04236033747, 4.67596403572, 1.23309178863, 561.034206803, 20.223436844, 17117.4321862, 2.68096514745
3.29654986076, 1.2700798847, 1.13425633454, 0.832329124267, 4.69876122958, 0.909822155639, 2.25533403804, 0.969100601371, 0.95144658823, 2.08783785028, 4.15399101083, 0.909366140168, 2.6703453637, 0.97549435783, 1.09000092379, 1.0881232943, 1.00231256513, 1.10775642458, 4.10707595189, 1.09611951668, 0.824183705417, 149.852475406, 0.967789496826, 5.34667909914, 1.20184729451, 3.47166183593, 1.02536480263, 332.325773762, 22.1715793862, 1628.52073974, 2.14477211796
4.01713183185, 1.15749139828, 0.87937003276, 0.958339164493, 2.90049643443, 0.71915579423, 4.94274327039, 0.956536032949, 0.963608309973, 4.99255857784, 2.31412676174, 0.876527638203, 3.35221083735, 0.887833858719, 1.09000083729, 1.03671403129, 1.01369539977, 1.06784714732, 7.55627573561, 0.953185027592, 0.913846579846, 19.7364107922, 1.12226319619, 5.86272618193, 1.17654720478, 2.09361268743, 1.27071017946, 522.301633457, 16.5800537416, 1342.44778594, 5.09383378016
1.7994309558, 1.04093647383, 1.11865068322, 0.98297654683, 2.34565346615, 0.870670685984, 4.30248454704, 1.09848927338, 0.940008857597, 4.52003965654, 5.56559108844, 0.905270919092, 1.79257474341, 0.865808839515, 1.09000029506, 1.05923479617, 1.03231189744, 0.89035482894, 9.48193527009, 1.03036094582, 0.836385356151, 102.037102058, 1.03623381495, 3.29662931351, 1.01228397379, 2.58129550721, 1.28424344223, 535.006886131, 20.2112488192, 3580.14795385, 3.21715817694
2.9020511305, 1.39152504323, 0.97948997306, 0.906583934626, 5.00140699895, 0.901338727974, 3.98070774623, 0.93660814938, 0.960387615488, 3.99802869553, 5.15344769863, 0.886975617725, 3.82045217604, 1.23768916182, 1.0900002678, 1.08989377923, 1.0107873985, 0.916985802174, 7.61656811599, 0.966255748955, 0.996671969535, 171.806778549, 1.15429039569, 2.14134498058, 1.07445139599, 5.42597742228, 0.920211057031, 529.843041639, 20.4162461083, 6738.32290406, 3.21715817694
3.35871878797, 1.35596149465, 0.816570955104, 0.968357164879, 2.05468246296, 0.982518727699, 4.62639957937, 1.01044495978, 0.902947829303, 5.38073835199, 6.07184329928, 1.07533173874, 2.71762748701, 1.26538898615, 1.09000083173, 1.07605685404, 1.03434315292, 1.20332976723, 6.19277193368, 1.01388117475, 0.887775490641, 389.158883235, 1.06020537997, 4.69704451608, 1.14371941706, 4.79877425669, 1.08706498228, 625.022271946, 17.8411609197, 11738.9883612, 4.28954423592
1.12595187198, 1.000848942, 0.906990721867, 1.09176845389, 4.44614421653, 0.811068244091, 5.6861487396, 0.986825736531, 0.962439505064, 5.86486781416, 4.24614229362, 0.885219654126, 4.67612590814, 0.836206481485, 1.0900007542, 1.00132523051, 1.0141255266, 0.903642176082, 7.90790630424, 1.17609435034, 0.803432384691, 363.647488435, 1.14765160466, 1.1341549055, 1.15657043523, 1.53108836744, 0.930413954876, 404.432076838, 24.0749452821, 4697.64134756, 1.07238605898
3.91542015971, 1.42053279915, 1.06805629811, 0.936269388626, 5.97561076857, 0.956556978969, 5.50889298546, 1.02037121981, 0.924292634608, 5.58248876091, 5.16300735158, 0.850070642926, 3.98809475153, 1.10278689768, 1.09000017383, 1.0793568067, 1.0392259317, 1.2289843691, 6.91192921983, 0.924449454589, 0.958415253787, 74.2127017684, 1.00971151858, 5.02524509543, 1.23070134013, 2.8933521472, 1.26149333368, 359.854364611, 31.1824857783, 1476.20578112, 1.87667560322
3.65538067671, 1.24986507189, 1.00196584376, 1.1425586638, 4.3887030873, 0.845992454117, 2.24644087277, 0.935890418391, 0.998859697475, 2.33267270261, 5.85612530405, 0.854565760876, 4.87288641929, 1.25027623836, 1.09000095526, 1.09843616058, 1.00598181594, 0.819433938388, 7.16282110993, 0.940549869442, 0.857540081808, 117.662244966, 1.09262456392, 2.10741762498, 1.18558439102, 2.46444471242, 1.02619329865, 167.394282496, 24.9712603464, 3963.36618675, 4.28954423592
1.80609411939, 1.21430025504, 1.16357448112, 0.927447375629, 5.10959630335, 0.748949719488, 5.31150318848, 0.908854447785, 0.983882828663, 2.53302366461, 5.09678350289, 0.812710022098, 3.77599857821, 1.01272802647, 1.09000053935, 1.00929574086, 1.01455522788, 1.20667995995, 5.89359194848, 1.01192544543, 0.928685323482, 299.251185566, 1.01166354262, 5.71456859781, 1.20380535038, 4.67411129454, 1.18747108431, 542.882607902, 17.6020912008, 4879.75106277, 6.16621983914
4.30971304181, 1.35674004806, 1.12567362306, 1.14643779014, 1.99898375125, 0.795401917492, 1.56158805346, 1.07750783246, 0.994820958941, 2.94875052987, 2.51798208763, 0.949430135973, 1.29957151787, 0.985410158175, 1.0900001882, 1.10918540214, 1.04954124114, 1.05564352309, 3.17334047634, 0.969432299187, 0.818708670712, 199.272447947, 1.03919660421, 5.46049475782, 1.2064171465, 4.13840435253, 1.22131776522, 577.047257361, 20.8012190497, 4216.06945576, 1.87667560322
2.9020511305, 1.39152504323, 0.97948997306, 0.977700978003, 5.00140699895, 0.91363204082, 3.98070774623, 0.864574988767, 0.960387615488, 3.99802869553, 7.66745887271, 0.886975617725, 3.82045217604, 1.23768916182, 1.0900002678, 1.08989377923, 1.0107873985, 0.916985802174, 7.61656811599, 0.966255748955, 0.996671969535, 171.806778549, 1.15429039569, 2.14134498058, 1.07445139599, 5.42597742228, 0.920211057031, 262.60763263, 27.3100510065, 1764.95508436, 2.68096514745
4.41792880056, 1.20637742053, 1.0311193034, 0.906583934626, 2.05346742254, 0.811260743552, 2.1358741929, 0.93660814938, 0.974719580007, 3.50545337496, 5.15344769863, 0.995990948719, 3.78283770634, 0.99028488508, 1.09000065287, 1.10532249738, 1.00455564734, 0.857599745372, 5.49478273875, 1.16740927386, 0.784269917189, 111.157904354, 0.964310765922, 4.22062234071, 1.23109808495, 4.72253971509, 1.17247837908, 695.853419297, 19.085102466, 3639.46460866, 2.68096514745
4.43674260982, 1.2067898052, 0.745934334202, 1.10215041482, 4.24157657785, 0.878606649008, 3.94097400796, 0.985780116616, 0.96855250273, 4.49095583544, 5.20720276687, 0.884904942675, 2.03535206766, 1.06086510417, 1.09000088212, 1.08996482856, 1.00505596832, 1.05616431835, 7.80703927432, 1.17855473662, 0.858930249077, 319.189634216, 0.9605183675, 5.93557341687, 1.11932067303, 3.45452910281, 0.938355235548, 3213.39411893, 43.0536773178, 25553.0026228, 0.268096514745
2.49935228527, 1.09632366286, 0.901621965329, 0.899772481148, 4.37700283161, 0.948312459204, 1.30898431794, 1.01161724074, 0.916981244389, 6.17800216063, 6.33654208834, 0.856744156563, 3.18102927785, 1.24256026932, 1.09000016834, 1.06502853288, 1.03858513355, 0.848988418889, 8.2742944227, 1.07008752226, 0.912167830405, 67.1137715202, 1.1779220794, 2.66809771985, 1.19943089459, 2.79958149707, 1.19766542178, 1466.54041293, 46.8359420219, 11476.7963739, 0.268096514745
5.33403436567, 1.41133080977, 0.739582118222, 0.817196843056, 4.724781055, 0.968367383758, 4.40356002962, 0.843970574331, 0.96820276822, 5.78609921799, 2.4784651439, 0.901285429132, 4.3471644339, 0.835908802099, 1.09000062863, 1.01200011937, 1.01765495131, 1.1273254475, 7.90202248148, 0.928694000094, 0.848537913528, 167.028071085, 0.955617178987, 4.56952668844, 1.00380659501, 1.02606534928, 0.933033925957, 216.09939465, 25.6586032592, 3574.10505343, 3.21715817694
1.45604722776, 1.21950202983, 1.12567362306, 1.14643779014, 1.99898375125, 0.795401917492, 1.56158805346, 1.07750783246, 0.994820958941, 3.86864611299, 2.51798208763, 0.949430135973, 1.29957151787, 1.12952194263, 1.0900001882, 1.10918540214, 1.04954124114, 1.08224048111, 3.17334047634, 1.04315888482, 0.818708670712, 24.3646779334, 1.10060993907, 5.46049475782, 1.10673745951, 4.13840435253, 1.22131776522, 786.248731592, 19.1666235007, 1888.76438975, 3.75335120643
4.30971304181, 1.01350834558, 1.14823953089, 1.14643779014, 1.99898375125, 0.872994147409, 1.56158805346, 1.07750783246, 0.994820958941, 2.94875052987, 2.51798208763, 0.949430135973, 1.29957151787, 0.985410158175, 1.0900001882, 1.10918540214, 1.04954124114, 1.05564352309, 3.17334047634, 1.01782032282, 0.818708670712, 199.272447947, 1.03919660421, 5.46049475782, 1.2064171465, 4.13840435253, 0.978908610808, 484.692866211, 34.3217428483, 5423.00430646, 0.536193029491
2.97717979116, 1.03231300725, 1.14892276055, 1.13926440048, 6.27339846586, 0.945715321764, 1.41535200004, 0.886467358872, 0.969105619566, 1.75976612461, 1.58224221518, 0.825226954272, 4.23464265902, 1.15010511716, 1.09000054798, 1.10657724215, 1.03504976814, 0.856499684156, 9.20724512046, 1.15412004447, 0.984755447151, 169.837392341, 1.02317570071, 5.08476145741, 0.976143063651, 4.5686118957, 0.945268355773, 663.038036465, 18.5075642431, 6070.6188641, 4.82573726542
5.11421199861, 1.410875619, 1.16460174132, 1.12762177659, 2.41988055155, 0.735723375815, 5.2439926133, 1.01625970863, 0.979750234663, 2.71031742458, 4.87087712158, 0.981235273822, 2.17804184291, 0.865763135453, 1.09000039606, 1.10931567423, 1.00457016376, 1.0291365805, 6.56137486567, 1.16163195848, 0.843293226717, 322.403026304, 1.1716252422, 3.66860562103, 1.12517153313, 2.9810452856, 0.907943213175, 5771.77842134, 69.5204245145, 25379.4492122, 0.268096514745
4.25265688911, 1.08881527491, 1.10751714565, 1.20789780491, 3.88217238737, 0.990795710155, 2.68257992973, 0.857513443568, 0.980654690697, 2.95821610011, 2.13011468499, 1.05367293976, 2.76238188619, 1.05351074168, 1.09000059071, 1.04022657281, 1.0033453445, 1.20512341247, 7.26605562775, 1.07042091028, 0.896301439134, 372.056440101, 0.980652059036, 1.41032040333, 1.03929746375, 3.60450398279, 1.18315500416, 540.183930164, 20.8413987499, 8989.24914063, 3.21715817694
1.45604722776, 1.328034614, 1.02558171213, 1.07068685057, 2.94033082714, 0.993541297284, 1.01220715921, 0.959506359367, 0.943323283674, 3.05320164916, 7.02022620531, 1.00638159209, 4.74210826487, 1.12952194263, 1.09000094105, 1.01533395133, 1.00944663129, 0.817574770513, 7.98765518454, 1.04315888482, 0.831276312972, 125.032773021, 1.10060993907, 4.66278005688, 1.10673745951, 3.00965979754, 1.13519569159, 5450.18999646, 73.8353951408, 29345.5445033, 0.268096514745
2.1359400484, 1.16716121431, 1.06983457973, 1.18170881661, 2.9446752236, 0.784583304873, 2.7695577745, 0.877822821374, 0.992316500447, 4.28507358716, 2.8160859398, 0.925413784056, 3.55364922176, 1.0108905872, 1.09000002374, 1.04961752208, 1.02417951544, 1.10383057991, 5.78338409737, 0.964645925583, 0.855535547997, 289.872844572, 1.06594174625, 3.18165101004, 1.18892470682, 2.61726799856, 1.21799951317, 466.4994435, 32.1008440069, 1800.57112452, 1.34048257373
4.29446839466, 1.01350834558, 1.12049642695, 0.802957890944, 6.26423338065, 0.730778921053, 3.75075102809, 0.901634468424, 0.924414881769, 6.00133788216, 1.69516807677, 0.831545139007, 4.95184927387, 1.21670850997, 1.0900001456, 1.01949293062, 1.02351883905, 0.95132531158, 8.57331485006, 0.98887236384, 0.815832938311, 218.963507424, 0.932906731885, 3.79250418715, 1.15917100632, 1.46874995665, 0.978908610808, 685.232340904, 18.7254404559, 5669.33059996, 6.70241286863
4.0556895293, 1.36577626638, 0.798169691923, 1.08508339723, 4.88284433934, 0.946273327452, 2.57260089775, 0.893336081293, 0.93084201524, 1.70342836083, 2.03791435647, 0.95911757377, 3.68993809093, 1.13746422029, 1.09000091782, 1.03851037162, 1.04019935388, 0.822972223068, 5.78743669284, 0.951625608162, 0.807176643761, 298.983931211, 1.07228505444, 1.29897360564, 1.10477024365, 4.13991163578, 1.01072456007, 394.186801022, 32.3296117281, 2292.31486073, 1.87667560322
3.35871878797, 1.11480638238, 0.816570955104, 0.85470904312, 4.36752671973, 0.929066555017, 4.62639957937, 1.01755882259, 0.902947829303, 4.8429135561, 6.07184329928, 1.09065712319, 1.86453856903, 1.26538898615, 1.09000086538, 1.07605685404, 1.03434315292, 1.2275267611, 6.19277193368, 1.01388117475, 0.887775490641, 206.003737393, 1.06020537997, 4.69704451608, 1.19492158667, 2.09361268743, 1.08706498228, 1588.58888289, 33.8839418441, 1897.10009275, 0.804289544236
5.57767953579, 1.327932531, 0.936131886649, 1.01208143469, 1.6578549121, 0.891683350375, 2.43666936607, 0.886457577259, 0.917620898927, 5.20182794406, 6.03620302237, 0.947246592534, 3.30876128537, 1.01272802647, 1.09000053935, 1.05045056207, 1.01031776717, 0.948910561882, 6.70588847485, 0.923781214076, 0.8199885816, 198.213060497, 1.15854569796, 4.0868918155, 1.23774355715, 3.94336130772, 1.03700343239, 1475.23084581, 28.0063761978, 10204.2481143, 0.536193029491
2.44537225838, 1.09264255022, 0.975213542442, 0.96723102595, 2.88688405811, 0.821375985015, 2.37923052115, 0.845539934723, 0.937064212728, 5.91707749774, 7.64889604436, 0.992634690498, 1.0682866452, 1.01945699383, 1.09000006276, 1.00379435902, 1.00256397521, 0.882387633015, 9.38951452516, 1.11533919136, 0.932141921503, 247.121406429, 0.970189252784, 3.44973030339, 1.12878270284, 1.31920813961, 0.928518364799, 1529.78506909, 28.7944029136, 11473.0508201, 0.536193029491
2.17886157481, 1.31166970525, 0.952300347231, 0.928995994583, 1.86402034969, 0.767476077686, 3.52024866227, 0.905609284939, 0.975436896247, 6.08018289108, 6.41317517782, 1.00099801489, 3.94851023497, 1.01014315242, 1.09000026914, 1.04111289394, 1.02478971109, 1.0970933825, 8.01482174381, 0.91497792849, 0.944945807539, 277.839315884, 1.10383746154, 3.18165101004, 1.12900146874, 4.44079365388, 1.16317623425, 706.448835702, 22.3466183255, 2204.59845374, 2.41286863271
2.17886157481, 1.31166970525, 0.840109645853, 0.928995994583, 1.86402034969, 0.767476077686, 1.87837791205, 0.845567915796, 0.975436896247, 6.08018289108, 6.41317517782, 0.813756055215, 3.94851023497, 1.01014315242, 1.09000026914, 1.04111289394, 1.02478971109, 0.843606363858, 7.40865406604, 0.91497792849, 0.944945807539, 277.839315884, 1.11190462162, 5.98658664653, 1.12900146874, 4.46713790248, 1.16317623425, 1157.26639783, 25.2165980645, 1659.99410259, 1.87667560322
3.35871878797, 1.11480638238, 0.816570955104, 0.85470904312, 4.36752671973, 0.929066555017, 4.62639957937, 1.01755882259, 0.902947829303, 4.8429135561, 6.07184329928, 1.09065712319, 2.71762748701, 1.26538898615, 1.09000083173, 1.07605685404, 1.03434315292, 1.2275267611, 6.19277193368, 1.01388117475, 0.887775490641, 206.003737393, 1.06020537997, 4.69704451608, 1.19492158667, 2.09361268743, 1.08706498228, 1104.46010744, 24.7071812489, 1882.9200405, 1.60857908847
1.91870251214, 1.41775625387, 0.7732930816, 0.97454724324, 1.88317011814, 0.85041010616, 3.34491187345, 0.961467414238, 0.943909851957, 3.6908401574, 2.13131748873, 0.940797587023, 2.93604647609, 1.09312801852, 1.09000053084, 1.0991502605, 1.00597016752, 1.01816988445, 9.53445631192, 1.0129408039, 0.814945917786, 43.0262508868, 1.03004434991, 3.05838359201, 1.11969485631, 4.38205002724, 0.878036006401, 645.113341599, 21.8141144813, 2663.98203456, 3.21715817694
4.21247702653, 1.39217182507, 1.05733466327, 1.07398540752, 4.16600535589, 0.787331721805, 1.18050095119, 0.820881938182, 0.939745836871, 5.24040205132, 3.05231710787, 0.832036538402, 4.72975780809, 1.05310936416, 1.09000098598, 1.09534469746, 1.04353381739, 1.14458412046, 8.86205848438, 1.16482689846, 0.83924440102, 97.0873338773, 1.11686081607, 2.64222028302, 1.18531894628, 1.28221160594, 0.921953933813, 927.036964681, 20.0025397208, 6943.87226052, 8.3109919571
4.21247702653, 1.28663335249, 1.0543781866, 1.0881286718, 7.04095718551, 0.83670573057, 1.92183676839, 0.930836838393, 0.912144419015, 1.57162807548, 2.17055416058, 0.996370516944, 1.88405691207, 1.01191927943, 1.09000004414, 1.00178497365, 1.01997669675, 1.02796270057, 5.16816073711, 0.922876550955, 0.845357280167, 274.697332371, 0.916251387788, 3.2267429613, 1.19004877531, 3.53305587994, 1.0774370216, 633.386242644, 21.4596991223, 4616.63320024, 3.75335120643
1.66607860506, 1.39217182507, 1.05733466327, 1.07398540752, 4.16600535589, 0.787331721805, 1.18050095119, 0.820881938182, 0.939745836871, 5.24040205132, 3.05231710787, 0.910191371255, 4.72975780809, 1.05310936416, 1.09000098598, 1.09534469746, 1.04353381739, 1.14458412046, 8.86205848438, 1.16482689846, 0.83924440102, 97.0873338773, 1.11686081607, 2.64222028302, 1.18531894628, 1.28221160594, 0.921953933813, 1111.63413358, 30.3799296959, 3073.35598514, 0.804289544236
5.46388850423, 1.18128984463, 0.780890536541, 1.21870970182, 5.8241500296, 0.811702864449, 2.29238088243, 1.0651436691, 0.958754445743, 3.23413479036, 3.3894645519, 1.02813733273, 1.48776390411, 0.886222549276, 1.09000019121, 1.07773396284, 1.04899392992, 0.901472790698, 3.51985049201, 0.98434061581, 0.765415093399, 65.6255870726, 1.14744746726, 4.13204188944, 1.15192492244, 5.29840883832, 1.19148676711, 565.204973118, 21.5984434968, 5470.07808999, 3.75335120643
