0.0, 2.0, 3.0, 3.0, 2.0, -1.0, 1.0, 3.0, 3.0, -1.0, 2.0, 1.0, 3.0, 0.0, 2.0, 1.0, 2.0, -1.0, 1.0, 0.0, 3.0, 0.0, 3.0, 3.0, -1.0, 1.0, 0.0, 1.0, 2.0, -1.0, 2.0, 1.0, -1.0, 2.0, -1.0, 3.0, 0.0, -1.0, 0.0, 3.0, 3.0, 2.0, 2.0, 1.0, 1.0, 2.0, 0.0, 0.0, -1.0, 0.0, 97070.0, 600.0, 99444.0
2.0, 3.0, -1.0, 2.0, 1.0, 0.0, 1.0, 0.0, 2.0, 0.0, 1.0, 0.0, 1.0, 1.0, -1.0, 0.0, 1.0, 0.0, 2.0, -1.0, 0.0, 1.0, 2.0, -1.0, 3.0, 3.0, -1.0, 1.0, 0.0, 3.0, 1.0, 2.0, -1.0, 2.0, 0.0, 0.0, 1.0, -1.0, 1.0, 2.0, 0.0, 3.0, -1.0, 1.0, 2.0, 2.0, 3.0, 3.0, 2.0, 2.0, 97009.0, 604.0, 99430.0
1.0, 0.0, -1.0, -1.0, -1.0, 0.0, -1.0, -1.0, -1.0, -1.0, 3.0, 0.0, 3.0, 2.0, -1.0, -1.0, 0.0, 3.0, 1.0, 2.0, 0.0, 0.0, 3.0, 3.0, 1.0, 2.0, -1.0, 1.0, 0.0, -1.0, 0.0, 2.0, 3.0, 2.0, 0.0, 0.0, 2.0, 2.0, 2.0, 2.0, -1.0, 2.0, -1.0, -1.0, 2.0, 1.0, 1.0, 3.0, 0.0, 1.0, 97428.0, 518.0, 99513.0
0.0, 2.0, -1.0, 3.0, 2.0, -1.0, 1.0, 3.0, 3.0, -1.0, 2.0, 1.0, 3.0, 0.0, 2.0, 1.0, 2.0, -1.0, 1.0, 0.0, 3.0, 0.0, 3.0, 3.0, -1.0, 1.0, 0.0, 1.0, 2.0, -1.0, 2.0, 1.0, -1.0, 2.0, -1.0, 3.0, 1.0, -1.0, 0.0, 3.0, 3.0, 2.0, 3.0, 1.0, 1.0, 2.0, 1.0, 0.0, -1.0, 0.0, 97179.0, 581.0, 99453.0
1.0, 0.0, -1.0, -1.0, 2.0, 1.0, -1.0, -1.0, -1.0, -1.0, 0.0, 0.0, 3.0, 0.0, -1.0, -1.0, 0.0, 3.0, 1.0, 2.0, 0.0, 0.0, 3.0, -1.0, 1.0, 2.0, -1.0, 1.0, 0.0, -1.0, 0.0, 2.0, 3.0, 2.0, 0.0, 0.0, 2.0, 2.0, 2.0, 2.0, 1.0, 2.0, 1.0, 0.0, 2.0, 1.0, 1.0, 3.0, 0.0, 1.0, 97042.0, 555.0, 99471.0
1.0, 2.0, 2.0, 0.0, 2.0, -1.0, 2.0, 0.0, -1.0, 1.0, 0.0, 1.0, -1.0, -1.0, -1.0, 0.0, 2.0, -1.0, -1.0, 3.0, -1.0, 0.0, -1.0, -1.0, 1.0, -1.0, -1.0, -1.0, 2.0, 1.0, -1.0, 1.0, -1.0, -1.0, 2.0, 0.0, 1.0, 2.0, 1.0, 2.0, 0.0, 0.0, 3.0, -1.0, 2.0, 0.0, 1.0, 0.0, 1.0, -1.0, 97252.0, 475.0, 99556.0
-1.0, 3.0, 2.0, -1.0, 0.0, 2.0, 2.0, 2.0, 1.0, 1.0, 1.0, 1.0, 0.0, -1.0, -1.0, 1.0, 3.0, 1.0, 3.0, -1.0, 3.0, -1.0, 2.0, -1.0, -1.0, 2.0, 2.0, -1.0, 0.0, -1.0, 1.0, -1.0, 1.0, 1.0, 1.0, 0.0, 0.0, 3.0, -1.0, 1.0, -1.0, 2.0, 3.0, 0.0, 3.0, 0.0, 0.0, 0.0, 3.0, 3.0, 97266.0, 527.0, 99509.0
0.0, 2.0, 3.0, 3.0, 2.0, -1.0, 1.0, 3.0, -1.0, -1.0, 2.0, 1.0, 3.0, 0.0, 2.0, 1.0, 2.0, -1.0, 1.0, 0.0, 3.0, 0.0, 3.0, 3.0, -1.0, 1.0, 0.0, 1.0, 2.0, -1.0, 2.0, 1.0, -1.0, 2.0, -1.0, 3.0, 0.0, -1.0, 0.0, 3.0, 3.0, 2.0, 2.0, 1.0, 1.0, 2.0, 0.0, 0.0, -1.0, 0.0, 97085.0, 589.0, 99453.0
0.0, 2.0, -1.0, 3.0, 2.0, -1.0, 1.0, 3.0, 3.0, -1.0, 2.0, 1.0, 3.0, 0.0, 2.0, 1.0, 2.0, -1.0, 1.0, 0.0, 3.0, 0.0, 3.0, 3.0, -1.0, 1.0, 0.0, 1.0, 2.0, -1.0, 2.0, 1.0, -1.0, 2.0, -1.0, 3.0, 1.0, -1.0, 0.0, 3.0, 3.0, 2.0, 3.0, 1.0, 1.0, 2.0, 1.0, 0.0, -1.0, 0.0, 97179.0, 581.0, 99453.0
0.0, 2.0, 3.0, 3.0, 2.0, -1.0, 1.0, 3.0, 3.0, -1.0, 2.0, 1.0, 3.0, 0.0, 2.0, 1.0, 2.0, -1.0, 1.0, 0.0, 3.0, 0.0, 3.0, 3.0, -1.0, 1.0, 0.0, 1.0, 2.0, -1.0, 2.0, 1.0, -1.0, 2.0, -1.0, 3.0, 0.0, -1.0, 0.0, 3.0, 3.0, 2.0, 2.0, 1.0, 1.0, 2.0, 0.0, 0.0, -1.0, 0.0, 97070.0, 600.0, 99444.0
1.0, 2.0, 2.0, 0.0, 2.0, -1.0, -1.0, 0.0, -1.0, 1.0, 0.0, 1.0, -1.0, -1.0, -1.0, 0.0, 2.0, -1.0, -1.0, 3.0, -1.0, 0.0, -1.0, -1.0, 1.0, -1.0, -1.0, -1.0, 2.0, -1.0, -1.0, 1.0, -1.0, -1.0, 2.0, 0.0, 1.0, 2.0, 1.0, 0.0, 0.0, 0.0, 3.0, -1.0, 3.0, 0.0, 1.0, 0.0, 1.0, -1.0, 97289.0, 441.0, 99577.0
1.0, 0.0, -1.0, -1.0, -1.0, 0.0, -1.0, -1.0, -1.0, -1.0, 3.0, 0.0, 3.0, 2.0, -1.0, -1.0, 0.0, 3.0, 1.0, 2.0, 0.0, 0.0, 3.0, 3.0, 1.0, 2.0, -1.0, 1.0, 0.0, -1.0, 0.0, 2.0, 3.0, 2.0, 0.0, 0.0, 2.0, 2.0, 2.0, 2.0, -1.0, 2.0, -1.0, -1.0, 2.0, 1.0, 1.0, 3.0, 0.0, 1.0, 97428.0, 518.0, 99513.0
-1.0, 2.0, 2.0, -1.0, 0.0, 2.0, -1.0, 2.0, 1.0, 1.0, 1.0, 1.0, 0.0, -1.0, -1.0, 0.0, 3.0, 1.0, 1.0, -1.0, 3.0, -1.0, 2.0, -1.0, -1.0, 2.0, 2.0, -1.0, 0.0, -1.0, 1.0, -1.0, 1.0, 1.0, 1.0, 0.0, 0.0, 3.0, 0.0, 1.0, 0.0, 2.0, 3.0, -1.0, 3.0, 0.0, 0.0, 0.0, 3.0, 3.0, 97005.0, 528.0, 99496.0
1.0, 0.0, -1.0, -1.0, -1.0, 0.0, -1.0, -1.0, -1.0, -1.0, 2.0, 0.0, 3.0, 2.0, -1.0, -1.0, 0.0, 3.0, 1.0, 2.0, 0.0, 0.0, 3.0, 3.0, 1.0, -1.0, -1.0, 1.0, 0.0, -1.0, 0.0, 2.0, 3.0, 2.0, 0.0, 0.0, 1.0, 2.0, 2.0, 2.0, -1.0, 2.0, -1.0, 0.0, 2.0, 1.0, 1.0, 3.0, 2.0, 1.0, 97391.0, 516.0, 99515.0
1.0, 2.0, 2.0, 0.0, 2.0, -1.0, 2.0, 0.0, -1.0, 1.0, 0.0, 1.0, -1.0, -1.0, -1.0, 0.0, 2.0, -1.0, -1.0, 3.0, -1.0, 0.0, -1.0, -1.0, 1.0, -1.0, -1.0, -1.0, 2.0, 1.0, -1.0, 1.0, -1.0, -1.0, 2.0, 0.0, 1.0, 2.0, 1.0, 2.0, 0.0, 0.0, 3.0, -1.0, 2.0, 0.0, 1.0, 0.0, 1.0, -1.0, 97252.0, 475.0, 99556.0
1.0, 0.0, -1.0, -1.0, 2.0, 1.0, -1.0, -1.0, -1.0, -1.0, 0.0, 0.0, 3.0, 0.0, -1.0, -1.0, 0.0, 3.0, 1.0, 2.0, 0.0, 0.0, 3.0, -1.0, 1.0, 2.0, -1.0, 1.0, 0.0, -1.0, 0.0, 2.0, 3.0, 2.0, 0.0, 0.0, 2.0, 2.0, 2.0, 2.0, 1.0, 2.0, 1.0, 0.0, 2.0, 1.0, 1.0, 3.0, 0.0, 1.0, 97042.0, 555.0, 99471.0
1.0, 2.0, 2.0, 0.0, 2.0, -1.0, 2.0, 0.0, -1.0, 1.0, 0.0, 1.0, -1.0, -1.0, -1.0, 0.0, 2.0, -1.0, -1.0, 3.0, -1.0, 3.0, -1.0, -1.0, -1.0, -1.0, -1.0, -1.0, 2.0, 1.0, 0.0, 1.0, -1.0, -1.0, 2.0, 0.0, 1.0, 2.0, 1.0, 2.0, 0.0, 0.0, 3.0, -1.0, 2.0, 0.0, 1.0, 0.0, 1.0, -1.0, 97318.0, 467.0, 99552.0
-1.0, 3.0, 2.0, -1.0, 0.0, 2.0, 2.0, 2.0, 1.0, 1.0, 1.0, 1.0, 0.0, -1.0, -1.0, 1.0, 3.0, 1.0, 3.0, -1.0, 3.0, -1.0, 2.0, -1.0, -1.0, 2.0, 2.0, -1.0, 0.0, -1.0, 1.0, -1.0, 1.0, 1.0, 1.0, 0.0, 0.0, 3.0, -1.0, 1.0, -1.0, 2.0, 3.0, 0.0, 3.0, 0.0, 0.0, 0.0, 3.0, 3.0, 97266.0, 527.0, 99509.0
0.0, 2.0, 3.0, 3.0, 2.0, -1.0, 1.0, 3.0, -1.0, -1.0, 2.0, 1.0, 3.0, 0.0, 2.0, 1.0, 2.0, -1.0, 1.0, 0.0, 3.0, 0.0, 3.0, 3.0, -1.0, 1.0, 0.0, 1.0, 2.0, -1.0, 2.0, 1.0, -1.0, 2.0, -1.0, 3.0, 0.0, -1.0, 0.0, 3.0, 3.0, 2.0, 2.0, 1.0, 1.0, 2.0, 0.0, 0.0, -1.0, 0.0, 97085.0, 589.0, 99453.0
