3.94000087779, 1.00000098959, 1.45312276619, 1.0604691071, 4.08330019819, 0.717509217786, 2.52641973023, 1.06367122085, 0.911732806938, 2.6689464997, 5.16811002483, 1.16401624386, 4.00152255578, 1.11667038847, 1.09000067854, 1.06232781587, 1.03030923116, 0.951909816989, 4.5239690969, 1.11595015115, 0.855015632065, 717.890295577, 1.02410158128, 2.94135321125, 1.23024430266, 5.20256933983, 1.29748173312, 1164.23056509, 21.5495130944, 588.223018995, 2.14477211796
4.90725910642, 1.00000003853, 1.46743260093, 0.843985579372, 3.84642811713, 0.978596959612, 5.84515187957, 1.00478202668, 0.997996039818, 4.45078433258, 5.91367295486, 1.124295385, 3.58406453866, 1.27561738144, 1.09000000791, 1.09085350001, 1.04726477611, 0.847603541724, 3.66151575974, 0.976153346257, 0.816181841115, 232.200869867, 1.10700413988, 1.77724394493, 1.21465820321, 1.81058345803, 1.01781978666, 148.769776658, 11.46015811, 1820.17667925, 3.21715817694
5.75148536727, 1.00000036316, 1.38424367047, 1.08528027192, 2.13477502662, 0.964382239655, 1.2481668041, 1.00562232478, 0.965000541764, 3.20174934759, 5.68653446642, 1.08685845578, 4.05461530642, 0.912635120293, 1.09000032089, 1.06675557301, 1.02134997473, 1.01936060169, 9.7660308, 0.932767898833, 0.85218304055, 503.658332178, 0.973318568136, 2.78578062351, 1.21608243052, 1.02941767715, 0.999412865155, 3559.6711952, 36.3779997238, 24989.2332874, 1.87667560322
3.90889467035, 1.00000020338, 1.48590352354, 0.969267545265, 6.06320053673, 0.840800280945, 1.55908490659, 1.10934528339, 0.958359480558, 5.17193260633, 5.65258410544, 1.06247625265, 4.70055977738, 1.17875094558, 1.09000022912, 1.09964399957, 1.0243100731, 1.18251131664, 9.7734190334, 1.0863744582, 0.837163421569, 141.798984599, 1.10747919809, 5.30451251422, 1.05602486777, 2.79493535104, 1.10941429328, 819.189955908, 38.1600133406, 7500.88041278, 1.87667560322
3.90889467035, 1.00000020338, 1.53878125321, 0.96611966675, 5.96136726856, 0.840800280945, 4.87704171356, 1.10934880582, 0.908554788312, 5.17246659856, 4.93837773067, 1.20725132412, 4.79119708797, 1.17875094558, 1.09000022896, 1.05324638518, 1.01325164103, 1.18251131664, 8.54741377214, 1.09072868984, 0.824341888129, 814.299888812, 1.10747919809, 5.37329227485, 1.05559193363, 2.79493535104, 1.26529449086, 54.1530595922, 10.1593708288, 69.6081355289, 2.68096514745
3.90889467035, 1.00000020338, 1.53878125321, 0.96611966675, 5.96136726856, 0.840800280945, 4.87704171356, 1.10934880582, 0.908554788312, 5.17246659856, 4.93837773067, 1.20725132412, 4.79119708797, 1.17875094558, 1.09000022896, 1.05324638518, 1.01325164103, 1.18251131664, 8.54741377214, 1.09072868984, 0.824341888129, 814.299888812, 1.10747919809, 5.37329227485, 1.05559193363, 2.79493535104, 1.26529449086, 54.1530595922, 10.1593708288, 69.6081355289, 2.68096514745
3.90889467035, 1.00000020338, 1.53878125321, 0.96611966675, 5.96136726856, 0.840800280945, 4.87704171356, 1.10934880582, 0.908554788312, 5.17246659856, 4.93837773067, 1.20725132412, 4.79119708797, 1.17875094558, 1.09000022896, 1.05324638518, 1.01325164103, 1.18251131664, 8.54741377214, 1.09072868984, 0.824341888129, 814.299888812, 1.10747919809, 5.37329227485, 1.05559193363, 2.79493535104, 1.26529449086, 54.1530595922, 10.1593708288, 69.6081355289, 2.68096514745
3.90889467035, 1.00000020338, 1.53878125321, 0.96611966675, 5.96136726856, 0.840800280945, 4.87704171356, 1.10934880582, 0.908554788312, 5.17246659856, 4.93837773067, 1.20725132412, 4.79119708797, 1.17875094558, 1.09000022896, 1.05324638518, 1.01325164103, 1.18251131664, 8.54741377214, 1.09072868984, 0.824341888129, 814.299888812, 1.10747919809, 5.37329227485, 1.05559193363, 2.79493535104, 1.26529449086, 54.1530595922, 10.1593708288, 69.6081355289, 2.68096514745
3.90889467035, 1.00000020338, 1.53878125321, 0.96611966675, 5.96136726856, 0.840800280945, 4.87704171356, 1.10934880582, 0.908554788312, 5.17246659856, 4.93837773067, 1.20725132412, 4.79119708797, 1.17875094558, 1.09000022896, 1.05324638518, 1.01325164103, 1.18251131664, 8.54741377214, 1.09072868984, 0.824341888129, 814.299888812, 1.10747919809, 5.37329227485, 1.05559193363, 2.79493535104, 1.26529449086, 54.1530595922, 10.1593708288, 69.6081355289, 2.68096514745
3.90889467035, 1.00000020338, 1.53878125321, 0.96611966675, 5.96136726856, 0.840800280945, 4.87704171356, 1.10934880582, 0.908554788312, 5.17246659856, 4.93837773067, 1.20725132412, 4.79119708797, 1.17875094558, 1.09000022896, 1.05324638518, 1.01325164103, 1.18251131664, 8.54741377214, 1.09072868984, 0.824341888129, 814.299888812, 1.10747919809, 5.37329227485, 1.05559193363, 2.79493535104, 1.26529449086, 54.1530595922, 10.1593708288, 69.6081355289, 2.68096514745
3.90889467035, 1.00000020338, 1.53878125321, 0.96611966675, 5.96136726856, 0.840800280945, 4.87704171356, 1.10934880582, 0.908554788312, 5.17246659856, 4.93837773067, 1.20725132412, 4.79119708797, 1.17875094558, 1.09000022896, 1.05324638518, 1.01325164103, 1.18251131664, 8.54741377214, 1.09072868984, 0.824341888129, 814.299888812, 1.10747919809, 5.37329227485, 1.05559193363, 2.79493535104, 1.26529449086, 54.1530595922, 10.1593708288, 69.6081355289, 2.68096514745
3.90889467035, 1.00000020338, 1.53878125321, 0.96611966675, 5.96136726856, 0.840800280945, 4.87704171356, 1.10934880582, 0.908554788312, 5.17246659856, 4.93837773067, 1.20725132412, 4.79119708797, 1.17875094558, 1.09000022896, 1.05324638518, 1.01325164103, 1.18251131664, 8.54741377214, 1.09072868984, 0.824341888129, 814.299888812, 1.10747919809, 5.37329227485, 1.05559193363, 2.79493535104, 1.26529449086, 54.1530595922, 10.1593708288, 69.6081355289, 2.68096514745
3.90889467035, 1.00000020338, 1.53878125321, 0.96611966675, 5.96136726856, 0.840800280945, 4.87704171356, 1.10934880582, 0.908554788312, 5.17246659856, 4.93837773067, 1.20725132412, 4.79119708797, 1.17875094558, 1.09000022896, 1.05324638518, 1.01325164103, 1.18251131664, 8.54741377214, 1.09072868984, 0.824341888129, 814.299888812, 1.10747919809, 5.37329227485, 1.05559193363, 2.79493535104, 1.26529449086, 54.1530595922, 10.1593708288, 69.6081355289, 2.68096514745
3.90889467035, 1.00000020338, 1.53878125321, 0.96611966675, 5.96136726856, 0.840800280945, 4.87704171356, 1.10934880582, 0.908554788312, 5.17246659856, 4.93837773067, 1.20725132412, 4.79119708797, 1.17875094558, 1.09000022896, 1.05324638518, 1.01325164103, 1.18251131664, 8.54741377214, 1.09072868984, 0.824341888129, 814.299888812, 1.10747919809, 5.37329227485, 1.05559193363, 2.79493535104, 1.26529449086, 54.1530595922, 10.1593708288, 69.6081355289, 2.68096514745
3.90889467035, 1.00000020338, 1.53878125321, 0.96611966675, 5.96136726856, 0.840800280945, 4.87704171356, 1.10934880582, 0.908554788312, 5.17246659856, 4.93837773067, 1.20725132412, 4.79119708797, 1.17875094558, 1.09000022896, 1.05324638518, 1.01325164103, 1.18251131664, 8.54741377214, 1.09072868984, 0.824341888129, 814.299888812, 1.10747919809, 5.37329227485, 1.05559193363, 2.79493535104, 1.26529449086, 54.1530595922, 10.1593708288, 69.6081355289, 2.68096514745
3.90889467035, 1.00000020338, 1.53878125321, 0.96611966675, 5.96136726856, 0.840800280945, 4.87704171356, 1.10934880582, 0.908554788312, 5.17246659856, 4.93837773067, 1.20725132412, 4.79119708797, 1.17875094558, 1.09000022896, 1.05324638518, 1.01325164103, 1.18251131664, 8.54741377214, 1.09072868984, 0.824341888129, 814.299888812, 1.10747919809, 5.37329227485, 1.05559193363, 2.79493535104, 1.26529449086, 54.1530595922, 10.1593708288, 69.6081355289, 2.68096514745
3.90889467035, 1.00000020338, 1.53878125321, 0.96611966675, 5.96136726856, 0.840800280945, 4.87704171356, 1.10934880582, 0.908554788312, 5.17246659856, 4.93837773067, 1.20725132412, 4.79119708797, 1.17875094558, 1.09000022896, 1.05324638518, 1.01325164103, 1.18251131664, 8.54741377214, 1.09072868984, 0.824341888129, 814.299888812, 1.10747919809, 5.37329227485, 1.05559193363, 2.79493535104, 1.26529449086, 54.1530595922, 10.1593708288, 69.6081355289, 2.68096514745
3.90889467035, 1.00000020338, 1.53878125321, 0.96611966675, 5.96136726856, 0.840800280945, 4.87704171356, 1.10934880582, 0.916754872536, 3.32250409673, 4.9106152241, 1.20801755574, 1.89045317662, 1.17768340807, 1.09000022896, 1.05324638518, 1.01325164103, 1.18251131664, 5.67793619654, 1.09461078534, 0.824341888129, 814.299888812, 1.14363372558, 5.26870647859, 1.05559193363, 1.11711154173, 1.26529449086, 100.675927721, 10.571313313, 410.761313983, 3.21715817694
3.90889467035, 1.00000020338, 1.53878125321, 0.96611966675, 5.96136726856, 0.840800280945, 4.87704171356, 1.10934880582, 0.916754872536, 3.32250409673, 4.9106152241, 1.20801755574, 1.89045317662, 1.17768340807, 1.09000022896, 1.05324638518, 1.01325164103, 1.18251131664, 5.67793619654, 1.09461078534, 0.824341888129, 814.299888812, 1.14363372558, 5.26870647859, 1.05559193363, 1.11711154173, 1.26529449086, 100.675927721, 10.571313313, 410.761313983, 3.21715817694
3.90889467035, 1.00000020338, 1.53878125321, 0.96611966675, 5.96136726856, 0.840800280945, 4.87704171356, 1.10934880582, 0.916754872536, 3.32250409673, 4.9106152241, 1.20801755574, 1.89045317662, 1.17768340807, 1.09000022896, 1.05324638518, 1.01325164103, 1.18251131664, 5.67793619654, 1.09461078534, 0.824341888129, 814.299888812, 1.14363372558, 5.26870647859, 1.05559193363, 1.11711154173, 1.26529449086, 100.675927721, 10.571313313, 410.761313983, 3.21715817694
3.90889467035, 1.00000020338, 1.53878125321, 0.96611966675, 5.96136726856, 0.840800280945, 4.87704171356, 1.10934880582, 0.916754872536, 3.32250409673, 4.9106152241, 1.20801755574, 1.89045317662, 1.17768340807, 1.09000022896, 1.05324638518, 1.01325164103, 1.18251131664, 5.67793619654, 1.09461078534, 0.824341888129, 814.299888812, 1.14363372558, 5.26870647859, 1.05559193363, 1.11711154173, 1.26529449086, 100.675927721, 10.571313313, 410.761313983, 3.21715817694
3.90889467035, 1.00000020338, 1.53878125321, 0.96611966675, 5.96136726856, 0.840800280945, 4.87704171356, 1.10934880582, 0.908554788312, 5.17246659856, 4.9387893625, 1.20725132412, 4.89648558333, 1.17874767271, 1.09000022896, 1.05324638518, 1.0083574343, 1.18251131664, 5.68697478991, 1.09449049981, 0.824341888129, 814.299888812, 1.18515657612, 5.37428365397, 1.05559193363, 1.14333771183, 1.26529449086, 290.552912998, 27.1944348953, 187.402923064, 0.0
3.90889467035, 1.00000020338, 1.53878125321, 0.96611966675, 5.96136726856, 0.840800280945, 4.87704171356, 1.10934880582, 0.908554788312, 5.17246659856, 4.9387893625, 1.20725132412, 4.89648558333, 1.17874767271, 1.09000022896, 1.05324638518, 1.0083574343, 1.18251131664, 5.68697478991, 1.09449049981, 0.824341888129, 814.299888812, 1.18515657612, 5.37428365397, 1.05559193363, 1.14333771183, 1.26529449086, 290.552912998, 27.1944348953, 187.402923064, 0.0
3.90889467035, 1.00000020338, 1.53878125321, 0.96611966675, 5.96136726856, 0.840800280945, 4.87704171356, 1.10934880582, 0.908554788312, 5.17246659856, 4.9387893625, 1.20725132412, 4.89648558333, 1.17874767271, 1.09000022896, 1.05324638518, 1.0083574343, 1.18251131664, 5.68697478991, 1.09449049981, 0.824341888129, 814.299888812, 1.18515657612, 5.37428365397, 1.05559193363, 1.14333771183, 1.26529449086, 290.552912998, 27.1944348953, 187.402923064, 0.0
3.90889467035, 1.00000020338, 1.53878125321, 0.96611966675, 5.96136726856, 0.840800280945, 4.87704171356, 1.10934880582, 0.908554788312, 5.17246659856, 4.9387893625, 1.20725132412, 4.89648558333, 1.17874767271, 1.09000022896, 1.05324638518, 1.0083574343, 1.18251131664, 5.68697478991, 1.09449049981, 0.824341888129, 814.299888812, 1.18515657612, 5.37428365397, 1.05559193363, 1.14333771183, 1.26529449086, 290.552912998, 27.1944348953, 187.402923064, 0.0
3.90889467035, 1.00000020338, 1.53878125321, 0.96611966675, 5.96136726856, 0.840800280945, 4.87704171356, 1.10934880582, 0.908554788312, 5.17246659856, 4.9387893625, 1.20725132412, 4.89648558333, 1.17874767271, 1.09000022896, 1.05324638518, 1.0083574343, 1.18251131664, 5.68697478991, 1.09449049981, 0.824341888129, 814.299888812, 1.18515657612, 5.37428365397, 1.05559193363, 1.14333771183, 1.26529449086, 290.552912998, 27.1944348953, 187.402923064, 0.0
3.89339664993, 1.00000021372, 1.24632828709, 0.843029721879, 5.98197722386, 0.839780390827, 5.16876186032, 1.11220719062, 0.955456777832, 2.23662182014, 5.40729296413, 0.839245164081, 2.80750456488, 1.15955737746, 1.0900000333, 1.03763279044, 1.0347214513, 0.819500082087, 5.30443548366, 1.08641672689, 0.95270387707, 108.679171039, 1.10795213895, 5.3273022074, 1.05486262296, 2.80403503314, 1.1726021122, 68.4332419602, 13.4421096231, 139.109232988, 0.0
3.89339664993, 1.00000021372, 1.24632828709, 0.843029721879, 5.98197722386, 0.839780390827, 5.16876186032, 1.11220719062, 0.955456777832, 2.23662182014, 5.40729296413, 0.839245164081, 2.80750456488, 1.15955737746, 1.0900000333, 1.03763279044, 1.0347214513, 0.819500082087, 5.30443548366, 1.08641672689, 0.95270387707, 108.679171039, 1.10795213895, 5.3273022074, 1.05486262296, 2.80403503314, 1.1726021122, 68.4332419602, 13.4421096231, 139.109232988, 0.0
3.89339664993, 1.00000021372, 1.24632828709, 0.843029721879, 5.98197722386, 0.839780390827, 5.16876186032, 1.11220719062, 0.955456777832, 2.23662182014, 5.40729296413, 0.839245164081, 2.80750456488, 1.15955737746, 1.0900000333, 1.03763279044, 1.0347214513, 0.819500082087, 5.30443548366, 1.08641672689, 0.95270387707, 108.679171039, 1.10795213895, 5.3273022074, 1.05486262296, 2.80403503314, 1.1726021122, 68.4332419602, 13.4421096231, 139.109232988, 0.0
3.90889467035, 1.00000020338, 1.53878125321, 0.96611966675, 5.96136726856, 0.840800280945, 4.87704171356, 1.10934880582, 0.908554788312, 5.17246659856, 4.93837773067, 1.20725132412, 4.79119708797, 1.17875094558, 1.09000022896, 1.05324638518, 1.01325164103, 1.18251131664, 8.54741377214, 1.09072868984, 0.824341888129, 814.299888812, 1.10747919809, 5.37329227485, 1.05559193363, 2.79493535104, 1.26529449086, 295.502482231, 29.0864457897, 1763.88674125, 0.536193029491
3.89339664993, 1.0000001824, 1.53251431244, 0.843029721879, 4.50243765023, 0.957620508235, 5.15481334138, 1.11220719062, 0.9563459036, 2.1598760346, 4.92767393322, 1.21623235757, 2.82713594449, 1.14519746785, 1.09000022353, 1.0531196792, 1.0347214513, 0.850091653158, 5.30443548366, 0.921701085908, 0.955966732108, 102.377462091, 1.19351483492, 5.31817673829, 1.09158442877, 2.78110266043, 1.1726021122, 169.202258743, 18.0516195227, 312.022435688, 1.60857908847
3.89339664993, 1.0000001824, 1.53251431244, 0.843029721879, 4.50243765023, 0.957620508235, 5.15481334138, 1.11220719062, 0.9563459036, 2.1598760346, 4.92767393322, 1.21623235757, 2.82713594449, 1.14519746785, 1.09000022353, 1.0531196792, 1.0347214513, 0.850091653158, 5.30443548366, 0.921701085908, 0.955966732108, 102.377462091, 1.19351483492, 5.31817673829, 1.09158442877, 2.78110266043, 1.1726021122, 169.202258743, 18.0516195227, 312.022435688, 1.60857908847
3.89339664993, 1.0000001824, 1.53251431244, 0.843029721879, 4.50243765023, 0.957620508235, 5.15481334138, 1.11220719062, 0.9563459036, 2.1598760346, 4.92767393322, 1.21623235757, 2.82713594449, 1.14519746785, 1.09000022353, 1.0531196792, 1.0347214513, 0.850091653158, 5.30443548366, 0.921701085908, 0.955966732108, 102.377462091, 1.19351483492, 5.31817673829, 1.09158442877, 2.78110266043, 1.1726021122, 169.202258743, 18.0516195227, 312.022435688, 1.60857908847
3.90889467035, 1.00000011878, 1.39599633753, 0.967795163936, 5.96006958207, 0.840800280945, 3.92098506572, 1.00811327872, 0.908554788312, 4.99032261994, 4.9387893625, 1.03690257761, 4.89648558333, 1.17874767271, 1.09000022896, 1.00266213941, 1.00799086673, 1.18251131664, 5.68697478991, 1.09409581052, 0.824341888129, 814.299888812, 1.18515657612, 2.37781299195, 1.05559193363, 1.14333771183, 1.26404924193, 102.963829674, 10.5164452065, 60.8977113977, 2.14477211796
3.90889467035, 1.00000011878, 1.39599633753, 0.967795163936, 5.96006958207, 0.840800280945, 3.92098506572, 1.00811327872, 0.908554788312, 4.99032261994, 4.9387893625, 1.03690257761, 4.89648558333, 1.17874767271, 1.09000022896, 1.00266213941, 1.00799086673, 1.18251131664, 5.68697478991, 1.09409581052, 0.824341888129, 814.299888812, 1.18515657612, 2.37781299195, 1.05559193363, 1.14333771183, 1.26404924193, 102.963829674, 10.5164452065, 60.8977113977, 2.14477211796
3.90889467035, 1.00000011878, 1.39599633753, 0.967795163936, 5.96006958207, 0.840800280945, 3.92098506572, 1.00811327872, 0.908554788312, 4.99032261994, 4.9387893625, 1.03690257761, 4.89648558333, 1.17874767271, 1.09000022896, 1.00266213941, 1.00799086673, 1.18251131664, 5.68697478991, 1.09409581052, 0.824341888129, 814.299888812, 1.18515657612, 2.37781299195, 1.05559193363, 1.14333771183, 1.26404924193, 102.963829674, 10.5164452065, 60.8977113977, 2.14477211796
3.90889467035, 1.00000011878, 1.39599633753, 0.967795163936, 5.96006958207, 0.840800280945, 3.92098506572, 1.00811327872, 0.908554788312, 4.99032261994, 4.9387893625, 1.03690257761, 4.89648558333, 1.17874767271, 1.09000022896, 1.00266213941, 1.00799086673, 1.18251131664, 5.68697478991, 1.09409581052, 0.824341888129, 814.299888812, 1.18515657612, 2.37781299195, 1.05559193363, 1.14333771183, 1.26404924193, 102.963829674, 10.5164452065, 60.8977113977, 2.14477211796
3.90889467035, 1.00000011878, 1.39599633753, 0.967795163936, 5.96006958207, 0.840800280945, 3.92098506572, 1.00811327872, 0.908554788312, 4.99032261994, 4.9387893625, 1.03690257761, 4.89648558333, 1.17874767271, 1.09000022896, 1.00266213941, 1.00799086673, 1.18251131664, 5.68697478991, 1.09409581052, 0.824341888129, 814.299888812, 1.18515657612, 2.37781299195, 1.05559193363, 1.14333771183, 1.26404924193, 102.963829674, 10.5164452065, 60.8977113977, 2.14477211796
3.90889467035, 1.00000011878, 1.39599633753, 0.967795163936, 5.96006958207, 0.840800280945, 3.92098506572, 1.00811327872, 0.908554788312, 4.99032261994, 4.9387893625, 1.03690257761, 4.89648558333, 1.17874767271, 1.09000022896, 1.00266213941, 1.00799086673, 1.18251131664, 5.68697478991, 1.09409581052, 0.824341888129, 814.299888812, 1.18515657612, 2.37781299195, 1.05559193363, 1.14333771183, 1.26404924193, 102.963829674, 10.5164452065, 60.8977113977, 2.14477211796
3.90889467035, 1.00000011878, 1.39599633753, 0.967795163936, 5.96006958207, 0.840800280945, 3.92098506572, 1.00811327872, 0.908554788312, 4.99032261994, 4.9387893625, 1.03690257761, 4.89648558333, 1.17874767271, 1.09000022896, 1.00266213941, 1.00799086673, 1.18251131664, 5.68697478991, 1.09409581052, 0.824341888129, 814.299888812, 1.18515657612, 2.37781299195, 1.05559193363, 1.14333771183, 1.26404924193, 102.963829674, 10.5164452065, 60.8977113977, 2.14477211796
3.90889467035, 1.00000011878, 1.39599633753, 0.967795163936, 5.96006958207, 0.840800280945, 3.92098506572, 1.00811327872, 0.908554788312, 4.99032261994, 4.9387893625, 1.03690257761, 4.89648558333, 1.17874767271, 1.09000022896, 1.00266213941, 1.00799086673, 1.18251131664, 5.68697478991, 1.09409581052, 0.824341888129, 814.299888812, 1.18515657612, 2.37781299195, 1.05559193363, 1.14333771183, 1.26404924193, 102.963829674, 10.5164452065, 60.8977113977, 2.14477211796
3.90889467035, 1.00000011878, 1.39599633753, 0.967795163936, 5.96006958207, 0.840800280945, 3.92098506572, 1.00811327872, 0.908554788312, 4.99032261994, 4.9387893625, 1.03690257761, 4.89648558333, 1.17874767271, 1.09000022896, 1.00266213941, 1.00799086673, 1.18251131664, 5.68697478991, 1.09409581052, 0.824341888129, 814.299888812, 1.18515657612, 2.37781299195, 1.05559193363, 1.14333771183, 1.26404924193, 102.963829674, 10.5164452065, 60.8977113977, 2.14477211796
3.90889467035, 1.00000011878, 1.39599633753, 0.967795163936, 5.96006958207, 0.840800280945, 3.92098506572, 1.00811327872, 0.908554788312, 4.99032261994, 4.9387893625, 1.03690257761, 4.89648558333, 1.17874767271, 1.09000022896, 1.00266213941, 1.00799086673, 1.18251131664, 5.68697478991, 1.09409581052, 0.824341888129, 814.299888812, 1.18515657612, 2.37781299195, 1.05559193363, 1.14333771183, 1.26404924193, 102.963829674, 10.5164452065, 60.8977113977, 2.14477211796
3.90889467035, 1.00000011878, 1.39599633753, 0.967795163936, 5.96006958207, 0.840800280945, 3.92098506572, 1.00811327872, 0.908554788312, 4.99032261994, 4.9387893625, 1.03690257761, 4.89648558333, 1.17874767271, 1.09000022896, 1.00266213941, 1.00799086673, 1.18251131664, 5.68697478991, 1.09409581052, 0.824341888129, 814.299888812, 1.18515657612, 2.37781299195, 1.05559193363, 1.14333771183, 1.26404924193, 102.963829674, 10.5164452065, 60.8977113977, 2.14477211796
3.90889467035, 1.00000011878, 1.39599633753, 0.967795163936, 5.96006958207, 0.840800280945, 3.92098506572, 1.00811327872, 0.908554788312, 4.99032261994, 4.9387893625, 1.03690257761, 4.89648558333, 1.17874767271, 1.09000022896, 1.00266213941, 1.00799086673, 1.18251131664, 5.68697478991, 1.09409581052, 0.824341888129, 814.299888812, 1.18515657612, 2.37781299195, 1.05559193363, 1.14333771183, 1.26404924193, 102.963829674, 10.5164452065, 60.8977113977, 2.14477211796
3.89339664993, 1.0000001824, 1.53260740028, 0.843029721879, 4.50243765023, 0.957620508235, 4.87725782611, 1.11220719062, 0.904966211598, 2.1598760346, 4.92767393322, 1.21623235757, 3.3123160025, 1.17328551896, 1.09000022353, 1.0531196792, 1.0347214513, 0.850091653158, 5.25878097489, 0.921701085908, 0.955966732108, 102.377462091, 1.19351483492, 5.31805258672, 1.08944494266, 2.78110266043, 1.26905654157, 215.012702858, 19.4212764897, 580.937447702, 1.87667560322
3.89339664993, 1.0000001824, 1.53260740028, 0.843029721879, 4.50243765023, 0.957620508235, 4.87725782611, 1.11220719062, 0.904966211598, 2.1598760346, 4.92767393322, 1.21623235757, 3.3123160025, 1.17328551896, 1.09000022353, 1.0531196792, 1.0347214513, 0.850091653158, 5.25878097489, 0.921701085908, 0.955966732108, 102.377462091, 1.19351483492, 5.31805258672, 1.08944494266, 2.78110266043, 1.26905654157, 215.012702858, 19.4212764897, 580.937447702, 1.87667560322
3.89339664993, 1.00000020328, 1.53877810771, 0.843029721879, 5.99129952968, 0.953807502742, 5.15481334138, 1.11220719062, 0.956510623809, 2.1598760346, 4.92767393322, 1.20721546534, 2.84388634231, 1.14519746785, 1.09000022353, 1.05312156998, 1.0347214513, 0.820524889346, 5.30793291296, 0.921701085908, 0.823884932512, 788.903605981, 1.19351483492, 5.37567244199, 1.09158442877, 2.87583828968, 1.17222653197, 152.051496543, 12.7764848116, 2192.58939334, 7.77479892761
3.90889467035, 1.00000020338, 1.53878125321, 0.921041967521, 5.96136726856, 0.840800280945, 4.87704171356, 1.10934880582, 0.908554788312, 5.17246659856, 4.96984515314, 1.20725132412, 4.78654100543, 1.17874763915, 1.09000022896, 1.05683156332, 1.01325164103, 1.18251131664, 8.54741377214, 1.09072868984, 0.824341888129, 814.299888812, 1.10747919809, 5.37329227485, 1.05559193363, 2.79493535104, 1.26529449086, 663.754901451, 21.9421873317, 1238.17253102, 1.07238605898
3.90970825127, 1.00000020344, 1.53864988211, 0.841006923945, 5.96136726856, 0.947549131444, 4.87704171356, 1.10936842155, 0.958212952189, 5.21376431922, 4.9387893625, 1.21674900864, 2.78095925183, 1.17874767271, 1.09000022896, 1.0531178734, 1.0083574343, 0.839445536537, 5.68525314665, 0.921527098128, 0.824879281338, 73.0006443829, 1.18928339991, 5.37428365397, 1.05583525201, 1.14333771183, 1.17354565509, 216.842490291, 24.2124078066, 1268.69577896, 0.0
3.89339664993, 1.00000020262, 1.53238041502, 0.838253232111, 6.01084882159, 0.837420579404, 4.86356019247, 1.11220719062, 0.9563459036, 3.30160741576, 4.92767393322, 1.21623235757, 1.8870980883, 1.14519746785, 1.09000022342, 1.05311388522, 1.01347457158, 0.850091653158, 5.30443548366, 0.921701085908, 0.955966732108, 102.377462091, 1.14307547027, 5.26765622827, 1.09158442877, 2.75354241124, 1.10470109225, 139.110115599, 13.7410144373, 381.225585031, 3.21715817694
3.90889467035, 1.00000020338, 1.53878125321, 0.965976130929, 5.96006963874, 0.840800280945, 3.93109182631, 1.1081214036, 0.908554788312, 5.17246659856, 4.9387893625, 1.03822968197, 4.89648558333, 1.17874767271, 1.09000022896, 1.05324638518, 1.0083574343, 1.18251131664, 5.68697478991, 1.09410209943, 0.824341888129, 814.299888812, 1.18515657612, 5.71773833272, 1.05559193363, 1.4988837143, 1.26517120807, 18.7190424185, 7.44916940065, 109.98974585, 1.60857908847
3.90889467035, 1.00000020338, 1.53878125321, 0.965976130929, 5.96006963874, 0.840800280945, 3.93109182631, 1.1081214036, 0.908554788312, 5.17246659856, 4.9387893625, 1.03822968197, 4.89648558333, 1.17874767271, 1.09000022896, 1.05324638518, 1.0083574343, 1.18251131664, 5.68697478991, 1.09410209943, 0.824341888129, 814.299888812, 1.18515657612, 5.71773833272, 1.05559193363, 1.4988837143, 1.26517120807, 18.7190424185, 7.44916940065, 109.98974585, 1.60857908847
3.90889467035, 1.00000020338, 1.53878125321, 0.965976130929, 5.96006963874, 0.840800280945, 3.93109182631, 1.1081214036, 0.908554788312, 5.17246659856, 4.9387893625, 1.03822968197, 4.89648558333, 1.17874767271, 1.09000022896, 1.05324638518, 1.0083574343, 1.18251131664, 5.68697478991, 1.09410209943, 0.824341888129, 814.299888812, 1.18515657612, 5.71773833272, 1.05559193363, 1.4988837143, 1.26517120807, 18.7190424185, 7.44916940065, 109.98974585, 1.60857908847
3.90889467035, 1.00000020338, 1.53878125321, 0.965976130929, 5.96006963874, 0.840800280945, 3.93109182631, 1.1081214036, 0.908554788312, 5.17246659856, 4.9387893625, 1.03822968197, 4.89648558333, 1.17874767271, 1.09000022896, 1.05324638518, 1.0083574343, 1.18251131664, 5.68697478991, 1.09410209943, 0.824341888129, 814.299888812, 1.18515657612, 5.71773833272, 1.05559193363, 1.4988837143, 1.26517120807, 18.7190424185, 7.44916940065, 109.98974585, 1.60857908847
3.90889467035, 1.00000017003, 1.53878125321, 0.96611966675, 5.96136726856, 0.840800280945, 4.87704171356, 1.10934880582, 0.908554788312, 5.17246659856, 4.93837773067, 1.20725132412, 4.79119708797, 1.17875094558, 1.09000022896, 1.05324638518, 1.01325164103, 1.18251131664, 8.54741377214, 1.09072868984, 0.824341888129, 814.299888812, 1.10747919809, 5.37329227485, 1.05559193363, 1.490199438, 1.26529449086, 455.747956377, 22.7616693198, 1627.8274869, 1.07238605898
3.90889467035, 1.00000020338, 1.53878125321, 0.96611966675, 5.96136726856, 0.840800280945, 4.87704171356, 1.10934880582, 0.908554788312, 5.17246659856, 4.93837773067, 1.21680640222, 4.79119708797, 1.17875094558, 1.09000022896, 1.05324638518, 1.01325164103, 1.18251131664, 8.54741377214, 1.09072868984, 0.824341888129, 814.299888812, 1.10747919809, 5.37329227485, 1.05559193363, 2.79493535104, 1.26529449086, 70.1082561139, 11.1255966546, 866.182890658, 2.14477211796
3.90889467035, 1.00000011878, 1.53412470312, 0.967795163936, 5.96006963994, 0.840800280945, 3.93089981244, 1.00811327872, 0.908554788312, 4.99032261994, 4.9387893625, 1.03690946898, 4.89648558333, 1.17874767271, 1.09000022896, 1.00266213941, 1.0079817979, 1.18251131664, 5.68697478991, 1.09409586196, 0.824341888129, 814.299888812, 1.18515657612, 2.40022314, 1.05559193363, 1.14333771183, 1.26404924193, 84.523238397, 18.7814157162, 232.785737276, 1.87667560322
3.90889467035, 1.00000011878, 1.53412470312, 0.967795163936, 5.96006963994, 0.840800280945, 3.93089981244, 1.00811327872, 0.908554788312, 4.99032261994, 4.9387893625, 1.03690946898, 4.89648558333, 1.17874767271, 1.09000022896, 1.00266213941, 1.0079817979, 1.18251131664, 5.68697478991, 1.09409586196, 0.824341888129, 814.299888812, 1.18515657612, 2.40022314, 1.05559193363, 1.14333771183, 1.26404924193, 84.523238397, 18.7814157162, 232.785737276, 1.87667560322
3.90889467035, 1.00000011878, 1.53412470312, 0.967795163936, 5.96006963994, 0.840800280945, 3.93089981244, 1.00811327872, 0.908554788312, 4.99032261994, 4.9387893625, 1.03690946898, 4.89648558333, 1.17874767271, 1.09000022896, 1.00266213941, 1.0079817979, 1.18251131664, 5.68697478991, 1.09409586196, 0.824341888129, 814.299888812, 1.18515657612, 2.40022314, 1.05559193363, 1.14333771183, 1.26404924193, 84.523238397, 18.7814157162, 232.785737276, 1.87667560322
3.90889467035, 1.00000011878, 1.53412470312, 0.967795163936, 5.96006963994, 0.840800280945, 3.93089981244, 1.00811327872, 0.908554788312, 4.99032261994, 4.9387893625, 1.03690946898, 4.89648558333, 1.17874767271, 1.09000022896, 1.00266213941, 1.0079817979, 1.18251131664, 5.68697478991, 1.09409586196, 0.824341888129, 814.299888812, 1.18515657612, 2.40022314, 1.05559193363, 1.14333771183, 1.26404924193, 84.523238397, 18.7814157162, 232.785737276, 1.87667560322
3.89339664993, 1.0000001824, 1.53251431244, 0.843029721879, 4.50243765023, 0.957620508235, 5.15481334138, 1.11220719062, 0.9563459036, 2.1598760346, 4.92767393322, 1.21623235757, 2.82713594449, 1.14519746785, 1.09000022353, 1.0531196792, 1.0347214513, 0.850091653158, 5.30443548366, 0.921701085908, 0.955966732108, 102.377462091, 1.19351483492, 5.31817673829, 1.09158442877, 2.78110266043, 1.14294088612, 55.3515331764, 10.429979324, 210.181831468, 3.75335120643
3.89339664993, 1.0000001824, 1.53251431244, 0.843029721879, 4.50243765023, 0.957620508235, 5.15481334138, 1.11220719062, 0.9563459036, 2.1598760346, 4.92767393322, 1.21623235757, 2.82713594449, 1.14519746785, 1.09000022353, 1.0531196792, 1.0347214513, 0.850091653158, 5.30443548366, 0.921701085908, 0.955966732108, 102.377462091, 1.19351483492, 5.31817673829, 1.09158442877, 2.78110266043, 1.14294088612, 55.3515331764, 10.429979324, 210.181831468, 3.75335120643
3.89339664993, 1.0000001824, 1.53251431244, 0.843029721879, 4.50243765023, 0.957620508235, 5.15481334138, 1.11220719062, 0.9563459036, 2.1598760346, 4.92767393322, 1.21623235757, 2.82713594449, 1.14519746785, 1.09000022353, 1.0531196792, 1.0347214513, 0.850091653158, 5.30443548366, 0.921701085908, 0.955966732108, 102.377462091, 1.19351483492, 5.31817673829, 1.09158442877, 2.78110266043, 1.14294088612, 55.3515331764, 10.429979324, 210.181831468, 3.75335120643
3.89339664993, 1.0000001824, 1.53251431244, 0.843029721879, 4.50243765023, 0.957620508235, 5.15481334138, 1.11220719062, 0.9563459036, 2.1598760346, 4.92767393322, 1.21623235757, 2.82713594449, 1.14519746785, 1.09000022353, 1.0531196792, 1.0347214513, 0.850091653158, 5.30443548366, 0.921701085908, 0.955966732108, 102.377462091, 1.19351483492, 5.31817673829, 1.09158442877, 2.78110266043, 1.14294088612, 55.3515331764, 10.429979324, 210.181831468, 3.75335120643
3.89339664993, 1.0000001824, 1.53251431244, 0.843029721879, 4.50243765023, 0.957620508235, 5.15481334138, 1.11220719062, 0.9563459036, 2.1598760346, 4.92767393322, 1.21623235757, 2.82713594449, 1.14519746785, 1.09000022353, 1.0531196792, 1.0347214513, 0.850091653158, 5.30443548366, 0.921701085908, 0.955966732108, 102.377462091, 1.19351483492, 5.31817673829, 1.09158442877, 2.78110266043, 1.14294088612, 55.3515331764, 10.429979324, 210.181831468, 3.75335120643
3.89339664993, 1.0000001824, 1.53251431244, 0.843029721879, 4.78459820348, 0.957620508235, 5.20611493821, 1.11220719062, 0.9563459036, 2.1598760346, 4.92767393322, 1.21623235757, 2.82713594449, 1.14519746785, 1.09000022353, 1.0531196792, 1.0347214513, 0.850091653158, 5.30443548366, 0.921701085908, 0.955966732108, 102.377462091, 1.19351483492, 5.31817673829, 1.09158442877, 2.78110266043, 1.1726021122, 24.2734924044, 8.0555096067, 22.1993214091, 1.60857908847
3.89339664993, 1.0000001824, 1.53251431244, 0.843029721879, 4.78459820348, 0.957620508235, 5.20611493821, 1.11220719062, 0.9563459036, 2.1598760346, 4.92767393322, 1.21623235757, 2.82713594449, 1.14519746785, 1.09000022353, 1.0531196792, 1.0347214513, 0.850091653158, 5.30443548366, 0.921701085908, 0.955966732108, 102.377462091, 1.19351483492, 5.31817673829, 1.09158442877, 2.78110266043, 1.1726021122, 24.2734924044, 8.0555096067, 22.1993214091, 1.60857908847
3.89339664993, 1.0000001824, 1.53251431244, 0.843029721879, 4.78459820348, 0.957620508235, 5.20611493821, 1.11220719062, 0.9563459036, 2.1598760346, 4.92767393322, 1.21623235757, 2.82713594449, 1.14519746785, 1.09000022353, 1.0531196792, 1.0347214513, 0.850091653158, 5.30443548366, 0.921701085908, 0.955966732108, 102.377462091, 1.19351483492, 5.31817673829, 1.09158442877, 2.78110266043, 1.1726021122, 24.2734924044, 8.0555096067, 22.1993214091, 1.60857908847
3.89339664993, 1.0000001824, 1.53251431244, 0.843029721879, 4.78459820348, 0.957620508235, 5.20611493821, 1.11220719062, 0.9563459036, 2.1598760346, 4.92767393322, 1.21623235757, 2.82713594449, 1.14519746785, 1.09000022353, 1.0531196792, 1.0347214513, 0.850091653158, 5.30443548366, 0.921701085908, 0.955966732108, 102.377462091, 1.19351483492, 5.31817673829, 1.09158442877, 2.78110266043, 1.1726021122, 24.2734924044, 8.0555096067, 22.1993214091, 1.60857908847
3.89339664993, 1.0000001824, 1.53251431244, 0.843029721879, 4.78459820348, 0.957620508235, 5.20611493821, 1.11220719062, 0.9563459036, 2.1598760346, 4.92767393322, 1.21623235757, 2.82713594449, 1.14519746785, 1.09000022353, 1.0531196792, 1.0347214513, 0.850091653158, 5.30443548366, 0.921701085908, 0.955966732108, 102.377462091, 1.19351483492, 5.31817673829, 1.09158442877, 2.78110266043, 1.1726021122, 24.2734924044, 8.0555096067, 22.1993214091, 1.60857908847
3.89339664993, 1.0000001824, 1.53251431244, 0.843029721879, 4.78459820348, 0.957620508235, 5.20611493821, 1.11220719062, 0.9563459036, 2.1598760346, 4.92767393322, 1.21623235757, 2.82713594449, 1.14519746785, 1.09000022353, 1.0531196792, 1.0347214513, 0.850091653158, 5.30443548366, 0.921701085908, 0.955966732108, 102.377462091, 1.19351483492, 5.31817673829, 1.09158442877, 2.78110266043, 1.1726021122, 24.2734924044, 8.0555096067, 22.1993214091, 1.60857908847
3.89339664993, 1.0000001824, 1.53251431244, 0.843029721879, 4.78459820348, 0.957620508235, 5.20611493821, 1.11220719062, 0.9563459036, 2.1598760346, 4.92767393322, 1.21623235757, 2.82713594449, 1.14519746785, 1.09000022353, 1.0531196792, 1.0347214513, 0.850091653158, 5.30443548366, 0.921701085908, 0.955966732108, 102.377462091, 1.19351483492, 5.31817673829, 1.09158442877, 2.78110266043, 1.1726021122, 24.2734924044, 8.0555096067, 22.1993214091, 1.60857908847
3.89339664993, 1.0000001824, 1.53251431244, 0.843029721879, 4.78459820348, 0.957620508235, 5.20611493821, 1.11220719062, 0.9563459036, 2.1598760346, 4.92767393322, 1.21623235757, 2.82713594449, 1.14519746785, 1.09000022353, 1.0531196792, 1.0347214513, 0.850091653158, 5.30443548366, 0.921701085908, 0.955966732108, 102.377462091, 1.19351483492, 5.31817673829, 1.09158442877, 2.78110266043, 1.1726021122, 24.2734924044, 8.0555096067, 22.1993214091, 1.60857908847
3.89339664993, 1.0000001824, 1.53251431244, 0.843029721879, 4.78459820348, 0.957620508235, 5.20611493821, 1.11220719062, 0.9563459036, 2.1598760346, 4.92767393322, 1.21623235757, 2.82713594449, 1.14519746785, 1.09000022353, 1.0531196792, 1.0347214513, 0.850091653158, 5.30443548366, 0.921701085908, 0.955966732108, 102.377462091, 1.19351483492, 5.31817673829, 1.09158442877, 2.78110266043, 1.1726021122, 24.2734924044, 8.0555096067, 22.1993214091, 1.60857908847
3.89339664993, 1.0000001824, 1.53251431244, 0.843029721879, 4.78459820348, 0.957620508235, 5.20611493821, 1.11220719062, 0.9563459036, 2.1598760346, 4.92767393322, 1.21623235757, 2.82713594449, 1.14519746785, 1.09000022353, 1.0531196792, 1.0347214513, 0.850091653158, 5.30443548366, 0.921701085908, 0.955966732108, 102.377462091, 1.19351483492, 5.31817673829, 1.09158442877, 2.78110266043, 1.1726021122, 24.2734924044, 8.0555096067, 22.1993214091, 1.60857908847
3.89339664993, 1.0000001824, 1.53251431244, 0.843029721879, 4.78459820348, 0.957620508235, 5.20611493821, 1.11220719062, 0.9563459036, 2.1598760346, 4.92767393322, 1.21623235757, 2.82713594449, 1.14519746785, 1.09000022353, 1.0531196792, 1.0347214513, 0.850091653158, 5.30443548366, 0.921701085908, 0.955966732108, 102.377462091, 1.19351483492, 5.31817673829, 1.09158442877, 2.78110266043, 1.1726021122, 24.2734924044, 8.0555096067, 22.1993214091, 1.60857908847
3.89339664993, 1.0000001824, 1.53251431244, 0.843029721879, 4.78459820348, 0.957620508235, 5.20611493821, 1.11220719062, 0.9563459036, 2.1598760346, 4.92767393322, 1.21623235757, 2.82713594449, 1.14519746785, 1.09000022353, 1.0531196792, 1.0347214513, 0.850091653158, 5.30443548366, 0.921701085908, 0.955966732108, 102.377462091, 1.19351483492, 5.31817673829, 1.09158442877, 2.78110266043, 1.1726021122, 24.2734924044, 8.0555096067, 22.1993214091, 1.60857908847
3.89339664993, 1.0000001824, 1.53251431244, 0.843029721879, 4.78459820348, 0.957620508235, 5.20611493821, 1.11220719062, 0.9563459036, 2.1598760346, 4.92767393322, 1.21623235757, 2.82713594449, 1.14519746785, 1.09000022353, 1.0531196792, 1.0347214513, 0.850091653158, 5.30443548366, 0.921701085908, 0.955966732108, 102.377462091, 1.19351483492, 5.31817673829, 1.09158442877, 2.78110266043, 1.1726021122, 24.2734924044, 8.0555096067, 22.1993214091, 1.60857908847
3.89339664993, 1.0000001824, 1.53251431244, 0.843029721879, 4.78459820348, 0.957620508235, 5.20611493821, 1.11220719062, 0.9563459036, 2.1598760346, 4.92767393322, 1.21623235757, 2.82713594449, 1.14519746785, 1.09000022353, 1.0531196792, 1.0347214513, 0.850091653158, 5.30443548366, 0.921701085908, 0.955966732108, 102.377462091, 1.19351483492, 5.31817673829, 1.09158442877, 2.78110266043, 1.1726021122, 24.2734924044, 8.0555096067, 22.1993214091, 1.60857908847
3.89339664993, 1.0000001824, 1.53251431244, 0.843029721879, 4.78459820348, 0.957620508235, 5.20611493821, 1.11220719062, 0.9563459036, 2.1598760346, 4.92767393322, 1.21623235757, 2.82713594449, 1.14519746785, 1.09000022353, 1.0531196792, 1.0347214513, 0.850091653158, 5.30443548366, 0.921701085908, 0.955966732108, 102.377462091, 1.19351483492, 5.31817673829, 1.09158442877, 2.78110266043, 1.1726021122, 24.2734924044, 8.0555096067, 22.1993214091, 1.60857908847
3.89339664993, 1.0000001824, 1.53251431244, 0.843029721879, 4.78459820348, 0.957620508235, 5.20611493821, 1.11220719062, 0.9563459036, 2.1598760346, 4.92767393322, 1.21623235757, 2.82713594449, 1.14519746785, 1.09000022353, 1.0531196792, 1.0347214513, 0.850091653158, 5.30443548366, 0.921701085908, 0.955966732108, 102.377462091, 1.19351483492, 5.31817673829, 1.09158442877, 2.78110266043, 1.1726021122, 24.2734924044, 8.0555096067, 22.1993214091, 1.60857908847
3.89339664993, 1.0000001824, 1.53251431244, 0.843029721879, 4.78459820348, 0.957620508235, 5.20611493821, 1.11220719062, 0.9563459036, 2.1598760346, 4.92767393322, 1.21623235757, 2.82713594449, 1.14519746785, 1.09000022353, 1.0531196792, 1.0347214513, 0.850091653158, 5.30443548366, 0.921701085908, 0.955966732108, 102.377462091, 1.19351483492, 5.31817673829, 1.09158442877, 2.78110266043, 1.1726021122, 24.2734924044, 8.0555096067, 22.1993214091, 1.60857908847
3.89339664993, 1.0000001824, 1.53251431244, 0.843029721879, 4.78459820348, 0.957620508235, 5.20611493821, 1.11220719062, 0.9563459036, 2.1598760346, 4.92767393322, 1.21623235757, 2.82713594449, 1.14519746785, 1.09000022353, 1.0531196792, 1.0347214513, 0.850091653158, 5.30443548366, 0.921701085908, 0.955966732108, 102.377462091, 1.19351483492, 5.31817673829, 1.09158442877, 2.78110266043, 1.1726021122, 24.2734924044, 8.0555096067, 22.1993214091, 1.60857908847
3.89339664993, 1.0000001824, 1.53251431244, 0.843029721879, 4.78459820348, 0.957620508235, 5.20611493821, 1.11220719062, 0.9563459036, 2.1598760346, 4.92767393322, 1.21623235757, 2.82713594449, 1.14519746785, 1.09000022353, 1.0531196792, 1.0347214513, 0.850091653158, 5.30443548366, 0.921701085908, 0.955966732108, 102.377462091, 1.19351483492, 5.31817673829, 1.09158442877, 2.78110266043, 1.1726021122, 24.2734924044, 8.0555096067, 22.1993214091, 1.60857908847
3.89339664993, 1.0000001824, 1.53251431244, 0.843029721879, 4.78459820348, 0.957620508235, 5.20611493821, 1.11220719062, 0.9563459036, 2.1598760346, 4.92767393322, 1.21623235757, 2.82713594449, 1.14519746785, 1.09000022353, 1.0531196792, 1.0347214513, 0.850091653158, 5.30443548366, 0.921701085908, 0.955966732108, 102.377462091, 1.19351483492, 5.31817673829, 1.09158442877, 2.78110266043, 1.1726021122, 24.2734924044, 8.0555096067, 22.1993214091, 1.60857908847
3.90889467035, 1.00000011886, 1.37429065095, 0.967795163936, 5.96006958207, 0.840800280945, 3.92435573023, 1.00811327872, 0.908435343164, 4.99032261994, 4.9387893625, 1.03690257761, 1.85103307036, 1.17874767271, 1.09000022896, 1.00266213941, 1.01310655651, 1.18251131664, 5.67786182725, 1.09409450534, 0.824341888129, 814.299888812, 1.18515657612, 5.05934977036, 1.05559193363, 1.11706664897, 1.26529801345, 144.283708777, 17.0580197136, 350.085584753, 0.804289544236
3.90889467035, 1.00000011886, 1.37429065095, 0.967795163936, 5.96006958207, 0.840800280945, 3.92435573023, 1.00811327872, 0.908435343164, 4.99032261994, 4.9387893625, 1.03690257761, 1.85103307036, 1.17874767271, 1.09000022896, 1.00266213941, 1.01310655651, 1.18251131664, 5.67786182725, 1.09409450534, 0.824341888129, 814.299888812, 1.18515657612, 5.05934977036, 1.05559193363, 1.11706664897, 1.26529801345, 144.283708777, 17.0580197136, 350.085584753, 0.804289544236
3.90889467035, 1.00000011886, 1.37429065095, 0.967795163936, 5.96006958207, 0.840800280945, 3.92435573023, 1.00811327872, 0.908435343164, 4.99032261994, 4.9387893625, 1.03690257761, 1.85103307036, 1.17874767271, 1.09000022896, 1.00266213941, 1.01310655651, 1.18251131664, 5.67786182725, 1.09409450534, 0.824341888129, 814.299888812, 1.18515657612, 5.05934977036, 1.05559193363, 1.11706664897, 1.26529801345, 144.283708777, 17.0580197136, 350.085584753, 0.804289544236
3.908077224, 1.00000011877, 1.38558275502, 0.839941973141, 5.96006958207, 0.954439329689, 3.92098506572, 1.00811327872, 0.957252378741, 4.77396359557, 4.9387893625, 1.21261564316, 2.79556253044, 1.17930205749, 1.09000022887, 1.05302407383, 1.03491060862, 1.18251131664, 5.29974623226, 1.09409581052, 0.824341888129, 823.404148458, 1.18515657612, 5.31513508259, 1.05559193363, 1.14333771183, 1.26410880318, 56.3421291281, 17.5071415552, 196.864649218, 1.07238605898
3.908077224, 1.00000011877, 1.38558275502, 0.839941973141, 5.96006958207, 0.954439329689, 3.92098506572, 1.00811327872, 0.957252378741, 4.77396359557, 4.9387893625, 1.21261564316, 2.79556253044, 1.17930205749, 1.09000022887, 1.05302407383, 1.03491060862, 1.18251131664, 5.29974623226, 1.09409581052, 0.824341888129, 823.404148458, 1.18515657612, 5.31513508259, 1.05559193363, 1.14333771183, 1.26410880318, 56.3421291281, 17.5071415552, 196.864649218, 1.07238605898
3.908077224, 1.00000011877, 1.38558275502, 0.839941973141, 5.96006958207, 0.954439329689, 3.92098506572, 1.00811327872, 0.957252378741, 4.77396359557, 4.9387893625, 1.21261564316, 2.79556253044, 1.17930205749, 1.09000022887, 1.05302407383, 1.03491060862, 1.18251131664, 5.29974623226, 1.09409581052, 0.824341888129, 823.404148458, 1.18515657612, 5.31513508259, 1.05559193363, 1.14333771183, 1.26410880318, 56.3421291281, 17.5071415552, 196.864649218, 1.07238605898
3.908077224, 1.00000011877, 1.38558275502, 0.839941973141, 5.96006958207, 0.954439329689, 3.92098506572, 1.00811327872, 0.957252378741, 4.77396359557, 4.9387893625, 1.21261564316, 2.79556253044, 1.17930205749, 1.09000022887, 1.05302407383, 1.03491060862, 1.18251131664, 5.29974623226, 1.09409581052, 0.824341888129, 823.404148458, 1.18515657612, 5.31513508259, 1.05559193363, 1.14333771183, 1.26410880318, 56.3421291281, 17.5071415552, 196.864649218, 1.07238605898
3.908077224, 1.00000011877, 1.38558275502, 0.839941973141, 5.96006958207, 0.954439329689, 3.92098506572, 1.00811327872, 0.957252378741, 4.77396359557, 4.9387893625, 1.21261564316, 2.79556253044, 1.17930205749, 1.09000022887, 1.05302407383, 1.03491060862, 1.18251131664, 5.29974623226, 1.09409581052, 0.824341888129, 823.404148458, 1.18515657612, 5.31513508259, 1.05559193363, 1.14333771183, 1.26410880318, 56.3421291281, 17.5071415552, 196.864649218, 1.07238605898
3.908077224, 1.00000011877, 1.38558275502, 0.839941973141, 5.96006958207, 0.954439329689, 3.92098506572, 1.00811327872, 0.957252378741, 4.77396359557, 4.9387893625, 1.21261564316, 2.79556253044, 1.17930205749, 1.09000022887, 1.05302407383, 1.03491060862, 1.18251131664, 5.29974623226, 1.09409581052, 0.824341888129, 823.404148458, 1.18515657612, 5.31513508259, 1.05559193363, 1.14333771183, 1.26410880318, 56.3421291281, 17.5071415552, 196.864649218, 1.07238605898
3.908077224, 1.00000011877, 1.38558275502, 0.839941973141, 5.96006958207, 0.954439329689, 3.92098506572, 1.00811327872, 0.957252378741, 4.77396359557, 4.9387893625, 1.21261564316, 2.79556253044, 1.17930205749, 1.09000022887, 1.05302407383, 1.03491060862, 1.18251131664, 5.29974623226, 1.09409581052, 0.824341888129, 823.404148458, 1.18515657612, 5.31513508259, 1.05559193363, 1.14333771183, 1.26410880318, 56.3421291281, 17.5071415552, 196.864649218, 1.07238605898
3.908077224, 1.00000011877, 1.38558275502, 0.839941973141, 5.96006958207, 0.954439329689, 3.92098506572, 1.00811327872, 0.957252378741, 4.77396359557, 4.9387893625, 1.21261564316, 2.79556253044, 1.17930205749, 1.09000022887, 1.05302407383, 1.03491060862, 1.18251131664, 5.29974623226, 1.09409581052, 0.824341888129, 823.404148458, 1.18515657612, 5.31513508259, 1.05559193363, 1.14333771183, 1.26410880318, 56.3421291281, 17.5071415552, 196.864649218, 1.07238605898
3.908077224, 1.00000011877, 1.38558275502, 0.839941973141, 5.96006958207, 0.954439329689, 3.92098506572, 1.00811327872, 0.957252378741, 4.77396359557, 4.9387893625, 1.21261564316, 2.79556253044, 1.17930205749, 1.09000022887, 1.05302407383, 1.03491060862, 1.18251131664, 5.29974623226, 1.09409581052, 0.824341888129, 823.404148458, 1.18515657612, 5.31513508259, 1.05559193363, 1.14333771183, 1.26410880318, 56.3421291281, 17.5071415552, 196.864649218, 1.07238605898
3.908077224, 1.00000011877, 1.38558275502, 0.839941973141, 5.96006958207, 0.954439329689, 3.92098506572, 1.00811327872, 0.957252378741, 4.77396359557, 4.9387893625, 1.21261564316, 2.79556253044, 1.17930205749, 1.09000022887, 1.05302407383, 1.03491060862, 1.18251131664, 5.29974623226, 1.09409581052, 0.824341888129, 823.404148458, 1.18515657612, 5.31513508259, 1.05559193363, 1.14333771183, 1.26410880318, 56.3421291281, 17.5071415552, 196.864649218, 1.07238605898
3.908077224, 1.00000011877, 1.38558275502, 0.839941973141, 5.96006958207, 0.954439329689, 3.92098506572, 1.00811327872, 0.957252378741, 4.77396359557, 4.9387893625, 1.21261564316, 2.79556253044, 1.17930205749, 1.09000022887, 1.05302407383, 1.03491060862, 1.18251131664, 5.29974623226, 1.09409581052, 0.824341888129, 823.404148458, 1.18515657612, 5.31513508259, 1.05559193363, 1.14333771183, 1.26410880318, 56.3421291281, 17.5071415552, 196.864649218, 1.07238605898
