-1.0, 1.0, 0.0, 2.0, 2.0, 0.0, 0.0, -1.0, 1.0, 2.0, 2.0, 3.0, -1.0, -1.0, -1.0, 0.0, 1.0, -1.0, 0.0, -1.0, 3.0, 1.0, 2.0, -1.0, 1.0, 3.0, 3.0, 1.0, 2.0, -1.0, -1.0, 2.0, 1.0, 1.0, 0.0, 3.0, -1.0, 1.0, -1.0, 1.0, 0.0, -1.0, 2.0, 1.0, 0.0, 1.0, 0.0, 0.0, -1.0, 2.0, 97249.0, 521.0, 99522.0
2.0, 1.0, 1.0, 3.0, 3.0, 3.0, 3.0, 1.0, 1.0, -1.0, 2.0, 2.0, 1.0, -1.0, 2.0, 2.0, 2.0, -1.0, 2.0, 0.0, 1.0, 2.0, 0.0, 0.0, 1.0, 3.0, 3.0, 1.0, 2.0, 1.0, 3.0, 0.0, 0.0, 1.0, 0.0, 1.0, 2.0, -1.0, 0.0, 1.0, -1.0, -1.0, 0.0, 3.0, 2.0, 0.0, 3.0, 0.0, 2.0, -1.0, 96884.0, 626.0, 99427.0
0.0, 3.0, 2.0, 3.0, 0.0, -1.0, 2.0, -1.0, 0.0, 2.0, 0.0, -1.0, 3.0, -1.0, -1.0, -1.0, 2.0, 3.0, -1.0, 2.0, 1.0, 0.0, 0.0, 3.0, -1.0, 2.0, 3.0, -1.0, 0.0, 3.0, 1.0, 2.0, 0.0, 2.0, 1.0, -1.0, 0.0, -1.0, 1.0, 0.0, 3.0, 0.0, 2.0, -1.0, 2.0, 3.0, 1.0, -1.0, 1.0, -1.0, 97302.0, 531.0, 99515.0
-1.0, 1.0, 0.0, 2.0, 2.0, 0.0, 0.0, -1.0, 1.0, 2.0, 2.0, 3.0, -1.0, -1.0, -1.0, 0.0, 1.0, -1.0, 0.0, -1.0, 3.0, 1.0, 2.0, -1.0, 1.0, 3.0, 3.0, 1.0, 2.0, -1.0, -1.0, 2.0, 1.0, 1.0, 0.0, 3.0, -1.0, 1.0, -1.0, 1.0, 0.0, -1.0, 2.0, 1.0, 0.0, 1.0, 0.0, 0.0, -1.0, 2.0, 97249.0, 521.0, 99522.0
2.0, 1.0, 1.0, 3.0, 3.0, 3.0, 3.0, 1.0, 1.0, -1.0, 2.0, 2.0, 1.0, -1.0, 2.0, 2.0, 2.0, -1.0, 2.0, 0.0, 1.0, 2.0, 0.0, 0.0, 1.0, 3.0, 3.0, 1.0, 2.0, 1.0, 3.0, 0.0, 0.0, 1.0, 0.0, 1.0, 2.0, -1.0, 0.0, 1.0, -1.0, -1.0, 0.0, 3.0, 2.0, 0.0, 3.0, 0.0, 2.0, -1.0, 96884.0, 626.0, 99427.0
3.0, 2.0, 1.0, 1.0, 2.0, -1.0, 2.0, -1.0, 0.0, 3.0, 2.0, 2.0, 1.0, 3.0, -1.0, 0.0, 3.0, 3.0, 2.0, 3.0, 3.0, 0.0, 2.0, -1.0, 0.0, 2.0, -1.0, 0.0, 3.0, 0.0, 1.0, -1.0, 0.0, 0.0, 1.0, 0.0, 2.0, 2.0, 0.0, -1.0, 1.0, -1.0, 3.0, 0.0, 1.0, 1.0, 2.0, 3.0, 1.0, 1.0, 97002.0, 602.0, 99446.0
3.0, 2.0, 0.0, 2.0, 0.0, 3.0, 1.0, 0.0, 2.0, -1.0, -1.0, 3.0, 2.0, -1.0, -1.0, -1.0, 3.0, 0.0, 1.0, 2.0, 0.0, 3.0, 3.0, -1.0, -1.0, 1.0, 0.0, 0.0, -1.0, 2.0, -1.0, 0.0, 1.0, 2.0, 0.0, 2.0, 0.0, 2.0, 1.0, 1.0, 1.0, -1.0, 1.0, 2.0, 1.0, 0.0, 1.0, 2.0, 1.0, -1.0, 97136.0, 564.0, 99479.0
1.0, 1.0, 2.0, 1.0, 2.0, 1.0, -1.0, 1.0, 1.0, -1.0, -1.0, 3.0, 0.0, 3.0, 1.0, 3.0, 0.0, -1.0, 2.0, 3.0, 0.0, -1.0, 3.0, 3.0, 0.0, 2.0, -1.0, 3.0, 2.0, 3.0, -1.0, 1.0, 0.0, 0.0, 2.0, 1.0, -1.0, -1.0, 2.0, 2.0, 2.0, 0.0, 3.0, 2.0, 0.0, 0.0, 1.0, 0.0, 0.0, -1.0, 97086.0, 581.0, 99460.0
0.0, 3.0, 2.0, 3.0, 0.0, -1.0, 2.0, -1.0, 1.0, 2.0, 0.0, -1.0, 3.0, -1.0, -1.0, -1.0, 2.0, -1.0, -1.0, 2.0, 1.0, 0.0, 0.0, 3.0, -1.0, 2.0, 3.0, -1.0, 0.0, 3.0, 1.0, 2.0, 0.0, 2.0, 1.0, -1.0, 0.0, -1.0, 1.0, 0.0, 3.0, 0.0, 2.0, -1.0, 2.0, 3.0, 1.0, -1.0, 1.0, -1.0, 97363.0, 513.0, 99530.0
0.0, 1.0, 1.0, 0.0, 2.0, 0.0, 0.0, 3.0, 0.0, 2.0, 3.0, 3.0, 3.0, -1.0, -1.0, 0.0, 3.0, 0.0, -1.0, 3.0, -1.0, 3.0, 1.0, 2.0, -1.0, 0.0, 1.0, -1.0, 1.0, -1.0, 2.0, -1.0, 2.0, 2.0, 1.0, -1.0, 1.0, 1.0, 0.0, 1.0, 2.0, 2.0, 1.0, -1.0, 1.0, 3.0, -1.0, 2.0, 3.0, -1.0, 97171.0, 559.0, 99482.0
-1.0, 1.0, 0.0, 2.0, 2.0, 0.0, 0.0, -1.0, 1.0, 2.0, 2.0, 3.0, -1.0, -1.0, -1.0, 0.0, 1.0, -1.0, 0.0, -1.0, 3.0, 1.0, 2.0, -1.0, 1.0, 3.0, 3.0, 1.0, 2.0, -1.0, -1.0, 2.0, 1.0, 1.0, 0.0, 3.0, -1.0, 1.0, -1.0, 1.0, 0.0, -1.0, 2.0, 1.0, 0.0, 1.0, 0.0, 0.0, -1.0, 2.0, 97249.0, 521.0, 99522.0
2.0, 0.0, -1.0, 3.0, 0.0, 2.0, 2.0, 0.0, 2.0, -1.0, -1.0, 0.0, 0.0, 3.0, 3.0, -1.0, 0.0, 2.0, 0.0, 2.0, -1.0, 1.0, 3.0, 1.0, 2.0, 1.0, -1.0, 0.0, 2.0, 1.0, 3.0, 3.0, 0.0, -1.0, -1.0, 1.0, 1.0, 1.0, 0.0, 1.0, 1.0, 0.0, 3.0, 0.0, 2.0, 3.0, -1.0, -1.0, 3.0, -1.0, 97238.0, 567.0, 99477.0
2.0, 1.0, -1.0, 3.0, 3.0, 3.0, 3.0, 1.0, 1.0, -1.0, 2.0, 2.0, 1.0, -1.0, 2.0, 2.0, 2.0, -1.0, 2.0, 0.0, 1.0, 2.0, 0.0, 0.0, 1.0, 3.0, 3.0, 1.0, 2.0, 1.0, 3.0, 0.0, 0.0, 1.0, 0.0, 1.0, 2.0, -1.0, 0.0, 1.0, -1.0, -1.0, 0.0, 3.0, 2.0, 0.0, 1.0, 0.0, 2.0, -1.0, 96893.0, 607.0, 99436.0
3.0, 2.0, 0.0, 2.0, 0.0, 3.0, 1.0, 0.0, 2.0, -1.0, -1.0, 3.0, 2.0, -1.0, -1.0, -1.0, 3.0, 0.0, 1.0, 2.0, 0.0, 3.0, 3.0, -1.0, -1.0, 1.0, 0.0, 0.0, -1.0, 2.0, -1.0, 0.0, 1.0, 2.0, 0.0, 2.0, 0.0, 2.0, 1.0, 1.0, 1.0, -1.0, 1.0, 2.0, 1.0, 0.0, 1.0, 2.0, 1.0, -1.0, 97136.0, 564.0, 99479.0
1.0, 1.0, 2.0, 1.0, 2.0, 1.0, -1.0, 1.0, 1.0, -1.0, -1.0, 3.0, 0.0, 3.0, 1.0, 3.0, 0.0, -1.0, 2.0, 3.0, 0.0, -1.0, 3.0, 3.0, 0.0, 2.0, -1.0, 3.0, 2.0, 3.0, -1.0, 1.0, 0.0, 0.0, 2.0, 1.0, -1.0, -1.0, 2.0, 2.0, 2.0, 0.0, 3.0, 2.0, 0.0, 0.0, 1.0, 0.0, 0.0, -1.0, 97086.0, 581.0, 99460.0
1.0, 2.0, 2.0, 0.0, 2.0, -1.0, 2.0, 0.0, -1.0, 1.0, 0.0, 1.0, -1.0, -1.0, -1.0, 0.0, 2.0, -1.0, -1.0, 3.0, -1.0, 1.0, -1.0, 0.0, 1.0, -1.0, -1.0, -1.0, 2.0, 1.0, -1.0, 1.0, -1.0, -1.0, 2.0, 0.0, 1.0, 2.0, 1.0, 2.0, 0.0, 0.0, 3.0, 0.0, 2.0, 0.0, 1.0, 0.0, 3.0, -1.0, 97125.0, 508.0, 99535.0
1.0, 2.0, 2.0, 0.0, 2.0, -1.0, 2.0, 0.0, -1.0, 1.0, 0.0, 1.0, -1.0, -1.0, -1.0, 0.0, 2.0, -1.0, 1.0, 3.0, -1.0, 1.0, -1.0, 3.0, 1.0, -1.0, -1.0, -1.0, 2.0, -1.0, -1.0, 1.0, -1.0, -1.0, 2.0, 0.0, 1.0, 2.0, 1.0, 2.0, 0.0, 0.0, 3.0, -1.0, 2.0, 0.0, 1.0, 0.0, 3.0, -1.0, 97247.0, 488.0, 99546.0
2.0, 1.0, 1.0, 3.0, 3.0, 3.0, 3.0, 1.0, 1.0, -1.0, 2.0, 2.0, 1.0, -1.0, 2.0, 2.0, 2.0, -1.0, 2.0, 0.0, 1.0, 2.0, 0.0, 0.0, 1.0, 3.0, 3.0, 1.0, 2.0, 1.0, 3.0, 0.0, 0.0, 1.0, 0.0, 1.0, 2.0, -1.0, 0.0, 1.0, -1.0, -1.0, 0.0, 3.0, 2.0, 0.0, 3.0, 0.0, 2.0, -1.0, 96884.0, 626.0, 99427.0
1.0, 0.0, -1.0, -1.0, -1.0, 1.0, -1.0, -1.0, -1.0, -1.0, 3.0, 0.0, 3.0, -1.0, -1.0, -1.0, 0.0, 3.0, 1.0, 2.0, 0.0, 0.0, 3.0, 3.0, 1.0, 2.0, -1.0, 1.0, 0.0, -1.0, 0.0, 2.0, 3.0, 2.0, 0.0, 0.0, 2.0, 2.0, 2.0, 2.0, -1.0, 2.0, 1.0, 0.0, 2.0, 1.0, 1.0, 3.0, 0.0, 1.0, 97312.0, 534.0, 99500.0
0.0, 3.0, 2.0, 3.0, 0.0, -1.0, 2.0, -1.0, 0.0, 2.0, 0.0, -1.0, 3.0, -1.0, -1.0, -1.0, 2.0, 3.0, -1.0, 2.0, 1.0, 0.0, 0.0, 3.0, -1.0, 2.0, 3.0, -1.0, 0.0, 3.0, 1.0, 2.0, 0.0, 2.0, 1.0, -1.0, 0.0, -1.0, 1.0, 0.0, 3.0, 0.0, 2.0, -1.0, 2.0, 3.0, 1.0, -1.0, 1.0, -1.0, 97302.0, 531.0, 99515.0
1.0, 0.0, -1.0, -1.0, -1.0, 1.0, -1.0, -1.0, -1.0, -1.0, 3.0, 0.0, 3.0, 0.0, -1.0, -1.0, 0.0, 3.0, 1.0, 2.0, 0.0, 0.0, 3.0, 3.0, 1.0, 2.0, -1.0, 1.0, 0.0, -1.0, 0.0, 2.0, 3.0, 2.0, 0.0, 0.0, 2.0, 2.0, 2.0, 2.0, -1.0, 2.0, 1.0, 0.0, 0.0, 1.0, 1.0, 3.0, 0.0, 1.0, 97194.0, 549.0, 99489.0
3.0, 2.0, 1.0, 1.0, 2.0, -1.0, 2.0, -1.0, 0.0, 3.0, 2.0, 2.0, 1.0, 3.0, -1.0, 0.0, 3.0, 3.0, 2.0, 3.0, 3.0, 0.0, 2.0, -1.0, 0.0, 2.0, -1.0, 0.0, 3.0, 0.0, 1.0, -1.0, 0.0, 0.0, 1.0, 0.0, 2.0, 2.0, 0.0, -1.0, 1.0, -1.0, 3.0, 0.0, 1.0, 1.0, 2.0, 3.0, 1.0, 1.0, 97002.0, 602.0, 99446.0
1.0, 0.0, -1.0, -1.0, -1.0, 3.0, -1.0, -1.0, -1.0, -1.0, 3.0, 2.0, 3.0, 0.0, -1.0, -1.0, 0.0, 3.0, 1.0, 2.0, 0.0, 0.0, 3.0, 3.0, 1.0, -1.0, -1.0, 1.0, 0.0, -1.0, 0.0, 2.0, 3.0, 2.0, 0.0, 0.0, -1.0, 2.0, 2.0, 2.0, -1.0, 2.0, 1.0, 0.0, 2.0, 1.0, 1.0, 3.0, 0.0, 1.0, 97433.0, 521.0, 99512.0
3.0, 2.0, 0.0, 2.0, 0.0, 3.0, 1.0, 0.0, 2.0, -1.0, -1.0, 3.0, 2.0, -1.0, -1.0, -1.0, 3.0, 0.0, 1.0, 2.0, 0.0, 3.0, 3.0, -1.0, -1.0, 1.0, 0.0, 0.0, -1.0, -1.0, -1.0, 0.0, 1.0, 2.0, 0.0, 2.0, 0.0, 2.0, 1.0, 1.0, 1.0, -1.0, 1.0, 2.0, 1.0, 0.0, 1.0, 2.0, 1.0, -1.0, 97163.0, 547.0, 99490.0
1.0, 1.0, 2.0, 1.0, 2.0, 1.0, -1.0, 1.0, 1.0, -1.0, -1.0, 3.0, 0.0, 3.0, 1.0, 3.0, 0.0, -1.0, 2.0, 3.0, 0.0, -1.0, 3.0, 3.0, 0.0, 2.0, -1.0, 3.0, 2.0, 3.0, -1.0, 1.0, 0.0, 0.0, 2.0, 1.0, -1.0, -1.0, 2.0, 2.0, 2.0, 0.0, 3.0, 2.0, 0.0, 0.0, 1.0, 0.0, 0.0, -1.0, 97086.0, 581.0, 99460.0
-1.0, 3.0, 2.0, 1.0, 0.0, 2.0, 2.0, 2.0, 1.0, 0.0, 1.0, 1.0, 0.0, -1.0, -1.0, 1.0, 3.0, 1.0, 1.0, 2.0, 3.0, -1.0, 2.0, -1.0, -1.0, 2.0, 2.0, -1.0, 0.0, -1.0, 1.0, -1.0, 1.0, 1.0, 1.0, 0.0, 0.0, 3.0, -1.0, 1.0, -1.0, 2.0, 3.0, 3.0, 3.0, 0.0, 0.0, 0.0, 3.0, 3.0, 97173.0, 557.0, 99485.0
0.0, 1.0, 1.0, 0.0, 2.0, 0.0, 0.0, 3.0, 0.0, 2.0, 3.0, 3.0, 3.0, -1.0, -1.0, 0.0, 3.0, 0.0, -1.0, 3.0, -1.0, 3.0, 1.0, 2.0, -1.0, 0.0, -1.0, -1.0, 1.0, -1.0, 2.0, -1.0, 2.0, 2.0, 1.0, -1.0, 1.0, 1.0, 0.0, 1.0, 2.0, 2.0, 1.0, -1.0, 1.0, 3.0, -1.0, 2.0, 3.0, -1.0, 97239.0, 540.0, 99492.0
-1.0, 1.0, 0.0, 2.0, 2.0, 0.0, 0.0, -1.0, 1.0, 2.0, 2.0, 3.0, -1.0, -1.0, -1.0, 0.0, 1.0, -1.0, 0.0, -1.0, 3.0, 1.0, 2.0, -1.0, 1.0, 3.0, 3.0, 1.0, 2.0, -1.0, -1.0, 2.0, 1.0, 1.0, 0.0, 3.0, -1.0, 1.0, -1.0, 1.0, 0.0, -1.0, 2.0, 1.0, 0.0, 1.0, 0.0, 0.0, -1.0, 2.0, 97249.0, 521.0, 99522.0
2.0, 0.0, -1.0, 3.0, 0.0, 2.0, 2.0, 0.0, 2.0, -1.0, -1.0, 0.0, 0.0, 3.0, 3.0, -1.0, 0.0, 2.0, 0.0, 2.0, -1.0, 1.0, 3.0, 1.0, 2.0, 1.0, -1.0, 0.0, 2.0, 1.0, 3.0, 3.0, 0.0, -1.0, -1.0, 1.0, 1.0, 1.0, 0.0, 1.0, 1.0, 0.0, 3.0, 0.0, 2.0, 3.0, -1.0, -1.0, 3.0, -1.0, 97238.0, 567.0, 99477.0
1.0, 0.0, -1.0, -1.0, -1.0, 3.0, -1.0, -1.0, -1.0, -1.0, 3.0, 0.0, 3.0, 0.0, -1.0, -1.0, 0.0, 3.0, 1.0, 2.0, 0.0, 0.0, 3.0, 3.0, 1.0, -1.0, -1.0, 1.0, 0.0, -1.0, 0.0, 2.0, 3.0, 2.0, 0.0, 0.0, 2.0, 2.0, 2.0, 2.0, -1.0, 2.0, 1.0, 0.0, 1.0, 1.0, 1.0, 3.0, 0.0, 1.0, 97311.0, 533.0, 99503.0
2.0, 1.0, -1.0, 3.0, 3.0, 3.0, 3.0, 1.0, 1.0, -1.0, 2.0, 2.0, 1.0, -1.0, 2.0, 2.0, 2.0, -1.0, 2.0, 0.0, 1.0, 2.0, 0.0, 0.0, 1.0, 3.0, 3.0, 1.0, 2.0, 1.0, 3.0, 0.0, 0.0, 1.0, 0.0, 1.0, 2.0, -1.0, 0.0, 1.0, -1.0, -1.0, 0.0, 3.0, 2.0, 0.0, 1.0, 0.0, 2.0, -1.0, 96893.0, 607.0, 99436.0
3.0, 2.0, 0.0, 2.0, 0.0, 3.0, 1.0, 0.0, 2.0, -1.0, -1.0, 3.0, 2.0, -1.0, -1.0, -1.0, 3.0, 0.0, 1.0, 2.0, 0.0, 3.0, 3.0, -1.0, -1.0, 1.0, 0.0, 0.0, -1.0, 2.0, -1.0, 0.0, 1.0, 2.0, 0.0, 2.0, 0.0, 2.0, 1.0, 1.0, 1.0, -1.0, 1.0, 2.0, 1.0, 0.0, 1.0, 2.0, 1.0, -1.0, 97136.0, 564.0, 99479.0
1.0, 1.0, 2.0, 1.0, 2.0, 1.0, -1.0, 1.0, 1.0, -1.0, -1.0, 3.0, 0.0, 3.0, 1.0, 3.0, 0.0, -1.0, 2.0, 3.0, 0.0, -1.0, 3.0, 3.0, 0.0, 2.0, -1.0, 3.0, 2.0, 3.0, -1.0, 1.0, 0.0, 0.0, 2.0, 1.0, -1.0, -1.0, 2.0, 2.0, 2.0, 0.0, 3.0, 2.0, 0.0, 0.0, 1.0, 0.0, 0.0, -1.0, 97086.0, 581.0, 99460.0
-1.0, 1.0, -1.0, 2.0, 2.0, 0.0, 2.0, 2.0, 1.0, 3.0, -1.0, 2.0, 0.0, 3.0, -1.0, 1.0, 1.0, 0.0, 1.0, 3.0, 3.0, 3.0, 2.0, -1.0, -1.0, 1.0, 3.0, 0.0, 0.0, 3.0, 0.0, 1.0, -1.0, 1.0, 3.0, 0.0, 3.0, 1.0, 2.0, 3.0, 3.0, 0.0, -1.0, 1.0, 2.0, -1.0, -1.0, 0.0, 0.0, -1.0, 97393.0, 554.0, 99484.0
1.0, 2.0, 2.0, 0.0, 2.0, -1.0, 2.0, 0.0, -1.0, 1.0, 0.0, 1.0, -1.0, -1.0, -1.0, 0.0, 2.0, -1.0, -1.0, 3.0, -1.0, 1.0, -1.0, 0.0, 1.0, -1.0, -1.0, -1.0, 2.0, 1.0, -1.0, 1.0, -1.0, -1.0, 2.0, 0.0, 1.0, 2.0, 1.0, 2.0, 0.0, 0.0, 3.0, 0.0, 2.0, 0.0, 1.0, 0.0, 3.0, -1.0, 97125.0, 508.0, 99535.0
1.0, 2.0, 2.0, 0.0, 2.0, -1.0, 2.0, 0.0, -1.0, 1.0, 0.0, 1.0, -1.0, -1.0, -1.0, 0.0, 2.0, -1.0, 1.0, 3.0, -1.0, 1.0, -1.0, 3.0, 1.0, -1.0, -1.0, -1.0, 2.0, -1.0, -1.0, 1.0, -1.0, -1.0, 2.0, 0.0, 1.0, 2.0, 1.0, 2.0, 0.0, 0.0, 3.0, -1.0, 2.0, 0.0, 1.0, 0.0, 3.0, -1.0, 97247.0, 488.0, 99546.0
-1.0, 2.0, -1.0, 2.0, 2.0, 0.0, 2.0, 2.0, 1.0, 3.0, -1.0, 2.0, 0.0, 2.0, -1.0, 1.0, 1.0, 0.0, 1.0, 3.0, 3.0, 3.0, 2.0, -1.0, -1.0, 1.0, 3.0, 0.0, 0.0, 3.0, 0.0, 1.0, -1.0, 1.0, 3.0, 0.0, 3.0, 1.0, 2.0, 3.0, 3.0, 0.0, -1.0, 1.0, 2.0, -1.0, -1.0, 0.0, 3.0, -1.0, 97464.0, 554.0, 99484.0
3.0, 2.0, 1.0, 1.0, 2.0, -1.0, 2.0, -1.0, 0.0, 2.0, 2.0, 2.0, 1.0, 3.0, -1.0, 0.0, 3.0, 3.0, 2.0, 3.0, 3.0, 0.0, 2.0, -1.0, 3.0, 1.0, -1.0, 0.0, 3.0, 0.0, 1.0, -1.0, 0.0, 0.0, 1.0, 0.0, 2.0, 2.0, 0.0, -1.0, 1.0, -1.0, 3.0, 0.0, 1.0, 1.0, 2.0, 3.0, 1.0, 1.0, 97017.0, 602.0, 99446.0
1.0, 0.0, -1.0, -1.0, -1.0, 3.0, -1.0, -1.0, -1.0, -1.0, 3.0, 0.0, 3.0, 0.0, -1.0, -1.0, 0.0, 3.0, 1.0, 2.0, 0.0, 0.0, 3.0, 3.0, 1.0, -1.0, -1.0, 1.0, 0.0, -1.0, 0.0, 2.0, 3.0, 2.0, 0.0, 0.0, 2.0, 2.0, 2.0, 2.0, -1.0, 2.0, 1.0, 0.0, 2.0, 1.0, 1.0, 3.0, 0.0, 1.0, 97339.0, 533.0, 99503.0
1.0, 0.0, -1.0, -1.0, -1.0, 3.0, -1.0, -1.0, -1.0, -1.0, 3.0, 0.0, 3.0, 0.0, -1.0, -1.0, 0.0, 3.0, 1.0, 2.0, 0.0, 0.0, 3.0, 3.0, 1.0, -1.0, -1.0, 1.0, 0.0, -1.0, 0.0, 2.0, 3.0, 2.0, 0.0, 0.0, 2.0, 2.0, 2.0, 2.0, -1.0, 2.0, 1.0, 0.0, 2.0, 1.0, 1.0, 3.0, 0.0, 1.0, 97339.0, 533.0, 99503.0
0.0, 3.0, 2.0, 3.0, 0.0, -1.0, 2.0, -1.0, 1.0, 2.0, 0.0, -1.0, 3.0, -1.0, -1.0, -1.0, 2.0, -1.0, -1.0, 2.0, 1.0, 0.0, 3.0, 3.0, -1.0, 2.0, 3.0, -1.0, 0.0, 3.0, 1.0, 2.0, 0.0, 2.0, 1.0, -1.0, 0.0, -1.0, 1.0, 0.0, 3.0, 0.0, 2.0, -1.0, 2.0, 3.0, 1.0, -1.0, 1.0, -1.0, 97447.0, 513.0, 99530.0
2.0, 1.0, 1.0, 3.0, 3.0, 3.0, 3.0, 1.0, 1.0, -1.0, 2.0, 2.0, 1.0, -1.0, 2.0, 2.0, 2.0, -1.0, 2.0, 0.0, 1.0, 2.0, 0.0, 0.0, 1.0, 3.0, 3.0, 1.0, 2.0, -1.0, 3.0, 0.0, 0.0, 1.0, 0.0, 1.0, 2.0, -1.0, 0.0, 1.0, -1.0, -1.0, 0.0, 3.0, 2.0, 0.0, 3.0, 0.0, 2.0, -1.0, 96921.0, 609.0, 99438.0
3.0, 2.0, 1.0, 1.0, 2.0, -1.0, 2.0, -1.0, 0.0, 2.0, 2.0, 2.0, 1.0, 3.0, -1.0, -1.0, 3.0, 3.0, 2.0, 3.0, 3.0, 0.0, 2.0, -1.0, 3.0, 1.0, -1.0, 0.0, 3.0, 0.0, 1.0, -1.0, 0.0, 0.0, 1.0, 0.0, 2.0, 2.0, 0.0, -1.0, 1.0, -1.0, 3.0, 0.0, 1.0, 1.0, 2.0, 3.0, 1.0, 1.0, 97189.0, 584.0, 99464.0
1.0, 1.0, 2.0, 1.0, 2.0, 1.0, -1.0, 1.0, 1.0, -1.0, -1.0, 3.0, 0.0, 3.0, 1.0, 3.0, 0.0, -1.0, 2.0, 3.0, 0.0, -1.0, 3.0, 2.0, 0.0, 2.0, -1.0, 3.0, 2.0, 3.0, -1.0, 1.0, 0.0, 0.0, 2.0, 1.0, -1.0, 3.0, 2.0, 2.0, 2.0, 0.0, 3.0, 2.0, 0.0, 0.0, 1.0, 0.0, 0.0, -1.0, 97050.0, 597.0, 99449.0
1.0, 1.0, 2.0, 1.0, 2.0, 1.0, -1.0, 1.0, 1.0, -1.0, -1.0, 3.0, 0.0, 3.0, 1.0, 3.0, 0.0, -1.0, 2.0, 3.0, 0.0, -1.0, 3.0, 2.0, 0.0, 2.0, -1.0, 3.0, 2.0, 3.0, -1.0, 1.0, 0.0, 0.0, 2.0, 1.0, -1.0, 3.0, 2.0, 2.0, 2.0, 0.0, 3.0, 2.0, 0.0, 0.0, 1.0, 0.0, 0.0, -1.0, 97050.0, 597.0, 99449.0
1.0, 1.0, 2.0, 1.0, 2.0, 1.0, -1.0, 1.0, 1.0, -1.0, -1.0, 3.0, 0.0, 3.0, 1.0, 3.0, 0.0, -1.0, 2.0, 3.0, 0.0, -1.0, 3.0, 2.0, 0.0, 2.0, -1.0, 3.0, 2.0, 3.0, -1.0, 1.0, 0.0, 0.0, 2.0, 1.0, -1.0, 3.0, 2.0, 2.0, 2.0, 0.0, 3.0, 2.0, 0.0, 0.0, 1.0, 0.0, 0.0, -1.0, 97050.0, 597.0, 99449.0
1.0, 1.0, 2.0, 1.0, 2.0, 1.0, -1.0, 1.0, 1.0, -1.0, -1.0, 3.0, 0.0, 3.0, 1.0, 3.0, 0.0, -1.0, 2.0, 3.0, 0.0, -1.0, 3.0, 2.0, 0.0, 2.0, -1.0, 3.0, 2.0, 3.0, -1.0, 1.0, 0.0, 0.0, 2.0, 1.0, -1.0, 3.0, 2.0, 2.0, 2.0, 0.0, 3.0, 2.0, 0.0, 0.0, 1.0, 0.0, 0.0, -1.0, 97050.0, 597.0, 99449.0
1.0, 1.0, 2.0, 1.0, 2.0, 1.0, -1.0, 1.0, 1.0, -1.0, -1.0, 3.0, 0.0, 3.0, 1.0, 3.0, 0.0, -1.0, 2.0, 3.0, 0.0, -1.0, 3.0, 2.0, 0.0, 2.0, -1.0, 3.0, 2.0, 3.0, -1.0, 1.0, 0.0, 0.0, 2.0, 1.0, -1.0, 3.0, 2.0, 2.0, 2.0, 0.0, 3.0, 2.0, 0.0, 0.0, 1.0, 0.0, 0.0, -1.0, 97050.0, 597.0, 99449.0
-1.0, 3.0, 0.0, 2.0, 3.0, 2.0, -1.0, 1.0, 1.0, 0.0, -1.0, 3.0, 2.0, 2.0, -1.0, 1.0, 1.0, 1.0, 2.0, -1.0, -1.0, 3.0, 2.0, 0.0, -1.0, 0.0, 3.0, 0.0, 2.0, -1.0, 0.0, 1.0, 1.0, 1.0, 3.0, 0.0, 1.0, 2.0, 2.0, 1.0, 0.0, 0.0, 3.0, 2.0, -1.0, 0.0, 0.0, 2.0, 3.0, 1.0, 97045.0, 604.0, 99442.0
-1.0, 3.0, 0.0, 2.0, 3.0, 2.0, -1.0, 1.0, 1.0, 0.0, -1.0, 3.0, 2.0, 2.0, -1.0, 1.0, 1.0, 1.0, 2.0, -1.0, -1.0, 3.0, 2.0, 0.0, -1.0, 0.0, 3.0, 0.0, 2.0, -1.0, 0.0, 1.0, 1.0, 1.0, 3.0, 0.0, 1.0, 2.0, 2.0, 1.0, 0.0, 0.0, 3.0, 2.0, -1.0, 0.0, 0.0, 2.0, 3.0, 1.0, 97045.0, 604.0, 99442.0
-1.0, 3.0, 0.0, 2.0, 3.0, 2.0, -1.0, 1.0, 1.0, 0.0, -1.0, 3.0, 2.0, 2.0, -1.0, 1.0, 1.0, 1.0, 2.0, -1.0, -1.0, 3.0, 2.0, 0.0, -1.0, 0.0, 3.0, 0.0, 2.0, -1.0, 0.0, 1.0, 1.0, 1.0, 3.0, 0.0, 1.0, 2.0, 2.0, 1.0, 0.0, 0.0, 3.0, 2.0, -1.0, 0.0, 0.0, 2.0, 3.0, 1.0, 97045.0, 604.0, 99442.0
-1.0, 3.0, 0.0, 2.0, 3.0, 2.0, -1.0, 1.0, 1.0, 0.0, -1.0, 3.0, 2.0, 2.0, -1.0, 1.0, 1.0, 1.0, 2.0, -1.0, -1.0, 3.0, 2.0, 0.0, -1.0, 0.0, 3.0, 0.0, 2.0, -1.0, 0.0, 1.0, 1.0, 1.0, 3.0, 0.0, 1.0, 2.0, 2.0, 1.0, 0.0, 0.0, 3.0, 2.0, -1.0, 0.0, 0.0, 2.0, 3.0, 1.0, 97045.0, 604.0, 99442.0
-1.0, 3.0, 0.0, 2.0, 3.0, 2.0, -1.0, 1.0, 1.0, 0.0, -1.0, 3.0, 2.0, 2.0, -1.0, 1.0, 1.0, 1.0, 2.0, -1.0, -1.0, 3.0, 2.0, 0.0, -1.0, 0.0, 3.0, 0.0, 2.0, -1.0, 0.0, 1.0, 1.0, 1.0, 3.0, 0.0, 1.0, 2.0, 2.0, 1.0, 0.0, 0.0, 3.0, 2.0, -1.0, 0.0, 0.0, 2.0, 3.0, 1.0, 97045.0, 604.0, 99442.0
-1.0, 1.0, 0.0, 2.0, 2.0, 0.0, 0.0, -1.0, 1.0, 2.0, 2.0, 3.0, -1.0, -1.0, -1.0, 0.0, 1.0, -1.0, 0.0, -1.0, 3.0, 1.0, 2.0, -1.0, 1.0, 3.0, 3.0, 1.0, 2.0, -1.0, -1.0, 2.0, 1.0, 2.0, 0.0, 3.0, -1.0, 1.0, -1.0, 1.0, 0.0, -1.0, 2.0, 1.0, 0.0, 1.0, 0.0, 0.0, -1.0, 2.0, 97264.0, 521.0, 99522.0
-1.0, 3.0, 0.0, 2.0, 3.0, 2.0, -1.0, 1.0, 1.0, 0.0, -1.0, 3.0, 2.0, 2.0, -1.0, 1.0, 1.0, 1.0, 2.0, -1.0, -1.0, 3.0, 2.0, 0.0, -1.0, 0.0, 3.0, 0.0, 2.0, -1.0, 0.0, 1.0, 1.0, 1.0, 3.0, 0.0, 1.0, 2.0, 2.0, 1.0, 0.0, 0.0, 3.0, 2.0, -1.0, 0.0, 0.0, 2.0, 3.0, 1.0, 97045.0, 604.0, 99442.0
-1.0, 3.0, 0.0, 2.0, 3.0, 2.0, -1.0, 1.0, 1.0, 0.0, -1.0, 3.0, 2.0, 2.0, -1.0, 1.0, 1.0, 1.0, 2.0, -1.0, -1.0, 3.0, 2.0, 0.0, -1.0, 0.0, 3.0, 0.0, 2.0, -1.0, 0.0, 1.0, 1.0, 1.0, 3.0, 0.0, 1.0, 2.0, 2.0, 1.0, 0.0, 0.0, 3.0, 2.0, -1.0, 0.0, 0.0, 2.0, 3.0, 1.0, 97045.0, 604.0, 99442.0
