0.51184671077, 0.883948842113, 6.9091799702, 0.333485219702, 23.595168549, 41.1740388783, 3.10506422173, 0.714924152133, 27.295627002, 982.923966856, 0.49699687458, 0.0169014084507
0.52224845, 1.14141144762, 4.81086256437, 0.373744014231, 6.12439677139, 42.2835517049, 3.79672480713, 1.58411835434, 26.9053366732, 1213.01673742, 0.44798178151, 0.323643410853
0.528466012696, 1.1579413068, 3.4578685681, 0.219919216596, 11.7813168947, 46.2559817468, 3.09214635799, 1.63765005994, 34.4638696928, 834.638801032, 0.425718219557, 0.442700156986
0.562854034333, 1.01530113489, 2.5288081639, 0.239158531615, 46.9594474999, 42.4549393085, 3.67088089332, 1.26320305787, 23.2975641241, 407.692829821, 0.426978924481, 0.592928377153
0.808158620987, 0.93846408084, 2.1695032797, 0.449191297237, 25.7260444767, 44.5485916748, 2.18843398178, 0.501440453888, 23.0027738164, 306.934233123, 0.535933570097, 0.0
0.617350657517, 0.931398459024, 2.15473461972, 0.410760336616, 13.2774042487, 46.2801368355, 2.95015387879, 0.463090508897, 27.7325631851, 274.429287822, 0.588789865256, 0.0144927536232
0.528466012696, 1.1579413068, 3.4578685681, 0.219919216596, 11.7813168947, 46.2559817468, 3.96855462689, 1.63765005994, 34.4638696928, 701.702898282, 0.417036364099, 0.504550050556
0.562854034333, 1.01530113489, 2.5288081639, 0.239158531615, 46.9594474999, 42.4549393085, 3.67088089332, 1.26320305787, 23.2975641241, 468.205382415, 0.45725606171, 0.256470588235
0.692672694518, 0.870089480476, 5.1938546011, 0.245010553476, 42.4371181406, 45.5675417064, 2.93409509669, 1.50949863421, 21.3773215944, 587.806093005, 0.473046847536, 0.130841121495
0.772958466059, 1.17243302113, 5.46172668137, 0.471901851973, 35.8963256285, 46.8827213375, 2.69716822046, 3.83605236877, 38.7404116023, 1221.70016124, 0.531813175164, 0.0
0.617350657517, 0.931398459024, 2.15473461972, 0.410760336616, 13.2774042487, 44.5485916748, 2.95015387879, 0.463090508897, 27.7325631851, 241.632226828, 0.552329028756, 0.153846153846
0.562854034333, 1.01530113489, 2.5288081639, 0.239158531615, 42.4371181406, 42.4549393085, 3.67088089332, 1.26320305787, 23.2975641241, 409.794198512, 0.468907615777, 0.368347338936
0.503926864432, 0.93846408084, 2.06288566868, 0.374689000582, 25.7260444767, 47.8913291584, 2.18843398178, 1.424672285, 26.7073471945, 272.986264741, 0.433504108454, 0.4
0.520117214043, 1.04161375632, 3.92571947381, 0.384069787853, 30.2519399872, 41.5532038638, 3.29291235585, 3.97156258403, 30.0662446483, 729.824134338, 0.52410538483, 0.0300546448087
0.52224845, 0.883948842113, 4.81086256437, 0.373744014231, 6.12439677139, 42.2835517049, 3.79672480713, 1.58411835434, 26.9053366732, 649.56827188, 0.429514740074, 0.501113585746
0.562854034333, 1.01530113489, 2.5288081639, 0.239158531615, 46.9594474999, 42.4549393085, 3.67088089332, 1.26320305787, 23.2975641241, 392.931996527, 0.526549972804, 0.178841309824
0.772958466059, 1.17243302113, 5.46172668137, 0.471901851973, 35.8963256285, 46.8827213375, 2.69716822046, 3.83605236877, 38.7404116023, 1066.49337764, 0.534714118115, 0.0
0.503926864432, 0.834022002396, 2.06288566868, 0.374689000582, 25.7260444767, 47.8913291584, 2.18843398178, 1.424672285, 30.0662446483, 247.642322727, 0.525187286423, 0.264705882353
0.52224845, 1.16655825985, 5.94549208471, 0.289261664387, 11.7813168947, 41.1740388783, 3.96855462689, 1.55337135667, 33.1984780276, 1522.10486951, 0.415954985822, 0.592156862745
0.617350657517, 0.931398459024, 2.01781156089, 0.34754901006, 18.7821443657, 46.2801368355, 2.95015387879, 1.63120149342, 27.7325631851, 321.261225823, 0.414047826745, 0.6
0.536770003824, 1.01530113489, 2.5288081639, 0.239158531615, 46.9594474999, 43.9543872725, 3.67088089332, 1.26320305787, 23.2975641241, 435.926867332, 0.430429806314, 0.574803149606
0.761053841913, 1.04757605163, 2.46929259606, 0.309787076759, 29.9085668169, 44.4552534643, 2.74849637587, 1.80103163222, 24.4654337404, 368.525660705, 0.504718727262, 0.25
0.511752023619, 0.862577777372, 7.42734959437, 0.218073948999, 40.6099255703, 41.8365934814, 2.55104778527, 1.47612425967, 20.0844231524, 667.823718916, 0.402652759764, 0.603715170279
0.623864780005, 1.18918130721, 3.27486387487, 0.466941617319, 3.29967557448, 47.2603128885, 2.95206767533, 3.73075751884, 21.3466599136, 559.702335366, 0.489680055214, 0.046511627907
0.52224845, 1.16655825985, 5.82976386593, 0.289261664387, 11.7813168947, 41.1740388783, 3.96855462689, 1.58411835434, 34.4638696928, 1592.93479256, 0.42214857022, 0.582292849035
0.546210380814, 1.10997186093, 7.55548000699, 0.413799314899, 40.6808544373, 43.7557745014, 2.19323708833, 4.73788178323, 39.8107003975, 1436.82385954, 0.530012529953, 0.025
0.646160525349, 1.13566327292, 4.34336388344, 0.328672133291, 5.25519241931, 46.90230546, 2.54938256978, 1.80103163222, 24.4654337404, 752.648899893, 0.424698610688, 0.646153846154
0.660532159268, 1.07154178985, 3.17449268398, 0.468356230688, 17.3012245202, 46.2563807457, 2.9507181107, 3.33077782951, 38.3017000775, 534.991199807, 0.532725740226, 0.214285714286
0.799667273026, 0.939461851583, 5.91621159052, 0.466305184777, 40.462440259, 42.3523415918, 2.300147813, 3.62628475338, 33.874460806, 864.826302201, 0.48733657528, 0.18691588785
0.806066519111, 0.822617844746, 2.71780609353, 0.308851824672, 14.6444076088, 48.5656706136, 2.84474803315, 0.0891543538694, 21.1631210467, 302.941566043, 0.574694342607, 0.264150943396
0.528466012696, 1.1579413068, 3.4578685681, 0.219919216596, 6.12439677139, 46.2559817468, 3.79672480713, 1.63765005994, 22.7321876442, 737.021166576, 0.469555392562, 0.278801843318
0.654916805407, 0.910433883241, 6.57419621346, 0.26801912385, 18.7626702229, 43.4672474403, 3.06831620123, 1.15655335676, 20.895411752, 878.547788767, 0.46268689672, 0.394578313253
0.688080323059, 0.871651575364, 3.53246913454, 0.456781700012, 3.80611041323, 42.765761955, 3.89295323585, 1.3570781949, 40.3718784911, 552.056875788, 0.444851715966, 0.519736842105
0.826814780896, 0.93846408084, 2.09238247796, 0.374689000582, 25.7260444767, 47.8913291584, 2.18843398178, 1.424672285, 23.0027738164, 289.467615609, 0.504843365184, 0.568181818182
0.780499264857, 0.836289871388, 5.43868829677, 0.268157981266, 43.4234300961, 49.6266600762, 2.22851141349, 1.43927274592, 21.1098146864, 586.24512424, 0.440421105009, 0.544642857143
0.562854034333, 1.01530113489, 2.5288081639, 0.239158531615, 46.9594474999, 42.4549393085, 3.67088089332, 1.26320305787, 23.2975641241, 424.860411768, 0.445475386076, 0.434782608696
0.761053841913, 1.04757605163, 2.46929259606, 0.309787076759, 29.9085668169, 44.4552534643, 2.74849637587, 1.80103163222, 24.4654337404, 324.158197419, 0.502312465406, 0.464646464646
0.63199361914, 1.22084768491, 7.68667964665, 0.430635535678, 17.8246142649, 45.2362204407, 3.11307302551, 1.56565962009, 31.6160788065, 2090.04683153, 0.440261017135, 0.426611796982
0.562854034333, 1.01530113489, 2.5288081639, 0.239158531615, 46.9594474999, 42.4549393085, 3.67088089332, 1.26320305787, 23.2975641241, 417.42068811, 0.453986973023, 0.402157164869
0.77226329987, 0.941475048075, 2.46174752127, 0.264394082544, 34.320276207, 42.978550559, 3.50555480203, 1.63765005994, 32.8729644493, 387.05188222, 0.462203200871, 0.585917854149
0.684302672985, 1.24300627062, 4.73262042297, 0.336256373088, 34.4028228126, 49.3822296252, 2.08490820455, 1.95799110386, 28.4481966303, 955.056733281, 0.4288149224, 0.641414141414
0.896095776655, 0.909204686014, 7.11346418507, 0.225637474561, 47.6327177451, 40.3833167729, 2.76936153671, 1.50399881865, 20.2737191265, 882.213441089, 0.428548692175, 0.643274853801
0.582686621782, 0.96541575092, 7.1666377596, 0.429380111354, 3.39077542598, 42.6018775738, 3.97384357406, 1.94417885775, 32.4382424413, 1245.67897772, 0.488307786102, 0.229024943311
0.849477927942, 1.08297636611, 3.15595916688, 0.309414156015, 18.7821443657, 45.7979299462, 2.16027300583, 1.63120149342, 43.3842311139, 437.485195959, 0.514000054714, 0.392592592593
0.511752023619, 1.25491525478, 7.42734959437, 0.433814649289, 34.1908199154, 42.8555920585, 3.75757876198, 1.47612425967, 20.0844231524, 1914.85568045, 0.440189848745, 0.492325855962
0.52224845, 1.14141144762, 4.81086256437, 0.373744014231, 6.12439677139, 41.1740388783, 3.79672480713, 1.58411835434, 26.9053366732, 1051.82836754, 0.489925866671, 0.0505617977528
0.694811058957, 0.837552304994, 4.22508151483, 0.236206045445, 25.6873902155, 46.3919481151, 3.56686834691, 3.7604523371, 28.8832546244, 596.866791865, 0.533711458533, 0.080604534005
0.70844479258, 1.0010864414, 4.54065411, 0.258135728147, 47.9657454082, 41.9930847528, 2.30892177417, 2.38448662399, 22.1394881955, 568.358646824, 0.496914214553, 0.0869565217391
0.583796358384, 0.820383588554, 5.60988012858, 0.231181891515, 48.3068971599, 43.797124555, 3.61437683724, 2.10950869053, 21.4018927406, 741.818252687, 0.518294989059, 0.0819672131148
0.534530376842, 1.16948236978, 7.45393693199, 0.294091893944, 29.4742898106, 43.8155622858, 3.29866722626, 1.618608923, 28.9083956013, 1811.937296, 0.472882393613, 0.323741007194
0.688080323059, 0.871651575364, 3.53246913454, 0.425888031816, 3.80611041323, 42.765761955, 3.89295323585, 1.3570781949, 40.3718784911, 532.38874402, 0.451448331555, 0.488372093023
0.617350657517, 0.931398459024, 2.15473461972, 0.34754901006, 12.6632228389, 46.2801368355, 2.95015387879, 0.463090508897, 27.7325631851, 284.663914807, 0.578720522026, 0.278409090909
0.806066519111, 0.822617844746, 2.71780609353, 0.308851824672, 36.7773965614, 48.5656706136, 2.84474803315, 2.04945142369, 21.1631210467, 258.402859041, 0.581464265804, 0.380952380952
0.590032072252, 0.914518198328, 7.75621333493, 0.436133371618, 9.44353062369, 47.5225433094, 3.97600829924, 1.60505088664, 27.0025631407, 1164.51581795, 0.490103101359, 0.121212121212
0.52224845, 1.14141144762, 7.17114444367, 0.373744014231, 6.12439677139, 42.2835517049, 3.79672480713, 1.58411835434, 26.9053366732, 1646.16366882, 0.450130591576, 0.440860215054
0.808158620987, 0.877650972909, 2.1695032797, 0.449191297237, 25.7260444767, 43.8266013311, 3.38430953391, 0.501440453888, 23.0027738164, 287.43524327, 0.589145962624, 0.214681440443
0.623864780005, 1.18918130721, 3.27486387487, 0.466941617319, 5.82551347616, 43.3157657344, 2.95206767533, 3.83970227724, 21.3466599136, 514.683419915, 0.522571418378, 0.307262569832
0.622460690343, 1.1579413068, 3.4578685681, 0.205052057133, 11.7813168947, 41.1740388783, 3.96855462689, 1.63765005994, 34.4638696928, 647.598811485, 0.484043579073, 0.262206148282
0.590032072252, 1.13566327292, 4.34336388344, 0.328672133291, 5.25519241931, 46.90230546, 2.54938256978, 1.60505088664, 24.4654337404, 834.187900312, 0.454661035924, 0.487684729064
0.806066519111, 0.822617844746, 3.53246913454, 0.456781700012, 3.85108645772, 42.765761955, 3.89295323585, 1.3570781949, 40.3718784911, 572.117087894, 0.447361047574, 0.578629032258
0.613195948604, 1.0629869202, 5.68125713822, 0.454503260848, 36.5994400184, 41.3321754532, 2.76567982892, 2.88082958926, 37.86889582, 948.013807602, 0.476414856768, 0.311320754717
0.582686621782, 0.96541575092, 7.1666377596, 0.429380111354, 3.39077542598, 42.6018775738, 3.97384357406, 1.94417885775, 32.4382424413, 1245.04560548, 0.522850352978, 0.0739299610895
0.51184671077, 1.16948236978, 6.9091799702, 0.294091893944, 29.4742898106, 42.2835517049, 2.60272191062, 0.714924152133, 28.9083956013, 1187.60378255, 0.513286000441, 0.0866666666667
0.729504817623, 0.834599896827, 5.45206829714, 0.368693525922, 19.321702703, 45.5525236955, 2.20931276767, 4.28190687284, 34.8986873299, 578.549482308, 0.565839327555, 0.0183486238532
0.688080323059, 0.871651575364, 3.53246913454, 0.456781700012, 3.80611041323, 42.765761955, 3.89295323585, 1.3570781949, 40.3718784911, 657.022073852, 0.562478758875, 0.0150943396226
0.688080323059, 0.871651575364, 3.53246913454, 0.425888031816, 3.80611041323, 42.765761955, 3.89295323585, 1.3570781949, 40.3718784911, 580.240980771, 0.614960821467, 0.0
0.590032072252, 0.914518198328, 7.75621333493, 0.382796345459, 9.44353062369, 47.5225433094, 3.63214486186, 1.60505088664, 27.0025631407, 987.39724777, 0.53988958113, 0.0
0.580066816266, 0.878511261333, 3.39333387037, 0.417472022626, 23.026650865, 46.6921116421, 3.6142158181, 1.49419398628, 29.3069454905, 521.839486292, 0.55621381878, 0.0238805970149
0.854755069231, 0.939461851583, 5.91621159052, 0.466305184777, 40.462440259, 43.3157657344, 2.300147813, 3.62628475338, 33.874460806, 689.638574894, 0.611631215698, 0.0128205128205
0.661425626727, 1.00025899027, 5.84279292735, 0.420150607058, 7.30869727558, 48.7826222072, 2.74558999915, 2.06755273689, 36.2092957666, 927.673785907, 0.559936157334, 0.0
0.576799106935, 0.843077745294, 3.15595916688, 0.391990376073, 13.2774042487, 43.5528497478, 2.83242348383, 0.0122087077837, 30.8320286047, 358.907888751, 0.57504942997, 0.0810810810811
0.583796358384, 0.820383588554, 3.15595916688, 0.309414156015, 24.1515194325, 43.797124555, 3.83154487089, 2.10950869053, 21.4018927406, 418.163396939, 0.541334437647, 0.160751565762
0.502642934105, 0.836289871388, 5.43868829677, 0.268157981266, 11.599782279, 49.7656985558, 2.42270858925, 1.43927274592, 24.8313700455, 491.519372943, 0.553278694802, 0.0882352941176
0.503926864432, 0.862899463556, 3.8962156923, 0.435405315144, 41.7426179653, 48.2077442552, 3.89576940609, 4.63079849198, 26.7073471945, 569.4693528, 0.523810879996, 0.183235867446
0.799667273026, 0.939461851583, 5.91621159052, 0.466305184777, 25.2516498137, 42.3523415918, 2.300147813, 4.24068099651, 33.874460806, 883.245132803, 0.632255354193, 0.0
0.826814780896, 0.93846408084, 2.09238247796, 0.376848191185, 25.7260444767, 47.8913291584, 2.18843398178, 2.41721760124, 23.0027738164, 282.629423848, 0.632152083077, 0.337931034483
0.528466012696, 1.1579413068, 3.4578685681, 0.219919216596, 6.12439677139, 46.2559817468, 3.79672480713, 1.63765005994, 26.9053366732, 744.969610445, 0.467163161024, 0.423255813953
0.711145739669, 0.96541575092, 4.2236071464, 0.238007485765, 3.39077542598, 44.1605590093, 3.97384357406, 1.94417885775, 23.6381398504, 711.402196997, 0.440891555204, 0.646394439618
0.854790954892, 0.862577777372, 4.51748840413, 0.218073948999, 9.59338616406, 45.6879721969, 2.55104778527, 1.54667145872, 21.441292294, 435.496880923, 0.470050645518, 0.491666666667
0.692672694518, 0.870089480476, 5.1938546011, 0.245010553476, 42.4371181406, 45.5675417064, 2.93409509669, 1.50949863421, 21.3773215944, 464.696922527, 0.47676625955, 0.484375
0.562854034333, 1.01530113489, 2.5288081639, 0.239158531615, 42.4371181406, 42.4549393085, 3.67088089332, 1.26320305787, 23.2975641241, 476.263218687, 0.456700697648, 0.595936794582
0.846993432447, 1.17874209745, 4.90283771642, 0.467934904217, 48.9457824547, 49.2637828417, 2.19227403177, 0.188567847873, 31.1142185838, 958.601017477, 0.581053185914, 0.0
0.661425626727, 1.00025899027, 5.84279292735, 0.420150607058, 7.30869727558, 48.7826222072, 2.74558999915, 2.06755273689, 36.2092957666, 995.248085027, 0.539227687219, 0.025641025641
0.692672694518, 0.870089480476, 5.1938546011, 0.245010553476, 46.9594474999, 45.5675417064, 2.93409509669, 1.50949863421, 21.3773215944, 617.972255043, 0.447332327236, 0.683195592287
0.511752023619, 1.22951563363, 7.42734959437, 0.433814649289, 40.6099255703, 41.8365934814, 3.75757876198, 1.47612425967, 20.0844231524, 1969.09585685, 0.468175994075, 0.418079096045
0.646160525349, 0.914518198328, 7.75621333493, 0.436133371618, 9.44353062369, 45.5372641233, 3.97600829924, 1.80103163222, 27.0025631407, 1163.57320141, 0.519459520494, 0.0821917808219
0.590032072252, 0.914518198328, 7.75621333493, 0.382796345459, 9.44353062369, 47.5225433094, 3.97600829924, 1.60505088664, 27.0025631407, 1048.84528443, 0.480303203014, 0.396332863188
0.742524827538, 1.15561114513, 3.01298939227, 0.380425645359, 40.9117904174, 47.2603128885, 2.22804476376, 3.31311234916, 33.0328582581, 509.863300168, 0.553974728302, 0.141935483871
0.595339992736, 1.14141144762, 7.17114444367, 0.373744014231, 6.12439677139, 42.2835517049, 3.79672480713, 1.58411835434, 26.9053366732, 1589.56728903, 0.447105325851, 0.58109360519
0.799803367582, 1.0629869202, 5.68125713822, 0.454503260848, 39.6539463742, 41.3321754532, 2.76567982892, 2.88082958926, 43.5971513166, 998.965987336, 0.563710665477, 0.00952380952381
0.808158620987, 0.877650972909, 2.1695032797, 0.449191297237, 25.7260444767, 43.8266013311, 3.38430953391, 0.501440453888, 23.0027738164, 325.048847811, 0.640654321321, 0.0681818181818
0.694811058957, 0.865803624237, 3.61137986773, 0.236206045445, 25.6873902155, 48.2367130064, 3.56686834691, 3.7604523371, 28.8832546244, 471.575922584, 0.644460325719, 0.0625
0.688080323059, 0.871651575364, 2.41477546681, 0.308851824672, 3.80611041323, 49.0533212532, 2.79770091691, 0.0891543538694, 21.1631210467, 310.50024901, 0.597016937587, 0.116666666667
0.818048755597, 0.830498701684, 5.29221561104, 0.241830996935, 25.36022754, 46.0090447384, 2.96223180418, 3.21751293463, 22.0871918173, 537.436255394, 0.5570970079, 0.0782608695652
0.503926864432, 0.862899463556, 3.8962156923, 0.435405315144, 41.7426179653, 48.2077442552, 2.63609096491, 4.63079849198, 26.7073471945, 543.486553589, 0.558316663179, 0.0246913580247
0.580066816266, 0.878511261333, 3.39333387037, 0.417472022626, 23.026650865, 44.2927068565, 2.300147813, 1.49419398628, 29.3069454905, 521.372102362, 0.466745413095, 0.445086705202
0.52587287069, 1.1841194993, 7.46652391971, 0.370421827248, 45.6178247021, 49.4866394891, 2.95997283419, 0.673159581544, 37.393250179, 1404.28163142, 0.543443286183, 0.01
0.51184671077, 0.883948842113, 2.15473461972, 0.333485219702, 23.595168549, 41.1740388783, 3.10506422173, 0.714924152133, 27.295627002, 336.330714283, 0.567491028993, 0.234042553191
0.511752023619, 1.22951563363, 7.42734959437, 0.433814649289, 34.1908199154, 41.8365934814, 3.75757876198, 1.47612425967, 20.0844231524, 1992.76014676, 0.450087565644, 0.578947368421
0.505502303945, 0.931398459024, 2.15473461972, 0.410760336616, 13.2774042487, 44.5485916748, 3.46672918728, 0.463090508897, 27.7325631851, 334.569719763, 0.557957318179, 0.236593059937
