4.41496522105, 1.13212158932, 0.962002006802, 1.10014029133, 5.79210940884, 0.820497157265, 4.3100629687, 0.957104097192, 0.978487144784, 2.08783785028, 5.2584959663, 0.820195712666, 2.62346964252, 1.22365216451, 1.09000036388, 1.0816454814, 1.02534134316, 1.1696634584, 4.10222379158, 1.13140432235, 0.849239275194, 375.441319303, 1.13042083479, 3.90986911967, 1.11075934959, 1.62085939402, 1.12577276577, 691.368936554, 22.9368421507, 901.923240092, 0.804289544236
5.8339091537, 1.18412173803, 0.858819211239, 0.908225866898, 2.48734869566, 0.782168874373, 5.99652249343, 1.06867998096, 0.960230315729, 2.57377051014, 5.12521034358, 1.00555555402, 4.70818665559, 0.975686034103, 1.09000047622, 1.03481105238, 1.0066082666, 1.06912341764, 8.58945495603, 1.08290095843, 0.761393333399, 116.621315427, 1.1226717073, 2.66852725449, 1.02077676603, 1.22773990832, 0.891103855332, 279.927058279, 20.6618299379, 2146.22578556, 0.0
4.37582209458, 1.33939064076, 1.0641333176, 1.13914376014, 1.41312684998, 0.793176244562, 3.22993364213, 0.860974765648, 0.988530008407, 5.46496969212, 6.32112230299, 0.881928475041, 1.59112726133, 1.1334248251, 1.09000050476, 1.05205954309, 1.01560288271, 1.0430906223, 4.06391529642, 0.91034027041, 0.821431347016, 377.590295457, 1.0290500158, 5.51437189681, 1.03596125354, 2.53471313347, 1.11022961041, 110.763150658, 13.0439416008, 87.7200474343, 3.21715817694
1.4686823311, 1.05675399592, 0.994401843436, 1.07472489179, 4.09817464031, 0.948312459204, 2.34249967429, 0.913454714235, 0.915748540677, 5.85457195653, 1.80747508986, 1.07286452739, 4.97563154217, 1.15760249518, 1.09000094934, 1.01144455229, 1.0498543751, 1.17008996398, 7.63166233665, 1.0436258195, 0.968355664808, 139.171077132, 0.945331095519, 3.44565398225, 1.10778407133, 5.12410913792, 1.18261719724, 81.3324079093, 19.7903336642, 1384.78651824, 1.34048257373
3.35871878797, 1.35596149465, 0.816570955104, 0.968357164879, 2.05468246296, 0.982518727699, 4.62639957937, 1.01044495978, 0.902947829303, 5.38073835199, 6.07184329928, 1.07533173874, 2.71762748701, 1.26538898615, 1.09000083173, 1.07605685404, 1.03434315292, 1.20332976723, 6.19277193368, 1.01388117475, 0.887775490641, 389.158883235, 1.06020537997, 4.69704451608, 1.14371941706, 4.79877425669, 1.08706498228, 103.477065609, 20.1628097823, 174.679796028, 3.21715817694
3.78371140645, 1.05127939589, 1.11842359745, 0.919804479496, 1.85886891443, 0.833942402094, 5.3821119759, 0.852491422324, 0.983280373702, 2.19222806447, 2.87587161872, 0.955671903081, 3.25915259311, 1.28951141049, 1.09000023114, 1.08396151086, 1.00615273938, 1.16074817336, 6.23741291915, 1.17104726605, 0.797162916998, 309.082369312, 1.16743695848, 2.1971343692, 1.00427885352, 1.3945805241, 1.29670675042, 226.680571488, 15.2889444015, 833.885248322, 1.34048257373
3.57098137525, 1.23298742203, 0.730256091445, 1.21592560522, 6.68972802019, 0.809542593946, 3.34814486351, 0.878203941319, 0.954606417837, 1.90754558949, 7.49456163878, 1.03957921279, 1.74679797023, 1.21089066116, 1.09000036144, 1.00347765692, 1.01604869074, 0.98089974434, 9.50126745877, 1.17889738384, 0.797078550094, 281.934023462, 1.04663420155, 1.20718127534, 0.987771007869, 3.94792006097, 1.20080714397, 114.657109822, 11.2194360083, 1181.6599961, 1.60857908847
1.09472963025, 1.35153700768, 0.746317793448, 0.955120685894, 5.10959630335, 0.881041362997, 4.86371448927, 0.826852291711, 0.914923235469, 3.23582904932, 5.54458295727, 0.855198634687, 1.54449507866, 1.02517281879, 1.09000053935, 1.07316886852, 1.01455522788, 0.964421044485, 3.02717379286, 1.02492387353, 0.958048092668, 382.437105997, 0.967435180304, 5.7063446646, 1.13975322308, 4.99143836764, 0.967493711646, 81.7787327903, 9.59938406825, 921.649140151, 2.14477211796
5.37557956655, 1.0438172146, 0.827817124954, 0.910186903989, 3.13695929857, 0.752214590509, 2.20510056187, 1.0020555221, 0.956066774113, 5.64006224165, 4.10711319829, 0.912012555038, 2.6748554965, 1.15290003902, 1.090000328, 1.05108320187, 1.02534134316, 0.848395864735, 8.05726473592, 1.16956690581, 0.862840922011, 277.694375117, 0.913931692196, 3.16871116777, 1.06073459477, 4.1402275031, 1.0375589353, 14.2753024807, 11.5807450774, 224.781357813, 2.68096514745
3.22458991837, 1.10016677992, 0.994401843436, 1.07472489179, 4.09817464031, 0.948312459204, 2.34249967429, 0.913454714235, 0.915748540677, 5.85457195653, 1.80747508986, 1.07286452739, 4.97563154217, 1.15760249518, 1.09000094934, 1.01144455229, 1.0498543751, 1.17008996398, 7.63166233665, 1.0436258195, 0.968355664808, 139.171077132, 0.945331095519, 3.44565398225, 1.10778407133, 5.12410913792, 1.18261719724, 122.072732506, 13.366611935, 451.561839168, 2.14477211796
2.06602595978, 1.39608634605, 1.11863927196, 1.20858776187, 5.286006586, 0.769422676209, 4.88969595708, 0.883319016011, 0.992884300084, 3.1988982867, 5.14222569343, 0.88534769967, 1.81135935078, 1.01742481093, 1.09000087631, 1.08510510588, 1.00340775862, 1.12165596978, 6.72711387119, 0.92675427011, 0.904353277352, 61.056094143, 0.917959831757, 4.35258815797, 1.08578420293, 4.90402003351, 0.871712264113, 98.4815233855, 10.7914574874, 167.788362255, 3.75335120643
5.11421199861, 1.410875619, 1.16460174132, 1.12762177659, 2.41988055155, 0.71003022448, 5.2439926133, 1.01625970863, 0.979750234663, 2.71031742458, 4.87087712158, 0.981235273822, 2.79407133387, 0.865763135453, 1.09000039606, 1.10931567423, 1.00457016376, 1.0291365805, 6.56137486567, 1.16163195848, 0.784269917189, 322.403026304, 1.1716252422, 3.66860562103, 1.12517153313, 2.9810452856, 0.907943213175, 439.452840296, 19.3016322382, 869.472192165, 1.07238605898
1.36081747004, 1.36282856095, 0.772899687507, 1.12367609396, 6.37923321922, 0.893823832347, 1.64234278071, 1.04115874964, 0.927291684081, 4.92270799623, 2.88547545498, 0.871720770807, 2.16373694984, 1.28567070452, 1.09000059071, 1.1020518026, 1.04849847124, 1.20933488212, 3.66171017423, 1.13908866128, 0.951174843034, 185.764506909, 1.09645982453, 3.11730043571, 1.00288555412, 4.83768172478, 1.24526909545, 148.61101836, 23.6093485527, 199.139434531, 0.0
3.43521824927, 1.11190589653, 0.831400176792, 1.18622756235, 6.81134464059, 0.959113686719, 4.56108110665, 1.06762596828, 0.983553610733, 2.91867432034, 5.25619173002, 1.07653283884, 4.70787165055, 0.909342473203, 1.09000022775, 1.00129267707, 1.00548538067, 0.988960750167, 6.04026035901, 1.16777603324, 0.828392198352, 267.463490273, 1.12931835878, 4.71542770217, 1.23887350198, 4.94460682017, 1.13431694835, 408.36107206, 22.3498462611, 1334.19590128, 0.536193029491
1.59403780607, 1.23721518617, 0.995052669854, 1.18020602902, 3.53733797561, 0.948134765432, 5.41516272921, 1.08628507711, 0.995928035981, 1.57162807548, 3.80388723118, 0.913308733807, 4.24231451662, 1.03746780226, 1.09000032012, 1.04504222755, 1.04425259341, 0.824415966637, 9.65293727446, 1.00183542543, 0.857626441351, 243.344978329, 0.986835895256, 3.2267429613, 1.07452429805, 1.56913611155, 0.990627141779, 100.224691501, 21.902485581, 2584.88844058, 1.60857908847
1.45604722776, 1.2067898052, 1.02558171213, 1.15748017071, 2.94033082714, 0.993541297284, 1.01220715921, 0.959506359367, 0.943323283674, 2.29379941377, 7.02022620531, 1.00638159209, 4.74210826487, 1.12952194263, 1.09000094105, 1.08613245986, 1.00944663129, 0.817574770513, 7.98765518454, 1.04315888482, 0.831276312972, 125.032773021, 1.10060993907, 4.66278005688, 1.10673745951, 3.45452910281, 1.13519569159, 294.430844685, 17.1456095904, 970.399589755, 1.60857908847
3.01338396025, 1.20494024648, 0.851443458973, 0.936910575281, 6.87407704076, 0.816991273498, 5.33546818967, 1.00934782046, 0.977731618314, 5.37241951509, 2.35168734591, 0.990216052658, 1.48446942101, 0.964190847015, 1.09000061878, 1.03044651281, 1.03982841907, 1.15810805167, 4.29603508754, 0.971322763073, 0.960613022163, 315.54691811, 1.13839308653, 5.07707325396, 1.07836111197, 3.28210567575, 1.05056033251, 404.636323998, 18.4887819906, 1121.32479288, 1.34048257373
1.12595187198, 1.00042208704, 0.906990721867, 1.09176845389, 3.93033114854, 0.811068244091, 5.6861487396, 0.986825736531, 0.980654690697, 5.86486781416, 4.24614229362, 0.885219654126, 4.67612590814, 0.836206481485, 1.09000019963, 1.00132523051, 1.0141255266, 0.903642176082, 7.90790630424, 1.17609435034, 0.829838333464, 363.647488435, 1.14765160466, 1.1341549055, 1.15657043523, 1.53108836744, 0.930413954876, 310.341540778, 17.1896089682, 2035.16810757, 1.34048257373
4.25265688911, 1.13212158932, 1.10751714565, 1.20789780491, 3.88217238737, 0.735734675202, 4.3100629687, 0.857513443568, 0.989734971125, 2.95821610011, 2.13011468499, 1.05367293976, 4.2156143128, 1.05351074168, 1.0900007542, 1.04022657281, 1.0033453445, 1.20512341247, 7.26605562775, 1.07042091028, 0.985526313652, 329.839340883, 1.19861408817, 1.41032040333, 1.2233558162, 3.60450398279, 1.18315500416, 277.933491146, 16.3183188953, 1572.85588784, 1.60857908847
4.36657732988, 1.33254232726, 0.955680859159, 0.985102729611, 2.44766871112, 0.996849271243, 4.51471525415, 1.07163502514, 0.90100970419, 5.57026589299, 6.5886715918, 1.05426765029, 4.24769267423, 0.824913470573, 1.09000008718, 1.03352157274, 1.00025376641, 1.21176128762, 6.8796913277, 1.18417231004, 0.874167301572, 222.733118384, 0.988531909867, 4.40789637517, 1.23209100461, 1.08314734519, 1.28495359724, 269.158721094, 20.122314066, 4994.36158964, 1.60857908847
1.09472963025, 1.35153700768, 0.746317793448, 0.955120685894, 5.10959630335, 0.794075317838, 4.86371448927, 0.820687775584, 0.914923235469, 3.23582904932, 6.68528708225, 0.855198634687, 1.37106824637, 1.02517281879, 1.09000037372, 1.07316886852, 1.01455522788, 1.09886645693, 3.02717379286, 1.02492387353, 0.958048092668, 382.437105997, 0.967435180304, 5.7063446646, 1.13975322308, 4.99143836764, 0.967493711646, 133.778856895, 11.6513516861, 512.099460228, 3.48525469169
3.43752270091, 1.30118185408, 1.05344178707, 1.10577229523, 3.18769435527, 0.97784962785, 4.49575725004, 0.993016209742, 0.919710762028, 3.77910770443, 7.7555267975, 0.929609315167, 1.04737808423, 0.958810425276, 1.09000073264, 1.06047243342, 1.02689254438, 1.13284045787, 6.4673021607, 0.960871458483, 0.974457590209, 306.179209513, 1.10664403145, 1.10564989022, 1.21319762504, 3.16460656364, 1.08082785775, 170.15863247, 17.198419889, 1245.29030957, 2.41286863271
3.93394412755, 1.42817429146, 1.05270830067, 1.17397004161, 4.23261044887, 0.817172130302, 5.81182224121, 1.04425019244, 0.986774027955, 2.75667780174, 5.71053757162, 0.960975353579, 4.76300527561, 0.833683752856, 1.09000024443, 1.00104133419, 1.01051996193, 1.15458903404, 3.81653334247, 0.912792996084, 0.831627088527, 390.557265658, 0.916537592566, 5.70644642918, 0.953148318283, 1.19541682603, 1.13938395251, 293.988334813, 14.0636192519, 1175.86994986, 3.21715817694
5.11421199861, 1.410875619, 1.16460174132, 1.12762177659, 2.41988055155, 0.735723375815, 5.2439926133, 1.01625970863, 0.979750234663, 2.71031742458, 4.87087712158, 0.981235273822, 2.17804184291, 0.865763135453, 1.09000039606, 1.10931567423, 1.00457016376, 1.0291365805, 6.56137486567, 1.16163195848, 0.843293226717, 322.403026304, 1.1716252422, 3.66860562103, 1.12517153313, 2.9810452856, 0.907943213175, 107.837292745, 12.6323569116, 568.853577917, 3.75335120643
2.78721058535, 1.11190589653, 0.831400176792, 1.16919562985, 6.81134464059, 0.959113686719, 4.56108110665, 1.07709323033, 0.983553610733, 2.91867432034, 5.25619173002, 1.07653283884, 4.08848809643, 0.909342473203, 1.09000022775, 1.00948474031, 1.00548538067, 0.988960750167, 6.04026035901, 1.16777603324, 0.828392198352, 371.984789217, 1.12931835878, 4.71542770217, 1.04855295891, 4.94460682017, 1.13431694835, 133.318289754, 11.1102062424, 475.702349024, 4.82573726542
3.43521824927, 1.24252586676, 0.831400176792, 1.18622756235, 5.55799460365, 0.959113686719, 4.56108110665, 0.878544174194, 0.983553610733, 2.91867432034, 5.25619173002, 1.07653283884, 4.08848809643, 0.909342473203, 1.09000022775, 1.00020384848, 1.01414560088, 0.988960750167, 6.04026035901, 1.16777603324, 0.828392198352, 267.463490273, 1.01969383948, 4.71542770217, 0.97865047888, 4.94460682017, 1.13431694835, 629.461035157, 21.7294652916, 1372.62193224, 1.07238605898
3.78371140645, 1.05127939589, 0.816570955104, 0.919804479496, 1.85886891443, 0.833942402094, 5.3821119759, 0.852491422324, 0.983280373702, 5.38073835199, 2.87587161872, 0.979648352113, 3.25915259311, 1.09907299779, 1.09000068573, 1.08396151086, 1.00615273938, 1.16074817336, 6.23741291915, 1.17104726605, 0.797162916998, 309.082369312, 1.16743695848, 2.1971343692, 1.00427885352, 1.18166113161, 1.29670675042, 449.118742837, 32.5733534334, 771.87793323, 2.41286863271
3.80628806208, 1.06656863399, 0.970682616014, 1.18901195993, 5.02174802773, 0.765568606483, 5.6755605647, 0.925269942367, 0.937064212728, 2.72808222474, 3.10977190468, 1.00038977933, 3.03915400323, 1.10042073887, 1.0900009278, 1.09111473039, 1.02737271179, 0.923080935697, 4.45966472496, 1.16956690581, 0.804721245742, 363.149918887, 0.945210434609, 3.01787974662, 1.1864638651, 1.83148954654, 1.23757580666, 167.886332085, 23.9325083722, 2406.8273727, 1.87667560322
3.21364786737, 1.0929206791, 1.0796143463, 1.14560938318, 5.46397595208, 0.742542181742, 1.87613332511, 1.01352581308, 0.913315650703, 4.44704702726, 1.62338304089, 0.961176477991, 5.04789566433, 1.1482103919, 1.09000005516, 1.07873666828, 1.0001810187, 1.03683000671, 7.65914111728, 1.11941157055, 0.767903346786, 351.035353769, 1.06018651077, 1.46344273125, 1.22476765219, 5.17348010678, 1.07369993027, 206.7867782, 25.2398634039, 850.849700636, 0.0
3.93394412755, 1.10426339546, 1.05270830067, 1.17397004161, 4.23261044887, 0.817172130302, 5.81182224121, 1.04425019244, 0.935456516162, 2.75667780174, 6.22089806792, 0.960975353579, 4.76300527561, 0.833683752856, 1.09000002827, 1.03637527044, 1.01051996193, 1.15458903404, 3.81653334247, 0.912792996084, 0.831627088527, 390.557265658, 0.916537592566, 5.70644642918, 0.953148318283, 1.19541682603, 1.13938395251, 471.945661182, 23.9039909036, 1600.73851903, 0.0
3.88067821651, 1.31166970525, 0.952300347231, 0.928995994583, 1.86402034969, 0.767476077686, 3.52024866227, 1.06983092725, 0.975436896247, 6.08018289108, 6.41317517782, 0.810041498998, 3.94851023497, 1.01014315242, 1.09000026914, 1.04111289394, 1.02478971109, 0.843606363858, 7.40865406604, 0.91497792849, 0.944945807539, 277.839315884, 1.10383746154, 5.85650654264, 1.12900146874, 4.80610995772, 1.16317623425, 176.950942833, 23.9425643203, 876.653666439, 0.804289544236
3.71945589208, 1.24261371298, 0.746317793448, 0.927447375629, 3.70401153284, 0.963458019685, 5.64291411913, 0.826852291711, 0.914923235469, 3.23582904932, 5.54458295727, 0.855198634687, 1.54449507866, 1.02517281879, 1.09000018249, 1.07316886852, 1.01455522788, 1.09782458173, 3.02717379286, 1.02492387353, 0.958048092668, 164.163412202, 0.967435180304, 5.7063446646, 1.13975322308, 4.99143836764, 0.967493711646, 603.369405459, 25.3325844836, 838.195727029, 0.0
2.38366389743, 1.2700798847, 1.13425633454, 0.832329124267, 6.08902299803, 0.909822155639, 2.25533403804, 0.969100601371, 0.95144658823, 1.55529389123, 4.54839067946, 0.909366140168, 2.538537931, 0.97549435783, 1.09000092379, 1.00878264179, 1.00231256513, 1.10775642458, 4.10707595189, 1.1497372387, 0.824183705417, 149.852475406, 0.967789496826, 5.34667909914, 1.20184729451, 3.47166183593, 1.02222720623, 139.085539519, 22.1639055024, 1746.23164909, 3.48525469169
5.40499046233, 1.10426339546, 1.12065991437, 1.20778706422, 1.52684603443, 0.95576799067, 2.05935292694, 0.844886362742, 0.935456516162, 2.99687815082, 1.62338304089, 1.04721729989, 1.05816911542, 1.07636695757, 1.09000074812, 1.03637527044, 1.03197309569, 1.16343336845, 6.96952022902, 0.954517921548, 0.969217432816, 32.7997190517, 1.08708218828, 3.54666799563, 1.02470431855, 1.0115955894, 1.24802621461, 228.759215525, 13.8268819312, 785.007462262, 3.48525469169
3.07612597066, 1.21067105199, 0.847835680193, 1.14381360461, 5.02947437242, 0.843119325893, 1.31532117746, 0.924288093888, 0.936305562059, 5.06555875328, 6.77675825064, 1.02645510882, 4.37427369834, 0.866067576139, 1.09000035411, 1.09047933955, 1.00000181734, 1.22195249891, 3.64890321022, 1.07917831969, 0.935433822177, 133.18389029, 1.04571284162, 1.77290762603, 1.17285800583, 2.15163343746, 0.94395259938, 150.366459152, 24.5243529186, 1017.8898245, 3.48525469169
1.12595187198, 1.000848942, 0.906990721867, 1.09176845389, 4.44614421653, 0.811068244091, 5.6861487396, 0.986825736531, 0.980654690697, 5.86486781416, 4.24614229362, 0.885219654126, 4.67612590814, 0.836206481485, 1.09000059071, 1.00132523051, 1.0141255266, 0.903642176082, 7.90790630424, 1.17609435034, 0.829838333464, 363.647488435, 1.14765160466, 1.1341549055, 1.15657043523, 1.53108836744, 0.930413954876, 480.369485033, 19.6237703119, 1465.65825095, 2.9490616622
5.06520930943, 1.20432830236, 0.785730436276, 0.920316968184, 2.99783933644, 0.778962493996, 1.17646635315, 1.06762596828, 0.959985071406, 2.8595311923, 3.13742728549, 0.857416638427, 3.70021989643, 0.956997095369, 1.09000098278, 1.10946031594, 1.02799955301, 0.85059853712, 5.30548264553, 1.0509174409, 0.999963159611, 59.8856951739, 1.05717304887, 2.01936696309, 1.23887350198, 1.63853439264, 1.07608596876, 1000.92939418, 21.3837777173, 5654.15690659, 2.41286863271
3.00514001369, 1.05866678038, 1.02257827907, 1.08680209828, 1.51769024009, 0.841536009462, 5.52841849251, 0.940602821631, 0.914991353986, 1.5135596114, 1.70626375579, 0.932013462205, 3.16435186347, 0.84574001574, 1.09000067697, 1.07573611551, 1.04383640435, 0.877970927162, 7.68514442049, 1.0487233728, 0.966906339826, 164.200850457, 1.05950256505, 4.26609843038, 1.01458319354, 5.46760780209, 1.09465655094, 617.85863188, 21.5814670091, 3869.91605228, 2.68096514745
1.12655478413, 1.01710226166, 0.920640119663, 0.966209687565, 3.279286035, 0.789109691359, 4.02371699542, 0.9996156268, 0.963681540797, 3.38385063988, 4.12417266702, 0.925185942199, 4.48609951569, 1.11271252082, 1.09000077686, 1.05348418217, 1.04352720026, 1.01093367834, 7.68514442049, 0.936670936246, 0.906499513798, 241.086204865, 0.992260301944, 3.73445934719, 1.20415529469, 3.63374081615, 1.10243478726, 812.180345162, 20.0076844191, 3245.50657178, 2.68096514745
5.01429079914, 1.02118398254, 0.929872488759, 0.820331518517, 6.21713598934, 0.956317295816, 1.38905880088, 0.956889045818, 0.938564141935, 4.57515504749, 3.37866806599, 0.888460350814, 4.12314703369, 1.10195555838, 1.09000004417, 1.05323019005, 1.00423498815, 0.822948288014, 3.89786077385, 1.03879381372, 0.818799668114, 43.4678397939, 1.05011122533, 4.13921344514, 1.06872067841, 3.0354935421, 1.28457390168, 340.669348091, 22.8945472891, 4264.59341203, 2.68096514745
2.24331681204, 1.27569227183, 0.881124789538, 0.85470904312, 6.33073255052, 0.929066555017, 3.67171702201, 0.923159779124, 0.907570585673, 4.63182184481, 2.20075337342, 0.946776794452, 1.18888148248, 1.203272267, 1.09000096142, 1.09051119979, 1.02522042111, 1.18099317576, 5.91815681563, 1.03910101355, 0.988453104399, 391.2464707, 0.965732647227, 3.78607310389, 1.06374622386, 4.67596403572, 1.23309178863, 715.042734733, 19.4739915771, 4048.26854682, 3.21715817694
5.37557956655, 1.0438172146, 0.827817124954, 0.910186903989, 3.68221689903, 0.998377067908, 2.20510056187, 1.0020555221, 0.956066774113, 5.64006224165, 4.10711319829, 0.912012555038, 2.6748554965, 1.15290003902, 1.09000015331, 1.05108320187, 1.02534134316, 0.848395864735, 8.05726473592, 1.16956690581, 0.862840922011, 277.694375117, 0.913931692196, 3.16871116777, 1.06073459477, 4.1402275031, 1.0375589353, 420.127892175, 16.534705699, 6134.15967453, 3.21715817694
5.64821984383, 1.10016677992, 1.15783205264, 1.07472489179, 4.05951118213, 0.948312459204, 2.34249967429, 0.913454714235, 0.915748540677, 5.85457195653, 4.80665617548, 1.07286452739, 4.97563154217, 1.17487041184, 1.0900009613, 1.01144455229, 1.04994740796, 1.17008996398, 8.79524354341, 1.00065183784, 0.968355664808, 364.175007841, 0.945331095519, 4.35307959614, 1.10778407133, 5.12410913792, 1.25756367778, 229.816925591, 13.2408164066, 494.293531019, 6.16621983914
4.41792880056, 1.20637742053, 1.0311193034, 0.906583934626, 2.05346742254, 0.811260743552, 5.99652249343, 0.93660814938, 0.974719580007, 2.57377051014, 5.12521034358, 0.995990948719, 3.78283770634, 0.99028488508, 1.09000065287, 1.10532249738, 1.00067542788, 0.857599745372, 5.49478273875, 1.16740927386, 0.784269917189, 111.157904354, 0.964310765922, 4.22062234071, 1.23109808495, 4.72253971509, 1.17247837908, 135.17582417, 11.8501074224, 721.843026734, 7.23860589812
3.43752270091, 1.30118185408, 1.05344178707, 1.10577229523, 3.18769435527, 0.97784962785, 4.49575725004, 0.993016209742, 0.919710762028, 2.52617975023, 7.7555267975, 0.929609315167, 1.04737808423, 1.18674421982, 1.09000073264, 1.06047243342, 1.02689254438, 1.13284045787, 9.78783301747, 0.960871458483, 0.974457590209, 306.179209513, 1.10664403145, 1.10564989022, 1.21319762504, 3.16460656364, 1.18315500416, 1153.11919627, 22.1931345719, 2465.29565561, 1.60857908847
1.66607860506, 1.39217182507, 1.05733466327, 1.07398540752, 4.16600535589, 0.787331721805, 1.18050095119, 0.820881938182, 0.939745836871, 5.24040205132, 3.05231710787, 1.06125853521, 5.04413064002, 1.05310936416, 1.09000098598, 1.09534469746, 1.04353381739, 1.14458412046, 8.86205848438, 1.16482689846, 0.83924440102, 97.0873338773, 1.11686081607, 2.64222028302, 1.18531894628, 1.28221160594, 0.921953933813, 661.372656665, 22.0083922457, 2874.06910787, 2.68096514745
1.80609411939, 1.21430025504, 1.16357448112, 0.825286980543, 5.10959630335, 0.748949719488, 5.31150318848, 0.908854447785, 0.983882828663, 2.53302366461, 5.09678350289, 1.05867456487, 3.77599857821, 1.01272802647, 1.09000053935, 1.00929574086, 1.01572938868, 1.20667995995, 5.89359194848, 1.01192544543, 0.928685323482, 299.251185566, 1.01166354262, 5.60394686055, 1.20380535038, 4.67411129454, 1.18747108431, 732.351370456, 22.5658248941, 2499.44232623, 2.14477211796
2.78721058535, 1.30899942314, 0.837223992891, 0.916224799564, 4.93079284902, 0.726642564337, 3.37079479495, 1.00382184082, 0.937210882679, 5.72268375348, 4.49756689937, 0.81073402562, 1.15182121221, 0.818114604618, 1.0900006979, 1.05832457789, 1.04943187, 0.878391668908, 8.72226014142, 1.0273981512, 0.987508731237, 371.984789217, 0.938770272445, 5.45489767158, 1.10431575824, 4.21780959547, 0.883044264675, 1386.16798622, 23.1426134835, 7220.00861411, 1.34048257373
4.41496522105, 1.13212158932, 0.849244813688, 1.10014029133, 5.79210940884, 0.820497157265, 4.3100629687, 0.979754828658, 0.978487144784, 3.46615892128, 5.2584959663, 0.825272965955, 2.62346964252, 1.22365216451, 1.0900004691, 1.0816454814, 1.01836671233, 1.1696634584, 4.10222379158, 1.13140432235, 0.849239275194, 357.148513224, 1.13042083479, 1.88683246597, 1.18834752343, 1.62085939402, 1.12577276577, 261.175877353, 26.8992013093, 1494.34648552, 0.0
3.01338396025, 1.0154626391, 1.01612494913, 0.98310352914, 2.5959418494, 0.969117401075, 1.17626982639, 0.860952010709, 0.912505088553, 3.92942401325, 2.81563591682, 1.06737206107, 3.26646930763, 0.976059042738, 1.09000059139, 1.07798610974, 1.03643530421, 0.882296964481, 9.83331934662, 1.15576850565, 0.91433320297, 138.219239347, 0.990350539308, 5.48210188368, 1.07950960884, 1.37903153888, 0.905016898106, 468.675531637, 32.5148350014, 1411.06221222, 0.536193029491
4.25920732915, 1.0579284701, 1.09241402281, 1.01804399934, 4.12278334466, 0.940988510766, 1.88429996763, 1.00694810994, 0.946038046886, 1.31204465384, 2.39660864934, 0.93130838871, 2.68101921032, 1.18134897571, 1.09000035788, 1.08904895542, 1.00475477296, 1.12587878199, 6.72223327502, 1.03488381997, 0.766406088211, 61.9905347506, 1.15335350733, 1.19462492481, 1.16476459454, 1.18346932649, 0.881340214727, 1714.43023819, 24.33642576, 5679.05290861, 0.536193029491
3.66457324549, 1.36311138418, 1.12567362306, 0.890791113885, 1.99898375125, 0.896540512734, 2.01286215333, 1.01565269332, 0.917676910815, 3.42356416198, 5.6104911643, 0.952453162506, 2.40375917538, 1.21088590604, 1.09000089385, 1.08605354892, 1.0308935406, 0.901983308126, 6.76604169358, 0.928310196057, 0.762837455284, 250.779166715, 0.934685746525, 4.402967307, 1.21221722361, 5.24305607515, 1.17977361143, 178.328185513, 24.8681688031, 3361.17056155, 2.41286863271
5.11421199861, 1.410875619, 1.16460174132, 1.12762177659, 2.41988055155, 0.811260743552, 5.2439926133, 1.01625970863, 0.979750234663, 5.07962268867, 4.87087712158, 0.981235273822, 2.17804184291, 0.850513963978, 1.09000039606, 1.10931567423, 1.00396171319, 1.0291365805, 6.56137486567, 1.18459075492, 0.909794942604, 224.016813904, 1.1716252422, 3.66860562103, 1.12517153313, 1.85889227409, 0.907943213175, 560.738966115, 25.097960411, 3984.20579143, 1.07238605898
3.01338396025, 1.0154626391, 1.01612494913, 0.98310352914, 2.5959418494, 0.969117401075, 1.17626982639, 0.860952010709, 0.912505088553, 3.92942401325, 2.81563591682, 1.06737206107, 3.26646930763, 0.976059042738, 1.09000059139, 1.07798610974, 1.03643530421, 0.882296964481, 9.91437047138, 1.15576850565, 0.91433320297, 138.219239347, 0.990350539308, 5.48210188368, 1.19843347434, 1.37903153888, 0.905016898106, 192.844606802, 26.1766335136, 1084.67257316, 1.07238605898
5.38137453734, 1.0438172146, 0.827817124954, 0.910186903989, 3.13695929857, 0.752214590509, 2.20510056187, 1.0020555221, 0.956066774113, 5.99709017674, 4.10711319829, 0.912012555038, 3.26020615054, 1.15290003902, 1.090000328, 1.05108320187, 1.02213099047, 0.848395864735, 6.20365697675, 1.16956690581, 0.862840922011, 252.173688544, 0.913931692196, 3.16871116777, 1.06073459477, 4.1402275031, 1.0375589353, 187.721624374, 26.6146154519, 1364.32209083, 2.41286863271
2.9020511305, 1.41086927884, 0.97948997306, 0.977700978003, 5.00140699895, 0.91363204082, 3.98070774623, 0.934548627388, 0.960387615488, 3.99802869553, 7.66745887271, 0.832285001354, 3.82045217604, 1.23768916182, 1.0900002678, 1.08989377923, 1.0107873985, 0.916985802174, 7.61656811599, 0.966255748955, 0.996671969535, 171.806778549, 1.15429039569, 3.15937376075, 1.07445139599, 5.37884407574, 0.920211057031, 492.863277693, 24.3682378071, 2933.82683888, 2.68096514745
1.183494293, 1.06600643997, 0.957268767802, 1.10817409073, 4.66290540829, 0.917116236697, 2.45215875722, 1.03016188422, 0.995496107976, 3.5979867119, 3.7607411189, 0.883982385887, 3.44019318566, 0.848769223782, 1.0900001831, 1.10800328882, 1.01868870615, 1.08584169873, 3.76659464515, 0.919880081864, 0.957348768917, 219.119302201, 1.08450019973, 1.19924226195, 1.04216351031, 4.73894721636, 1.16747098933, 1002.19410526, 24.0298828471, 1902.4392403, 2.14477211796
3.80628806208, 1.06656863399, 0.970682616014, 1.18901195993, 5.02174802773, 0.765568606483, 5.6755605647, 0.925269942367, 0.937064212728, 2.72808222474, 3.10977190468, 1.00038977933, 3.03915400323, 1.10042073887, 1.0900009278, 1.069513094, 1.02737271179, 0.923080935697, 4.45966472496, 1.16956690581, 0.804721245742, 363.149918887, 0.951034534142, 3.01787974662, 1.1864638651, 1.83148954654, 1.23757580666, 709.784591558, 35.0844778918, 1307.1736963, 0.268096514745
3.22458991837, 1.10016677992, 0.994401843436, 1.07472489179, 4.05951118213, 0.948312459204, 2.34249967429, 0.913454714235, 0.915748540677, 5.85457195653, 1.80747508986, 1.07286452739, 4.97563154217, 1.15760249518, 1.09000094934, 1.01144455229, 1.04994740796, 1.17008996398, 7.63166233665, 1.0436258195, 0.968355664808, 364.175007841, 0.945331095519, 4.35307959614, 1.10778407133, 5.12410913792, 1.18261719724, 1264.05002984, 26.0029612083, 12479.2446734, 0.804289544236
3.22458991837, 1.10016677992, 0.994401843436, 1.07472489179, 4.09817464031, 0.948312459204, 2.34249967429, 0.913454714235, 0.915748540677, 5.85457195653, 6.32112230299, 1.07286452739, 4.97563154217, 1.15760249518, 1.09000094934, 1.01144455229, 1.00997415368, 1.17008996398, 7.63166233665, 1.0436258195, 0.821431347016, 29.7473000778, 0.945331095519, 4.35307959614, 1.10778407133, 5.12410913792, 1.18261719724, 341.872092402, 15.5182017758, 1742.20022576, 5.8981233244
3.29654986076, 1.2700798847, 1.13425633454, 0.832329124267, 4.69876122958, 0.909822155639, 2.25533403804, 0.969100601371, 0.95144658823, 2.08783785028, 4.15399101083, 0.909366140168, 2.6703453637, 0.97549435783, 1.09000092379, 1.0881232943, 1.00231256513, 1.10775642458, 4.10707595189, 1.09611951668, 0.824183705417, 149.852475406, 0.967789496826, 5.34667909914, 1.20184729451, 3.47166183593, 1.02536480263, 507.255358917, 17.201899208, 572.214775572, 8.3109919571
1.12655478413, 1.00939270562, 0.920640119663, 0.85470904312, 3.279286035, 0.803671659916, 4.02371699542, 0.9996156268, 0.963681540797, 3.38385063988, 4.12417266702, 0.925185942199, 4.48609951569, 1.11271252082, 1.09000077686, 1.05348418217, 1.04352720026, 1.01093367834, 7.68514442049, 0.936670936246, 0.906499513798, 241.086204865, 0.965732647227, 3.78607310389, 1.20415529469, 3.63374081615, 1.10243478726, 843.27126516, 23.5593699536, 22626.5191336, 2.41286863271
5.40499046233, 1.10426339546, 1.12065991437, 1.20778706422, 1.52684603443, 0.95576799067, 2.05935292694, 0.844886362742, 0.935456516162, 2.99687815082, 6.33208008391, 0.916812662051, 1.05816911542, 1.07636695757, 1.09000053723, 1.03637527044, 1.03197309569, 1.16343336845, 6.96952022902, 0.954517921548, 0.969217432816, 32.7997190517, 1.08708218828, 3.54666799563, 1.02470431855, 1.0115955894, 1.24802621461, 796.276264054, 37.6360269301, 2113.83514536, 0.0
3.71945589208, 1.24261371298, 0.746317793448, 0.927447375629, 2.9935342947, 0.963458019685, 5.64291411913, 0.956889045818, 0.913444111211, 3.23582904932, 5.54458295727, 0.855198634687, 1.54449507866, 1.02517281879, 1.09000018249, 1.0627907832, 1.0449344973, 1.11162159739, 3.02717379286, 1.02492387353, 0.958048092668, 164.163412202, 0.967435180304, 5.7063446646, 1.13975322308, 5.31865677878, 0.967493711646, 1997.81345583, 28.9147130347, 21694.8953797, 0.0
4.25265688911, 1.08881527491, 1.10751714565, 1.20789780491, 3.88217238737, 0.735734675202, 5.15053778564, 0.857513443568, 0.989734971125, 2.95821610011, 2.13011468499, 1.05367293976, 4.13099117063, 1.05351074168, 1.0900007542, 1.04022657281, 1.0033453445, 1.20512341247, 7.26605562775, 1.07042091028, 0.985526313652, 329.839340883, 1.19404350903, 1.41032040333, 1.2233558162, 3.60450398279, 1.18315500416, 196.182810386, 27.5380781313, 2795.42656813, 2.14477211796
5.38137453734, 1.0438172146, 0.827817124954, 0.910186903989, 4.23212402391, 0.74010148587, 2.20510056187, 1.0020555221, 0.956066774113, 5.99709017674, 4.10711319829, 0.912012555038, 3.3727939408, 1.15290003902, 1.090000328, 1.05108320187, 1.02213099047, 0.848395864735, 6.20365697675, 1.16956690581, 0.862840922011, 252.173688544, 1.08391263366, 3.16871116777, 1.06073459477, 4.1402275031, 1.0375589353, 1049.57035968, 41.18874973, 2013.25696292, 0.268096514745
5.37874804855, 1.33324588837, 0.899938096877, 0.951244668888, 4.25916464535, 0.735734675202, 5.15053778564, 1.00324666647, 0.991226782283, 5.85389335584, 5.94545271872, 1.02602643948, 2.26724386016, 1.09021235407, 1.09000066152, 1.00878264179, 1.04431614944, 1.01278277877, 4.257259828, 0.997214099573, 0.877820174463, 328.984810967, 1.10896644059, 1.99420233767, 1.11826799151, 3.51282331465, 0.912727018707, 1267.0759627, 27.0911134866, 17940.4216789, 0.536193029491
2.86863830932, 1.328034614, 0.745934334202, 1.10215041482, 4.24157657785, 0.878606649008, 3.94097400796, 0.985780116616, 0.994821510754, 5.83995836453, 5.20720276687, 0.884904942675, 1.95625245381, 1.08943631208, 1.09000089133, 1.08935413969, 1.03593167826, 1.05616431835, 7.80703927432, 1.17855473662, 0.858930249077, 319.189634216, 0.9605183675, 2.04118330962, 1.11932067303, 3.00965979754, 0.938355235548, 1507.10113586, 23.2512582143, 6598.74878588, 2.68096514745
5.52461744163, 1.18412173803, 0.858819211239, 0.908225866898, 2.48734869566, 0.782168874373, 5.99652249343, 1.06693286779, 0.960230315729, 2.57377051014, 5.12521034358, 1.00555555402, 4.70818665559, 0.975686034103, 1.09000047622, 1.03481105238, 1.0066082666, 1.06912341764, 8.58945495603, 1.08290095843, 0.761393333399, 116.621315427, 1.1226717073, 2.66852725449, 1.02077676603, 2.22828881539, 0.891103855332, 985.303873056, 24.8179776632, 12846.5715763, 2.14477211796
4.25920732915, 1.39821971821, 1.09241402281, 1.01804399934, 1.50004525863, 0.940093109946, 3.64084438509, 1.07633059632, 0.946038046886, 1.73865072763, 2.39660864934, 0.93130838871, 2.68101921032, 1.18134897571, 1.09000035788, 1.03781043924, 1.00475477296, 1.10337676586, 6.72223327502, 1.03488381997, 0.766406088211, 130.636832347, 1.19084777364, 1.19462492481, 1.16476459454, 1.66369246785, 1.08748621325, 751.621938382, 19.3524433179, 958.84690172, 7.23860589812
3.22458991837, 1.10016677992, 1.11702259422, 1.07472489179, 4.05951118213, 0.948312459204, 2.34249967429, 0.913454714235, 0.915748540677, 5.85457195653, 1.80051272855, 1.07286452739, 4.97563154217, 1.17487041184, 1.0900009613, 1.01144455229, 1.04994740796, 1.17008996398, 7.63166233665, 1.0436258195, 0.968355664808, 364.175007841, 0.945331095519, 4.35307959614, 1.10778407133, 5.12410913792, 1.25756367778, 510.230575085, 17.2003762745, 10496.6486649, 3.48525469169
4.36657732988, 1.33254232726, 0.955680859159, 0.985102729611, 2.44766871112, 0.996849271243, 4.51471525415, 1.07163502514, 0.934477721657, 5.57026589299, 6.5886715918, 1.05426765029, 4.24769267423, 0.824913470573, 1.09000008718, 1.03352157274, 1.00025376641, 1.19151478009, 6.8796913277, 1.18417231004, 0.874167301572, 222.733118384, 0.988531909867, 4.40789637517, 1.23209100461, 1.08314734519, 1.28495359724, 260.765446998, 16.7445281282, 2755.15499023, 7.23860589812
3.43521824927, 1.11190589653, 0.831400176792, 1.18622756235, 6.81134464059, 0.959113686719, 4.56108110665, 0.878544174194, 0.983553610733, 2.91867432034, 5.25619173002, 1.07653283884, 4.08848809643, 0.909342473203, 1.09000022775, 1.00948474031, 1.00548538067, 0.988960750167, 6.04026035901, 1.16777603324, 0.828392198352, 267.463490273, 1.12931835878, 4.71542770217, 0.97865047888, 4.94460682017, 1.13431694835, 348.771471982, 15.6083594138, 1527.40334129, 5.09383378016
5.52461744163, 1.18412173803, 0.858819211239, 0.908225866898, 2.48734869566, 0.782168874373, 5.99652249343, 1.06693286779, 0.960230315729, 2.57377051014, 5.12521034358, 1.00555555402, 4.70818665559, 0.975686034103, 1.09000047622, 1.03481105238, 1.0066082666, 1.06912341764, 8.58945495603, 1.08290095843, 0.761393333399, 116.621315427, 1.1226717073, 2.66852725449, 1.02077676603, 2.12865409484, 0.891103855332, 594.842844088, 25.6918630313, 5035.7908593, 1.07238605898
3.01338396025, 1.0154626391, 1.01612494913, 1.07472489179, 2.5959418494, 0.969117401075, 1.17626982639, 0.860952010709, 0.912505088553, 3.92942401325, 2.81563591682, 1.07093988722, 3.26646930763, 0.976059042738, 1.09000059139, 1.07798610974, 1.03643530421, 0.882296964481, 9.83331934662, 1.15576850565, 0.762796488677, 138.219239347, 0.990350539308, 5.48210188368, 1.07950960884, 1.37903153888, 0.905016898106, 574.891357266, 34.6378340918, 3891.88814953, 0.536193029491
2.38366389743, 1.2700798847, 1.13425633454, 0.832329124267, 6.08902299803, 0.909822155639, 2.25533403804, 0.969100601371, 0.95144658823, 1.55529389123, 4.15399101083, 0.909366140168, 2.38438784369, 0.97549435783, 1.09000092379, 1.00878264179, 1.00231256513, 1.10775642458, 4.10707595189, 1.1497372387, 0.824183705417, 149.852475406, 0.967789496826, 5.34667909914, 1.20184729451, 3.47166183593, 1.02536480263, 1024.39958872, 20.7678743864, 6482.76290243, 2.9490616622
2.06602595978, 1.39608634605, 1.11863927196, 1.20858776187, 5.286006586, 0.769422676209, 4.88969595708, 0.883319016011, 0.992884300084, 3.1988982867, 5.14222569343, 0.88534769967, 1.99399257586, 1.01742481093, 1.09000087631, 1.08510510588, 1.00340775862, 1.12165596978, 6.72711387119, 1.03052468005, 0.904353277352, 61.056094143, 0.917959831757, 3.2267429613, 1.08578420293, 4.90402003351, 0.871712264113, 534.70343501, 32.844570116, 1569.92451148, 1.34048257373
4.37582209458, 1.18537484653, 1.0641333176, 1.13914376014, 6.02063467417, 0.793176244562, 3.22993364213, 0.860974765648, 0.988530008407, 5.46496969212, 1.80747508986, 0.988223113661, 1.59112726133, 1.1334248251, 1.09000062625, 1.07121961841, 1.01560288271, 1.0430906223, 4.06391529642, 0.91693507415, 0.968355664808, 377.590295457, 1.0185305929, 5.51437189681, 1.03596125354, 3.94008510388, 1.11022961041, 785.407333566, 28.0581293243, 7026.8952171, 0.536193029491
3.29654986076, 1.2700798847, 1.13425633454, 0.832329124267, 4.69876122958, 0.909822155639, 2.25533403804, 0.969100601371, 0.95144658823, 2.08783785028, 4.15399101083, 0.909366140168, 2.6703453637, 0.97549435783, 1.09000092379, 1.0881232943, 1.00231256513, 1.10775642458, 4.10707595189, 1.09611951668, 0.824183705417, 149.852475406, 0.967789496826, 5.34667909914, 1.20184729451, 3.47166183593, 1.02536480263, 904.557082728, 30.4580594565, 9461.18653965, 0.0
1.7994309558, 1.04093647383, 1.11865068322, 0.98297654683, 2.34565346615, 0.870670685984, 4.30248454704, 1.09848927338, 0.940008857597, 4.52003965654, 5.56559108844, 0.905270919092, 1.89957925978, 0.865808839515, 1.09000029506, 1.05923479617, 1.03231189744, 0.89035482894, 9.48193527009, 1.12956835042, 0.836385356151, 102.037102058, 1.03623381495, 3.29662931351, 1.01228397379, 2.58129550721, 1.28424344223, 871.223997688, 37.0987647817, 1379.26734282, 0.804289544236
3.21364786737, 1.0929206791, 1.07733689674, 1.14560938318, 5.46397595208, 0.742542181742, 1.87613332511, 1.01352581308, 0.913315650703, 4.44704702726, 1.62338304089, 0.961176477991, 5.04789566433, 1.1482103919, 1.09000005516, 1.07873666828, 1.00030905851, 1.03683000671, 7.65914111728, 1.11941157055, 0.767903346786, 351.035353769, 1.06018651077, 1.46344273125, 1.22476765219, 5.17348010678, 1.07369993027, 715.994448452, 38.6840618422, 1133.78051952, 2.14477211796
4.80256663759, 1.31565897581, 1.02087321444, 1.05952551985, 1.81271192485, 0.838590869511, 5.12951822308, 1.06059488982, 0.968958321837, 3.4241415426, 4.14921123921, 0.842169191605, 1.25273902859, 1.09228146139, 1.09000096071, 1.04035827476, 1.04619668541, 1.02207654641, 9.67661904136, 1.11894542739, 0.786931223216, 97.4668232552, 0.923645588184, 3.8965134826, 1.13627229185, 2.08045746386, 0.94131766571, 828.158170257, 40.526113351, 1218.38200453, 1.87667560322
4.37582209458, 1.24252586676, 1.0641333176, 1.13914376014, 1.41312684998, 0.793176244562, 3.22993364213, 0.860974765648, 0.988530008407, 5.46496969212, 7.41250124762, 0.881928475041, 1.59112726133, 1.1334248251, 1.09000050476, 1.05205954309, 1.01560288271, 1.0430906223, 4.06391529642, 0.91034027041, 0.821431347016, 377.590295457, 1.0290500158, 5.51437189681, 1.03596125354, 2.53471313347, 1.11022961041, 821.534069116, 19.4686619347, 2232.9759455, 3.75335120643
3.15919303474, 1.03336936107, 1.08699257501, 0.939999608143, 6.23690209862, 0.793944135828, 4.52952874663, 0.845906885592, 0.904992943222, 4.12828745099, 7.73195348615, 0.908956863158, 4.696441811, 1.19453772497, 1.09000075265, 1.05627227527, 1.02878488357, 1.20129925072, 7.69461122092, 1.0976277506, 0.994039449552, 274.133467507, 1.0306990564, 4.24089613853, 1.17998052627, 2.61664302714, 1.23753678588, 374.105850886, 32.1035632145, 4695.60359953, 0.536193029491
3.71945589208, 1.34048329341, 0.746317793448, 0.927447375629, 3.70401153284, 0.963458019685, 4.86371448927, 0.826852291711, 0.914923235469, 3.23582904932, 5.54458295727, 0.855198634687, 1.54449507866, 1.02517281879, 1.09000018249, 1.07316886852, 1.01455522788, 1.09782458173, 3.02717379286, 1.02492387353, 0.958048092668, 382.437105997, 0.967435180304, 5.7063446646, 1.13975322308, 4.99143836764, 0.967493711646, 1175.34143067, 24.7568494949, 2389.19880282, 2.14477211796
4.37582209458, 1.33939064076, 1.0641333176, 1.13914376014, 1.41312684998, 0.793176244562, 3.22993364213, 0.860974765648, 0.988530008407, 5.46496969212, 6.32112230299, 0.881928475041, 1.59112726133, 1.1334248251, 1.09000050476, 1.04932037144, 1.01560288271, 1.0430906223, 4.06391529642, 0.91693507415, 0.821431347016, 377.590295457, 1.0290500158, 5.51437189681, 1.03596125354, 2.53471313347, 1.11022961041, 576.830444921, 21.6187029583, 1708.52854261, 3.21715817694
4.48829403638, 1.04851423595, 1.05374299891, 1.07405354491, 5.68071606528, 0.937225782646, 3.69617817122, 0.953562949198, 0.959904552314, 4.07092799948, 5.43898021615, 1.00772996225, 4.07697052223, 0.965496449019, 1.09000005996, 1.08444958593, 1.02841379037, 0.946844148148, 8.2027696622, 1.08954244059, 0.931117216204, 188.334729478, 1.04949138572, 2.25100783454, 1.0280047866, 3.64848268846, 1.27157625712, 904.614236858, 30.2081679119, 4785.02828372, 0.804289544236
4.01709504059, 1.39217182507, 1.05733466327, 1.07398540752, 4.16600535589, 0.787331721805, 1.18050095119, 0.820881938182, 0.939745836871, 6.16264067984, 3.05231710787, 0.866938193478, 4.72975780809, 1.26640591208, 1.09000098598, 1.09534469746, 1.0492769637, 1.14458412046, 8.90275966606, 1.16482689846, 0.762105409075, 97.0873338773, 1.14196725018, 2.64222028302, 1.17998052627, 1.63246271513, 0.921953933813, 792.748789054, 29.0317876583, 1552.13275149, 1.60857908847
5.11421199861, 1.410875619, 1.16460174132, 0.906583934626, 2.41988055155, 0.735723375815, 5.2439926133, 1.01625970863, 0.979750234663, 4.0238358902, 4.87087712158, 0.981235273822, 2.17804184291, 0.865763135453, 1.09000039606, 1.10931567423, 1.00457016376, 1.0291365805, 6.56137486567, 1.16163195848, 0.843293226717, 322.403026304, 1.19084777364, 3.66860562103, 1.12517153313, 2.9810452856, 0.907943213175, 409.025811451, 16.9392922828, 2227.02153823, 4.28954423592
4.48829403638, 1.04851423595, 1.05374299891, 1.07405354491, 5.68071606528, 0.937225782646, 3.69617817122, 0.974002707143, 0.970761950981, 4.07092799948, 5.43898021615, 1.01358263524, 4.07697052223, 0.965496449019, 1.09000005996, 1.10542327019, 1.03118332644, 0.946844148148, 8.2027696622, 1.08954244059, 0.931117216204, 188.334729478, 1.04949138572, 2.25100783454, 1.0280047866, 3.64848268846, 1.27157625712, 629.836118341, 21.2494150757, 3439.79451633, 4.02144772118
4.38633604059, 1.27726030094, 0.730973565371, 1.02543723593, 2.98151731366, 0.790045119201, 2.31987284857, 0.874766052959, 0.992911045059, 4.99829062176, 3.58654900161, 0.907766407284, 4.68520691211, 1.05777918921, 1.09000074887, 1.01842892619, 1.005400501, 0.978523805195, 5.22475518929, 1.04941696486, 0.871672523994, 298.500775483, 0.979042052596, 2.20885182333, 1.02899171147, 1.57565105261, 1.10412724383, 455.963939387, 24.6104275418, 988.130262441, 4.28954423592
1.80609411939, 1.21430025504, 1.16357448112, 0.892083349102, 5.10959630335, 0.748949719488, 5.31150318848, 0.908854447785, 0.983882828663, 2.53302366461, 7.50230336973, 1.05867456487, 3.77599857821, 1.01272802647, 1.0900006979, 1.00929574086, 1.01572938868, 1.20667995995, 5.89359194848, 1.01192544543, 0.928685323482, 299.251185566, 1.02281078446, 5.60394686055, 1.20380535038, 4.67411129454, 1.18747108431, 732.009738398, 26.9567733368, 2810.96402068, 1.07238605898
2.1359400484, 1.12547660568, 1.06983457973, 1.18170881661, 2.9446752236, 0.784583304873, 2.7695577745, 0.877822821374, 0.992316500447, 4.28507358716, 2.8160859398, 0.925413784056, 3.55364922176, 1.0108905872, 1.09000009312, 1.04961752208, 1.02417951544, 1.10383057991, 5.78338409737, 0.964645925583, 0.855535547997, 289.872844572, 0.952623007676, 3.18165101004, 1.18892470682, 2.61726799856, 1.21799951317, 687.236121047, 27.4957261869, 3969.07188441, 2.68096514745
2.78721058535, 1.30899942314, 0.837223992891, 0.916224799564, 6.40904528409, 0.726642564337, 3.37079479495, 1.00382184082, 0.919921686013, 5.72268375348, 4.49756689937, 0.81073402562, 1.15182121221, 0.818114604618, 1.09000053935, 1.05832457789, 1.04943187, 0.878391668908, 8.72226014142, 1.0273981512, 0.987508731237, 371.984789217, 0.938770272445, 5.45489767158, 1.10431575824, 4.21780959547, 0.883044264675, 446.951143518, 15.8600413905, 4804.5115284, 4.02144772118
4.48829403638, 1.04851423595, 1.05374299891, 1.07405354491, 6.72336442139, 0.937225782646, 2.25908091013, 0.953562949198, 0.959904552314, 4.07092799948, 5.43898021615, 1.00772996225, 4.07697052223, 0.965496449019, 1.09000005996, 1.08444958593, 1.02841379037, 0.946844148148, 8.2027696622, 1.03598079534, 0.888191006304, 188.334729478, 1.03716063207, 1.21599866716, 1.0280047866, 3.64848268846, 1.27157625712, 719.466702289, 22.6239443296, 3126.72287661, 2.9490616622
4.41496522105, 1.13212158932, 0.962002006802, 1.10014029133, 5.79210940884, 0.820497157265, 4.3100629687, 0.957104097192, 0.978487144784, 2.08783785028, 5.2584959663, 0.820195712666, 2.62346964252, 1.22365216451, 1.09000036388, 1.0816454814, 1.02534134316, 1.1696634584, 4.10222379158, 1.13140432235, 0.849239275194, 357.148513224, 1.13042083479, 3.90986911967, 1.11075934959, 1.62085939402, 1.12577276577, 239.98398672, 27.9507424034, 1782.95770331, 1.87667560322
4.37582209458, 1.18537484653, 1.0641333176, 1.13914376014, 6.02063467417, 0.793176244562, 3.22993364213, 0.860974765648, 0.996883425636, 5.46496969212, 1.80747508986, 0.988223113661, 1.45821877195, 1.1334248251, 1.09000062625, 1.07121961841, 1.01560288271, 1.0430906223, 4.06391529642, 0.91693507415, 0.968355664808, 377.590295457, 1.0185305929, 5.51437189681, 1.03596125354, 3.94008510388, 1.11022961041, 661.071580613, 37.2664262082, 2627.11072786, 0.536193029491
3.57098137525, 1.23298742203, 0.730256091445, 1.21592560522, 6.68972802019, 0.809542593946, 3.34814486351, 0.878203941319, 0.954606417837, 1.90754558949, 7.49456163878, 1.03957921279, 1.74679797023, 1.12232510443, 1.09000036144, 1.00347765692, 1.01604869074, 0.98089974434, 9.50126745877, 1.17889738384, 0.797078550094, 281.934023462, 1.04663420155, 1.20718127534, 0.987771007869, 3.94792006097, 1.20080714397, 409.599206598, 30.9891108373, 1141.74000623, 2.9490616622
4.48829403638, 1.04851423595, 1.05374299891, 1.07405354491, 5.68071606528, 0.937225782646, 3.69617817122, 0.953562949198, 0.959904552314, 4.07092799948, 5.43898021615, 1.00772996225, 4.07697052223, 0.965496449019, 1.09000005996, 1.10542327019, 1.03118332644, 0.946844148148, 8.2027696622, 1.08954244059, 0.931117216204, 188.334729478, 1.04949138572, 2.25100783454, 1.0280047866, 3.64848268846, 1.27157625712, 963.34053174, 30.4675869848, 2477.99274338, 0.0
3.37867290525, 1.410875619, 1.16460174132, 0.906583934626, 2.41988055155, 0.735723375815, 5.2439926133, 1.01625970863, 0.979750234663, 4.0238358902, 4.87087712158, 0.981235273822, 2.17804184291, 0.967720947307, 1.09000039606, 1.10931567423, 1.00457016376, 1.0291365805, 6.56137486567, 1.16163195848, 0.843293226717, 322.403026304, 1.19084777364, 3.66860562103, 1.12517153313, 2.9810452856, 0.897532096287, 406.085734516, 30.9999746777, 1268.78200066, 2.9490616622
