-1.0, 1.0, 3.0, -1.0, 1.0, 0.0, 2.0, 3.0, 0.0, 1.0, -1.0, -1.0, 2.0, -1.0, 1.0, -1.0, -1.0, 2.0, -1.0, -1.0, 2.0, -1.0, -1.0, 2.0, 0.0, 1.0, -1.0, -1.0, 2.0, 0.0, -1.0, 2.0, 3.0, 2.0, -1.0, 1.0, -1.0, 2.0, 0.0, 0.0, 1.0, 0.0, 2.0, -1.0, -1.0, 0.0, 0.0, 1.0, -1.0, 1.0, 96274.0, 408.0, 99603.0
-1.0, 1.0, 3.0, -1.0, 1.0, 0.0, 2.0, 3.0, 0.0, 1.0, -1.0, -1.0, 2.0, -1.0, 1.0, -1.0, -1.0, 2.0, -1.0, -1.0, 2.0, -1.0, -1.0, 2.0, 0.0, 1.0, -1.0, -1.0, 2.0, 0.0, -1.0, 2.0, 3.0, 2.0, -1.0, 1.0, -1.0, 2.0, 0.0, 0.0, 1.0, 0.0, 2.0, -1.0, -1.0, 0.0, 0.0, 1.0, -1.0, 1.0, 96274.0, 408.0, 99603.0
-1.0, 1.0, 3.0, -1.0, 1.0, -1.0, -1.0, 3.0, 0.0, 1.0, -1.0, 0.0, 2.0, -1.0, 1.0, -1.0, 2.0, 2.0, -1.0, 0.0, 2.0, -1.0, -1.0, 2.0, 0.0, 1.0, -1.0, -1.0, 2.0, 0.0, -1.0, 2.0, 3.0, 2.0, -1.0, 1.0, -1.0, 3.0, 0.0, 0.0, 1.0, 0.0, 2.0, -1.0, -1.0, 0.0, 0.0, 1.0, -1.0, 1.0, 96050.0, 423.0, 99587.0
0.0, 0.0, 2.0, 1.0, 1.0, -1.0, -1.0, 0.0, -1.0, -1.0, -1.0, 3.0, 2.0, 3.0, 1.0, 2.0, 0.0, 1.0, 3.0, 1.0, 1.0, -1.0, 3.0, 0.0, 3.0, 1.0, -1.0, 0.0, 0.0, 3.0, 2.0, 2.0, -1.0, -1.0, 1.0, -1.0, 2.0, -1.0, 0.0, 0.0, 2.0, 1.0, -1.0, -1.0, 3.0, 0.0, -1.0, -1.0, 2.0, 0.0, 95430.0, 468.0, 99527.0
0.0, 0.0, 2.0, 1.0, 1.0, -1.0, -1.0, 0.0, -1.0, -1.0, -1.0, 3.0, 2.0, 3.0, 1.0, 2.0, 1.0, 1.0, 0.0, 1.0, 1.0, -1.0, -1.0, 0.0, 3.0, 1.0, -1.0, 0.0, 0.0, 2.0, 2.0, 2.0, -1.0, -1.0, 1.0, -1.0, 2.0, -1.0, 0.0, 1.0, 2.0, 1.0, -1.0, -1.0, 0.0, 0.0, -1.0, -1.0, 2.0, 0.0, 95260.0, 456.0, 99536.0
-1.0, 1.0, 3.0, -1.0, 1.0, 0.0, -1.0, 3.0, 0.0, 2.0, -1.0, 0.0, 2.0, -1.0, 1.0, -1.0, 2.0, 2.0, -1.0, -1.0, 2.0, -1.0, -1.0, 2.0, 0.0, 1.0, -1.0, -1.0, 2.0, 0.0, -1.0, 0.0, 3.0, 2.0, -1.0, 1.0, -1.0, 3.0, 0.0, 0.0, -1.0, 0.0, 2.0, -1.0, -1.0, 0.0, 0.0, 1.0, -1.0, 1.0, 96187.0, 414.0, 99601.0
-1.0, 1.0, 3.0, -1.0, 1.0, 0.0, 2.0, 3.0, 0.0, 1.0, -1.0, 0.0, 2.0, -1.0, 1.0, -1.0, 2.0, 2.0, -1.0, -1.0, 2.0, -1.0, -1.0, 2.0, 0.0, 1.0, -1.0, -1.0, 2.0, 0.0, -1.0, 2.0, 3.0, 0.0, -1.0, 1.0, -1.0, 3.0, 0.0, 0.0, 1.0, 0.0, 2.0, -1.0, -1.0, 0.0, 0.0, 1.0, -1.0, 1.0, 95966.0, 435.0, 99578.0
0.0, 0.0, 2.0, 1.0, 1.0, -1.0, -1.0, 0.0, -1.0, -1.0, -1.0, 3.0, 2.0, 3.0, 1.0, 2.0, 1.0, 1.0, 3.0, 1.0, 1.0, -1.0, 3.0, 0.0, 3.0, 1.0, -1.0, 0.0, 0.0, 3.0, 2.0, 2.0, -1.0, 2.0, 1.0, -1.0, 2.0, -1.0, 0.0, 0.0, 2.0, 1.0, -1.0, -1.0, 3.0, 0.0, -1.0, -1.0, 2.0, 0.0, 95353.0, 484.0, 99513.0
1.0, 2.0, 2.0, -1.0, 3.0, 1.0, 1.0, -1.0, 1.0, -1.0, -1.0, 0.0, 2.0, 1.0, 1.0, -1.0, 2.0, -1.0, 0.0, 1.0, 0.0, 3.0, 1.0, 0.0, -1.0, -1.0, 0.0, 1.0, -1.0, 1.0, -1.0, -1.0, 2.0, 0.0, 0.0, 0.0, 2.0, 1.0, -1.0, -1.0, -1.0, 0.0, -1.0, -1.0, 0.0, 2.0, -1.0, -1.0, 0.0, 3.0, 95969.0, 444.0, 99572.0
1.0, 0.0, 2.0, 1.0, 1.0, -1.0, -1.0, 0.0, -1.0, 0.0, -1.0, 3.0, 2.0, 3.0, 1.0, 2.0, 1.0, 2.0, 3.0, 1.0, 1.0, -1.0, 3.0, 0.0, 3.0, 1.0, 0.0, 0.0, 0.0, 1.0, 2.0, 2.0, -1.0, -1.0, 1.0, -1.0, 2.0, -1.0, 0.0, 0.0, 2.0, 1.0, -1.0, -1.0, 0.0, -1.0, -1.0, 0.0, 2.0, 0.0, 95097.0, 492.0, 99512.0
1.0, 2.0, 2.0, -1.0, 3.0, 1.0, 1.0, -1.0, 1.0, -1.0, -1.0, 0.0, 2.0, 1.0, 1.0, -1.0, 2.0, -1.0, 0.0, 1.0, 0.0, 3.0, 1.0, 0.0, -1.0, -1.0, 0.0, 1.0, -1.0, 1.0, -1.0, -1.0, 2.0, 0.0, 0.0, 0.0, 2.0, 1.0, -1.0, -1.0, -1.0, 0.0, -1.0, -1.0, 0.0, 2.0, -1.0, -1.0, 0.0, 3.0, 95969.0, 444.0, 99572.0
-1.0, 1.0, 3.0, -1.0, 1.0, 0.0, 2.0, 3.0, 0.0, 1.0, -1.0, -1.0, 2.0, -1.0, 1.0, -1.0, -1.0, 2.0, -1.0, -1.0, 2.0, -1.0, -1.0, 2.0, 0.0, 1.0, -1.0, -1.0, 2.0, 0.0, -1.0, 2.0, 3.0, 2.0, -1.0, 1.0, -1.0, 2.0, 0.0, 0.0, 1.0, 0.0, 2.0, -1.0, -1.0, 0.0, 0.0, 1.0, -1.0, 1.0, 96274.0, 408.0, 99603.0
-1.0, 1.0, 3.0, -1.0, 1.0, 0.0, 2.0, 3.0, 0.0, 1.0, -1.0, -1.0, 2.0, -1.0, 1.0, -1.0, -1.0, 2.0, -1.0, -1.0, 2.0, -1.0, -1.0, 2.0, 0.0, 1.0, -1.0, -1.0, 2.0, 0.0, -1.0, 2.0, 3.0, 2.0, -1.0, 1.0, -1.0, 2.0, 0.0, 0.0, 1.0, 0.0, 2.0, -1.0, -1.0, 0.0, 0.0, 1.0, -1.0, 1.0, 96274.0, 408.0, 99603.0
-1.0, 1.0, 3.0, -1.0, 1.0, 0.0, 2.0, 3.0, 0.0, 1.0, -1.0, -1.0, 2.0, -1.0, 1.0, -1.0, -1.0, 2.0, -1.0, -1.0, 2.0, -1.0, -1.0, 2.0, 0.0, 1.0, -1.0, -1.0, 2.0, 0.0, -1.0, 2.0, 3.0, 2.0, -1.0, 1.0, -1.0, 2.0, 0.0, 0.0, 1.0, 0.0, 2.0, -1.0, -1.0, 0.0, 0.0, 1.0, -1.0, 1.0, 96274.0, 408.0, 99603.0
-1.0, 1.0, 3.0, -1.0, 1.0, 0.0, 2.0, 3.0, 0.0, 1.0, -1.0, -1.0, 2.0, -1.0, 1.0, -1.0, -1.0, 2.0, -1.0, -1.0, 2.0, -1.0, -1.0, 2.0, 0.0, 1.0, -1.0, -1.0, 2.0, 0.0, -1.0, 2.0, 3.0, 2.0, -1.0, 1.0, -1.0, 2.0, 0.0, 0.0, 1.0, 0.0, 2.0, -1.0, -1.0, 0.0, 0.0, 1.0, -1.0, 1.0, 96274.0, 408.0, 99603.0
-1.0, 1.0, 3.0, -1.0, 1.0, 0.0, 2.0, 3.0, 0.0, 1.0, -1.0, -1.0, 2.0, -1.0, 1.0, -1.0, -1.0, 2.0, -1.0, -1.0, 2.0, -1.0, -1.0, 2.0, 0.0, 1.0, -1.0, -1.0, 2.0, 0.0, -1.0, 2.0, 3.0, 2.0, -1.0, 1.0, -1.0, 2.0, 0.0, 0.0, 1.0, 0.0, 2.0, -1.0, -1.0, 0.0, 0.0, 1.0, -1.0, 1.0, 96274.0, 408.0, 99603.0
-1.0, 1.0, 3.0, -1.0, 1.0, 0.0, 2.0, 3.0, 0.0, 1.0, -1.0, -1.0, 2.0, -1.0, 1.0, -1.0, -1.0, 2.0, -1.0, -1.0, 2.0, -1.0, -1.0, 2.0, 0.0, 1.0, -1.0, -1.0, 2.0, 0.0, -1.0, 2.0, 3.0, 2.0, -1.0, 1.0, -1.0, 2.0, 0.0, 0.0, 1.0, 0.0, 2.0, -1.0, -1.0, 0.0, 0.0, 1.0, -1.0, 1.0, 96274.0, 408.0, 99603.0
-1.0, 1.0, 3.0, -1.0, 1.0, 0.0, 2.0, 3.0, 0.0, 1.0, -1.0, -1.0, 2.0, -1.0, 1.0, -1.0, -1.0, 2.0, -1.0, -1.0, 2.0, -1.0, -1.0, 2.0, 0.0, 1.0, -1.0, -1.0, 2.0, 0.0, -1.0, 2.0, 3.0, 2.0, -1.0, 1.0, -1.0, 2.0, 0.0, 0.0, 1.0, 0.0, 2.0, -1.0, -1.0, 0.0, 0.0, 1.0, -1.0, 1.0, 96274.0, 408.0, 99603.0
-1.0, 1.0, 3.0, -1.0, 1.0, 0.0, 2.0, 3.0, 0.0, 1.0, -1.0, -1.0, 2.0, -1.0, 1.0, -1.0, -1.0, 2.0, -1.0, -1.0, 2.0, -1.0, -1.0, 2.0, 0.0, 1.0, -1.0, -1.0, 2.0, 0.0, -1.0, 2.0, 3.0, 2.0, -1.0, 1.0, -1.0, 2.0, 0.0, 0.0, 1.0, 0.0, 2.0, -1.0, -1.0, 0.0, 0.0, 1.0, -1.0, 1.0, 96274.0, 408.0, 99603.0
-1.0, 1.0, 3.0, -1.0, 1.0, 0.0, 2.0, 3.0, 0.0, 1.0, -1.0, -1.0, 2.0, -1.0, 1.0, -1.0, -1.0, 2.0, -1.0, -1.0, 2.0, -1.0, -1.0, 2.0, 0.0, 1.0, -1.0, -1.0, 2.0, 0.0, -1.0, 2.0, 3.0, 2.0, -1.0, 1.0, -1.0, 2.0, 0.0, 0.0, 1.0, 0.0, 2.0, -1.0, -1.0, 0.0, 0.0, 1.0, -1.0, 1.0, 96274.0, 408.0, 99603.0
-1.0, 1.0, 3.0, -1.0, 1.0, 0.0, 2.0, 3.0, 0.0, 1.0, -1.0, -1.0, 2.0, -1.0, 1.0, -1.0, -1.0, 2.0, -1.0, -1.0, 2.0, -1.0, -1.0, 2.0, 0.0, 1.0, -1.0, -1.0, 2.0, 0.0, -1.0, 2.0, 3.0, 2.0, -1.0, 1.0, -1.0, 2.0, 0.0, 0.0, 1.0, 0.0, 2.0, -1.0, -1.0, 0.0, 0.0, 1.0, -1.0, 1.0, 96274.0, 408.0, 99603.0
-1.0, 1.0, 3.0, -1.0, 1.0, 0.0, 2.0, 3.0, 0.0, 1.0, -1.0, -1.0, 2.0, -1.0, 1.0, -1.0, -1.0, 2.0, -1.0, -1.0, 2.0, -1.0, -1.0, 2.0, 0.0, 1.0, -1.0, -1.0, 2.0, 0.0, -1.0, 2.0, 3.0, 2.0, -1.0, 1.0, -1.0, 2.0, 0.0, 0.0, 1.0, 0.0, 2.0, -1.0, -1.0, 0.0, 0.0, 1.0, -1.0, 1.0, 96274.0, 408.0, 99603.0
-1.0, 1.0, 3.0, -1.0, 1.0, 0.0, 2.0, 3.0, 0.0, 1.0, -1.0, -1.0, 2.0, -1.0, 1.0, -1.0, -1.0, 2.0, -1.0, -1.0, 2.0, -1.0, -1.0, 2.0, 0.0, 1.0, -1.0, -1.0, 2.0, 0.0, -1.0, 2.0, 3.0, 2.0, -1.0, 1.0, -1.0, 2.0, 0.0, 0.0, 1.0, 0.0, 2.0, -1.0, -1.0, 0.0, 0.0, 1.0, -1.0, 1.0, 96274.0, 408.0, 99603.0
