0.0, 3.0, 2.0, 2.0, 1.0, 3.0, 1.0, 2.0, 0.0, 1.0, 0.0, 1.0, -1.0, -1.0, 0.0, 3.0, 2.0, 2.0, 3.0, 1.0, 2.0, 3.0, -1.0, 1.0, 2.0, 1.0, 0.0, 2.0, 0.0, 2.0, 3.0, 3.0, 0.0, 0.0, 0.0, -1.0, -1.0, 1.0, 1.0, 1.0, 1.0, 0.0, 0.0, -1.0, 3.0, 0.0, 3.0, -1.0, 2.0, 3.0, 94879.0, 580.0, 99439.0
-1.0, 1.0, 3.0, -1.0, 1.0, 0.0, -1.0, 3.0, 0.0, 1.0, -1.0, -1.0, 2.0, -1.0, 2.0, -1.0, 2.0, 2.0, -1.0, 0.0, 2.0, -1.0, -1.0, 2.0, 0.0, 1.0, -1.0, -1.0, 2.0, 0.0, -1.0, 2.0, 3.0, 2.0, -1.0, 1.0, -1.0, 3.0, 0.0, 0.0, 1.0, 0.0, 2.0, -1.0, -1.0, 0.0, 0.0, 1.0, -1.0, 1.0, 96070.0, 430.0, 99582.0
0.0, 3.0, 2.0, 2.0, 1.0, 3.0, 1.0, 2.0, 0.0, 1.0, 0.0, 1.0, -1.0, -1.0, 0.0, 3.0, 2.0, 2.0, 3.0, 1.0, 2.0, 3.0, -1.0, 1.0, 2.0, 1.0, 0.0, 2.0, 0.0, 2.0, 3.0, 3.0, 0.0, 0.0, 0.0, -1.0, -1.0, 1.0, 1.0, 1.0, 1.0, 0.0, 0.0, -1.0, 3.0, 0.0, 3.0, -1.0, 2.0, 3.0, 94879.0, 580.0, 99439.0
3.0, 1.0, 3.0, 1.0, -1.0, -1.0, -1.0, 2.0, 0.0, 2.0, -1.0, 0.0, 2.0, 2.0, 1.0, -1.0, 3.0, -1.0, 1.0, 3.0, -1.0, 0.0, 2.0, -1.0, 2.0, 3.0, 2.0, 3.0, 0.0, 2.0, 0.0, 0.0, -1.0, 2.0, -1.0, 1.0, 0.0, 0.0, 2.0, 0.0, -1.0, 1.0, -1.0, 1.0, 1.0, 0.0, -1.0, -1.0, -1.0, 1.0, 95560.0, 476.0, 99527.0
-1.0, 1.0, 0.0, -1.0, 1.0, 0.0, -1.0, 3.0, 0.0, 1.0, -1.0, -1.0, 2.0, -1.0, 1.0, -1.0, 2.0, 2.0, -1.0, -1.0, 2.0, -1.0, -1.0, 2.0, 0.0, 1.0, 0.0, -1.0, 2.0, 0.0, -1.0, 2.0, 3.0, 2.0, -1.0, 1.0, -1.0, 3.0, 0.0, 0.0, 1.0, 2.0, 2.0, -1.0, -1.0, 0.0, 0.0, 1.0, -1.0, 1.0, 96002.0, 425.0, 99591.0
-1.0, 1.0, 3.0, -1.0, 1.0, 0.0, -1.0, 3.0, 0.0, 1.0, -1.0, -1.0, 2.0, -1.0, 2.0, -1.0, 2.0, 2.0, -1.0, 0.0, 2.0, -1.0, -1.0, 2.0, 0.0, 1.0, -1.0, -1.0, 2.0, 0.0, -1.0, 2.0, 3.0, 2.0, -1.0, 1.0, -1.0, 3.0, 0.0, 0.0, 1.0, 0.0, 2.0, -1.0, -1.0, 0.0, 0.0, 1.0, -1.0, 1.0, 96070.0, 430.0, 99582.0
3.0, 1.0, 3.0, 2.0, 1.0, -1.0, -1.0, 2.0, 0.0, 2.0, -1.0, 0.0, 2.0, 2.0, 1.0, -1.0, 3.0, -1.0, 1.0, 1.0, -1.0, 0.0, 2.0, -1.0, 2.0, 3.0, 2.0, 3.0, 0.0, 2.0, 0.0, 0.0, -1.0, 2.0, -1.0, 1.0, 0.0, 0.0, 2.0, 0.0, -1.0, 1.0, -1.0, 1.0, 1.0, 0.0, 0.0, -1.0, -1.0, 1.0, 95245.0, 502.0, 99504.0
-1.0, 1.0, 3.0, -1.0, -1.0, 0.0, -1.0, 3.0, 0.0, 1.0, 1.0, -1.0, 2.0, -1.0, 1.0, -1.0, 2.0, 2.0, -1.0, -1.0, 2.0, -1.0, -1.0, 2.0, 0.0, 1.0, -1.0, -1.0, 2.0, 0.0, -1.0, 2.0, 3.0, 2.0, -1.0, 1.0, -1.0, 3.0, 0.0, 0.0, 1.0, 0.0, 2.0, -1.0, -1.0, 0.0, -1.0, 1.0, -1.0, 1.0, 96432.0, 402.0, 99612.0
3.0, 1.0, 3.0, 2.0, -1.0, -1.0, -1.0, 2.0, 0.0, 2.0, 1.0, 0.0, 2.0, 2.0, 1.0, -1.0, 3.0, -1.0, -1.0, 1.0, -1.0, 0.0, 2.0, -1.0, 2.0, 1.0, 2.0, 3.0, 0.0, 2.0, 0.0, 0.0, -1.0, 2.0, -1.0, 1.0, 0.0, 0.0, 2.0, 0.0, -1.0, 1.0, -1.0, 1.0, 1.0, 0.0, -1.0, -1.0, -1.0, 1.0, 95481.0, 473.0, 99531.0
2.0, 0.0, 2.0, 1.0, 1.0, -1.0, 2.0, 0.0, 0.0, 1.0, 1.0, 0.0, 0.0, 2.0, 3.0, -1.0, -1.0, 3.0, 3.0, 0.0, 0.0, 2.0, -1.0, 3.0, 2.0, 0.0, 2.0, 1.0, 1.0, 1.0, -1.0, 0.0, 0.0, 0.0, 0.0, 1.0, -1.0, 2.0, -1.0, -1.0, 3.0, 2.0, -1.0, -1.0, -1.0, 1.0, 3.0, -1.0, 1.0, 3.0, 95264.0, 507.0, 99502.0
-1.0, 1.0, 3.0, -1.0, 1.0, 0.0, -1.0, 3.0, 0.0, 1.0, 2.0, -1.0, 2.0, -1.0, 2.0, -1.0, 2.0, 2.0, -1.0, 0.0, 2.0, -1.0, -1.0, 2.0, 0.0, 1.0, -1.0, -1.0, 2.0, 0.0, -1.0, 2.0, 3.0, 2.0, -1.0, 1.0, -1.0, 3.0, 0.0, 0.0, 1.0, 0.0, 2.0, -1.0, -1.0, 0.0, 0.0, 1.0, -1.0, 1.0, 95974.0, 444.0, 99569.0
3.0, 1.0, 3.0, 1.0, -1.0, -1.0, -1.0, 2.0, 0.0, 2.0, -1.0, 0.0, 2.0, 2.0, 1.0, -1.0, 3.0, -1.0, 1.0, 3.0, -1.0, 0.0, 2.0, -1.0, 2.0, 3.0, 2.0, 3.0, 0.0, 2.0, 0.0, 0.0, -1.0, 2.0, -1.0, 1.0, 0.0, 0.0, 2.0, 0.0, -1.0, 1.0, -1.0, 1.0, 1.0, 0.0, -1.0, -1.0, -1.0, 1.0, 95560.0, 476.0, 99527.0
-1.0, 1.0, 3.0, -1.0, 0.0, 0.0, -1.0, 3.0, 0.0, 1.0, -1.0, -1.0, -1.0, -1.0, 1.0, -1.0, 2.0, 2.0, -1.0, -1.0, 2.0, -1.0, -1.0, 2.0, 0.0, 1.0, -1.0, -1.0, 2.0, 0.0, -1.0, 2.0, 3.0, 2.0, -1.0, 1.0, -1.0, 3.0, 0.0, 0.0, 1.0, 0.0, 2.0, -1.0, -1.0, 0.0, 0.0, 1.0, -1.0, 1.0, 96341.0, 402.0, 99614.0
-1.0, 1.0, 3.0, -1.0, 1.0, 0.0, -1.0, 3.0, 0.0, 1.0, -1.0, -1.0, 2.0, -1.0, 2.0, -1.0, 2.0, 2.0, -1.0, 0.0, 2.0, -1.0, -1.0, 2.0, 0.0, 1.0, -1.0, -1.0, 2.0, 0.0, -1.0, 2.0, 3.0, 2.0, -1.0, 1.0, -1.0, 3.0, 0.0, 0.0, 1.0, 0.0, 2.0, -1.0, -1.0, 0.0, 0.0, 1.0, -1.0, 1.0, 96070.0, 430.0, 99582.0
3.0, 1.0, 3.0, 2.0, 1.0, -1.0, -1.0, 2.0, 0.0, 2.0, -1.0, 0.0, 2.0, 2.0, 1.0, -1.0, 3.0, -1.0, 1.0, 1.0, -1.0, 0.0, 2.0, -1.0, 2.0, 3.0, 2.0, 3.0, 0.0, 2.0, 0.0, 0.0, -1.0, 2.0, -1.0, 1.0, 0.0, 0.0, 2.0, 0.0, -1.0, 1.0, -1.0, 1.0, 1.0, 0.0, -1.0, -1.0, -1.0, 1.0, 95308.0, 489.0, 99511.0
-1.0, 1.0, 3.0, -1.0, 1.0, 0.0, -1.0, 3.0, 0.0, 1.0, -1.0, -1.0, 2.0, -1.0, 1.0, -1.0, 2.0, 2.0, 1.0, -1.0, 2.0, -1.0, -1.0, 2.0, 0.0, 3.0, -1.0, -1.0, 2.0, 0.0, -1.0, 2.0, 3.0, 2.0, 0.0, 1.0, -1.0, 3.0, 0.0, 0.0, 1.0, 0.0, 2.0, -1.0, -1.0, 0.0, 0.0, 1.0, -1.0, 1.0, 96069.0, 441.0, 99576.0
2.0, 2.0, 0.0, 2.0, 1.0, -1.0, 1.0, 0.0, 0.0, 3.0, 3.0, 0.0, 0.0, 1.0, 3.0, -1.0, 1.0, 1.0, -1.0, -1.0, -1.0, 3.0, 2.0, -1.0, -1.0, 1.0, 1.0, 1.0, 1.0, 2.0, 0.0, 0.0, -1.0, 2.0, 3.0, -1.0, -1.0, -1.0, -1.0, 2.0, 1.0, -1.0, 0.0, 2.0, 0.0, 3.0, 3.0, 2.0, 2.0, 0.0, 95532.0, 484.0, 99529.0
0.0, 3.0, 2.0, 2.0, 1.0, 3.0, 1.0, 2.0, 0.0, 1.0, 0.0, 1.0, -1.0, -1.0, 0.0, 3.0, 2.0, 2.0, 3.0, 1.0, 2.0, 3.0, -1.0, 1.0, 2.0, 1.0, 0.0, 2.0, 0.0, 2.0, 3.0, 3.0, 0.0, 0.0, 0.0, -1.0, -1.0, 1.0, 1.0, 1.0, 1.0, 0.0, 0.0, -1.0, 3.0, 0.0, 3.0, -1.0, 2.0, 3.0, 94879.0, 580.0, 99439.0
0.0, 3.0, 2.0, 2.0, 1.0, 3.0, 1.0, 2.0, 0.0, 1.0, 0.0, 1.0, -1.0, -1.0, 0.0, 3.0, 2.0, 2.0, 3.0, 1.0, 2.0, 3.0, -1.0, 1.0, 2.0, 1.0, 0.0, 2.0, 0.0, 2.0, 3.0, 3.0, 0.0, 0.0, 0.0, -1.0, -1.0, 1.0, 1.0, 1.0, 1.0, 0.0, 0.0, -1.0, 3.0, 0.0, 3.0, -1.0, 2.0, 3.0, 94879.0, 580.0, 99439.0
3.0, 1.0, 3.0, 1.0, -1.0, -1.0, -1.0, 2.0, 0.0, 2.0, -1.0, 0.0, 2.0, 2.0, 1.0, -1.0, 3.0, -1.0, 1.0, 3.0, -1.0, 0.0, 2.0, -1.0, 2.0, 3.0, 2.0, 3.0, 0.0, 2.0, 0.0, 0.0, -1.0, 2.0, -1.0, 1.0, 0.0, 0.0, 2.0, 0.0, -1.0, 1.0, -1.0, 1.0, 1.0, 0.0, -1.0, -1.0, -1.0, 1.0, 95560.0, 476.0, 99527.0
-1.0, 1.0, 0.0, -1.0, 1.0, 0.0, -1.0, 3.0, 0.0, 1.0, -1.0, -1.0, 2.0, -1.0, 1.0, -1.0, 2.0, 2.0, -1.0, -1.0, 2.0, -1.0, -1.0, 2.0, 0.0, 1.0, 0.0, -1.0, 2.0, 0.0, -1.0, 2.0, 3.0, 2.0, -1.0, 1.0, -1.0, 3.0, 0.0, 0.0, 2.0, 2.0, 2.0, -1.0, -1.0, 0.0, -1.0, 1.0, -1.0, 1.0, 96082.0, 412.0, 99598.0
-1.0, 1.0, 3.0, -1.0, 1.0, 0.0, -1.0, 3.0, 0.0, 1.0, -1.0, -1.0, 2.0, -1.0, 2.0, -1.0, 2.0, 2.0, -1.0, 0.0, 2.0, -1.0, -1.0, 2.0, 0.0, 1.0, -1.0, -1.0, 2.0, 0.0, -1.0, 2.0, 3.0, 2.0, -1.0, 1.0, -1.0, 3.0, 0.0, 0.0, 1.0, 0.0, 2.0, -1.0, -1.0, 0.0, 0.0, 1.0, -1.0, 1.0, 96070.0, 430.0, 99582.0
-1.0, 1.0, 3.0, 2.0, -1.0, -1.0, -1.0, 2.0, 0.0, 2.0, 1.0, 0.0, 2.0, 2.0, 1.0, -1.0, 3.0, -1.0, -1.0, 1.0, -1.0, 0.0, 2.0, -1.0, 2.0, 1.0, 2.0, 3.0, 0.0, 2.0, 0.0, 0.0, -1.0, 2.0, -1.0, 1.0, 0.0, 0.0, 2.0, 0.0, -1.0, 1.0, -1.0, 1.0, 1.0, 0.0, -1.0, -1.0, -1.0, 1.0, 95528.0, 457.0, 99545.0
2.0, 0.0, 2.0, 1.0, 1.0, -1.0, 2.0, 0.0, 0.0, 1.0, 1.0, 0.0, 0.0, 2.0, 3.0, -1.0, -1.0, 3.0, 3.0, 0.0, 0.0, 2.0, -1.0, 3.0, 2.0, 0.0, 2.0, 1.0, 1.0, 1.0, -1.0, 0.0, 0.0, 0.0, 0.0, 1.0, -1.0, 2.0, -1.0, -1.0, 3.0, 2.0, -1.0, -1.0, -1.0, 1.0, 3.0, -1.0, 1.0, 3.0, 95264.0, 507.0, 99502.0
3.0, 1.0, 3.0, 1.0, -1.0, -1.0, -1.0, 2.0, 0.0, 2.0, -1.0, 0.0, 2.0, 2.0, 1.0, -1.0, 3.0, -1.0, 1.0, 3.0, -1.0, 0.0, 2.0, -1.0, 2.0, 3.0, 2.0, 3.0, 0.0, 2.0, 0.0, 0.0, -1.0, 2.0, -1.0, 1.0, 0.0, 0.0, 2.0, 0.0, -1.0, 1.0, -1.0, 1.0, 1.0, 0.0, -1.0, -1.0, -1.0, 1.0, 95560.0, 476.0, 99527.0
-1.0, 1.0, 3.0, -1.0, 1.0, 0.0, -1.0, 3.0, 0.0, 1.0, -1.0, -1.0, 2.0, -1.0, 2.0, -1.0, 2.0, 2.0, -1.0, 0.0, 2.0, -1.0, -1.0, 2.0, 0.0, 1.0, -1.0, -1.0, 2.0, 0.0, -1.0, 2.0, 3.0, 2.0, -1.0, 1.0, -1.0, 3.0, 0.0, 0.0, 1.0, 0.0, 2.0, -1.0, -1.0, 0.0, 0.0, 1.0, -1.0, 1.0, 96070.0, 430.0, 99582.0
3.0, 1.0, 3.0, 2.0, 1.0, -1.0, -1.0, 2.0, 0.0, 2.0, -1.0, 0.0, 2.0, 2.0, 1.0, -1.0, 3.0, -1.0, 1.0, 1.0, -1.0, 0.0, 2.0, -1.0, 2.0, 3.0, 2.0, 3.0, 0.0, 2.0, 0.0, 0.0, -1.0, 2.0, -1.0, 1.0, 0.0, 0.0, 2.0, 0.0, -1.0, 1.0, -1.0, 1.0, 1.0, 0.0, -1.0, -1.0, -1.0, 1.0, 95308.0, 489.0, 99511.0
2.0, 2.0, 0.0, 2.0, 1.0, -1.0, 1.0, 0.0, 0.0, 3.0, 3.0, 0.0, 0.0, 1.0, 3.0, -1.0, 1.0, 1.0, -1.0, -1.0, -1.0, 3.0, 2.0, -1.0, -1.0, 1.0, 1.0, 1.0, 1.0, 2.0, 0.0, 0.0, -1.0, 2.0, 3.0, -1.0, -1.0, -1.0, -1.0, 2.0, 1.0, -1.0, 0.0, 2.0, 0.0, 3.0, 3.0, 2.0, 2.0, 0.0, 95532.0, 484.0, 99529.0
0.0, 1.0, 0.0, -1.0, -1.0, 2.0, 0.0, -1.0, 0.0, -1.0, 3.0, 1.0, 3.0, 1.0, 2.0, -1.0, 0.0, -1.0, 2.0, 2.0, 2.0, 1.0, -1.0, -1.0, 3.0, -1.0, 1.0, 0.0, -1.0, -1.0, 1.0, 1.0, 1.0, 3.0, 1.0, 2.0, 3.0, -1.0, 2.0, 0.0, 1.0, -1.0, 3.0, 2.0, -1.0, 0.0, -1.0, -1.0, -1.0, 1.0, 95966.0, 447.0, 99568.0
3.0, 1.0, 3.0, 2.0, 1.0, -1.0, -1.0, 2.0, 0.0, 0.0, -1.0, 3.0, 2.0, 2.0, 1.0, -1.0, 3.0, -1.0, 1.0, 1.0, -1.0, 0.0, 2.0, -1.0, 2.0, 3.0, 2.0, 3.0, 0.0, 2.0, 0.0, 0.0, -1.0, 2.0, -1.0, 1.0, 0.0, 0.0, 2.0, 0.0, -1.0, 1.0, -1.0, 1.0, 1.0, 0.0, 0.0, -1.0, -1.0, 1.0, 95264.0, 502.0, 99504.0
-1.0, 1.0, 3.0, -1.0, 1.0, 0.0, -1.0, 3.0, 0.0, 1.0, 2.0, -1.0, 2.0, -1.0, 2.0, -1.0, 2.0, 2.0, -1.0, 0.0, 2.0, -1.0, -1.0, 2.0, 0.0, 1.0, -1.0, -1.0, 2.0, 1.0, -1.0, 2.0, 3.0, 2.0, -1.0, 1.0, -1.0, 3.0, 0.0, 0.0, 1.0, 3.0, 2.0, -1.0, -1.0, 0.0, 0.0, 1.0, -1.0, 1.0, 96056.0, 444.0, 99569.0
-1.0, 1.0, 3.0, -1.0, 0.0, 1.0, -1.0, 3.0, 0.0, 1.0, -1.0, -1.0, -1.0, -1.0, 1.0, -1.0, 2.0, 2.0, -1.0, -1.0, 2.0, -1.0, -1.0, 2.0, 0.0, 1.0, -1.0, -1.0, 2.0, 0.0, -1.0, 2.0, 3.0, 2.0, -1.0, 1.0, -1.0, 3.0, 0.0, 0.0, 1.0, 0.0, 2.0, -1.0, -1.0, 0.0, 0.0, 1.0, -1.0, 1.0, 96371.0, 402.0, 99614.0
-1.0, 1.0, 3.0, -1.0, 1.0, 0.0, -1.0, 3.0, 0.0, 1.0, -1.0, -1.0, 2.0, -1.0, 1.0, -1.0, 2.0, 2.0, 1.0, -1.0, 2.0, -1.0, -1.0, 2.0, 0.0, 3.0, -1.0, -1.0, 2.0, 0.0, -1.0, 2.0, 3.0, 2.0, 0.0, 2.0, -1.0, 3.0, 0.0, 0.0, 1.0, 0.0, 2.0, -1.0, -1.0, 0.0, 0.0, 1.0, -1.0, 1.0, 96093.0, 441.0, 99576.0
-1.0, 1.0, 0.0, -1.0, 1.0, 0.0, -1.0, 3.0, 0.0, 1.0, -1.0, -1.0, 2.0, -1.0, 1.0, -1.0, 2.0, 2.0, -1.0, -1.0, 3.0, -1.0, -1.0, 2.0, 0.0, 1.0, 0.0, -1.0, 2.0, 0.0, -1.0, 2.0, 3.0, 2.0, -1.0, 1.0, -1.0, 3.0, 0.0, 0.0, 1.0, 2.0, 2.0, -1.0, -1.0, 0.0, 0.0, 1.0, -1.0, 1.0, 96028.0, 425.0, 99591.0
-1.0, 1.0, 0.0, -1.0, 1.0, 0.0, -1.0, 3.0, 0.0, 1.0, -1.0, -1.0, 2.0, -1.0, 1.0, -1.0, 2.0, 2.0, -1.0, -1.0, 3.0, -1.0, -1.0, 2.0, 0.0, 1.0, 0.0, -1.0, 2.0, 0.0, -1.0, 2.0, 3.0, 2.0, -1.0, 1.0, -1.0, 3.0, 0.0, 0.0, 1.0, 2.0, 2.0, -1.0, -1.0, 0.0, 0.0, 1.0, -1.0, 1.0, 96028.0, 425.0, 99591.0
1.0, 1.0, 0.0, 1.0, 2.0, 3.0, 3.0, 1.0, 2.0, 3.0, -1.0, 0.0, 2.0, -1.0, 0.0, 3.0, 0.0, 1.0, -1.0, 3.0, 0.0, -1.0, 0.0, 2.0, 2.0, 3.0, 0.0, 2.0, 2.0, 1.0, 1.0, 0.0, 0.0, 1.0, 2.0, 2.0, 2.0, 3.0, 2.0, 0.0, 2.0, 3.0, 0.0, -1.0, 3.0, -1.0, -1.0, -1.0, 0.0, 3.0, 95101.0, 561.0, 99453.0
