2.32364352234, 1.00000053007, 1.57828296965, 0.963793193809, 6.57843692626, 0.811485794919, 5.18803320436, 1.03223083415, 0.936611548984, 4.38508943776, 5.373547097, 1.13570842007, 1.64978413074, 0.92445026342, 1.09000041848, 1.02919221689, 1.02298533185, 0.913631170564, 8.6233838817, 0.996948451236, 0.817831163734, 756.662748601, 0.944555705065, 3.23345483293, 1.20118205269, 2.51630282792, 0.874420608788, 1012.01787019, 24.4411053298, 3121.63490597, 0.0
4.87112942022, 1.0000008348, 1.2208890472, 0.911191350061, 3.09320446723, 0.804471377767, 4.18872658907, 1.07232460362, 0.969991586323, 2.27518387929, 5.93873627637, 1.17528965292, 3.36181013171, 1.01571730317, 1.09000028245, 1.00460733629, 1.02503024989, 0.876685368409, 8.19390933297, 0.978018972092, 0.86968460383, 229.975938612, 1.09070814994, 5.78303938747, 0.993289899636, 3.22941766885, 1.09434561687, 771.264203952, 37.4693630988, 1119.0919984, 0.0
3.33934808818, 1.00000015544, 1.5333337653, 1.05124099689, 5.30681012365, 0.972796249335, 4.54962219218, 1.1411035932, 0.976685598582, 5.80054647709, 4.81955907389, 1.01597914233, 3.36181013171, 1.04621145353, 1.09000086596, 1.06234394246, 1.02593138729, 1.13423321692, 8.19390933297, 1.14471009138, 0.790704486501, 430.017572869, 0.979885791892, 5.65113056302, 1.02422992585, 1.63423490599, 1.22697375798, 33.1203857571, 14.5379802643, 43.9270028494, 1.34048257373
1.26325164348, 1.00000002159, 1.07543770755, 0.992412814667, 6.02230984398, 0.769223485898, 4.2093134398, 1.19731556076, 0.98614547752, 1.64826843832, 5.61115442105, 0.850577972584, 2.17209245276, 1.01502613363, 1.09000053029, 1.01021865133, 1.0327851875, 0.908793085224, 8.95027644883, 0.982591192728, 0.810124925601, 660.609140449, 1.03776518444, 3.11997806171, 1.16124851474, 1.44298701125, 0.995541845961, 34.864455242, 8.09688863671, 338.669356361, 5.8981233244
1.71586991311, 1.00000044699, 1.19729550134, 0.888575552659, 4.03084029675, 0.922398660313, 3.89654755273, 1.21377595417, 0.911923456918, 2.00393307467, 5.98619448247, 1.09158999359, 1.84225327415, 1.17903736173, 1.09000026126, 1.04754477605, 1.03173000481, 1.04953480138, 4.05379249291, 0.912861653366, 0.894573252629, 555.181185333, 1.10773660779, 5.22623553966, 0.997571505336, 5.45485370064, 0.921082609832, 17.0295373538, 8.76889775924, 45.4692733474, 0.536193029491
2.81943419854, 1.00000037181, 1.40440048721, 1.201771389, 3.08528773006, 0.95387519823, 5.35259441963, 1.17286950998, 0.936068745031, 4.32769311745, 4.95227608045, 1.10883476438, 3.74558899912, 1.00483798181, 1.09000040814, 1.05712832593, 1.00536771724, 0.964462854832, 4.03191968981, 1.17634138421, 0.898906327856, 801.993638212, 1.04239166526, 4.95479362902, 1.05704548798, 1.79605204742, 1.24159146905, 112.426778848, 15.1945187056, 479.032442889, 0.268096514745
3.43912692543, 1.00000014579, 1.63507147266, 1.17894337238, 3.60774700733, 0.96955633775, 3.76658691805, 1.25216952476, 0.966929104663, 2.89692315505, 4.72731739856, 1.0344101028, 4.9456776351, 1.23601498069, 1.09000022114, 1.01042832465, 1.03062728624, 1.20015495706, 4.6024011472, 1.10069844118, 0.79178587712, 185.066821476, 0.97244917743, 1.03578945643, 1.20541783953, 4.95462686919, 1.05760988873, 826.84315488, 29.0751366116, 5383.03514887, 0.0
5.69242814201, 1.0000002904, 1.06413243078, 0.873171504241, 5.0715483077, 0.863615212411, 1.8410056335, 1.10684322536, 0.946231969394, 5.55851129845, 5.94400795497, 1.19186934015, 2.9839811955, 1.2022823282, 1.0900008152, 1.08860520196, 1.02564392809, 0.846687474226, 8.44359878573, 0.987400483788, 0.816182895995, 91.7472702303, 1.09443631769, 2.67011089682, 1.1147296068, 4.41082852492, 1.15865678799, 1661.9892079, 47.0770504031, 1499.48480847, 0.0
1.26325164348, 1.00000032992, 1.07543770755, 0.992412814667, 6.02230984398, 0.769223485898, 3.90007766159, 1.19731556076, 0.98614547752, 1.64826843832, 5.61115442105, 0.850577972584, 2.17209245276, 1.01502613363, 1.09000053029, 1.01021865133, 1.0327851875, 0.908793085224, 8.95027644883, 0.982591192728, 0.810124925601, 660.609140449, 1.03776518444, 3.11997806171, 1.16124851474, 1.44298701125, 0.995541845961, 23.7613955837, 13.4830824451, 139.171724171, 2.41286863271
3.69100744437, 1.00000061855, 1.22052583385, 0.905062817289, 7.0691116949, 0.758861999902, 1.02976912101, 1.07400073788, 0.959450263411, 5.24821596342, 5.6120069746, 0.853561756101, 3.63403985974, 1.14697338763, 1.09000045456, 1.0660444265, 1.00584772593, 0.993383227135, 6.47750392811, 0.975413586752, 0.789972215896, 723.593079259, 1.0878906874, 2.35768270753, 1.20645288867, 1.26414342957, 0.876729803531, 27.921096061, 10.2466838097, 97.5401746794, 0.804289544236
3.3463641842, 1.00000033019, 1.01457756554, 0.965539166054, 3.122102357, 0.796710405594, 1.38102578383, 1.06574671229, 0.950883406406, 5.08219717574, 5.42100153733, 1.13269220055, 4.03545448685, 0.972827548463, 1.09000001771, 1.00553430548, 1.03276241959, 1.04015721874, 6.51836356177, 1.15233963865, 0.77790913474, 818.380562701, 0.914571046701, 4.77349941645, 1.18166219611, 1.42831546593, 1.07720695225, 115.803826177, 12.6746817035, 511.42141329, 0.536193029491
3.93174107705, 1.00000000138, 1.13983156664, 0.803806314032, 4.11169208754, 0.982054286666, 3.94925368289, 1.10512863106, 0.937297619161, 4.86056273615, 5.7620969451, 0.949308235254, 3.14453246726, 1.22307521315, 1.09000048475, 1.08780762873, 1.04548312474, 1.09659690631, 9.95438961085, 0.93633585876, 0.971303900839, 611.897234575, 1.09017399719, 5.50239459885, 1.23531015299, 1.18134294226, 0.974567629005, 362.416637182, 30.7769653676, 2586.31977629, 0.268096514745
4.80643639353, 1.00000041043, 1.4912645085, 1.13410853184, 2.55605405465, 0.76504499006, 1.09031010062, 1.11372130165, 0.913818610485, 6.16263961956, 6.00505910492, 0.905620493273, 3.9487310348, 1.17045134137, 1.09000013939, 1.06071750178, 1.00986856083, 0.94322948518, 5.12858477132, 1.084027524, 0.822743758186, 107.083662631, 1.06079647788, 1.75186183077, 0.982713106502, 1.25517898616, 0.89138703827, 1033.27576847, 43.9718490767, 1503.68797232, 0.268096514745
1.71586991311, 1.00000089165, 1.53223785392, 1.07705511621, 4.0397898433, 0.96397949901, 4.47167989059, 1.04061329059, 0.921920634662, 3.61865982888, 6.05956024787, 1.18381202165, 3.4070066712, 1.25245757475, 1.090000791, 1.00298696764, 1.01251553508, 1.01415975942, 9.01835514096, 1.06423419514, 0.818924956946, 799.204571799, 1.17520497615, 1.27721754784, 0.973183147313, 4.07427678242, 0.901625446311, 1167.27689365, 43.805136894, 6834.13816203, 0.0
5.9773078133, 1.00000011308, 1.38744714331, 1.09032084987, 1.71047928184, 0.870196120708, 2.93306088479, 1.01020349947, 0.914190245188, 3.38583712533, 5.13707479532, 1.17647579843, 4.16970586371, 1.27530428084, 1.09000034822, 1.10950798926, 1.04937708532, 1.03756956246, 6.74719436031, 0.956280152778, 0.76233804009, 284.498219724, 1.07356177838, 5.63783914051, 1.1906009733, 2.42693794481, 1.18516582518, 273.090528175, 26.8271475268, 268.800044016, 0.804289544236
2.37837455783, 1.00000099704, 1.20995974217, 0.812838417036, 1.75444168314, 0.802164899814, 1.18750388384, 1.11761790428, 0.927105782811, 1.621801049, 4.9842619646, 0.968699354176, 3.1894114287, 0.987063316577, 1.09000001818, 1.04502127984, 1.00127211235, 1.07678722833, 5.42325376481, 0.914426286176, 0.913687514332, 95.1551999325, 1.14541380074, 1.21778543845, 1.12863412757, 1.89973903742, 0.874420829371, 218.20769213, 19.0798365311, 229.895634142, 1.34048257373
5.02275359651, 1.00000002851, 1.49627421606, 0.973490989635, 6.00224786338, 0.879206800304, 4.31674601844, 1.22500888745, 0.978730160269, 5.96851196339, 5.58770589049, 0.952444380688, 3.20398768088, 1.26463402539, 1.09000036239, 1.00089181979, 1.03539913537, 0.840652426052, 9.75989705951, 1.14456341953, 0.882628395801, 167.970248024, 1.07799169514, 2.08770425432, 0.96412734005, 5.30593737815, 1.11715310408, 108.490561279, 21.6205833213, 526.101722459, 2.9490616622
5.02275359651, 1.00000002851, 1.49627421606, 0.973490989635, 6.00224786338, 0.879206800304, 4.31674601844, 1.22500888745, 0.978730160269, 5.96851196339, 5.58770589049, 0.952444380688, 3.20398768088, 1.26463402539, 1.09000036239, 1.00089181979, 1.03539913537, 0.840652426052, 9.75426807817, 1.14456341953, 0.882628395801, 167.970248024, 1.07799169514, 2.08770425432, 0.96412734005, 5.30593737815, 1.11715310408, 99.616272687, 10.7054953235, 583.80547787, 2.68096514745
1.03110858306, 1.00000027412, 1.13797055723, 0.832626746597, 2.99599072702, 0.771330191846, 2.16533938807, 1.08111542002, 0.999515498256, 2.03275858179, 5.73281487368, 0.877422778645, 2.86532932924, 1.24859502433, 1.09000020061, 1.07202552396, 1.0365191769, 0.910895005306, 6.10825085495, 1.13844078457, 0.956474436398, 482.873221201, 1.16746780955, 5.83606473484, 1.15546217783, 5.06354351497, 1.21847502767, 337.831565449, 18.6219251772, 287.758039286, 2.68096514745
1.03110858306, 1.00000027412, 1.13797055723, 0.832626746597, 2.99599072702, 0.771330191846, 2.16533938807, 1.08111542002, 0.999515498256, 2.03275858179, 5.73281487368, 0.877422778645, 2.86532932924, 0.894187032071, 1.09000020061, 1.07202552396, 1.0365191769, 0.910895005306, 6.10825085495, 1.1491635463, 0.956474436398, 627.57153836, 1.16746780955, 5.83606473484, 1.15546217783, 5.06354351497, 1.21847502767, 110.694167286, 11.325800992, 263.611530608, 7.50670241287
2.00026695025, 1.00000055083, 1.35800999173, 1.08323351197, 2.53072567294, 0.753168746075, 4.02222940248, 1.0404311668, 0.937323008488, 4.9304452389, 6.17357310725, 1.03455842804, 4.22314275268, 1.27169712688, 1.09000072709, 1.10596769947, 1.04218320286, 0.822370706027, 4.81551559256, 1.03107897801, 0.810646055607, 226.607114025, 1.12829762275, 1.85365012266, 1.20080024712, 1.49766712778, 1.24124621407, 231.373267238, 14.9430587404, 132.723290007, 4.02144772118
4.87112942022, 1.0000008348, 1.2208890472, 0.911191350061, 3.09320446723, 0.804471377767, 4.18872658907, 1.07232460362, 0.969991586323, 2.27518387929, 5.93873627637, 1.17528965292, 3.36181013171, 1.01571730317, 1.09000028245, 1.00460733629, 1.02503024989, 0.876685368409, 8.19390933297, 0.978018972092, 0.86968460383, 229.975938612, 1.09070814994, 5.78303938747, 0.993289899636, 3.22941766885, 1.09434561687, 212.142570309, 15.1413923836, 426.718227664, 1.34048257373
1.09637559287, 1.0000000727, 1.30110864716, 0.897819076518, 3.19620178925, 0.745187456348, 3.74510670566, 1.15426456692, 0.908891608369, 5.86115783605, 6.05119031383, 0.999288637142, 4.67079641283, 1.28850419023, 1.09000005744, 1.09688663199, 1.02005374219, 0.991096775078, 4.46318625239, 1.01892862263, 0.967062695601, 827.319781223, 1.05431596497, 2.03925755682, 0.963407351778, 4.44986254441, 0.949967386188, 751.269612216, 36.9483355497, 1538.16884143, 0.536193029491
4.05770539007, 1.00000044393, 1.37857546676, 0.880290138031, 3.75471117055, 0.938699152694, 1.55135932382, 1.13352066511, 0.919004658963, 5.94044487754, 5.52795288197, 1.02547935718, 4.60023387922, 1.26036700641, 1.09000069495, 1.08423221154, 1.00230385165, 1.08820369393, 8.57278939715, 1.12607393957, 0.809710815759, 982.921887928, 0.957735456233, 3.77600433191, 0.993487062921, 5.00954321086, 1.03233098002, 128.485232522, 13.6090976597, 693.107675694, 1.60857908847
3.35785084018, 1.00000039539, 1.39941582221, 1.05122199674, 6.51281193761, 0.819174050062, 4.58358879285, 1.20533376977, 0.905714320741, 3.45686318225, 5.12042659656, 0.991997352601, 1.91483154872, 1.15604722971, 1.09000097867, 1.05731344951, 1.00031009454, 0.988699438675, 5.87713846915, 1.07093326616, 0.859604727663, 572.523820128, 0.958679420562, 1.34550162455, 0.98880487271, 2.10473254084, 0.87093533279, 298.757993859, 21.1054998574, 3943.4289777, 0.536193029491
3.184216256, 1.00000074317, 1.56081123064, 1.10054076813, 5.74538287055, 0.807850028487, 2.41338954816, 1.11372479468, 0.924976198371, 1.46159413721, 5.63358264409, 1.16552528595, 2.9696335855, 0.951262699012, 1.09000085043, 1.09637193615, 1.0054628687, 1.05404384988, 5.65857598248, 1.17841938624, 0.823440883105, 205.527796628, 1.12223324698, 4.43903308942, 1.10906914877, 3.64565856821, 0.934650247199, 271.710667199, 20.3306890009, 2044.57768524, 0.804289544236
2.03120216798, 1.00000023391, 1.17887254871, 0.922949283149, 3.81196326025, 0.745388721027, 4.05024624555, 1.00148137803, 0.938541748928, 5.8525442556, 6.14311458287, 1.1886812447, 1.16035172527, 0.995758240072, 1.09000057165, 1.01738159141, 1.046086887, 1.19435744497, 9.56780226481, 1.00379633471, 0.908626465498, 353.050790661, 1.01501003806, 2.35250150031, 0.96921733764, 3.81251532099, 1.29594869024, 407.960630256, 22.378617026, 2490.78598993, 0.536193029491
4.13039307155, 1.00000057988, 1.39603525883, 0.956433095414, 2.24926324328, 0.734447097067, 5.98670187321, 1.12571826223, 0.940943904715, 5.82872669385, 5.05238435668, 0.983025554341, 4.69963074566, 0.963425989608, 1.09000091437, 1.08876821858, 1.00961678339, 0.947984361925, 3.44322230878, 1.18062349368, 0.900494903271, 244.034024593, 1.16940867894, 3.38440934094, 1.22673269799, 2.76771953275, 1.26125843848, 122.542877324, 22.7574692577, 626.266235384, 1.60857908847
3.51161897007, 1.00000002888, 1.45798542073, 1.21107025465, 4.06892474265, 0.758743485561, 2.6689917061, 1.10044711624, 0.913679691284, 5.00920887802, 4.94926648779, 0.905407134636, 4.95715051898, 1.27323692165, 1.09000071534, 1.04040896277, 1.00979796864, 0.880261006672, 3.39359604585, 0.941079211936, 0.928333975454, 347.458883638, 1.11294570483, 5.6163957162, 1.09592766884, 4.39083145687, 1.02286639571, 276.49971351, 17.4391638802, 695.856586014, 0.804289544236
3.47501643158, 1.00000072143, 1.24004310615, 0.802074744631, 3.73835227602, 0.99620003089, 4.8163798302, 1.23704452478, 0.913095248218, 4.25675956989, 5.64753180278, 0.94399566438, 2.349172791, 1.01926322407, 1.09000006055, 1.04701267131, 1.00713699323, 1.19442563273, 5.22868162122, 1.05498001721, 0.929482195057, 937.68591031, 1.12679145178, 2.64642540019, 0.954548531032, 1.60721913367, 1.03941315059, 2789.37451828, 42.9861710157, 13380.6428125, 0.268096514745
3.69100744437, 1.00000054792, 1.22052583385, 0.905062817289, 7.0691116949, 0.758861999902, 1.02976912101, 1.07400073788, 0.980418341659, 5.24821596342, 5.6120069746, 0.853561756101, 3.63403985974, 1.14697338763, 1.09000045456, 1.0660444265, 1.00584772593, 0.993383227135, 6.47750392811, 0.975413586752, 0.789972215896, 723.593079259, 1.0878906874, 2.35768270753, 1.20645288867, 1.26414342957, 0.876729803531, 1517.23741507, 44.3691805876, 5037.53299831, 0.268096514745
1.71586991311, 1.00000044699, 1.19729550134, 0.888575552659, 4.03084029675, 0.922398660313, 3.89654755273, 1.09512486771, 0.911923456918, 2.00393307467, 5.98619448247, 1.09158999359, 1.84225327415, 1.17903736173, 1.09000026126, 1.00606350251, 1.03173000481, 1.04953480138, 4.05379249291, 0.912861653366, 0.894573252629, 555.181185333, 1.10773660779, 5.22623553966, 0.997571505336, 5.45485370064, 0.921082609832, 1819.2351354, 46.7452820756, 18808.8805609, 0.0
4.36611935799, 1.00000081591, 1.32721188563, 1.05630512977, 6.76550132673, 0.784661552217, 3.36730720677, 1.03278162336, 0.903880526617, 3.711007228, 6.02953149429, 0.815467549336, 3.31447975535, 1.193429114, 1.0900001594, 1.08890382954, 1.00388985768, 1.19109751946, 6.01678488831, 0.911868580612, 0.894870149925, 363.784881621, 1.15955593016, 2.09264898658, 1.1487166774, 5.02862213004, 1.22447070783, 2588.68800113, 56.93772643, 10566.2445889, 0.0
2.93315680066, 1.00000039949, 1.6858916839, 1.11039151934, 3.66281342696, 0.932774758308, 5.26724399738, 1.17631043393, 0.94925422736, 3.3833108034, 6.19695608091, 1.11985495772, 3.59924504038, 1.14649743022, 1.0900000455, 1.04726146225, 1.04049397546, 1.14687072166, 9.47141187998, 1.14457437548, 0.933209646231, 140.77972685, 1.07510289041, 5.59095511749, 1.01926245814, 2.01786864225, 0.962798490009, 3395.9450722, 45.2070003022, 13683.5694505, 0.0
2.37837455783, 1.00000099704, 1.01110122178, 0.903397796418, 1.75444168314, 0.802164899814, 1.18750388384, 1.11761790428, 0.927105782811, 5.04980276738, 5.27986044964, 0.968699354176, 3.1894114287, 0.89311553815, 1.09000001818, 1.04502127984, 1.00207639071, 1.07678722833, 5.42325376481, 1.07751854112, 0.913687514332, 137.820928662, 1.14366430617, 1.21778543845, 1.12863412757, 1.89973903742, 1.15815700112, 213.638031871, 13.2144023189, 1114.35633591, 3.21715817694
5.65411596239, 1.00000022428, 1.4696557194, 1.04972614111, 6.54892781189, 0.767882915123, 5.08179734287, 1.14768802768, 0.958446254935, 5.38043421713, 4.86554148851, 1.18371363956, 1.93211714221, 0.99037482774, 1.09000066119, 1.01148957379, 1.04223753519, 1.17356290705, 8.51778128788, 0.991232423889, 0.879544528858, 625.906768537, 1.05494996685, 3.48024128903, 1.08241436194, 2.68522587787, 1.01977328812, 127.366989861, 11.2068237339, 2610.17588904, 5.8981233244
1.73153545954, 1.00000005307, 1.22712494478, 1.13647927059, 6.79338100312, 0.798730684451, 3.77926489742, 1.09923859106, 0.965942433487, 2.90280695668, 5.25737789694, 1.17149403529, 3.91354053842, 0.918688422031, 1.09000037547, 1.09235315051, 1.02923506044, 0.935751135677, 6.53056001539, 0.935404669917, 0.908985776467, 890.50969872, 1.07701032347, 2.50013639835, 1.01089026481, 1.29109006588, 0.964906450794, 232.802538811, 16.7563493526, 684.062612205, 3.21715817694
2.67265546302, 1.00000067941, 1.66709468326, 0.908566580309, 2.20384060036, 0.799147499724, 3.70024021208, 1.06540368113, 0.949975176276, 2.59739164529, 5.17075900424, 0.938399886225, 4.23587049683, 0.95738181706, 1.09000004869, 1.08625997184, 1.00138200769, 1.18050562642, 5.02639678851, 1.10835561715, 0.810135564951, 400.307300503, 1.02067449294, 5.5616301559, 1.00787629124, 4.9833790967, 0.894746830769, 203.425762669, 19.2731567214, 757.084345432, 1.60857908847
4.35260473758, 1.00000041043, 1.4912645085, 1.13410853184, 2.55605405465, 0.76504499006, 1.09031010062, 1.11372130165, 0.913818610485, 6.16263961956, 6.00505910492, 0.905620493273, 3.9487310348, 1.17045134137, 1.09000013939, 1.06071750178, 1.00986856083, 0.922292226869, 5.12858477132, 1.084027524, 0.817379659855, 107.083662631, 1.06079647788, 1.75186183077, 0.982713106502, 1.25517898616, 0.89138703827, 226.542221368, 15.8661498698, 5150.70272437, 2.14477211796
5.9773078133, 1.00000011308, 1.38744714331, 1.09032084987, 1.71047928184, 0.870196120708, 2.93306088479, 1.01020349947, 0.914190245188, 3.38583712533, 5.13707479532, 1.17647579843, 4.16970586371, 1.27530428084, 1.09000034822, 1.10950798926, 1.04937708532, 1.18281425035, 6.74719436031, 0.956280152778, 0.76233804009, 284.498219724, 1.07356177838, 5.63783914051, 1.1906009733, 2.42693794481, 1.28706226479, 585.06318682, 25.7945677591, 7226.14336023, 0.536193029491
3.184216256, 1.00000074317, 1.56081123064, 1.0335380331, 5.74538287055, 0.807850028487, 2.24791566864, 1.11372479468, 0.924976198371, 1.46159413721, 5.63358264409, 1.16552528595, 2.9696335855, 0.951262699012, 1.09000085043, 1.04122597557, 1.02019654529, 1.05404384988, 5.65857598248, 1.17841938624, 0.823440883105, 205.527796628, 1.12223324698, 4.43903308942, 1.10906914877, 1.81622392952, 0.934650247199, 1546.35165369, 26.7388494822, 3083.52400095, 0.536193029491
4.22067492363, 1.00000095876, 1.57846680738, 1.08628967953, 6.91481590153, 0.942702212447, 2.01300870335, 1.19971571957, 0.984429378974, 1.68715364798, 5.01298129886, 1.19878230173, 2.54605500222, 1.03872074667, 1.09000072801, 1.05876119848, 1.04707869924, 1.05095704881, 8.55528178348, 1.17895869429, 0.794114803615, 315.120796688, 0.931044719333, 4.63681016504, 1.18191737285, 1.3248750977, 1.16295980727, 423.388306167, 23.0129508212, 2650.60482284, 1.34048257373
3.1156815958, 1.00000000944, 1.30124558725, 1.1831780098, 6.73952770804, 0.819985467967, 1.14688547702, 1.2217977712, 0.990018269455, 5.88795197429, 5.3733045375, 1.18672677462, 1.64978413074, 1.13103388772, 1.09000038056, 1.00636746825, 1.02421110956, 1.10456924286, 7.6268656389, 0.948962178248, 0.772136765881, 559.544096867, 1.17989525379, 5.14090286045, 1.14890154475, 3.10053226862, 0.962013756295, 343.103106872, 28.7124192692, 959.616419009, 0.804289544236
2.62925976923, 1.00000016848, 1.3069152818, 1.1164700139, 4.33841172684, 0.772233710227, 4.36773565863, 1.00734602243, 0.953223410805, 4.57192911625, 4.73417128377, 0.892500301266, 4.09422024841, 0.824659187545, 1.09000019307, 1.10686505185, 1.04428389297, 0.957304875683, 8.78057669747, 1.15024941404, 0.902869843456, 747.247564118, 1.15204732375, 3.26975180953, 1.04970234949, 1.29168584719, 0.99463459395, 426.540809143, 23.0797869117, 2121.51411857, 1.07238605898
2.53224168627, 1.00000095925, 1.2292276071, 1.14844889021, 2.20370220533, 0.834091437824, 4.86674422937, 1.14310235239, 0.94248672263, 4.48114093969, 5.37396503679, 0.855091757948, 4.97043499874, 1.21675422182, 1.0900002362, 1.06150896031, 1.04667552992, 1.05079286747, 9.46916657445, 1.1672798383, 0.859557258361, 644.797641854, 1.14289633224, 2.14119555342, 1.09892990249, 2.85164001693, 1.28347505245, 296.304821649, 30.4458936863, 7629.81205801, 1.07238605898
1.40118802559, 1.0000004426, 1.08679430305, 0.94656964457, 6.52269325038, 0.954031388645, 2.59719627191, 1.1996884712, 0.966730939565, 1.86031245134, 5.71258787728, 1.00129606857, 2.79311695907, 0.810020627276, 1.09000037259, 1.09063667976, 1.00349155272, 1.10425971153, 7.6901160171, 0.982972822274, 0.83271615305, 979.525897859, 1.19569735561, 2.19204317279, 1.15272728632, 5.27628425997, 1.28109842892, 403.785631781, 31.2168649512, 795.645957039, 1.34048257373
4.5705704017, 1.00000018721, 1.1455713125, 1.15165983444, 3.17589342043, 0.776614761927, 3.90746678749, 1.06756797501, 0.930223106094, 2.18718140607, 5.48753051499, 1.17409083315, 2.31778795065, 0.835101559567, 1.09000042319, 1.10127643379, 1.00095060806, 1.07398993236, 5.60988923438, 0.913547738452, 0.93893413083, 864.58041978, 0.934009972557, 1.15080330249, 1.23963586994, 1.70917757997, 0.968495197416, 799.734851101, 27.3873680143, 4757.68104178, 0.804289544236
3.51161897007, 1.00000002888, 1.45798542073, 1.21107025465, 4.06892474265, 0.758743485561, 2.6689917061, 1.0353378699, 0.913679691284, 5.00920887802, 4.94926648779, 0.905407134636, 4.95715051898, 1.27323692165, 1.09000071534, 1.05709254885, 1.00979796864, 0.880261006672, 4.86089675211, 0.941079211936, 0.928333975454, 347.458883638, 1.11294570483, 5.6163957162, 1.13629555495, 4.39083145687, 1.02286639571, 2958.38596396, 60.0634174935, 9805.79788877, 0.268096514745
1.44889234708, 1.00000078277, 1.02500142739, 1.06213774437, 1.75863047166, 0.859460722939, 2.41338954816, 1.01136543403, 0.901790431962, 2.2253206148, 5.47827973008, 0.88883181713, 2.15529863423, 0.912412647185, 1.0900009297, 1.00515204402, 1.02247159456, 1.11179994631, 7.07259704305, 1.00416713779, 0.775346451147, 675.726876613, 1.06185595391, 4.8451563521, 1.11971992323, 3.30886523471, 1.06969612762, 3425.52614664, 45.536066074, 6720.66820718, 0.268096514745
4.27416382837, 1.00000020298, 1.37996291119, 1.15569835718, 6.28622762855, 0.754492208065, 3.11190028449, 1.06029320293, 0.939051310202, 2.99758664464, 5.10249756916, 0.927564430718, 3.81531378914, 1.26139895168, 1.09000069233, 1.09506045656, 1.01843602495, 0.956032613895, 9.04424067148, 1.11862029404, 0.78687166292, 410.172127668, 1.01816191565, 3.29405264621, 0.968941535485, 2.77404710084, 1.18630533868, 3857.94460923, 46.775768142, 15317.7601749, 0.0
1.24124754326, 1.0000008177, 1.35800999173, 1.08323351197, 2.53072567294, 0.753168746075, 4.02222940248, 1.0404311668, 0.937323008488, 4.9304452389, 6.17357310725, 1.03455842804, 4.96843552101, 1.27169712688, 1.09000072709, 1.10596769947, 1.04218320286, 0.822370706027, 4.81551559256, 1.11569630024, 0.810646055607, 226.607114025, 1.12829762275, 1.85365012266, 1.20080024712, 1.49766712778, 1.24124621407, 3753.44400393, 60.3501878202, 60357.761253, 0.0
2.37837455783, 1.00000099704, 1.01110122178, 0.903397796418, 1.75444168314, 0.802164899814, 1.18750388384, 1.11761790428, 0.927105782811, 5.04980276738, 5.27986044964, 0.968699354176, 3.1894114287, 0.987063316577, 1.09000001818, 1.04502127984, 1.00207639071, 1.07678722833, 5.42325376481, 0.914426286176, 0.913687514332, 95.1551999325, 1.14541380074, 1.21778543845, 1.12863412757, 1.89973903742, 1.15815700112, 450.627685461, 19.2266581828, 2265.17291266, 6.97050938338
2.57049685851, 1.00000089165, 1.53223785392, 1.07705511621, 4.0397898433, 0.96397949901, 4.47167989059, 1.04061329059, 0.921920634662, 1.64826843832, 6.05956024787, 1.18381202165, 3.4070066712, 1.25245757475, 1.090000791, 1.00298696764, 1.01251553508, 1.01415975942, 6.0251103917, 1.06423419514, 0.818924956946, 799.204571799, 1.17520497615, 1.27721754784, 0.973183147313, 4.07427678242, 0.901625446311, 313.586506662, 17.7835409006, 2318.16875307, 3.75335120643
3.45055570678, 1.00000072824, 1.42152226318, 1.10458566413, 3.52465356576, 0.89500078297, 4.78185720378, 1.06032152603, 0.972125061611, 3.14878707667, 4.9842619646, 0.894359661531, 2.01225170267, 0.818331974796, 1.09000078333, 1.07614572452, 1.00127211235, 0.96921226674, 5.21975118484, 0.949143360519, 0.780879041806, 592.420359235, 1.04567461022, 1.36250527505, 1.11494079412, 1.2900310445, 0.874420829371, 552.361852794, 17.4946318873, 4525.12777438, 3.48525469169
3.76233561993, 1.00000031346, 1.65587029819, 1.19768892196, 5.47152990812, 0.839150286959, 2.8991405498, 1.08238205514, 0.995956224475, 1.33722801645, 4.75244600814, 0.853645912815, 1.90231087199, 1.28782261218, 1.09000076586, 1.00602902647, 1.03315363668, 0.883316341295, 7.76877457331, 1.11417395476, 0.87370297441, 423.757114932, 1.01819515529, 4.39081954235, 1.09430313916, 2.15852052709, 1.26986266662, 552.317262181, 20.6700755339, 3461.85417401, 2.68096514745
1.75687534253, 1.00000077579, 1.25023329038, 0.968571737057, 4.10774770675, 0.786073177392, 5.82004437764, 1.0323542532, 0.904466242207, 4.85571351998, 4.9090213438, 1.2076067369, 2.38115144592, 1.20243937424, 1.09000028664, 1.08258044053, 1.0444735625, 1.2183737225, 5.4099898661, 0.957116014573, 0.787473064128, 831.858916211, 1.11919483999, 1.01456593849, 1.0142622622, 1.3658947981, 1.22275865873, 703.905472309, 22.5189215146, 7493.92513918, 1.60857908847
1.71586991311, 1.00000000138, 1.13983156664, 0.803806314032, 4.11169208754, 0.982054286666, 3.94925368289, 1.10512863106, 0.937297619161, 4.86056273615, 5.7620969451, 0.859986545019, 3.14453246726, 1.22307521315, 1.09000048475, 1.08780762873, 1.04548312474, 1.09659690631, 9.95438961085, 1.06423419514, 0.971303900839, 799.204571799, 1.09017399719, 5.50239459885, 1.23531015299, 3.41874597127, 0.974567629005, 240.837925269, 27.2119477221, 1172.3830871, 3.21715817694
1.03110858306, 1.00000027412, 1.13797055723, 0.832626746597, 2.99599072702, 0.771330191846, 1.20570418548, 1.08111542002, 0.999515498256, 2.03275858179, 5.73281487368, 0.877422778645, 4.99227257472, 0.894187032071, 1.09000020061, 1.07202552396, 1.0365191769, 0.910895005306, 5.28739182425, 1.10248193114, 0.956474436398, 627.57153836, 1.16746780955, 5.83606473484, 1.15546217783, 5.06354351497, 1.21847502767, 414.370288933, 23.9953960325, 1926.19754198, 1.60857908847
3.87635385187, 1.00000023391, 1.02882191218, 0.824543718927, 3.81196326025, 0.782657342406, 4.05024624555, 1.00148137803, 0.925460260357, 5.8525442556, 6.14311458287, 1.21089634761, 1.16035172527, 0.995758240072, 1.09000057165, 1.05518221239, 1.046086887, 0.908338381622, 6.03832950035, 1.00379633471, 0.908626465498, 353.050790661, 1.01501003806, 2.35250150031, 0.96921733764, 3.81251532099, 1.29594869024, 697.430400729, 22.7541240716, 2290.51738416, 1.60857908847
5.81418679281, 1.00000083813, 1.70452415775, 0.853865664434, 2.00401681893, 0.947670089594, 3.6892679731, 1.041073189, 0.938281604657, 2.83599936742, 5.49194537012, 0.944057136771, 5.01212145493, 1.19522701781, 1.09000065262, 1.02410958269, 1.02028140904, 0.904003723325, 5.48578494922, 1.14752981069, 0.914556410387, 492.867797737, 0.988101135716, 5.6426724059, 1.10717684466, 3.26245366983, 0.924395331597, 268.980300023, 26.8872742382, 1807.62928771, 1.87667560322
4.5705704017, 1.00000018721, 1.1455713125, 1.15165983444, 3.17589342043, 0.776614761927, 3.99622075814, 1.06756797501, 0.930223106094, 2.18718140607, 5.48753051499, 1.17409083315, 4.68372207776, 0.835101559567, 1.09000042319, 1.10127643379, 1.00095060806, 1.07398993236, 5.60988923438, 0.913547738452, 0.93893413083, 864.58041978, 0.934009972557, 1.15080330249, 1.23963586994, 1.70917757997, 0.968495197416, 260.204435943, 26.3804067669, 1010.70047707, 3.21715817694
3.39987299064, 1.00000087377, 1.6357939279, 0.981686702482, 2.73839562083, 0.818157061721, 5.26916808104, 1.13608264616, 0.995160834429, 4.29436175727, 5.66921139938, 0.90656299322, 2.25968315292, 1.01974882528, 1.09000023974, 1.05124198048, 1.04986318045, 0.852595819333, 5.61209314728, 1.124817283, 0.807516854069, 881.927891936, 1.16015192632, 3.01789722163, 1.04724710812, 1.03935161694, 1.12533874044, 767.600872115, 21.8052051106, 1891.58377049, 2.14477211796
3.918482822, 1.00000062063, 1.62288515312, 1.1715341765, 5.34987493557, 0.821013711827, 3.84472460532, 1.23151310168, 0.942005138529, 2.67867446266, 4.70441777841, 1.01879814115, 4.73778577457, 0.812040080872, 1.0900005005, 1.09714191807, 1.01218758056, 1.22736122648, 3.43370736556, 0.916978664874, 0.903354777305, 486.223661602, 0.918429036529, 4.76708352706, 1.02469190133, 2.71173389618, 1.05068273504, 433.24586985, 19.7695375121, 2739.36982172, 2.9490616622
5.81418679281, 1.00000083813, 1.65841202245, 0.853865664434, 2.00401681893, 0.947670089594, 3.6892679731, 1.041073189, 0.938281604657, 2.83599936742, 5.49194537012, 0.944057136771, 5.01212145493, 1.19522701781, 1.09000065262, 1.02410958269, 1.03618114068, 1.04689345917, 5.48578494922, 1.14752981069, 0.914556410387, 288.734345221, 0.988101135716, 4.31286277828, 1.10717684466, 3.81074165503, 0.924395331597, 729.845631652, 28.0198196211, 17459.5468241, 0.804289544236
2.48052978527, 1.00000096497, 1.6302861645, 0.986447219017, 4.27919606596, 0.891516199413, 3.21295348326, 1.20579760928, 0.966617718033, 4.95855622217, 6.02925087041, 1.21734272525, 1.49216668592, 0.945782202568, 1.09000003614, 1.01862121768, 1.04855924751, 0.827239640321, 7.52644512459, 1.01815087533, 0.923788000046, 885.770884447, 0.988334964469, 4.09119084332, 1.13091299847, 4.6195088301, 1.27940368657, 1166.43258087, 26.6132881355, 17905.4827317, 0.804289544236
3.35785084018, 1.00000045702, 1.62423520743, 0.824543718927, 2.37361078564, 0.782657342406, 4.51493136233, 1.17621814949, 0.925460260357, 1.7323196614, 6.23535870238, 1.00967049322, 4.18572063176, 1.08411037138, 1.09000089615, 1.08789949404, 1.00031009454, 1.02917513784, 3.02291428535, 1.02060376787, 0.897686814876, 39.3020394017, 0.944271492585, 3.58693016667, 1.02112969326, 3.4232750101, 1.11470634808, 1267.12090943, 26.7195568352, 13478.3794797, 0.804289544236
5.30533311925, 1.00000000138, 1.13983156664, 1.15197865395, 4.11169208754, 0.982054286666, 3.94925368289, 1.10512863106, 0.966929104663, 4.86056273615, 5.7620969451, 0.949308235254, 3.14453246726, 1.22307521315, 1.09000048475, 1.08780762873, 1.04548312474, 1.09659690631, 9.72613882245, 0.914388690145, 0.971303900839, 611.897234575, 1.09017399719, 5.50239459885, 1.23531015299, 1.18134294226, 0.974567629005, 1663.42741305, 47.7375750916, 35670.8779687, 0.536193029491
5.09520709309, 1.0000009124, 1.10196025525, 0.983503737919, 4.18404590423, 0.814458992435, 4.7389621309, 1.10261375325, 0.977847194941, 1.90662003188, 5.52647245952, 1.13169384535, 4.85394137676, 0.977510027884, 1.09000039943, 1.06234394246, 1.01215207269, 1.0850821242, 7.31248333872, 1.02907081061, 0.893215683888, 572.523820128, 0.989651490915, 4.68239490273, 1.17713527582, 4.54571774849, 1.00763218013, 1741.08573063, 27.9603569855, 7223.63641779, 0.536193029491
1.61840903368, 1.00000084922, 1.36928557805, 0.90374012958, 6.84636853665, 0.95853158059, 4.35307329684, 1.12064341397, 0.950666058397, 1.52833849826, 5.62327934315, 0.947409653469, 3.26414887285, 1.2339217162, 1.09000048467, 1.05482340362, 1.00667380323, 0.867766585714, 8.94553861041, 1.09487456315, 0.930742824846, 353.567252328, 1.16602384618, 2.5885710105, 1.12939608267, 2.03786340439, 0.979613163396, 1927.83427776, 35.0509512066, 6254.2694946, 0.536193029491
4.27784044953, 1.00000060566, 1.11229504853, 1.16661253341, 6.8758334145, 0.979573513618, 4.55076871014, 1.12645270662, 0.93923527477, 3.74262610272, 5.42199310261, 1.01544829543, 2.99323178777, 1.2016287123, 1.09000033412, 1.06276966885, 1.0462133287, 1.19621019299, 6.43896992301, 0.991954468164, 0.822234411812, 569.86841058, 1.01554440995, 2.65370320572, 1.14445024699, 2.86452473447, 0.919329337673, 2178.48847801, 52.176846082, 4449.11825119, 0.536193029491
1.59500009946, 1.00000030036, 1.36514992151, 1.09244757042, 1.85855855778, 0.979240653065, 5.48803329521, 1.12929371534, 0.94371423305, 1.60969090232, 5.08938807358, 1.10660151417, 4.08796027942, 0.998705271882, 1.09000090087, 1.10289334446, 1.02833464549, 1.14245332084, 9.97557844, 1.10207934096, 0.886195032911, 413.664118364, 1.04912973989, 2.96502254107, 1.22010849118, 4.5123696029, 0.996738802797, 369.52935841, 30.8531111298, 7143.58973529, 0.804289544236
4.17253868003, 1.00000028508, 1.63336770787, 1.02920891134, 3.71079240618, 0.890890448834, 3.52177674344, 1.20232732736, 0.941641615814, 5.64926745245, 4.72732157064, 1.18450065647, 4.58461524106, 1.20038824863, 1.09000051439, 1.0857517307, 1.00600297238, 1.13750797504, 7.03218707609, 0.933740299797, 0.835428237021, 690.925415143, 1.03072801502, 3.40048658408, 1.06548303548, 5.37561254719, 0.904209305632, 909.658025553, 29.4214508159, 4165.79914267, 0.804289544236
3.1156815958, 1.00000000944, 1.4914313352, 1.02179219882, 6.73952770804, 0.91668646252, 1.32737336067, 1.2217977712, 0.990018269455, 5.88795197429, 5.3733045375, 1.18672677462, 4.7519155691, 1.13103388772, 1.09000038056, 1.00636746825, 1.02421110956, 1.10456924286, 7.6268656389, 0.948962178248, 0.772136765881, 559.544096867, 1.17989525379, 5.14090286045, 1.14890154475, 3.10053226862, 0.962013756295, 374.298615604, 30.9280472731, 1081.72507609, 1.60857908847
3.33934808818, 1.00000015544, 1.5333337653, 1.05124099689, 5.30681012365, 0.972796249335, 4.54962219218, 1.1411035932, 0.976685598582, 5.53829386056, 4.81955907389, 1.01597914233, 3.05109468029, 1.04621145353, 1.09000086596, 1.06234394246, 1.02593138729, 1.13423321692, 7.89332032458, 1.14471009138, 0.790704486501, 430.017572869, 0.979885791892, 5.65113056302, 1.02422992585, 3.13770327675, 0.895187126106, 1849.24993036, 29.9994089606, 4142.79195575, 1.07238605898
4.05770539007, 1.00000044393, 1.37857546676, 0.880290138031, 3.75471117055, 0.938699152694, 1.55135932382, 1.13352066511, 0.919004658963, 5.94044487754, 6.11337880469, 1.02547935718, 3.91560614382, 1.26036700641, 1.09000069495, 1.08423221154, 1.02410016203, 1.08820369393, 8.57278939715, 1.12607393957, 0.809710815759, 982.921887928, 0.957735456233, 3.77600433191, 0.993487062921, 5.00954321086, 1.03233098002, 1263.71863338, 26.4865762699, 9959.36563166, 1.34048257373
5.75016265294, 1.00000080539, 1.12838926585, 1.17237375875, 4.85076401194, 0.743480774212, 4.33319472233, 1.03978561302, 0.963395834053, 5.22701810735, 5.76245704109, 1.21651116592, 1.90703074189, 1.2270210054, 1.09000071784, 1.04388203434, 1.02841552684, 1.21812467948, 7.90694741517, 1.06594112538, 0.847125531097, 17.8234012942, 1.18733152918, 1.99800983904, 1.03176980768, 2.65106382139, 1.19537174937, 984.991506286, 25.343038619, 15242.2558738, 1.34048257373
3.14694580202, 1.00000033019, 1.01457756554, 0.965539166054, 3.122102357, 0.796710405594, 1.38102578383, 1.06574671229, 0.950883406406, 5.08219717574, 5.42100153733, 1.13269220055, 4.03545448685, 0.972827548463, 1.09000001771, 1.0059231998, 1.03276241959, 1.04015721874, 6.51836356177, 1.15233963865, 0.77790913474, 818.380562701, 0.914571046701, 5.2506356599, 1.18166219611, 1.42831546593, 1.07720695225, 499.005070137, 35.0434782394, 2540.33269211, 1.34048257373
1.80618708821, 1.00000088288, 1.165033014, 1.12804708778, 4.85301004668, 0.720760909854, 1.47998865263, 1.0483295966, 0.923174119667, 4.37225532738, 5.20606328725, 1.01593466637, 4.42538998151, 0.815975513076, 1.09000002431, 1.03615663249, 1.00997976315, 1.08621301742, 6.68919637319, 1.01657715679, 0.915185526396, 129.009828208, 1.15026463406, 3.82318670106, 1.15955841841, 5.22495678128, 1.2917513913, 802.664264056, 38.8475165523, 5793.25285964, 1.07238605898
4.82882733313, 1.0000000121, 1.52885703575, 0.829836059507, 6.96080743413, 0.758502598661, 5.73451740755, 1.1928653978, 0.902872151569, 5.22140926159, 6.1305751678, 1.10862841208, 2.87970586709, 0.896199119677, 1.09000076513, 1.06590034517, 1.0428954693, 1.1956654428, 8.65209768512, 1.04228444819, 0.76649439208, 817.014257045, 1.18030296354, 1.16597024381, 1.00580508521, 4.19340038727, 0.977614223496, 802.76521628, 28.6194607456, 13560.6048174, 1.34048257373
2.31254928027, 1.00000081227, 1.35919657342, 1.15569835718, 4.41515298875, 0.976521941042, 4.56695793336, 1.08615411161, 0.98999486963, 2.6830688897, 5.17182926925, 0.846849440962, 2.88448749028, 1.15532158399, 1.09000074095, 1.00926010564, 1.02063008753, 1.2287626279, 6.03832950035, 1.02381601511, 0.879757651612, 170.719865123, 1.18698100973, 2.55358809255, 1.21233368883, 3.76879484304, 1.19460730729, 3836.37911653, 64.1149754109, 7116.92557129, 0.268096514745
3.45055570678, 1.00000072824, 1.42152226318, 1.10458566413, 5.0585602696, 0.89500078297, 4.78185720378, 1.06032152603, 0.972125061611, 3.14878707667, 5.27986044964, 0.894359661531, 2.01225170267, 0.812050361145, 1.09000078333, 1.07614572452, 1.00207639071, 0.96921226674, 8.15865281741, 0.949143360519, 0.780879041806, 592.420359235, 1.04567461022, 1.36250527505, 1.11494079412, 1.2900310445, 1.15815700112, 5908.84485059, 51.5604261481, 33145.8755765, 0.0
3.87635385187, 1.00000023391, 1.02882191218, 0.824543718927, 3.81196326025, 0.782657342406, 4.05024624555, 1.00148137803, 0.925460260357, 5.8525442556, 6.14311458287, 1.1886812447, 1.16035172527, 0.995758240072, 1.09000057165, 1.01738159141, 1.046086887, 1.19435744497, 9.56780226481, 1.00379633471, 0.908626465498, 353.050790661, 1.01501003806, 2.35250150031, 0.96921733764, 3.81251532099, 1.29594869024, 4534.37816047, 50.0315218412, 40872.3602312, 0.268096514745
3.62604989201, 1.00000027587, 1.2208890472, 0.911191350061, 3.09320446723, 0.804471377767, 4.18872658907, 1.07232460362, 0.969991586323, 2.27518387929, 5.93873627637, 1.17528965292, 3.36181013171, 1.01571730317, 1.09000028245, 1.00460733629, 1.00596306479, 0.876685368409, 8.19390933297, 0.978018972092, 0.86968460383, 229.975938612, 1.09070814994, 5.78303938747, 0.993289899636, 3.22941766885, 1.09434561687, 499.919523408, 18.1096834941, 3229.95473713, 5.8981233244
1.53733616611, 1.00000037181, 1.25804438233, 0.909415755422, 2.82561042402, 0.869799513946, 2.41177331423, 1.23416317194, 0.986601745153, 2.98258483749, 6.1013596609, 1.07151002718, 1.22522831529, 0.846622499969, 1.09000013846, 1.01129340587, 1.0344069435, 0.88382730953, 7.94433512587, 0.938442161345, 0.853741588718, 273.393136349, 1.09420254289, 3.44210246251, 0.978940808803, 1.29826879644, 1.23058799792, 565.218147782, 17.8872252539, 12303.6470569, 3.75335120643
5.22486411902, 1.00000039687, 1.2799648327, 1.01632431343, 6.81923389829, 0.837793614931, 3.00221583155, 1.05626846474, 0.955480689257, 1.95578471762, 5.51321106086, 1.13796245354, 4.38374784404, 1.26471191827, 1.09000010796, 1.06058416364, 1.00910733446, 0.971543833592, 9.73826550114, 1.0263292458, 0.896492177697, 733.382708646, 1.12675211792, 1.99351934147, 1.22913327966, 5.17064353504, 0.992794492108, 269.419112695, 29.9151629638, 1886.13850482, 2.14477211796
1.09637559287, 1.0000000727, 1.30110864716, 0.897819076518, 3.19620178925, 0.745187456348, 3.74510670566, 1.15426456692, 0.908891608369, 5.86115783605, 6.05119031383, 0.999288637142, 4.67079641283, 1.28850419023, 1.09000005744, 1.09688663199, 1.02005374219, 0.991096775078, 4.46318625239, 1.01892862263, 0.967062695601, 827.319781223, 1.03458920434, 2.03925755682, 0.963407351778, 4.44986254441, 0.949967386188, 284.028948178, 26.9273007791, 1810.72314691, 2.41286863271
2.53224168627, 1.00000095925, 1.2292276071, 1.20327063595, 2.20370220533, 0.834091437824, 3.11190028449, 1.14310235239, 0.94248672263, 4.95477174472, 5.44967744027, 0.855091757948, 4.97043499874, 1.21675422182, 1.0900002362, 1.09506045656, 1.04640851588, 1.05079286747, 5.13245754579, 1.1672798383, 0.78687166292, 644.797641854, 1.14289633224, 2.14119555342, 1.09892990249, 2.85164001693, 1.28347505245, 4610.14067805, 37.5862514781, 8214.57538906, 0.536193029491
3.14694580202, 1.00000033019, 1.01457756554, 0.965539166054, 3.122102357, 0.796710405594, 1.38102578383, 1.06574671229, 0.950883406406, 5.08219717574, 5.42100153733, 1.01503861081, 4.03545448685, 0.972827548463, 1.09000028555, 1.0059231998, 1.03276241959, 1.04015721874, 6.51836356177, 1.15233963865, 0.77790913474, 818.380562701, 0.914571046701, 5.2506356599, 1.18166219611, 1.42831546593, 1.07720695225, 2984.24765761, 57.5156114786, 10864.6157121, 0.536193029491
3.25948323612, 1.0000004388, 1.12856598004, 0.980583794663, 2.45917770448, 0.826194337088, 4.68439421281, 1.04449990506, 0.924611778783, 4.10544917789, 6.17345852521, 1.05099781091, 4.7588304622, 1.00083742879, 1.09000065104, 1.10229768358, 1.0491799934, 1.12263017067, 4.85610826752, 1.07751854112, 0.892094026368, 981.773439554, 1.14366430617, 5.24747610065, 1.18443384039, 2.83608909412, 0.889649551193, 4592.53792774, 50.273793223, 53941.3704998, 0.268096514745
5.56227205278, 1.00000071679, 1.03716661114, 1.02748994748, 2.23830332674, 0.720344542896, 1.2435623985, 1.23455261089, 0.967700163993, 4.81333132421, 6.07608742524, 1.11351766534, 3.26648625404, 1.04369926058, 1.09000009812, 1.00410815297, 1.04344749037, 1.07330948878, 9.75697505835, 1.00585917152, 0.946475567428, 776.137124967, 1.05490177399, 3.06713713051, 0.984485495073, 2.78751954064, 1.04506142932, 2364.21017476, 34.0864126258, 29554.7427327, 0.536193029491
3.7664724912, 1.00000002256, 1.62734043535, 1.10930767595, 5.74753757798, 0.890487118631, 5.4589091468, 1.06219912366, 0.95518761518, 2.73092591376, 4.90512800067, 1.17090399571, 2.57865457478, 1.09432048192, 1.0900001815, 1.09213491926, 1.02525917858, 1.11501455597, 9.7393082733, 1.15580882668, 0.978369819569, 349.55932632, 1.18063067791, 3.21825242352, 1.02984362469, 4.71136855786, 1.16822242221, 2856.35026653, 41.8516589203, 25902.5743431, 0.536193029491
4.17253868003, 1.00000028508, 1.63336770787, 1.02920891134, 3.71079240618, 0.890890448834, 3.52177674344, 1.20232732736, 0.941641615814, 5.64926745245, 4.9292471885, 1.18450065647, 4.58461524106, 1.22348279905, 1.09000051439, 1.09819491971, 1.00600297238, 1.14007712725, 9.21700345376, 0.933740299797, 0.835428237021, 690.925415143, 1.03072801502, 3.40048658408, 1.06548303548, 5.37561254719, 0.904209305632, 904.339525818, 39.2534815746, 13907.5706266, 0.804289544236
3.35785084018, 1.00000039539, 1.39941582221, 1.05122199674, 6.51281193761, 0.819174050062, 4.58358879285, 1.20533376977, 0.905714320741, 3.45686318225, 5.12042659656, 0.991997352601, 1.91483154872, 1.02538475688, 1.09000097867, 1.05731344951, 1.00031009454, 0.988699438675, 6.87421939363, 1.07093326616, 0.859604727663, 898.904378096, 0.958679420562, 1.34550162455, 0.98880487271, 2.10473254084, 0.87093533279, 605.987810532, 18.3180816289, 9125.85992155, 4.28954423592
5.09520709309, 1.0000009124, 1.10196025525, 0.983503737919, 4.18404590423, 0.814458992435, 4.7389621309, 1.17445253442, 0.977847194941, 1.90662003188, 5.52647245952, 1.13169384535, 4.85394137676, 0.977510027884, 1.09000039943, 1.03002399937, 1.01215207269, 1.0850821242, 7.31248333872, 1.02907081061, 0.893215683888, 572.523820128, 0.943327980061, 4.68239490273, 1.17713527582, 4.54571774849, 1.19095721258, 808.434356608, 19.9814856196, 6547.47968926, 3.48525469169
2.31254928027, 1.00000081227, 1.35919657342, 1.02231562573, 2.62759678703, 0.976521941042, 4.0358690793, 1.08615411161, 0.98999486963, 2.6830688897, 5.17182926925, 0.846849440962, 2.88448749028, 1.15532158399, 1.09000074095, 1.00926010564, 1.02063008753, 1.2287626279, 6.03832950035, 1.02381601511, 0.879757651612, 170.719865123, 1.18698100973, 5.21496403476, 1.21233368883, 3.76879484304, 0.890479393528, 1760.75877874, 46.1136022106, 10533.9926554, 1.34048257373
1.61840903368, 1.00000084922, 1.36928557805, 0.857245047065, 6.84636853665, 0.95853158059, 4.35307329684, 1.12064341397, 0.950666058397, 1.52833849826, 5.62327934315, 0.947409653469, 3.26414887285, 1.2339217162, 1.09000048467, 1.05482340362, 1.01132283197, 0.867766585714, 8.94553861041, 1.09487456315, 0.930742824846, 353.567252328, 1.16602384618, 2.5885710105, 1.12939608267, 2.03786340439, 0.979613163396, 1875.28566077, 34.8283275517, 4253.26305339, 1.07238605898
4.50730494703, 1.00000040916, 1.69504203978, 1.0770542847, 5.71098667856, 0.737248463363, 1.02382410088, 1.18282610113, 0.947636676283, 2.29129079506, 6.11304720073, 0.847442456155, 1.47294886127, 0.996853322014, 1.09000030715, 1.09184175591, 1.03190392411, 1.07948359037, 9.7444387944, 1.06209517143, 0.89140722814, 980.20051943, 1.10167529569, 4.91690541723, 0.985999902608, 5.41073344094, 1.27039815008, 2387.58909554, 33.6511282382, 8152.6381637, 1.34048257373
4.50730494703, 1.00000040916, 1.69504203978, 1.0770542847, 5.71098667856, 0.737248463363, 1.02382410088, 1.18282610113, 0.947636676283, 2.29129079506, 6.11304720073, 0.847442456155, 1.47294886127, 0.996853322014, 1.09000021029, 1.09184175591, 1.03190392411, 1.17495267478, 9.7444387944, 1.06209517143, 0.89140722814, 980.20051943, 1.10167529569, 4.91690541723, 0.985999902608, 5.41073344094, 1.08075960989, 1236.29963999, 23.5660306603, 25980.4118726, 1.60857908847
3.7664724912, 1.00000002256, 1.62734043535, 1.10930767595, 5.74753757798, 0.890487118631, 5.4589091468, 1.06219912366, 0.91931656741, 2.73092591376, 4.90512800067, 1.17090399571, 2.57865457478, 1.09432048192, 1.0900001815, 1.09213491926, 1.02525917858, 1.11501455597, 9.7393082733, 1.15580882668, 0.978369819569, 349.55932632, 1.18063067791, 3.21825242352, 1.02984362469, 4.71136855786, 1.16822242221, 756.781338506, 22.7336021792, 2616.67014866, 4.02144772118
3.184216256, 1.00000022712, 1.56081123064, 1.0335380331, 5.74538287055, 0.807850028487, 2.24791566864, 1.11372479468, 0.924976198371, 1.46159413721, 5.63358264409, 1.18678267725, 3.24326385674, 0.951262699012, 1.09000085043, 1.04122597557, 1.02019654529, 1.05404384988, 5.65857598248, 1.17841938624, 0.823440883105, 205.527796628, 1.12223324698, 4.43903308942, 1.0374454672, 1.81622392952, 0.966672951436, 1363.67831665, 47.9953415555, 7203.03400348, 1.34048257373
