1.03844014612, 1.25605786125, 1.09899079961, 1.19759709158, 2.36217179928, 0.827026653407, 4.80787619787, 1.03405481339, 0.981564081958, 5.74079303976, 4.5460143864, 1.02097556425, 4.93311410674, 1.00167429013, 1.09000047614, 1.06960495225, 1.03553734381, 1.16775483722, 7.89098776284, 1.03779827755, 0.982842169557, 230.210610393, 1.01121002138, 1.02365269767, 0.980547864158, 1.17406249858, 1.2695166482, 1523.11839046, 30.9772913349, 21723.3229425, 2.41286863271
1.29611735814, 1.39151928251, 1.0450717601, 1.04239931168, 6.87982682491, 0.845311729141, 2.2074765528, 0.984035670432, 0.998081882729, 5.48490377748, 2.95236259818, 0.911943137065, 1.98041833069, 1.00504199183, 1.09000067698, 1.00155331481, 1.04709549023, 1.20684687121, 6.41368242173, 1.02892878446, 0.923800392115, 324.819902068, 1.03061025189, 1.80027104961, 1.0689658173, 1.93300009984, 1.29236389562, 2344.48561885, 39.3276290043, 25533.9712088, 0.0
1.04672765548, 1.20879209787, 1.16363201174, 1.10237842696, 2.76958080407, 0.737264664168, 5.45443610063, 0.977263400568, 0.918823542495, 2.70553267188, 1.90366349637, 0.902857583906, 3.64489893906, 0.91345676538, 1.09000046571, 1.00922746962, 1.02097700194, 1.02631755414, 8.61392216651, 1.14932603317, 0.893531394309, 330.130050818, 0.930212575715, 2.41033516369, 0.956705897342, 3.13256257348, 1.19222300211, 2298.96515347, 38.9717396023, 17181.7092372, 0.536193029491
1.06121280997, 1.42912333764, 0.976138591429, 0.954950697783, 5.1888649434, 0.88159609214, 4.39858448312, 0.959165969212, 0.923160666936, 3.42756166093, 2.27411161974, 1.07955885036, 3.14362193437, 1.18793195437, 1.09000006535, 1.00663402227, 1.00227411121, 1.18266964855, 3.61931670051, 1.08708340304, 0.995638285907, 368.943483329, 0.912135631978, 1.78927586365, 1.03110270872, 1.7241050626, 1.1090564494, 1248.10672501, 22.0989405596, 444.938711006, 3.21715817694
2.84289795995, 1.39500140813, 1.1089752676, 0.813690921207, 4.9397287972, 0.854697109287, 4.13481457795, 1.06088071381, 0.940530759173, 5.4611681125, 1.8058450485, 0.992581120755, 4.12949789642, 1.0105692027, 1.09000094595, 1.10674464502, 1.02439076264, 1.0810926628, 4.52120449474, 1.05751300753, 0.973118149824, 189.607100906, 0.996824396534, 5.01316691112, 0.961536594202, 1.74016589844, 1.03441443196, 612.146352487, 19.5775516306, 1507.66932959, 6.16621983914
1.75212318542, 1.3380228324, 1.16301230257, 0.81481429541, 3.97757232025, 0.876235699324, 2.8323302065, 1.09312215798, 0.979916466981, 5.82924589715, 2.36314907568, 0.969493416807, 4.671310252, 1.09112369417, 1.09000030951, 1.0323995807, 1.04613104101, 1.20858994676, 3.08938905403, 1.0830140322, 0.81973949272, 293.095337642, 1.17494501114, 4.08095413674, 0.9995022658, 1.16605680395, 1.11764372188, 679.211618829, 38.6595292148, 20921.8090949, 2.14477211796
1.47047721557, 1.27757802555, 0.874691784113, 1.18732760041, 3.6391729538, 0.817867117751, 2.69555137521, 0.981503093992, 0.921917651655, 5.34479521431, 1.56493982296, 0.834830792631, 4.30946677812, 0.812829848542, 1.09000098076, 1.02096060459, 1.03703418859, 1.12310520542, 6.2812842568, 1.12420007554, 0.95790924009, 181.940612283, 0.934483382056, 1.86347790006, 1.2238933331, 4.7447684682, 1.28473382244, 1362.7776884, 22.5178362987, 14247.0686626, 5.09383378016
1.00194388525, 1.42677290876, 0.948007239923, 1.13194265491, 6.18513720173, 0.711307558007, 4.95073680485, 0.945859953941, 0.970696613469, 4.79807702705, 2.77555557557, 0.843267068253, 3.4151808626, 1.00284243519, 1.09000020964, 1.06222002255, 1.03825175529, 1.00801094622, 3.00855044297, 1.06005307484, 0.999086795212, 315.917021842, 1.0993180683, 4.40993746339, 1.03465543247, 1.56545498074, 0.953374483665, 1442.34109512, 23.6003829203, 24240.4301188, 5.36193029491
1.80261683269, 1.17830874526, 1.10360401293, 1.17516902538, 5.10458261824, 0.915260665975, 5.8737566239, 1.01993799231, 0.99816832389, 2.88386831771, 3.37257971598, 0.965191074332, 5.04161859689, 0.920103460809, 1.09000006476, 1.03467838436, 1.03666605229, 1.17312023817, 6.05639307727, 1.09119676154, 0.763835110934, 332.333977848, 1.00699297483, 5.40779860832, 1.06107380032, 4.73359656198, 1.12455616907, 5047.72625929, 41.7426238717, 35139.2483693, 0.0
1.13745005553, 1.37180197313, 1.14269538535, 1.08075155415, 4.22128583261, 0.856835865095, 3.84958294745, 1.04274607053, 0.909302880128, 1.31796146814, 2.09992284387, 0.836951590465, 4.99760449923, 0.899559309851, 1.09000007251, 1.00030620859, 1.02771409048, 1.19094008624, 7.20339952651, 1.17597172585, 0.948415245868, 165.09875891, 1.00907339764, 4.88161160724, 1.07783017682, 1.5546086455, 1.09444894592, 1209.11196216, 32.4893529265, 3985.37190271, 0.0
1.31809724051, 1.42037031041, 1.15941921047, 0.974080055995, 3.54744326082, 0.861693912383, 4.66623804081, 0.963646097164, 0.91846719673, 3.21601337551, 2.0168622167, 0.970543788367, 4.78541411816, 0.839288162759, 1.09000002915, 1.03775574257, 1.04613704321, 1.22935827877, 7.2732891212, 1.15477940007, 0.771577855451, 251.837202924, 0.913100910339, 2.05086618693, 1.0961000825, 4.69292939017, 0.891308686207, 1757.58549137, 34.9669492339, 19795.3905695, 0.0
1.28294181266, 1.22199002626, 0.92453488558, 0.940435650316, 4.71339897459, 0.971606825727, 3.87804630875, 1.05732024114, 0.990177913999, 3.60657438178, 3.90410601046, 0.979662313964, 3.46176036467, 0.997829282097, 1.09000023187, 1.01528011834, 1.03382892015, 1.22596878257, 8.51490430111, 1.17068236763, 0.86494142359, 340.875896745, 0.988141224703, 5.68053577696, 1.10086088856, 1.90516814312, 1.17571692096, 4090.33924385, 33.4465765799, 22848.7556005, 7.23860589812
2.6797886043, 1.20030534109, 1.03633241984, 0.87279941902, 4.44426173271, 0.733943119539, 3.98721555075, 1.00890435259, 0.918577561949, 3.13277895616, 5.68680980731, 1.08537869749, 4.8888237916, 0.88819621746, 1.09000060707, 1.00337122473, 1.01115613778, 1.16056616568, 5.63311391751, 1.07368942262, 0.998952880887, 333.138216107, 1.14859678861, 3.48768456104, 0.96836741681, 2.11448843093, 1.1224213125, 1571.63705225, 36.0779426116, 6292.33576873, 0.0
2.35421108489, 1.40513868557, 1.11242612072, 0.821339288596, 4.173630026, 0.777335820217, 5.21863386093, 0.931517420005, 0.962767001517, 5.08924897831, 2.65118142821, 0.85332022857, 4.67033235381, 1.22112184485, 1.09000045239, 1.0047580562, 1.03867929494, 1.17188391759, 4.92782911327, 1.15696007105, 0.84346220467, 388.092654223, 1.00400646346, 3.42872878588, 1.10271160015, 1.62707669665, 1.18593623799, 3122.15359436, 31.0977445675, 35291.9747611, 4.82573726542
2.520407217, 1.34934100836, 1.16608620898, 0.807257792329, 4.31194050955, 0.905370926004, 5.82302709539, 1.03350786192, 0.913846449403, 2.48498975477, 1.91175865035, 0.962161449875, 4.52284791604, 1.08091388481, 1.09000072132, 1.01177295173, 1.04153950289, 0.925551858476, 4.83072892209, 1.06202127455, 0.818229084492, 321.130562982, 1.08764906762, 5.26004621136, 1.11721201619, 4.42039052786, 1.24726279587, 48.0418469168, 8.55804623592, 158.783490013, 6.43431635389
1.87592448187, 1.31340347199, 1.10939999909, 1.06614890404, 2.29082220202, 0.720697588932, 3.23529595039, 1.03741215924, 0.996924744884, 2.47043021751, 2.61756842032, 0.923878640597, 4.39807263782, 1.1145386163, 1.0900003617, 1.05382888557, 1.03914636714, 1.22295746502, 3.51842896566, 1.13091092024, 0.882584417622, 243.657569567, 1.14907351628, 4.95808087342, 0.979403652103, 4.39871864767, 1.17670057231, 11299.5411393, 55.9026548757, 97521.7382797, 3.48525469169
1.51215846441, 1.1999469531, 1.11472881577, 0.993914866685, 6.31151909882, 0.850068288322, 2.61306030137, 1.09422824788, 0.96470766514, 3.09932933229, 2.29677918398, 0.997689761467, 4.44100332642, 0.84426521041, 1.09000046499, 1.0673229125, 1.04903743819, 1.20607060508, 6.11679850285, 1.12268731883, 0.857846725034, 262.113564003, 1.05248200177, 4.965896678, 1.18989068695, 5.126061549, 0.870941557589, 2203.91311191, 37.6511979462, 10611.703015, 0.536193029491
3.8243187474, 1.32954507282, 1.05269550652, 1.01877840269, 6.81882049909, 0.829997926439, 2.07668824591, 1.07204655454, 0.990613501261, 2.24508690681, 2.76017787456, 1.08305279183, 4.42931053987, 0.937772879209, 1.09000034005, 1.05302630655, 1.01443788208, 1.22773808263, 8.68691281541, 1.16662996406, 0.796739888566, 374.930910958, 1.00502847738, 4.55118739339, 1.05141250758, 1.8439964564, 0.950914478752, 1843.01884351, 48.6513147355, 7957.43656647, 2.14477211796
1.0972179617, 1.18571678091, 1.14789707967, 0.81361045277, 6.80844594509, 0.718908752529, 4.49331035205, 1.09107880315, 0.985283270808, 2.35039597318, 1.73749896385, 0.886563123491, 2.87598235234, 0.946996506843, 1.0900003711, 1.06895444774, 1.0117489705, 1.08195512903, 3.07692634625, 1.17133294755, 0.890704853964, 156.249027846, 1.09800114578, 4.22714546533, 0.953229776115, 3.40891720292, 0.965445044501, 3265.90394542, 63.644433328, 8422.95430947, 1.34048257373
1.50075867507, 1.23220536637, 1.03080155747, 0.846466397035, 2.75772570669, 0.802961688031, 1.38113640563, 0.9480888892, 0.956528211014, 4.01722122415, 3.90888920779, 0.870741083147, 3.24139379977, 1.15156539608, 1.09000050286, 1.04542673856, 1.04830718278, 1.19874058051, 9.30727121276, 1.18137509735, 0.921412672367, 228.267192938, 1.00600304081, 5.44204302177, 0.974914072519, 3.46801984413, 1.10557926965, 2695.47438174, 56.3834662468, 45473.4795405, 2.9490616622
2.82267415774, 1.35544660158, 0.793425348474, 1.02667307379, 4.16051728796, 0.722834533163, 5.25365989159, 0.941352742548, 0.904316476854, 4.3343243815, 2.42091765519, 0.860875156402, 5.03144583376, 0.890786947933, 1.09000078914, 1.02037905329, 1.04033854749, 1.209140771, 8.94347625122, 1.15338694347, 0.851356912935, 127.690384065, 1.13355739029, 4.31429606838, 1.00448099342, 4.17201434814, 1.24125774937, 4025.94400736, 44.9049504023, 7202.53087345, 1.34048257373
1.52213579328, 1.4081915417, 1.01106464761, 0.913767166756, 2.28594804616, 0.798647250676, 5.39119828632, 0.860220884328, 0.909868915411, 6.00348959908, 4.52327457187, 0.910811853937, 3.60649671894, 0.906273543706, 1.09000047026, 1.02109145501, 1.02252469375, 1.17948489718, 5.40435270388, 1.18433072735, 0.974153470951, 294.046591295, 1.18468956114, 4.51370236352, 1.1312161606, 4.98072093654, 1.26781665438, 4921.70477553, 48.6964516583, 58045.4419604, 2.68096514745
2.18881131728, 1.36097792564, 0.968247670657, 1.20762226722, 5.82830590748, 0.718461047882, 3.09036636899, 0.980866486561, 0.954621468954, 2.35954245113, 2.1744675067, 0.817910004268, 4.28904461946, 0.881767084978, 1.09000008286, 1.03964858714, 1.03722104751, 0.987597054921, 3.72386501827, 1.15658842805, 0.850720131997, 249.647390171, 1.11901603469, 5.73824849313, 1.09427187852, 3.18407810592, 1.29000094013, 100.683953509, 15.0711158296, 248.363271331, 2.41286863271
2.07824184408, 1.40552938843, 1.14682467515, 1.05315267516, 5.60940738871, 0.826771318054, 4.14552731655, 0.97499187226, 0.93931076845, 2.18505626766, 2.15777301275, 1.03462022559, 1.7979295518, 0.961419436332, 1.09000002206, 1.02089444597, 1.0287706309, 1.11111901183, 3.28343612986, 1.18027071842, 0.816677591883, 328.774867758, 1.13153485209, 5.43868628168, 1.02313871042, 2.97818385913, 1.20295907414, 1081.73418396, 41.45668633, 3937.77018288, 2.14477211796
3.99126383461, 1.00839853526, 1.09910853685, 0.918102872456, 6.63716122625, 0.816083812916, 4.40788727178, 0.966664193702, 0.974558360597, 5.07847026612, 2.02899471798, 0.924259437159, 4.46750392277, 1.00279282931, 1.09000069121, 1.01551525748, 1.02478733989, 0.908406723164, 5.85787838619, 1.18110355849, 0.9515120102, 153.984814798, 0.926872025118, 5.49727225927, 1.05135693038, 4.35602352471, 1.17757364296, 1979.23229109, 50.046188578, 13083.2731828, 2.68096514745
3.75343221494, 1.24880625684, 1.0326214187, 0.857953296045, 6.91293044795, 0.793464567306, 4.31185694221, 0.948438698287, 0.984429388999, 5.2420759208, 7.41832739118, 1.03840480503, 4.24202019586, 1.27523580645, 1.09000021897, 1.01626644637, 1.02820346658, 1.21065265738, 5.42943970857, 1.12855530228, 0.994700445431, 94.9967341634, 1.07656150048, 5.77772263675, 0.984651688746, 4.92986382927, 1.06886623546, 2424.30569006, 42.1198210531, 3704.75335127, 3.48525469169
3.18076215947, 1.35844257132, 0.895493135678, 0.853237944348, 6.64425239024, 0.711696569554, 4.41174876005, 1.08396903991, 0.977710407963, 5.65472300356, 4.75977828247, 0.915011249989, 2.31917711591, 1.22819048096, 1.09000042771, 1.00314279906, 1.02959673047, 0.995870140414, 5.37825307529, 1.09063573711, 0.947671329397, 375.780966805, 1.07619936004, 5.1924494088, 1.00643604429, 4.93648200844, 0.989285893028, 12842.5390483, 46.8987282337, 55351.0684817, 8.3109919571
5.15047474122, 1.32655788169, 1.11564500012, 0.958447180944, 6.14800028142, 0.836272863927, 2.06636352123, 0.878701895337, 0.905165832214, 3.26071501534, 4.24589690358, 1.07047380186, 3.67585838867, 0.854969905298, 1.09000073652, 1.02164761905, 1.02970071017, 1.2198229422, 3.65967674355, 1.15362982723, 0.927071552675, 279.377070368, 1.10878726435, 5.16370992152, 1.18803960394, 2.52859168421, 1.17328005332, 3950.39917238, 32.8927781672, 12086.6612511, 4.28954423592
5.35253207787, 1.19853158892, 0.920479336706, 0.971327938316, 5.0850269603, 0.746871480447, 1.63325605662, 0.902302095959, 0.944576541039, 4.71935834812, 3.51439415666, 0.913322182421, 4.32483990756, 1.01848684362, 1.09000039145, 1.02165162854, 1.03176999546, 1.22605746989, 5.07329444381, 1.1814556897, 0.926144135978, 361.755773074, 1.12267361976, 5.80300691748, 0.957443818142, 4.87310027503, 1.08938799149, 1914.9054956, 29.8686172968, 6637.14167798, 1.87667560322
