-1.0, 3.0, 0.0, 2.0, 3.0, 2.0, -1.0, 1.0, 1.0, 0.0, -1.0, 3.0, 2.0, 2.0, -1.0, 1.0, 1.0, 1.0, 2.0, -1.0, -1.0, 3.0, 2.0, 0.0, -1.0, 0.0, 3.0, 0.0, 2.0, -1.0, 0.0, 1.0, 1.0, 1.0, 3.0, 0.0, 1.0, 2.0, 2.0, 1.0, 0.0, 0.0, 3.0, 2.0, -1.0, 0.0, 0.0, 2.0, 3.0, 1.0, 97045.0, 604.0, 99442.0
1.0, 2.0, 2.0, 0.0, 2.0, -1.0, 2.0, 0.0, -1.0, 1.0, 0.0, 1.0, -1.0, -1.0, -1.0, 0.0, 2.0, -1.0, -1.0, 3.0, -1.0, 1.0, -1.0, 0.0, 1.0, -1.0, -1.0, -1.0, 2.0, 1.0, -1.0, 1.0, -1.0, -1.0, 2.0, 0.0, 1.0, 2.0, 1.0, 2.0, 0.0, 0.0, 3.0, -1.0, 2.0, 0.0, 1.0, 0.0, 3.0, -1.0, 97223.0, 494.0, 99547.0
-1.0, 3.0, 0.0, 2.0, 3.0, 2.0, -1.0, 1.0, 1.0, 0.0, -1.0, 3.0, 2.0, 2.0, -1.0, 1.0, 1.0, 1.0, 2.0, -1.0, -1.0, 3.0, 2.0, 0.0, -1.0, 0.0, 3.0, 0.0, 2.0, -1.0, 0.0, 1.0, 1.0, 1.0, 3.0, 0.0, 1.0, 2.0, 2.0, 1.0, 0.0, 0.0, 3.0, 2.0, -1.0, 0.0, 0.0, 2.0, 3.0, 1.0, 97045.0, 604.0, 99442.0
1.0, 2.0, 2.0, 0.0, 2.0, -1.0, 2.0, 0.0, -1.0, 1.0, 0.0, 1.0, -1.0, -1.0, -1.0, 0.0, 2.0, -1.0, -1.0, 3.0, -1.0, 1.0, -1.0, 0.0, 1.0, -1.0, -1.0, -1.0, 2.0, 1.0, -1.0, 1.0, -1.0, -1.0, 2.0, 0.0, 1.0, 2.0, 1.0, 2.0, 0.0, 0.0, 3.0, -1.0, 2.0, 0.0, 1.0, 0.0, 3.0, -1.0, 97223.0, 494.0, 99547.0
0.0, 2.0, 3.0, 3.0, 2.0, -1.0, 1.0, 3.0, 3.0, -1.0, 2.0, 1.0, 3.0, 0.0, 2.0, 1.0, 2.0, -1.0, 1.0, 0.0, 3.0, 0.0, 3.0, 0.0, -1.0, 1.0, 0.0, 1.0, 2.0, 1.0, 2.0, 2.0, -1.0, 2.0, -1.0, 3.0, 0.0, -1.0, 0.0, 3.0, 3.0, 2.0, 3.0, 1.0, 1.0, 2.0, 1.0, 0.0, 1.0, 0.0, 96983.0, 627.0, 99423.0
1.0, 2.0, 2.0, 0.0, 2.0, -1.0, 2.0, 0.0, -1.0, 1.0, 0.0, 1.0, -1.0, -1.0, -1.0, 0.0, 2.0, -1.0, -1.0, 3.0, -1.0, 1.0, -1.0, 0.0, 1.0, -1.0, -1.0, -1.0, 2.0, 1.0, -1.0, 1.0, -1.0, -1.0, 2.0, 0.0, 1.0, 2.0, 1.0, 2.0, 0.0, 0.0, 3.0, -1.0, 2.0, 0.0, 1.0, 0.0, 3.0, -1.0, 97223.0, 494.0, 99547.0
0.0, 1.0, -1.0, 2.0, 2.0, 1.0, -1.0, -1.0, 3.0, 0.0, 3.0, 1.0, 1.0, 2.0, -1.0, -1.0, 1.0, 0.0, 3.0, 2.0, 0.0, 3.0, 3.0, -1.0, 2.0, 2.0, 1.0, 2.0, -1.0, 1.0, 3.0, 2.0, 3.0, 1.0, 0.0, 3.0, 1.0, 0.0, 0.0, 1.0, 3.0, 0.0, 1.0, -1.0, 2.0, -1.0, 2.0, 0.0, 1.0, -1.0, 97225.0, 572.0, 99468.0
0.0, -1.0, 0.0, 2.0, 1.0, -1.0, -1.0, 2.0, 0.0, 2.0, 2.0, 1.0, 0.0, 1.0, -1.0, 1.0, 0.0, -1.0, 1.0, -1.0, -1.0, 0.0, -1.0, 3.0, -1.0, -1.0, 3.0, 1.0, 2.0, 1.0, 3.0, 3.0, 1.0, 3.0, -1.0, 3.0, 3.0, -1.0, 0.0, 1.0, 0.0, 2.0, 1.0, -1.0, 3.0, 2.0, 0.0, 3.0, 3.0, 1.0, 97288.0, 530.0, 99500.0
3.0, 2.0, 1.0, 1.0, 2.0, -1.0, 2.0, -1.0, 0.0, 3.0, 2.0, 2.0, 1.0, 3.0, -1.0, 0.0, 3.0, 3.0, 2.0, 3.0, 3.0, 0.0, 2.0, -1.0, 3.0, 1.0, -1.0, 0.0, 3.0, 0.0, 1.0, -1.0, 0.0, 0.0, 1.0, 0.0, 2.0, 2.0, 0.0, -1.0, 1.0, -1.0, 2.0, 0.0, 0.0, 1.0, 2.0, 3.0, 1.0, 1.0, 96980.0, 602.0, 99446.0
-1.0, 1.0, 0.0, 2.0, 2.0, 0.0, 0.0, -1.0, 1.0, 2.0, 2.0, 3.0, -1.0, -1.0, -1.0, 0.0, 1.0, -1.0, 0.0, -1.0, 3.0, 1.0, 2.0, -1.0, 1.0, 3.0, 3.0, 1.0, 2.0, -1.0, -1.0, 2.0, 1.0, 1.0, 0.0, 3.0, -1.0, 1.0, -1.0, 1.0, 0.0, -1.0, 2.0, 1.0, 0.0, 1.0, 0.0, 0.0, -1.0, -1.0, 97261.0, 502.0, 99529.0
0.0, 3.0, 2.0, 3.0, 0.0, -1.0, 2.0, -1.0, 0.0, 2.0, 0.0, -1.0, 0.0, -1.0, -1.0, -1.0, 2.0, 3.0, -1.0, 2.0, 0.0, 0.0, 1.0, 3.0, -1.0, 2.0, 3.0, -1.0, 0.0, 3.0, 1.0, 2.0, 0.0, 2.0, 1.0, -1.0, 0.0, -1.0, 1.0, 0.0, 3.0, 0.0, 2.0, -1.0, 2.0, 3.0, 1.0, -1.0, 1.0, -1.0, 97246.0, 531.0, 99515.0
1.0, 2.0, 2.0, 0.0, 2.0, -1.0, 2.0, 0.0, -1.0, 1.0, 0.0, 1.0, -1.0, -1.0, -1.0, 0.0, 2.0, -1.0, -1.0, 3.0, -1.0, 1.0, -1.0, 0.0, 1.0, -1.0, -1.0, -1.0, 2.0, 1.0, -1.0, 1.0, -1.0, -1.0, 2.0, 0.0, 1.0, 2.0, 1.0, 2.0, 0.0, 0.0, 3.0, -1.0, 2.0, 0.0, 1.0, 0.0, 3.0, -1.0, 97223.0, 494.0, 99547.0
1.0, 1.0, 2.0, 1.0, 2.0, -1.0, -1.0, 1.0, 1.0, -1.0, -1.0, 3.0, 0.0, 3.0, 1.0, 3.0, 0.0, -1.0, 2.0, 3.0, 0.0, -1.0, 3.0, 2.0, 0.0, 2.0, -1.0, 3.0, 2.0, 3.0, -1.0, 1.0, 0.0, 0.0, 2.0, 1.0, -1.0, 3.0, 2.0, 2.0, 2.0, 0.0, 3.0, 2.0, 0.0, 0.0, 1.0, 0.0, 0.0, -1.0, 97076.0, 579.0, 99458.0
1.0, 2.0, 2.0, 0.0, 2.0, -1.0, 2.0, 0.0, -1.0, 1.0, 0.0, 1.0, -1.0, -1.0, -1.0, 0.0, 2.0, -1.0, -1.0, 3.0, -1.0, 1.0, -1.0, 0.0, 1.0, -1.0, -1.0, -1.0, 2.0, 1.0, -1.0, 1.0, -1.0, -1.0, 2.0, 0.0, 1.0, 2.0, 1.0, 2.0, 0.0, 0.0, 3.0, -1.0, 2.0, 0.0, 1.0, 0.0, 3.0, -1.0, 97223.0, 494.0, 99547.0
-1.0, 3.0, 0.0, 2.0, 3.0, 2.0, -1.0, 1.0, 1.0, 0.0, -1.0, 3.0, 2.0, 2.0, -1.0, 1.0, 1.0, 1.0, 2.0, -1.0, -1.0, 3.0, 2.0, 0.0, -1.0, 0.0, 3.0, 0.0, 2.0, -1.0, 0.0, 1.0, 1.0, 1.0, 3.0, 0.0, 1.0, 2.0, 2.0, 1.0, 0.0, 0.0, 3.0, 2.0, -1.0, 0.0, 0.0, 2.0, 3.0, 1.0, 97045.0, 604.0, 99442.0
1.0, 2.0, 2.0, 0.0, 2.0, -1.0, 2.0, 0.0, -1.0, 1.0, 0.0, 1.0, -1.0, -1.0, -1.0, 0.0, 2.0, -1.0, -1.0, 3.0, -1.0, 1.0, -1.0, 0.0, 1.0, -1.0, -1.0, -1.0, 2.0, 1.0, -1.0, 1.0, -1.0, -1.0, 2.0, 0.0, 1.0, 2.0, 1.0, 2.0, 0.0, 0.0, 3.0, -1.0, 2.0, 0.0, 1.0, 0.0, 3.0, -1.0, 97223.0, 494.0, 99547.0
0.0, 1.0, -1.0, 2.0, 2.0, 1.0, -1.0, -1.0, 3.0, 0.0, 3.0, 1.0, 1.0, 2.0, -1.0, -1.0, 1.0, 0.0, 3.0, 2.0, 0.0, 3.0, 3.0, -1.0, 2.0, 2.0, 1.0, 2.0, -1.0, 1.0, 3.0, 2.0, 3.0, 1.0, 0.0, 3.0, 1.0, 0.0, 0.0, 1.0, 3.0, 0.0, 1.0, -1.0, 2.0, -1.0, 2.0, 0.0, 1.0, -1.0, 97225.0, 572.0, 99468.0
-1.0, 1.0, 0.0, 2.0, 2.0, 0.0, 0.0, -1.0, 1.0, 2.0, 2.0, 3.0, -1.0, -1.0, -1.0, 0.0, 1.0, -1.0, 0.0, -1.0, 3.0, 1.0, 2.0, -1.0, 1.0, 3.0, 3.0, 1.0, 2.0, -1.0, -1.0, 2.0, 1.0, 1.0, 0.0, 3.0, -1.0, 1.0, -1.0, 1.0, 0.0, -1.0, 2.0, 1.0, 0.0, 1.0, 0.0, 0.0, -1.0, -1.0, 97261.0, 502.0, 99529.0
0.0, 3.0, 2.0, 3.0, 0.0, -1.0, 2.0, -1.0, 0.0, 2.0, 0.0, -1.0, 0.0, -1.0, -1.0, -1.0, 2.0, 3.0, -1.0, 2.0, 0.0, 0.0, 1.0, 3.0, -1.0, 2.0, 3.0, -1.0, 0.0, 3.0, 1.0, 2.0, 0.0, 2.0, 1.0, -1.0, 0.0, -1.0, 1.0, 0.0, 3.0, 0.0, 2.0, -1.0, 2.0, 3.0, 1.0, -1.0, 1.0, -1.0, 97246.0, 531.0, 99515.0
1.0, 2.0, 2.0, 0.0, 2.0, -1.0, 2.0, 0.0, -1.0, 1.0, 0.0, 1.0, -1.0, -1.0, -1.0, 0.0, 2.0, -1.0, -1.0, 3.0, -1.0, 1.0, -1.0, 0.0, 1.0, -1.0, -1.0, -1.0, 2.0, 1.0, -1.0, 1.0, -1.0, -1.0, 2.0, 0.0, 1.0, 2.0, 1.0, 2.0, 0.0, 0.0, 3.0, -1.0, 2.0, 0.0, 1.0, 0.0, 3.0, -1.0, 97223.0, 494.0, 99547.0
0.0, 1.0, -1.0, 1.0, 1.0, 2.0, -1.0, 2.0, 2.0, 1.0, 2.0, 1.0, 1.0, 3.0, -1.0, 3.0, -1.0, -1.0, 1.0, -1.0, 1.0, 3.0, 2.0, 0.0, 0.0, 0.0, -1.0, 0.0, 3.0, -1.0, -1.0, -1.0, 1.0, 2.0, 1.0, 2.0, 1.0, 1.0, 3.0, 0.0, 0.0, 0.0, -1.0, 3.0, -1.0, 3.0, -1.0, -1.0, 2.0, -1.0, 97523.0, 499.0, 99530.0
-1.0, 3.0, 0.0, 2.0, 3.0, 2.0, -1.0, 1.0, 1.0, 0.0, -1.0, 3.0, 2.0, 2.0, -1.0, 1.0, 1.0, 1.0, 2.0, -1.0, -1.0, 3.0, 2.0, 0.0, -1.0, 0.0, -1.0, 0.0, 2.0, -1.0, 0.0, 1.0, 1.0, 1.0, 3.0, 0.0, 1.0, 2.0, 2.0, 1.0, 0.0, 0.0, 3.0, 2.0, -1.0, 0.0, 0.0, 2.0, 3.0, 1.0, 97077.0, 585.0, 99452.0
1.0, 2.0, 2.0, 0.0, 2.0, -1.0, 2.0, 0.0, -1.0, 1.0, 0.0, 1.0, -1.0, -1.0, -1.0, 0.0, 2.0, -1.0, -1.0, 3.0, -1.0, 1.0, -1.0, 0.0, 1.0, -1.0, -1.0, -1.0, 2.0, 1.0, -1.0, 1.0, -1.0, -1.0, 2.0, 0.0, 1.0, 2.0, 1.0, 2.0, 0.0, 0.0, 3.0, -1.0, 2.0, 0.0, 1.0, 0.0, 3.0, -1.0, 97223.0, 494.0, 99547.0
1.0, 2.0, 2.0, 0.0, 2.0, -1.0, 2.0, 0.0, -1.0, 1.0, 0.0, 1.0, -1.0, -1.0, -1.0, 0.0, 2.0, -1.0, -1.0, 3.0, -1.0, 1.0, -1.0, 0.0, 1.0, -1.0, -1.0, -1.0, 2.0, 1.0, -1.0, 1.0, -1.0, -1.0, 2.0, 0.0, 1.0, 2.0, 1.0, 2.0, 0.0, 0.0, 3.0, -1.0, 2.0, 0.0, 1.0, 0.0, 3.0, -1.0, 97223.0, 494.0, 99547.0
0.0, 2.0, 3.0, 3.0, 2.0, -1.0, 1.0, 3.0, 3.0, -1.0, 2.0, 1.0, 3.0, 0.0, 2.0, 1.0, 2.0, -1.0, 1.0, 0.0, 3.0, 0.0, 3.0, 0.0, -1.0, 1.0, 0.0, 1.0, 2.0, 1.0, 2.0, 2.0, -1.0, 2.0, -1.0, 3.0, 0.0, -1.0, 0.0, 3.0, 3.0, 2.0, 3.0, 1.0, 1.0, 2.0, 1.0, 0.0, 1.0, 0.0, 96983.0, 627.0, 99423.0
0.0, -1.0, 0.0, 2.0, 1.0, -1.0, -1.0, 2.0, 0.0, 2.0, 2.0, 1.0, 0.0, 1.0, -1.0, 1.0, 0.0, -1.0, 1.0, -1.0, -1.0, 0.0, -1.0, 3.0, -1.0, -1.0, 3.0, 1.0, 2.0, 1.0, 3.0, 3.0, 1.0, 3.0, -1.0, 3.0, 3.0, -1.0, 0.0, 1.0, 0.0, 2.0, 1.0, -1.0, 3.0, 2.0, 0.0, 3.0, 3.0, 1.0, 97288.0, 530.0, 99500.0
3.0, 2.0, 1.0, 1.0, 2.0, -1.0, 2.0, -1.0, 0.0, 3.0, 2.0, 2.0, 1.0, 3.0, -1.0, 0.0, 3.0, 3.0, 2.0, 3.0, 3.0, 0.0, 2.0, -1.0, 3.0, 1.0, -1.0, 0.0, 3.0, 0.0, 1.0, -1.0, 0.0, 0.0, 1.0, 0.0, 2.0, 2.0, 0.0, -1.0, 1.0, -1.0, 2.0, 0.0, 0.0, 1.0, 2.0, 3.0, 1.0, 1.0, 96980.0, 602.0, 99446.0
0.0, 1.0, -1.0, 1.0, 1.0, 2.0, -1.0, 2.0, 2.0, -1.0, 1.0, 1.0, 1.0, 3.0, -1.0, 2.0, -1.0, -1.0, 1.0, -1.0, 1.0, 3.0, 0.0, 0.0, 0.0, 0.0, -1.0, 0.0, 3.0, -1.0, 1.0, -1.0, 1.0, 2.0, 1.0, 2.0, 1.0, 1.0, 3.0, 0.0, 0.0, 0.0, -1.0, 3.0, -1.0, 3.0, -1.0, -1.0, 2.0, 3.0, 97341.0, 514.0, 99517.0
0.0, 3.0, 2.0, 3.0, 0.0, -1.0, 2.0, -1.0, 0.0, 2.0, 0.0, -1.0, 0.0, -1.0, -1.0, -1.0, 2.0, 3.0, -1.0, 2.0, 0.0, 0.0, 1.0, 3.0, -1.0, 2.0, 3.0, -1.0, 0.0, 3.0, 1.0, 2.0, 0.0, 2.0, 1.0, -1.0, 0.0, -1.0, 1.0, 0.0, 3.0, 0.0, 2.0, -1.0, 2.0, 3.0, 1.0, -1.0, 1.0, -1.0, 97246.0, 531.0, 99515.0
1.0, 2.0, 2.0, 0.0, 2.0, -1.0, 2.0, 0.0, -1.0, 1.0, 0.0, 1.0, -1.0, -1.0, -1.0, 0.0, 2.0, -1.0, -1.0, 3.0, -1.0, 1.0, -1.0, 0.0, 1.0, -1.0, -1.0, -1.0, 2.0, 1.0, -1.0, 1.0, -1.0, -1.0, 2.0, 0.0, 1.0, 2.0, 1.0, 2.0, 0.0, 0.0, 3.0, -1.0, 2.0, 0.0, 1.0, 0.0, 3.0, -1.0, 97223.0, 494.0, 99547.0
0.0, 3.0, 3.0, -1.0, 0.0, 0.0, -1.0, 2.0, 3.0, 0.0, 0.0, 0.0, 1.0, 3.0, 3.0, 3.0, 0.0, 2.0, 2.0, -1.0, 2.0, -1.0, 1.0, -1.0, 3.0, 0.0, -1.0, 0.0, 1.0, -1.0, 2.0, -1.0, 2.0, 1.0, 1.0, 3.0, 2.0, -1.0, 1.0, 0.0, 1.0, 3.0, 0.0, 2.0, 2.0, 0.0, 1.0, 1.0, -1.0, -1.0, 97047.0, 556.0, 99471.0
1.0, 1.0, 2.0, 1.0, 2.0, -1.0, -1.0, 1.0, 1.0, -1.0, -1.0, 3.0, 0.0, 3.0, 1.0, 3.0, 0.0, -1.0, 2.0, 3.0, 0.0, -1.0, 3.0, 2.0, 0.0, 2.0, -1.0, 3.0, 2.0, 3.0, -1.0, 1.0, 0.0, 0.0, 2.0, 1.0, -1.0, 3.0, 2.0, 2.0, 2.0, 0.0, 3.0, 2.0, 0.0, 0.0, 1.0, 0.0, 0.0, -1.0, 97076.0, 579.0, 99458.0
-1.0, 2.0, 3.0, 3.0, 2.0, -1.0, 1.0, 3.0, 3.0, -1.0, 2.0, 1.0, 3.0, 0.0, 2.0, 1.0, 0.0, -1.0, 1.0, 0.0, 3.0, 0.0, 3.0, 0.0, -1.0, 1.0, 0.0, 1.0, 2.0, -1.0, 2.0, 2.0, -1.0, 2.0, -1.0, 3.0, 0.0, -1.0, 0.0, 3.0, 3.0, 2.0, 3.0, 1.0, 1.0, 2.0, 1.0, 0.0, 1.0, 0.0, 97124.0, 594.0, 99446.0
-1.0, 3.0, 0.0, 2.0, 3.0, 2.0, -1.0, 1.0, 1.0, 0.0, -1.0, 3.0, 2.0, 2.0, -1.0, 1.0, 1.0, 1.0, 2.0, -1.0, -1.0, 3.0, 2.0, 0.0, -1.0, 0.0, 3.0, 0.0, 2.0, -1.0, 0.0, 1.0, 1.0, 1.0, 3.0, 0.0, 1.0, 2.0, 2.0, 1.0, 0.0, 0.0, 3.0, 2.0, -1.0, 0.0, 0.0, 2.0, 3.0, 1.0, 97045.0, 604.0, 99442.0
1.0, 2.0, 2.0, 0.0, 2.0, -1.0, 2.0, 0.0, -1.0, 1.0, 0.0, 1.0, -1.0, -1.0, -1.0, 0.0, 2.0, -1.0, -1.0, 3.0, -1.0, 1.0, -1.0, 0.0, 1.0, -1.0, -1.0, -1.0, 2.0, 1.0, -1.0, 1.0, -1.0, -1.0, 2.0, 0.0, 1.0, 2.0, 1.0, 2.0, 0.0, 0.0, 3.0, -1.0, 2.0, 0.0, 1.0, 0.0, 3.0, -1.0, 97223.0, 494.0, 99547.0
0.0, 1.0, -1.0, 2.0, 2.0, 1.0, -1.0, -1.0, 3.0, 0.0, 3.0, 1.0, 1.0, 2.0, -1.0, -1.0, 1.0, 0.0, 3.0, 2.0, 0.0, 3.0, 3.0, -1.0, 2.0, 2.0, 1.0, 2.0, -1.0, 1.0, 3.0, 2.0, 3.0, 1.0, 0.0, 3.0, 1.0, 0.0, 0.0, 1.0, 3.0, 0.0, 1.0, -1.0, 2.0, -1.0, 2.0, 0.0, 1.0, -1.0, 97225.0, 572.0, 99468.0
-1.0, 1.0, 0.0, 2.0, 2.0, 0.0, 0.0, -1.0, 1.0, 2.0, 2.0, 3.0, -1.0, -1.0, -1.0, 0.0, 1.0, -1.0, 0.0, -1.0, 3.0, 1.0, 2.0, -1.0, 1.0, 3.0, 3.0, 1.0, 2.0, -1.0, -1.0, 2.0, 1.0, 1.0, 0.0, 3.0, -1.0, 1.0, -1.0, 1.0, 0.0, -1.0, 2.0, 1.0, 0.0, 1.0, 0.0, 0.0, -1.0, -1.0, 97261.0, 502.0, 99529.0
0.0, 3.0, 2.0, 3.0, 0.0, -1.0, 2.0, -1.0, 0.0, 2.0, 0.0, -1.0, 0.0, -1.0, -1.0, -1.0, 2.0, 3.0, -1.0, 2.0, 0.0, 0.0, 1.0, 3.0, -1.0, 2.0, 3.0, -1.0, 0.0, 3.0, 1.0, 2.0, 0.0, 2.0, 1.0, -1.0, 0.0, -1.0, 1.0, 0.0, 3.0, 0.0, 2.0, -1.0, 2.0, 3.0, 1.0, -1.0, 1.0, -1.0, 97246.0, 531.0, 99515.0
1.0, 2.0, 2.0, 0.0, 2.0, -1.0, 2.0, 0.0, -1.0, 1.0, 0.0, 1.0, -1.0, -1.0, -1.0, 0.0, 2.0, -1.0, -1.0, 3.0, -1.0, 1.0, -1.0, 0.0, 1.0, -1.0, -1.0, -1.0, 2.0, 1.0, -1.0, 1.0, -1.0, -1.0, 2.0, 0.0, 1.0, 2.0, 1.0, 2.0, 0.0, 0.0, 3.0, -1.0, 2.0, 0.0, 1.0, 0.0, 3.0, -1.0, 97223.0, 494.0, 99547.0
0.0, 3.0, 3.0, -1.0, 0.0, 0.0, -1.0, 2.0, 3.0, 0.0, 2.0, 0.0, 1.0, -1.0, 3.0, 3.0, 0.0, 2.0, 2.0, -1.0, 2.0, -1.0, 1.0, -1.0, 3.0, 0.0, -1.0, 0.0, 1.0, -1.0, 2.0, -1.0, 2.0, 1.0, 1.0, 2.0, 2.0, -1.0, 1.0, 0.0, 1.0, 3.0, 0.0, 2.0, 2.0, 0.0, 1.0, 1.0, -1.0, -1.0, 97120.0, 541.0, 99482.0
1.0, 1.0, -1.0, 1.0, 2.0, 1.0, -1.0, 1.0, 1.0, -1.0, -1.0, 3.0, 0.0, 3.0, -1.0, 3.0, 0.0, -1.0, 2.0, 1.0, 1.0, -1.0, 3.0, 2.0, 0.0, 2.0, -1.0, 3.0, 2.0, -1.0, -1.0, 1.0, 0.0, 0.0, 2.0, 1.0, -1.0, 3.0, 3.0, 2.0, 2.0, 0.0, 3.0, 2.0, 0.0, 0.0, 1.0, 0.0, 0.0, -1.0, 97232.0, 543.0, 99481.0
1.0, 2.0, -1.0, -1.0, 3.0, -1.0, 2.0, 0.0, 3.0, 1.0, 0.0, -1.0, 1.0, 0.0, 1.0, 3.0, 0.0, 3.0, 0.0, -1.0, 1.0, 3.0, 1.0, 3.0, -1.0, 3.0, 2.0, 2.0, 2.0, -1.0, -1.0, 3.0, 0.0, 1.0, -1.0, 2.0, 2.0, 2.0, 2.0, 3.0, 1.0, 1.0, 0.0, 0.0, 0.0, 2.0, 2.0, 0.0, 3.0, 1.0, 97176.0, 601.0, 99448.0
0.0, 1.0, -1.0, 1.0, 1.0, 2.0, -1.0, 2.0, 2.0, 1.0, 2.0, 1.0, 1.0, 3.0, -1.0, 2.0, -1.0, -1.0, 1.0, -1.0, 1.0, 3.0, 2.0, 0.0, 0.0, 0.0, -1.0, 0.0, 3.0, -1.0, 1.0, -1.0, 1.0, 2.0, 1.0, 2.0, 1.0, 1.0, 3.0, 0.0, 0.0, 0.0, -1.0, 3.0, -1.0, 3.0, -1.0, -1.0, 2.0, 3.0, 97404.0, 529.0, 99510.0
0.0, 1.0, -1.0, 2.0, 2.0, 1.0, -1.0, 3.0, 3.0, 0.0, 3.0, 1.0, 1.0, 2.0, -1.0, -1.0, 1.0, 0.0, 3.0, 2.0, 0.0, 3.0, 3.0, -1.0, 2.0, 2.0, 1.0, 1.0, -1.0, 1.0, 3.0, 2.0, 3.0, 1.0, 0.0, 3.0, 1.0, 0.0, 0.0, 1.0, 3.0, 0.0, 3.0, -1.0, 2.0, -1.0, 2.0, 0.0, 1.0, -1.0, 97230.0, 590.0, 99455.0
0.0, 1.0, -1.0, 1.0, 1.0, 2.0, -1.0, 2.0, 2.0, 1.0, 2.0, 1.0, 1.0, 3.0, -1.0, 3.0, -1.0, -1.0, 1.0, -1.0, 1.0, 3.0, 2.0, 0.0, 0.0, 0.0, -1.0, 0.0, 3.0, -1.0, -1.0, -1.0, 1.0, 2.0, 1.0, 2.0, 1.0, 1.0, 3.0, 1.0, 0.0, 0.0, -1.0, 3.0, -1.0, 3.0, -1.0, -1.0, 2.0, -1.0, 97550.0, 499.0, 99530.0
