0.622606738421, 0.842472430996, 2.01665001488, 0.397096539554, 34.0239096785, 41.4089215471, 2.56096381295, 3.47123670671, 21.6819546872, 176.407415347, 0.585515198537, 0.0236220472441
0.622606738421, 0.842472430996, 2.01665001488, 0.397096539554, 34.0239096785, 41.4089215471, 2.56096381295, 3.47123670671, 21.6819546872, 176.407415347, 0.585515198537, 0.0236220472441
0.622606738421, 0.842472430996, 2.01665001488, 0.397096539554, 34.0239096785, 41.4089215471, 2.56096381295, 3.47123670671, 21.6819546872, 176.407415347, 0.585515198537, 0.0236220472441
0.622606738421, 0.842472430996, 2.01665001488, 0.397096539554, 34.0239096785, 41.4089215471, 2.56096381295, 3.47123670671, 21.6819546872, 176.407415347, 0.585515198537, 0.0236220472441
0.622606738421, 0.842472430996, 2.01665001488, 0.397096539554, 34.0239096785, 41.4089215471, 2.56096381295, 3.47123670671, 21.6819546872, 176.407415347, 0.585515198537, 0.0236220472441
0.622606738421, 0.842472430996, 2.01665001488, 0.397096539554, 34.0239096785, 41.4089215471, 2.56096381295, 3.47123670671, 21.6819546872, 176.407415347, 0.585515198537, 0.0236220472441
0.622606738421, 0.842472430996, 2.01665001488, 0.397096539554, 34.0239096785, 41.4089215471, 2.56096381295, 3.47123670671, 21.6819546872, 176.407415347, 0.585515198537, 0.0236220472441
0.622606738421, 0.842472430996, 2.01665001488, 0.397096539554, 34.0239096785, 41.4089215471, 2.56096381295, 3.47123670671, 21.6819546872, 176.407415347, 0.585515198537, 0.0236220472441
0.622606738421, 0.842472430996, 2.01665001488, 0.397096539554, 34.0239096785, 41.4089215471, 2.56096381295, 3.47123670671, 21.6819546872, 176.407415347, 0.585515198537, 0.0236220472441
0.622606738421, 0.842472430996, 2.01665001488, 0.397096539554, 34.0239096785, 41.4089215471, 2.56096381295, 3.47123670671, 21.6819546872, 176.407415347, 0.585515198537, 0.0236220472441
0.622606738421, 0.842472430996, 2.01665001488, 0.397096539554, 34.0239096785, 41.4089215471, 2.56096381295, 3.47123670671, 21.6819546872, 176.407415347, 0.585515198537, 0.0236220472441
0.604321915721, 0.842472430996, 2.01665001488, 0.397096539554, 34.0239096785, 41.3603672336, 2.53514867832, 2.90188710681, 21.6819546872, 192.503305494, 0.563720386307, 0.146341463415
0.604186857607, 0.842472430996, 2.01665001488, 0.397096539554, 35.4141520608, 41.4089215471, 2.56096381295, 3.47123670671, 20.9356020236, 186.032663825, 0.54021171051, 0.138461538462
0.604321915721, 0.842472430996, 2.01665001488, 0.397096539554, 34.0239096785, 41.4120159439, 2.53549027026, 2.9058589281, 21.6819546872, 186.492989459, 0.4971799517, 0.0
0.604186857607, 0.847605058303, 2.01665001488, 0.397096539554, 35.4141520608, 41.6461779557, 2.41143066255, 3.47123670671, 20.9356020236, 181.395473495, 0.564398024368, 0.0179640718563
0.604186857607, 0.847605058303, 2.01665001488, 0.397096539554, 35.4141520608, 41.6461779557, 2.41143066255, 3.47123670671, 20.9356020236, 181.395473495, 0.564398024368, 0.0179640718563
0.604186857607, 0.847605058303, 2.01665001488, 0.397096539554, 35.4141520608, 41.6461779557, 2.41143066255, 3.47123670671, 20.9356020236, 181.395473495, 0.564398024368, 0.0179640718563
0.604186857607, 0.847605058303, 2.01665001488, 0.397096539554, 35.4141520608, 41.6461779557, 2.41143066255, 3.47123670671, 20.9356020236, 181.395473495, 0.564398024368, 0.0179640718563
0.604186857607, 0.847605058303, 2.01665001488, 0.397096539554, 35.4141520608, 41.6461779557, 2.41143066255, 3.47123670671, 20.9356020236, 181.395473495, 0.564398024368, 0.0179640718563
0.604186857607, 0.847605058303, 2.01665001488, 0.397096539554, 35.4141520608, 41.6461779557, 2.41143066255, 3.47123670671, 20.9356020236, 181.395473495, 0.564398024368, 0.0179640718563
0.604186857607, 0.847605058303, 2.01665001488, 0.397096539554, 35.4141520608, 41.6461779557, 2.41143066255, 3.47123670671, 20.9356020236, 181.395473495, 0.564398024368, 0.0179640718563
0.604186857607, 0.847605058303, 2.01665001488, 0.397096539554, 35.4141520608, 41.6461779557, 2.41143066255, 3.47123670671, 20.9356020236, 181.395473495, 0.564398024368, 0.0179640718563
0.604186857607, 0.842472430996, 2.02095948523, 0.397096539554, 35.4141520608, 41.4089215471, 2.56096381295, 3.47123670671, 20.9249420459, 177.00166915, 0.538531191125, 0.00952380952381
0.604186857607, 0.842472430996, 2.02095948523, 0.397096539554, 35.4141520608, 41.4089215471, 2.56096381295, 3.47123670671, 20.9249420459, 177.00166915, 0.538531191125, 0.00952380952381
0.604186857607, 0.842472430996, 2.02095948523, 0.397096539554, 35.4141520608, 41.4089215471, 2.56096381295, 3.47123670671, 20.9249420459, 177.00166915, 0.538531191125, 0.00952380952381
0.604186857607, 0.842472430996, 2.02095948523, 0.397096539554, 35.4141520608, 41.4089215471, 2.56096381295, 3.47123670671, 20.9249420459, 177.00166915, 0.538531191125, 0.00952380952381
0.604186857607, 0.842472430996, 2.02095948523, 0.397096539554, 35.4141520608, 41.4089215471, 2.56096381295, 3.47123670671, 20.9249420459, 177.00166915, 0.538531191125, 0.00952380952381
0.604186857607, 0.842472430996, 2.02095948523, 0.397096539554, 35.4141520608, 41.4089215471, 2.56096381295, 3.47123670671, 20.9249420459, 177.00166915, 0.538531191125, 0.00952380952381
0.604186857607, 0.842472430996, 2.02095948523, 0.397096539554, 35.4141520608, 41.4089215471, 2.56096381295, 3.47123670671, 20.9249420459, 177.00166915, 0.538531191125, 0.00952380952381
0.604186857607, 0.842472430996, 2.02095948523, 0.397096539554, 35.4141520608, 41.4089215471, 2.56096381295, 3.47123670671, 20.9249420459, 177.00166915, 0.538531191125, 0.00952380952381
0.604186857607, 0.842472430996, 2.02095948523, 0.397096539554, 35.4141520608, 41.4089215471, 2.56096381295, 3.47123670671, 20.9249420459, 177.00166915, 0.538531191125, 0.00952380952381
0.604186857607, 0.842472430996, 2.02095948523, 0.397096539554, 35.4141520608, 41.4089215471, 2.56096381295, 3.47123670671, 20.9249420459, 177.00166915, 0.538531191125, 0.00952380952381
0.604186857607, 0.842472430996, 2.02095948523, 0.397096539554, 35.4141520608, 41.4089215471, 2.56096381295, 3.47123670671, 20.9249420459, 177.00166915, 0.538531191125, 0.00952380952381
0.604186857607, 0.842472430996, 2.02095948523, 0.397096539554, 35.4141520608, 41.4089215471, 2.56096381295, 3.47123670671, 20.9249420459, 177.00166915, 0.538531191125, 0.00952380952381
0.604186857607, 0.842472430996, 2.02095948523, 0.397096539554, 35.4141520608, 41.4089215471, 2.56096381295, 3.47123670671, 20.9249420459, 177.00166915, 0.538531191125, 0.00952380952381
0.604186857607, 0.842472430996, 2.02095948523, 0.397096539554, 35.4141520608, 41.4089215471, 2.56096381295, 3.47123670671, 20.9249420459, 177.00166915, 0.538531191125, 0.00952380952381
0.604186857607, 0.842472430996, 2.02095948523, 0.397096539554, 35.4141520608, 41.4089215471, 2.56096381295, 3.47123670671, 20.9249420459, 177.00166915, 0.538531191125, 0.00952380952381
0.622000251364, 0.842472430996, 2.02111490425, 0.397096539554, 33.9887109272, 41.4089215471, 2.55593628391, 3.47123670671, 21.6819546872, 189.888955839, 0.534825129589, 0.484939759036
0.604186857607, 0.889361051221, 2.01665001488, 0.397096539554, 35.4141520608, 41.6294221952, 2.41143066255, 3.47123670671, 21.6115089251, 191.763283466, 0.525106523091, 0.0529801324503
0.604186857607, 0.847605058303, 2.01665001488, 0.397096539554, 35.4141520608, 41.4116746394, 2.41143066255, 3.44162487088, 20.9341590819, 189.785522568, 0.493329029222, 0.0
0.604186857607, 0.847605058303, 2.01665001488, 0.397096539554, 35.4141520608, 41.4116746394, 2.41143066255, 3.44162487088, 20.9341590819, 189.785522568, 0.493329029222, 0.0
0.604186857607, 0.842472430996, 2.02095948523, 0.397096539554, 35.4141520608, 41.4089215471, 2.56096381295, 3.47123670671, 20.9350955626, 191.999700931, 0.544998971665, 0.0621118012422
0.604186857607, 0.842472430996, 2.02095948523, 0.397096539554, 35.4141520608, 41.4089215471, 2.56096381295, 3.47123670671, 20.9249420459, 190.441643928, 0.522081455091, 0.0373831775701
0.604186857607, 0.842472430996, 2.02095948523, 0.397096539554, 35.4141520608, 41.4089215471, 2.56096381295, 3.47123670671, 20.9249420459, 190.441643928, 0.522081455091, 0.0373831775701
0.604186857607, 0.842472430996, 2.02095948523, 0.397096539554, 35.4141520608, 41.4089215471, 2.56096381295, 3.47123670671, 20.9249420459, 190.441643928, 0.522081455091, 0.0373831775701
0.604186857607, 0.842472430996, 2.02095948523, 0.397096539554, 35.4141520608, 41.4089215471, 2.56096381295, 3.47123670671, 20.9249420459, 190.441643928, 0.522081455091, 0.0373831775701
0.604321915721, 0.842472430996, 2.01671489787, 0.413002296344, 34.0239096785, 41.4802566437, 2.5355215248, 2.9058589281, 20.9357935718, 193.53771029, 0.499430986048, 0.0275229357798
0.624180629369, 0.842472430996, 2.0166599786, 0.386318128083, 33.9615195555, 41.4089215471, 2.56096381295, 3.47123670671, 20.9249420459, 176.496606203, 0.533176908932, 0.482288828338
0.624180629369, 0.842472430996, 2.0166599786, 0.386318128083, 33.9615195555, 41.4089215471, 2.56096381295, 3.47123670671, 20.9249420459, 176.496606203, 0.533176908932, 0.482288828338
0.624180629369, 0.842472430996, 2.0166599786, 0.386318128083, 33.9615195555, 41.4089215471, 2.56096381295, 3.47123670671, 20.9249420459, 176.496606203, 0.533176908932, 0.482288828338
0.624180629369, 0.842472430996, 2.0166599786, 0.386318128083, 33.9615195555, 41.4089215471, 2.56096381295, 3.47123670671, 20.9249420459, 176.496606203, 0.533176908932, 0.482288828338
0.624180629369, 0.842472430996, 2.0166599786, 0.386318128083, 33.9615195555, 41.4089215471, 2.56096381295, 3.47123670671, 20.9249420459, 176.496606203, 0.533176908932, 0.482288828338
0.624180629369, 0.842472430996, 2.0166599786, 0.386318128083, 33.9615195555, 41.4089215471, 2.56096381295, 3.47123670671, 20.9249420459, 176.496606203, 0.533176908932, 0.482288828338
0.624180629369, 0.842472430996, 2.0166599786, 0.386318128083, 33.9615195555, 41.4089215471, 2.56096381295, 3.47123670671, 20.9249420459, 176.496606203, 0.533176908932, 0.482288828338
0.624180629369, 0.842472430996, 2.0166599786, 0.386318128083, 33.9615195555, 41.4089215471, 2.56096381295, 3.47123670671, 20.9249420459, 176.496606203, 0.533176908932, 0.482288828338
0.624180629369, 0.842472430996, 2.0166599786, 0.386318128083, 33.9615195555, 41.4089215471, 2.56096381295, 3.47123670671, 20.9249420459, 176.496606203, 0.533176908932, 0.482288828338
0.624180629369, 0.842472430996, 2.0166599786, 0.386318128083, 33.9615195555, 41.4089215471, 2.56096381295, 3.47123670671, 20.9249420459, 176.496606203, 0.533176908932, 0.482288828338
0.624180629369, 0.842472430996, 2.0166599786, 0.386318128083, 33.9615195555, 41.4089215471, 2.56096381295, 3.47123670671, 20.9249420459, 176.496606203, 0.533176908932, 0.482288828338
0.624180629369, 0.842472430996, 2.0166599786, 0.386318128083, 33.9615195555, 41.4089215471, 2.56096381295, 3.47123670671, 20.9249420459, 176.496606203, 0.533176908932, 0.482288828338
0.624180629369, 0.842472430996, 2.0166599786, 0.386318128083, 33.9615195555, 41.4089215471, 2.56096381295, 3.47123670671, 20.9249420459, 176.496606203, 0.533176908932, 0.482288828338
0.624180629369, 0.842472430996, 2.0166599786, 0.386318128083, 33.9615195555, 41.4089215471, 2.56096381295, 3.47123670671, 20.9249420459, 176.496606203, 0.533176908932, 0.482288828338
0.624180629369, 0.842472430996, 2.0166599786, 0.386318128083, 33.9615195555, 41.4089215471, 2.56096381295, 3.47123670671, 20.9249420459, 176.496606203, 0.533176908932, 0.482288828338
0.624180629369, 0.842472430996, 2.0166599786, 0.386318128083, 33.9615195555, 41.4089215471, 2.56096381295, 3.47123670671, 20.9249420459, 176.496606203, 0.533176908932, 0.482288828338
0.624180629369, 0.842472430996, 2.0166599786, 0.386318128083, 33.9615195555, 41.4089215471, 2.56096381295, 3.47123670671, 20.9249420459, 176.496606203, 0.533176908932, 0.482288828338
0.624180629369, 0.842472430996, 2.0166599786, 0.386318128083, 33.9615195555, 41.4089215471, 2.56096381295, 3.47123670671, 20.9249420459, 176.496606203, 0.533176908932, 0.482288828338
0.624180629369, 0.842472430996, 2.0166599786, 0.386318128083, 33.9615195555, 41.4089215471, 2.56096381295, 3.47123670671, 20.9249420459, 176.496606203, 0.533176908932, 0.482288828338
0.624180629369, 0.842472430996, 2.0166599786, 0.386318128083, 33.9615195555, 41.4089215471, 2.56096381295, 3.47123670671, 20.9249420459, 176.496606203, 0.533176908932, 0.482288828338
0.624180629369, 0.842472430996, 2.0166599786, 0.386318128083, 33.9615195555, 41.4089215471, 2.56096381295, 3.47123670671, 20.9249420459, 182.816919689, 0.532006934981, 0.266949152542
0.624180629369, 0.842472430996, 2.0166599786, 0.386318128083, 33.9615195555, 41.4089215471, 2.56096381295, 3.47123670671, 20.9249420459, 182.816919689, 0.532006934981, 0.266949152542
0.624180629369, 0.842472430996, 2.0166599786, 0.386318128083, 33.9615195555, 41.4089215471, 2.56096381295, 3.47123670671, 20.9249420459, 182.816919689, 0.532006934981, 0.266949152542
0.622606738421, 0.842472430996, 2.01665001488, 0.397096539554, 34.0239096785, 41.4089215471, 2.56096381295, 3.47123670671, 21.6819546872, 167.076502491, 0.607630517724, 0.0263157894737
0.622606738421, 0.842472430996, 2.01665001488, 0.397096539554, 34.0239096785, 41.4089215471, 2.56096381295, 3.47123670671, 21.6819546872, 167.076502491, 0.607630517724, 0.0263157894737
0.622606738421, 0.842472430996, 2.01665001488, 0.397096539554, 34.0239096785, 41.4089215471, 2.56096381295, 3.47123670671, 21.6819546872, 167.076502491, 0.607630517724, 0.0263157894737
0.622606738421, 0.842472430996, 2.01665001488, 0.397096539554, 34.0239096785, 41.4089215471, 2.56096381295, 3.47123670671, 21.6819546872, 167.076502491, 0.607630517724, 0.0263157894737
0.622606738421, 0.842472430996, 2.01665001488, 0.397096539554, 34.0239096785, 41.4089215471, 2.56096381295, 3.47123670671, 21.6819546872, 167.076502491, 0.607630517724, 0.0263157894737
0.622606738421, 0.842472430996, 2.01665001488, 0.397096539554, 34.0239096785, 41.4089215471, 2.56096381295, 3.47123670671, 21.6819546872, 167.076502491, 0.607630517724, 0.0263157894737
0.622606738421, 0.842472430996, 2.01665001488, 0.397096539554, 34.0239096785, 41.4089215471, 2.56096381295, 3.47123670671, 21.6819546872, 167.076502491, 0.607630517724, 0.0263157894737
0.622606738421, 0.842472430996, 2.01665001488, 0.397096539554, 34.0239096785, 41.4089215471, 2.56096381295, 3.47123670671, 21.6819546872, 167.076502491, 0.607630517724, 0.0263157894737
0.622606738421, 0.842472430996, 2.01665001488, 0.397096539554, 34.0239096785, 41.4089215471, 2.56096381295, 3.47123670671, 21.6819546872, 167.076502491, 0.607630517724, 0.0263157894737
0.622606738421, 0.842472430996, 2.01665001488, 0.397096539554, 34.0239096785, 41.4089215471, 2.56096381295, 3.47123670671, 21.6819546872, 167.076502491, 0.607630517724, 0.0263157894737
0.622606738421, 0.842472430996, 2.01665001488, 0.397096539554, 34.0239096785, 41.4089215471, 2.56096381295, 3.47123670671, 21.6819546872, 167.076502491, 0.607630517724, 0.0263157894737
0.622606738421, 0.842472430996, 2.01665001488, 0.397096539554, 34.0239096785, 41.4089215471, 2.56096381295, 3.47123670671, 21.6819546872, 167.076502491, 0.607630517724, 0.0263157894737
0.622606738421, 0.842472430996, 2.01665001488, 0.397096539554, 34.0239096785, 41.4089215471, 2.56096381295, 3.47123670671, 21.6819546872, 167.076502491, 0.607630517724, 0.0263157894737
0.622606738421, 0.842472430996, 2.01665001488, 0.397096539554, 34.0239096785, 41.4089215471, 2.56096381295, 3.47123670671, 21.6819546872, 167.076502491, 0.607630517724, 0.0263157894737
0.622606738421, 0.842472430996, 2.01665001488, 0.397096539554, 34.0239096785, 41.4089215471, 2.56096381295, 3.47123670671, 21.6819546872, 167.076502491, 0.607630517724, 0.0263157894737
0.622606738421, 0.842472430996, 2.01665001488, 0.397096539554, 34.0239096785, 41.4089215471, 2.56096381295, 3.47123670671, 21.6819546872, 167.076502491, 0.607630517724, 0.0263157894737
0.622606738421, 0.842472430996, 2.01665001488, 0.397096539554, 34.0239096785, 41.4089215471, 2.56096381295, 3.47123670671, 21.6819546872, 167.076502491, 0.607630517724, 0.0263157894737
0.622606738421, 0.842472430996, 2.01665001488, 0.397096539554, 34.0239096785, 41.4089215471, 2.56096381295, 3.47123670671, 21.6819546872, 167.076502491, 0.607630517724, 0.0263157894737
0.622606738421, 0.842472430996, 2.01665001488, 0.397096539554, 34.0239096785, 41.4089215471, 2.56096381295, 3.47123670671, 21.6819546872, 167.076502491, 0.607630517724, 0.0263157894737
0.622606738421, 0.842472430996, 2.01665001488, 0.397096539554, 34.0239096785, 41.4089215471, 2.56096381295, 3.47123670671, 21.6819546872, 167.076502491, 0.607630517724, 0.0263157894737
0.604186857607, 0.847988762482, 2.02095948523, 0.397096539554, 34.5925309411, 41.6423718697, 2.54621979796, 3.47123670671, 20.9248765798, 182.088397892, 0.610765078183, 0.0
0.604186857607, 0.847988762482, 2.02095948523, 0.397096539554, 34.5925309411, 41.6423718697, 2.54621979796, 3.47123670671, 20.9248765798, 182.088397892, 0.610765078183, 0.0
0.604186857607, 0.847988762482, 2.02095948523, 0.397096539554, 34.5925309411, 41.6423718697, 2.54621979796, 3.47123670671, 20.9248765798, 182.088397892, 0.610765078183, 0.0
0.604186857607, 0.847988762482, 2.02095948523, 0.397096539554, 34.5925309411, 41.6423718697, 2.54621979796, 3.47123670671, 20.9248765798, 182.088397892, 0.610765078183, 0.0
0.604186857607, 0.847988762482, 2.02095948523, 0.397096539554, 34.5925309411, 41.6423718697, 2.54621979796, 3.47123670671, 20.9248765798, 182.088397892, 0.610765078183, 0.0
0.604186857607, 0.847988762482, 2.02095948523, 0.397096539554, 34.5925309411, 41.6423718697, 2.54621979796, 3.47123670671, 20.9248765798, 182.088397892, 0.610765078183, 0.0
0.604186857607, 0.847988762482, 2.02095948523, 0.397096539554, 34.5925309411, 41.6423718697, 2.54621979796, 3.47123670671, 20.9248765798, 182.088397892, 0.610765078183, 0.0
0.624180629369, 0.842472430996, 2.0166599786, 0.386318128083, 34.2409905091, 41.4089215471, 2.56096381295, 3.47123670671, 20.9249420459, 190.951938689, 0.532809217011, 0.114942528736
0.624180629369, 0.842472430996, 2.0166599786, 0.386318128083, 34.2409905091, 41.4089215471, 2.56096381295, 3.47123670671, 20.9249420459, 190.951938689, 0.532809217011, 0.114942528736
0.622606738421, 0.8425724546, 2.01665001488, 0.397106939555, 34.0239096785, 41.4089215471, 2.56096381295, 3.47123670671, 21.6819546872, 195.653659303, 0.524765959112, 0.0
