0.471674862593, 0.918992035075, 2.22094035591, 0.475630078805, 10.2100141863, 6.50009244502, 0.371178139153, 0.523126566552, 13.8335789335, 106.7745745, 0.198949791065, 0.285714285714
0.188884315931, 0.954119496704, 3.690152212, 0.582169546415, 76.2665621695, 6.04641708551, 0.854843326431, 4.07757657289, 34.6570610261, 211.076561355, 4.06712258559e-05, 0.0
0.136548415481, 0.826153424483, 2.15360838818, 0.639765327418, 32.9565328743, 14.4739368747, 0.53207632537, 4.87488496375, 26.5448587178, 116.899759815, 0.0936736243883, 0.294117647059
0.122264425723, 1.19205550055, 2.83563302186, 0.527656508537, 9.84732580543, 40.2458521615, 0.0963252713874, 1.79019818479, 40.1369434114, 97.9564069941, 0.220561796126, 0.0
0.221196749883, 1.11131492396, 3.50184405575, 0.69380792635, 65.6005022889, 1.2270498047, 0.981806504628, 4.90066408133, 10.1248845007, 319.947568174, -2.22044604925e-16, 0.0
0.147185904175, 1.09722661541, 2.1492016091, 0.499706187001, 30.5747252997, 1.2270498047, 0.772944849647, 0.0131479649853, 17.5217458501, 127.956066413, 0.00416958024458, 0.0
0.147185904175, 1.09722661541, 2.1492016091, 0.544917665308, 60.9810413938, 1.2270498047, 0.772944849647, 4.01460298402, 17.5217458501, 80.2000993149, 0.0253142873269, 0.363636363636
0.147185904175, 1.11512702624, 2.1492016091, 0.499706187001, 30.5747252997, 1.2270498047, 0.772944849647, 0.0131479649853, 17.5217458501, 117.273511403, 0.0266524586098, 0.5
0.292600899878, 1.1229147615, 2.1492016091, 0.499706187001, 30.5747252997, 6.50009244502, 0.772944849647, 0.0131479649853, 17.5255640243, 88.6621021995, 0.156072387564, 0.384615384615
0.147185904175, 1.10953091925, 2.1492016091, 0.499706187001, 30.5747252997, 1.2270498047, 0.772944849647, 0.0131479649853, 17.5217458501, 87.4031372755, 0.0271810476798, 0.5
0.805548433166, 0.917883687139, 2.93432084494, 0.639765327418, 54.2957272517, 14.4739368747, 0.243713837469, 2.99647864604, 7.22054158175, 99.0944794944, 0.411117399312, 0.0
0.238668092736, 1.09172990283, 2.15360838818, 0.624623033298, 33.5372153778, 24.6175901703, 0.296637260073, 4.57011901103, 31.0737173035, 110.023626658, 0.301336373586, 0.0
0.471674862593, 0.918992035075, 2.22094035591, 0.475630078805, 10.2100141863, 1.2270498047, 0.371178139153, 0.523126566552, 13.8335789335, 122.789031252, 0.0318888946869, 0.631578947368
0.300747536698, 1.08089250619, 2.22452715964, 0.594657925026, 44.0324591648, 2.39926459996, 0.896694201913, 4.20014532281, 16.5679540651, 123.071986681, 0.0946526844258, 0.452380952381
0.147185904175, 1.11512702624, 2.1492016091, 0.499706187001, 30.5747252997, 45.4980602468, 0.772944849647, 0.0131479649853, 1.64848231322, 117.241156454, 0.216830677647, 0.428571428571
0.147185904175, 1.10953091925, 2.1492016091, 0.499706187001, 30.5747252997, 1.2270498047, 0.772944849647, 0.0131479649853, 17.5217458501, 135.68632198, 0.012837873609, 0.0
0.292600899878, 1.11512702624, 2.1492016091, 0.499706187001, 30.5747252997, 1.2270498047, 0.772944849647, 0.0131479649853, 17.5255640243, 149.134049263, 0.00932084162432, 0.142857142857
0.102946225903, 1.11512702624, 2.1492016091, 0.499706187001, 30.5747252997, 1.2270498047, 0.772944849647, 0.0131479649853, 17.5217458501, 195.73114227, 0.00865164787168, 0.0
0.385025946572, 1.15844243846, 2.83563302186, 0.556679338564, 71.0353493676, 18.4901598067, 0.0963252713874, 4.42859240189, 32.866725956, 131.074179841, 0.249126185317, 0.0
0.791564470782, 0.917883687139, 2.93432084494, 0.639765327418, 54.2957272517, 14.4739368747, 0.243713837469, 2.99647864604, 26.5448587178, 131.637411623, 0.238622883519, 0.1
0.66715657351, 0.870271745708, 2.37086335038, 0.488599126222, 86.6746329463, 40.6456094517, 0.0946068792404, 2.88090419414, 30.0373633121, 115.744951249, 0.544940873371, 0.5
0.221196749883, 1.11131492396, 3.50184405575, 0.682733935347, 65.6005022889, 22.5498013629, 0.981806504628, 4.90066408133, 10.1248845007, 131.970324901, 0.259562857343, 0.125
0.221196749883, 1.11131492396, 3.50184405575, 0.682733935347, 65.6005022889, 22.5498013629, 0.981806504628, 4.90066408133, 10.1248845007, 158.28392017, 0.178622610827, 0.0
0.147185904175, 1.11512702624, 2.1492016091, 0.499706187001, 30.5747252997, 1.2270498047, 0.772944849647, 0.0131479649853, 1.64848231322, 137.118777957, 0.0199841716881, 0.434782608696
0.300747536698, 1.08089250619, 2.76499572685, 0.594657925026, 4.09970967054, 3.70016609779, 0.896694201913, 4.00272733448, 31.6752360726, 154.29096582, 0.0760597377733, 0.125
0.135643688303, 0.865861146455, 2.15360838818, 0.60739128481, 82.6463385232, 2.85518023885, 1.57816042194, 4.92827644409, 3.07805280199, 135.968572386, 0.0350460749036, 0.350877192982
0.237454168473, 0.868039478668, 2.95131503613, 0.6962734027, 82.5571795415, 31.0864422203, 0.53900477823, 4.07347115445, 11.6302245987, 132.230426871, 0.403569154088, 0.266666666667
0.39943018444, 0.871709645623, 2.15360838818, 0.624623033298, 21.7665960106, 6.468585, 1.95794231286, 4.87488496375, 23.8941989171, 176.174433109, 0.141671004205, 0.133333333333
0.147185904175, 1.09722661541, 2.1492016091, 0.499706187001, 30.5747252997, 1.2270498047, 0.772944849647, 0.0131479649853, 17.5217458501, 174.099386407, 0.0227779520225, 0.368421052632
0.147185904175, 1.10953091925, 2.1492016091, 0.499706187001, 30.5747252997, 1.2270498047, 0.772944849647, 0.0131479649853, 17.5217458501, 157.537106299, 0.0188564973182, 0.619047619048
0.147185904175, 1.09722661541, 2.1492016091, 0.499706187001, 60.9810413938, 1.2270498047, 0.772944849647, 4.01460298402, 17.5217458501, 174.631393699, 0.0178250808679, 0.475
0.171809523404, 1.12985189221, 3.93727504438, 0.544917665308, 77.0819676016, 1.25889758589, 0.0167638255586, 4.01460298402, 17.0571876721, 232.566830032, 0.0101616531676, 0.0
0.292600899878, 0.871709645623, 2.15360838818, 0.624623033298, 76.2157698304, 39.0334916826, 1.34855811331, 4.87488496375, 31.0737173035, 156.055492804, 0.297674611286, 0.0
0.791564470782, 0.917883687139, 2.93432084494, 0.639765327418, 54.2957272517, 14.4739368747, 0.243713837469, 1.04101302162, 26.5448587178, 138.155173075, 0.299843852472, 0.0833333333333
0.39943018444, 0.871709645623, 2.15360838818, 0.624623033298, 21.7665960106, 6.468585, 1.95794231286, 4.87488496375, 21.4503671898, 201.927496931, 0.147467168931, 0.0833333333333
0.292600899878, 0.825605312196, 2.15360838818, 0.624623033298, 76.2157698304, 10.1111787508, 1.34855811331, 4.87488496375, 41.0608556955, 204.789519261, 0.15634112655, 0.0
0.171809523404, 1.12985189221, 3.93727504438, 0.544917665308, 30.5747252997, 1.25889758589, 0.0185772683819, 0.0131479649853, 17.0571876721, 159.486813993, 0.0289178757354, 0.380952380952
0.221196749883, 1.19519199738, 2.22094035591, 0.461627972868, 65.6005022889, 1.37564282292, 0.981806504628, 4.90066408133, 16.2600241769, 143.278630083, 0.0631172534129, 0.647058823529
0.39943018444, 0.871709645623, 2.15360838818, 0.624623033298, 21.7665960106, 6.468585, 1.64626321841, 4.87488496375, 23.8941989171, 156.685719684, 0.209482916087, 0.254385964912
0.136548415481, 0.975616132873, 2.15360838818, 0.521082436154, 32.9565328743, 14.4739368747, 0.53207632537, 4.87488496375, 26.5448587178, 160.00466941, 0.093356795099, 0.333333333333
0.364824721067, 1.17989729687, 2.22094035591, 0.689383378469, 44.0324591648, 5.74769919718, 1.89306734295, 0.126844143775, 12.01244589, 201.974801014, 0.163505080457, 0.115384615385
0.521672004858, 0.868039478668, 2.1492016091, 0.464891721871, 82.5571795415, 31.0864422203, 1.21957913828, 2.6147513602, 13.2407072649, 142.516571154, 0.474105485637, 0.0
0.147185904175, 1.11512702624, 2.1492016091, 0.499706187001, 30.5747252997, 1.2270498047, 0.772944849647, 0.0131479649853, 17.5255640243, 188.507595723, 0.024273840235, 0.631578947368
0.226960950595, 1.15245957013, 2.91443769654, 0.430550654347, 60.965791004, 38.6325600838, 0.762406431981, 4.94173439086, 21.4503671898, 131.996679678, 0.360076209826, 0.416666666667
0.147185904175, 1.11993241983, 2.1492016091, 0.499706187001, 30.5747252997, 1.2270498047, 0.772944849647, 0.0131479649853, 17.5217458501, 199.886152882, 0.0221152516679, 0.375
0.221196749883, 0.871709645623, 5.6161374585, 0.424083569523, 65.6005022889, 10.1111787508, 0.408436631057, 4.19751643396, 41.0608556955, 216.473947013, 0.0464609152122, 0.0
0.135643688303, 0.979895182541, 2.13715878379, 0.60739128481, 82.6463385232, 7.73139574825, 1.57816042194, 3.60579850782, 3.07805280199, 155.053962578, 0.0849802719189, 0.481012658228
0.226960950595, 1.15245957013, 2.45885136348, 0.430550654347, 44.3493600892, 10.0906499632, 0.762406431981, 4.94173439086, 21.4503671898, 191.489263164, 0.193061146317, 0.305555555556
0.107377636404, 0.822143596445, 3.61345017176, 0.504089894855, 50.125052287, 21.2693778682, 1.13022709424, 1.59852576739, 19.6249985111, 226.553102297, 0.128576638135, 0.0408163265306
0.471674862593, 0.918992035075, 2.22094035591, 0.461627972868, 10.2100141863, 6.50009244502, 1.89306734295, 0.523126566552, 13.8335789335, 184.979615214, 0.226003626739, 0.283950617284
0.171809523404, 1.12985189221, 3.93727504438, 0.544917665308, 60.9810413938, 1.25889758589, 0.0185772683819, 4.01460298402, 17.0571876721, 270.736471709, 0.0148692093218, 0.0
0.521672004858, 0.972602205291, 2.46130328751, 0.529356342039, 49.2172383749, 22.0337234421, 1.51563192844, 0.314773284678, 18.7524799316, 199.831016205, 0.316618698712, 0.0
0.147185904175, 0.865861146455, 2.15360838818, 0.655651946189, 76.2157698304, 39.0334916826, 1.34855811331, 4.87488496375, 31.0737173035, 198.899371542, 0.336092671462, 0.0
0.521672004858, 0.868039478668, 3.50184405575, 0.487918078974, 82.5571795415, 31.0864422203, 1.21957913828, 2.6147513602, 11.6302245987, 197.749440114, 0.427678889483, 0.0
0.135643688303, 1.03702740968, 8.62223860185, 0.60739128481, 98.0813862221, 7.73139574825, 0.217916775751, 2.25775696908, 3.07805280199, 164.505739089, 0.093881024746, 0.625
0.116291890044, 1.10953091925, 6.85529603088, 0.600099592388, 70.247485571, 2.04015478272, 1.95794231286, 0.913233302428, 26.6235246199, 873.784731401, 0.0132752176849, 0.0
0.300747536698, 1.08089250619, 2.76499572685, 0.594657925026, 4.09970967054, 3.70016609779, 0.896694201913, 4.00272733448, 31.6752360726, 232.750141627, 0.0533117237467, 0.0
0.221196749883, 1.19519199738, 5.6161374585, 0.424083569523, 65.6005022889, 1.37564282292, 0.981806504628, 4.90066408133, 16.2600241769, 287.017134345, 0.0140775068983, 0.272727272727
0.171809523404, 1.12985189221, 3.93727504438, 0.499706187001, 30.5747252997, 1.25889758589, 0.0185772683819, 0.0131479649853, 17.0571876721, 243.865623394, 0.0192065910593, 0.2
0.171809523404, 1.12985189221, 3.86646056053, 0.544917665308, 60.9810413938, 1.25889758589, 0.463699317687, 4.01460298402, 16.0778258377, 313.231966924, 0.0142024351298, 0.176470588235
0.500363556127, 0.972602205291, 3.15894452028, 0.528577673174, 82.122818527, 40.8239121607, 0.761703669177, 4.76530801426, 35.038958924, 203.786342921, 0.457492549652, 0.0
0.188884315931, 0.826153424483, 3.690152212, 0.582169546415, 76.2665621695, 6.04641708551, 0.854843326431, 4.07757657289, 34.6570610261, 178.425848252, 0.181228264978, 0.368421052632
0.66715657351, 0.837217892339, 5.5936207424, 0.685108860192, 42.0668567172, 4.37747432509, 0.47172350316, 4.41117110174, 17.5217458501, 235.82359585, 0.0996821609056, 0.0
0.188884315931, 1.11101335811, 3.690152212, 0.565606888887, 84.7962709863, 6.04641708551, 0.854843326431, 4.21635192577, 41.8963984188, 373.268139012, 0.03617555667, 0.0
0.116291890044, 0.968533765767, 6.85529603088, 0.600099592388, 70.247485571, 2.04015478272, 1.95794231286, 0.913233302428, 28.0109988597, 689.935822082, 0.019208430294, 0.0
0.171809523404, 1.12985189221, 3.93727504438, 0.544917665308, 77.0819676016, 1.25889758589, 0.0185772683819, 4.01460298402, 17.0571876721, 315.236334796, 0.0291730195587, 0.166666666667
0.107377636404, 0.821677568239, 3.61345017176, 0.504089894855, 50.125052287, 21.2693778682, 0.0739843738596, 0.523126566552, 19.6249985111, 166.87437909, 0.235615609328, 0.4
0.116291890044, 1.10953091925, 6.85529603088, 0.600099592388, 70.247485571, 4.37747432509, 1.64626321841, 0.913233302428, 26.6235246199, 905.142165316, 0.029624632709, 0.0
0.151615506476, 1.00433962202, 8.71811468948, 0.446219044632, 51.6868691013, 4.2904583147, 2.74687228394, 1.34989098434, 37.7683899307, 1555.64936904, 0.0291359653052, 0.0
0.186151733171, 1.04776837226, 5.19213182437, 0.610889189012, 42.3002470561, 45.1270530783, 0.987598168077, 3.0897493849, 24.8960014525, 219.75200052, 0.293369160818, 0.0
0.407673892751, 0.94740903974, 9.9116675996, 0.446219044632, 73.9456787066, 1.95547102124, 1.90022320543, 1.54000475682, 43.7567852062, 1010.37196779, 0.0354947153408, 0.0
0.500363556127, 0.89667706257, 3.15894452028, 0.528577673174, 82.122818527, 40.8239121607, 0.761703669177, 4.76530801426, 35.038958924, 171.636309131, 0.479775185021, 0.272727272727
0.516879411994, 1.0998604982, 2.37086335038, 0.488599126222, 86.6746329463, 40.6456094517, 0.0946068792404, 2.88090419414, 30.0373633121, 181.643165739, 0.586746603032, 0.2
0.237454168473, 0.868039478668, 3.50184405575, 0.6962734027, 82.5571795415, 31.0864422203, 0.53900477823, 4.07347115445, 11.6302245987, 222.729149121, 0.294465164356, 0.0
0.135643688303, 0.979895182541, 2.13715878379, 0.60739128481, 82.6463385232, 2.35894567036, 1.57816042194, 3.60579850782, 22.3958563831, 216.836031695, 0.0390936813173, 0.466019417476
0.221196749883, 1.19519199738, 5.6161374585, 0.424083569523, 65.6005022889, 1.37564282292, 0.981806504628, 4.90066408133, 16.2600241769, 499.526963612, 0.019800206786, 0.166666666667
0.188884315931, 1.11101335811, 3.690152212, 0.565606888887, 84.7962709863, 6.04641708551, 0.231147661838, 4.21635192577, 41.8963984188, 375.891509467, 0.0343124270135, 0.142857142857
0.516879411994, 1.0998604982, 2.45885136348, 0.488599126222, 77.4522914332, 40.6456094517, 0.0946068792404, 2.88090419414, 30.0373633121, 163.881864562, 0.514321415492, 0.3
0.64728458992, 0.826153424483, 2.93432084494, 0.441372269278, 32.9565328743, 14.4739368747, 0.53207632537, 2.99647864604, 40.3715561045, 184.030044152, 0.366096358554, 0.294117647059
0.290233930825, 0.837217892339, 5.5936207424, 0.455757134861, 42.0668567172, 1.68532734684, 0.275188738957, 2.14128710829, 22.623102174, 219.021859255, 0.0713000665289, 0.4
0.364824721067, 1.17989729687, 2.22094035591, 0.689383378469, 44.0324591648, 5.74769919718, 1.89306734295, 0.708398013278, 20.099201321, 288.372034654, 0.112246185789, 0.102564102564
0.107377636404, 0.823853916228, 3.61345017176, 0.504089894855, 50.125052287, 21.2693778682, 1.13022709424, 2.85239005257, 19.6249985111, 314.387622181, 0.12628515134, 0.0
0.171809523404, 1.12985189221, 3.93727504438, 0.544917665308, 87.5651304474, 1.25889758589, 0.0185772683819, 4.01460298402, 17.0571876721, 319.190912473, 0.0221741780784, 0.272727272727
0.300747536698, 1.08089250619, 2.76499572685, 0.594657925026, 4.09970967054, 3.70016609779, 0.854843326431, 4.00272733448, 31.6752360726, 234.557601855, 0.112253941804, 0.166666666667
0.355214010436, 1.04343866934, 6.17787073038, 0.517786394139, 41.8370679374, 3.38391638588, 2.01114674078, 1.46449364352, 12.1171333048, 847.8244717, 0.0520091962865, 0.0365853658537
0.135643688303, 0.957812222514, 8.62223860185, 0.60739128481, 80.8145989938, 7.73139574825, 2.02183200894, 2.25775696908, 3.07805280199, 811.076535425, 0.052138200589, 0.0657894736842
0.507794239054, 0.918992035075, 6.2605671671, 0.461627972868, 10.2100141863, 6.50009244502, 0.0739843738596, 0.523126566552, 13.8335789335, 301.222547224, 0.165325921793, 0.0
0.116291890044, 1.12985189221, 6.85529603088, 0.629379361881, 70.247485571, 1.25889758589, 0.0185772683819, 4.01460298402, 17.0571876721, 430.096419031, 0.0194321101602, 0.2
0.226960950595, 1.15245957013, 2.91443769654, 0.430550654347, 44.3493600892, 36.9861698981, 0.762406431981, 4.94173439086, 21.4503671898, 222.757187333, 0.324011749744, 0.0
0.135643688303, 0.957812222514, 8.62223860185, 0.60739128481, 80.8145989938, 7.73139574825, 2.02183200894, 2.25775696908, 3.07805280199, 944.3167532, 0.0473008475699, 0.0224719101124
0.500363556127, 0.89667706257, 3.15894452028, 0.528577673174, 82.122818527, 40.8239121607, 0.225200025669, 4.76530801426, 35.038958924, 196.816239041, 0.691115124071, 0.181818181818
0.441110754656, 1.09062484887, 2.45885136348, 0.585131081792, 77.4522914332, 22.2362791253, 1.26160121236, 0.719845971546, 35.4272837586, 216.686883662, 0.448697499082, 0.0821917808219
0.300747536698, 1.08089250619, 2.3108104275, 0.594657925026, 4.09970967054, 5.93762845303, 2.8272721101, 4.00272733448, 31.6752360726, 340.326637718, 0.112832508907, 0.0872483221477
0.300747536698, 1.08089250619, 2.76499572685, 0.594657925026, 4.09970967054, 5.93762845303, 2.8272721101, 4.00272733448, 31.6752360726, 437.31496147, 0.0735161540777, 0.0
0.135643688303, 0.979895182541, 2.13715878379, 0.60739128481, 82.6463385232, 2.35894567036, 2.09046045743, 3.60579850782, 3.07805280199, 217.704951368, 0.0470949655205, 0.58273381295
0.107377636404, 0.821677568239, 3.61345017176, 0.504089894855, 50.125052287, 21.2693778682, 1.13022709424, 2.85239005257, 19.6249985111, 297.387016412, 0.168127176208, 0.0487804878049
0.262780840217, 0.938119028123, 4.35429779958, 0.459614467166, 25.4930059621, 7.98930268717, 1.72913969435, 3.79341263796, 35.2755401362, 369.89119081, 0.118881001814, 0.0909090909091
0.171809523404, 1.12985189221, 3.93727504438, 0.544917665308, 77.0819676016, 1.25889758589, 0.0185772683819, 4.01460298402, 17.0571876721, 290.3789894, 0.0235956268357, 0.52380952381
0.500363556127, 0.89667706257, 3.15894452028, 0.528577673174, 82.122818527, 40.8239121607, 0.761703669177, 4.76530801426, 35.038958924, 221.253154627, 0.545577417115, 0.0526315789474
0.447567132238, 0.917883687139, 3.80660217672, 0.424926425595, 18.1028372827, 3.06458723364, 3.31878702269, 0.143166601705, 41.1236171547, 691.895917733, 0.0693145140629, 0.00555555555556
