0.232622251122, 0.828412745829, 86.4476771079, 0.582085669216, 1.1149257936, 13.9661649101, 0.382627613423, 1.86342841987, 6.72089134851, 1407.50410008, 0.171266620053, 0.588235294118
0.232622251122, 0.828412745829, 86.4476771079, 0.582085669216, 1.1149257936, 13.9661649101, 0.382627613423, 1.86342841987, 6.72089134851, 1407.50410008, 0.171266620053, 0.588235294118
0.232622251122, 0.828412745829, 87.8545132137, 0.582085669216, 1.1149257936, 13.9661649101, 0.382627613423, 1.86342841987, 6.72089134851, 762.450641105, 0.108300705603, 0.0
0.232622251122, 0.828412745829, 87.8545132137, 0.582085669216, 1.1149257936, 13.9661649101, 0.382627613423, 1.86342841987, 6.72089134851, 762.450641105, 0.108300705603, 0.0
0.232622251122, 0.828412745829, 87.8545132137, 0.582085669216, 1.1149257936, 13.9661649101, 0.382627613423, 1.86342841987, 6.72089134851, 762.450641105, 0.108300705603, 0.0
0.232622251122, 0.828412745829, 87.8545132137, 0.582085669216, 1.1149257936, 13.9661649101, 0.382627613423, 1.86342841987, 6.72089134851, 762.450641105, 0.108300705603, 0.0
0.232622251122, 0.828412745829, 87.8545132137, 0.582085669216, 1.1149257936, 13.9661649101, 0.382627613423, 1.86342841987, 6.72089134851, 762.450641105, 0.108300705603, 0.0
0.232622251122, 0.828412745829, 87.8545132137, 0.582085669216, 1.1149257936, 13.9661649101, 0.382627613423, 1.86342841987, 6.72089134851, 762.450641105, 0.108300705603, 0.0
0.232622251122, 0.828412745829, 87.8545132137, 0.582085669216, 1.1149257936, 13.9661649101, 0.382627613423, 1.86342841987, 6.72089134851, 762.450641105, 0.108300705603, 0.0
0.232622251122, 0.828412745829, 87.8545132137, 0.582085669216, 1.1149257936, 13.9661649101, 0.382627613423, 1.86342841987, 6.72089134851, 762.450641105, 0.108300705603, 0.0
0.232622251122, 0.828412745829, 87.8545132137, 0.582085669216, 1.1149257936, 13.9661649101, 0.382627613423, 1.86342841987, 6.72089134851, 762.450641105, 0.108300705603, 0.0
0.232622251122, 0.828412745829, 87.8545132137, 0.582085669216, 1.1149257936, 13.9661649101, 0.382627613423, 1.86342841987, 6.72089134851, 762.450641105, 0.108300705603, 0.0
0.232622251122, 0.828412745829, 87.8545132137, 0.582085669216, 1.1149257936, 13.9661649101, 0.382627613423, 1.86342841987, 6.72089134851, 762.450641105, 0.108300705603, 0.0
0.232622251122, 0.828412745829, 87.8545132137, 0.582085669216, 1.1149257936, 13.9661649101, 0.382627613423, 1.86342841987, 6.72089134851, 762.450641105, 0.108300705603, 0.0
0.232622251122, 0.828412745829, 87.8545132137, 0.582085669216, 1.1149257936, 13.9661649101, 0.382627613423, 1.86342841987, 6.72089134851, 762.450641105, 0.108300705603, 0.0
0.232622251122, 0.828412745829, 87.8545132137, 0.582085669216, 1.1149257936, 13.9661649101, 0.382627613423, 1.86342841987, 6.72089134851, 762.450641105, 0.108300705603, 0.0
0.232622251122, 0.828412745829, 87.8545132137, 0.582085669216, 1.1149257936, 13.9661649101, 0.382627613423, 1.86342841987, 6.72089134851, 762.450641105, 0.108300705603, 0.0
0.232622251122, 0.828412745829, 87.8545132137, 0.582085669216, 1.1149257936, 13.9661649101, 0.382627613423, 1.86342841987, 6.72089134851, 762.450641105, 0.108300705603, 0.0
0.232622251122, 0.828412745829, 87.8545132137, 0.582085669216, 1.1149257936, 13.9661649101, 0.382627613423, 1.86342841987, 6.72089134851, 762.450641105, 0.108300705603, 0.0
0.232622251122, 0.828412745829, 87.8545132137, 0.582085669216, 1.1149257936, 13.9661649101, 0.382627613423, 1.86342841987, 6.72089134851, 762.450641105, 0.108300705603, 0.0
0.232622251122, 0.828412745829, 87.8545132137, 0.582085669216, 1.1149257936, 13.9661649101, 0.382627613423, 1.86342841987, 6.72089134851, 762.450641105, 0.108300705603, 0.0
0.232622251122, 0.828412745829, 87.8545132137, 0.582085669216, 1.1149257936, 13.9661649101, 0.382627613423, 1.86342841987, 6.72089134851, 762.450641105, 0.108300705603, 0.0
0.259788683612, 0.828412745829, 86.4476771079, 0.582085669216, 1.1149257936, 13.9661649101, 0.382627613423, 1.86342841987, 6.72089134851, 1280.39469897, 0.289266181727, 0.142857142857
0.259788683612, 0.828412745829, 86.4476771079, 0.582085669216, 1.1149257936, 13.9661649101, 0.382627613423, 1.86342841987, 6.72089134851, 1280.39469897, 0.289266181727, 0.142857142857
0.259788683612, 0.828412745829, 86.4476771079, 0.582085669216, 1.1149257936, 13.9661649101, 0.382627613423, 1.86342841987, 6.72089134851, 1280.39469897, 0.289266181727, 0.142857142857
0.259788683612, 0.838561095522, 86.4476771079, 0.582085669216, 1.1149257936, 9.4759361178, 0.382627613423, 2.17299073513, 7.58695201764, 1253.01339434, 0.263181913128, 0.538461538462
0.259788683612, 0.838561095522, 86.4476771079, 0.582085669216, 1.1149257936, 9.4759361178, 0.382627613423, 2.17299073513, 7.58695201764, 1253.01339434, 0.263181913128, 0.538461538462
0.259788683612, 0.838561095522, 86.4476771079, 0.582085669216, 1.1149257936, 9.4759361178, 0.382627613423, 2.17299073513, 7.58695201764, 1253.01339434, 0.263181913128, 0.538461538462
0.259788683612, 0.828412745829, 86.4476771079, 0.582085669216, 1.1149257936, 13.9661649101, 0.382627613423, 1.86342841987, 6.72089134851, 1273.16083061, 0.2947427654, 0.538461538462
0.259788683612, 0.828412745829, 86.4476771079, 0.582085669216, 1.1149257936, 13.9661649101, 0.382627613423, 1.86342841987, 6.72089134851, 1273.16083061, 0.2947427654, 0.538461538462
0.259788683612, 0.828412745829, 86.4476771079, 0.582085669216, 1.1149257936, 13.9661649101, 0.382627613423, 1.86342841987, 6.72089134851, 1273.16083061, 0.2947427654, 0.538461538462
0.259788683612, 0.828412745829, 86.4476771079, 0.582085669216, 1.1149257936, 13.9661649101, 0.382627613423, 1.86342841987, 6.72089134851, 1273.16083061, 0.2947427654, 0.538461538462
0.259788683612, 0.828412745829, 86.4476771079, 0.582085669216, 1.1149257936, 13.9661649101, 0.382627613423, 1.86342841987, 6.72089134851, 1273.16083061, 0.2947427654, 0.538461538462
0.259788683612, 0.828412745829, 86.4476771079, 0.582085669216, 1.1149257936, 13.9661649101, 0.382627613423, 1.86342841987, 6.72089134851, 1273.16083061, 0.2947427654, 0.538461538462
0.259788683612, 0.828412745829, 86.4476771079, 0.582085669216, 1.1149257936, 13.9661649101, 0.382627613423, 1.86342841987, 6.72089134851, 1273.16083061, 0.2947427654, 0.538461538462
0.259788683612, 0.828412745829, 86.4476771079, 0.582085669216, 1.1149257936, 13.9661649101, 0.382627613423, 1.86342841987, 6.72089134851, 1273.16083061, 0.2947427654, 0.538461538462
0.259788683612, 0.828412745829, 86.4476771079, 0.582085669216, 1.1149257936, 13.9661649101, 0.382627613423, 1.86342841987, 6.72089134851, 1273.16083061, 0.2947427654, 0.538461538462
0.232646852669, 0.828412745829, 86.4476771079, 0.583002118811, 1.1149257936, 13.9661649101, 0.382627613423, 1.86342841987, 6.72089134851, 1297.27372513, 0.253750033593, 0.55
0.232646852669, 0.828412745829, 86.4476771079, 0.583002118811, 1.1149257936, 13.9661649101, 0.382627613423, 1.86342841987, 6.72089134851, 1297.27372513, 0.253750033593, 0.55
0.232646852669, 0.828412745829, 86.4476771079, 0.583002118811, 1.1149257936, 13.9661649101, 0.382627613423, 1.86342841987, 6.72089134851, 1297.27372513, 0.253750033593, 0.55
0.232646852669, 0.828412745829, 86.4476771079, 0.583002118811, 1.1149257936, 13.9661649101, 0.382627613423, 1.86342841987, 6.72089134851, 1297.27372513, 0.253750033593, 0.55
0.232622251122, 0.828412745829, 87.8545132137, 0.582085669216, 1.1149257936, 13.9661649101, 0.382627613423, 1.86342841987, 6.72089134851, 1171.16817227, 0.218983342944, 0.529411764706
0.232622251122, 0.828412745829, 87.8545132137, 0.582085669216, 1.1149257936, 13.9661649101, 0.382627613423, 1.86342841987, 6.72089134851, 1171.16817227, 0.218983342944, 0.529411764706
0.232622251122, 0.828412745829, 87.8545132137, 0.582085669216, 1.1149257936, 13.9661649101, 0.382627613423, 1.86342841987, 6.72089134851, 1171.16817227, 0.218983342944, 0.529411764706
0.232622251122, 0.828412745829, 87.8545132137, 0.582085669216, 1.1149257936, 13.9661649101, 0.382627613423, 1.86342841987, 6.72089134851, 1171.16817227, 0.218983342944, 0.529411764706
0.232622251122, 0.828412745829, 87.8545132137, 0.582085669216, 1.1149257936, 13.9661649101, 0.382627613423, 1.86342841987, 6.72089134851, 1171.16817227, 0.218983342944, 0.529411764706
0.232622251122, 0.828412745829, 87.8545132137, 0.582085669216, 1.1149257936, 13.9661649101, 0.382627613423, 1.86342841987, 6.72089134851, 1171.16817227, 0.218983342944, 0.529411764706
0.232622251122, 0.828412745829, 87.8545132137, 0.582085669216, 1.1149257936, 13.9661649101, 0.382627613423, 1.86342841987, 6.72089134851, 1171.16817227, 0.218983342944, 0.529411764706
0.232622251122, 0.828412745829, 87.8545132137, 0.582085669216, 1.1149257936, 13.9661649101, 0.382627613423, 1.86342841987, 6.72089134851, 1171.16817227, 0.218983342944, 0.529411764706
0.232622251122, 0.828412745829, 87.8545132137, 0.582085669216, 1.1149257936, 13.9661649101, 0.382627613423, 1.86342841987, 6.72089134851, 1682.52328975, 0.209685850732, 0.0
0.232622251122, 0.828412745829, 87.8545132137, 0.582085669216, 1.1149257936, 13.9661649101, 0.382627613423, 1.86342841987, 6.72089134851, 1682.52328975, 0.209685850732, 0.0
0.232689841686, 0.828412745829, 86.4476771079, 0.582085669216, 1.1149257936, 13.9661649101, 0.382627613423, 1.86342841987, 6.72089134851, 1882.61423959, 0.0798568242332, 0.466666666667
0.232622251122, 0.828412745829, 87.8545132137, 0.582085669216, 1.1149257936, 13.9661649101, 0.382627613423, 1.86342841987, 6.72089134851, 976.523321108, 0.0383862524792, 0.166666666667
0.232622251122, 0.828412745829, 87.8545132137, 0.582085669216, 1.1149257936, 13.9661649101, 0.382627613423, 1.86342841987, 6.72089134851, 976.523321108, 0.0383862524792, 0.166666666667
0.232622251122, 0.828412745829, 87.8545132137, 0.582085669216, 1.1149257936, 13.9661649101, 0.382627613423, 1.86342841987, 6.72089134851, 976.523321108, 0.0383862524792, 0.166666666667
0.232622251122, 0.828412745829, 87.8545132137, 0.582085669216, 1.1149257936, 13.9661649101, 0.382627613423, 1.86342841987, 6.72089134851, 976.523321108, 0.0383862524792, 0.166666666667
0.232622251122, 0.828412745829, 87.8545132137, 0.582085669216, 1.1149257936, 13.9661649101, 0.382627613423, 1.86342841987, 6.72089134851, 976.523321108, 0.0383862524792, 0.166666666667
0.232622251122, 0.828412745829, 87.8545132137, 0.582085669216, 1.1149257936, 13.9661649101, 0.382627613423, 1.86342841987, 6.72089134851, 976.523321108, 0.0383862524792, 0.166666666667
0.232622251122, 0.828412745829, 87.8545132137, 0.582085669216, 1.1149257936, 13.9661649101, 0.382627613423, 1.86342841987, 6.72089134851, 976.523321108, 0.0383862524792, 0.166666666667
0.232622251122, 0.828412745829, 87.8545132137, 0.582085669216, 1.1149257936, 13.9661649101, 0.382627613423, 1.86342841987, 6.72089134851, 976.523321108, 0.0383862524792, 0.166666666667
0.232622251122, 0.828412745829, 87.8545132137, 0.582085669216, 1.1149257936, 13.9661649101, 0.382627613423, 1.86342841987, 6.72089134851, 976.523321108, 0.0383862524792, 0.166666666667
0.232622251122, 0.828412745829, 87.8545132137, 0.582085669216, 1.1149257936, 13.9661649101, 0.382627613423, 1.86342841987, 6.72089134851, 976.523321108, 0.0383862524792, 0.166666666667
0.232622251122, 0.828412745829, 87.8545132137, 0.582085669216, 1.1149257936, 13.9661649101, 0.382627613423, 1.86342841987, 6.72089134851, 976.523321108, 0.0383862524792, 0.166666666667
0.232622251122, 0.828412745829, 87.8545132137, 0.582085669216, 1.1149257936, 13.9661649101, 0.382627613423, 1.86342841987, 6.72089134851, 976.523321108, 0.0383862524792, 0.166666666667
0.232622251122, 0.828412745829, 87.8545132137, 0.582085669216, 1.1149257936, 13.9661649101, 0.382627613423, 1.86342841987, 6.72089134851, 976.523321108, 0.0383862524792, 0.166666666667
0.232622251122, 0.828412745829, 87.8545132137, 0.582085669216, 1.1149257936, 13.9661649101, 0.382627613423, 1.86342841987, 6.72089134851, 976.523321108, 0.0383862524792, 0.166666666667
0.232622251122, 0.828412745829, 87.8545132137, 0.582085669216, 1.1149257936, 13.9661649101, 0.382627613423, 1.86342841987, 6.72089134851, 976.523321108, 0.0383862524792, 0.166666666667
0.232622251122, 0.828412745829, 87.8545132137, 0.582085669216, 1.1149257936, 13.9661649101, 0.382627613423, 1.86342841987, 6.72089134851, 976.523321108, 0.0383862524792, 0.166666666667
0.232622251122, 0.828412745829, 87.8545132137, 0.582085669216, 1.1149257936, 13.9661649101, 0.382627613423, 1.86342841987, 6.72089134851, 976.523321108, 0.0383862524792, 0.166666666667
0.232622251122, 0.828412745829, 87.8545132137, 0.582085669216, 1.1149257936, 13.9661649101, 0.382627613423, 1.86342841987, 6.72089134851, 976.523321108, 0.0383862524792, 0.166666666667
0.232622251122, 0.828412745829, 87.8545132137, 0.582085669216, 1.1149257936, 13.9661649101, 0.382627613423, 1.86342841987, 6.72089134851, 976.523321108, 0.0383862524792, 0.166666666667
0.232622251122, 0.828412745829, 87.8545132137, 0.582085669216, 1.1149257936, 13.9661649101, 0.382627613423, 1.86342841987, 6.72089134851, 976.523321108, 0.0383862524792, 0.166666666667
0.232622251122, 0.828412745829, 87.8545132137, 0.582085669216, 1.1149257936, 13.9661649101, 0.382627613423, 1.86342841987, 6.72089134851, 1284.43608002, 0.0478584573027, 0.0
0.232622251122, 0.828412745829, 87.8545132137, 0.582085669216, 1.1149257936, 13.9661649101, 0.382627613423, 1.86342841987, 6.72089134851, 1284.43608002, 0.0478584573027, 0.0
0.232622251122, 0.828412745829, 87.8545132137, 0.582085669216, 1.1149257936, 13.9661649101, 0.382627613423, 1.86342841987, 6.72089134851, 1284.43608002, 0.0478584573027, 0.0
0.232622251122, 0.828412745829, 87.8545132137, 0.582085669216, 1.1149257936, 13.9661649101, 0.382627613423, 1.86342841987, 6.72089134851, 1284.43608002, 0.0478584573027, 0.0
0.232622251122, 0.828412745829, 87.8545132137, 0.582085669216, 1.1149257936, 13.9661649101, 0.382627613423, 1.86342841987, 6.72089134851, 1284.43608002, 0.0478584573027, 0.0
0.232622251122, 0.828412745829, 87.8545132137, 0.582085669216, 1.1149257936, 13.9661649101, 0.382627613423, 1.86342841987, 6.72089134851, 1284.43608002, 0.0478584573027, 0.0
0.232646852669, 0.828412745829, 87.8357937656, 0.593275208858, 1.1149257936, 13.9661649101, 0.382627613423, 1.90408754074, 6.49591350735, 1330.77692122, 0.0750735194353, 0.1
0.232622251122, 0.828412745829, 87.8545132137, 0.582085669216, 0.808609575896, 13.9661649101, 0.382627613423, 1.86342841987, 6.72089134851, 1219.08316792, 0.241486287128, 0.666666666667
0.232622251122, 0.828412745829, 87.8545132137, 0.582085669216, 0.808609575896, 13.9661649101, 0.382627613423, 1.86342841987, 6.72089134851, 1219.08316792, 0.241486287128, 0.666666666667
0.232622251122, 0.828412745829, 87.8545132137, 0.582085669216, 0.808609575896, 13.9661649101, 0.382627613423, 1.86342841987, 6.72089134851, 1219.08316792, 0.241486287128, 0.666666666667
0.232622251122, 0.828412745829, 87.8545132137, 0.582085669216, 0.808609575896, 13.9661649101, 0.382627613423, 1.86342841987, 6.72089134851, 1219.08316792, 0.241486287128, 0.666666666667
0.232622251122, 0.828412745829, 87.8545132137, 0.582085669216, 0.808609575896, 13.9661649101, 0.382627613423, 1.86342841987, 6.72089134851, 1219.08316792, 0.241486287128, 0.666666666667
0.232622251122, 0.828412745829, 87.8545132137, 0.582085669216, 0.808609575896, 13.9661649101, 0.382627613423, 1.86342841987, 6.72089134851, 1219.08316792, 0.241486287128, 0.666666666667
0.232622251122, 0.828412745829, 87.8545132137, 0.582085669216, 0.808609575896, 13.9661649101, 0.382627613423, 1.86342841987, 6.72089134851, 1219.08316792, 0.241486287128, 0.666666666667
0.232622251122, 0.828412745829, 87.8545132137, 0.582085669216, 0.808609575896, 13.9661649101, 0.382627613423, 1.86342841987, 6.72089134851, 1219.08316792, 0.241486287128, 0.666666666667
0.232622251122, 0.828412745829, 87.8545132137, 0.582085669216, 0.808609575896, 13.9661649101, 0.382627613423, 1.86342841987, 6.72089134851, 1219.08316792, 0.241486287128, 0.666666666667
0.232622251122, 0.828412745829, 87.8545132137, 0.582085669216, 0.808609575896, 13.9661649101, 0.382627613423, 1.86342841987, 6.72089134851, 1219.08316792, 0.241486287128, 0.666666666667
0.232622251122, 0.828412745829, 87.8545132137, 0.582085669216, 0.808609575896, 13.9661649101, 0.382627613423, 1.86342841987, 6.72089134851, 1219.08316792, 0.241486287128, 0.666666666667
0.232622251122, 0.828412745829, 87.8545132137, 0.582085669216, 0.808609575896, 13.9661649101, 0.382627613423, 1.86342841987, 6.72089134851, 1219.08316792, 0.241486287128, 0.666666666667
0.232622251122, 0.828412745829, 87.8545132137, 0.582085669216, 0.808609575896, 13.9661649101, 0.382627613423, 1.86342841987, 6.72089134851, 1219.08316792, 0.241486287128, 0.666666666667
0.232622251122, 0.828412745829, 87.8545132137, 0.582085669216, 0.808609575896, 13.9661649101, 0.382627613423, 1.86342841987, 6.72089134851, 1219.08316792, 0.241486287128, 0.666666666667
0.232622251122, 0.828412745829, 87.8545132137, 0.582085669216, 0.808609575896, 13.9661649101, 0.382627613423, 1.86342841987, 6.72089134851, 1219.08316792, 0.241486287128, 0.666666666667
0.232622251122, 0.828412745829, 87.8545132137, 0.582085669216, 0.808609575896, 13.9661649101, 0.382627613423, 1.86342841987, 6.72089134851, 1219.08316792, 0.241486287128, 0.666666666667
0.232622251122, 0.828412745829, 87.8545132137, 0.582085669216, 0.808609575896, 13.9661649101, 0.382627613423, 1.86342841987, 6.72089134851, 1219.08316792, 0.241486287128, 0.666666666667
0.232622251122, 0.828412745829, 87.8545132137, 0.582085669216, 0.808609575896, 13.9661649101, 0.382627613423, 1.86342841987, 6.72089134851, 1219.08316792, 0.241486287128, 0.666666666667
0.232622251122, 0.828412745829, 87.8545132137, 0.582085669216, 0.808609575896, 13.9661649101, 0.382627613423, 1.86342841987, 6.72089134851, 1219.08316792, 0.241486287128, 0.666666666667
0.232622251122, 0.828412745829, 87.8545132137, 0.582085669216, 1.1149257936, 13.9661649101, 0.382627613423, 1.86342841987, 6.72089134851, 1726.51082673, 0.182629154743, 0.428571428571
0.218987680139, 0.828412745829, 87.8545132137, 0.582085669216, 1.1149257936, 15.3546926996, 0.382627613423, 1.86342841987, 6.72089134851, 1444.2574644, 0.177385721563, 0.625
