0.232622251122, 0.828412745829, 87.8545132137, 0.582085669216, 1.1149257936, 13.9661649101, 0.382627613423, 1.86342841987, 6.72089134851, 762.450641105, 0.108300705603, 0.0
0.232622251122, 0.828412745829, 87.8545132137, 0.582085669216, 1.1149257936, 13.9661649101, 0.382627613423, 1.86342841987, 6.72089134851, 762.450641105, 0.108300705603, 0.0
0.232622251122, 0.828412745829, 87.8545132137, 0.582085669216, 1.1149257936, 13.9661649101, 0.382627613423, 1.86342841987, 6.72089134851, 762.450641105, 0.108300705603, 0.0
0.232622251122, 0.828412745829, 87.8545132137, 0.582085669216, 1.1149257936, 13.9661649101, 0.382627613423, 1.86342841987, 6.72089134851, 762.450641105, 0.108300705603, 0.0
0.232622251122, 0.828412745829, 87.8545132137, 0.582085669216, 1.1149257936, 13.9661649101, 0.382627613423, 1.86342841987, 6.72089134851, 762.450641105, 0.108300705603, 0.0
0.232622251122, 0.828412745829, 87.8545132137, 0.582085669216, 1.1149257936, 13.9661649101, 0.382627613423, 1.86342841987, 6.72089134851, 762.450641105, 0.108300705603, 0.0
0.232622251122, 0.828412745829, 87.8545132137, 0.582085669216, 1.1149257936, 13.9661649101, 0.382627613423, 1.86342841987, 6.72089134851, 762.450641105, 0.108300705603, 0.0
0.232622251122, 0.828412745829, 87.8545132137, 0.582085669216, 1.1149257936, 13.9661649101, 0.382627613423, 1.86342841987, 6.72089134851, 762.450641105, 0.108300705603, 0.0
0.232622251122, 0.828412745829, 87.8545132137, 0.582085669216, 1.1149257936, 13.9661649101, 0.382627613423, 1.86342841987, 6.72089134851, 762.450641105, 0.108300705603, 0.0
0.232622251122, 0.828412745829, 87.8545132137, 0.582085669216, 1.1149257936, 13.9661649101, 0.382627613423, 1.86342841987, 6.72089134851, 762.450641105, 0.108300705603, 0.0
0.232622251122, 0.828412745829, 87.8545132137, 0.582085669216, 1.1149257936, 13.9661649101, 0.382627613423, 1.86342841987, 6.72089134851, 762.450641105, 0.108300705603, 0.0
0.232622251122, 0.828412745829, 87.8545132137, 0.582085669216, 1.1149257936, 13.9661649101, 0.382627613423, 1.86342841987, 6.72089134851, 762.450641105, 0.108300705603, 0.0
0.232622251122, 0.828412745829, 87.8545132137, 0.582085669216, 1.1149257936, 13.9661649101, 0.382627613423, 1.86342841987, 6.72089134851, 762.450641105, 0.108300705603, 0.0
0.232622251122, 0.828412745829, 87.8545132137, 0.582085669216, 1.1149257936, 13.9661649101, 0.382627613423, 1.86342841987, 6.72089134851, 762.450641105, 0.108300705603, 0.0
0.232622251122, 0.828412745829, 87.8545132137, 0.582085669216, 1.1149257936, 13.9661649101, 0.382627613423, 1.86342841987, 6.72089134851, 762.450641105, 0.108300705603, 0.0
0.232622251122, 0.828412745829, 87.8545132137, 0.582085669216, 1.1149257936, 13.9661649101, 0.382627613423, 1.86342841987, 6.72089134851, 762.450641105, 0.108300705603, 0.0
0.232622251122, 0.828412745829, 87.8545132137, 0.582085669216, 1.1149257936, 13.9661649101, 0.382627613423, 1.86342841987, 6.72089134851, 762.450641105, 0.108300705603, 0.0
0.232622251122, 0.828412745829, 87.8545132137, 0.582085669216, 1.1149257936, 13.9661649101, 0.382627613423, 1.86342841987, 6.72089134851, 762.450641105, 0.108300705603, 0.0
0.232622251122, 0.828412745829, 87.8545132137, 0.582085669216, 1.1149257936, 13.9661649101, 0.382627613423, 1.86342841987, 6.72089134851, 762.450641105, 0.108300705603, 0.0
0.232622251122, 0.828412745829, 87.8545132137, 0.582085669216, 1.1149257936, 13.9661649101, 0.382627613423, 1.86342841987, 6.72089134851, 762.450641105, 0.108300705603, 0.0
0.259788683612, 0.838561095522, 86.4476771079, 0.582085669216, 1.1149257936, 9.4759361178, 0.382627613423, 2.17299073513, 7.58695201764, 1253.01339434, 0.263181913128, 0.538461538462
0.232646852669, 0.828412745829, 86.4476771079, 0.583002118811, 1.1149257936, 13.9661649101, 0.382627613423, 1.86342841987, 6.72089134851, 1297.27372513, 0.253750033593, 0.55
0.232622251122, 0.828412745829, 87.8545132137, 0.582085669216, 1.1149257936, 13.9661649101, 0.382627613423, 1.86342841987, 6.72089134851, 976.523321108, 0.0383862524792, 0.166666666667
0.232622251122, 0.828412745829, 87.8545132137, 0.582085669216, 1.1149257936, 13.9661649101, 0.382627613423, 1.86342841987, 6.72089134851, 976.523321108, 0.0383862524792, 0.166666666667
0.232622251122, 0.828412745829, 87.8545132137, 0.582085669216, 1.1149257936, 13.9661649101, 0.382627613423, 1.86342841987, 6.72089134851, 976.523321108, 0.0383862524792, 0.166666666667
0.232622251122, 0.828412745829, 87.8545132137, 0.582085669216, 1.1149257936, 13.9661649101, 0.382627613423, 1.86342841987, 6.72089134851, 976.523321108, 0.0383862524792, 0.166666666667
0.232622251122, 0.828412745829, 87.8545132137, 0.582085669216, 1.1149257936, 13.9661649101, 0.382627613423, 1.86342841987, 6.72089134851, 976.523321108, 0.0383862524792, 0.166666666667
0.232622251122, 0.828412745829, 87.8545132137, 0.582085669216, 1.1149257936, 13.9661649101, 0.382627613423, 1.86342841987, 6.72089134851, 976.523321108, 0.0383862524792, 0.166666666667
0.232622251122, 0.828412745829, 87.8545132137, 0.582085669216, 1.1149257936, 13.9661649101, 0.382627613423, 1.86342841987, 6.72089134851, 976.523321108, 0.0383862524792, 0.166666666667
0.232622251122, 0.828412745829, 87.8545132137, 0.582085669216, 1.1149257936, 13.9661649101, 0.382627613423, 1.86342841987, 6.72089134851, 976.523321108, 0.0383862524792, 0.166666666667
0.232622251122, 0.828412745829, 87.8545132137, 0.582085669216, 1.1149257936, 13.9661649101, 0.382627613423, 1.86342841987, 6.72089134851, 976.523321108, 0.0383862524792, 0.166666666667
0.232622251122, 0.828412745829, 87.8545132137, 0.582085669216, 1.1149257936, 13.9661649101, 0.382627613423, 1.86342841987, 6.72089134851, 976.523321108, 0.0383862524792, 0.166666666667
0.232622251122, 0.828412745829, 87.8545132137, 0.582085669216, 0.808609575896, 13.9661649101, 0.382627613423, 1.86342841987, 6.72089134851, 1219.08316792, 0.241486287128, 0.666666666667
0.232622251122, 0.828412745829, 87.8545132137, 0.570764764891, 0.808609575896, 13.9661649101, 0.382627613423, 1.86342841987, 6.72089134851, 1207.21351508, 0.231058274093, 0.357142857143
0.232622251122, 0.828412745829, 87.8545132137, 0.570764764891, 0.808609575896, 13.9661649101, 0.382627613423, 1.86342841987, 6.72089134851, 1207.21351508, 0.231058274093, 0.357142857143
0.232622251122, 0.828412745829, 87.8545132137, 0.570764764891, 0.808609575896, 13.9661649101, 0.382627613423, 1.86342841987, 6.72089134851, 1207.21351508, 0.231058274093, 0.357142857143
0.232622251122, 0.828412745829, 87.8545132137, 0.570764764891, 0.808609575896, 13.9661649101, 0.382627613423, 1.86342841987, 6.72089134851, 1207.21351508, 0.231058274093, 0.357142857143
0.232622251122, 0.828412745829, 87.8545132137, 0.582085669216, 1.12891407479, 13.9661649101, 0.382627613423, 1.86342841987, 6.72089134851, 1087.12055696, 0.124760994215, 0.222222222222
0.232622251122, 0.828412745829, 87.8545132137, 0.582085669216, 1.12891407479, 13.9661649101, 0.382627613423, 1.86342841987, 6.72089134851, 1087.12055696, 0.124760994215, 0.222222222222
0.232622251122, 0.828412745829, 87.8545132137, 0.582085669216, 1.12891407479, 13.9661649101, 0.382627613423, 1.86342841987, 6.72089134851, 1087.12055696, 0.124760994215, 0.222222222222
0.232622251122, 0.828412745829, 87.8545132137, 0.582085669216, 1.1149257936, 13.9661649101, 0.382627613423, 1.86342841987, 6.72089134851, 967.72581371, 0.332807807591, 0.533333333333
0.232622251122, 0.828412745829, 87.8545132137, 0.582085669216, 1.1149257936, 13.9661649101, 0.382627613423, 1.86342841987, 6.72089134851, 967.72581371, 0.332807807591, 0.533333333333
0.232622251122, 0.828412745829, 87.8545132137, 0.582085669216, 1.1149257936, 13.9661649101, 0.382627613423, 1.86342841987, 6.72089134851, 967.72581371, 0.332807807591, 0.533333333333
0.232622251122, 0.828412745829, 87.8545132137, 0.582085669216, 1.1149257936, 13.9661649101, 0.382627613423, 1.86342841987, 6.72089134851, 967.72581371, 0.332807807591, 0.533333333333
0.232622251122, 0.828412745829, 87.8545132137, 0.582085669216, 1.1149257936, 13.9661649101, 0.382627613423, 1.86342841987, 6.72089134851, 967.72581371, 0.332807807591, 0.533333333333
0.232622251122, 0.828412745829, 87.8545132137, 0.582085669216, 1.1149257936, 13.9661649101, 0.382627613423, 1.86342841987, 6.72089134851, 967.72581371, 0.332807807591, 0.533333333333
0.232622251122, 0.828412745829, 87.8545132137, 0.582085669216, 1.1149257936, 13.9661649101, 0.382627613423, 1.86342841987, 6.72089134851, 967.72581371, 0.332807807591, 0.533333333333
0.232622251122, 0.828412745829, 87.8545132137, 0.582085669216, 1.1149257936, 13.9661649101, 0.382627613423, 1.86342841987, 6.72089134851, 967.72581371, 0.332807807591, 0.533333333333
0.232622251122, 0.828412745829, 87.8545132137, 0.582085669216, 1.1149257936, 13.9661649101, 0.382627613423, 1.86342841987, 6.72089134851, 967.72581371, 0.332807807591, 0.533333333333
0.232622251122, 0.828412745829, 87.8545132137, 0.582085669216, 1.1149257936, 13.9661649101, 0.382627613423, 1.86342841987, 6.72089134851, 967.72581371, 0.332807807591, 0.533333333333
0.232622251122, 0.828412745829, 87.8545132137, 0.582085669216, 1.1149257936, 13.9661649101, 0.382627613423, 1.86342841987, 6.72089134851, 967.72581371, 0.332807807591, 0.533333333333
0.232622251122, 0.828412745829, 87.8545132137, 0.582085669216, 1.1149257936, 13.9661649101, 0.382627613423, 1.86342841987, 6.72089134851, 967.72581371, 0.332807807591, 0.533333333333
0.232622251122, 0.828412745829, 87.8545132137, 0.582085669216, 1.1149257936, 13.9661649101, 0.382627613423, 1.86342841987, 6.72089134851, 967.72581371, 0.332807807591, 0.533333333333
0.232622251122, 0.828412745829, 87.8545132137, 0.582085669216, 1.1149257936, 13.9661649101, 0.382627613423, 1.86342841987, 6.72089134851, 967.72581371, 0.332807807591, 0.533333333333
0.232622251122, 0.828412745829, 87.8545132137, 0.582085669216, 1.1149257936, 13.9661649101, 0.382627613423, 1.86342841987, 6.72089134851, 967.72581371, 0.332807807591, 0.533333333333
0.232622251122, 0.828412745829, 87.8545132137, 0.582085669216, 1.1149257936, 13.9661649101, 0.382627613423, 1.86342841987, 6.72089134851, 967.72581371, 0.332807807591, 0.533333333333
0.232622251122, 0.828412745829, 87.8545132137, 0.582085669216, 1.1149257936, 13.9661649101, 0.382627613423, 1.86342841987, 6.72089134851, 967.72581371, 0.332807807591, 0.533333333333
0.232622251122, 0.828412745829, 87.8545132137, 0.582085669216, 1.1149257936, 13.9661649101, 0.382627613423, 1.86342841987, 6.72089134851, 967.72581371, 0.332807807591, 0.533333333333
0.232622251122, 0.828412745829, 87.8545132137, 0.582085669216, 1.1149257936, 13.9661649101, 0.382627613423, 1.86342841987, 6.72089134851, 967.72581371, 0.332807807591, 0.533333333333
0.232622251122, 0.828412745829, 87.8545132137, 0.582085669216, 1.1149257936, 13.9661649101, 0.382627613423, 1.86342841987, 6.72089134851, 967.72581371, 0.332807807591, 0.533333333333
0.232622251122, 0.828412745829, 87.8545132137, 0.582085669216, 1.1149257936, 13.9661649101, 0.382627613423, 1.86342841987, 6.72089134851, 1046.90338029, 0.220764638403, 0.0
0.232622251122, 0.828412745829, 87.8545132137, 0.582085669216, 1.1149257936, 13.9661649101, 0.382627613423, 1.86342841987, 6.72089134851, 1046.90338029, 0.220764638403, 0.0
0.232622251122, 0.828412745829, 87.8545132137, 0.582085669216, 0.80594636227, 13.9661649101, 0.382627613423, 1.86342841987, 6.72089134851, 967.72581371, 0.0473684945065, 0.285714285714
0.232622251122, 0.828412745829, 87.8545132137, 0.582085669216, 0.80594636227, 13.9661649101, 0.382627613423, 1.86342841987, 6.72089134851, 967.72581371, 0.0473684945065, 0.285714285714
0.232622251122, 0.828412745829, 87.8545132137, 0.582085669216, 0.80594636227, 13.9661649101, 0.382627613423, 1.86342841987, 6.72089134851, 967.72581371, 0.0473684945065, 0.285714285714
0.232622251122, 0.828412745829, 87.369222339, 0.582085669216, 1.1149257936, 13.9661649101, 0.382627613423, 1.86342841987, 6.72089134851, 1061.81425812, 0.206628343761, 0.333333333333
0.232622251122, 0.828412745829, 88.9318318258, 0.582085669216, 1.1149257936, 13.9661649101, 0.382627613423, 1.86342841987, 6.72089134851, 770.187837656, 0.239061790908, 0.333333333333
0.232622251122, 0.828412745829, 88.9318318258, 0.582085669216, 1.1149257936, 13.9661649101, 0.382627613423, 1.86342841987, 6.72089134851, 770.187837656, 0.239061790908, 0.333333333333
0.232622251122, 0.828412745829, 88.9318318258, 0.582085669216, 1.1149257936, 13.9661649101, 0.382627613423, 1.86342841987, 6.72089134851, 770.187837656, 0.239061790908, 0.333333333333
0.232622251122, 0.828412745829, 88.9318318258, 0.582085669216, 1.1149257936, 13.9661649101, 0.382627613423, 1.86342841987, 6.72089134851, 770.187837656, 0.239061790908, 0.333333333333
0.232622251122, 0.828412745829, 88.9318318258, 0.582085669216, 1.1149257936, 13.9661649101, 0.382627613423, 1.86342841987, 6.72089134851, 770.187837656, 0.239061790908, 0.333333333333
0.232622251122, 0.828412745829, 88.9318318258, 0.582085669216, 1.1149257936, 13.9661649101, 0.382627613423, 1.86342841987, 6.72089134851, 770.187837656, 0.239061790908, 0.333333333333
0.232622251122, 0.828412745829, 88.9318318258, 0.582085669216, 1.1149257936, 13.9661649101, 0.382627613423, 1.86342841987, 6.72089134851, 770.187837656, 0.239061790908, 0.333333333333
0.232622251122, 0.828412745829, 88.9318318258, 0.582085669216, 1.1149257936, 13.9661649101, 0.382627613423, 1.86342841987, 6.72089134851, 770.187837656, 0.239061790908, 0.333333333333
0.232622251122, 0.828412745829, 88.9318318258, 0.582085669216, 1.1149257936, 13.9661649101, 0.382627613423, 1.86342841987, 6.72089134851, 770.187837656, 0.239061790908, 0.333333333333
0.232622251122, 0.828412745829, 88.9318318258, 0.582085669216, 1.1149257936, 13.9661649101, 0.382627613423, 1.86342841987, 6.72089134851, 770.187837656, 0.239061790908, 0.333333333333
0.232622251122, 0.828412745829, 88.9318318258, 0.582085669216, 1.1149257936, 13.9661649101, 0.382627613423, 1.86342841987, 6.72089134851, 770.187837656, 0.239061790908, 0.333333333333
0.232622251122, 0.828412745829, 88.9318318258, 0.582085669216, 1.1149257936, 13.9661649101, 0.382627613423, 1.86342841987, 6.72089134851, 770.187837656, 0.239061790908, 0.333333333333
0.232622251122, 0.828412745829, 88.9318318258, 0.582085669216, 1.1149257936, 13.9661649101, 0.382627613423, 1.86342841987, 6.72089134851, 770.187837656, 0.239061790908, 0.333333333333
0.232622251122, 0.828412745829, 88.9318318258, 0.582085669216, 1.1149257936, 13.9661649101, 0.382627613423, 1.86342841987, 6.72089134851, 770.187837656, 0.239061790908, 0.333333333333
0.232622251122, 0.828412745829, 88.9318318258, 0.582085669216, 1.1149257936, 13.9661649101, 0.382627613423, 1.86342841987, 6.72089134851, 770.187837656, 0.239061790908, 0.333333333333
0.232622251122, 0.828412745829, 88.9318318258, 0.582085669216, 1.1149257936, 13.9661649101, 0.382627613423, 1.86342841987, 6.72089134851, 770.187837656, 0.239061790908, 0.333333333333
0.232622251122, 0.828412745829, 88.9318318258, 0.582085669216, 1.1149257936, 13.9661649101, 0.382627613423, 1.86342841987, 6.72089134851, 770.187837656, 0.239061790908, 0.333333333333
0.232622251122, 0.828412745829, 88.9318318258, 0.582085669216, 1.1149257936, 13.9661649101, 0.382627613423, 1.86342841987, 6.72089134851, 770.187837656, 0.239061790908, 0.333333333333
0.232622251122, 0.828412745829, 88.9318318258, 0.582085669216, 1.1149257936, 13.9661649101, 0.382627613423, 1.86342841987, 6.72089134851, 770.187837656, 0.239061790908, 0.333333333333
0.232622251122, 0.828412745829, 88.9318318258, 0.582085669216, 1.1149257936, 13.9661649101, 0.382627613423, 1.86342841987, 6.72089134851, 770.187837656, 0.239061790908, 0.333333333333
0.232622251122, 0.828412745829, 87.8545132137, 0.582085669216, 1.1149257936, 13.9661649101, 0.382627613423, 1.86342841987, 6.72089134851, 1063.03214385, 0.307688988797, 0.6
0.232622251122, 0.828412745829, 87.8545132137, 0.582085669216, 1.1149257936, 13.9661649101, 0.382627613423, 1.53914237142, 6.72089134851, 989.719582204, 0.139334185615, 0.333333333333
0.232622251122, 0.828412745829, 87.8545132137, 0.582085669216, 1.1149257936, 13.9661649101, 0.382627613423, 1.53914237142, 6.72089134851, 989.719582204, 0.139334185615, 0.333333333333
0.232622251122, 0.828412745829, 87.8545132137, 0.582085669216, 1.1149257936, 13.9661649101, 0.382627613423, 1.53914237142, 6.72089134851, 989.719582204, 0.139334185615, 0.333333333333
0.232622251122, 0.828412745829, 87.8545132137, 0.582085669216, 1.1149257936, 13.9661649101, 0.382627613423, 1.53914237142, 6.72089134851, 989.719582204, 0.139334185615, 0.333333333333
0.232622251122, 0.828412745829, 87.8545132137, 0.582085669216, 1.1149257936, 13.9661649101, 0.382627613423, 1.53914237142, 6.72089134851, 989.719582204, 0.139334185615, 0.333333333333
0.232622251122, 0.828412745829, 87.8545132137, 0.582085669216, 1.1149257936, 13.9661649101, 0.382627613423, 1.53914237142, 6.72089134851, 989.719582204, 0.139334185615, 0.333333333333
0.232622251122, 0.828412745829, 87.8545132137, 0.582085669216, 1.1149257936, 13.9661649101, 0.382627613423, 1.53914237142, 6.72089134851, 989.719582204, 0.139334185615, 0.333333333333
0.232622251122, 0.828412745829, 87.8545132137, 0.582085669216, 1.1149257936, 13.9661649101, 0.382627613423, 1.53914237142, 6.72089134851, 989.719582204, 0.139334185615, 0.333333333333
0.232622251122, 0.828412745829, 87.8545132137, 0.582085669216, 1.1149257936, 13.9661649101, 0.382627613423, 1.53914237142, 6.72089134851, 989.719582204, 0.139334185615, 0.333333333333
0.232622251122, 0.828412745829, 87.8545132137, 0.582085669216, 1.1149257936, 13.9661649101, 0.382627613423, 1.53914237142, 6.72089134851, 989.719582204, 0.139334185615, 0.333333333333
0.232622251122, 0.828412745829, 87.8545132137, 0.582085669216, 1.1149257936, 13.9661649101, 0.382627613423, 1.53914237142, 6.72089134851, 989.719582204, 0.139334185615, 0.333333333333
0.232622251122, 0.828412745829, 88.9318318258, 0.582085669216, 1.1149257936, 13.9661649101, 0.600401957597, 1.86342841987, 7.09682219937, 1174.89462761, 0.0201345931661, 0.0
0.232622251122, 0.828412745829, 88.9318318258, 0.582085669216, 1.1149257936, 13.9661649101, 0.600401957597, 1.86342841987, 7.09682219937, 1174.89462761, 0.0201345931661, 0.0
