0.0, 0.0, 1.0, 2.0, 2.0, 0.0, 3.0, 0.0, 3.0, 1.0, 2.0, 1.0, 0.0, 1.0, -1.0, 2.0, 1.0, 0.0, 0.0, 2.0, 1.0, 3.0, 1.0, 2.0, 1.0, -1.0, 1.0, 0.0, 3.0, -1.0, -1.0, -1.0, 2.0, 0.0, 1.0, 2.0, -1.0, 0.0, 1.0, 2.0, 2.0, 2.0, 2.0, 3.0, 1.0, 0.0, 1.0, 3.0, 0.0, 2.0, 95560.0, 620.0, 99403.0
-1.0, -1.0, -1.0, 2.0, 1.0, 2.0, -1.0, -1.0, -1.0, 3.0, 3.0, 3.0, 0.0, 3.0, 1.0, 0.0, 1.0, 3.0, 1.0, 0.0, 0.0, 0.0, 2.0, 2.0, 2.0, -1.0, 0.0, 3.0, 3.0, 0.0, -1.0, 2.0, -1.0, 0.0, 3.0, 0.0, 1.0, -1.0, 0.0, -1.0, 0.0, 1.0, -1.0, 1.0, 0.0, 0.0, 3.0, 3.0, 1.0, 2.0, 96223.0, 546.0, 99487.0
1.0, 3.0, -1.0, 2.0, 2.0, 2.0, -1.0, 2.0, 0.0, 1.0, 0.0, 1.0, 2.0, 0.0, 3.0, 0.0, 1.0, 0.0, -1.0, 1.0, -1.0, 1.0, 0.0, 0.0, 1.0, 3.0, 0.0, -1.0, 0.0, -1.0, 1.0, 2.0, 1.0, 1.0, 1.0, 3.0, 0.0, 1.0, -1.0, 1.0, -1.0, 2.0, 2.0, 1.0, 0.0, 1.0, 0.0, 2.0, 2.0, 2.0, 95582.0, 606.0, 99438.0
-1.0, 0.0, 1.0, 2.0, 2.0, -1.0, -1.0, 2.0, -1.0, 0.0, 0.0, 1.0, 1.0, -1.0, -1.0, -1.0, -1.0, 2.0, 0.0, 2.0, -1.0, 2.0, 2.0, 0.0, 1.0, 2.0, -1.0, 2.0, 1.0, 2.0, 3.0, 0.0, 1.0, 1.0, -1.0, 0.0, -1.0, 0.0, 1.0, 3.0, 1.0, 0.0, 2.0, 1.0, 0.0, -1.0, 2.0, 3.0, 1.0, 2.0, 96073.0, 523.0, 99496.0
0.0, -1.0, 2.0, 0.0, 2.0, 0.0, -1.0, 2.0, -1.0, 0.0, 0.0, -1.0, 1.0, 0.0, 2.0, 1.0, 3.0, 3.0, 1.0, 1.0, 1.0, 1.0, 3.0, 2.0, 0.0, 0.0, 2.0, 2.0, 1.0, 3.0, 2.0, 2.0, 3.0, 0.0, 3.0, -1.0, -1.0, 3.0, 1.0, -1.0, 0.0, 1.0, 1.0, 1.0, 2.0, 2.0, -1.0, 1.0, 1.0, 3.0, 95746.0, 604.0, 99428.0
-1.0, 0.0, 1.0, -1.0, 2.0, -1.0, -1.0, 2.0, -1.0, 0.0, 0.0, 1.0, 1.0, -1.0, -1.0, -1.0, -1.0, 2.0, 0.0, 2.0, -1.0, 2.0, 2.0, 0.0, 1.0, 2.0, -1.0, 2.0, 1.0, 2.0, 3.0, -1.0, 1.0, 1.0, -1.0, 0.0, -1.0, 0.0, 1.0, 3.0, 1.0, 0.0, 2.0, 1.0, 0.0, -1.0, 2.0, 3.0, 1.0, 2.0, 96257.0, 489.0, 99521.0
0.0, 1.0, 0.0, 1.0, 1.0, 0.0, 0.0, 2.0, 1.0, 2.0, 1.0, 0.0, 3.0, 0.0, -1.0, 1.0, 1.0, 1.0, 3.0, 0.0, 2.0, 3.0, 3.0, 3.0, 2.0, 2.0, 0.0, 1.0, 3.0, -1.0, 3.0, 3.0, 0.0, 0.0, 0.0, 3.0, -1.0, 2.0, 1.0, 2.0, 1.0, 1.0, 3.0, 2.0, -1.0, 0.0, 2.0, 0.0, 2.0, 1.0, 95433.0, 653.0, 99384.0
-1.0, 1.0, 3.0, 2.0, -1.0, 1.0, 2.0, 1.0, 0.0, 2.0, 1.0, -1.0, 1.0, 2.0, 2.0, 1.0, 0.0, 0.0, 0.0, -1.0, 0.0, 2.0, 1.0, 1.0, 1.0, 0.0, 1.0, 0.0, -1.0, 0.0, 1.0, -1.0, 3.0, 2.0, 2.0, 2.0, -1.0, 2.0, 0.0, 1.0, 1.0, 0.0, 0.0, 3.0, 0.0, 0.0, 0.0, 2.0, 2.0, 2.0, 95581.0, 615.0, 99431.0
1.0, -1.0, 3.0, -1.0, 1.0, 3.0, -1.0, -1.0, -1.0, 1.0, 0.0, 2.0, 2.0, 0.0, 1.0, 2.0, 2.0, 2.0, 1.0, 2.0, 1.0, 1.0, 0.0, 1.0, 0.0, 1.0, 0.0, -1.0, 0.0, 2.0, 0.0, 0.0, 3.0, 2.0, 0.0, 2.0, 1.0, 3.0, 2.0, 0.0, 0.0, -1.0, 2.0, -1.0, 1.0, 0.0, -1.0, 0.0, 2.0, 0.0, 95568.0, 587.0, 99444.0
2.0, -1.0, 1.0, 2.0, 2.0, -1.0, -1.0, 2.0, 3.0, 0.0, 0.0, 1.0, 3.0, 0.0, -1.0, 0.0, 1.0, 3.0, -1.0, 2.0, 1.0, -1.0, 0.0, 1.0, 3.0, 0.0, 1.0, 1.0, 3.0, 1.0, 0.0, 0.0, 2.0, 1.0, 2.0, 0.0, 2.0, -1.0, 3.0, 2.0, 0.0, 0.0, 0.0, 2.0, 0.0, -1.0, 2.0, 2.0, 3.0, 1.0, 95750.0, 598.0, 99439.0
-1.0, -1.0, -1.0, 2.0, 1.0, 2.0, -1.0, -1.0, -1.0, 3.0, 3.0, 3.0, 0.0, 3.0, 1.0, 0.0, 1.0, 3.0, 1.0, 0.0, -1.0, 0.0, 2.0, 2.0, 2.0, 2.0, 0.0, 3.0, 3.0, 0.0, -1.0, 2.0, -1.0, 0.0, 3.0, 0.0, 1.0, -1.0, 0.0, -1.0, 0.0, 1.0, -1.0, 1.0, 0.0, 0.0, 3.0, 3.0, 1.0, 2.0, 96184.0, 550.0, 99482.0
0.0, 0.0, 1.0, 2.0, 2.0, 0.0, 2.0, 0.0, 3.0, 1.0, 2.0, 1.0, 3.0, 1.0, -1.0, 2.0, 1.0, 0.0, 0.0, 2.0, 1.0, 3.0, 1.0, 2.0, 1.0, -1.0, 1.0, 0.0, 3.0, -1.0, -1.0, -1.0, 2.0, 0.0, 1.0, -1.0, -1.0, 0.0, 1.0, 2.0, 2.0, 2.0, 2.0, 3.0, 1.0, 0.0, 1.0, 3.0, 0.0, 2.0, 95714.0, 606.0, 99414.0
-1.0, -1.0, -1.0, 2.0, 1.0, 2.0, -1.0, -1.0, -1.0, 3.0, 3.0, 3.0, 0.0, 3.0, 1.0, 0.0, 1.0, 3.0, 1.0, 0.0, 0.0, 0.0, 2.0, 2.0, 2.0, -1.0, 0.0, 3.0, 3.0, 0.0, -1.0, 2.0, -1.0, 0.0, 3.0, 0.0, 1.0, -1.0, 0.0, -1.0, 0.0, 1.0, -1.0, 1.0, 0.0, 0.0, 3.0, 3.0, 1.0, 2.0, 96223.0, 546.0, 99487.0
1.0, -1.0, 3.0, -1.0, 1.0, 3.0, -1.0, -1.0, -1.0, 1.0, 0.0, 2.0, 2.0, 0.0, 1.0, 2.0, 2.0, 2.0, 1.0, -1.0, 1.0, 1.0, 0.0, 1.0, 0.0, 1.0, 0.0, -1.0, 0.0, 2.0, 0.0, -1.0, 3.0, 2.0, 0.0, 2.0, 1.0, 2.0, 2.0, 0.0, 0.0, -1.0, 2.0, -1.0, 1.0, 0.0, -1.0, 0.0, 2.0, 0.0, 95727.0, 555.0, 99469.0
-1.0, 0.0, 1.0, 2.0, 2.0, -1.0, -1.0, 2.0, -1.0, 0.0, 0.0, 1.0, 1.0, -1.0, -1.0, -1.0, -1.0, 2.0, 0.0, 2.0, -1.0, 2.0, 2.0, 0.0, 1.0, 2.0, -1.0, 2.0, 1.0, 2.0, 3.0, 0.0, 1.0, 1.0, -1.0, 0.0, -1.0, 0.0, 1.0, 3.0, 1.0, 0.0, 2.0, 1.0, 0.0, -1.0, 2.0, 3.0, 1.0, 2.0, 96073.0, 523.0, 99496.0
-1.0, -1.0, -1.0, 2.0, 1.0, 2.0, -1.0, -1.0, -1.0, 3.0, 3.0, 3.0, 0.0, 3.0, 1.0, 0.0, 1.0, 3.0, 1.0, 0.0, -1.0, 0.0, 2.0, 2.0, 2.0, 2.0, 0.0, 3.0, 3.0, 0.0, -1.0, 2.0, -1.0, 0.0, 3.0, 0.0, 1.0, -1.0, 0.0, -1.0, 0.0, 1.0, -1.0, 1.0, 0.0, 0.0, 3.0, 3.0, 1.0, 2.0, 96184.0, 550.0, 99482.0
1.0, -1.0, 3.0, -1.0, 1.0, 3.0, -1.0, -1.0, -1.0, 1.0, 0.0, 2.0, 1.0, 0.0, 1.0, 2.0, 2.0, 2.0, 1.0, -1.0, 1.0, 1.0, 0.0, 1.0, 0.0, 1.0, 0.0, -1.0, 0.0, 2.0, 0.0, 0.0, 3.0, 2.0, 0.0, 2.0, 1.0, 3.0, 2.0, 0.0, 0.0, -1.0, 2.0, -1.0, 1.0, 0.0, -1.0, 0.0, 2.0, 0.0, 95612.0, 574.0, 99456.0
3.0, 3.0, 2.0, 1.0, -1.0, -1.0, 3.0, 1.0, 0.0, 1.0, 0.0, 0.0, 0.0, 0.0, 2.0, 3.0, 2.0, 0.0, 0.0, 2.0, 3.0, 1.0, 3.0, 2.0, 1.0, 3.0, 2.0, 0.0, 2.0, 0.0, 2.0, 3.0, 2.0, 0.0, 3.0, 2.0, 1.0, 1.0, 1.0, 1.0, 1.0, 2.0, 1.0, 1.0, 2.0, 3.0, 0.0, 0.0, 3.0, 1.0, 95379.0, 681.0, 99371.0
0.0, -1.0, -1.0, 2.0, 1.0, 2.0, -1.0, -1.0, -1.0, 3.0, 3.0, 3.0, 0.0, 3.0, 1.0, 0.0, 1.0, 3.0, 1.0, 0.0, -1.0, 0.0, 2.0, 2.0, 2.0, 2.0, 0.0, 3.0, 3.0, 0.0, -1.0, 2.0, -1.0, 0.0, 3.0, 0.0, 1.0, -1.0, 0.0, -1.0, 0.0, 1.0, -1.0, 1.0, 0.0, 0.0, 3.0, 3.0, 1.0, 2.0, 96037.0, 561.0, 99465.0
-1.0, 0.0, 1.0, 2.0, 2.0, -1.0, -1.0, 2.0, -1.0, 0.0, 0.0, 1.0, 1.0, -1.0, -1.0, -1.0, -1.0, 2.0, 0.0, 2.0, -1.0, 2.0, 2.0, 0.0, 1.0, 2.0, -1.0, 2.0, 1.0, 2.0, 3.0, 0.0, 1.0, 1.0, -1.0, 0.0, -1.0, 0.0, 1.0, 3.0, 1.0, 0.0, 2.0, 1.0, 0.0, -1.0, 2.0, 3.0, 1.0, 2.0, 96073.0, 523.0, 99496.0
2.0, -1.0, 0.0, 1.0, 0.0, -1.0, 2.0, 0.0, 0.0, -1.0, 0.0, 2.0, 1.0, 2.0, 1.0, 1.0, 0.0, 3.0, 3.0, -1.0, 2.0, 0.0, 2.0, 2.0, 1.0, 2.0, -1.0, 1.0, 1.0, 3.0, 0.0, 2.0, 3.0, 2.0, 2.0, 0.0, -1.0, 1.0, 1.0, 0.0, 2.0, 1.0, 1.0, 2.0, 0.0, 3.0, 0.0, 0.0, 1.0, 2.0, 95529.0, 616.0, 99420.0
0.0, -1.0, 2.0, 0.0, 2.0, 0.0, -1.0, 2.0, -1.0, 0.0, 0.0, -1.0, 1.0, 0.0, 2.0, 1.0, 3.0, 3.0, 1.0, 1.0, 1.0, 1.0, 3.0, 2.0, 0.0, 0.0, 2.0, 2.0, 1.0, 3.0, 2.0, 2.0, 3.0, 0.0, 3.0, 2.0, -1.0, 3.0, 1.0, -1.0, 0.0, 1.0, 1.0, 1.0, 2.0, 2.0, -1.0, 1.0, 1.0, 3.0, 95666.0, 618.0, 99417.0
-1.0, 0.0, 1.0, -1.0, 2.0, -1.0, -1.0, -1.0, -1.0, 0.0, 0.0, 1.0, 1.0, -1.0, -1.0, -1.0, -1.0, 2.0, 0.0, 2.0, -1.0, 2.0, 2.0, 0.0, 1.0, 2.0, -1.0, 2.0, 1.0, 2.0, 3.0, -1.0, 1.0, 1.0, -1.0, 0.0, -1.0, 0.0, 1.0, 3.0, 1.0, 0.0, 2.0, 1.0, 0.0, -1.0, 2.0, 3.0, 1.0, 2.0, 96311.0, 475.0, 99530.0
-1.0, -1.0, -1.0, 2.0, 1.0, 2.0, -1.0, 2.0, -1.0, 3.0, 3.0, 3.0, 0.0, 3.0, 1.0, 0.0, 1.0, 3.0, 1.0, 0.0, -1.0, 0.0, 2.0, 2.0, 2.0, -1.0, 0.0, 3.0, 3.0, 0.0, -1.0, 2.0, -1.0, 0.0, 3.0, 0.0, 1.0, -1.0, 0.0, -1.0, 0.0, 1.0, -1.0, 1.0, 0.0, 0.0, 3.0, 3.0, 1.0, 2.0, 96201.0, 549.0, 99484.0
0.0, 1.0, 0.0, 1.0, 1.0, 0.0, 0.0, 2.0, 1.0, 2.0, 1.0, 0.0, 3.0, 0.0, -1.0, 1.0, 1.0, 1.0, 3.0, 0.0, 2.0, 3.0, 3.0, 3.0, 2.0, 2.0, 0.0, 1.0, 3.0, -1.0, 3.0, 3.0, 0.0, 0.0, 0.0, 3.0, -1.0, 2.0, 1.0, 2.0, 1.0, 1.0, 3.0, 2.0, -1.0, 0.0, 2.0, 0.0, 2.0, 1.0, 95433.0, 653.0, 99384.0
1.0, -1.0, 3.0, -1.0, 1.0, 3.0, -1.0, -1.0, -1.0, 1.0, 0.0, 2.0, 2.0, 0.0, 1.0, 2.0, 2.0, 2.0, 1.0, 2.0, 1.0, 1.0, 0.0, 1.0, 0.0, 1.0, 0.0, -1.0, 0.0, 2.0, 0.0, 0.0, 3.0, 2.0, 0.0, 2.0, 1.0, 3.0, 2.0, 0.0, 0.0, -1.0, 2.0, -1.0, 1.0, 0.0, -1.0, 0.0, 2.0, 0.0, 95568.0, 587.0, 99444.0
2.0, -1.0, 1.0, 2.0, 2.0, -1.0, -1.0, 2.0, 3.0, 0.0, 0.0, 1.0, 3.0, 0.0, -1.0, 0.0, 1.0, 3.0, -1.0, 2.0, 1.0, -1.0, 0.0, 1.0, 3.0, 0.0, 1.0, 1.0, 3.0, 1.0, 0.0, 0.0, 2.0, 1.0, 2.0, 0.0, 2.0, -1.0, 3.0, 2.0, 0.0, 0.0, 0.0, 2.0, 0.0, -1.0, 2.0, 2.0, 3.0, 1.0, 95750.0, 598.0, 99439.0
0.0, 0.0, 1.0, 2.0, 2.0, 0.0, 2.0, 0.0, 3.0, 1.0, 2.0, 1.0, 3.0, 1.0, -1.0, 2.0, 1.0, 0.0, 0.0, 2.0, 1.0, 3.0, 1.0, 2.0, 1.0, -1.0, 1.0, 0.0, 3.0, -1.0, -1.0, -1.0, 2.0, 0.0, 1.0, -1.0, -1.0, 0.0, 1.0, 2.0, 2.0, 2.0, 2.0, 3.0, 1.0, 0.0, 1.0, 3.0, 0.0, 2.0, 95714.0, 606.0, 99414.0
-1.0, -1.0, -1.0, 2.0, 1.0, 2.0, -1.0, -1.0, -1.0, 3.0, 3.0, 3.0, 0.0, 3.0, 1.0, 0.0, 1.0, 3.0, 1.0, 0.0, 0.0, 0.0, 2.0, 2.0, 2.0, -1.0, 0.0, 3.0, 3.0, 0.0, -1.0, 2.0, -1.0, 0.0, 3.0, 0.0, 1.0, -1.0, 0.0, -1.0, 0.0, 1.0, -1.0, 1.0, 0.0, 0.0, 3.0, 3.0, 1.0, 2.0, 96223.0, 546.0, 99487.0
1.0, -1.0, 3.0, -1.0, 1.0, 3.0, -1.0, -1.0, -1.0, 1.0, 0.0, 2.0, 2.0, 0.0, 1.0, 2.0, 2.0, 2.0, 1.0, -1.0, 1.0, 1.0, 0.0, 1.0, 0.0, 1.0, 0.0, -1.0, 0.0, 2.0, 0.0, -1.0, 3.0, 2.0, 0.0, 2.0, 1.0, 2.0, 2.0, 0.0, 0.0, -1.0, 2.0, -1.0, 1.0, 0.0, -1.0, 0.0, 2.0, 0.0, 95727.0, 555.0, 99469.0
-1.0, 0.0, 1.0, 2.0, 2.0, -1.0, -1.0, 2.0, -1.0, 0.0, 0.0, 1.0, 1.0, -1.0, -1.0, -1.0, -1.0, 2.0, 0.0, 2.0, -1.0, 2.0, 2.0, 0.0, 1.0, 2.0, -1.0, 2.0, 1.0, 2.0, 3.0, 0.0, 1.0, 1.0, -1.0, 0.0, -1.0, 0.0, 1.0, 3.0, 1.0, 0.0, 2.0, 1.0, 0.0, -1.0, 2.0, 3.0, 1.0, 2.0, 96073.0, 523.0, 99496.0
-1.0, -1.0, -1.0, 2.0, 1.0, 2.0, -1.0, -1.0, -1.0, 3.0, 3.0, 3.0, 0.0, 3.0, 1.0, 0.0, 1.0, 3.0, 1.0, 0.0, -1.0, 0.0, 2.0, 2.0, 2.0, 2.0, 0.0, 3.0, 3.0, 0.0, -1.0, 2.0, -1.0, 0.0, 3.0, 0.0, 1.0, -1.0, 0.0, -1.0, 0.0, 1.0, -1.0, 1.0, 0.0, 0.0, 3.0, 3.0, 1.0, 2.0, 96184.0, 550.0, 99482.0
-1.0, -1.0, -1.0, 2.0, 1.0, 2.0, -1.0, -1.0, -1.0, 3.0, 3.0, 3.0, 0.0, 3.0, 1.0, 0.0, 1.0, 3.0, 1.0, 0.0, -1.0, 0.0, 2.0, 2.0, 2.0, 2.0, 0.0, 3.0, 3.0, 0.0, -1.0, 2.0, -1.0, 0.0, 3.0, 0.0, 1.0, -1.0, 0.0, -1.0, 0.0, 1.0, -1.0, 1.0, 0.0, 0.0, 3.0, 3.0, 1.0, 2.0, 96184.0, 550.0, 99482.0
3.0, -1.0, 0.0, 0.0, 0.0, 0.0, -1.0, 3.0, 1.0, -1.0, 1.0, 0.0, 2.0, 2.0, -1.0, 2.0, 1.0, 0.0, 0.0, 2.0, 3.0, 1.0, 2.0, 2.0, 2.0, 1.0, 1.0, 1.0, 1.0, 1.0, 2.0, -1.0, 1.0, 2.0, 2.0, 0.0, -1.0, 1.0, 0.0, -1.0, -1.0, -1.0, 1.0, 3.0, 2.0, -1.0, -1.0, -1.0, 1.0, 3.0, 96009.0, 551.0, 99480.0
0.0, 0.0, 1.0, 2.0, 2.0, 0.0, 3.0, 0.0, 3.0, 1.0, 2.0, 1.0, 0.0, 1.0, -1.0, 2.0, 1.0, 0.0, 0.0, 2.0, 1.0, 3.0, 1.0, 2.0, 1.0, -1.0, 1.0, 0.0, 3.0, -1.0, -1.0, -1.0, 2.0, 0.0, 1.0, 2.0, -1.0, 0.0, 1.0, 2.0, 2.0, 2.0, 2.0, 3.0, 1.0, 0.0, 1.0, 3.0, 0.0, 2.0, 95560.0, 620.0, 99403.0
-1.0, -1.0, -1.0, 2.0, 1.0, 2.0, -1.0, -1.0, -1.0, 3.0, 3.0, 3.0, 0.0, 3.0, 1.0, 0.0, 1.0, 3.0, 1.0, 0.0, 0.0, 0.0, 2.0, 2.0, 2.0, -1.0, 0.0, 3.0, 3.0, 0.0, -1.0, 2.0, -1.0, 0.0, 3.0, 0.0, 1.0, -1.0, 0.0, -1.0, 0.0, 1.0, -1.0, 1.0, 0.0, 0.0, 3.0, 3.0, 1.0, 2.0, 96223.0, 546.0, 99487.0
1.0, 3.0, -1.0, 2.0, 2.0, 2.0, -1.0, 2.0, 0.0, 1.0, 0.0, 1.0, 2.0, 0.0, 3.0, 0.0, 1.0, 0.0, -1.0, 1.0, -1.0, 1.0, 0.0, 0.0, 1.0, 3.0, 0.0, -1.0, 0.0, -1.0, 1.0, 2.0, 1.0, 1.0, 1.0, 3.0, 0.0, 1.0, -1.0, 1.0, -1.0, 2.0, 2.0, 1.0, 0.0, 1.0, 0.0, 2.0, 2.0, 2.0, 95582.0, 606.0, 99438.0
-1.0, 0.0, 1.0, 2.0, 2.0, -1.0, -1.0, 2.0, -1.0, 0.0, 0.0, 1.0, 1.0, -1.0, -1.0, -1.0, -1.0, 2.0, 0.0, 2.0, -1.0, 2.0, 2.0, 0.0, 1.0, 2.0, -1.0, 2.0, 1.0, 2.0, 3.0, 0.0, 1.0, 1.0, -1.0, 0.0, -1.0, 0.0, 1.0, 3.0, 1.0, 0.0, 2.0, 1.0, 0.0, -1.0, 2.0, 3.0, 1.0, 2.0, 96073.0, 523.0, 99496.0
0.0, -1.0, 2.0, 0.0, 2.0, 0.0, -1.0, 2.0, -1.0, 0.0, 0.0, -1.0, 1.0, 0.0, 2.0, 1.0, 3.0, 3.0, 1.0, 1.0, 1.0, 1.0, 3.0, 2.0, 0.0, 0.0, 2.0, 2.0, 1.0, 3.0, 2.0, 2.0, 3.0, 0.0, 3.0, -1.0, -1.0, 3.0, 1.0, -1.0, 0.0, 1.0, 1.0, 1.0, 2.0, 2.0, -1.0, 1.0, 1.0, 3.0, 95746.0, 604.0, 99428.0
-1.0, 0.0, 1.0, -1.0, 2.0, -1.0, -1.0, 2.0, -1.0, 0.0, 0.0, 1.0, 1.0, -1.0, -1.0, -1.0, -1.0, 2.0, 0.0, 2.0, -1.0, 2.0, 2.0, 0.0, 1.0, 2.0, -1.0, 2.0, 1.0, 2.0, 3.0, -1.0, 1.0, 1.0, -1.0, 0.0, -1.0, 0.0, 1.0, 3.0, 1.0, 0.0, 2.0, 1.0, 0.0, -1.0, 2.0, 3.0, 1.0, 2.0, 96257.0, 489.0, 99521.0
0.0, 1.0, 0.0, 1.0, 1.0, 0.0, 0.0, 2.0, 1.0, 2.0, 1.0, 0.0, 3.0, 0.0, -1.0, 1.0, 1.0, 1.0, 3.0, 0.0, 2.0, 3.0, 3.0, 3.0, 2.0, 2.0, 0.0, 1.0, 3.0, -1.0, 3.0, 3.0, 0.0, 0.0, 0.0, 3.0, -1.0, 2.0, 1.0, 2.0, 1.0, 1.0, 3.0, 2.0, -1.0, 0.0, 2.0, 0.0, 2.0, 1.0, 95433.0, 653.0, 99384.0
1.0, -1.0, 3.0, -1.0, 1.0, 3.0, -1.0, -1.0, -1.0, 1.0, 0.0, -1.0, 2.0, 0.0, 1.0, 2.0, 2.0, 2.0, 1.0, 2.0, 1.0, 1.0, 0.0, 1.0, 0.0, 1.0, 0.0, -1.0, 0.0, 2.0, 0.0, 0.0, 3.0, 2.0, 0.0, 2.0, 1.0, 3.0, 2.0, 0.0, 0.0, -1.0, 2.0, -1.0, 1.0, 0.0, -1.0, 0.0, 2.0, 0.0, 95617.0, 576.0, 99455.0
2.0, -1.0, 1.0, 2.0, 2.0, -1.0, -1.0, 2.0, 3.0, 0.0, 0.0, 1.0, 3.0, 0.0, -1.0, 0.0, 1.0, 3.0, -1.0, 2.0, 1.0, -1.0, 0.0, 1.0, 3.0, 0.0, 1.0, 1.0, 3.0, 1.0, 0.0, 0.0, 2.0, 1.0, 2.0, 0.0, 2.0, -1.0, 3.0, 2.0, 0.0, 0.0, 0.0, 2.0, 0.0, -1.0, 2.0, 2.0, 3.0, 1.0, 95750.0, 598.0, 99439.0
-1.0, -1.0, -1.0, 2.0, 1.0, 2.0, -1.0, -1.0, -1.0, 3.0, 3.0, 3.0, 0.0, 3.0, 1.0, 0.0, 1.0, 3.0, 1.0, 0.0, -1.0, 0.0, 2.0, 2.0, 2.0, 2.0, 0.0, 3.0, 3.0, 0.0, -1.0, 2.0, -1.0, 0.0, 3.0, 0.0, 1.0, -1.0, 0.0, -1.0, 0.0, 1.0, -1.0, 1.0, 0.0, 0.0, 3.0, 3.0, 1.0, 2.0, 96184.0, 550.0, 99482.0
0.0, 0.0, 1.0, 2.0, 2.0, 0.0, 2.0, 0.0, 3.0, 1.0, 2.0, 1.0, 3.0, 1.0, -1.0, 2.0, 1.0, 0.0, 0.0, 2.0, 1.0, 3.0, 1.0, 2.0, 1.0, -1.0, 1.0, 0.0, 3.0, -1.0, -1.0, -1.0, 2.0, 0.0, 1.0, -1.0, -1.0, 0.0, 1.0, 2.0, 2.0, 2.0, 2.0, 3.0, 1.0, 0.0, 1.0, 3.0, 0.0, 2.0, 95714.0, 606.0, 99414.0
-1.0, 0.0, 1.0, 2.0, 2.0, -1.0, -1.0, 2.0, -1.0, 0.0, 0.0, 1.0, 1.0, -1.0, -1.0, -1.0, 1.0, 2.0, 0.0, 2.0, -1.0, 2.0, 2.0, 0.0, 1.0, 2.0, -1.0, 2.0, 1.0, 2.0, 3.0, 0.0, 1.0, 1.0, -1.0, 0.0, 1.0, 0.0, 1.0, 3.0, 1.0, 0.0, 2.0, 1.0, 0.0, -1.0, 2.0, 3.0, 1.0, 2.0, 95889.0, 554.0, 99473.0
-1.0, -1.0, -1.0, 2.0, 1.0, 2.0, -1.0, -1.0, -1.0, 3.0, 3.0, 3.0, 0.0, 3.0, 1.0, 0.0, -1.0, 3.0, 1.0, 0.0, -1.0, 0.0, 2.0, 2.0, 2.0, 2.0, 0.0, 3.0, 3.0, 0.0, -1.0, 2.0, -1.0, 0.0, 3.0, 0.0, -1.0, -1.0, 0.0, -1.0, 0.0, 1.0, -1.0, 1.0, 0.0, 0.0, 3.0, 3.0, 1.0, 2.0, 96368.0, 519.0, 99505.0
1.0, -1.0, 3.0, -1.0, 1.0, 3.0, -1.0, -1.0, -1.0, 1.0, 0.0, 2.0, 1.0, 0.0, 1.0, 2.0, 2.0, 2.0, 1.0, -1.0, 1.0, 1.0, 0.0, 1.0, 0.0, 1.0, 0.0, -1.0, 0.0, 2.0, 0.0, 0.0, 3.0, 2.0, 0.0, 2.0, 1.0, 3.0, 2.0, 0.0, 0.0, -1.0, 2.0, -1.0, 1.0, 0.0, -1.0, 0.0, 2.0, 0.0, 95612.0, 574.0, 99456.0
3.0, 3.0, 2.0, 1.0, -1.0, -1.0, 3.0, 1.0, 0.0, 1.0, 0.0, 0.0, 0.0, 0.0, 2.0, 3.0, 2.0, 0.0, 0.0, 2.0, 3.0, 1.0, 3.0, 2.0, 1.0, 3.0, 2.0, 0.0, 2.0, 0.0, 2.0, 3.0, 2.0, 0.0, 3.0, 2.0, 1.0, 1.0, 1.0, 1.0, 1.0, 2.0, 1.0, 1.0, 2.0, 3.0, 0.0, 0.0, 3.0, 1.0, 95379.0, 681.0, 99371.0
0.0, 3.0, 2.0, 0.0, 2.0, 1.0, 1.0, 0.0, 1.0, 2.0, 2.0, 2.0, 0.0, 2.0, -1.0, 1.0, 1.0, 3.0, 2.0, -1.0, 2.0, 3.0, 1.0, 2.0, 1.0, 3.0, 3.0, 0.0, 1.0, 3.0, -1.0, 3.0, 3.0, 0.0, 1.0, 2.0, 0.0, 3.0, 2.0, 2.0, 0.0, 3.0, 2.0, 1.0, 0.0, 3.0, 0.0, 1.0, 1.0, 0.0, 95562.0, 671.0, 99373.0
-1.0, 0.0, 1.0, 2.0, 2.0, -1.0, -1.0, 2.0, -1.0, 0.0, 0.0, 1.0, 1.0, -1.0, -1.0, -1.0, -1.0, 2.0, 0.0, 2.0, -1.0, 2.0, 2.0, 0.0, 1.0, 2.0, -1.0, 2.0, 1.0, 2.0, 3.0, -1.0, 1.0, 1.0, -1.0, 0.0, -1.0, 0.0, 1.0, 1.0, 1.0, 0.0, 2.0, 1.0, 0.0, -1.0, 2.0, 3.0, 1.0, 2.0, 96140.0, 504.0, 99509.0
2.0, -1.0, 0.0, 1.0, 0.0, -1.0, 2.0, 0.0, 0.0, -1.0, 0.0, 2.0, 1.0, 2.0, 1.0, 1.0, 0.0, 3.0, 3.0, -1.0, 2.0, 0.0, 2.0, 2.0, 1.0, 2.0, -1.0, 1.0, 1.0, 3.0, 0.0, 2.0, 3.0, 2.0, 2.0, 0.0, -1.0, 1.0, 1.0, 0.0, 2.0, 1.0, 1.0, 2.0, 0.0, 3.0, 0.0, 0.0, 1.0, 2.0, 95529.0, 616.0, 99420.0
0.0, -1.0, 2.0, 0.0, 2.0, 0.0, -1.0, 2.0, -1.0, 0.0, 0.0, -1.0, 1.0, 0.0, 2.0, 1.0, 3.0, 3.0, 1.0, 1.0, 1.0, 1.0, 3.0, 2.0, 0.0, 0.0, 2.0, 2.0, 1.0, 3.0, 2.0, 2.0, 3.0, 0.0, 3.0, 2.0, -1.0, 3.0, 1.0, -1.0, 0.0, 1.0, 1.0, 1.0, 2.0, 2.0, -1.0, 1.0, 1.0, 3.0, 95666.0, 618.0, 99417.0
-1.0, 0.0, 1.0, -1.0, 2.0, -1.0, -1.0, -1.0, -1.0, 0.0, 0.0, 1.0, 1.0, -1.0, -1.0, -1.0, -1.0, 2.0, 0.0, 2.0, -1.0, 2.0, 2.0, 0.0, 1.0, 2.0, -1.0, 2.0, 1.0, 2.0, 3.0, -1.0, 1.0, 1.0, -1.0, 0.0, -1.0, 0.0, 1.0, 3.0, 1.0, 0.0, 2.0, 1.0, 0.0, -1.0, 2.0, 3.0, 1.0, 2.0, 96311.0, 475.0, 99530.0
-1.0, -1.0, -1.0, 2.0, 1.0, 2.0, -1.0, 2.0, -1.0, 3.0, 3.0, 3.0, 0.0, 3.0, 1.0, 0.0, 1.0, 3.0, 1.0, 0.0, -1.0, 0.0, 2.0, 2.0, 2.0, -1.0, 0.0, 3.0, 3.0, 0.0, -1.0, 2.0, -1.0, 0.0, 3.0, 0.0, 1.0, -1.0, 0.0, -1.0, 0.0, 1.0, -1.0, 1.0, 0.0, 0.0, 3.0, 3.0, 1.0, 2.0, 96201.0, 549.0, 99484.0
0.0, 1.0, 0.0, 1.0, 1.0, 0.0, 0.0, 2.0, 1.0, 2.0, 1.0, 0.0, 3.0, 0.0, -1.0, 1.0, 1.0, 1.0, 3.0, 0.0, 2.0, 3.0, 3.0, 3.0, 2.0, 2.0, 0.0, 1.0, 3.0, -1.0, 3.0, 3.0, 0.0, 0.0, 0.0, 3.0, -1.0, 2.0, 1.0, 2.0, 1.0, 1.0, 3.0, 2.0, -1.0, 0.0, 2.0, 0.0, 2.0, 1.0, 95433.0, 653.0, 99384.0
1.0, -1.0, 3.0, -1.0, 1.0, 3.0, -1.0, -1.0, -1.0, 1.0, 0.0, 2.0, 2.0, 0.0, 1.0, 2.0, 2.0, 2.0, 1.0, 2.0, 1.0, 1.0, 0.0, 1.0, 0.0, 1.0, 0.0, -1.0, 0.0, 2.0, 0.0, 0.0, 3.0, 2.0, 0.0, 2.0, 1.0, 3.0, 2.0, 0.0, 0.0, -1.0, 2.0, -1.0, 1.0, 0.0, -1.0, 0.0, 2.0, 0.0, 95568.0, 587.0, 99444.0
2.0, -1.0, 1.0, 2.0, 2.0, -1.0, -1.0, 2.0, 3.0, 0.0, 0.0, 1.0, 3.0, 0.0, -1.0, 0.0, 1.0, 3.0, -1.0, 2.0, 1.0, -1.0, 0.0, 1.0, 3.0, 0.0, 1.0, 1.0, 3.0, 1.0, 0.0, 0.0, 2.0, 1.0, 2.0, 0.0, 2.0, -1.0, 3.0, 2.0, 0.0, 0.0, 0.0, 2.0, 0.0, -1.0, 2.0, 2.0, 3.0, 1.0, 95750.0, 598.0, 99439.0
0.0, -1.0, 0.0, 0.0, 0.0, 0.0, -1.0, 3.0, -1.0, -1.0, 1.0, 0.0, 2.0, -1.0, 1.0, 2.0, 0.0, 0.0, 0.0, 2.0, 3.0, 1.0, 2.0, 2.0, 2.0, 1.0, 1.0, 1.0, 1.0, 1.0, 2.0, -1.0, 1.0, 2.0, 2.0, 0.0, -1.0, 1.0, 0.0, -1.0, -1.0, -1.0, 1.0, 1.0, 2.0, -1.0, -1.0, -1.0, 1.0, 3.0, 95990.0, 534.0, 99501.0
0.0, 0.0, 1.0, 2.0, 2.0, 0.0, 2.0, 0.0, 3.0, 1.0, 2.0, 1.0, 3.0, 1.0, -1.0, 2.0, 1.0, 0.0, 0.0, 2.0, 1.0, 3.0, 1.0, 2.0, 1.0, -1.0, 1.0, 0.0, 3.0, -1.0, -1.0, -1.0, 2.0, 0.0, 1.0, -1.0, -1.0, 0.0, 1.0, 2.0, 2.0, 2.0, 2.0, 3.0, 1.0, 0.0, 1.0, 3.0, 0.0, 2.0, 95714.0, 606.0, 99414.0
-1.0, -1.0, -1.0, 2.0, 1.0, 2.0, -1.0, -1.0, -1.0, 3.0, 3.0, 3.0, 0.0, 3.0, 1.0, 0.0, 1.0, 3.0, 1.0, 0.0, 0.0, 0.0, 2.0, 2.0, 2.0, -1.0, 0.0, 3.0, 3.0, 0.0, -1.0, 2.0, -1.0, 0.0, 3.0, 0.0, 1.0, -1.0, 0.0, -1.0, 0.0, 1.0, -1.0, 1.0, 0.0, 0.0, 3.0, 3.0, 1.0, 2.0, 96223.0, 546.0, 99487.0
1.0, -1.0, 3.0, -1.0, 1.0, 2.0, -1.0, -1.0, -1.0, 1.0, 0.0, 2.0, 2.0, 0.0, 1.0, 2.0, 2.0, 2.0, 1.0, -1.0, 1.0, -1.0, 0.0, 1.0, 0.0, 1.0, 0.0, -1.0, 0.0, 2.0, 0.0, -1.0, 3.0, 2.0, 3.0, 2.0, 1.0, 2.0, 2.0, 0.0, 0.0, -1.0, 0.0, -1.0, 1.0, 0.0, -1.0, 0.0, 2.0, 0.0, 95900.0, 542.0, 99488.0
-1.0, 0.0, 1.0, 2.0, 2.0, -1.0, -1.0, 2.0, -1.0, 0.0, 0.0, 1.0, 1.0, -1.0, -1.0, -1.0, -1.0, 2.0, 0.0, 2.0, -1.0, 2.0, 2.0, 0.0, 1.0, 2.0, -1.0, 2.0, 1.0, 2.0, 3.0, 0.0, 1.0, 1.0, -1.0, 0.0, -1.0, 0.0, 1.0, 3.0, 1.0, 0.0, 2.0, 1.0, 0.0, 0.0, 2.0, 3.0, 1.0, 2.0, 96010.0, 534.0, 99488.0
-1.0, -1.0, -1.0, 2.0, 1.0, 2.0, -1.0, -1.0, -1.0, 3.0, 3.0, 3.0, 0.0, 3.0, 1.0, 2.0, 1.0, 3.0, 1.0, 2.0, -1.0, 0.0, 2.0, 2.0, 2.0, -1.0, 0.0, 3.0, 3.0, 0.0, -1.0, -1.0, -1.0, 0.0, 3.0, 0.0, 1.0, -1.0, 0.0, -1.0, 0.0, 1.0, -1.0, 1.0, 0.0, 0.0, 3.0, 3.0, 1.0, 2.0, 96440.0, 516.0, 99506.0
