1.0, 0.0, 0.0, 1.0, 0.0, 2.0, 2.0, 0.0, 0.0, 3.0, -1.0, 2.0, 1.0, 3.0, 0.0, 1.0, 0.0, 1.0, 1.0, 0.0, 2.0, 2.0, 3.0, 2.0, 3.0, 2.0, 3.0, 1.0, 1.0, 0.0, 3.0, 2.0, 1.0, 2.0, 2.0, 1.0, 3.0, -1.0, 0.0, 0.0, -1.0, 3.0, 0.0, 2.0, 1.0, 2.0, -1.0, 1.0, 1.0, 0.0, 95225.0, 692, 99435.0
2.0, 1.0, -1.0, 1.0, 2.0, 2.0, 0.0, 3.0, 3.0, 2.0, -1.0, 3.0, 0.0, 1.0, 0.0, 2.0, -1.0, 2.0, 3.0, 3.0, 0.0, 0.0, 0.0, 3.0, 2.0, 3.0, 0.0, 2.0, 1.0, 2.0, 2.0, -1.0, 0.0, 1.0, 1.0, 3.0, -1.0, 0.0, 0.0, 0.0, 1.0, -1.0, 3.0, 1.0, 1.0, 0.0, 0.0, 2.0, 1.0, 1.0, 95370.0, 662, 99442.0
-0.985866764907, 3.0, 1.0, 2.0, -0.992809913643, 1.0, 0.0112618220831, 0.0, 3.0, 0.0129348858162, -0.995698272694, -0.0453176190724, 2.00315730718, 0.990802377595, 0.0, 0.91489534731, 0.0, -0.981461747701, 3.0, 1.14257646682, -1.0, 0.993164024563, -0.994218199111, -0.107994252269, 2.12713392402, 2.74639179726, 1.01380980668, -0.966421255975, 2.00973623694, -0.95669181166, 1.00695906347, 2.0, -0.998466209219, 3.0, 1.95573035888, 0.0345458736541, 2.0013049221, 2.0, 0.0227884454261, -1.0, 0.0, 2.32948882847, 1.00610335537, -0.978658314406, 1.01552327795, 2.91256518442, 1.97032496476, 2.00446871969, -0.96264243565, 2.0, 96148.0, 565, 99535.0
-0.997543596803, 1.92835039536, 2.98258619691, 2.97839470252, 0.33739518191, 0.0, 0.0213140387277, 1.0, -1.0, 2.0, -0.999714305682, 1.0, 2.0, -1.0, 0.0, 3.0, 1.02720909363, -0.989645597061, 2.88567788883, 1.97437832819, 1.01296923614, 0.0260526946784, -0.979568941684, -0.124619563685, 1.00979297614, 2.0, 0.959395253491, 1.0, 0.0, 2.0, 1.00729150666, 1.97929279685, 0.266876728089, 1.04599212695, 2.9482478277, 1.10054916651, 2.00365832561, 2.0, 0.0256857689506, 0.0, 1.00218367924, -0.941004100055, 2.00779768869, 1.0, 0.0, 2.94148800018, 0.982203353807, 2.0, 1.0, -0.952432062041, 95613.0, 620, 99497.0
-1.0, 1.92835039536, 3.0, 1.0, 0.0, 0.0, -0.0239435042576, 1.0, -1.0, 2.99930143865, -0.975424000374, 1.0, 2.0, -1.0, 0.0, 2.80407765661, 1.00518463584, -0.989725251166, -0.143169387222, -0.0634268956659, 1.01296923614, 0.228973031826, -0.979568941684, -0.110523428059, 0.984419926282, 2.00007080994, -0.969156870767, 1.0, 0.0, 2.0, 1.00729211924, 1.97928466282, 0.0134336697792, 1.0, 2.9481633097, 1.03757571156, 2.00365832561, 2.0, 0.000843733644118, 1.0413091382, 1.00218367924, -0.972251964442, 2.04079490213, 1.0, 0.0, 2.9412586988, 0.982074750902, 2.03361149068, 1.0, 2.0, 95372.0, 623, 99487.0
-0.574370451297, 1.92835039536, 3.0, 1.0, 0.0, 0.160089477522, -0.0257915609126, 1.0, -1.0, 1.9245122452, -0.975585388017, 1.0, 2.0, -1.0, 0.0, 2.80407765661, 1.00518463584, -0.989649470788, -0.143169387222, 1.95743773458, 1.01296923614, 0.0118954409521, -0.979568941684, -0.124804473734, 1.00996655396, 2.00006637767, -0.995903989519, 1.0, -0.00710801228873, 2.0, 1.00729211924, 1.97928469463, 0.0134336697792, 1.00060907849, 2.94825602504, 1.10127191282, 2.00365832561, 2.02480428005, 0.000843733644118, 1.04152945671, 1.00218367924, -0.972251964442, 2.00845682951, 1.0, 0.0, 2.9412586988, 0.982205653022, 1.96949179833, 1.0, -0.908491537279, 95525.0, 604, 99503.0
-0.574370451297, 1.92835039536, 3.0, 1.49589442834, 0.331479188747, 0.165048921615, -0.0253513559892, 1.0, -1.0, 1.9245122452, -0.975585388017, 1.0, 2.0, -1.0, 0.0, 2.80639296069, 1.00532202811, -0.989649470788, -0.143169387222, 1.95743773458, 1.01296923614, 0.0120756694883, -0.979568941684, -0.124804473734, 1.00998100358, 2.00006637767, -0.995903989519, 1.0, -0.00706581086793, 2.0, 1.00729211924, 1.97929247309, 0.0134336697792, 1.00060907849, 2.94825534287, 1.10127191282, 2.00365832561, 2.00031184311, 0.000843733644118, -0.00252040088396, 1.00218367924, -0.63884978182, 2.00845682951, 1.0, 0.0, 2.94126008588, 0.982205630191, 1.96949179833, 1.0, -0.908491537279, 95499.0, 604, 99503.0
-0.574370451297, 1.92835039536, 3.0, 1.49589442834, 0.331479188747, 0.165048921615, -0.0253513559892, 1.0, -1.0, 1.9245122452, -0.975585388017, 1.0, 2.0, -1.0, 0.0, 2.80639296069, 1.00532202811, -0.989649470788, -0.143169387222, 1.95743773458, 1.01296923614, 0.0120756694883, -0.979568941684, -0.124804473734, 1.00998100358, 2.00006637767, -0.995903989519, 1.0, -0.00706581086793, 2.0, 1.00729211924, 1.97929247309, 0.0134336697792, 1.00060907849, 2.94825534287, 1.10127191282, 2.00365832561, 2.00031184311, 0.000843733644118, -0.00252040088396, 1.00218367924, -0.63884978182, 2.00845682951, 1.0, 0.0, 2.94126008588, 0.982205630191, 1.96949179833, 1.0, -0.908491537279, 95499.0, 604, 99503.0
-0.574370451297, 1.92835039536, 3.0, 1.49589442834, 0.331479188747, 0.165048921615, -0.0253513559892, 1.0, -1.0, 1.9245122452, -0.975585388017, 1.0, 2.0, -1.0, 0.0, 2.80639296069, 1.00532202811, -0.989649470788, -0.143169387222, 1.95743773458, 1.01296923614, 0.0120756694883, -0.979568941684, -0.124804473734, 1.00998100358, 2.00006637767, -0.995903989519, 1.0, -0.00706581086793, 2.0, 1.00729211924, 1.97929247309, 0.0134336697792, 1.00060907849, 2.94825534287, 1.10127191282, 2.00365832561, 2.00031184311, 0.000843733644118, -0.00252040088396, 1.00218367924, -0.63884978182, 2.00845682951, 1.0, 0.0, 2.94126008588, 0.982205630191, 1.96949179833, 1.0, -0.908491537279, 95499.0, 604, 99503.0
-0.574370451297, 1.92835039536, 3.0, 1.49589442834, 0.331479188747, 0.165048921615, -0.0253513559892, 1.0, -1.0, 1.9245122452, -0.975585388017, 1.0, 2.0, -1.0, 0.0, 2.80639296069, 1.00532202811, -0.989649470788, -0.143169387222, 1.95743773458, 1.01296923614, 0.0120756694883, -0.979568941684, -0.124804473734, 1.00998100358, 2.00006637767, -0.995903989519, 1.0, -0.00706581086793, 2.0, 1.00729211924, 1.97929247309, 0.0134336697792, 1.00060907849, 2.94825534287, 1.10127191282, 2.00365832561, 2.00031184311, 0.000843733644118, -0.00252040088396, 1.00218367924, -0.63884978182, 2.00845682951, 1.0, 0.0, 2.94126008588, 0.982205630191, 1.96949179833, 1.0, -0.908491537279, 95499.0, 604, 99503.0
-0.574370451297, 1.92835039536, 3.0, 1.49589442834, 0.331479188747, 0.165048921615, -0.0253513559892, 1.0, -1.0, 1.9245122452, -0.975585388017, 1.0, 2.0, -1.0, 0.0, 2.80639296069, 1.00532202811, -0.989649470788, -0.143169387222, 1.95743773458, 1.01296923614, 0.0120756694883, -0.979568941684, -0.124804473734, 1.00998100358, 2.00006637767, -0.995903989519, 1.0, -0.00706581086793, 2.0, 1.00729211924, 1.97929247309, 0.0134336697792, 1.00060907849, 2.94825534287, 1.10127191282, 2.00365832561, 2.00031184311, 0.000843733644118, -0.00252040088396, 1.00218367924, -0.63884978182, 2.00845682951, 1.0, 0.0, 2.94126008588, 0.982205630191, 1.96949179833, 1.0, -0.908491537279, 95499.0, 604, 99503.0
-1.0, 1.92835039536, 3.0, 1.0, 0.0, 0.0, -0.0239435042576, 1.0, -1.0, 2.99930143865, -0.975424000374, 1.0, 2.0, -1.0, 0.0, 2.80407765661, 1.00518463584, -0.989725251166, -0.143169387222, -0.0634268956659, 1.01296923614, 0.228973031826, 0.0626790953656, -0.110523428059, 0.984419926282, 2.00007080994, -0.969156870767, 1.0, 0.0, 2.0, 1.00729211924, 1.97928466282, 0.0134336697792, 1.0, 2.9481633097, 0.846126639397, 2.00365832561, 2.0, 0.000843733644118, 1.0413091382, 1.00218367924, -0.972251964442, 2.00845682951, 1.0, 0.0, 2.9412586988, 0.982074750902, 2.03361149068, 1.0, 2.0, 95211.0, 642, 99470.0
-0.574370451297, 1.92835039536, 3.0, 1.0, 0.0, 0.160089477522, -0.0257915609126, 1.0, -1.0, 1.9245122452, -0.975586230975, 1.0, 2.0, -1.0, 0.0, 2.80407765661, 1.27583988001, -0.989649470788, -0.143169387222, -0.0495751097016, 1.01296923614, 0.238786601711, -0.979568941684, -0.124804473734, 1.00996655396, 2.00006642116, -0.995903989519, 1.0, 0.000753353277803, 2.0, 1.00729211924, 1.97928469463, 0.0134336697792, 1.00060907849, 2.94825602504, 0.854593456261, 2.00365832561, 2.02249921977, 0.000843733644118, 1.04152945671, 1.00218367924, -0.972251964442, 2.00845682951, 1.0, 0.0, 2.9412586988, 0.982205653022, 1.96949179833, 1.0, -0.908491537279, 95461.0, 604, 99503.0
-1.0, 1.92835039536, 3.0, 1.0, 0.0, 0.0, -0.0239780791302, 1.0, -1.0, 2.98506043137, -0.975424000374, 1.0, 2.0, -1.0, 0.0, 2.80407765661, 1.00518938527, -0.98988748288, -0.233419069807, -0.0634268956659, 1.01296923614, 0.23034586714, 0.0626790953656, -0.110523428059, 0.984419926282, 2.00007080994, -0.969156870767, 0.999716798027, 0.0, 2.0, 1.00729212025, 1.97928605479, 0.0134336697792, 1.0, 2.9481633097, 0.846126639397, 2.00365832561, 2.0, 0.000843733644118, 1.07330295019, 1.00218367924, -0.972251964442, 2.0001343196, 1.0, 0.0, 2.9412586988, 0.981547945216, 2.03506296564, 1.0, 2.0, 95211.0, 642, 99470.0
-1.0, 1.92835039536, 3.0, 1.0, 0.0, 0.0, -0.0239780791302, 1.0, -1.0, 2.98506043137, -0.975424000374, 1.0, 2.0, -1.0, 0.0, 2.80407765661, 1.00518938527, -0.98988748288, -0.233419069807, -0.0634268956659, 1.01296923614, 0.23034586714, 0.0626790953656, -0.110523428059, 0.984419926282, 2.00007080994, -0.969156870767, 0.999716798027, 0.0, 2.0, 1.00729212025, 1.97928605479, 0.0134336697792, 1.0, 2.9481633097, 0.846126639397, 2.00365832561, 2.0, 0.000843733644118, 1.07330295019, 1.00218367924, -0.972251964442, 2.0001343196, 1.0, 0.0, 2.9412586988, 0.981547945216, 2.03506296564, 1.0, 2.0, 95211.0, 642, 99470.0
-1.0, 1.92835039536, 3.0, 1.0, 0.0, 0.0, -0.0239780791302, 1.0, -1.0, 2.98506043137, -0.975424000374, 1.0, 2.0, -1.0, 0.0, 2.80407765661, 1.00518938527, -0.98988748288, -0.233419069807, -0.0634268956659, 1.01296923614, 0.23034586714, 0.0626790953656, -0.110523428059, 0.984419926282, 2.00007080994, -0.969156870767, 0.999716798027, 0.0, 2.0, 1.00729212025, 1.97928605479, 0.0134336697792, 1.0, 2.9481633097, 0.846126639397, 2.00365832561, 2.0, 0.000843733644118, 1.07330295019, 1.00218367924, -0.972251964442, 2.0001343196, 1.0, 0.0, 2.9412586988, 0.981547945216, 2.03506296564, 1.0, 2.0, 95211.0, 642, 99470.0
-1.0, 1.92835039536, 3.0, 1.0, 0.0, 0.0, -0.0239780791302, 1.0, -1.0, 2.98506043137, -0.975424000374, 1.0, 2.0, -1.0, 0.0, 2.80407765661, 1.00518938527, -0.98988748288, -0.233419069807, -0.0634268956659, 1.01296923614, 0.23034586714, 0.0626790953656, -0.110523428059, 0.984419926282, 2.00007080994, -0.969156870767, 0.999716798027, 0.0, 2.0, 1.00729212025, 1.97928605479, 0.0134336697792, 1.0, 2.9481633097, 0.846126639397, 2.00365832561, 2.0, 0.000843733644118, 1.07330295019, 1.00218367924, -0.972251964442, 2.0001343196, 1.0, 0.0, 2.9412586988, 0.981547945216, 2.03506296564, 1.0, 2.0, 95211.0, 642, 99470.0
-1.0, 1.92835039536, 3.0, 1.0, 0.0, 0.0, 0.0151777517933, 1.0, -1.0, 1.98124050622, -0.975424000374, 1.0, 2.0, -1.0, 0.0, 2.80407765661, 0.999843794815, -0.990140884357, -0.146195491747, -0.0176772033563, 1.01296923614, 0.228973031826, 0.0626790953656, -0.110523428059, 0.984419926282, 2.00014701923, -0.953251020125, 1.27944356804, 0.328484286804, 2.0, 1.00729150151, 2.00004255649, 0.0134331100297, 1.0, 2.96302883019, 0.846126639397, 2.00365832561, 2.0, -0.00306556874657, 1.0413091382, 1.00218367924, -0.883163792291, 2.00845682951, 1.0, 0.0, 2.9412586988, 0.982074750902, 2.03361149068, 1.0, 2.0, 95191.0, 642, 99470.0
-1.0, 1.92835039536, 3.0, 1.0, 0.0, 0.0, 0.0151777517933, 1.0, -1.0, 1.98124050622, -0.975424000374, 1.0, 2.0, -1.0, 0.0, 2.80407765661, 0.999843794815, -0.990140884357, -0.146195491747, -0.0176772033563, 1.01296923614, 0.228973031826, 0.0626790953656, -0.110523428059, 0.984419926282, 2.00014701923, -0.953251020125, 1.27944356804, 0.328484286804, 2.0, 1.00729150151, 2.00004255649, 0.0134331100297, 1.0, 2.96302883019, 0.846126639397, 2.00365832561, 2.0, -0.00306556874657, 1.0413091382, 1.00218367924, -0.883163792291, 2.00845682951, 1.0, 0.0, 2.9412586988, 0.982074750902, 2.03361149068, 1.0, 2.0, 95191.0, 642, 99470.0
-1.0, 1.92835039536, 3.0, 1.0, 0.0, 0.0, -0.0239435042576, 1.0, -0.892645252381, 2.99930143865, -0.975424000374, 1.0, 2.0, -1.0, 0.0, 2.80407765661, 1.00518463584, -0.989725251166, -0.143169387222, -0.0634268956659, 1.01296923614, 0.228973031826, 0.0626790953656, -0.110523428059, 0.984419926282, 2.00007080994, -0.969156870767, 1.0, 0.0, 2.0, 1.00729211924, 1.97928466282, 0.0134336697792, 1.17646501264, 2.9481633097, 0.846126639397, 2.00365832561, 2.0, 0.000843733644118, 1.0413091382, 1.00218367924, -0.972251964442, 2.00845682951, 1.0, 0.0, 2.9412586988, 0.982074750902, 2.03361149068, 1.0, 2.0, 95211.0, 642, 99470.0
-0.982838737944, 1.90559795967, 1.0, 2.0, -0.992809913643, 1.0, 0.0112618220831, 0.0, 2.87965628128, 0.0129348858162, -0.995698272694, -0.0453176190724, 2.00315730718, 1.03357334402, 0.0, 2.7914307642, 1.2960098597, -0.981461747701, 2.73727640096, 1.14257646682, -0.938772769782, 0.203483465476, -0.994218199111, -0.107994252269, 1.0260563063, 2.00837074822, 1.01380980668, -0.966421255975, 2.00973623694, -0.937352171338, 1.00729211603, 2.0, -0.998466209219, 3.0, 2.94738346039, 0.814032961497, 2.0013049221, 2.0, 0.0226746671707, -0.984894247265, 0.00919040820557, 2.32948882847, 1.00610335537, 1.06675436021, 0.0159080324775, 2.91256518442, 1.97032496476, 2.00446871969, -0.96264243565, 2.0, 95979.0, 584, 99521.0
-1.0, 1.92835039536, 3.0, 1.0, 0.0, 0.0, 0.0151777517933, 1.0, -1.0, 1.98124050622, -0.975424000374, 1.0, 2.0, -1.0, -0.0653453630255, 2.80407765661, 0.999843794815, -0.990140884357, -0.146195491747, -0.0176772033563, 1.01296923614, 0.228973031826, 0.0626790953656, -0.110523428059, 0.984419926282, 2.00014701923, -0.953251020125, 1.27944356804, 0.328484286804, 2.0, 1.00729150151, 2.00004255649, 0.0134331100297, 1.0, 2.96302883019, 0.846126639397, 2.00365832561, 2.0, -0.00306556874657, 1.0413091382, 1.00218367924, -0.883163792291, 2.00845682951, 1.0, 0.0, 2.9412586988, 0.982074750902, 2.03361149068, 1.0, 2.0, 95191.0, 642, 99470.0
-0.574370451297, 1.92835039536, 3.0, 1.0, 0.0, 0.166088653695, -0.0257915609126, 1.0, -1.0, 1.9245122452, -0.975429015514, 1.0, 2.0, -1.0, 0.0, 2.80407765661, 0.833344240365, -0.989649470788, -0.143169387222, -0.0495751097016, 1.01296923614, 0.238494097149, -0.979568941684, -0.124804473734, 0.98438476716, 2.00006642116, -0.995497551705, 1.0, 0.000753353277803, 2.0, 1.00729211924, 1.97928469463, 0.0134336697792, 1.00059937622, 2.94825602504, 0.854658227679, 2.00365832561, 2.02256813623, 0.000843733644118, 1.04152945671, 0.923001092796, -0.972251964442, 2.00845682951, 1.0, 0.0, 2.9412586988, 0.982074580645, 2.03195789544, 1.0, -0.908491537279, 95461.0, 604, 99503.0
-0.574370451297, 1.92835039536, 3.0, 1.0, 0.0, 0.166088653695, -0.0257915609126, 1.0, -1.0, 1.9245122452, -0.975584801993, 1.0, 2.0, -1.0, 0.0, 2.80407765661, 1.0131820908, -0.989649470788, -0.143169387222, -0.0495751097016, 1.01296923614, 0.215713989152, -0.979568941684, -0.124804473734, 0.98438476716, 2.00006642116, -0.995898192655, 1.0, 0.000753353277803, 2.0, 1.00729211924, 1.97928469463, 0.0134336697792, 1.00059937622, 2.94825602504, 0.854658227679, 2.00365832561, 2.02496178932, 0.000843733644118, 1.04152945671, 0.924186825974, -0.972251964442, 2.17853591664, 1.0, 0.0, 2.9412586988, 0.982074580645, 2.03195789544, 1.0, -0.908491537279, 95461.0, 604, 99503.0
-0.57504490437, 1.92835039536, 3.0, 1.00100972264, 0.0, -0.00578148020861, -0.025795289713, 1.0, -1.0, 1.90025975682, -0.999543249171, 1.0, 2.0, -1.0, 0.0, 2.80407752687, 1.00268297403, -0.989649470788, -0.143169387222, -0.0505643409738, 1.01296923614, 0.238786601711, -0.979568941684, -0.110492141216, 0.984709800133, 2.00006639754, -0.995903989519, 1.0, -0.00725043810535, 2.0, 1.00729211924, 2.0011256638, 0.0134336690336, 0.999989048479, 2.94816424793, 0.854593456261, 2.00365832561, 1.99898093256, -0.00311683167419, -0.00559308401649, 1.00218367924, -0.972251964442, 2.07269316392, 1.0, 0.0, 2.9412586988, 0.982071621336, 2.03269735707, 1.0, -0.908491537279, 95435.0, 604, 99503.0
-0.99532172271, 1.92835039536, 3.0, 1.0, 0.0, -0.00482618739848, -0.0258073788372, 1.0, -1.0, 1.9245122452, -0.975429015514, 1.0, 2.0, 0.39885294921, 0.0, 2.80407765661, 0.833344240365, -0.989649470788, -0.143169387222, -0.0632596328081, 1.01296923614, 0.238494097149, -0.979568941684, -0.124804473734, 0.98438476716, 2.00006642116, -0.995497551705, 1.0, 0.000775588501113, 2.0, 1.00729211924, 1.97928469146, 0.0134336697792, 1.00059937622, 2.94825392054, 0.856370073911, 2.00365832561, 2.02256813623, 0.000843733644118, 1.04131228275, 0.923910116059, -0.972251964442, 2.00845682951, 1.0, 0.0, 2.9412586988, 0.982074582468, 2.03193668077, 1.0, -0.876870030902, 95308.0, 621, 99492.0
-0.567123174082, 1.92835039536, 3.0, 1.0, 0.0, -0.00482618739848, -0.0257909166877, 1.0, -1.0, 1.9245122452, -0.975429015514, 1.0, 2.0, 0.39885294921, -0.162601913324, 2.80407765661, 0.833344240365, -0.989649470788, -0.143169387222, -0.0632596328081, 1.01296923614, 0.238494097149, -0.979568941684, -0.124804473734, 0.98438476716, 2.00006642116, -0.995497551705, 1.0, 0.000753679746376, 2.0, 1.00729211924, 1.97928469146, 0.0134336697792, 1.00059937622, 2.94825384131, 0.856230163702, 2.00365832561, 2.02256813623, 0.000843733644118, 1.04131228275, 0.923910116059, -0.972251964442, 2.00845682951, 1.0, 0.0, 2.9412586988, 0.982074580535, 2.03195839047, 1.0, -0.908276229834, 95308.0, 621, 99492.0
-0.567123174082, 1.92835039536, 3.0, 1.0, 0.0, -0.00482618739848, -0.0257909166877, 1.0, -1.0, 1.9245122452, -0.975429015514, 1.0, 2.0, 0.39885294921, -0.162601913324, 2.80407765661, 0.833344240365, -0.989649470788, -0.143169387222, -0.0632596328081, 1.01296923614, 0.238494097149, -0.979568941684, -0.124804473734, 0.98438476716, 2.00006642116, -0.995497551705, 1.0, 0.000753679746376, 2.0, 1.00729211924, 1.97928469146, 0.0134336697792, 1.00059937622, 2.94825384131, 0.856230163702, 2.00365832561, 2.02256813623, 0.000843733644118, 1.04131228275, 0.923910116059, -0.972251964442, 2.00845682951, 1.0, 0.0, 2.9412586988, 0.982074580535, 2.03195839047, 1.0, -0.908276229834, 95308.0, 621, 99492.0
-0.567123174082, 1.92835039536, 3.0, 1.0, 0.0, -0.00482618739848, -0.0257909166877, 1.0, -1.0, 1.9245122452, -0.975429015514, 1.0, 2.0, 0.39885294921, -0.162601913324, 2.80407765661, 0.833344240365, -0.989649470788, -0.143169387222, -0.0632596328081, 1.01296923614, 0.238494097149, -0.979568941684, -0.124804473734, 0.98438476716, 2.00006642116, -0.995497551705, 1.0, 0.000753679746376, 2.0, 1.00729211924, 1.97928469146, 0.0134336697792, 1.00059937622, 2.94825384131, 0.856230163702, 2.00365832561, 2.02256813623, 0.000843733644118, 1.04131228275, 0.923910116059, -0.972251964442, 2.00845682951, 1.0, 0.0, 2.9412586988, 0.982074580535, 2.03195839047, 1.0, -0.908276229834, 95308.0, 621, 99492.0
-0.567123174082, 1.92835039536, 3.0, 1.0, 0.0, -0.00482618739848, -0.0257909166877, 1.0, -1.0, 1.9245122452, -0.975429015514, 1.0, 2.0, 0.39885294921, -0.162601913324, 2.80407765661, 0.833344240365, -0.989649470788, -0.143169387222, -0.0632596328081, 1.01296923614, 0.238494097149, -0.979568941684, -0.124804473734, 0.98438476716, 2.00006642116, -0.995497551705, 1.0, 0.000753679746376, 2.0, 1.00729211924, 1.97928469146, 0.0134336697792, 1.00059937622, 2.94825384131, 0.856230163702, 2.00365832561, 2.02256813623, 0.000843733644118, 1.04131228275, 0.923910116059, -0.972251964442, 2.00845682951, 1.0, 0.0, 2.9412586988, 0.982074580535, 2.03195839047, 1.0, -0.908276229834, 95308.0, 621, 99492.0
-0.567123174082, 1.92835039536, 3.0, 1.0, 0.0, -0.00482618739848, -0.0257909166877, 1.0, -1.0, 1.9245122452, -0.975429015514, 1.0, 2.0, 0.39885294921, -0.162601913324, 2.80407765661, 0.833344240365, -0.989649470788, -0.143169387222, -0.0632596328081, 1.01296923614, 0.238494097149, -0.979568941684, -0.124804473734, 0.98438476716, 2.00006642116, -0.995497551705, 1.0, 0.000753679746376, 2.0, 1.00729211924, 1.97928469146, 0.0134336697792, 1.00059937622, 2.94825384131, 0.856230163702, 2.00365832561, 2.02256813623, 0.000843733644118, 1.04131228275, 0.923910116059, -0.972251964442, 2.00845682951, 1.0, 0.0, 2.9412586988, 0.982074580535, 2.03195839047, 1.0, -0.908276229834, 95308.0, 621, 99492.0
-0.99532172271, 1.92835039536, 3.0, 1.0, 0.0, -0.0048922624742, -0.0258073788372, 1.0, -1.0, 1.9245122452, -0.975429015514, 1.0, 2.0, 0.420245015072, 0.0, 2.80407765661, 0.833344240365, -0.989649470788, -0.143169387222, -0.062940442088, 1.01296923614, 0.238494097149, -0.963305152294, -0.125089732451, 0.984384347515, 2.00006642116, -0.995497551705, 1.0, -0.000695939319472, 2.0, 1.00729211907, 2.00016176742, 0.0134336697792, 1.0005578134, 2.96396878948, 0.856370073911, 2.00365832561, 1.99929901859, -0.00307103250297, 1.04131252855, 1.0011451659, -0.971784402426, 2.00845682951, 1.0, 0.0, 2.9412586988, 0.982074582468, 2.03371242459, 1.0, -0.869261037051, 95308.0, 621, 99492.0
-0.99532172271, 1.92835039536, 3.0, 1.0, 0.0, -0.0048922624742, -0.0258073788372, 1.0, -1.0, 1.9245122452, -0.975429015514, 1.0, 2.0, 0.420245015072, 0.0, 2.80407765661, 0.833344240365, -0.989649470788, -0.143169387222, -0.062940442088, 1.01296923614, 0.238494097149, -0.963305152294, -0.125089732451, 0.984384347515, 2.00006642116, -0.995497551705, 1.0, -0.000695939319472, 2.0, 1.00729211907, 2.00016176742, 0.0134336697792, 1.0005578134, 2.96396878948, 0.856370073911, 2.00365832561, 1.99929901859, -0.00307103250297, 1.04131252855, 1.0011451659, -0.971784402426, 2.00845682951, 1.0, 0.0, 2.9412586988, 0.982074582468, 2.03371242459, 1.0, -0.869261037051, 95308.0, 621, 99492.0
-0.99532172271, 1.92835039536, 3.0, 1.0, 0.0, -0.0048922624742, -0.0258073788372, 1.0, -1.0, 1.9245122452, -0.975429015514, 1.0, 2.0, 0.420245015072, 0.0, 2.80407765661, 0.833344240365, -0.989649470788, -0.143169387222, -0.062940442088, 1.01296923614, 0.238494097149, -0.963305152294, -0.125089732451, 0.984384347515, 2.00006642116, -0.995497551705, 1.0, -0.000695939319472, 2.0, 1.00729211907, 2.00016176742, 0.0134336697792, 1.0005578134, 2.96396878948, 0.856370073911, 2.00365832561, 1.99929901859, -0.00307103250297, 1.04131252855, 1.0011451659, -0.971784402426, 2.00845682951, 1.0, 0.0, 2.9412586988, 0.982074582468, 2.03371242459, 1.0, -0.869261037051, 95308.0, 621, 99492.0
-0.99532172271, 1.92835039536, 3.0, 1.0, 0.0, -0.0048922624742, -0.0258073788372, 1.0, -1.0, 1.9245122452, -0.975429015514, 1.0, 2.0, 0.420245015072, 0.0, 2.80407765661, 0.833344240365, -0.989649470788, -0.143169387222, -0.062940442088, 1.01296923614, 0.238494097149, -0.963305152294, -0.125089732451, 0.984384347515, 2.00006642116, -0.995497551705, 1.0, -0.000695939319472, 2.0, 1.00729211907, 2.00016176742, 0.0134336697792, 1.0005578134, 2.96396878948, 0.856370073911, 2.00365832561, 1.99929901859, -0.00307103250297, 1.04131252855, 1.0011451659, -0.971784402426, 2.00845682951, 1.0, 0.0, 2.9412586988, 0.982074582468, 2.03371242459, 1.0, -0.869261037051, 95308.0, 621, 99492.0
-0.99536222662, 1.92835039536, 3.0, 1.0, 0.0, -0.00483466664894, 0.0151724959812, 1.0, -1.0, 1.9824326457, -0.975429015514, 1.0, 2.0, 0.407847857017, 0.0, 2.80407765661, 0.833344240365, -0.989649470788, -0.143169387222, -0.0159794821891, 1.01296923614, 0.238494097149, -0.951454125882, -0.110737990437, 0.984420610018, 2.00006642116, -0.995497551705, 1.28314784952, -0.000695939319472, 2.0, 1.00729148615, 2.00016176742, 0.0134336697792, 1.0005578134, 2.96396878948, 0.856370073911, 2.00365832561, 1.99999062144, -0.00307103250297, 1.04131252855, 1.0011451659, -0.971784402426, 2.00845682951, 1.0, 0.0, 2.9412586988, 1.07740368244, 2.03371192684, 1.0, -0.869261037051, 95308.0, 621, 99492.0
-0.99532172271, 1.92835039536, 3.0, 1.0, 0.0, -0.00489017749662, -0.0258073788372, 1.0, -1.0, 1.92428987322, -0.999278589083, 1.0, 2.0, 0.394293546344, 0.0, 2.80407752, 0.835629394068, -0.989649470788, -0.143169387222, -0.0500135124234, 1.01296923614, 0.238494097149, -0.979837493588, -0.110478222359, 0.984723945928, 2.00006642116, -0.995497551705, 1.0, -0.000695939319472, 2.0, 1.00729211907, 2.00017336888, 0.0134336690183, 0.999995412557, 2.96396878948, 0.856429304194, 2.00365832561, 1.99716625707, -0.00307103250297, 1.04131252855, 1.00218694121, -0.971766988159, 2.07766982281, 1.0, 0.0, 2.9412586988, 0.982074582468, 2.03267270581, 1.0, -0.869261037051, 95308.0, 621, 99492.0
-0.999999612098, 1.92835039536, 3.0, 1.0, 0.0, -0.074873380113, -0.0238783506778, 1.0, -0.999446160842, 1.94689680805, -0.975424000374, 1.0, 2.0, -1.0, 0.0, 2.80407765661, 1.00518463584, -0.989725251166, -0.143169387222, -0.0634268956659, 1.01296923614, 0.228973031826, 0.0576587092689, -0.110554759607, 0.98441988377, 2.00015159474, -0.969156870767, 1.28206656631, 0.0, 2.0, 1.00729211924, 2.0007529013, 0.0134336375642, 1.18107019326, 2.9481633097, 0.846126639397, 2.00365832561, 1.99999999686, 0.000843733644118, 1.04130918703, 1.00219571001, -0.972252093839, 2.00845682951, 1.0, 0.0, 2.9412586988, 0.982074750902, 2.03360751854, 1.0, 2.0, 95191.0, 642, 99470.0
-0.981675893603, 1.92837047197, 3.0, 1.0, 0.0, 0.160089477522, -0.0257915609126, 1.04023566435, -1.0, 1.9245122452, -0.975585388017, 1.0, 2.09457975865, -1.0, 0.0, 2.99775683046, 1.00518463584, -0.989649470788, -0.143169387222, 1.95743773458, 1.01296923614, 0.0134836075126, -0.979568941684, -0.124804473734, 1.00996655396, 1.98926381462, -0.995903989519, 1.0, -0.963078468949, 2.0, 1.03523770908, 2.05416535634, -0.0074417818265, 0.950788801022, 2.94825602504, 1.10127191282, 2.00365832561, 2.02480428005, -0.0899840759016, 0.015823748581, 1.0023546779, -0.972251964442, 1.97497996025, 0.94035367358, 0.0, 2.9412586988, 0.982285557204, 1.96949179833, 1.0000743129, -0.894398969753, 95682.0, 586, 99516.0
-0.981675893603, 1.92837047197, 3.0, 1.0, 0.0, 0.160089477522, -0.0257915609126, 1.04023566435, -1.0, 1.9245122452, -0.975585388017, 1.0, 2.09457975865, -1.0, 0.0, 2.99775683046, 1.00518463584, -0.989649470788, -0.143169387222, 1.95743773458, 1.01296923614, 0.0134836075126, -0.979568941684, -0.124804473734, 1.00996655396, 1.98926381462, -0.995903989519, 1.0, -0.963078468949, 2.0, 1.03523770908, 2.05416535634, -0.0074417818265, 0.950788801022, 2.94825602504, 1.10127191282, 2.00365832561, 2.02480428005, -0.0899840759016, 0.015823748581, 1.0023546779, -0.972251964442, 1.97497996025, 0.94035367358, 0.0, 2.9412586988, 0.982285557204, 1.96949179833, 1.0000743129, -0.894398969753, 95682.0, 586, 99516.0
-0.981675893603, 1.92837047197, 3.0, 1.0, 0.0, 0.160089477522, -0.0257915609126, 1.04023566435, -1.0, 1.9245122452, -0.975585388017, 1.0, 2.09457975865, -1.0, 0.0, 2.99775683046, 1.00518463584, -0.989649470788, -0.143169387222, 1.95743773458, 1.01296923614, 0.0134836075126, -0.979568941684, -0.124804473734, 1.00996655396, 1.98926381462, -0.995903989519, 1.0, -0.963078468949, 2.0, 1.03523770908, 2.05416535634, -0.0074417818265, 0.950788801022, 2.94825602504, 1.10127191282, 2.00365832561, 2.02480428005, -0.0899840759016, 0.015823748581, 1.0023546779, -0.972251964442, 1.97497996025, 0.94035367358, 0.0, 2.9412586988, 0.982285557204, 1.96949179833, 1.0000743129, -0.894398969753, 95682.0, 586, 99516.0
-0.981675893603, 1.92837047197, 3.0, 1.0, 0.0, 0.160089477522, -0.0257915609126, 1.04023566435, -1.0, 1.9245122452, -0.975585388017, 1.0, 2.09457975865, -1.0, 0.0, 2.99775683046, 1.00518463584, -0.989649470788, -0.143169387222, 1.95743773458, 1.01296923614, 0.0134836075126, -0.979568941684, -0.124804473734, 1.00996655396, 1.98926381462, -0.995903989519, 1.0, -0.963078468949, 2.0, 1.03523770908, 2.05416535634, -0.0074417818265, 0.950788801022, 2.94825602504, 1.10127191282, 2.00365832561, 2.02480428005, -0.0899840759016, 0.015823748581, 1.0023546779, -0.972251964442, 1.97497996025, 0.94035367358, 0.0, 2.9412586988, 0.982285557204, 1.96949179833, 1.0000743129, -0.894398969753, 95682.0, 586, 99516.0
-0.981675893603, 1.92837047197, 3.0, 1.0, 0.0, 0.160089477522, -0.0257915609126, 1.04023566435, -1.0, 1.9245122452, -0.975585388017, 1.0, 2.09457975865, -1.0, 0.0, 2.99775683046, 1.00518463584, -0.989649470788, -0.143169387222, 1.95743773458, 1.01296923614, 0.0134836075126, -0.979568941684, -0.124804473734, 1.00996655396, 1.98926381462, -0.995903989519, 1.0, -0.963078468949, 2.0, 1.03523770908, 2.05416535634, -0.0074417818265, 0.950788801022, 2.94825602504, 1.10127191282, 2.00365832561, 2.02480428005, -0.0899840759016, 0.015823748581, 1.0023546779, -0.972251964442, 1.97497996025, 0.94035367358, 0.0, 2.9412586988, 0.982285557204, 1.96949179833, 1.0000743129, -0.894398969753, 95682.0, 586, 99516.0
-0.999989384857, 1.92835039536, 3.0, 1.0, 0.0, 8.92739762731e-05, 0.0151777517933, 1.0, -1.0, 1.97764258897, -0.975428958235, 1.0, 2.0, 0.394130097289, 0.0, 2.80407765661, 1.00032025251, -0.990140884357, -0.146195491747, -0.0626892418843, 1.01296923614, 0.238422056714, -0.918998598589, -0.124890695596, 0.984419926282, 2.00015046769, -0.953251020125, 1.0034643206, 0.000766116295305, 2.0, 1.00729150151, 2.00004255649, 0.0134330949447, 1.0, 2.96405534424, 1.87249654615, 2.00365832561, 1.99998212521, -0.00306556874657, 1.0413091382, 1.00220655077, -0.883163792291, 2.00845682951, 1.0, 0.0, 2.9412586988, 0.982074750902, 2.03361149068, 1.0, 2.0, 95234.0, 640, 99476.0
-0.999989384857, 1.92835039536, 3.0, 1.0, 0.0, 8.92739762731e-05, 0.0151777517933, 1.0, -1.0, 1.97764258897, -0.975428958235, 1.0, 2.0, 0.394130097289, 0.0, 2.80407765661, 1.00032025251, -0.990140884357, -0.146195491747, -0.0626892418843, 1.01296923614, 0.238422056714, -0.918998598589, -0.124890695596, 0.984419926282, 2.00015046769, -0.953251020125, 1.0034643206, 0.000766116295305, 2.0, 1.00729150151, 2.00004255649, 0.0134330949447, 1.0, 2.96405534424, 1.87249654615, 2.00365832561, 1.99998212521, -0.00306556874657, 1.0413091382, 1.00220655077, -0.883163792291, 2.00845682951, 1.0, 0.0, 2.9412586988, 0.982074750902, 2.03361149068, 1.0, 2.0, 95234.0, 640, 99476.0
-0.999989384857, 1.92835039536, 3.0, 1.0, 0.0, 8.92739762731e-05, 0.0151777517933, 1.0, -1.0, 1.97764258897, -0.975428958235, 1.0, 2.0, 0.394130097289, 0.0, 2.80407765661, 1.00032025251, -0.990140884357, -0.146195491747, -0.0626892418843, 1.01296923614, 0.238422056714, -0.918998598589, -0.124890695596, 0.984419926282, 2.00015046769, -0.953251020125, 1.0034643206, 0.000766116295305, 2.0, 1.00729150151, 2.00004255649, 0.0134330949447, 1.0, 2.96405534424, 1.87249654615, 2.00365832561, 1.99998212521, -0.00306556874657, 1.0413091382, 1.00220655077, -0.883163792291, 2.00845682951, 1.0, 0.0, 2.9412586988, 0.982074750902, 2.03361149068, 1.0, 2.0, 95234.0, 640, 99476.0
-0.999989384857, 1.92835039536, 3.0, 1.0, 0.0, 8.92739762731e-05, 0.0151777517933, 1.0, -1.0, 1.97764258897, -0.975428958235, 1.0, 2.0, 0.394130097289, 0.0, 2.80407765661, 1.00032025251, -0.990140884357, -0.146195491747, -0.0626892418843, 1.01296923614, 0.238422056714, -0.918998598589, -0.124890695596, 0.984419926282, 2.00015046769, -0.953251020125, 1.0034643206, 0.000766116295305, 2.0, 1.00729150151, 2.00004255649, 0.0134330949447, 1.0, 2.96405534424, 1.87249654615, 2.00365832561, 1.99998212521, -0.00306556874657, 1.0413091382, 1.00220655077, -0.883163792291, 2.00845682951, 1.0, 0.0, 2.9412586988, 0.982074750902, 2.03361149068, 1.0, 2.0, 95234.0, 640, 99476.0
-0.999989384857, 1.92835039536, 3.0, 1.0, 0.0, 8.92739762731e-05, 0.0151777517933, 1.0, -1.0, 1.97764258897, -0.975428958235, 1.0, 2.0, 0.394130097289, 0.0, 2.80407765661, 1.00032025251, -0.990140884357, -0.146195491747, -0.0626892418843, 1.01296923614, 0.238422056714, -0.918998598589, -0.124890695596, 0.984419926282, 2.00015046769, -0.953251020125, 1.0034643206, 0.000766116295305, 2.0, 1.00729150151, 2.00004255649, 0.0134330949447, 1.0, 2.96405534424, 1.87249654615, 2.00365832561, 1.99998212521, -0.00306556874657, 1.0413091382, 1.00220655077, -0.883163792291, 2.00845682951, 1.0, 0.0, 2.9412586988, 0.982074750902, 2.03361149068, 1.0, 2.0, 95234.0, 640, 99476.0
-0.999989384857, 1.92835039536, 3.0, 1.0, 0.0, 8.92739762731e-05, 0.0151777517933, 1.0, -1.0, 1.97764258897, -0.975428958235, 1.0, 2.0, 0.394130097289, 0.0, 2.80407765661, 1.00032025251, -0.990140884357, -0.146195491747, -0.0626892418843, 1.01296923614, 0.238422056714, -0.918998598589, -0.124890695596, 0.984419926282, 2.00015046769, -0.953251020125, 1.0034643206, 0.000766116295305, 2.0, 1.00729150151, 2.00004255649, 0.0134330949447, 1.0, 2.96405534424, 1.87249654615, 2.00365832561, 1.99998212521, -0.00306556874657, 1.0413091382, 1.00220655077, -0.883163792291, 2.00845682951, 1.0, 0.0, 2.9412586988, 0.982074750902, 2.03361149068, 1.0, 2.0, 95234.0, 640, 99476.0
-0.999989384857, 1.92835039536, 3.0, 1.0, 0.0, 8.92739762731e-05, 0.0151777517933, 1.0, -1.0, 1.97764258897, -0.975428958235, 1.0, 2.0, 0.394130097289, 0.0, 2.80407765661, 1.00032025251, -0.990140884357, -0.146195491747, -0.0626892418843, 1.01296923614, 0.238422056714, -0.918998598589, -0.124890695596, 0.984419926282, 2.00015046769, -0.953251020125, 1.0034643206, 0.000766116295305, 2.0, 1.00729150151, 2.00004255649, 0.0134330949447, 1.0, 2.96405534424, 1.87249654615, 2.00365832561, 1.99998212521, -0.00306556874657, 1.0413091382, 1.00220655077, -0.883163792291, 2.00845682951, 1.0, 0.0, 2.9412586988, 0.982074750902, 2.03361149068, 1.0, 2.0, 95234.0, 640, 99476.0
-0.999989384857, 1.92835039536, 3.0, 1.0, 0.0, 8.92739762731e-05, 0.0151777517933, 1.0, -1.0, 1.97764258897, -0.975428958235, 1.0, 2.0, 0.394130097289, 0.0, 2.80407765661, 1.00032025251, -0.990140884357, -0.146195491747, -0.0626892418843, 1.01296923614, 0.238422056714, -0.918998598589, -0.124890695596, 0.984419926282, 2.00015046769, -0.953251020125, 1.0034643206, 0.000766116295305, 2.0, 1.00729150151, 2.00004255649, 0.0134330949447, 1.0, 2.96405534424, 1.87249654615, 2.00365832561, 1.99998212521, -0.00306556874657, 1.0413091382, 1.00220655077, -0.883163792291, 2.00845682951, 1.0, 0.0, 2.9412586988, 0.982074750902, 2.03361149068, 1.0, 2.0, 95234.0, 640, 99476.0
-0.999989384857, 1.92835039536, 3.0, 1.0, 0.0, 0.000249981889777, 0.0151777517933, 1.0, -1.0, 1.97764258897, -0.975428955887, 1.0, 2.0, 0.394130097289, 0.0, 2.80407765661, 1.00032025251, -0.990133291332, -0.146195491747, -0.0626920962922, 1.01296923614, 0.238422056714, -0.918998598589, -0.124897095793, 0.984419926282, 2.00015067749, -0.951561133765, 1.0034643206, 0.000775546694748, 2.0, 1.0072915084, 2.00015361042, 0.0134330949447, 1.0, 2.96405534424, 0.81021356931, 2.00365832561, 1.99998212521, 0.000910577513621, 1.04130918391, 1.00319697832, -0.883163792291, 2.00845682951, 1.0, 0.0, 2.9412586988, 0.982074750902, 2.0336219919, 1.0, 2.0347252697, 95199.0, 640, 99476.0
-0.999989384857, 1.92835039536, 3.0, 1.0, 0.0, 0.000249981889777, 0.0151777517933, 1.0, -1.0, 1.97764258897, -0.975428955887, 1.0, 2.0, 0.394130097289, 0.0, 2.80407765661, 1.00032025251, -0.990133291332, -0.146195491747, -0.0626920962922, 1.01296923614, 0.238422056714, -0.918998598589, -0.124897095793, 0.984419926282, 2.00015067749, -0.951561133765, 1.0034643206, 0.000775546694748, 2.0, 1.0072915084, 2.00015361042, 0.0134330949447, 1.0, 2.96405534424, 0.81021356931, 2.00365832561, 1.99998212521, 0.000910577513621, 1.04130918391, 1.00319697832, -0.883163792291, 2.00845682951, 1.0, 0.0, 2.9412586988, 0.982074750902, 2.0336219919, 1.0, 2.0347252697, 95199.0, 640, 99476.0
-0.999989384857, 1.92835039536, 3.0, 1.0, 0.0, 0.000249981889777, 0.0151777517933, 1.0, -1.0, 1.97764258897, -0.975428955887, 1.0, 2.0, 0.394130097289, 0.0, 2.80407765661, 1.00032025251, -0.990133291332, -0.146195491747, -0.0626920962922, 1.01296923614, 0.238422056714, -0.918998598589, -0.124897095793, 0.984419926282, 2.00015067749, -0.951561133765, 1.0034643206, 0.000775546694748, 2.0, 1.0072915084, 2.00015361042, 0.0134330949447, 1.0, 2.96405534424, 0.81021356931, 2.00365832561, 1.99998212521, 0.000910577513621, 1.04130918391, 1.00319697832, -0.883163792291, 2.00845682951, 1.0, 0.0, 2.9412586988, 0.982074750902, 2.0336219919, 1.0, 2.0347252697, 95199.0, 640, 99476.0
-0.999989384857, 1.92835039536, 3.0, 1.0, 0.0, 0.000249981889777, 0.0151777517933, 1.0, -1.0, 1.97764258897, -0.975428955887, 1.0, 2.0, 0.394130097289, 0.0, 2.80407765661, 1.00032025251, -0.990133291332, -0.146195491747, -0.0626920962922, 1.01296923614, 0.238422056714, -0.918998598589, -0.124897095793, 0.984419926282, 2.00015067749, -0.951561133765, 1.0034643206, 0.000775546694748, 2.0, 1.0072915084, 2.00015361042, 0.0134330949447, 1.0, 2.96405534424, 0.81021356931, 2.00365832561, 1.99998212521, 0.000910577513621, 1.04130918391, 1.00319697832, -0.883163792291, 2.00845682951, 1.0, 0.0, 2.9412586988, 0.982074750902, 2.0336219919, 1.0, 2.0347252697, 95199.0, 640, 99476.0
-0.995326554069, 1.92835039536, 3.0, 1.0, 0.0, 8.92739762731e-05, 0.0151777517933, 1.0, -1.0, 1.97463842741, -0.975429014754, 1.0, 2.0, 0.420231471525, 0.0, 2.80407765661, 0.827548285351, -0.990140884357, 0.172492910496, -0.0626892418843, 1.05090762492, 0.238423152399, -0.918998598589, -0.125086758131, 0.984419655451, 2.00014933333, -0.953251020125, 1.00343845439, 0.000742214578841, 2.0, 1.00729150151, 2.00004255649, 0.0134336827272, 0.999963068383, 2.96405534424, 0.844444676866, 2.00365832561, 1.99929906678, 0.336698495252, 1.08633169764, 1.00220655077, -0.882600224457, 2.00845682951, 1.0, 0.0, 2.9412586988, 0.982074750902, 2.0336118944, 1.0, 2.0, 95199.0, 640, 99476.0
-0.995326554069, 1.92835039536, 3.0, 1.0, 0.0, 8.92739762731e-05, 0.0151777517933, 1.0, -1.0, 1.97463842741, -0.975429014754, 1.0, 2.0, 0.420231471525, 0.0, 2.80407765661, 0.827548285351, -0.990140884357, 0.172492910496, -0.0626892418843, 1.05090762492, 0.238423152399, -0.918998598589, -0.125086758131, 0.984419655451, 2.00014933333, -0.953251020125, 1.00343845439, 0.000742214578841, 2.0, 1.00729150151, 2.00004255649, 0.0134336827272, 0.999963068383, 2.96405534424, 0.844444676866, 2.00365832561, 1.99929906678, 0.336698495252, 1.08633169764, 1.00220655077, -0.882600224457, 2.00845682951, 1.0, 0.0, 2.9412586988, 0.982074750902, 2.0336118944, 1.0, 2.0, 95199.0, 640, 99476.0
-0.995326554069, 1.92835039536, 3.0, 1.0, 0.0, 8.92739762731e-05, 0.0151777517933, 1.0, -1.0, 1.97463842741, -0.975429014754, 1.0, 2.0, 0.420231471525, 0.0, 2.80407765661, 0.827548285351, -0.990140884357, 0.172492910496, -0.0626892418843, 1.05090762492, 0.238423152399, -0.918998598589, -0.125086758131, 0.984419655451, 2.00014933333, -0.953251020125, 1.00343845439, 0.000742214578841, 2.0, 1.00729150151, 2.00004255649, 0.0134336827272, 0.999963068383, 2.96405534424, 0.844444676866, 2.00365832561, 1.99929906678, 0.336698495252, 1.08633169764, 1.00220655077, -0.882600224457, 2.00845682951, 1.0, 0.0, 2.9412586988, 0.982074750902, 2.0336118944, 1.0, 2.0, 95199.0, 640, 99476.0
-0.995326554069, 1.92835039536, 3.0, 1.0, 0.0, 8.92739762731e-05, 0.0151777517933, 1.0, -1.0, 1.97463842741, -0.975429014754, 1.0, 2.0, 0.420231471525, 0.0, 2.80407765661, 0.827548285351, -0.990140884357, 0.172492910496, -0.0626892418843, 1.05090762492, 0.238423152399, -0.918998598589, -0.125086758131, 0.984419655451, 2.00014933333, -0.953251020125, 1.00343845439, 0.000742214578841, 2.0, 1.00729150151, 2.00004255649, 0.0134336827272, 0.999963068383, 2.96405534424, 0.844444676866, 2.00365832561, 1.99929906678, 0.336698495252, 1.08633169764, 1.00220655077, -0.882600224457, 2.00845682951, 1.0, 0.0, 2.9412586988, 0.982074750902, 2.0336118944, 1.0, 2.0, 95199.0, 640, 99476.0
-0.995326554069, 1.92835039536, 3.0, 1.0, 0.0, 8.92739762731e-05, 0.0151777517933, 1.0, -1.0, 1.97463842741, -0.975429014754, 1.0, 2.0, 0.420231471525, 0.0, 2.80407765661, 0.827548285351, -0.990140884357, 0.172492910496, -0.0626892418843, 1.05090762492, 0.238423152399, -0.918998598589, -0.125086758131, 0.984419655451, 2.00014933333, -0.953251020125, 1.00343845439, 0.000742214578841, 2.0, 1.00729150151, 2.00004255649, 0.0134336827272, 0.999963068383, 2.96405534424, 0.844444676866, 2.00365832561, 1.99929906678, 0.336698495252, 1.08633169764, 1.00220655077, -0.882600224457, 2.00845682951, 1.0, 0.0, 2.9412586988, 0.982074750902, 2.0336118944, 1.0, 2.0, 95199.0, 640, 99476.0
-0.995326554069, 1.92835039536, 3.0, 1.0, 0.0, 8.92739762731e-05, 0.0151777517933, 1.0, -1.0, 1.97463842741, -0.975429014754, 1.0, 2.0, 0.420231471525, 0.0, 2.80407765661, 0.827548285351, -0.990140884357, 0.172492910496, -0.0626892418843, 1.05090762492, 0.238423152399, -0.918998598589, -0.125086758131, 0.984419655451, 2.00014933333, -0.953251020125, 1.00343845439, 0.000742214578841, 2.0, 1.00729150151, 2.00004255649, 0.0134336827272, 0.999963068383, 2.96405534424, 0.844444676866, 2.00365832561, 1.99929906678, 0.336698495252, 1.08633169764, 1.00220655077, -0.882600224457, 2.00845682951, 1.0, 0.0, 2.9412586988, 0.982074750902, 2.0336118944, 1.0, 2.0, 95199.0, 640, 99476.0
-0.995326554069, 1.92835039536, 3.0, 1.0, 0.0, 8.92739762731e-05, 0.0151777517933, 1.0, -1.0, 1.97463842741, -0.975429014754, 1.0, 2.0, 0.420231471525, 0.0, 2.80407765661, 0.827548285351, -0.990140884357, 0.172492910496, -0.0626892418843, 1.05090762492, 0.238423152399, -0.918998598589, -0.125086758131, 0.984419655451, 2.00014933333, -0.953251020125, 1.00343845439, 0.000742214578841, 2.0, 1.00729150151, 2.00004255649, 0.0134336827272, 0.999963068383, 2.96405534424, 0.844444676866, 2.00365832561, 1.99929906678, 0.336698495252, 1.08633169764, 1.00220655077, -0.882600224457, 2.00845682951, 1.0, 0.0, 2.9412586988, 0.982074750902, 2.0336118944, 1.0, 2.0, 95199.0, 640, 99476.0
-0.995326554069, 1.92835039536, 3.0, 1.0, 0.0, 8.92739762731e-05, 0.0151777517933, 1.0, -1.0, 1.97463842741, -0.975429014754, 1.0, 2.0, 0.420231471525, 0.0, 2.80407765661, 0.827548285351, -0.990140884357, 0.172492910496, -0.0626892418843, 1.05090762492, 0.238423152399, -0.918998598589, -0.125086758131, 0.984419655451, 2.00014933333, -0.953251020125, 1.00343845439, 0.000742214578841, 2.0, 1.00729150151, 2.00004255649, 0.0134336827272, 0.999963068383, 2.96405534424, 0.844444676866, 2.00365832561, 1.99929906678, 0.336698495252, 1.08633169764, 1.00220655077, -0.882600224457, 2.00845682951, 1.0, 0.0, 2.9412586988, 0.982074750902, 2.0336118944, 1.0, 2.0, 95199.0, 640, 99476.0
-0.995326554069, 1.92835039536, 3.0, 1.0, 0.0, 8.92739762731e-05, 0.0151777517933, 1.0, -1.0, 1.97463842741, -0.975429014754, 1.0, 2.0, 0.420231471525, 0.0, 2.80407765661, 0.827548285351, -0.990140884357, 0.172492910496, -0.0626892418843, 1.05090762492, 0.238423152399, -0.918998598589, -0.125086758131, 0.984419655451, 2.00014933333, -0.953251020125, 1.00343845439, 0.000742214578841, 2.0, 1.00729150151, 2.00004255649, 0.0134336827272, 0.999963068383, 2.96405534424, 0.844444676866, 2.00365832561, 1.99929906678, 0.336698495252, 1.08633169764, 1.00220655077, -0.882600224457, 2.00845682951, 1.0, 0.0, 2.9412586988, 0.982074750902, 2.0336118944, 1.0, 2.0, 95199.0, 640, 99476.0
-0.995326554069, 1.92835039536, 3.0, 1.0, 0.0, 8.92739762731e-05, 0.0151777517933, 1.0, -1.0, 1.97463842741, -0.975429014754, 1.0, 2.0, 0.420231471525, 0.0, 2.80407765661, 0.827548285351, -0.990140884357, 0.172492910496, -0.0626892418843, 1.05090762492, 0.238423152399, -0.918998598589, -0.125086758131, 0.984419655451, 2.00014933333, -0.953251020125, 1.00343845439, 0.000742214578841, 2.0, 1.00729150151, 2.00004255649, 0.0134336827272, 0.999963068383, 2.96405534424, 0.844444676866, 2.00365832561, 1.99929906678, 0.336698495252, 1.08633169764, 1.00220655077, -0.882600224457, 2.00845682951, 1.0, 0.0, 2.9412586988, 0.982074750902, 2.0336118944, 1.0, 2.0, 95199.0, 640, 99476.0
-0.995326554069, 1.92835039536, 3.0, 1.0, 0.0, 8.92739762731e-05, 0.0151777517933, 1.0, -1.0, 1.97463842741, -0.975429014754, 1.0, 2.0, 0.420231471525, 0.0, 2.80407765661, 0.827548285351, -0.990140884357, 0.172492910496, -0.0626892418843, 1.05090762492, 0.238423152399, -0.918998598589, -0.125086758131, 0.984419655451, 2.00014933333, -0.953251020125, 1.00343845439, 0.000742214578841, 2.0, 1.00729150151, 2.00004255649, 0.0134336827272, 0.999963068383, 2.96405534424, 0.844444676866, 2.00365832561, 1.99929906678, 0.336698495252, 1.08633169764, 1.00220655077, -0.882600224457, 2.00845682951, 1.0, 0.0, 2.9412586988, 0.982074750902, 2.0336118944, 1.0, 2.0, 95199.0, 640, 99476.0
-0.995326554069, 1.92835039536, 3.0, 1.0, 0.0, 8.92739762731e-05, 0.0151777517933, 1.0, -1.0, 1.97463842741, -0.975429014754, 1.0, 2.0, 0.420231471525, 0.0, 2.80407765661, 0.827548285351, -0.990140884357, 0.172492910496, -0.0626892418843, 1.05090762492, 0.238423152399, -0.918998598589, -0.125086758131, 0.984419655451, 2.00014933333, -0.953251020125, 1.00343845439, 0.000742214578841, 2.0, 1.00729150151, 2.00004255649, 0.0134336827272, 0.999963068383, 2.96405534424, 0.844444676866, 2.00365832561, 1.99929906678, 0.336698495252, 1.08633169764, 1.00220655077, -0.882600224457, 2.00845682951, 1.0, 0.0, 2.9412586988, 0.982074750902, 2.0336118944, 1.0, 2.0, 95199.0, 640, 99476.0
-0.995326554069, 1.92835039536, 3.0, 1.0, 0.0, 8.92739762731e-05, 0.0151777517933, 1.0, -1.0, 1.97463842741, -0.975429014754, 1.0, 2.0, 0.420231471525, 0.0, 2.80407765661, 0.827548285351, -0.990140884357, 0.172492910496, -0.0626892418843, 1.05090762492, 0.238423152399, -0.918998598589, -0.125086758131, 0.984419655451, 2.00014933333, -0.953251020125, 1.00343845439, 0.000742214578841, 2.0, 1.00729150151, 2.00004255649, 0.0134336827272, 0.999963068383, 2.96405534424, 0.844444676866, 2.00365832561, 1.99929906678, 0.336698495252, 1.08633169764, 1.00220655077, -0.882600224457, 2.00845682951, 1.0, 0.0, 2.9412586988, 0.982074750902, 2.0336118944, 1.0, 2.0, 95199.0, 640, 99476.0
-0.995326554069, 1.92835039536, 3.0, 1.0, 0.0, 8.92739762731e-05, 0.0151777517933, 1.0, -1.0, 1.97763893242, -0.975428962097, 1.0, 2.0, 0.420231471525, 0.0, 2.80407765661, 0.827548285351, -0.990140884357, -0.15513973232, -0.0626892418843, 1.05164829138, 0.238423152399, -0.918998598589, -0.125096919443, 0.984419932437, 2.00014934542, -0.953251020125, 1.00346356809, 0.000775987370184, 2.0, 1.0072915016, 2.00004263031, 0.0134336827272, 0.999963068383, 2.96405534424, 0.844444676866, 2.00365832561, 1.9999114193, 0.336698495252, 1.04008356638, 1.00315889495, -0.882608680172, 2.00845682951, 1.0, 0.0, 2.98669968188, 0.982074750902, 2.0336118944, 1.0, 2.0, 95199.0, 640, 99476.0
-0.99532172271, 1.69781511879, 3.0, 1.0, 0.0, -0.00482367027557, -0.0258073788372, 1.0, -1.0, 1.97454292602, -0.987237727793, 1.0, 2.0, 0.419595341012, 0.0, 2.80407765661, 0.83335931397, -0.990139894832, -0.143169387222, -0.0632793170726, 1.01296923614, 0.238490604919, -0.984202985891, -0.124804473734, 0.98438476716, 2.00006642116, -0.995644002119, 1.00337264588, 0.000773439839011, 2.0, 1.00729150951, 1.97926440816, 0.0134336699791, 1.00058380969, 2.89748826645, 0.856370073911, 2.00365832561, 2.02256813623, 0.33869624255, 1.08608439439, 0.923910116059, -0.972251964442, 2.00845682951, 1.0, 0.0, 2.9412586988, 0.982074743597, 2.03193668077, 1.0, -0.845932982463, 95308.0, 621, 99492.0
-0.99532172271, 1.69781511879, 3.0, 1.0, 0.0, -0.00482367027557, -0.0258073788372, 1.0, -1.0, 1.97454292602, -0.987237727793, 1.0, 2.0, 0.419595341012, 0.0, 2.80407765661, 0.83335931397, -0.990139894832, -0.143169387222, -0.0632793170726, 1.01296923614, 0.238490604919, -0.984202985891, -0.124804473734, 0.98438476716, 2.00006642116, -0.995644002119, 1.00337264588, 0.000773439839011, 2.0, 1.00729150951, 1.97926440816, 0.0134336699791, 1.00058380969, 2.89748826645, 0.856370073911, 2.00365832561, 2.02256813623, 0.33869624255, 1.08608439439, 0.923910116059, -0.972251964442, 2.00845682951, 1.0, 0.0, 2.9412586988, 0.982074743597, 2.03193668077, 1.0, -0.845932982463, 95308.0, 621, 99492.0
-0.99830209499, 1.92835039536, 3.0, 1.00097079251, 0.0, -0.0712168000714, -0.0239170567522, 1.0, -0.999994242835, 1.98233556571, -0.975187742797, 1.08221769831, 2.0, -0.982269564153, 0.0, 2.8040776505, 1.01103825149, -0.989649928302, -0.143169387222, -0.0501981740209, 1.01296923614, 0.229120628845, 0.0576907325447, -0.124884625476, 0.984418005564, 2.00014806863, -0.948541992868, 1.27550036802, 0.0566758078076, 1.80437636933, 1.00729211907, 2.00016176742, 0.0134330996175, 1.00185147498, 2.96396878948, 0.854583715439, 2.00365832561, 1.9999996324, -0.0031705717997, 1.04130918235, 1.00218261995, -0.972252015589, 2.00845682951, 1.0, 0.0, 2.9412586988, 0.982074746442, 2.03371242459, 1.0, -0.897984390361, 95300.0, 623, 99486.0
-0.99830209499, 1.92835039536, 3.0, 1.00097079251, 0.0, -0.0712168000714, -0.0239170567522, 1.0, -0.999994242835, 1.98233556571, -0.975187742797, 1.08221769831, 2.0, -0.982269564153, 0.0, 2.8040776505, 1.01103825149, -0.989649928302, -0.143169387222, -0.0501981740209, 1.01296923614, 0.229120628845, 0.0576907325447, -0.124884625476, 0.984418005564, 2.00014806863, -0.948541992868, 1.27550036802, 0.0566758078076, 1.80437636933, 1.00729211907, 2.00016176742, 0.0134330996175, 1.00185147498, 2.96396878948, 0.854583715439, 2.00365832561, 1.9999996324, -0.0031705717997, 1.04130918235, 1.00218261995, -0.972252015589, 2.00845682951, 1.0, 0.0, 2.9412586988, 0.982074746442, 2.03371242459, 1.0, -0.897984390361, 95300.0, 623, 99486.0
-0.99830209499, 1.92835039536, 3.0, 1.00097079251, 0.0, -0.0712168000714, -0.0239170567522, 1.0, -0.999994242835, 1.98233556571, -0.975187742797, 1.08221769831, 2.0, -0.982269564153, 0.0, 2.8040776505, 1.01103825149, -0.989649928302, -0.143169387222, -0.0501981740209, 1.01296923614, 0.229120628845, 0.0576907325447, -0.124884625476, 0.984418005564, 2.00014806863, -0.948541992868, 1.27550036802, 0.0566758078076, 1.80437636933, 1.00729211907, 2.00016176742, 0.0134330996175, 1.00185147498, 2.96396878948, 0.854583715439, 2.00365832561, 1.9999996324, -0.0031705717997, 1.04130918235, 1.00218261995, -0.972252015589, 2.00845682951, 1.0, 0.0, 2.9412586988, 0.982074746442, 2.03371242459, 1.0, -0.897984390361, 95300.0, 623, 99486.0
-0.99830209499, 1.92835039536, 3.0, 1.00097079251, 0.0, -0.0712168000714, -0.0239170567522, 1.0, -0.999994242835, 1.98233556571, -0.975187742797, 1.08221769831, 2.0, -0.982269564153, 0.0, 2.8040776505, 1.01103825149, -0.989649928302, -0.143169387222, -0.0501981740209, 1.01296923614, 0.229120628845, 0.0576907325447, -0.124884625476, 0.984418005564, 2.00014806863, -0.948541992868, 1.27550036802, 0.0566758078076, 1.80437636933, 1.00729211907, 2.00016176742, 0.0134330996175, 1.00185147498, 2.96396878948, 0.854583715439, 2.00365832561, 1.9999996324, -0.0031705717997, 1.04130918235, 1.00218261995, -0.972252015589, 2.00845682951, 1.0, 0.0, 2.9412586988, 0.982074746442, 2.03371242459, 1.0, -0.897984390361, 95300.0, 623, 99486.0
-0.99830209499, 1.92835039536, 3.0, 1.00097079251, 0.0, -0.0712168000714, -0.0239170567522, 1.0, -0.999994242835, 1.98233556571, -0.975187742797, 1.08221769831, 2.0, -0.982269564153, 0.0, 2.8040776505, 1.01103825149, -0.989649928302, -0.143169387222, -0.0501981740209, 1.01296923614, 0.229120628845, 0.0576907325447, -0.124884625476, 0.984418005564, 2.00014806863, -0.948541992868, 1.27550036802, 0.0566758078076, 1.80437636933, 1.00729211907, 2.00016176742, 0.0134330996175, 1.00185147498, 2.96396878948, 0.854583715439, 2.00365832561, 1.9999996324, -0.0031705717997, 1.04130918235, 1.00218261995, -0.972252015589, 2.00845682951, 1.0, 0.0, 2.9412586988, 0.982074746442, 2.03371242459, 1.0, -0.897984390361, 95300.0, 623, 99486.0
-0.99830209499, 1.92835039536, 3.0, 1.00097079251, 0.0, -0.0712168000714, -0.0239170567522, 1.0, -0.999994242835, 1.98233556571, -0.975187742797, 1.08221769831, 2.0, -0.982269564153, 0.0, 2.8040776505, 1.01103825149, -0.989649928302, -0.143169387222, -0.0501981740209, 1.01296923614, 0.229120628845, 0.0576907325447, -0.124884625476, 0.984418005564, 2.00014806863, -0.948541992868, 1.27550036802, 0.0566758078076, 1.80437636933, 1.00729211907, 2.00016176742, 0.0134330996175, 1.00185147498, 2.96396878948, 0.854583715439, 2.00365832561, 1.9999996324, -0.0031705717997, 1.04130918235, 1.00218261995, -0.972252015589, 2.00845682951, 1.0, 0.0, 2.9412586988, 0.982074746442, 2.03371242459, 1.0, -0.897984390361, 95300.0, 623, 99486.0
-0.99830209499, 1.92835039536, 3.0, 1.00097079251, 0.0, -0.0712168000714, -0.0239170567522, 1.0, -0.999994242835, 1.98233556571, -0.975187742797, 1.08221769831, 2.0, -0.982269564153, 0.0, 2.8040776505, 1.01103825149, -0.989649928302, -0.143169387222, -0.0501981740209, 1.01296923614, 0.229120628845, 0.0576907325447, -0.124884625476, 0.984418005564, 2.00014806863, -0.948541992868, 1.27550036802, 0.0566758078076, 1.80437636933, 1.00729211907, 2.00016176742, 0.0134330996175, 1.00185147498, 2.96396878948, 0.854583715439, 2.00365832561, 1.9999996324, -0.0031705717997, 1.04130918235, 1.00218261995, -0.972252015589, 2.00845682951, 1.0, 0.0, 2.9412586988, 0.982074746442, 2.03371242459, 1.0, -0.897984390361, 95300.0, 623, 99486.0
-0.992325592519, 1.92835039536, 3.0, 1.01984514893, 0.0, -0.0777682443892, -0.0258867155686, 1.23031375954, -0.999994280463, 1.92511584116, -0.975187742797, 0.998990196688, 2.0, -0.982269564153, 0.0, 2.80408584218, 1.00185751463, -0.98964945953, -0.143169387222, -0.0501981740209, 1.01296923614, 0.229120628845, 0.0509359615766, -0.124884625476, 0.984418005564, 2.00006510124, -0.948541992868, 1.27550036802, -0.000735727196734, 1.80437636933, 1.00729211907, 1.9978507289, 0.0134330996175, 1.00185147498, 2.94808565365, 0.854655547001, 2.00365832561, 1.9999996324, -0.0031705717997, 1.04130918235, 1.00218261995, -0.97225201498, 2.00845682951, 1.0, 0.0, 2.9412586988, 0.982074746442, 2.03458788333, 1.0, -0.908748030482, 95300.0, 623, 99486.0
-0.99532172271, 1.69781511879, 3.0, 1.0, 0.0, -0.00482367027557, -0.0239165636299, 1.0, -1.0, 1.98212580632, -0.987593436595, 1.0, 2.0, 0.419595341012, 0.0, 2.80407765661, 1.01311268386, -0.990139894832, -0.143169387222, -0.0500638174801, 1.01296923614, 0.238490604919, -0.968525642862, -0.124804030869, 0.98438476716, 2.00006642116, -0.948953568004, 1.00337264588, 0.000818908440478, 2.0, 1.00729150951, 1.99983610244, 0.0134336699791, 1.00058380969, 2.89748826645, 0.856370073911, 2.00365832561, 2.02256813623, 0.33869624255, 1.04134043472, 1.00286752485, -0.972252016707, 2.00845682951, 1.0, 0.0, 2.9412586988, 0.982074743597, 2.03193668077, 1.0, -0.897856557827, 95308.0, 621, 99492.0
-0.999975201977, 1.92835039536, 3.0, 1.0, 0.0, 8.92739762731e-05, 0.0161430063946, 1.0, -1.0, 1.98232999299, -0.975425985721, 1.00023984486, 2.0, 0.394130097289, 0.135311175898, 2.80407765057, 1.00032025251, -0.990140884357, -0.143171910269, -0.0626892418843, 1.01296923614, 0.238422056714, -0.918998598589, -0.124890668539, 0.984419926282, 2.00015053528, -0.953251020125, 1.28402876804, 0.000766116295305, 1.80217396365, 1.00729149652, 2.00004255649, 0.0134330948013, 1.0, 2.96405608029, 1.87249654615, 2.00365832561, 1.99998212521, -0.00306525439693, 1.0413091382, 1.00220614654, -0.883163792291, 2.00845682951, 1.0, 0.0, 2.91246987702, 0.982074746451, 2.35447021202, 1.0, 2.0, 95234.0, 640, 99476.0
-0.999975201977, 1.92835039536, 3.0, 1.0, 0.0, 8.92739762731e-05, 0.0161430063946, 1.0, -1.0, 1.98232999299, -0.975425985721, 1.00023984486, 2.0, 0.394130097289, 0.135311175898, 2.80407765057, 1.00032025251, -0.990140884357, -0.143171910269, -0.0626892418843, 1.01296923614, 0.238422056714, -0.918998598589, -0.124890668539, 0.984419926282, 2.00015053528, -0.953251020125, 1.28402876804, 0.000766116295305, 1.80217396365, 1.00729149652, 2.00004255649, 0.0134330948013, 1.0, 2.96405608029, 1.87249654615, 2.00365832561, 1.99998212521, -0.00306525439693, 1.0413091382, 1.00220614654, -0.883163792291, 2.00845682951, 1.0, 0.0, 2.91246987702, 0.982074746451, 2.35447021202, 1.0, 2.0, 95234.0, 640, 99476.0
-0.999975201977, 1.92835039536, 3.0, 1.0, 0.0, 8.92739762731e-05, 0.0161430063946, 1.0, -1.0, 1.98232999299, -0.975425985721, 1.00023984486, 2.0, 0.394130097289, 0.135311175898, 2.80407765057, 1.00032025251, -0.990140884357, -0.143171910269, -0.0626892418843, 1.01296923614, 0.238422056714, -0.918998598589, -0.124890668539, 0.984419926282, 2.00015053528, -0.953251020125, 1.28402876804, 0.000766116295305, 1.80217396365, 1.00729149652, 2.00004255649, 0.0134330948013, 1.0, 2.96405608029, 1.87249654615, 2.00365832561, 1.99998212521, -0.00306525439693, 1.0413091382, 1.00220614654, -0.883163792291, 2.00845682951, 1.0, 0.0, 2.91246987702, 0.982074746451, 2.35447021202, 1.0, 2.0, 95234.0, 640, 99476.0
-0.999975201977, 1.92835039536, 3.0, 1.0, 0.0, 8.92739762731e-05, 0.0161430063946, 1.0, -1.0, 1.98232999299, -0.975425985721, 1.00023984486, 2.0, 0.394130097289, 0.135311175898, 2.80407765057, 1.00032025251, -0.990140884357, -0.143171910269, -0.0626892418843, 1.01296923614, 0.238422056714, -0.918998598589, -0.124890668539, 0.984419926282, 2.00015053528, -0.953251020125, 1.28402876804, 0.000766116295305, 1.80217396365, 1.00729149652, 2.00004255649, 0.0134330948013, 1.0, 2.96405608029, 1.87249654615, 2.00365832561, 1.99998212521, -0.00306525439693, 1.0413091382, 1.00220614654, -0.883163792291, 2.00845682951, 1.0, 0.0, 2.91246987702, 0.982074746451, 2.35447021202, 1.0, 2.0, 95234.0, 640, 99476.0
-0.999954491805, 1.92835039536, 3.0, 1.0, 0.0, -0.0720695399518, -0.0259001658928, 1.0, -1.0, 1.98253429016, -0.975429015514, 1.0, 2.0, -0.982810062534, 0.0, 2.80407765661, 0.835913213172, -0.989649470788, -0.143169387222, -0.0627301020583, 1.01296923614, 0.229120628845, 0.0576907325447, -0.124884585399, 0.984417071729, 2.0000657407, -0.948399086891, 1.27683361457, 0.312900721327, 2.0, 1.00729211907, 2.00016176742, 0.0134330365184, 1.0005660086, 2.96426912064, 0.856229668808, 2.00365832561, 1.99999965956, -0.00302448973198, 1.04131228578, 1.0056264611, -0.971784402426, 2.00845682951, 1.0, 0.0, 2.9412586988, 0.982074582461, 2.03373034564, 1.0, -0.907945047084, 95300.0, 623, 99486.0
-0.999989384857, 1.92835039536, 3.0, 1.0, 0.0, 8.92739762731e-05, 0.0151777517933, 1.0, -1.0, 1.97764258897, -0.975428958235, 1.0, 2.0, 0.394130097289, -0.371647830661, 2.80407765661, 1.00032025251, -0.990140884357, -0.146195491747, -0.0626892418843, 1.01296923614, 0.238422056714, -0.918998598589, -0.124890695596, 0.984419926282, 2.00015046769, -0.953251020125, 1.0034643206, 0.000766116295305, 2.0, 1.00729150151, 2.00004255649, 0.0134330949447, 1.0, 2.96405534424, 1.87249654615, 2.00365832561, 1.99998212521, -0.00306556874657, 1.0413091382, 1.00220655077, -0.883163792291, 2.00845682951, 1.0, 0.0, 2.9412586988, 0.982074750902, 2.03361149068, 1.0, 2.0, 95234.0, 640, 99476.0
-0.999989384857, 1.92835039536, 3.0, 1.0, 0.0, 8.92739762731e-05, 0.0151777517933, 1.0, -1.0, 1.97764258897, -0.975428958235, 1.0, 2.0, 0.394130097289, -0.371647830661, 2.80407765661, 1.00032025251, -0.990140884357, -0.146195491747, -0.0626892418843, 1.01296923614, 0.238422056714, -0.918998598589, -0.124890695596, 0.984419926282, 2.00015046769, -0.953251020125, 1.0034643206, 0.000766116295305, 2.0, 1.00729150151, 2.00004255649, 0.0134330949447, 1.0, 2.96405534424, 1.87249654615, 2.00365832561, 1.99998212521, -0.00306556874657, 1.0413091382, 1.00220655077, -0.883163792291, 2.00845682951, 1.0, 0.0, 2.9412586988, 0.982074750902, 2.03361149068, 1.0, 2.0, 95234.0, 640, 99476.0
-0.999989384857, 1.92835039536, 3.0, 1.0, 0.0, 8.92739762731e-05, 0.0151777517933, 1.0, -1.0, 1.97764258897, -0.975428958235, 1.0, 2.0, 0.394130097289, 0.129874670353, 2.80407765661, 1.00032025251, -0.990140884357, -0.146195491747, -0.0626892418843, 1.01296923614, 0.238422056714, -0.918998598589, -0.124890695596, 0.984419926282, 2.00015046769, -0.953251020125, 1.0034643206, 0.000766116295305, 2.0, 1.00729150151, 2.00004255649, 0.0134330949447, 1.0, 2.96405534424, 1.87249654615, 2.00365832561, 1.99998212521, -0.00306556874657, 1.0413091382, 1.00220655077, -0.883163792291, 2.00845682951, 1.0, 0.0, 2.9412586988, 0.982074750902, 2.03361149068, 1.0, 2.0, 95234.0, 640, 99476.0
-0.999989384857, 1.92835039536, 3.0, 1.0, 0.0, 8.92739762731e-05, 0.0151777517933, 1.0, -1.0, 1.97764258897, -0.975428958235, 1.0, 2.0, 0.394130097289, 0.129874670353, 2.80407765661, 1.00032025251, -0.990140884357, -0.146195491747, -0.0626892418843, 1.01296923614, 0.238422056714, -0.918998598589, -0.124890695596, 0.984419926282, 2.00015046769, -0.953251020125, 1.0034643206, 0.000766116295305, 2.0, 1.00729150151, 2.00004255649, 0.0134330949447, 1.0, 2.96405534424, 1.87249654615, 2.00365832561, 1.99998212521, -0.00306556874657, 1.0413091382, 1.00220655077, -0.883163792291, 2.00845682951, 1.0, 0.0, 2.9412586988, 0.982074750902, 2.03361149068, 1.0, 2.0, 95234.0, 640, 99476.0
-0.574370451297, 2.11355109242, 3.0, 1.0, 0.348927161797, 0.166088653695, -0.0257915609126, 1.0, -1.0, 1.9245122452, -0.975583558838, 1.0, 2.0, -1.0, 0.0, 2.80407765661, 0.834495503763, -0.989649470788, -0.143169387222, 1.97351557133, 1.01296923614, 0.238494097149, -0.979568941684, -0.124804473734, 1.00958736014, 2.00006642466, -0.995497551705, 1.0, 0.000753353277803, 2.0, 1.00729211924, 1.97929244215, 0.0134336697792, 1.00059944246, 2.94825601417, 1.10843194941, 2.00365832561, 2.02256813623, 0.000843733644118, 1.04152945671, 0.923001092796, -0.972359909552, 2.00845682951, 1.0, 0.0, 2.9412586988, 0.982074580645, 2.03195789544, 1.0, -0.620982057928, 95525.0, 604, 99503.0
-1.0, 1.92835039536, 3.0, 1.0, 0.0, 0.0, 0.014997155781, 1.0, -1.0, 1.98394065004, -0.975424000374, 1.0, 2.0, -1.0, 0.0, 2.80407765661, 1.00518463584, -0.989726876099, -0.143169387222, -0.0634268956659, 1.01296923614, 0.228973031826, 0.0626790953656, -0.110523428059, 0.984419926282, 2.00007080994, -0.969156870767, 1.0017828817, 0.0, 2.0, 1.00729149921, 2.00041936422, 0.0134336697792, 1.0, 2.94801955995, 0.846126639397, 2.00365832561, 2.0, 0.000843733644118, 1.0413091382, 1.00218367924, -0.970855391128, 2.00845682951, 1.0, 0.0, 2.9412586988, 0.982074750902, 2.03361149068, 1.0, 2.0, 95191.0, 642, 99470.0
-1.0, 1.92835039536, 3.0, 1.0, 0.0, 0.0, 0.014997155781, 1.0, -1.0, 1.98394065004, -0.975424000374, 1.0, 2.0, -1.0, 0.0, 2.80407765661, 1.00518463584, -0.989726876099, -0.143169387222, -0.0634268956659, 1.01296923614, 0.228973031826, 0.0626790953656, -0.110523428059, 0.984419926282, 2.00007080994, -0.969156870767, 1.0017828817, 0.0, 2.0, 1.00729149921, 2.00041936422, 0.0134336697792, 1.0, 2.94801955995, 0.846126639397, 2.00365832561, 2.0, 0.000843733644118, 1.0413091382, 1.00218367924, -0.970855391128, 2.00845682951, 1.0, 0.0, 2.9412586988, 0.982074750902, 2.03361149068, 1.0, 2.0, 95191.0, 642, 99470.0
-1.0, 1.92835039536, 3.0, 1.0, 0.0, 0.0, 0.014997155781, 1.0, -1.0, 1.98394065004, -0.975424000374, 1.0, 2.0, -1.0, 0.0, 2.80407765661, 1.00518463584, -0.989726876099, -0.143169387222, -0.0634268956659, 1.01296923614, 0.228973031826, 0.0626790953656, -0.110523428059, 0.984419926282, 2.00007080994, -0.969156870767, 1.0017828817, 0.0, 2.0, 1.00729149921, 2.00041936422, 0.0134336697792, 1.0, 2.94801955995, 0.846126639397, 2.00365832561, 2.0, 0.000843733644118, 1.0413091382, 1.00218367924, -0.970855391128, 2.00845682951, 1.0, 0.0, 2.9412586988, 0.982074750902, 2.03361149068, 1.0, 2.0, 95191.0, 642, 99470.0
-0.999989384857, 1.92835039536, 3.0, 1.0, 0.0, 8.92739762731e-05, 0.0151777517933, 1.0, -1.0, 1.9745995837, -0.975428957835, 1.0, 2.0, 0.420004081142, 0.0, 2.80407765661, 1.00173586596, -0.990140884357, -0.146195491747, -0.0626892418843, 1.01296923614, 0.238422056714, -0.918998598589, -0.124890695596, 0.984419926282, 2.00015046769, -0.953251020125, 1.0034643206, 0.000766132549925, 2.0, 1.00729150151, 2.00004255649, 0.0134330967153, 1.0, 2.96405534424, 0.830491781187, 2.00365832561, 1.99998212521, 0.332769825944, 1.08531794829, 1.00220655077, -0.88258935761, 2.00845682951, 1.0, 0.0, 2.9412586988, 0.982074750902, 2.03361189804, 1.0, 2.0, 95199.0, 640, 99476.0
-0.999989384857, 1.92835039536, 3.0, 1.0, 0.0, 8.92739762731e-05, 0.0151777517933, 1.0, -1.0, 1.9745995837, -0.975428957835, 1.0, 2.0, 0.420004081142, 0.0, 2.80407765661, 1.00173586596, -0.990140884357, -0.146195491747, -0.0626892418843, 1.01296923614, 0.238422056714, -0.918998598589, -0.124890695596, 0.984419926282, 2.00015046769, -0.953251020125, 1.0034643206, 0.000766132549925, 2.0, 1.00729150151, 2.00004255649, 0.0134330967153, 1.0, 2.96405534424, 0.830491781187, 2.00365832561, 1.99998212521, 0.332769825944, 1.08531794829, 1.00220655077, -0.88258935761, 2.00845682951, 1.0, 0.0, 2.9412586988, 0.982074750902, 2.03361189804, 1.0, 2.0, 95199.0, 640, 99476.0
-0.999989384857, 1.92835039536, 3.0, 1.0, 0.0, 8.92739762731e-05, 0.0151777517933, 1.0, -1.0, 1.9745995837, -0.975428957835, 1.0, 2.0, 0.420004081142, 0.0, 2.80407765661, 1.00173586596, -0.990140884357, -0.146195491747, -0.0626892418843, 1.01296923614, 0.238422056714, -0.918998598589, -0.124890695596, 0.984419926282, 2.00015046769, -0.953251020125, 1.0034643206, 0.000766132549925, 2.0, 1.00729150151, 2.00004255649, 0.0134330967153, 1.0, 2.96405534424, 0.830491781187, 2.00365832561, 1.99998212521, 0.332769825944, 1.08531794829, 1.00220655077, -0.88258935761, 2.00845682951, 1.0, 0.0, 2.9412586988, 0.982074750902, 2.03361189804, 1.0, 2.0, 95199.0, 640, 99476.0
-0.995327429201, 1.92835039536, 2.86324084965, 0.999926250768, 0.0, -0.00482618739848, -0.0258073788372, 0.868954594828, -0.999994387446, 1.9245122452, -0.975429015514, 1.0, 2.0, 0.39885294921, 0.0, 2.80407765661, 0.835502318282, -0.989649941496, -0.143169387222, -0.0632596328081, 1.01296923614, 0.238494097149, -0.979568941684, -0.124883743229, 0.98438476716, 2.00006642116, -0.995497551705, 1.26566100725, 0.000775588501113, 2.0, 1.00729211925, 1.97928469146, 0.0134336697792, 1.00181265434, 2.94825392054, 0.856370073911, 2.00365832561, 1.89173748011, 0.000843733644118, 1.04131228275, 0.99842722328, -0.972251964687, 1.60167143639, 1.0, 0.0, 2.9412586988, 0.982074582468, 2.03193668077, 1.0, -0.876870030902, 95308.0, 621, 99492.0
-0.995327429201, 1.92835039536, 2.86324084965, 0.999926250768, 0.0, -0.00482618739848, -0.0258073788372, 0.868954594828, -0.999994387446, 1.9245122452, -0.975429015514, 1.0, 2.0, 0.39885294921, 0.0, 2.80407765661, 0.835502318282, -0.989649941496, -0.143169387222, -0.0632596328081, 1.01296923614, 0.238494097149, -0.979568941684, -0.124883743229, 0.98438476716, 2.00006642116, -0.995497551705, 1.26566100725, 0.000775588501113, 2.0, 1.00729211925, 1.97928469146, 0.0134336697792, 1.00181265434, 2.94825392054, 0.856370073911, 2.00365832561, 1.89173748011, 0.000843733644118, 1.04131228275, 0.99842722328, -0.972251964687, 1.60167143639, 1.0, 0.0, 2.9412586988, 0.982074582468, 2.03193668077, 1.0, -0.876870030902, 95308.0, 621, 99492.0
-0.557485775441, 1.92835039536, 3.0, 1.0, 0.0, 6.90151210496e-05, -0.0239435042576, 1.0, -1.0, 2.99781230642, -0.975424000374, 1.0, 2.0, -0.981130589578, 0.00339925192905, 2.80407765661, 1.00518463584, -0.989651587482, -0.143169387222, -0.0632691191172, 1.01296923614, 0.228973031826, -0.979568941684, -0.110523428059, 0.984384382227, 2.00007080994, -0.969677276232, 1.0, 0.000757306085804, 2.0, 1.00729211924, 1.97928466282, 0.0134336697792, 1.0, 2.9481633097, 0.857136050318, 2.00365832561, 2.02178551544, 0.000843733644118, 1.0413090264, 0.923820730167, -0.972251964442, 2.00798728317, 1.0, -0.229537673026, 2.9412586988, 0.982074751309, 2.03361149068, 1.0, -0.900906827316, 95481.0, 604, 99503.0
-0.557340096368, 1.92835039536, 3.0, 1.0, 0.0, -1.7349645372e-05, -0.0239937376691, 1.0, -1.0, 1.9245122452, -0.975429367719, 1.0, 2.0, 0.39885294921, -0.00347821142247, 2.26508834901, 0.833344240365, -0.989649470788, -0.143169387222, -0.0632692950661, 1.01296923614, 0.238845293488, -0.979568941684, -0.124804473734, 0.984384376772, 2.00006642116, -0.969525085666, 1.0, 0.000757181766733, 2.0, 1.00729211924, 1.97928466312, 0.0134336697792, 1.00059937622, 2.94825384131, 0.856230163702, 2.00365832561, 2.0217980215, 0.000843733644118, 1.02257006673, 0.923899931463, -0.972251964442, 2.00845682951, 1.0, 0.000931113490588, 2.9412586988, 0.98207458316, 2.03195839047, 1.0, -0.908276229834, 95295.0, 621, 99492.0
