1.0, 0.0, 1.0, 2.0, -1.0, 2.0, 1.0, 0.0, -1.0, 1.0, 0.0, 2.0, 1.0, 0.0, -1.0, 0.0, -1.0, 2.0, 0.0, 1.0, 1.0, -1.0, -1.0, -1.0, 2.0, -1.0, 2.0, 2.0, 0.0, 1.0, 0.0, 3.0, 0.0, -1.0, 2.0, 2.0, 1.0, 1.0, -1.0, 1.0, 0.0, 1.0, 0.0, 2.0, 2.0, 1.0, 0.0, 3.0, 3.0, 0.0, 96409.0, 555.0, 99467.0
2.0, 0.0, -1.0, 2.0, 2.0, 1.0, 2.0, -1.0, -1.0, 0.0, 0.0, -1.0, 0.0, 1.0, 0.0, 2.0, 1.0, 0.0, 0.0, -1.0, 2.0, 1.0, -1.0, 1.0, -1.0, -1.0, 1.0, 2.0, 1.0, 0.0, 1.0, 3.0, 0.0, 0.0, -1.0, 0.0, -1.0, 0.0, 3.0, -1.0, 3.0, -1.0, 2.0, -1.0, 2.0, 2.0, 0.0, -1.0, 2.0, 1.0, 96974.0, 499.0, 99534.0
-1.0, 1.0, -1.0, 0.0, 1.0, 2.0, 0.0, 3.0, -1.0, -1.0, 3.0, 0.0, 1.0, 1.0, 0.0, 1.0, -1.0, 2.0, -1.0, 2.0, 1.0, 2.0, 1.0, -1.0, -1.0, 3.0, -1.0, 3.0, 3.0, -1.0, -1.0, 3.0, -1.0, 3.0, -1.0, -1.0, 1.0, 2.0, -1.0, 2.0, 2.0, -1.0, 0.0, 2.0, 2.0, 1.0, 0.0, 2.0, 2.0, 0.0, 97311.0, 472.0, 99545.0
1.0, -1.0, 0.0, 3.0, 2.0, 2.0, 3.0, 2.0, -1.0, -1.0, 0.0, 0.0, 1.0, 0.0, -1.0, 1.0, -1.0, 2.0, 0.0, 0.0, 3.0, -1.0, -1.0, 0.0, -1.0, 1.0, 0.0, 3.0, 2.0, 0.0, 1.0, 2.0, 0.0, 1.0, 1.0, 0.0, 2.0, 3.0, 2.0, 0.0, 1.0, -1.0, -1.0, 3.0, 1.0, 3.0, 0.0, -1.0, 0.0, 1.0, 96800.0, 528.0, 99477.0
-1.0, 1.0, -1.0, 0.0, 1.0, 2.0, 1.0, 3.0, -1.0, -1.0, 3.0, -1.0, -1.0, 1.0, 0.0, 1.0, -1.0, 2.0, -1.0, 2.0, 1.0, 2.0, 1.0, -1.0, -1.0, 3.0, -1.0, 3.0, 3.0, -1.0, -1.0, 3.0, -1.0, 3.0, 1.0, -1.0, 1.0, 2.0, 0.0, 2.0, 2.0, -1.0, 0.0, 2.0, 2.0, 1.0, 0.0, 2.0, 2.0, 0.0, 97428.0, 471.0, 99549.0
1.0, 0.0, 1.0, 2.0, -1.0, 2.0, 1.0, 0.0, -1.0, 1.0, 0.0, 2.0, 1.0, 0.0, -1.0, 0.0, -1.0, 2.0, 0.0, 1.0, 1.0, -1.0, -1.0, -1.0, 2.0, -1.0, 2.0, 2.0, 0.0, 1.0, 0.0, 3.0, 0.0, -1.0, 2.0, 2.0, 1.0, 1.0, -1.0, 1.0, 0.0, 1.0, 0.0, 2.0, 2.0, 1.0, 0.0, 3.0, 3.0, 0.0, 96409.0, 555.0, 99467.0
3.0, 1.0, 0.0, 2.0, 0.0, 3.0, 1.0, 1.0, 1.0, 1.0, 0.0, 2.0, 1.0, -1.0, 3.0, 1.0, -1.0, 1.0, 1.0, 2.0, 2.0, 2.0, 0.0, 1.0, 0.0, 1.0, -1.0, 0.0, 0.0, 0.0, 3.0, 2.0, 0.0, 3.0, 0.0, -1.0, 2.0, 2.0, 0.0, 1.0, 3.0, -1.0, -1.0, 3.0, 0.0, 3.0, 2.0, 2.0, -1.0, 0.0, 96465.0, 599.0, 99427.0
-1.0, 1.0, -1.0, 2.0, 1.0, 2.0, 0.0, 3.0, -1.0, -1.0, 0.0, 0.0, 1.0, 1.0, 0.0, 1.0, 1.0, 2.0, -1.0, 2.0, 1.0, 2.0, 1.0, 0.0, -1.0, -1.0, -1.0, 3.0, 3.0, -1.0, -1.0, 3.0, -1.0, 3.0, -1.0, -1.0, 1.0, 2.0, 3.0, 2.0, 2.0, -1.0, 0.0, 2.0, 2.0, 1.0, 0.0, 2.0, 2.0, 0.0, 97149.0, 500.0, 99529.0
3.0, 1.0, 0.0, 2.0, 0.0, 3.0, 1.0, 1.0, 1.0, 1.0, 0.0, 2.0, 1.0, -1.0, 3.0, -1.0, 1.0, 1.0, 1.0, 2.0, 2.0, 2.0, 0.0, 1.0, 0.0, 1.0, -1.0, 0.0, 0.0, 0.0, 3.0, 2.0, 0.0, 3.0, 0.0, -1.0, 2.0, 2.0, 0.0, 1.0, 3.0, 1.0, -1.0, 3.0, 0.0, 3.0, 2.0, 2.0, -1.0, 0.0, 96281.0, 623.0, 99410.0
1.0, 0.0, 0.0, 3.0, 2.0, 2.0, 3.0, 2.0, -1.0, 1.0, 3.0, 0.0, 3.0, 0.0, -1.0, 1.0, -1.0, 1.0, 0.0, 0.0, 3.0, 0.0, -1.0, 0.0, -1.0, 1.0, 0.0, 3.0, 2.0, 0.0, 1.0, 3.0, 0.0, 1.0, 1.0, -1.0, 2.0, 3.0, 2.0, 0.0, 1.0, -1.0, -1.0, 2.0, 1.0, 3.0, 0.0, -1.0, 0.0, 1.0, 96664.0, 555.0, 99447.0
3.0, 1.0, 1.0, 2.0, 0.0, 3.0, 1.0, 1.0, 1.0, 1.0, 0.0, 2.0, -1.0, -1.0, 3.0, 2.0, 1.0, 1.0, 1.0, 2.0, 0.0, 2.0, 0.0, 1.0, 0.0, 1.0, 3.0, 0.0, 0.0, 3.0, 3.0, 3.0, 0.0, 3.0, 0.0, -1.0, 2.0, 1.0, 0.0, 1.0, 3.0, -1.0, -1.0, 3.0, 0.0, 3.0, 0.0, 2.0, -1.0, 2.0, 96446.0, 620.0, 99411.0
1.0, 0.0, 1.0, 2.0, -1.0, 2.0, 1.0, 0.0, -1.0, 1.0, 0.0, 2.0, -1.0, 0.0, -1.0, 0.0, -1.0, 2.0, 0.0, 1.0, 1.0, -1.0, -1.0, -1.0, 2.0, 3.0, 2.0, 2.0, 0.0, 1.0, 0.0, 3.0, 0.0, -1.0, 2.0, 2.0, 1.0, 1.0, -1.0, 1.0, 0.0, 1.0, 0.0, 2.0, 2.0, 1.0, 0.0, 3.0, 3.0, 0.0, 96480.0, 557.0, 99466.0
-1.0, 1.0, -1.0, 0.0, 1.0, 2.0, 0.0, 3.0, -1.0, -1.0, 3.0, 0.0, 1.0, 1.0, 0.0, 1.0, -1.0, 2.0, -1.0, 2.0, 1.0, 2.0, 1.0, -1.0, -1.0, -1.0, -1.0, 3.0, 3.0, -1.0, -1.0, 3.0, -1.0, 0.0, -1.0, -1.0, 1.0, 2.0, 3.0, 2.0, 2.0, -1.0, 0.0, 2.0, 2.0, 1.0, 0.0, 2.0, 2.0, 0.0, 97243.0, 470.0, 99550.0
1.0, 0.0, 1.0, 2.0, -1.0, 2.0, 1.0, 0.0, -1.0, 1.0, 0.0, 2.0, 1.0, 0.0, -1.0, 0.0, -1.0, 2.0, 0.0, 1.0, 1.0, -1.0, -1.0, -1.0, 2.0, -1.0, -1.0, 2.0, 0.0, 1.0, 0.0, 3.0, 0.0, -1.0, 2.0, 2.0, 1.0, 1.0, -1.0, 1.0, 0.0, 1.0, 0.0, 2.0, 2.0, 1.0, 0.0, 3.0, 3.0, 0.0, 96445.0, 537.0, 99481.0
3.0, 1.0, 0.0, 2.0, 0.0, 3.0, 1.0, 1.0, 1.0, 1.0, 0.0, 2.0, 1.0, -1.0, 3.0, 1.0, -1.0, 1.0, 1.0, 2.0, 2.0, 2.0, 0.0, 1.0, 0.0, 1.0, -1.0, 0.0, 0.0, 0.0, 3.0, 2.0, 0.0, 3.0, 0.0, -1.0, -1.0, 2.0, 0.0, 1.0, 3.0, -1.0, -1.0, 3.0, 0.0, 3.0, 2.0, 2.0, -1.0, 0.0, 96554.0, 587.0, 99444.0
-1.0, 1.0, -1.0, 0.0, 1.0, 2.0, 2.0, 3.0, -1.0, -1.0, 3.0, 0.0, 1.0, 1.0, 0.0, 1.0, -1.0, 2.0, -1.0, 2.0, 1.0, 2.0, 1.0, -1.0, -1.0, -1.0, -1.0, 3.0, 2.0, 0.0, -1.0, 3.0, -1.0, 3.0, 2.0, -1.0, 1.0, 2.0, 3.0, 2.0, 2.0, -1.0, 0.0, 2.0, 2.0, 1.0, 0.0, 2.0, 2.0, 0.0, 97242.0, 494.0, 99527.0
1.0, 1.0, 1.0, 2.0, 0.0, 2.0, 1.0, 1.0, 1.0, 1.0, 0.0, 2.0, -1.0, -1.0, 3.0, 0.0, 1.0, 2.0, 1.0, 2.0, 2.0, 2.0, 0.0, 1.0, 0.0, 1.0, 3.0, 0.0, 0.0, 3.0, 3.0, 2.0, -1.0, 1.0, 0.0, -1.0, 2.0, 2.0, -1.0, 1.0, 3.0, -1.0, -1.0, 3.0, 0.0, 3.0, 2.0, 2.0, 2.0, 2.0, 96621.0, 596.0, 99426.0
-1.0, 1.0, -1.0, 0.0, 1.0, 2.0, 0.0, 3.0, -1.0, -1.0, 3.0, 0.0, 1.0, 1.0, 0.0, 1.0, -1.0, 2.0, -1.0, 2.0, 1.0, 2.0, 1.0, -1.0, -1.0, 3.0, -1.0, 3.0, 3.0, -1.0, -1.0, 3.0, -1.0, 3.0, -1.0, -1.0, 1.0, 2.0, -1.0, 2.0, 2.0, -1.0, 0.0, 2.0, 2.0, 1.0, 0.0, 2.0, 2.0, 0.0, 97311.0, 472.0, 99545.0
-1.0, 1.0, -1.0, 0.0, 0.0, 2.0, 2.0, 3.0, -1.0, -1.0, 3.0, 0.0, 1.0, 1.0, 0.0, 1.0, -1.0, 2.0, -1.0, 2.0, 1.0, 2.0, 1.0, -1.0, -1.0, 3.0, -1.0, 3.0, 3.0, 0.0, -1.0, 3.0, -1.0, 3.0, 0.0, -1.0, 1.0, 2.0, 3.0, 2.0, 2.0, -1.0, 0.0, 2.0, 2.0, 1.0, 0.0, 2.0, 2.0, 0.0, 97173.0, 512.0, 99515.0
1.0, 0.0, 0.0, 3.0, 2.0, 2.0, 3.0, 2.0, -1.0, 1.0, 3.0, 0.0, 3.0, 0.0, -1.0, 1.0, -1.0, 1.0, 0.0, 0.0, 3.0, 0.0, -1.0, 0.0, -1.0, 1.0, 2.0, 3.0, 2.0, 0.0, 1.0, 3.0, 0.0, 1.0, 1.0, -1.0, 2.0, 3.0, 2.0, 0.0, 1.0, 1.0, -1.0, 2.0, 1.0, 3.0, 0.0, -1.0, 0.0, 1.0, 96610.0, 573.0, 99436.0
2.0, 0.0, -1.0, 2.0, 2.0, 1.0, 2.0, -1.0, -1.0, 0.0, -1.0, -1.0, 0.0, 1.0, 0.0, 2.0, 1.0, 0.0, 0.0, -1.0, 2.0, 1.0, -1.0, 1.0, -1.0, -1.0, 1.0, 2.0, 1.0, 0.0, 1.0, 3.0, 0.0, 0.0, -1.0, 0.0, -1.0, 0.0, 3.0, -1.0, 3.0, -1.0, 2.0, -1.0, 2.0, 2.0, 0.0, -1.0, 2.0, 1.0, 97130.0, 487.0, 99547.0
2.0, 3.0, 2.0, 1.0, 0.0, 1.0, 0.0, 0.0, 0.0, 3.0, 0.0, 0.0, 2.0, 2.0, -1.0, 0.0, 2.0, 1.0, 0.0, 0.0, 2.0, -1.0, -1.0, 2.0, 3.0, -1.0, 1.0, 2.0, 2.0, 3.0, 2.0, 2.0, 0.0, 0.0, 1.0, -1.0, 3.0, -1.0, -1.0, 1.0, 2.0, 1.0, 3.0, 1.0, 2.0, 1.0, 0.0, 0.0, -1.0, 2.0, 96497.0, 595.0, 99430.0
1.0, -1.0, 0.0, 3.0, 2.0, 2.0, 3.0, 2.0, -1.0, -1.0, 0.0, 0.0, 1.0, 0.0, -1.0, 1.0, -1.0, 2.0, -1.0, 0.0, 3.0, -1.0, -1.0, 0.0, -1.0, 1.0, 0.0, 3.0, 2.0, 0.0, 1.0, 2.0, 0.0, 1.0, 1.0, 0.0, 2.0, 3.0, 2.0, 0.0, 2.0, -1.0, -1.0, 3.0, 1.0, 3.0, 0.0, -1.0, 0.0, 1.0, 96968.0, 518.0, 99494.0
-1.0, 1.0, -1.0, 0.0, 1.0, 2.0, 1.0, 3.0, -1.0, -1.0, 3.0, -1.0, -1.0, 1.0, 0.0, 1.0, -1.0, 2.0, 0.0, 2.0, 1.0, 2.0, 1.0, -1.0, -1.0, 3.0, -1.0, 3.0, 3.0, -1.0, -1.0, 3.0, -1.0, 3.0, 1.0, -1.0, 1.0, 2.0, 0.0, 2.0, 1.0, -1.0, 0.0, 2.0, 2.0, 1.0, 0.0, 2.0, 2.0, 0.0, 97260.0, 481.0, 99532.0
1.0, 0.0, 1.0, 2.0, 1.0, 2.0, 1.0, 0.0, -1.0, 1.0, 0.0, 2.0, -1.0, 0.0, -1.0, 0.0, -1.0, 2.0, 0.0, 1.0, 1.0, -1.0, -1.0, 0.0, 2.0, -1.0, 2.0, 2.0, 0.0, 1.0, 0.0, 3.0, 0.0, -1.0, 2.0, 2.0, 1.0, 1.0, -1.0, 1.0, 0.0, 1.0, 0.0, 2.0, 2.0, 1.0, 0.0, 3.0, 3.0, 0.0, 96382.0, 565.0, 99455.0
2.0, 3.0, -1.0, 0.0, -1.0, 3.0, 2.0, 0.0, 0.0, 1.0, 1.0, -1.0, 0.0, 0.0, 1.0, -1.0, 1.0, 0.0, 2.0, 3.0, 0.0, 1.0, 1.0, 1.0, -1.0, -1.0, 3.0, 1.0, 1.0, 0.0, -1.0, 2.0, 3.0, 2.0, 0.0, -1.0, 2.0, 1.0, 2.0, 2.0, 2.0, 2.0, 2.0, 0.0, 0.0, 3.0, 2.0, 0.0, 1.0, 0.0, 96482.0, 588.0, 99443.0
-1.0, 1.0, -1.0, 0.0, 1.0, 2.0, 2.0, 3.0, -1.0, -1.0, 3.0, 0.0, 1.0, 1.0, -1.0, 1.0, -1.0, 2.0, -1.0, 2.0, 1.0, 2.0, 1.0, -1.0, -1.0, -1.0, -1.0, 3.0, 3.0, 0.0, -1.0, 3.0, -1.0, 3.0, 2.0, -1.0, 1.0, 2.0, 3.0, 2.0, 2.0, -1.0, 0.0, 2.0, 2.0, 1.0, 0.0, 2.0, 2.0, 0.0, 97277.0, 476.0, 99536.0
1.0, 1.0, 1.0, 2.0, 0.0, 3.0, 1.0, 1.0, 1.0, 1.0, 0.0, 2.0, -1.0, -1.0, 3.0, 3.0, 1.0, 2.0, 1.0, 2.0, 2.0, 2.0, 0.0, 1.0, 0.0, 1.0, 3.0, 0.0, 0.0, 3.0, 3.0, 2.0, 0.0, 1.0, 0.0, -1.0, 2.0, 2.0, 0.0, 1.0, 3.0, -1.0, -1.0, 3.0, 0.0, 3.0, 2.0, 2.0, 2.0, 2.0, 96469.0, 630.0, 99404.0
-1.0, 0.0, -1.0, 0.0, 1.0, 2.0, 0.0, 3.0, -1.0, -1.0, 3.0, 0.0, 1.0, 1.0, 0.0, 1.0, 1.0, 2.0, -1.0, 2.0, 1.0, 2.0, 1.0, 0.0, -1.0, -1.0, -1.0, 3.0, 3.0, -1.0, -1.0, 3.0, -1.0, 3.0, -1.0, -1.0, 1.0, 2.0, 3.0, -1.0, 2.0, -1.0, 0.0, 2.0, 2.0, 1.0, 0.0, 2.0, 2.0, 0.0, 97226.0, 486.0, 99540.0
1.0, 0.0, 0.0, 3.0, 2.0, 2.0, 3.0, 2.0, -1.0, 1.0, 3.0, 0.0, 3.0, 0.0, -1.0, 1.0, -1.0, 1.0, 0.0, 0.0, 3.0, 0.0, -1.0, 0.0, -1.0, 1.0, 0.0, 3.0, 2.0, 0.0, 1.0, -1.0, 0.0, 1.0, 1.0, -1.0, 2.0, 3.0, 2.0, 0.0, 1.0, -1.0, -1.0, 2.0, 1.0, 3.0, 0.0, -1.0, 0.0, 1.0, 96717.0, 542.0, 99460.0
1.0, 1.0, 0.0, 1.0, 0.0, 1.0, 0.0, 0.0, 0.0, 3.0, -1.0, -1.0, 2.0, 2.0, -1.0, 0.0, 2.0, 1.0, 0.0, 0.0, 2.0, -1.0, -1.0, 2.0, 3.0, -1.0, 1.0, 2.0, 2.0, 0.0, 2.0, 2.0, 0.0, 0.0, 1.0, 1.0, 3.0, -1.0, -1.0, 1.0, 2.0, 1.0, 3.0, 1.0, 2.0, 1.0, 0.0, 0.0, -1.0, 2.0, 96499.0, 586.0, 99447.0
-1.0, 1.0, -1.0, 0.0, 1.0, 2.0, 0.0, 1.0, 1.0, -1.0, 3.0, 0.0, 1.0, 1.0, 0.0, 1.0, -1.0, 2.0, -1.0, 2.0, 1.0, 2.0, 1.0, -1.0, -1.0, 3.0, -1.0, 3.0, 3.0, -1.0, -1.0, 3.0, -1.0, 3.0, -1.0, -1.0, 1.0, 2.0, -1.0, 2.0, 2.0, -1.0, 0.0, 2.0, 2.0, 1.0, 0.0, 2.0, 2.0, 0.0, 97186.0, 488.0, 99534.0
1.0, 0.0, 1.0, 2.0, 1.0, 2.0, 1.0, 0.0, -1.0, 1.0, 0.0, 2.0, -1.0, 0.0, -1.0, 3.0, -1.0, 2.0, 0.0, 1.0, 1.0, -1.0, -1.0, 0.0, 2.0, -1.0, 2.0, 2.0, 0.0, 1.0, 0.0, 3.0, 0.0, -1.0, 2.0, 2.0, 1.0, 1.0, -1.0, 1.0, 0.0, 1.0, 0.0, 2.0, 2.0, 1.0, 0.0, 3.0, 3.0, 0.0, 96382.0, 565.0, 99455.0
1.0, 1.0, 1.0, 2.0, 0.0, 2.0, 1.0, 1.0, 1.0, 1.0, 0.0, 2.0, -1.0, -1.0, 3.0, 0.0, 1.0, 2.0, 1.0, 2.0, 2.0, 2.0, 0.0, 1.0, 0.0, 1.0, 3.0, 0.0, 0.0, 3.0, 3.0, 2.0, 0.0, 1.0, 0.0, -1.0, 2.0, 2.0, -1.0, 1.0, 3.0, -1.0, -1.0, 3.0, 0.0, 3.0, 2.0, 2.0, 2.0, 2.0, 96528.0, 614.0, 99411.0
3.0, 1.0, 0.0, 2.0, 0.0, 3.0, 1.0, 1.0, -1.0, 1.0, 0.0, 2.0, 1.0, -1.0, 3.0, -1.0, 1.0, 1.0, 1.0, 2.0, 2.0, 2.0, 0.0, 1.0, 0.0, 1.0, -1.0, 0.0, 0.0, 0.0, 1.0, 2.0, 0.0, 3.0, 0.0, -1.0, 2.0, 2.0, 0.0, 1.0, 3.0, 1.0, -1.0, 3.0, 0.0, 3.0, 2.0, 2.0, -1.0, 0.0, 96298.0, 607.0, 99421.0
1.0, 0.0, 0.0, 3.0, 2.0, 2.0, 3.0, 2.0, 1.0, 1.0, 3.0, 0.0, 3.0, 0.0, -1.0, 1.0, -1.0, 1.0, 0.0, 0.0, 3.0, 0.0, -1.0, 0.0, -1.0, 1.0, 0.0, 3.0, 2.0, 0.0, 3.0, 3.0, 0.0, 1.0, 1.0, -1.0, 2.0, 3.0, 2.0, 0.0, 1.0, -1.0, -1.0, 2.0, 1.0, 3.0, 0.0, -1.0, 0.0, 1.0, 96647.0, 571.0, 99436.0
1.0, 0.0, 3.0, 1.0, 0.0, 1.0, 0.0, 1.0, 1.0, 0.0, 3.0, 3.0, 0.0, 0.0, 1.0, 0.0, 2.0, 3.0, 1.0, 2.0, 1.0, -1.0, 0.0, 1.0, -1.0, -1.0, 1.0, 0.0, 2.0, 1.0, 1.0, 2.0, 3.0, 0.0, 2.0, 2.0, 3.0, 3.0, -1.0, -1.0, 2.0, 2.0, 1.0, 0.0, 2.0, 0.0, 0.0, 2.0, 1.0, 0.0, 96364.0, 630.0, 99405.0
1.0, 1.0, 1.0, 2.0, 0.0, 3.0, 1.0, 1.0, 1.0, 1.0, 0.0, 2.0, -1.0, -1.0, 3.0, 3.0, 1.0, 2.0, 1.0, -1.0, 2.0, 2.0, 0.0, 1.0, 0.0, 1.0, 3.0, 0.0, 0.0, 3.0, 3.0, 2.0, 0.0, 1.0, 0.0, -1.0, 2.0, 2.0, 0.0, 1.0, 3.0, -1.0, -1.0, 3.0, 0.0, 3.0, 2.0, 2.0, 2.0, 2.0, 96509.0, 616.0, 99417.0
1.0, 0.0, 1.0, 2.0, -1.0, 2.0, 1.0, 0.0, -1.0, 1.0, 0.0, 2.0, -1.0, 0.0, -1.0, 0.0, 1.0, 2.0, 0.0, 0.0, 1.0, -1.0, -1.0, 0.0, 2.0, 3.0, 2.0, 2.0, 0.0, 1.0, 0.0, 3.0, 2.0, -1.0, 2.0, 2.0, 1.0, 1.0, -1.0, 1.0, 0.0, 1.0, 0.0, 2.0, 2.0, 1.0, 0.0, 3.0, 3.0, 0.0, 96367.0, 587.0, 99445.0
2.0, 0.0, -1.0, 2.0, 2.0, 1.0, 2.0, -1.0, -1.0, 0.0, 0.0, -1.0, 0.0, 1.0, 0.0, 2.0, 1.0, 0.0, 0.0, -1.0, 0.0, 1.0, 2.0, 1.0, -1.0, -1.0, 1.0, 2.0, 1.0, 0.0, 1.0, 3.0, 0.0, 0.0, -1.0, 0.0, -1.0, 0.0, 3.0, -1.0, 3.0, -1.0, 2.0, -1.0, 2.0, 2.0, 0.0, -1.0, 2.0, 1.0, 96865.0, 510.0, 99524.0
-1.0, 1.0, -1.0, 0.0, 1.0, 2.0, 1.0, 3.0, -1.0, -1.0, 3.0, -1.0, -1.0, 1.0, 0.0, 1.0, -1.0, 2.0, -1.0, 2.0, 1.0, 2.0, 1.0, -1.0, -1.0, 3.0, -1.0, 3.0, 3.0, -1.0, 1.0, 3.0, -1.0, 3.0, 1.0, -1.0, 1.0, 2.0, 0.0, 2.0, 2.0, -1.0, -1.0, 2.0, 2.0, 1.0, 0.0, 2.0, 2.0, 0.0, 97427.0, 462.0, 99551.0
1.0, 0.0, 1.0, 2.0, 1.0, 2.0, 1.0, 0.0, -1.0, 1.0, 0.0, 2.0, -1.0, 0.0, -1.0, 0.0, -1.0, 2.0, 0.0, 1.0, 1.0, -1.0, -1.0, 0.0, -1.0, -1.0, 2.0, 2.0, 0.0, 1.0, 0.0, 3.0, 0.0, -1.0, 2.0, 2.0, 1.0, 1.0, -1.0, 1.0, 0.0, 1.0, 0.0, 2.0, 2.0, 1.0, 0.0, 3.0, 3.0, 0.0, 96433.0, 546.0, 99467.0
3.0, 1.0, 1.0, 2.0, 0.0, 3.0, 1.0, 1.0, 1.0, 1.0, 0.0, 2.0, -1.0, -1.0, 3.0, 1.0, -1.0, 1.0, 1.0, 2.0, 0.0, 2.0, 0.0, 1.0, 0.0, 1.0, 0.0, 0.0, 0.0, 3.0, 3.0, 2.0, 0.0, 3.0, 0.0, -1.0, 2.0, 1.0, 0.0, 1.0, 3.0, -1.0, -1.0, 3.0, 0.0, 3.0, 2.0, 2.0, -1.0, 2.0, 96554.0, 601.0, 99424.0
3.0, 1.0, 1.0, 2.0, 0.0, 3.0, 1.0, 1.0, 1.0, 1.0, 0.0, 2.0, -1.0, -1.0, 3.0, 2.0, 1.0, 1.0, 1.0, 2.0, 0.0, 2.0, 0.0, 1.0, 0.0, 1.0, 3.0, 0.0, 0.0, 3.0, 3.0, 3.0, 0.0, 3.0, 0.0, -1.0, 2.0, 1.0, 0.0, 1.0, 3.0, -1.0, -1.0, 3.0, 0.0, 3.0, 0.0, 2.0, -1.0, 2.0, 96446.0, 620.0, 99411.0
1.0, 0.0, 1.0, 2.0, -1.0, 2.0, 1.0, 0.0, -1.0, 1.0, 0.0, 2.0, -1.0, 0.0, -1.0, 0.0, -1.0, 2.0, 0.0, 1.0, 1.0, -1.0, -1.0, -1.0, 2.0, 3.0, 2.0, 2.0, 0.0, 1.0, 0.0, 3.0, 0.0, -1.0, 2.0, 2.0, 1.0, 1.0, -1.0, 1.0, 0.0, 1.0, 0.0, 2.0, 2.0, 1.0, 0.0, 3.0, 3.0, 0.0, 96480.0, 557.0, 99466.0
-1.0, 1.0, -1.0, 0.0, 1.0, 2.0, 0.0, 3.0, -1.0, -1.0, 3.0, 0.0, 1.0, 1.0, 0.0, 1.0, -1.0, 2.0, -1.0, 2.0, 1.0, 2.0, 1.0, -1.0, -1.0, -1.0, -1.0, 3.0, 3.0, -1.0, -1.0, 3.0, -1.0, 0.0, -1.0, -1.0, 1.0, 2.0, 3.0, 2.0, 2.0, -1.0, 0.0, 2.0, 2.0, 1.0, 0.0, 2.0, 2.0, 0.0, 97243.0, 470.0, 99550.0
1.0, -1.0, 0.0, 3.0, 0.0, 2.0, 3.0, 2.0, -1.0, 1.0, 3.0, 0.0, 3.0, 0.0, -1.0, 1.0, 3.0, 1.0, 0.0, -1.0, 3.0, -1.0, -1.0, 0.0, -1.0, 1.0, 0.0, 3.0, 2.0, 0.0, 1.0, 2.0, 0.0, 1.0, 0.0, 0.0, 2.0, 3.0, -1.0, 0.0, 1.0, -1.0, -1.0, 1.0, 1.0, 3.0, 0.0, -1.0, 0.0, 1.0, 96876.0, 531.0, 99474.0
1.0, 1.0, 1.0, 2.0, 0.0, 3.0, 1.0, 1.0, 1.0, 1.0, 0.0, 2.0, -1.0, -1.0, 3.0, 3.0, 1.0, 2.0, 1.0, 2.0, 2.0, 2.0, 0.0, 1.0, 0.0, 1.0, 3.0, 0.0, 0.0, 3.0, 3.0, 2.0, 0.0, 1.0, 0.0, -1.0, 2.0, 2.0, 0.0, 1.0, 3.0, -1.0, -1.0, 3.0, 0.0, 3.0, 2.0, 2.0, 2.0, 2.0, 96469.0, 630.0, 99404.0
3.0, 1.0, 1.0, 2.0, 0.0, 3.0, 1.0, 1.0, 1.0, 1.0, 0.0, 2.0, -1.0, -1.0, 3.0, 1.0, -1.0, 1.0, 1.0, 2.0, 0.0, 2.0, 0.0, 1.0, 0.0, 0.0, -1.0, 0.0, 0.0, 3.0, 3.0, 2.0, 0.0, 3.0, 0.0, -1.0, 2.0, 1.0, 0.0, 1.0, 3.0, -1.0, -1.0, 3.0, 0.0, 3.0, 1.0, 2.0, -1.0, 2.0, 96555.0, 583.0, 99438.0
2.0, 0.0, 3.0, 1.0, 0.0, 1.0, 1.0, 2.0, 3.0, 3.0, 2.0, 0.0, 3.0, 0.0, -1.0, 1.0, 2.0, 2.0, 1.0, 0.0, 3.0, 1.0, 2.0, 2.0, 2.0, 0.0, -1.0, 1.0, 1.0, 0.0, 0.0, 2.0, 1.0, 1.0, 0.0, -1.0, 0.0, 1.0, -1.0, 0.0, 3.0, 3.0, 1.0, 2.0, 2.0, 3.0, -1.0, 0.0, 0.0, 0.0, 96296.0, 629.0, 99409.0
-1.0, 1.0, -1.0, 0.0, 1.0, 2.0, 0.0, 3.0, -1.0, -1.0, 3.0, 0.0, 1.0, 1.0, 0.0, 2.0, -1.0, 2.0, 2.0, 2.0, 1.0, 2.0, 1.0, -1.0, -1.0, 3.0, -1.0, 3.0, 3.0, -1.0, -1.0, 3.0, -1.0, 3.0, -1.0, -1.0, 1.0, 2.0, 3.0, 2.0, 2.0, -1.0, 0.0, 2.0, 2.0, 1.0, 0.0, 2.0, 2.0, 0.0, 97194.0, 498.0, 99521.0
1.0, 0.0, 1.0, 2.0, -1.0, 2.0, 1.0, 0.0, -1.0, 1.0, 0.0, 2.0, 1.0, -1.0, -1.0, 0.0, -1.0, 2.0, 0.0, 1.0, 1.0, -1.0, -1.0, -1.0, 2.0, -1.0, -1.0, 2.0, 0.0, 1.0, 0.0, 3.0, 0.0, -1.0, 2.0, 2.0, 1.0, 1.0, -1.0, 1.0, 0.0, 1.0, 0.0, 2.0, 2.0, 1.0, 0.0, 3.0, 3.0, 0.0, 96599.0, 526.0, 99493.0
3.0, 1.0, 0.0, 2.0, 0.0, 3.0, 1.0, 1.0, 1.0, 1.0, 0.0, 2.0, 1.0, 0.0, 3.0, 1.0, -1.0, 1.0, 1.0, 2.0, 2.0, 2.0, 0.0, 1.0, 0.0, 1.0, -1.0, 0.0, 0.0, 0.0, 3.0, 2.0, 0.0, 3.0, 0.0, -1.0, -1.0, 2.0, 0.0, 1.0, 3.0, -1.0, -1.0, 3.0, 0.0, 3.0, 2.0, 2.0, -1.0, 0.0, 96400.0, 598.0, 99432.0
1.0, 0.0, 0.0, 3.0, 2.0, 2.0, 3.0, 2.0, -1.0, 1.0, 3.0, 0.0, 3.0, 0.0, -1.0, 1.0, -1.0, 1.0, 0.0, 0.0, 3.0, 0.0, -1.0, 0.0, -1.0, 1.0, 0.0, 3.0, 2.0, 0.0, 1.0, -1.0, 0.0, 1.0, 1.0, -1.0, 2.0, 3.0, 2.0, 0.0, 1.0, -1.0, -1.0, 2.0, 1.0, 3.0, 0.0, -1.0, 0.0, 1.0, 96717.0, 542.0, 99460.0
-1.0, 0.0, -1.0, 0.0, 1.0, 2.0, 0.0, 3.0, -1.0, -1.0, 3.0, 2.0, 1.0, 1.0, 0.0, 1.0, 1.0, 2.0, -1.0, 2.0, 1.0, 1.0, 1.0, -1.0, -1.0, 3.0, -1.0, 2.0, 3.0, -1.0, -1.0, 3.0, -1.0, 3.0, -1.0, -1.0, 1.0, 2.0, 3.0, 2.0, 2.0, -1.0, 0.0, 2.0, 2.0, 1.0, 0.0, 2.0, 2.0, 0.0, 97141.0, 507.0, 99525.0
1.0, 1.0, 0.0, 1.0, 1.0, -1.0, 2.0, 1.0, -1.0, 1.0, 0.0, -1.0, 0.0, 2.0, 1.0, -1.0, 2.0, 1.0, 2.0, 0.0, 1.0, -1.0, 1.0, 3.0, 1.0, -1.0, -1.0, 0.0, 2.0, 0.0, 3.0, 2.0, 2.0, -1.0, 2.0, 3.0, 1.0, 3.0, 0.0, 2.0, 2.0, 0.0, 0.0, 1.0, 1.0, 3.0, 3.0, 0.0, 3.0, 0.0, 96486.0, 581.0, 99449.0
1.0, 1.0, 1.0, 2.0, 0.0, 2.0, 1.0, 1.0, 1.0, 1.0, 0.0, 2.0, -1.0, -1.0, 3.0, 0.0, 1.0, 2.0, 1.0, 2.0, 2.0, 2.0, 0.0, 1.0, 0.0, 1.0, 3.0, 0.0, 0.0, 3.0, -1.0, 3.0, -1.0, 1.0, 0.0, -1.0, 2.0, 2.0, -1.0, 1.0, 3.0, -1.0, -1.0, 3.0, 0.0, 3.0, 2.0, 2.0, 2.0, 2.0, 96680.0, 586.0, 99434.0
1.0, -1.0, 0.0, 3.0, 2.0, 2.0, 3.0, 2.0, -1.0, 1.0, 0.0, 0.0, 3.0, 0.0, -1.0, 1.0, -1.0, 2.0, 0.0, 0.0, 3.0, -1.0, -1.0, 0.0, -1.0, 1.0, -1.0, 3.0, 2.0, 0.0, 1.0, 3.0, 0.0, 1.0, 1.0, 0.0, 1.0, 3.0, 2.0, 0.0, 1.0, -1.0, -1.0, 3.0, 1.0, 3.0, 0.0, -1.0, 0.0, 1.0, 96887.0, 524.0, 99481.0
3.0, 1.0, 1.0, 2.0, 0.0, 3.0, 1.0, 1.0, 1.0, 1.0, 0.0, 2.0, -1.0, -1.0, 3.0, 1.0, -1.0, 1.0, 1.0, 2.0, 0.0, 2.0, 0.0, 1.0, 0.0, 1.0, 0.0, 0.0, 0.0, 3.0, 3.0, 2.0, 0.0, 3.0, 0.0, -1.0, 2.0, 1.0, 0.0, 1.0, 3.0, -1.0, -1.0, 3.0, 0.0, 3.0, 2.0, 2.0, -1.0, 2.0, 96554.0, 601.0, 99424.0
1.0, 0.0, 0.0, 3.0, 2.0, 2.0, 3.0, 2.0, -1.0, 1.0, 3.0, 0.0, 3.0, 0.0, -1.0, 1.0, -1.0, 1.0, 0.0, 0.0, 3.0, -1.0, -1.0, 0.0, -1.0, 1.0, 0.0, 3.0, 2.0, 0.0, 1.0, 3.0, 0.0, 1.0, 1.0, 0.0, 2.0, 3.0, -1.0, 0.0, 1.0, -1.0, -1.0, 2.0, 1.0, 3.0, 0.0, -1.0, 0.0, 1.0, 96788.0, 542.0, 99457.0
