0.114044910171, 0.870065259633, 4.99221556284, 0.937763570679, 83.6822628895, 1.30851805073, 0.0339565917158, 3.91442267619, 14.2748449655, 231.513327412, 0.00781287396525, 0.0
0.138878546889, 0.855791217361, 4.99221556284, 0.937763570679, 94.4513749014, 2.21776835987, 0.143422482806, 4.18347312602, 17.2369340353, 166.108395583, 0.00674603907997, 0.111111111111
0.114044910171, 0.904464333493, 4.99332679052, 0.795165035395, 83.6822628895, 1.30851805073, 0.0339565917158, 3.91442267619, 16.9819868599, 231.249018014, 0.00900858153207, 0.0588235294118
0.186398017898, 1.0776597221, 5.35206386296, 0.709920465467, 85.9320396019, 1.33292742534, 0.568972985984, 0.501269847675, 18.5363992783, 236.635593368, 0.00488576754257, 0.0
0.18738580485, 0.897881482437, 4.05088507534, 0.946191708719, 86.1465517278, 1.04012290503, 0.147364137279, 1.2739862415, 16.1387233322, 186.672348505, 0.00563577375937, 0.25
0.191921978833, 0.844386677275, 2.16867353314, 0.933120761312, 87.0087149735, 6.95042918526, 0.336510031821, 0.934166943726, 12.6670362838, 92.2436899405, 0.0262879187952, 0.0
0.115511227835, 1.06451393845, 6.16736845873, 0.900580426656, 88.2375327418, 3.61783255634, 0.154665277282, 4.43138848443, 16.2952863449, 476.370012682, 0.00299404791815, 0.0
0.148758454338, 1.25608539856, 2.57854819986, 0.647305326945, 98.7969145241, 5.52154442744, 0.71411862133, 3.44438055358, 15.4859348376, 125.32148131, 0.00912886909527, 0.0
0.123887352851, 0.900690337723, 5.08848451742, 0.692188635301, 97.9171136748, 2.53431672367, 0.469139847254, 0.493483121874, 14.0659142406, 177.473732232, 0.00684188609848, 0.142857142857
0.119988035502, 0.898548334262, 5.28970515699, 0.786251477358, 99.4169571616, 1.18993824931, 1.40521067236, 2.05779547949, 13.3630102563, 355.443396205, 0.00529601338246, 0.0
0.136942908477, 0.826226400557, 4.99852298594, 0.729770275886, 88.281263556, 1.61676529389, 0.445171965692, 0.348248217403, 10.5284231056, 247.972918459, 0.00627472757968, 0.272727272727
0.101375832477, 1.07855656221, 2.13119319688, 0.63308330041, 87.9461235784, 6.4681806042, 0.429850781363, 0.921762548307, 17.5117288249, 95.1867515875, 0.0891862296348, 0.526315789474
0.102962071519, 0.844386677275, 2.16867353314, 0.933120761312, 87.0087149735, 6.95042918526, 0.336510031821, 0.934166943726, 12.6670362838, 107.056911787, 0.0265443034262, 0.0
0.191921978833, 0.844386677275, 2.16867353314, 0.933120761312, 88.2375327418, 6.95042918526, 0.336510031821, 0.934166943726, 12.6670362838, 106.05262556, 0.11103970636, 0.0
0.140013788197, 1.19131301017, 6.78780931453, 0.774209167504, 82.0431981848, 1.12350911631, 0.490730248938, 1.0390192803, 19.2317343038, 560.093083794, 0.00494211218072, 0.0
0.105700561745, 0.853020221288, 3.65951048903, 0.641617899837, 90.0991609791, 2.99662606233, 0.674642684368, 3.44646083894, 19.2072882942, 141.358039354, 0.0219972126418, 0.15
0.199757126976, 0.972555616871, 2.89587915169, 0.910172920108, 89.2472036273, 3.92181783865, 0.372120493689, 3.48673152831, 17.6482077023, 166.730089737, 0.00936734383798, 0.0
0.136942908477, 0.826226400557, 4.99852298594, 0.729770275886, 88.281263556, 1.61676529389, 0.445171965692, 0.348248217403, 13.0608399424, 163.525166081, 0.017007541483, 0.384615384615
0.141637330267, 0.893648811282, 4.24449366646, 0.855167696112, 80.505867573, 4.07096086481, 0.262861506295, 1.69133598013, 17.3726048702, 154.082584545, 0.0193360714454, 0.0
0.109800189786, 1.22260052602, 6.78780931453, 0.774209167504, 98.6966866412, 1.12350911631, 0.490730248938, 1.0390192803, 19.2317343038, 448.424661468, 0.00912585808878, 0.2
0.168342210394, 0.835849751719, 2.83545212008, 0.826360198329, 94.2973660615, 9.54442427221, 0.201082363355, 4.32485946232, 15.6673195704, 109.98983619, 0.0280914582969, 0.0
0.18738580485, 0.982510224334, 4.05088507534, 0.946191708719, 86.1465517278, 1.04012290503, 0.147364137279, 1.2739862415, 16.1387233322, 208.173722536, 0.0103714123429, 0.0
0.136942908477, 0.911498463442, 4.99852298594, 0.606361297246, 88.281263556, 1.03944835702, 0.445171965692, 0.348248217403, 10.5284231056, 184.675057374, 0.0115716981282, 0.411764705882
0.180079454295, 0.847523610592, 4.6822643967, 0.695556225421, 83.8050596205, 1.04877194171, 0.935648617563, 1.21764981754, 10.5639871693, 166.889751594, 0.0138471288998, 0.0
0.115237842562, 1.01806500032, 4.88737873352, 0.644360264682, 91.8445705712, 3.03491018154, 0.0636583836579, 0.00309558801393, 17.825552071, 164.779602805, 0.0203906982042, 0.0714285714286
0.186180151057, 0.921443891225, 3.11803773092, 0.679960561644, 97.8133446328, 5.2239348923, 0.706406475031, 1.77925948, 13.3602299077, 116.612704636, 0.0281959830968, 0.142857142857
0.165476674494, 1.25903422923, 2.4891544994, 0.870993392459, 99.9471690543, 5.3767290103, 0.0292375735619, 0.280374750414, 19.9164781165, 112.868506553, 0.0286284820061, 0.0
0.111780468796, 0.896674108317, 6.42850793504, 0.801643648554, 92.7187526896, 1.94605904539, 0.83728293141, 0.93322493469, 15.1880537083, 282.170292145, 0.0130829635255, 0.111111111111
0.166881314986, 1.14238878769, 5.97255809399, 0.884620140994, 84.7215727268, 1.35719685877, 0.598979924877, 0.776551604266, 16.9659371479, 468.745758441, 0.0110539387653, 0.0
0.109327594669, 0.883750602511, 5.42886359851, 0.816270894668, 87.2628215862, 1.25595699952, 0.169126634434, 2.3698780007, 15.0023712577, 261.339385329, 0.0133312125776, 0.285714285714
0.110774415579, 0.855791217361, 4.99332679052, 0.901236903544, 94.4513749014, 2.21776835987, 0.143422482806, 4.18347312602, 17.2369340353, 279.083503776, 0.0123305408426, 0.5
0.12066907951, 1.09496560993, 2.24274405995, 0.670968942906, 87.999320525, 2.89994958217, 1.98319179555, 3.52098049152, 17.675147726, 221.737510247, 0.0159808350457, 0.0
0.177724140864, 1.01616856008, 6.16736845873, 0.63763202191, 82.6964889045, 2.1722073468, 0.615867021023, 1.45125418333, 15.7771363293, 450.839669445, 0.0153271864879, 0.0
0.114044910171, 0.934448365656, 4.33600657417, 0.795165035395, 83.6822628895, 1.30851805073, 0.0339565917158, 4.83510669821, 16.9819868599, 191.417313158, 0.0166359959263, 0.0
0.122133845471, 0.897164336542, 3.3936487181, 0.785348374834, 85.5592268173, 4.15106675905, 0.101644814651, 0.109058801822, 11.3505204319, 168.806876486, 0.0262944236593, 0.111111111111
0.122133845471, 0.897164336542, 3.3936487181, 0.748449347151, 85.5592268173, 4.15106675905, 0.101644814651, 0.109058801822, 11.3505204319, 167.322393904, 0.0363021161614, 0.238095238095
0.199757126976, 0.972555616871, 2.57648324675, 0.910172920108, 89.2472036273, 3.92181783865, 0.372120493689, 3.48673152831, 17.6482077023, 134.635443106, 0.050008813653, 0.0
0.199757126976, 0.972555616871, 2.89587915169, 0.910172920108, 89.2472036273, 5.21650862851, 0.546416323535, 3.48673152831, 17.6482077023, 168.012994389, 0.0393991305381, 0.0
0.101375832477, 1.07855656221, 2.13119319688, 0.933120761312, 87.9461235784, 6.4681806042, 0.0691623436366, 0.934166943726, 17.5117288249, 117.316155619, 0.0508282431593, 0.285714285714
0.114730435686, 0.990755052807, 2.25646196348, 0.752602890572, 99.9240552659, 6.96131033943, 0.588640747332, 4.71891677529, 14.6490627909, 120.468624945, 0.0605123047346, 0.04
0.109014597605, 1.17729536576, 7.56385447324, 0.714667051982, 87.9769809113, 4.1100002398, 0.201082363355, 4.32485946232, 15.3629626679, 562.644261045, 0.011108897521, 0.0
0.109327594669, 0.883750602511, 5.42886359851, 0.816270894668, 87.2628215862, 1.25595699952, 0.169126634434, 3.14062249106, 15.0023712577, 276.820332853, 0.0156172839254, 0.428571428571
0.177724140864, 1.01616856008, 3.94784822002, 0.616436234225, 82.6964889045, 2.1722073468, 0.615867021023, 1.45125418333, 15.7771363293, 291.303540364, 0.0129761670957, 0.533333333333
0.136942908477, 0.911498463442, 4.99852298594, 0.685868548333, 88.281263556, 1.93718631646, 0.445171965692, 0.348248217403, 10.5284231056, 251.291729031, 0.0165586508071, 0.0
0.102932905334, 1.25915853653, 3.69898464645, 0.676788364924, 83.5326310276, 3.57874191914, 0.33662485924, 4.52299146179, 19.2167961837, 360.640089168, 0.0159904061159, 0.0
0.197834337646, 1.1999331647, 2.32621277014, 0.768348419003, 82.1499989564, 2.7611281201, 1.22104581171, 2.42415113415, 18.1716787318, 191.623549969, 0.0175602119204, 0.0
0.148758454338, 1.25608539856, 2.54266734005, 0.647305326945, 98.7969145241, 2.53431672367, 0.71411862133, 3.44438055358, 14.0659142406, 179.519693329, 0.0310779038838, 0.1875
0.111871210801, 0.856846294827, 4.08074815175, 0.707901829128, 94.241460691, 5.05146317982, 0.943658232902, 3.02565849589, 16.1643441399, 146.467376742, 0.0536575302766, 0.0
0.114730435686, 0.990755052807, 2.25646196348, 0.753867403219, 99.9365170524, 7.62051774142, 0.588640747332, 0.155981761172, 15.0399206815, 137.616459499, 0.0508760987204, 0.0909090909091
0.153387052191, 0.890521780557, 3.67621482074, 0.929917183242, 90.1248471972, 8.7068708604, 0.258974663675, 1.10588299714, 19.2072882942, 191.549533752, 0.0510481947954, 0.0
0.108811673889, 0.990755052807, 2.13119319688, 0.63308330041, 94.283804712, 6.4681806042, 0.429850781363, 0.921762548307, 17.5117288249, 171.774484855, 0.0464127644185, 0.222222222222
0.108811673889, 1.07855656221, 2.13119319688, 0.63308330041, 94.283804712, 6.4681806042, 0.429850781363, 0.921762548307, 17.5117288249, 117.316155619, 0.0739636922631, 0.545454545455
0.120760032729, 0.844386677275, 2.16867353314, 0.63308330041, 87.0087149735, 6.95042918526, 0.336510031821, 0.921762548307, 12.6670362838, 125.201016286, 0.0748094076834, 0.142857142857
0.138990483627, 1.12604701704, 6.75245216657, 0.915408835211, 96.8902453233, 2.77278788902, 1.35200819825, 2.81980088341, 10.4859802149, 734.062577564, 0.015091939524, 0.0
0.116430883935, 1.1999331647, 3.50716844874, 0.768348419003, 82.1499989564, 1.76747463916, 1.22104581171, 2.42415113415, 18.1716787318, 563.010158456, 0.0157019851305, 0.105263157895
0.12066907951, 1.09496560993, 2.24274405995, 0.670968942906, 83.7028674528, 2.89994958217, 1.98319179555, 3.52098049152, 16.5626891743, 289.194442006, 0.0172362054796, 0.0
0.141687216972, 1.22882110607, 5.97255809399, 0.694437783484, 84.7215727268, 1.35719685877, 0.683012355547, 2.51853359801, 11.7008110053, 555.786648484, 0.0160234558418, 0.142857142857
0.111871210801, 1.24433445289, 4.71717852527, 0.691441910975, 95.5938390279, 5.05146317982, 0.893354588054, 2.5177000285, 12.3485608792, 391.713782579, 0.0160845204362, 0.0
0.133561123762, 0.94073306657, 5.18807560744, 0.651890450637, 83.0701870649, 2.41524086192, 0.546416323535, 0.985307505466, 14.6591674936, 193.833021825, 0.0230886933364, 0.384615384615
0.120734527985, 0.835849751719, 6.01836891675, 0.826360198329, 94.2973660615, 9.0315773435, 0.0253245614147, 2.73649257053, 13.0508104452, 199.541996943, 0.0183029617376, 0.0
0.141637330267, 0.893648811282, 4.24449366646, 0.796935321618, 87.8512849981, 4.07096086481, 0.262861506295, 1.40948913546, 18.4757333339, 194.997444222, 0.0209496093199, 0.3
0.109396772161, 0.883750602511, 5.42886359851, 0.816270894668, 87.2628215862, 1.50089567114, 0.169126634434, 2.3698780007, 15.0023712577, 246.645604628, 0.0182088815181, 0.0
0.180079454295, 0.847523610592, 4.6822643967, 0.695556225421, 83.8050596205, 1.00233410166, 0.935648617563, 1.21764981754, 10.5639871693, 179.949683679, 0.0369301550848, 0.428571428571
0.186180151057, 0.921443891225, 3.11803773092, 0.679960561644, 82.4463374437, 4.66900293433, 0.706406475031, 1.77925948, 13.3602299077, 166.998193997, 0.120327736991, 0.0
0.111871210801, 1.24433445289, 2.43325801138, 0.691441910975, 95.5938390279, 7.37086633497, 0.893354588054, 2.5177000285, 12.3485608792, 175.489763701, 0.0586415123955, 0.0625
0.166881314986, 1.14238878769, 3.88372098933, 0.884620140994, 87.891739714, 7.62051774142, 0.598979924877, 0.155981761172, 15.0399206815, 166.383736111, 0.14584633398, 0.0
0.114730435686, 0.990755052807, 2.25646196348, 0.752602890572, 99.9240552659, 8.49975162243, 0.588640747332, 4.71891677529, 14.6490627909, 153.29386335, 0.0520405161957, 0.2
0.199765507482, 1.09496560993, 2.38582445433, 0.621113759685, 82.4463374437, 4.66900293433, 0.0952941041081, 1.79917689645, 16.5626891743, 159.655525431, 0.0589147263517, 0.1
0.114730435686, 1.07855656221, 2.08076578265, 0.752602890572, 99.9240552659, 8.68096341098, 0.588640747332, 4.71891677529, 14.6490627909, 139.926564052, 0.0751907121215, 0.533333333333
0.199765507482, 0.942826709114, 2.38582445433, 0.621113759685, 97.8133446328, 5.21574439014, 0.0952941041081, 0.842246814473, 12.7076559788, 132.237026519, 0.093843326888, 0.318181818182
0.143216099015, 0.856846294827, 4.08074815175, 0.707901829128, 94.241460691, 8.28605949768, 0.943658232902, 3.02565849589, 16.1643441399, 289.955755991, 0.0179803215787, 0.142857142857
0.123887352851, 1.07242024641, 7.31571968822, 0.692188635301, 97.9171136748, 1.53176766256, 0.508456608507, 1.21750396719, 14.0659142406, 394.981376868, 0.0179778221414, 0.285714285714
0.140013788197, 1.22260052602, 6.78780931453, 0.774209167504, 98.6966866412, 1.12350911631, 0.490730248938, 1.0390192803, 19.2317343038, 561.733262632, 0.0161915381397, 0.0952380952381
0.129121712816, 0.864226559159, 5.18807560744, 0.651890450637, 83.0701870649, 2.41524086192, 0.546416323535, 0.985307505466, 14.6591674936, 222.413291487, 0.0208517492388, 0.363636363636
0.180079454295, 0.847523610592, 4.6822643967, 0.695556225421, 83.8050596205, 1.02693741357, 0.935648617563, 1.21764981754, 10.5639871693, 243.816218811, 0.0184098888408, 0.285714285714
0.184650252736, 1.04351215197, 6.50545582572, 0.821325161116, 96.1675831259, 5.21650862851, 0.667954527512, 0.821377574905, 13.1642165429, 204.824192901, 0.0451852660339, 0.0
0.199757126976, 0.972555616871, 2.89587915169, 0.910172920108, 89.2472036273, 5.21650862851, 0.372120493689, 3.48673152831, 17.6482077023, 226.771215313, 0.0303077499477, 0.0
0.199716731571, 0.853020221288, 5.67544650884, 0.641617899837, 90.0991609791, 8.13176255749, 0.674642684368, 3.44646083894, 14.2861931578, 200.351706902, 0.0733684752163, 0.0
0.197834337646, 1.1999331647, 2.32621277014, 0.768348419003, 82.1499989564, 1.76747463916, 1.22104581171, 2.42415113415, 18.1716787318, 221.00217022, 0.0254587768555, 0.0588235294118
0.146894248687, 0.855791217361, 4.99221556284, 0.937763570679, 94.4513749014, 2.77278788902, 0.143422482806, 4.18347312602, 17.2369340353, 206.539471341, 0.0294373580809, 0.214285714286
0.134575900063, 1.10559081467, 3.08552207252, 0.856266553756, 99.3546556064, 4.10680730445, 0.417460103703, 0.954083212126, 18.4529348857, 207.308892908, 0.0355454126838, 0.0
0.149692731015, 1.0776597221, 4.29449226132, 0.709920465467, 85.9320396019, 1.76747463916, 0.568972985984, 0.0224779887417, 18.5363992783, 219.394719683, 0.0241137326813, 0.4
0.149692731015, 1.0776597221, 4.29449226132, 0.709920465467, 85.9320396019, 1.56366345155, 0.568972985984, 0.0224779887417, 18.5363992783, 218.142752554, 0.0216108864363, 0.434782608696
0.189543593319, 0.963411981422, 7.43720823288, 0.88696813477, 80.2698584129, 3.07900138861, 1.03162541612, 3.54414010332, 11.4091911817, 581.467862415, 0.0209388640194, 0.0
0.186697725333, 0.906250878749, 6.01887243707, 0.608334105372, 84.2246049517, 2.63216269638, 1.31486485148, 4.36478193487, 12.7907647116, 399.539244559, 0.0236809621462, 0.0
0.149432107872, 0.84371684088, 5.01646588297, 0.939559570206, 87.8957443371, 3.26915792386, 1.97546353237, 2.34535595184, 17.8391506823, 323.993611297, 0.0194719253041, 0.0555555555556
0.129121712816, 0.821078323563, 5.18807560744, 0.651890450637, 83.0701870649, 2.41524086192, 0.372120493689, 0.985307505466, 12.0832063922, 195.494829036, 0.0404215583171, 0.5625
0.168342210394, 0.835849751719, 2.83545212008, 0.826360198329, 94.2973660615, 9.54442427221, 0.0253245614147, 2.73649257053, 15.6673195704, 170.403371214, 0.144844768642, 0.0625
0.186180151057, 0.921443891225, 3.11803773092, 0.679960561644, 97.8133446328, 5.2239348923, 0.706406475031, 1.77925948, 13.3602299077, 142.190491266, 0.144691573599, 0.333333333333
0.119241207529, 0.954525413644, 7.50135742987, 0.836020621079, 90.6338565852, 1.56366345155, 0.51165803702, 2.65845251925, 12.9078936562, 408.772280201, 0.0183175384752, 0.418604651163
0.189543593319, 0.963411981422, 6.53226065221, 0.88696813477, 80.6262239939, 3.07900138861, 1.03162541612, 3.54414010332, 11.4091911817, 713.705439549, 0.0265097669757, 0.0
0.194033216692, 0.947066846496, 6.1348158574, 0.710601322868, 95.8946227202, 3.07900138861, 0.461838211758, 0.329501736897, 11.4091911817, 205.470933996, 0.0437714331308, 0.6
0.199765507482, 0.924638871222, 2.38582445433, 0.621113759685, 82.4463374437, 4.66900293433, 0.0952941041081, 0.842246814473, 12.7076559788, 150.636197341, 0.133024065293, 0.56
0.111213652913, 1.15287966605, 7.32245016197, 0.664259468969, 99.2359745321, 3.52743907461, 0.811776192424, 2.22573406321, 16.9554471015, 578.321218234, 0.0197978121668, 0.181818181818
0.165476674494, 1.25903422923, 2.4891544994, 0.870993392459, 99.9471690543, 5.3767290103, 0.0292375735619, 0.280374750414, 19.9164781165, 177.971344189, 0.115775780849, 0.3125
0.199716731571, 0.853020221288, 3.67621482074, 0.641617899837, 90.0991609791, 8.13176255749, 0.674642684368, 3.44646083894, 19.2072882942, 220.183061302, 0.0899009085095, 0.0666666666667
0.111871210801, 1.24433445289, 2.43325801138, 0.691441910975, 95.5938390279, 7.37086633497, 0.893354588054, 2.5177000285, 12.3485608792, 161.305440695, 0.0607667946004, 0.416666666667
0.123670137825, 0.919603398398, 7.33018966777, 0.834278737095, 94.9941184449, 4.18266259798, 0.508456608507, 4.45061656525, 14.0176659929, 315.628386613, 0.0287529321818, 0.272727272727
0.113257953942, 1.12091538335, 5.0401958929, 0.711053862696, 99.5041373798, 2.78733695262, 1.22847783766, 3.443116525, 16.0716445139, 540.210547839, 0.0214742239567, 0.108108108108
0.143216099015, 1.09177192841, 4.08074815175, 0.707901829128, 94.241460691, 8.28605949768, 0.174914362656, 3.02565849589, 16.1643441399, 186.462599998, 0.10718335881, 0.136363636364
