-1.0, 0.0, 1.0, 2.0, 2.0, -1.0, -1.0, 2.0, -1.0, 0.0, 0.0, 1.0, 1.0, -1.0, -1.0, -1.0, -1.0, 2.0, 0.0, 2.0, -1.0, 2.0, 2.0, 0.0, 1.0, 2.0, -1.0, 2.0, 1.0, 2.0, 3.0, -1.0, 1.0, 1.0, -1.0, 0.0, -1.0, 0.0, 1.0, 3.0, 1.0, 0.0, 1.0, 1.0, 0.0, -1.0, 2.0, 3.0, 1.0, 2.0, 96165.0, 504.0, 99509.0
-1.0, 0.0, 1.0, 2.0, 2.0, -1.0, -1.0, 2.0, -1.0, 0.0, 0.0, 1.0, 1.0, -1.0, -1.0, -1.0, -1.0, 2.0, 0.0, 2.0, -1.0, 2.0, 2.0, 0.0, 1.0, 2.0, -1.0, 2.0, 1.0, 2.0, 3.0, -1.0, 1.0, 1.0, -1.0, 0.0, -1.0, 0.0, 1.0, 3.0, 1.0, 0.0, 1.0, 1.0, 0.0, -1.0, 2.0, 3.0, 1.0, 2.0, 96165.0, 504.0, 99509.0
2.0, 2.0, 2.0, 3.0, 1.0, 1.0, 3.0, -1.0, 2.0, 3.0, 2.0, 2.0, 0.0, 3.0, -1.0, 3.0, 1.0, 1.0, 3.0, 0.0, 1.0, 1.0, 0.0, 1.0, 3.0, 2.0, 0.0, -1.0, 2.0, 0.0, 2.0, 1.0, -1.0, 1.0, 2.0, 0.0, 1.0, 2.0, 3.0, 3.0, 0.0, 3.0, 0.0, 1.0, 2.0, 1.0, 3.0, 2.0, 0.0, 0.0, 95727.0, 650.0, 99391.0
-1.0, 0.0, 1.0, 2.0, 2.0, -1.0, -1.0, 2.0, -1.0, 0.0, 0.0, 1.0, 1.0, -1.0, -1.0, -1.0, -1.0, 2.0, 0.0, 2.0, -1.0, 2.0, 2.0, 0.0, 1.0, 2.0, -1.0, 2.0, 1.0, 2.0, 3.0, -1.0, 1.0, 1.0, -1.0, 0.0, -1.0, 0.0, 1.0, 3.0, 1.0, 0.0, 1.0, 1.0, 0.0, -1.0, 2.0, 3.0, 1.0, 2.0, 96165.0, 504.0, 99509.0
1.0, 1.0, 2.0, 1.0, 3.0, -1.0, 2.0, 0.0, -1.0, 1.0, 0.0, 0.0, 2.0, 3.0, 0.0, 2.0, 2.0, 0.0, 1.0, 3.0, 2.0, 0.0, -1.0, 3.0, 1.0, 2.0, 3.0, 1.0, 1.0, -1.0, 2.0, -1.0, 1.0, 1.0, 3.0, 3.0, 0.0, 2.0, 0.0, 2.0, -1.0, -1.0, 2.0, 1.0, 0.0, 0.0, -1.0, 0.0, 0.0, 2.0, 95810.0, 599.0, 99436.0
-1.0, 0.0, 1.0, 2.0, 2.0, -1.0, -1.0, 2.0, -1.0, 0.0, 0.0, 1.0, 1.0, -1.0, -1.0, -1.0, -1.0, 2.0, 0.0, 2.0, -1.0, 2.0, 2.0, 0.0, 1.0, 2.0, 0.0, 2.0, 1.0, 2.0, 3.0, -1.0, 1.0, 0.0, -1.0, 0.0, -1.0, 0.0, 1.0, 3.0, 1.0, 0.0, 2.0, 1.0, 0.0, -1.0, 2.0, 0.0, 1.0, 2.0, 95865.0, 522.0, 99495.0
-1.0, 0.0, 1.0, 2.0, 2.0, -1.0, -1.0, 2.0, -1.0, 0.0, 0.0, 1.0, 1.0, -1.0, -1.0, -1.0, -1.0, 2.0, 0.0, 2.0, -1.0, 2.0, 2.0, 0.0, 1.0, 2.0, -1.0, 2.0, 1.0, 2.0, 3.0, -1.0, 1.0, 1.0, -1.0, 0.0, -1.0, 0.0, 1.0, 3.0, 1.0, 0.0, 1.0, 1.0, 0.0, 0.0, 2.0, 3.0, 1.0, 2.0, 96102.0, 515.0, 99501.0
2.0, 2.0, 2.0, 3.0, 1.0, 1.0, 3.0, -1.0, 2.0, 3.0, 2.0, 2.0, 0.0, 3.0, -1.0, 3.0, 1.0, 1.0, 3.0, 0.0, 1.0, 1.0, 0.0, 1.0, 3.0, 2.0, 0.0, -1.0, 2.0, 0.0, 2.0, 1.0, -1.0, 1.0, 2.0, 0.0, 1.0, 2.0, 3.0, 3.0, 0.0, 3.0, 0.0, 1.0, 2.0, 1.0, 3.0, 2.0, 0.0, 0.0, 95727.0, 650.0, 99391.0
-1.0, 2.0, -1.0, -1.0, 0.0, 3.0, -1.0, 0.0, 2.0, 1.0, 2.0, 2.0, 0.0, -1.0, 1.0, -1.0, 1.0, 3.0, 1.0, -1.0, 0.0, 0.0, 3.0, 2.0, 2.0, -1.0, 0.0, 1.0, 2.0, 0.0, 3.0, 1.0, 0.0, 1.0, 3.0, 0.0, 1.0, 0.0, 1.0, 0.0, 0.0, 1.0, 3.0, -1.0, 0.0, -1.0, 0.0, 1.0, 1.0, -1.0, 95886.0, 560.0, 99477.0
3.0, 3.0, 2.0, 1.0, -1.0, -1.0, 3.0, 1.0, 0.0, 1.0, 0.0, 0.0, 0.0, 0.0, 2.0, 3.0, 2.0, 0.0, 0.0, 2.0, 3.0, 1.0, 3.0, 2.0, 1.0, 3.0, 2.0, 0.0, 2.0, 0.0, 2.0, 3.0, 2.0, 0.0, 3.0, 2.0, 1.0, 1.0, 1.0, 0.0, 1.0, 2.0, 1.0, 1.0, 2.0, 3.0, 0.0, 0.0, 3.0, 1.0, 95356.0, 681.0, 99371.0
-1.0, 0.0, 1.0, 2.0, 2.0, -1.0, -1.0, 2.0, -1.0, 0.0, 0.0, 1.0, 1.0, -1.0, -1.0, -1.0, 0.0, 2.0, 0.0, 2.0, -1.0, 2.0, 2.0, 0.0, 1.0, 2.0, -1.0, 3.0, 1.0, 2.0, 3.0, -1.0, 1.0, 1.0, -1.0, 0.0, -1.0, 0.0, 1.0, 3.0, 1.0, 0.0, 1.0, 1.0, 2.0, -1.0, 2.0, 3.0, 1.0, 2.0, 96133.0, 516.0, 99496.0
-1.0, -1.0, 2.0, 3.0, 3.0, 2.0, -1.0, -1.0, 1.0, -1.0, 0.0, 3.0, 3.0, 1.0, -1.0, 0.0, 2.0, 2.0, 2.0, 1.0, 0.0, 1.0, 2.0, -1.0, 3.0, 0.0, 1.0, 0.0, 1.0, -1.0, 3.0, 2.0, 1.0, -1.0, 3.0, 0.0, -1.0, 3.0, 0.0, 0.0, 2.0, -1.0, 0.0, 0.0, 3.0, 0.0, 0.0, 0.0, 1.0, 1.0, 96073.0, 560.0, 99469.0
2.0, 2.0, 2.0, 3.0, 1.0, 0.0, 3.0, -1.0, 2.0, 3.0, 2.0, 2.0, 0.0, 3.0, -1.0, 3.0, 1.0, 1.0, 3.0, 0.0, 1.0, 1.0, 0.0, 1.0, 3.0, 2.0, 0.0, -1.0, 2.0, 0.0, 2.0, 1.0, 1.0, 1.0, 2.0, 0.0, 1.0, 2.0, 3.0, 3.0, 0.0, 3.0, 0.0, 1.0, 2.0, 1.0, 3.0, 2.0, 0.0, 0.0, 95535.0, 669.0, 99373.0
-1.0, -1.0, 2.0, 3.0, 3.0, 2.0, -1.0, -1.0, 1.0, -1.0, 0.0, 3.0, 3.0, 1.0, -1.0, 0.0, 2.0, 2.0, 2.0, 1.0, 0.0, 1.0, 2.0, -1.0, -1.0, 0.0, 1.0, 0.0, 1.0, -1.0, 3.0, 2.0, 1.0, -1.0, 3.0, 0.0, -1.0, 3.0, 0.0, 0.0, 2.0, 0.0, 0.0, 0.0, 3.0, 0.0, 0.0, 0.0, 1.0, 1.0, 96014.0, 562.0, 99470.0
-1.0, 0.0, 1.0, 2.0, 2.0, -1.0, -1.0, 2.0, -1.0, 0.0, 0.0, 1.0, 1.0, -1.0, -1.0, -1.0, -1.0, 2.0, 0.0, 2.0, -1.0, 2.0, 2.0, 0.0, 1.0, 2.0, -1.0, 2.0, 1.0, 2.0, 3.0, -1.0, 1.0, 1.0, -1.0, 0.0, -1.0, 0.0, 1.0, 3.0, 1.0, -1.0, 1.0, 1.0, 0.0, -1.0, 2.0, 3.0, 1.0, 2.0, 96268.0, 492.0, 99518.0
2.0, 2.0, 2.0, 3.0, 1.0, 1.0, 3.0, -1.0, 2.0, 3.0, 2.0, 2.0, 0.0, 3.0, -1.0, 3.0, 1.0, 1.0, 3.0, 0.0, 1.0, 1.0, 0.0, 1.0, 3.0, 2.0, 0.0, -1.0, 2.0, 0.0, 2.0, 1.0, -1.0, 1.0, 2.0, 0.0, 1.0, 2.0, 3.0, 3.0, 0.0, 3.0, 0.0, 1.0, 2.0, 1.0, 3.0, 2.0, 0.0, 0.0, 95727.0, 650.0, 99391.0
3.0, -1.0, 2.0, 1.0, -1.0, 1.0, -1.0, -1.0, 1.0, 0.0, 3.0, 2.0, 1.0, 2.0, 0.0, 2.0, 1.0, 2.0, 0.0, 0.0, -1.0, 2.0, 3.0, 0.0, -1.0, 0.0, 2.0, -1.0, 0.0, 0.0, 1.0, 1.0, 2.0, 3.0, 2.0, 2.0, -1.0, 1.0, 1.0, 1.0, 0.0, 2.0, 0.0, 1.0, 0.0, -1.0, 0.0, 2.0, 2.0, -1.0, 95858.0, 573.0, 99449.0
-1.0, 0.0, 1.0, 2.0, 2.0, -1.0, -1.0, 2.0, -1.0, 0.0, 0.0, 1.0, 1.0, -1.0, -1.0, -1.0, -1.0, 2.0, 0.0, 2.0, -1.0, 2.0, 2.0, 0.0, 1.0, 2.0, -1.0, 2.0, 1.0, 2.0, 3.0, -1.0, 1.0, 1.0, -1.0, 0.0, -1.0, 0.0, 1.0, 3.0, 1.0, 0.0, 1.0, 1.0, 0.0, -1.0, 2.0, 3.0, 1.0, 2.0, 96165.0, 504.0, 99509.0
-1.0, -1.0, 2.0, 0.0, 3.0, 2.0, -1.0, -1.0, 1.0, -1.0, 0.0, 3.0, 3.0, 1.0, -1.0, 0.0, 2.0, 2.0, 2.0, 1.0, 0.0, 1.0, 2.0, -1.0, -1.0, 0.0, 1.0, 0.0, 1.0, 1.0, 3.0, 2.0, 1.0, -1.0, 3.0, 0.0, -1.0, 3.0, 0.0, 0.0, 2.0, -1.0, 0.0, 0.0, 3.0, 0.0, 0.0, 0.0, 1.0, 1.0, 95958.0, 561.0, 99471.0
-1.0, 0.0, 1.0, 2.0, 2.0, -1.0, -1.0, 2.0, -1.0, 0.0, 0.0, 1.0, 1.0, -1.0, -1.0, -1.0, -1.0, 2.0, 0.0, 2.0, -1.0, 2.0, 2.0, 0.0, 1.0, 2.0, -1.0, 2.0, 1.0, 2.0, 3.0, -1.0, 1.0, 1.0, -1.0, 0.0, -1.0, 0.0, 1.0, 3.0, 1.0, 0.0, 1.0, 1.0, 0.0, 0.0, 2.0, 3.0, 1.0, 2.0, 96102.0, 515.0, 99501.0
2.0, 2.0, 2.0, 3.0, 1.0, 1.0, 3.0, -1.0, 2.0, 3.0, 2.0, 2.0, 0.0, 3.0, -1.0, 3.0, 1.0, 1.0, 3.0, 0.0, 1.0, 1.0, 0.0, 1.0, 3.0, 2.0, 0.0, -1.0, 2.0, 0.0, 2.0, 1.0, -1.0, 1.0, 2.0, 0.0, 1.0, 2.0, 3.0, 3.0, 0.0, 3.0, 0.0, 1.0, 2.0, 1.0, 3.0, 2.0, 0.0, 0.0, 95727.0, 650.0, 99391.0
-1.0, 2.0, -1.0, -1.0, 0.0, 3.0, -1.0, 0.0, 2.0, 1.0, 2.0, 2.0, 0.0, -1.0, 1.0, -1.0, 1.0, 3.0, 1.0, -1.0, 0.0, 0.0, 3.0, 2.0, 2.0, -1.0, 0.0, 1.0, 2.0, 0.0, 3.0, 1.0, 0.0, 1.0, 3.0, 0.0, 1.0, 0.0, 1.0, 0.0, 0.0, 1.0, 3.0, -1.0, 0.0, -1.0, 0.0, 1.0, 1.0, -1.0, 95886.0, 560.0, 99477.0
3.0, 3.0, 2.0, 1.0, -1.0, -1.0, 3.0, 1.0, 0.0, 1.0, 0.0, 0.0, 0.0, 0.0, 2.0, 3.0, 2.0, 0.0, 0.0, 2.0, 3.0, 1.0, 3.0, 2.0, 1.0, 3.0, 2.0, 0.0, 2.0, 0.0, 2.0, 3.0, 2.0, 0.0, 3.0, 2.0, 1.0, 1.0, 1.0, 0.0, 1.0, 2.0, 1.0, 1.0, 2.0, 3.0, 0.0, 0.0, 3.0, 1.0, 95356.0, 681.0, 99371.0
-1.0, 0.0, 1.0, 2.0, 2.0, -1.0, -1.0, 2.0, -1.0, 0.0, 0.0, 1.0, 1.0, -1.0, -1.0, -1.0, -1.0, 2.0, 0.0, 2.0, -1.0, 2.0, 2.0, 0.0, 1.0, 2.0, -1.0, 2.0, 1.0, 2.0, 3.0, -1.0, 1.0, 1.0, -1.0, 0.0, -1.0, 0.0, 1.0, 3.0, 1.0, 0.0, 1.0, 1.0, 0.0, -1.0, 2.0, 3.0, 1.0, 2.0, 96165.0, 504.0, 99509.0
1.0, 2.0, 0.0, 3.0, 2.0, 0.0, 1.0, 2.0, 0.0, -1.0, 2.0, 1.0, 1.0, -1.0, -1.0, 3.0, -1.0, 0.0, 2.0, 0.0, 2.0, 0.0, 1.0, 1.0, 1.0, -1.0, 1.0, 3.0, 1.0, 3.0, -1.0, 0.0, 0.0, 1.0, 3.0, 0.0, -1.0, 0.0, 1.0, 2.0, 2.0, 0.0, 2.0, 1.0, 3.0, 2.0, 3.0, 0.0, 0.0, 2.0, 95617.0, 607.0, 99426.0
0.0, 0.0, 0.0, 0.0, 0.0, -1.0, 1.0, 2.0, 1.0, 1.0, 1.0, -1.0, 0.0, -1.0, 1.0, 3.0, 0.0, 3.0, 3.0, 1.0, 1.0, 2.0, 2.0, 2.0, 1.0, -1.0, 0.0, 3.0, 2.0, -1.0, 2.0, 3.0, 3.0, 0.0, 1.0, -1.0, -1.0, 2.0, 1.0, 3.0, 2.0, 0.0, 1.0, 1.0, 2.0, 2.0, 2.0, 0.0, 2.0, 0.0, 95707.0, 612.0, 99422.0
-1.0, 0.0, 1.0, 2.0, 2.0, -1.0, -1.0, 2.0, -1.0, 0.0, 0.0, 1.0, 1.0, 2.0, -1.0, -1.0, -1.0, 2.0, 0.0, 2.0, -1.0, 2.0, 2.0, 0.0, 1.0, 2.0, -1.0, 2.0, 1.0, 2.0, 3.0, -1.0, 1.0, 1.0, -1.0, 0.0, -1.0, 0.0, 1.0, 3.0, 1.0, 0.0, 1.0, 1.0, 0.0, -1.0, 2.0, 3.0, 1.0, 2.0, 96053.0, 519.0, 99493.0
2.0, 2.0, 2.0, 3.0, 1.0, 1.0, 3.0, -1.0, 2.0, 3.0, 2.0, 2.0, 0.0, 3.0, -1.0, 3.0, 1.0, 1.0, 3.0, 0.0, 1.0, 1.0, 0.0, 1.0, 3.0, 2.0, 0.0, -1.0, 2.0, 0.0, 2.0, 1.0, -1.0, 1.0, 2.0, 0.0, 1.0, 2.0, 3.0, 3.0, 0.0, 3.0, 0.0, 1.0, 2.0, 1.0, 3.0, 2.0, 0.0, 0.0, 95727.0, 650.0, 99391.0
-1.0, 2.0, -1.0, -1.0, 0.0, 3.0, -1.0, 0.0, 2.0, 1.0, 2.0, 2.0, 0.0, -1.0, 1.0, -1.0, 1.0, 3.0, 1.0, -1.0, 0.0, 0.0, 3.0, 2.0, 2.0, -1.0, 0.0, 1.0, 2.0, 0.0, 3.0, 1.0, 0.0, 1.0, 3.0, 0.0, 1.0, 0.0, 1.0, 0.0, 0.0, 1.0, 3.0, -1.0, 0.0, -1.0, 0.0, 1.0, 1.0, -1.0, 95886.0, 560.0, 99477.0
3.0, 3.0, 2.0, 1.0, -1.0, -1.0, 3.0, 1.0, 0.0, 1.0, 0.0, 0.0, 0.0, 0.0, 2.0, 3.0, 2.0, 0.0, 0.0, 2.0, 3.0, 1.0, 3.0, 2.0, 1.0, 3.0, 2.0, 0.0, 2.0, 0.0, 2.0, 3.0, 2.0, 0.0, 3.0, 2.0, 1.0, 1.0, 1.0, 0.0, 1.0, 2.0, 1.0, 1.0, 2.0, 3.0, 0.0, 0.0, 3.0, 1.0, 95356.0, 681.0, 99371.0
-1.0, 0.0, 1.0, 2.0, 2.0, -1.0, -1.0, 2.0, -1.0, 0.0, 0.0, 1.0, 1.0, -1.0, -1.0, -1.0, 0.0, 2.0, 0.0, 2.0, -1.0, 2.0, 2.0, 0.0, 1.0, 2.0, -1.0, 3.0, 1.0, 2.0, 3.0, -1.0, 1.0, 1.0, -1.0, 0.0, -1.0, 0.0, 1.0, 3.0, 1.0, 0.0, 1.0, 1.0, 2.0, -1.0, 2.0, 3.0, 1.0, 2.0, 96133.0, 516.0, 99496.0
3.0, -1.0, 0.0, 1.0, -1.0, 1.0, -1.0, 1.0, 1.0, 0.0, 3.0, 3.0, 1.0, 2.0, -1.0, 2.0, 1.0, 2.0, 0.0, 0.0, -1.0, 2.0, 3.0, 0.0, -1.0, 0.0, 2.0, -1.0, 0.0, 0.0, 2.0, 0.0, 2.0, 3.0, 2.0, 2.0, 1.0, 1.0, 1.0, 1.0, 0.0, 2.0, 0.0, 1.0, 0.0, 2.0, 0.0, 2.0, 2.0, -1.0, 95704.0, 600.0, 99429.0
2.0, 2.0, 2.0, 3.0, 1.0, 0.0, 3.0, -1.0, 2.0, 3.0, 2.0, 2.0, 0.0, 3.0, -1.0, 3.0, 1.0, 1.0, 3.0, 0.0, 1.0, 1.0, 0.0, 1.0, 3.0, 2.0, 0.0, -1.0, 2.0, 0.0, 2.0, 1.0, 1.0, 1.0, 2.0, 0.0, 1.0, 2.0, 3.0, 3.0, 0.0, 3.0, 0.0, 1.0, 2.0, 1.0, 3.0, 2.0, 0.0, 0.0, 95535.0, 669.0, 99373.0
-1.0, -1.0, 2.0, 3.0, 3.0, 2.0, -1.0, -1.0, 1.0, -1.0, 0.0, 3.0, 3.0, 1.0, -1.0, 0.0, 2.0, 2.0, 2.0, 1.0, 0.0, 1.0, 2.0, -1.0, -1.0, 0.0, 1.0, 0.0, 1.0, -1.0, 3.0, 2.0, 1.0, -1.0, 3.0, 0.0, -1.0, 3.0, 0.0, 0.0, 2.0, 0.0, 0.0, 0.0, 3.0, 0.0, 0.0, 0.0, 1.0, 1.0, 96014.0, 562.0, 99470.0
-1.0, 0.0, 1.0, 2.0, 2.0, -1.0, -1.0, 2.0, -1.0, 0.0, 0.0, 1.0, 1.0, -1.0, -1.0, -1.0, -1.0, 2.0, 0.0, 2.0, -1.0, 2.0, 2.0, 0.0, 1.0, 2.0, -1.0, 2.0, 1.0, 2.0, 3.0, -1.0, 1.0, 1.0, -1.0, 0.0, -1.0, 0.0, 1.0, 3.0, 1.0, -1.0, 1.0, 1.0, 0.0, -1.0, 2.0, 3.0, 1.0, 2.0, 96268.0, 492.0, 99518.0
3.0, -1.0, 2.0, 1.0, -1.0, 1.0, -1.0, -1.0, 1.0, 0.0, 3.0, 2.0, 1.0, 2.0, 0.0, 2.0, 1.0, 2.0, 0.0, 0.0, -1.0, 2.0, 3.0, 0.0, -1.0, 0.0, 2.0, -1.0, 0.0, 0.0, 1.0, 1.0, 2.0, 3.0, 2.0, 2.0, 1.0, 1.0, 1.0, 1.0, 0.0, 2.0, 0.0, 1.0, 0.0, -1.0, 0.0, 2.0, 2.0, -1.0, 95767.0, 592.0, 99439.0
0.0, 0.0, 1.0, 2.0, 2.0, 0.0, 3.0, 0.0, 1.0, 1.0, 2.0, 1.0, 0.0, 1.0, -1.0, 2.0, 1.0, 0.0, 0.0, 2.0, 1.0, 3.0, 0.0, 2.0, 1.0, -1.0, 1.0, 0.0, 3.0, -1.0, -1.0, -1.0, 2.0, 0.0, 1.0, 2.0, -1.0, 0.0, 1.0, 2.0, 2.0, 2.0, 2.0, 3.0, 1.0, 0.0, 1.0, 3.0, 0.0, 2.0, 95469.0, 620.0, 99403.0
0.0, 0.0, 0.0, 0.0, 0.0, -1.0, -1.0, 2.0, 1.0, 1.0, 1.0, -1.0, 0.0, 2.0, 1.0, 3.0, 1.0, 3.0, 3.0, 1.0, 1.0, 2.0, 2.0, 2.0, 1.0, -1.0, 0.0, 3.0, 2.0, -1.0, 2.0, 3.0, 3.0, 0.0, 1.0, -1.0, -1.0, 2.0, 1.0, 3.0, 2.0, 0.0, 1.0, 1.0, 2.0, 2.0, 2.0, 0.0, 2.0, 0.0, 95656.0, 614.0, 99413.0
-1.0, 0.0, 1.0, 2.0, 2.0, -1.0, -1.0, 2.0, -1.0, 0.0, 0.0, 1.0, 1.0, -1.0, -1.0, -1.0, -1.0, 2.0, 0.0, 2.0, -1.0, 2.0, 2.0, 0.0, 1.0, 2.0, -1.0, 2.0, 1.0, 2.0, 3.0, -1.0, 1.0, 1.0, -1.0, 0.0, -1.0, 0.0, 1.0, 3.0, 1.0, 0.0, 1.0, 1.0, 0.0, -1.0, 2.0, 3.0, 1.0, 2.0, 96165.0, 504.0, 99509.0
-1.0, 0.0, 1.0, 2.0, 2.0, -1.0, -1.0, 1.0, -1.0, 0.0, 0.0, 1.0, 1.0, -1.0, -1.0, -1.0, -1.0, 2.0, 0.0, 2.0, -1.0, 2.0, 2.0, 0.0, 1.0, 2.0, 0.0, 2.0, 1.0, 2.0, 3.0, -1.0, 1.0, 0.0, 3.0, 0.0, -1.0, 0.0, 1.0, 3.0, 1.0, 0.0, 2.0, 1.0, 0.0, -1.0, 2.0, 0.0, 1.0, 2.0, 95782.0, 534.0, 99479.0
1.0, 2.0, -1.0, 0.0, -1.0, 1.0, -1.0, 2.0, 2.0, -1.0, 0.0, 1.0, -1.0, 2.0, 2.0, -1.0, -1.0, 1.0, 1.0, 0.0, 1.0, 3.0, 2.0, -1.0, -1.0, 2.0, 1.0, 1.0, 3.0, 1.0, 2.0, 3.0, 3.0, 0.0, 2.0, 1.0, 2.0, 0.0, 2.0, 2.0, 0.0, -1.0, 0.0, 1.0, 1.0, 1.0, 1.0, 0.0, 0.0, 0.0, 95946.0, 570.0, 99470.0
-1.0, -1.0, 2.0, 0.0, 3.0, 2.0, -1.0, -1.0, 1.0, -1.0, 0.0, 3.0, 3.0, 1.0, -1.0, 0.0, 2.0, 2.0, 2.0, 1.0, 0.0, 1.0, 2.0, -1.0, -1.0, 0.0, 1.0, 0.0, 1.0, 1.0, 3.0, 2.0, 1.0, -1.0, 3.0, 0.0, -1.0, 3.0, 0.0, 0.0, 2.0, -1.0, 0.0, 0.0, 3.0, 0.0, 0.0, 0.0, 1.0, 1.0, 95958.0, 561.0, 99471.0
2.0, 2.0, 2.0, 3.0, 1.0, 1.0, 3.0, -1.0, 2.0, 3.0, 2.0, 2.0, 0.0, 3.0, -1.0, 3.0, 1.0, 1.0, 3.0, 0.0, 1.0, 1.0, 0.0, 1.0, 3.0, 2.0, 0.0, -1.0, 2.0, 0.0, 2.0, 1.0, -1.0, 1.0, 2.0, 0.0, -1.0, 2.0, 3.0, 3.0, 0.0, 3.0, 0.0, 1.0, 2.0, 1.0, 3.0, 2.0, 0.0, 0.0, 95818.0, 631.0, 99401.0
-1.0, 2.0, -1.0, -1.0, 0.0, 3.0, -1.0, 0.0, 2.0, 1.0, 2.0, 2.0, 0.0, -1.0, 1.0, -1.0, 1.0, 3.0, 1.0, -1.0, 0.0, 0.0, 3.0, 2.0, 2.0, -1.0, 0.0, 1.0, 2.0, 0.0, 3.0, 1.0, 0.0, 1.0, 3.0, 0.0, 1.0, 0.0, 1.0, 0.0, 0.0, 1.0, 3.0, -1.0, 0.0, -1.0, 0.0, 1.0, 1.0, -1.0, 95886.0, 560.0, 99477.0
3.0, 3.0, 2.0, 1.0, -1.0, -1.0, 3.0, 1.0, 0.0, 1.0, 0.0, 0.0, 0.0, 0.0, 2.0, 3.0, 2.0, 0.0, 0.0, 2.0, 3.0, 1.0, 3.0, 2.0, 1.0, 3.0, 2.0, 0.0, 2.0, 0.0, 2.0, 3.0, 2.0, 0.0, 3.0, 2.0, 1.0, 1.0, 1.0, 0.0, 1.0, 2.0, 1.0, 1.0, 2.0, 3.0, 0.0, 0.0, 3.0, 1.0, 95356.0, 681.0, 99371.0
3.0, 3.0, 2.0, 1.0, -1.0, -1.0, -1.0, 1.0, 0.0, 1.0, 0.0, 3.0, 0.0, 0.0, 2.0, 3.0, 2.0, 0.0, 0.0, 2.0, 3.0, 1.0, 3.0, 2.0, 1.0, 3.0, 2.0, 0.0, 2.0, 0.0, 2.0, 3.0, 2.0, 0.0, 3.0, 2.0, 1.0, 1.0, 1.0, 0.0, 1.0, 2.0, 1.0, 1.0, 2.0, 3.0, 0.0, 0.0, 3.0, 1.0, 95424.0, 668.0, 99378.0
2.0, -1.0, 1.0, 2.0, 2.0, -1.0, -1.0, 2.0, 3.0, 0.0, 0.0, 1.0, 3.0, 0.0, -1.0, 0.0, 1.0, 3.0, -1.0, 2.0, 1.0, -1.0, 0.0, 1.0, 3.0, 0.0, 1.0, 1.0, 3.0, 1.0, 0.0, 0.0, 1.0, 3.0, 2.0, 0.0, 2.0, -1.0, 0.0, 2.0, 0.0, 0.0, 0.0, 2.0, 3.0, -1.0, 2.0, 2.0, 3.0, 1.0, 95762.0, 598.0, 99439.0
3.0, -1.0, 0.0, 1.0, -1.0, 1.0, -1.0, 2.0, 1.0, 0.0, 3.0, 2.0, 1.0, 2.0, 0.0, 2.0, 1.0, 2.0, 0.0, 0.0, -1.0, 2.0, 3.0, 0.0, -1.0, 0.0, 2.0, -1.0, 0.0, 0.0, 2.0, 1.0, 2.0, 3.0, 2.0, 2.0, 1.0, 1.0, 1.0, 1.0, 0.0, 1.0, 0.0, 1.0, 0.0, -1.0, 0.0, 2.0, 2.0, -1.0, 95667.0, 606.0, 99430.0
3.0, -1.0, 0.0, 1.0, -1.0, 1.0, -1.0, 1.0, 1.0, 0.0, 3.0, 2.0, 1.0, 2.0, 0.0, 2.0, 1.0, 2.0, 0.0, 0.0, -1.0, 2.0, 3.0, 0.0, -1.0, 0.0, 2.0, -1.0, 0.0, 0.0, 1.0, 1.0, 2.0, 3.0, 2.0, 2.0, -1.0, 1.0, 1.0, 1.0, 0.0, 2.0, 0.0, 1.0, 0.0, -1.0, 0.0, 2.0, 2.0, -1.0, 95731.0, 587.0, 99440.0
-1.0, 0.0, 1.0, 2.0, 2.0, -1.0, -1.0, 2.0, -1.0, 0.0, 0.0, 1.0, 1.0, -1.0, -1.0, -1.0, -1.0, 2.0, 0.0, 2.0, -1.0, 2.0, 2.0, 0.0, 1.0, 2.0, 0.0, 2.0, 1.0, 2.0, 3.0, -1.0, 1.0, 0.0, 3.0, 0.0, -1.0, 0.0, 1.0, 3.0, 1.0, 0.0, 2.0, 1.0, 0.0, -1.0, 2.0, 0.0, 1.0, 2.0, 95801.0, 534.0, 99479.0
-1.0, 0.0, 1.0, 2.0, 2.0, -1.0, -1.0, 2.0, -1.0, 0.0, 0.0, 1.0, 1.0, -1.0, -1.0, -1.0, 2.0, 2.0, 0.0, 2.0, -1.0, 2.0, 2.0, 0.0, 1.0, 2.0, 0.0, 2.0, 1.0, 2.0, 3.0, -1.0, 1.0, 0.0, -1.0, 0.0, -1.0, 0.0, 1.0, 3.0, 1.0, 0.0, 2.0, 1.0, 0.0, -1.0, 2.0, 0.0, 1.0, 2.0, 95796.0, 534.0, 99482.0
-1.0, 0.0, 0.0, 2.0, 2.0, -1.0, -1.0, 2.0, -1.0, 0.0, 0.0, 1.0, 1.0, -1.0, -1.0, -1.0, -1.0, 2.0, 0.0, 2.0, -1.0, 2.0, 2.0, 1.0, 1.0, 2.0, -1.0, 2.0, 1.0, 2.0, 3.0, -1.0, 1.0, 1.0, -1.0, 0.0, -1.0, 0.0, 1.0, 3.0, 1.0, 0.0, 1.0, 1.0, 0.0, 0.0, 2.0, 3.0, 1.0, 2.0, 96109.0, 515.0, 99501.0
0.0, 2.0, 1.0, -1.0, 2.0, 0.0, 1.0, 0.0, 1.0, 1.0, 2.0, 0.0, 3.0, 0.0, 3.0, -1.0, 1.0, 0.0, 1.0, 2.0, 2.0, 0.0, 0.0, 1.0, 0.0, 3.0, -1.0, 1.0, 2.0, -1.0, 1.0, -1.0, 2.0, -1.0, 0.0, 2.0, 1.0, 2.0, -1.0, 2.0, 0.0, 3.0, 1.0, 0.0, 0.0, 0.0, 0.0, 2.0, 2.0, 1.0, 95598.0, 610.0, 99437.0
0.0, 2.0, 1.0, -1.0, 2.0, 0.0, 1.0, 0.0, 1.0, 1.0, 2.0, 0.0, 3.0, 0.0, 3.0, -1.0, 1.0, 0.0, 1.0, 2.0, 2.0, 0.0, 0.0, 1.0, 0.0, 3.0, -1.0, 1.0, 2.0, -1.0, 1.0, -1.0, 2.0, -1.0, 0.0, 2.0, 1.0, 2.0, -1.0, 2.0, 0.0, 3.0, 1.0, 0.0, 0.0, 0.0, 0.0, 2.0, 2.0, 1.0, 95598.0, 610.0, 99437.0
-1.0, 0.0, 1.0, 2.0, 2.0, -1.0, -1.0, 2.0, -1.0, 0.0, 0.0, 1.0, 1.0, 1.0, -1.0, -1.0, -1.0, 2.0, 0.0, 2.0, -1.0, 2.0, 2.0, 0.0, 1.0, 2.0, -1.0, 2.0, 1.0, 2.0, 3.0, -1.0, 1.0, 2.0, -1.0, 0.0, -1.0, 0.0, 1.0, 3.0, 1.0, 0.0, 1.0, 1.0, 0.0, -1.0, 2.0, 3.0, 1.0, 2.0, 96056.0, 519.0, 99493.0
-1.0, 0.0, 1.0, 2.0, 2.0, -1.0, -1.0, 2.0, -1.0, 0.0, 0.0, 1.0, 1.0, -1.0, -1.0, -1.0, -1.0, 2.0, 0.0, 2.0, 0.0, 2.0, 2.0, 0.0, 1.0, 2.0, -1.0, 2.0, 1.0, 2.0, 3.0, -1.0, 0.0, 1.0, -1.0, 0.0, -1.0, 0.0, 1.0, 3.0, 1.0, 0.0, 1.0, 1.0, 0.0, 0.0, 2.0, 3.0, 1.0, 2.0, 96027.0, 526.0, 99495.0
3.0, 3.0, 2.0, 1.0, -1.0, -1.0, 3.0, 1.0, 0.0, 1.0, 0.0, 3.0, 0.0, 0.0, 2.0, 3.0, 2.0, 0.0, 0.0, 2.0, 3.0, 1.0, 3.0, 2.0, 1.0, 3.0, 2.0, 0.0, 2.0, 0.0, 2.0, 3.0, 2.0, 0.0, 3.0, 2.0, 1.0, 1.0, 1.0, 0.0, 1.0, 2.0, 1.0, 1.0, 2.0, 3.0, 0.0, 0.0, 3.0, 1.0, 95407.0, 681.0, 99371.0
0.0, 2.0, 1.0, -1.0, 2.0, 0.0, 1.0, 0.0, 1.0, 1.0, 2.0, 0.0, 3.0, 0.0, 3.0, -1.0, 1.0, 0.0, 1.0, 2.0, 2.0, 0.0, 0.0, 1.0, 0.0, 3.0, -1.0, 1.0, 2.0, -1.0, 1.0, -1.0, 2.0, -1.0, 0.0, 2.0, 1.0, 2.0, -1.0, 2.0, 0.0, 3.0, 1.0, 0.0, 0.0, 0.0, 2.0, 2.0, 2.0, 1.0, 95626.0, 610.0, 99437.0
