2.0, 2.0, 2.0, 2.0, 3.0, -1.0, 2.0, 1.0, -1.0, 1.0, 1.0, 0.0, 0.0, 2.0, 3.0, -1.0, -1.0, 3.0, 3.0, 0.0, 0.0, 2.0, -1.0, 3.0, 2.0, 3.0, 0.0, 1.0, 1.0, 1.0, -1.0, 1.0, 0.0, 0.0, 0.0, 1.0, -1.0, 2.0, 1.0, -1.0, 3.0, 2.0, -1.0, -1.0, -1.0, 1.0, -1.0, -1.0, 1.0, 3.0, 95543.0, 496.0, 99504.0
-1.0, 1.0, 3.0, -1.0, 1.0, 0.0, 0.0, 3.0, 0.0, 1.0, -1.0, -1.0, 2.0, -1.0, 1.0, -1.0, 2.0, 2.0, -1.0, -1.0, 2.0, -1.0, -1.0, 0.0, 0.0, 1.0, -1.0, -1.0, 2.0, 0.0, -1.0, 2.0, 3.0, 2.0, -1.0, 1.0, -1.0, 3.0, 0.0, 0.0, 1.0, 0.0, 0.0, -1.0, -1.0, 0.0, 0.0, 1.0, 2.0, 1.0, 95960.0, 437.0, 99576.0
-1.0, 1.0, 3.0, -1.0, 1.0, 0.0, -1.0, 3.0, 0.0, 1.0, -1.0, 3.0, 2.0, -1.0, 1.0, -1.0, 2.0, 2.0, -1.0, -1.0, 2.0, -1.0, -1.0, 2.0, 0.0, 1.0, -1.0, -1.0, 2.0, 0.0, -1.0, 2.0, 3.0, 2.0, -1.0, 1.0, -1.0, 3.0, 0.0, 2.0, 1.0, 0.0, 2.0, -1.0, -1.0, 0.0, -1.0, 1.0, -1.0, 1.0, 96382.0, 412.0, 99601.0
3.0, 1.0, 3.0, 2.0, 1.0, -1.0, -1.0, 2.0, 0.0, 2.0, 1.0, 0.0, 2.0, 2.0, 1.0, -1.0, 3.0, -1.0, 1.0, 0.0, -1.0, 0.0, 2.0, -1.0, 1.0, 3.0, 2.0, 3.0, 0.0, 2.0, 1.0, 0.0, -1.0, 2.0, -1.0, 1.0, 0.0, 0.0, 2.0, 0.0, -1.0, 3.0, -1.0, 1.0, 1.0, 0.0, -1.0, -1.0, -1.0, 1.0, 95161.0, 503.0, 99498.0
-1.0, 1.0, 3.0, -1.0, 1.0, 0.0, -1.0, 3.0, 0.0, 1.0, -1.0, -1.0, 2.0, -1.0, 1.0, -1.0, 2.0, 2.0, -1.0, -1.0, 2.0, -1.0, -1.0, 2.0, 0.0, 1.0, -1.0, -1.0, 2.0, 0.0, -1.0, 2.0, -1.0, 2.0, -1.0, 1.0, -1.0, 3.0, 0.0, 0.0, 1.0, 0.0, 2.0, -1.0, -1.0, 0.0, 0.0, -1.0, -1.0, 1.0, 96453.0, 382.0, 99621.0
-1.0, 1.0, 3.0, -1.0, 1.0, 0.0, -1.0, 3.0, 0.0, 1.0, -1.0, -1.0, 2.0, -1.0, 1.0, -1.0, 2.0, 2.0, -1.0, -1.0, 2.0, -1.0, -1.0, 0.0, 0.0, 1.0, -1.0, -1.0, 2.0, 0.0, -1.0, 2.0, 3.0, 2.0, -1.0, 1.0, -1.0, 3.0, 0.0, 0.0, 1.0, 0.0, 2.0, -1.0, -1.0, 0.0, 0.0, 1.0, 0.0, 1.0, 96180.0, 427.0, 99592.0
-1.0, 1.0, 3.0, -1.0, 1.0, 0.0, -1.0, 3.0, 0.0, 1.0, -1.0, 3.0, 2.0, -1.0, 1.0, -1.0, 2.0, 2.0, -1.0, -1.0, 2.0, -1.0, -1.0, 2.0, 0.0, 1.0, -1.0, -1.0, 2.0, 0.0, -1.0, 2.0, 3.0, 2.0, -1.0, 1.0, -1.0, 3.0, 0.0, 2.0, 1.0, 0.0, 2.0, -1.0, -1.0, 0.0, -1.0, 1.0, -1.0, 1.0, 96382.0, 412.0, 99601.0
0.0, 3.0, 2.0, 2.0, 1.0, 3.0, 1.0, 2.0, 0.0, 1.0, 0.0, 1.0, -1.0, -1.0, 0.0, 3.0, 2.0, 2.0, 3.0, 1.0, 2.0, 3.0, -1.0, 1.0, 2.0, 1.0, 0.0, 2.0, 0.0, 2.0, 3.0, 3.0, 0.0, 0.0, 0.0, -1.0, -1.0, 1.0, 2.0, 1.0, 1.0, 0.0, 0.0, -1.0, 3.0, 0.0, 3.0, -1.0, 2.0, 1.0, 94809.0, 580.0, 99439.0
2.0, 2.0, 2.0, 2.0, 3.0, -1.0, 2.0, 1.0, -1.0, 1.0, 1.0, 0.0, 0.0, 2.0, 3.0, -1.0, -1.0, 3.0, 3.0, 0.0, 0.0, 2.0, -1.0, 3.0, 2.0, 3.0, 0.0, 1.0, 1.0, 1.0, -1.0, 1.0, 0.0, 0.0, 0.0, 1.0, -1.0, 2.0, 1.0, -1.0, 3.0, 2.0, -1.0, -1.0, -1.0, -1.0, -1.0, -1.0, 1.0, 3.0, 95699.0, 481.0, 99520.0
3.0, 1.0, 3.0, 2.0, 1.0, -1.0, -1.0, 2.0, 0.0, 2.0, 1.0, 0.0, 2.0, 2.0, 1.0, -1.0, 3.0, -1.0, 1.0, 0.0, -1.0, 0.0, 2.0, -1.0, 1.0, 3.0, 2.0, 3.0, 0.0, 2.0, 1.0, 0.0, -1.0, 2.0, -1.0, 1.0, 0.0, 0.0, 2.0, 0.0, -1.0, 3.0, -1.0, 1.0, 1.0, 0.0, -1.0, -1.0, -1.0, 1.0, 95161.0, 503.0, 99498.0
-1.0, 1.0, 3.0, -1.0, 1.0, 0.0, 0.0, 3.0, 0.0, 1.0, -1.0, -1.0, 2.0, -1.0, 1.0, -1.0, 2.0, 2.0, -1.0, -1.0, 2.0, -1.0, -1.0, 0.0, 0.0, 1.0, -1.0, -1.0, 2.0, 0.0, -1.0, 2.0, 3.0, 2.0, -1.0, 1.0, -1.0, 3.0, 0.0, 0.0, 1.0, 0.0, 0.0, -1.0, -1.0, 0.0, 0.0, 1.0, 2.0, 1.0, 95960.0, 437.0, 99576.0
0.0, 0.0, 2.0, 1.0, 1.0, -1.0, -1.0, 0.0, -1.0, -1.0, -1.0, 3.0, 1.0, 3.0, 1.0, 2.0, 1.0, 2.0, 3.0, 1.0, 1.0, -1.0, 3.0, 2.0, 3.0, 1.0, -1.0, 0.0, 0.0, 3.0, 2.0, 2.0, -1.0, -1.0, 1.0, 2.0, 2.0, -1.0, 0.0, 0.0, 2.0, 1.0, -1.0, -1.0, 1.0, 0.0, -1.0, 0.0, -1.0, 0.0, 95319.0, 489.0, 99519.0
0.0, 3.0, 2.0, 2.0, 1.0, -1.0, 1.0, 2.0, -1.0, 1.0, 0.0, 1.0, -1.0, -1.0, 0.0, 3.0, 2.0, 2.0, 3.0, 1.0, 2.0, 3.0, -1.0, 1.0, 2.0, 1.0, 0.0, 2.0, 0.0, 3.0, 3.0, 3.0, 0.0, 0.0, 0.0, -1.0, -1.0, 1.0, 2.0, 1.0, 2.0, 0.0, 0.0, -1.0, 3.0, 0.0, 3.0, -1.0, 2.0, 1.0, 95020.0, 552.0, 99461.0
-1.0, 1.0, 3.0, 1.0, 1.0, 0.0, -1.0, 3.0, 0.0, 1.0, -1.0, 3.0, 2.0, -1.0, 1.0, -1.0, 2.0, 2.0, -1.0, -1.0, 2.0, -1.0, -1.0, 2.0, 0.0, 1.0, -1.0, -1.0, 2.0, 0.0, -1.0, 2.0, 3.0, 2.0, -1.0, 1.0, -1.0, 3.0, 0.0, 2.0, 1.0, 0.0, 2.0, -1.0, -1.0, 0.0, -1.0, 1.0, -1.0, 1.0, 96189.0, 425.0, 99584.0
3.0, 1.0, 3.0, 2.0, -1.0, -1.0, -1.0, 2.0, 0.0, 2.0, 1.0, 0.0, 2.0, 2.0, 1.0, -1.0, 3.0, -1.0, 1.0, 0.0, -1.0, 0.0, 2.0, -1.0, 1.0, 3.0, 2.0, 3.0, 0.0, 2.0, 0.0, 0.0, -1.0, 2.0, -1.0, 1.0, 0.0, 0.0, 2.0, 0.0, -1.0, 1.0, -1.0, 1.0, 1.0, 0.0, -1.0, -1.0, -1.0, 1.0, 95290.0, 490.0, 99514.0
0.0, 0.0, 2.0, 1.0, 1.0, -1.0, -1.0, 0.0, -1.0, -1.0, -1.0, 3.0, 1.0, 3.0, 1.0, 2.0, 1.0, 2.0, 3.0, 1.0, 1.0, -1.0, 3.0, 2.0, 3.0, 1.0, -1.0, 0.0, 0.0, 3.0, 2.0, 2.0, -1.0, -1.0, -1.0, 2.0, 2.0, -1.0, 0.0, 0.0, 2.0, 1.0, -1.0, -1.0, -1.0, 0.0, -1.0, 0.0, -1.0, 0.0, 95565.0, 464.0, 99541.0
-1.0, 1.0, 0.0, 3.0, 2.0, 2.0, 0.0, 1.0, 1.0, -1.0, 1.0, 2.0, -1.0, -1.0, 3.0, -1.0, 1.0, 2.0, 0.0, 0.0, 2.0, 1.0, -1.0, 1.0, 2.0, 2.0, 0.0, 1.0, -1.0, 1.0, -1.0, 3.0, 3.0, 2.0, 0.0, -1.0, 3.0, -1.0, 2.0, 1.0, 0.0, 3.0, 3.0, -1.0, 2.0, 3.0, 0.0, 0.0, 1.0, 3.0, 95456.0, 524.0, 99487.0
2.0, 2.0, 2.0, 1.0, 3.0, -1.0, 2.0, 0.0, 0.0, 1.0, 0.0, 0.0, 0.0, 2.0, 3.0, -1.0, -1.0, 3.0, 3.0, 0.0, 0.0, 2.0, -1.0, 3.0, 2.0, 0.0, 0.0, 1.0, 1.0, 1.0, -1.0, 1.0, 2.0, 0.0, 0.0, 1.0, -1.0, -1.0, -1.0, -1.0, 2.0, 2.0, -1.0, -1.0, -1.0, 1.0, 3.0, -1.0, 1.0, 3.0, 95533.0, 488.0, 99514.0
-1.0, 1.0, 3.0, -1.0, 1.0, 0.0, 1.0, 3.0, 0.0, 1.0, -1.0, -1.0, 2.0, -1.0, 1.0, -1.0, 2.0, 2.0, -1.0, -1.0, 2.0, 3.0, -1.0, 2.0, 0.0, 1.0, -1.0, -1.0, 2.0, 0.0, -1.0, 2.0, -1.0, 2.0, -1.0, 1.0, -1.0, 3.0, 0.0, 0.0, -1.0, 0.0, 2.0, -1.0, 1.0, 0.0, 0.0, 1.0, -1.0, 1.0, 96073.0, 431.0, 99581.0
3.0, 1.0, 3.0, 0.0, 1.0, -1.0, -1.0, 2.0, 0.0, 2.0, 1.0, 0.0, 2.0, 2.0, 1.0, -1.0, 3.0, -1.0, 1.0, 0.0, -1.0, 0.0, 2.0, -1.0, 1.0, 3.0, 2.0, 3.0, 0.0, 2.0, 1.0, 0.0, -1.0, 2.0, -1.0, 1.0, 0.0, 0.0, 2.0, 0.0, -1.0, 3.0, -1.0, 1.0, 1.0, 0.0, 2.0, -1.0, -1.0, 1.0, 95026.0, 516.0, 99491.0
-1.0, 1.0, 3.0, -1.0, 1.0, 0.0, -1.0, 0.0, 0.0, 1.0, -1.0, -1.0, 2.0, -1.0, 1.0, -1.0, 1.0, 2.0, -1.0, -1.0, 2.0, -1.0, -1.0, 2.0, 0.0, 1.0, -1.0, -1.0, 2.0, 0.0, -1.0, 2.0, 3.0, 2.0, -1.0, 1.0, -1.0, 3.0, 0.0, 0.0, 1.0, 0.0, 2.0, -1.0, -1.0, 0.0, 0.0, 1.0, -1.0, 1.0, 96134.0, 414.0, 99602.0
-1.0, 1.0, 3.0, -1.0, 1.0, 0.0, -1.0, 3.0, 0.0, 1.0, -1.0, -1.0, 2.0, -1.0, 1.0, -1.0, 2.0, 2.0, -1.0, -1.0, 2.0, -1.0, -1.0, 2.0, 0.0, 1.0, -1.0, -1.0, 2.0, 0.0, -1.0, 2.0, -1.0, 2.0, -1.0, 1.0, -1.0, 3.0, 0.0, 0.0, -1.0, 0.0, 2.0, -1.0, 1.0, 0.0, 0.0, 1.0, -1.0, 1.0, 96289.0, 403.0, 99607.0
2.0, 2.0, 2.0, 2.0, 3.0, -1.0, 2.0, 1.0, -1.0, 1.0, 1.0, 0.0, 0.0, 2.0, 3.0, -1.0, -1.0, 3.0, 3.0, 0.0, 0.0, 2.0, -1.0, 3.0, 2.0, 3.0, 0.0, 1.0, 1.0, 1.0, -1.0, 1.0, 0.0, 0.0, 0.0, 1.0, -1.0, 2.0, 1.0, -1.0, 3.0, 2.0, -1.0, -1.0, -1.0, 1.0, -1.0, -1.0, 1.0, 3.0, 95543.0, 496.0, 99504.0
-1.0, 1.0, 3.0, -1.0, 1.0, 0.0, 0.0, 3.0, 0.0, 1.0, -1.0, -1.0, 2.0, -1.0, 1.0, -1.0, 2.0, 2.0, -1.0, -1.0, 2.0, -1.0, -1.0, 0.0, 0.0, 1.0, -1.0, -1.0, 2.0, 0.0, -1.0, 2.0, 3.0, 2.0, -1.0, 1.0, -1.0, 3.0, 0.0, 0.0, 1.0, 0.0, 0.0, -1.0, -1.0, 0.0, 0.0, 1.0, 2.0, 1.0, 95960.0, 437.0, 99576.0
-1.0, 1.0, 3.0, -1.0, 1.0, 0.0, -1.0, 3.0, 0.0, 1.0, -1.0, -1.0, 2.0, -1.0, 1.0, -1.0, 2.0, 2.0, -1.0, -1.0, 2.0, -1.0, -1.0, 2.0, 0.0, 1.0, -1.0, -1.0, 2.0, 0.0, -1.0, 2.0, -1.0, 2.0, -1.0, 1.0, -1.0, 3.0, 0.0, 0.0, -1.0, 0.0, 2.0, -1.0, 1.0, 0.0, 0.0, 1.0, -1.0, 1.0, 96289.0, 403.0, 99607.0
1.0, 1.0, 0.0, 1.0, 2.0, -1.0, 3.0, 1.0, 2.0, 0.0, -1.0, 0.0, 2.0, -1.0, 0.0, 3.0, 0.0, 1.0, -1.0, 3.0, 0.0, -1.0, 1.0, 2.0, 2.0, 0.0, 0.0, 2.0, 2.0, 1.0, 1.0, 0.0, -1.0, 1.0, 2.0, 2.0, 2.0, 3.0, 2.0, 0.0, 1.0, 3.0, 0.0, -1.0, 3.0, -1.0, -1.0, -1.0, 0.0, 3.0, 95132.0, 528.0, 99477.0
-1.0, 1.0, 3.0, -1.0, 1.0, 0.0, -1.0, 3.0, 0.0, 1.0, -1.0, 3.0, 2.0, -1.0, 1.0, -1.0, 2.0, 2.0, -1.0, -1.0, 2.0, -1.0, -1.0, 2.0, 0.0, 1.0, -1.0, -1.0, 2.0, 0.0, 2.0, 2.0, 3.0, -1.0, -1.0, 1.0, -1.0, 3.0, 0.0, 2.0, 1.0, 0.0, 2.0, -1.0, -1.0, 0.0, -1.0, 1.0, -1.0, 1.0, 96414.0, 410.0, 99605.0
2.0, 2.0, 0.0, 2.0, 1.0, -1.0, 1.0, 0.0, 0.0, 3.0, 3.0, 0.0, 0.0, 1.0, 3.0, -1.0, 1.0, -1.0, -1.0, -1.0, 3.0, 3.0, 2.0, -1.0, -1.0, 1.0, 2.0, 1.0, 1.0, 2.0, 0.0, 0.0, -1.0, 2.0, 3.0, -1.0, -1.0, -1.0, -1.0, 2.0, 1.0, -1.0, 0.0, 2.0, 0.0, 3.0, -1.0, -1.0, 0.0, 0.0, 95703.0, 450.0, 99543.0
-1.0, 1.0, 3.0, -1.0, 1.0, 0.0, -1.0, 3.0, 0.0, 1.0, -1.0, -1.0, 2.0, -1.0, 1.0, -1.0, 2.0, 2.0, -1.0, -1.0, 2.0, -1.0, -1.0, 2.0, 0.0, 1.0, -1.0, -1.0, 2.0, 0.0, -1.0, 2.0, 0.0, 2.0, -1.0, 1.0, -1.0, 3.0, 0.0, 0.0, 1.0, 0.0, 2.0, -1.0, -1.0, 0.0, 0.0, -1.0, -1.0, 1.0, 96299.0, 397.0, 99610.0
3.0, 1.0, 3.0, 2.0, -1.0, -1.0, -1.0, 2.0, 0.0, 2.0, 1.0, 0.0, 2.0, 2.0, 1.0, -1.0, 3.0, -1.0, 1.0, 0.0, -1.0, 0.0, 2.0, -1.0, 1.0, 3.0, 2.0, 3.0, 0.0, 2.0, 0.0, 0.0, -1.0, 2.0, -1.0, 1.0, 0.0, 0.0, 2.0, 0.0, -1.0, 1.0, -1.0, 1.0, 1.0, 0.0, -1.0, -1.0, -1.0, 1.0, 95290.0, 490.0, 99514.0
0.0, 1.0, 3.0, -1.0, 1.0, 0.0, -1.0, 3.0, 0.0, 1.0, -1.0, -1.0, 2.0, -1.0, 1.0, -1.0, 2.0, 2.0, -1.0, -1.0, 2.0, -1.0, -1.0, 2.0, 0.0, 1.0, -1.0, -1.0, 2.0, 0.0, -1.0, 2.0, -1.0, 2.0, -1.0, 1.0, -1.0, 1.0, 0.0, 0.0, -1.0, 0.0, 2.0, -1.0, 1.0, 0.0, 0.0, 1.0, -1.0, 1.0, 96096.0, 419.0, 99593.0
-1.0, 1.0, 3.0, -1.0, 1.0, 0.0, -1.0, 3.0, 0.0, 1.0, -1.0, 3.0, 2.0, -1.0, 1.0, -1.0, 2.0, 2.0, -1.0, -1.0, 2.0, -1.0, -1.0, 2.0, 0.0, 1.0, -1.0, -1.0, 2.0, 0.0, -1.0, 2.0, 3.0, 2.0, -1.0, 1.0, -1.0, 3.0, 0.0, 2.0, 1.0, 0.0, 2.0, -1.0, -1.0, 0.0, -1.0, 1.0, -1.0, 1.0, 96382.0, 412.0, 99601.0
0.0, 0.0, 2.0, 1.0, 1.0, -1.0, -1.0, 0.0, -1.0, -1.0, -1.0, 3.0, 1.0, 3.0, 1.0, 2.0, 1.0, 2.0, 3.0, 1.0, 1.0, -1.0, 3.0, 2.0, 3.0, 1.0, -1.0, 0.0, 0.0, 3.0, 2.0, 2.0, -1.0, -1.0, 1.0, 2.0, 2.0, -1.0, 0.0, 0.0, 2.0, 1.0, -1.0, -1.0, 1.0, 0.0, -1.0, 0.0, -1.0, 0.0, 95319.0, 489.0, 99519.0
0.0, 3.0, 2.0, 2.0, 1.0, 3.0, 1.0, 2.0, 0.0, 1.0, 0.0, 1.0, -1.0, -1.0, 0.0, 3.0, 2.0, 2.0, 3.0, 1.0, 2.0, 3.0, -1.0, 1.0, 2.0, 1.0, 0.0, 2.0, 0.0, 2.0, 3.0, 3.0, 0.0, 0.0, 0.0, -1.0, -1.0, 1.0, 2.0, 1.0, 1.0, 0.0, 0.0, -1.0, 3.0, 0.0, 3.0, -1.0, 2.0, 1.0, 94809.0, 580.0, 99439.0
0.0, 0.0, 2.0, 1.0, 1.0, -1.0, -1.0, 0.0, -1.0, -1.0, -1.0, 3.0, 1.0, 3.0, 1.0, 2.0, 1.0, 2.0, 3.0, 1.0, 1.0, -1.0, 3.0, 2.0, 3.0, 1.0, -1.0, 0.0, 0.0, 3.0, 2.0, 2.0, -1.0, -1.0, 1.0, 2.0, 2.0, -1.0, 0.0, 0.0, 2.0, 1.0, -1.0, -1.0, 1.0, 0.0, -1.0, 0.0, -1.0, 0.0, 95319.0, 489.0, 99519.0
2.0, 2.0, 2.0, 2.0, 3.0, -1.0, 2.0, 1.0, -1.0, 1.0, 1.0, 0.0, 0.0, 2.0, 3.0, -1.0, -1.0, 3.0, 3.0, 0.0, 0.0, 2.0, -1.0, 3.0, 2.0, 3.0, 0.0, 1.0, 1.0, 1.0, -1.0, 1.0, 0.0, 0.0, 0.0, 1.0, -1.0, 2.0, 1.0, -1.0, 3.0, 2.0, -1.0, -1.0, -1.0, -1.0, -1.0, -1.0, 1.0, 3.0, 95699.0, 481.0, 99520.0
-1.0, 1.0, 0.0, 3.0, 2.0, 2.0, 0.0, 1.0, 1.0, -1.0, 1.0, 2.0, -1.0, -1.0, 3.0, -1.0, 1.0, 2.0, 0.0, 0.0, 2.0, 1.0, -1.0, 1.0, 2.0, 2.0, 0.0, 1.0, -1.0, 1.0, -1.0, 3.0, 3.0, 2.0, 0.0, -1.0, 3.0, -1.0, 2.0, 1.0, 0.0, 3.0, 3.0, -1.0, 2.0, 3.0, 0.0, 0.0, 1.0, 3.0, 95456.0, 524.0, 99487.0
-1.0, 1.0, 2.0, -1.0, 1.0, 0.0, -1.0, 3.0, 0.0, 1.0, 0.0, -1.0, 2.0, -1.0, 1.0, -1.0, 2.0, 2.0, -1.0, -1.0, 2.0, 3.0, -1.0, 2.0, 0.0, 1.0, -1.0, -1.0, 2.0, 0.0, -1.0, 2.0, -1.0, 2.0, -1.0, 1.0, -1.0, 3.0, 0.0, 0.0, -1.0, 0.0, 2.0, -1.0, 1.0, 0.0, 0.0, 1.0, -1.0, 1.0, 96032.0, 435.0, 99584.0
3.0, 1.0, 3.0, 2.0, 1.0, -1.0, -1.0, 2.0, 0.0, 2.0, 1.0, 0.0, 2.0, 2.0, 1.0, -1.0, 3.0, -1.0, 1.0, 0.0, -1.0, 0.0, 2.0, -1.0, 1.0, 3.0, 2.0, 3.0, 0.0, 2.0, 1.0, 0.0, -1.0, 2.0, -1.0, 1.0, 0.0, 0.0, 2.0, 0.0, -1.0, 3.0, -1.0, 1.0, 1.0, 0.0, -1.0, -1.0, -1.0, 1.0, 95161.0, 503.0, 99498.0
2.0, 2.0, 0.0, 2.0, 1.0, -1.0, 1.0, 0.0, 0.0, 3.0, -1.0, 0.0, 0.0, 1.0, 0.0, -1.0, 1.0, -1.0, -1.0, -1.0, -1.0, 3.0, 2.0, -1.0, -1.0, 0.0, 2.0, 1.0, 1.0, 2.0, 0.0, 0.0, 0.0, 2.0, 3.0, -1.0, 1.0, -1.0, -1.0, 2.0, 1.0, -1.0, 0.0, 2.0, 3.0, 3.0, 1.0, 2.0, 2.0, 0.0, 95374.0, 484.0, 99525.0
-1.0, 1.0, 3.0, -1.0, 1.0, 0.0, -1.0, 0.0, 0.0, 1.0, -1.0, -1.0, 2.0, -1.0, 1.0, -1.0, 1.0, 2.0, -1.0, -1.0, 2.0, -1.0, -1.0, 2.0, 0.0, 1.0, -1.0, -1.0, 2.0, 0.0, -1.0, 2.0, 3.0, 2.0, -1.0, 1.0, -1.0, 3.0, 0.0, 0.0, 1.0, 0.0, 2.0, -1.0, -1.0, 0.0, 0.0, 1.0, -1.0, 1.0, 96134.0, 414.0, 99602.0
0.0, 0.0, 2.0, 1.0, 1.0, -1.0, -1.0, 0.0, -1.0, -1.0, -1.0, 3.0, 1.0, 3.0, 1.0, -1.0, 1.0, 2.0, 3.0, 1.0, 1.0, -1.0, 3.0, 2.0, 3.0, 1.0, -1.0, 0.0, 0.0, 3.0, 2.0, 2.0, -1.0, -1.0, 1.0, 2.0, 2.0, -1.0, 0.0, 0.0, 2.0, 1.0, -1.0, -1.0, 1.0, 0.0, -1.0, 0.0, -1.0, 0.0, 95384.0, 470.0, 99526.0
-1.0, 1.0, 3.0, -1.0, 1.0, 0.0, -1.0, 3.0, 0.0, 1.0, 0.0, 0.0, 2.0, -1.0, 1.0, -1.0, 2.0, 2.0, -1.0, -1.0, 2.0, -1.0, -1.0, 2.0, 2.0, 1.0, -1.0, -1.0, 2.0, 2.0, -1.0, 2.0, -1.0, 2.0, -1.0, 1.0, -1.0, 3.0, 0.0, 0.0, -1.0, 0.0, 2.0, -1.0, 1.0, 0.0, 0.0, 1.0, -1.0, 1.0, 96112.0, 428.0, 99586.0
1.0, 1.0, 3.0, 1.0, 1.0, 0.0, -1.0, 3.0, 0.0, 1.0, -1.0, 3.0, 2.0, -1.0, 1.0, -1.0, 2.0, 2.0, -1.0, -1.0, 2.0, -1.0, -1.0, 2.0, 0.0, 1.0, -1.0, -1.0, 2.0, 0.0, -1.0, 2.0, 3.0, 2.0, -1.0, 1.0, -1.0, 3.0, 0.0, 2.0, 1.0, 0.0, 2.0, -1.0, -1.0, 0.0, -1.0, 1.0, -1.0, 1.0, 96094.0, 441.0, 99570.0
-1.0, 1.0, 3.0, -1.0, 1.0, 0.0, -1.0, 3.0, 0.0, 1.0, -1.0, -1.0, 2.0, -1.0, 1.0, -1.0, 2.0, -1.0, -1.0, -1.0, 2.0, -1.0, -1.0, 2.0, 0.0, 1.0, -1.0, -1.0, 2.0, 0.0, -1.0, 2.0, -1.0, 2.0, -1.0, 1.0, -1.0, 3.0, 2.0, 0.0, 1.0, 0.0, 2.0, -1.0, -1.0, 0.0, 0.0, 1.0, -1.0, 1.0, 96554.0, 381.0, 99625.0
3.0, 1.0, 3.0, 2.0, -1.0, -1.0, -1.0, 2.0, 0.0, 2.0, 1.0, 0.0, 2.0, 2.0, 1.0, -1.0, 3.0, -1.0, 1.0, 0.0, -1.0, 0.0, 2.0, -1.0, 1.0, 3.0, 2.0, -1.0, 0.0, 2.0, 0.0, 0.0, -1.0, 2.0, -1.0, 1.0, 0.0, 0.0, 2.0, 0.0, -1.0, 1.0, -1.0, 1.0, 1.0, 0.0, -1.0, -1.0, -1.0, 1.0, 95364.0, 475.0, 99532.0
0.0, 0.0, 2.0, 1.0, 1.0, -1.0, -1.0, 0.0, -1.0, -1.0, -1.0, 3.0, 1.0, 3.0, 1.0, 2.0, 1.0, 2.0, 3.0, 1.0, 1.0, -1.0, 3.0, 2.0, 3.0, 1.0, -1.0, 0.0, 0.0, 3.0, 2.0, 2.0, -1.0, -1.0, -1.0, 2.0, 2.0, -1.0, 0.0, 0.0, 2.0, 1.0, -1.0, -1.0, -1.0, 0.0, -1.0, 0.0, -1.0, 0.0, 95565.0, 464.0, 99541.0
2.0, 2.0, 2.0, 2.0, 3.0, -1.0, 2.0, 1.0, -1.0, 1.0, -1.0, 0.0, 0.0, 2.0, 3.0, -1.0, -1.0, 3.0, 3.0, 0.0, 0.0, 2.0, -1.0, 3.0, 2.0, 3.0, 0.0, 1.0, 1.0, 1.0, -1.0, 1.0, -1.0, 0.0, 0.0, 1.0, -1.0, 2.0, 1.0, -1.0, 3.0, 2.0, -1.0, -1.0, 1.0, 1.0, -1.0, -1.0, 1.0, 3.0, 95681.0, 482.0, 99515.0
-1.0, 1.0, 0.0, 3.0, 2.0, 2.0, 0.0, 1.0, 1.0, -1.0, 1.0, 2.0, -1.0, -1.0, 3.0, -1.0, 1.0, 2.0, 0.0, 0.0, 2.0, 1.0, -1.0, 1.0, 2.0, 2.0, 0.0, 1.0, -1.0, 1.0, -1.0, 3.0, 3.0, 2.0, 0.0, -1.0, 3.0, -1.0, 2.0, 1.0, 0.0, 3.0, 3.0, -1.0, 2.0, 3.0, 0.0, 0.0, 1.0, 3.0, 95456.0, 524.0, 99487.0
2.0, 2.0, 2.0, 1.0, 3.0, -1.0, 2.0, 0.0, 0.0, 1.0, 0.0, 0.0, 0.0, 2.0, 3.0, -1.0, -1.0, 3.0, 3.0, 0.0, 0.0, 2.0, -1.0, 3.0, 2.0, 0.0, 0.0, 1.0, 1.0, 1.0, -1.0, 1.0, 2.0, 0.0, 0.0, 1.0, -1.0, -1.0, -1.0, -1.0, 2.0, 2.0, -1.0, -1.0, -1.0, 1.0, 3.0, -1.0, 1.0, 3.0, 95533.0, 488.0, 99514.0
-1.0, 1.0, 3.0, -1.0, 1.0, 0.0, 1.0, 3.0, 0.0, 1.0, -1.0, -1.0, 2.0, -1.0, 1.0, -1.0, 2.0, 2.0, 1.0, -1.0, 2.0, 3.0, -1.0, 2.0, 0.0, 1.0, -1.0, -1.0, 2.0, 0.0, -1.0, 2.0, -1.0, 2.0, -1.0, 1.0, -1.0, 3.0, 0.0, 0.0, -1.0, 0.0, 2.0, -1.0, 1.0, 0.0, 0.0, 1.0, -1.0, 1.0, 95904.0, 448.0, 99564.0
3.0, 1.0, 3.0, 0.0, 1.0, -1.0, -1.0, 2.0, 0.0, 2.0, 1.0, 0.0, 2.0, 2.0, 1.0, -1.0, 3.0, -1.0, -1.0, 0.0, -1.0, 0.0, 2.0, -1.0, 1.0, 3.0, 2.0, 3.0, 0.0, 2.0, 1.0, 0.0, -1.0, 2.0, -1.0, 1.0, 0.0, 0.0, 2.0, 0.0, -1.0, 3.0, -1.0, 1.0, 1.0, 0.0, 2.0, -1.0, -1.0, 1.0, 95195.0, 499.0, 99508.0
-1.0, 1.0, 3.0, -1.0, 1.0, 0.0, -1.0, 0.0, 0.0, 1.0, -1.0, -1.0, 2.0, -1.0, 1.0, -1.0, 1.0, 2.0, -1.0, -1.0, 2.0, -1.0, -1.0, 2.0, 0.0, 1.0, -1.0, -1.0, 2.0, 0.0, -1.0, 2.0, 3.0, 2.0, -1.0, 1.0, -1.0, 3.0, 0.0, 0.0, 1.0, 0.0, 2.0, -1.0, -1.0, 0.0, 0.0, 1.0, -1.0, 1.0, 96134.0, 414.0, 99602.0
