3.52189841263, 1.02897799276, 1.72706639723, 1.00000001555, 4.38306127802, 1.13464921102, 5.47383899923, 1.26000029115, 1.00000091092, 5.14310211773, 3.91710056183, 1.09901977373, 1.60339012803, 1.07647344395, 1.08482708093, 1.30387110144, 1.11763552351, 0.928343859341, 5.35218068686, 1.00000000785, 1.00000065327, 85.8648557424, 0.992789209728, 1.64887579615, 1.00673767597, 3.86228310286, 0.870000023736, 36.4226616648, 15.069615404, 289.243067012, 0.268096514745
5.81737401483, 1.36621295814, 1.66298761962, 1.00000053873, 4.36796045516, 1.00995491426, 3.90938474608, 1.26000070257, 1.00000019745, 5.80441778233, 3.95608933512, 1.09472909052, 3.9092887117, 1.09994987654, 1.06792024537, 1.06025730654, 1.00883887399, 0.944992984214, 9.29987410362, 1.00000042209, 1.0000004422, 102.354993241, 1.01525949717, 2.24334592285, 1.03306858593, 4.02037456655, 0.870000556458, 55.7213132206, 9.19320353481, 79.8806191211, 4.02144772118
1.11708570575, 1.01709847385, 1.70823727493, 1.00000020303, 4.92070881527, 1.09791635443, 3.67994825309, 1.26000053174, 1.00000066291, 5.91770366705, 7.57275372804, 1.05944920045, 2.6519864427, 1.11292700727, 1.07117994016, 1.34357367258, 1.132695741, 1.09484134707, 3.40242278208, 1.0000004193, 1.00000025958, 117.95459596, 0.936029386896, 3.84076263639, 0.98274597051, 3.51057412136, 0.870000232115, 64.9824148735, 18.7224310657, 349.475686293, 0.0
1.16095285071, 1.30022660991, 1.50296762813, 1.00000058324, 5.27228048043, 1.06769714698, 4.91025949034, 1.26000090124, 1.00000025375, 6.19358776024, 6.34105952542, 1.04592605767, 1.16576136963, 1.02728546829, 1.01953909646, 1.04999050162, 1.0504175249, 1.07343392805, 6.16746121516, 1.00000001256, 1.00000092426, 122.753337167, 1.01856290275, 3.19287196524, 1.04998435934, 4.10476095089, 0.870000494447, 178.269751137, 14.9987426542, 1091.27517376, 0.268096514745
4.12109268931, 1.37058327559, 1.46216687242, 1.00000078949, 6.18100004015, 1.10677923518, 2.24616457884, 1.26000061829, 1.00000071452, 5.08323968271, 4.20521559773, 1.01065277855, 1.68178283896, 1.10635536317, 1.00571142236, 1.37608900544, 1.11380615625, 0.935907250473, 7.26889436177, 1.00000088611, 1.00000086595, 123.903168816, 0.941069965186, 3.99849903363, 0.95406559439, 4.37023139968, 0.870000248678, 98.3840560204, 12.4027474142, 185.339648585, 1.87667560322
1.82981710216, 1.22172899239, 1.72515613932, 1.00000006576, 6.76067078667, 1.16832684718, 1.91320464055, 1.26000063485, 1.00000010139, 5.1798140639, 7.50807356346, 1.0422447916, 3.84138672262, 1.10514452696, 1.06449221347, 1.5538765489, 1.15504192879, 0.985794275778, 3.31966129085, 1.00000019866, 1.00000004942, 110.688042887, 1.05008700323, 1.77545866187, 0.95358049412, 4.29867961794, 0.870000467575, 32.5834056055, 7.74870560328, 135.197056689, 10.4557640751
1.45502644067, 1.37847247833, 1.35822587411, 1.00000053873, 5.21662652083, 1.12404201511, 2.67030783421, 1.26000028882, 1.00000067391, 5.66750688908, 4.08645447107, 1.09472909052, 2.20501500122, 1.05212330097, 1.0840497446, 1.09489672632, 1.14190738201, 0.946508386079, 6.62134404034, 1.00000066705, 1.00000080887, 93.3750656529, 0.944772600181, 1.26334458994, 1.03953607666, 3.44767246949, 0.870000558378, 152.019617603, 13.2057744064, 68.1970624305, 1.07238605898
1.45502644067, 1.37847247833, 1.35822587411, 1.00000053873, 5.21662652083, 1.12404201511, 2.67030783421, 1.26000028882, 1.00000039324, 5.66750688908, 4.08645447107, 1.09472909052, 1.20499824428, 1.05212330097, 1.07750724126, 1.09489672632, 1.14190738201, 0.946508386079, 6.62134404034, 1.00000066705, 1.00000080887, 93.3750656529, 0.944772600181, 3.22481235511, 1.03953607666, 3.44767246949, 0.870000558378, 84.4805679123, 9.71884085453, 136.326560415, 3.48525469169
1.82981710216, 1.22172899239, 1.72515613932, 1.00000006576, 6.76067078667, 1.13020746274, 1.91320464055, 1.26000063485, 1.00000010139, 5.1798140639, 6.10540914845, 1.0422447916, 3.84138672262, 1.10514452696, 1.07750724126, 1.5538765489, 1.15504192879, 1.09562550088, 3.51506824932, 1.00000019866, 1.00000004942, 110.688042887, 1.05008700323, 1.77545866187, 0.953731527909, 4.06701242499, 0.870000467575, 67.8818449696, 10.813361721, 418.980502544, 0.536193029491
1.98891184207, 1.30620057178, 1.36405853733, 1.00000098172, 7.06791056715, 1.02630559869, 1.69648480101, 1.26000062913, 1.00000014111, 5.98588712477, 7.51825266457, 1.01416233391, 3.65129400694, 1.11797341286, 1.00942538179, 1.46529196506, 1.06068372393, 0.929919232079, 7.93148921982, 1.00000059408, 1.00000055433, 101.436831558, 0.943281841305, 5.15579419842, 0.979362951673, 3.6868152494, 0.870000191637, 35.7619260789, 14.7966429187, 38.1617815484, 0.536193029491
1.80547338023, 1.01677571447, 1.72494077658, 1.00000099095, 4.32071269494, 1.00620011024, 2.96366094499, 1.26000053351, 1.00000079713, 6.16565743573, 7.23722713332, 1.08168045935, 1.59363785913, 1.0161470365, 1.05994353783, 1.54691346226, 1.1417117414, 1.01012606751, 3.99486505355, 1.00000056881, 1.00000000972, 80.1934905271, 1.06733003241, 3.93727793342, 0.95838556675, 3.48369402238, 0.870000039647, 72.8251167924, 17.9706763116, 100.166718973, 0.0
1.90199186064, 1.26933220932, 1.65864689792, 1.00000003241, 4.45019516478, 1.12174218247, 5.5295439995, 1.26000016376, 1.00000040059, 5.72664548046, 3.33732425069, 1.07174537184, 1.19094652851, 1.08845302767, 1.08256789348, 1.53437613667, 1.06740234261, 0.931045353789, 6.9396816785, 1.00000023285, 1.00000022069, 111.655380877, 0.942601450517, 1.46514335918, 0.975604344147, 3.32057956547, 0.870000506549, 22.9294521715, 9.60953470559, 144.258539614, 2.41286863271
3.41004830574, 1.01421038959, 1.72588984524, 1.00000073224, 6.37897044592, 1.06698551549, 5.09365073146, 1.26000023862, 1.00000050412, 5.92451045808, 3.22604772127, 1.03173414665, 3.40972839427, 1.04740182502, 1.00930553093, 1.02317537774, 1.00499477765, 1.10079967721, 7.26416461137, 1.00000056881, 1.00000041013, 92.5794618731, 1.01332786221, 1.13713430699, 1.01770972768, 3.5709615241, 0.870000385723, 75.1691537595, 9.61086700202, 102.624117509, 6.16621983914
3.52189841263, 1.02897799276, 1.73522236543, 1.00000017694, 4.38306127802, 1.13464921102, 5.47383899923, 1.26000029115, 1.00000099845, 5.14310211773, 6.10540914845, 1.0422447916, 1.60339012803, 1.07647344395, 1.08482708093, 1.20940536341, 1.11763552351, 0.928343859341, 4.56916870887, 1.00000094837, 1.00000065327, 85.8648557424, 0.984836211055, 1.64887579615, 0.974204092115, 3.86228310286, 0.870000023736, 136.965189608, 11.7905484744, 1514.76209092, 1.87667560322
5.62573171816, 1.17859906535, 1.37450372687, 1.00000062771, 6.79798452962, 1.05315636908, 5.02140781728, 1.26000087663, 1.00000051002, 5.35837289472, 6.01885950351, 1.04592605767, 2.07151305504, 1.03248245437, 1.07065246307, 1.13427813208, 1.0829322932, 1.07343392805, 9.93681354879, 1.00000056567, 1.00000010792, 112.2658918, 0.910729099562, 5.89910105656, 1.02175446214, 3.87176216924, 0.870000385723, 83.0633741854, 14.1424997911, 745.90294452, 1.60857908847
5.70507717252, 1.26297615722, 1.46216687242, 1.00000078949, 6.18100004015, 1.10677923518, 1.81759577157, 1.26000007732, 1.00000036771, 6.13344986021, 4.20521559773, 1.01065277855, 1.68178283896, 1.06156912013, 1.00571142236, 1.37608900544, 1.11380615625, 0.935907250473, 7.26889436177, 1.0000009559, 1.00000086595, 123.903168816, 0.941069965186, 5.65894845934, 1.0422733383, 4.37023139968, 0.870000248678, 209.602789642, 15.1281048124, 633.584710064, 1.60857908847
3.52189841263, 1.02897799276, 1.72706639723, 1.00000001555, 6.20175728883, 1.13464921102, 3.19504632769, 1.26000029115, 1.00000091092, 5.14310211773, 3.91710056183, 1.09901977373, 1.60339012803, 1.07647344395, 1.08482708093, 1.27933560807, 1.11763552351, 1.01602341971, 5.35218068686, 1.00000000785, 1.000000635, 85.8648557424, 0.9281234109, 1.64887579615, 1.00673767597, 3.86228310286, 0.870000023736, 52.4890308669, 17.4320223393, 235.056210947, 2.14477211796
5.809050307, 1.07184439107, 1.48766076361, 1.0000006077, 6.69425319939, 1.09500454404, 2.52501031922, 1.26000059526, 1.00000071237, 5.74877099064, 3.95608933512, 1.00188246242, 2.71842310645, 1.03518161362, 1.01082674878, 1.52024518884, 1.00914514954, 1.00521794451, 4.49071122193, 1.00000025535, 1.00000041605, 85.3738273389, 1.04851943899, 3.70156826965, 0.982813534178, 4.13708544304, 0.87000001546, 173.882390002, 17.2591834605, 1526.08100744, 0.804289544236
4.08078965409, 1.3672690767, 1.38712537419, 1.00000063476, 4.3294030653, 1.08267261825, 5.84400406223, 1.2600007741, 1.00000056017, 5.1539044919, 5.88734875375, 1.01245374191, 1.24998012357, 1.04134837463, 1.04887680083, 1.41535736752, 1.00467688345, 1.01602341971, 5.0848070515, 1.00000069185, 1.00000010761, 123.768578981, 1.08032836043, 4.60595092823, 1.06002735839, 3.4225277526, 0.870000028489, 164.209047488, 17.5854902859, 1300.94545323, 0.536193029491
3.52189841263, 1.02897799276, 1.72706639723, 1.00000001555, 6.20175728883, 1.13464921102, 3.19504632769, 1.26000029115, 1.00000091092, 5.14310211773, 3.91710056183, 1.09901977373, 1.60339012803, 1.07647344395, 1.08482708093, 1.30387110144, 1.11763552351, 0.928343859341, 5.35218068686, 1.00000000785, 1.00000065327, 85.8648557424, 0.962920809948, 1.64887579615, 1.00673767597, 3.86228310286, 0.870000023736, 97.6298176879, 15.5232620217, 497.224346947, 1.07238605898
5.62573171816, 1.21084336876, 1.37450372687, 1.00000099062, 4.91582323473, 1.05315636908, 2.55141644414, 1.26000078, 1.00000055326, 5.35837289472, 3.22604772127, 1.04592605767, 2.07151305504, 1.01989936878, 1.07065246307, 1.02317537774, 1.10632381678, 1.08725156162, 9.51808125465, 1.00000056567, 1.00000010792, 112.2658918, 0.911335633561, 5.70530319591, 1.02175446214, 3.87176216924, 0.870000385723, 230.374677354, 15.3068912467, 710.911066443, 0.536193029491
3.53667561379, 1.12722615372, 1.37450372687, 1.0000005779, 4.49587894134, 1.05559180817, 3.51919737888, 1.2600007362, 1.00000047278, 6.16789395234, 7.09934744805, 1.05604475374, 1.84425250044, 1.07106885212, 1.08853091411, 1.17458909093, 1.15159753549, 1.07343392805, 8.64332706102, 1.00000011838, 1.00000098365, 98.709714448, 0.966699648066, 2.58271405866, 0.998787225, 3.42393932976, 0.870000866568, 105.643881154, 15.2295469055, 309.247122101, 1.07238605898
3.41004830574, 1.01421038959, 1.72588984524, 1.00000073224, 6.37897044592, 1.06698551549, 5.09365073146, 1.26000023862, 1.00000050412, 5.92451045808, 7.2668261575, 1.03173414665, 3.40972839427, 1.04740182502, 1.00930553093, 1.08765871902, 1.00549282163, 1.10079967721, 7.26416461137, 1.00000056881, 1.00000059801, 92.5794618731, 1.01332786221, 1.13713430699, 1.01770972768, 3.5709615241, 0.87000084116, 158.550581273, 17.9418910572, 1270.06360677, 0.536193029491
5.81737401483, 1.36621295814, 1.66298761962, 1.00000053873, 4.36796045516, 1.00456813046, 3.94122117963, 1.26000070257, 1.00000019745, 6.19339090239, 3.95608933512, 1.09472909052, 3.9092887117, 1.09994987654, 1.06792024537, 1.04149655794, 1.00883887399, 0.944992984214, 9.29987410362, 1.00000027527, 1.0000004422, 102.354993241, 1.05496337307, 2.24334592285, 1.03306858593, 4.02037456655, 0.870000556458, 246.968661955, 19.915141323, 270.180120911, 1.07238605898
2.59553660277, 1.129366205, 1.65520480382, 1.00000014456, 6.1464128996, 1.1868684623, 5.78421287132, 1.26000007022, 1.0000004593, 5.18264628792, 4.45406813486, 1.03627298226, 1.3491913248, 1.04961133477, 1.04469631467, 1.49920486767, 1.06783161277, 0.961636300627, 3.99486505355, 1.00000094155, 1.00000080893, 100.56206558, 0.919578641806, 2.75144033116, 0.980916499905, 4.02037456655, 0.870000777535, 243.055074207, 19.8271510082, 4001.91018227, 0.0
4.77449435508, 1.07295717747, 1.72588984524, 1.00000066499, 6.04542342458, 1.06698551549, 5.75675516533, 1.26000051457, 1.00000064836, 5.07464297118, 6.83043111616, 1.05661608793, 3.76226933164, 1.06259848436, 1.00251001913, 1.60144324144, 1.11686819602, 1.09698011533, 8.79030226143, 1.00000026766, 1.00000042556, 92.5794618731, 1.01332786221, 2.84291327178, 1.0255017577, 4.02813437204, 0.870000444085, 163.143653527, 23.7235538679, 144.933029847, 1.07238605898
1.39576795154, 1.33463438734, 1.66950400223, 1.00000098788, 5.25931019005, 1.00496737158, 2.56256769451, 1.26000066, 1.00000072995, 6.01820408696, 3.37917212084, 1.04766999094, 2.03861928504, 1.10011018241, 1.00653951002, 1.3322766116, 1.09623276313, 0.920353355216, 6.8325727105, 1.00000089421, 1.00000043863, 75.9593914096, 0.94376155958, 2.62039985762, 0.979796750032, 4.2473650129, 0.870000655362, 97.1983606169, 19.5003000755, 582.055477671, 0.536193029491
3.41004830574, 1.01421038959, 1.54829241377, 1.00000073224, 6.37897044592, 1.14703591621, 5.09365073146, 1.26000023862, 1.00000050412, 5.92451045808, 7.2668261575, 1.03173414665, 3.40972839427, 1.04740182502, 1.00930553093, 1.08765871902, 1.00549282163, 1.10079967721, 7.26416461137, 1.00000056881, 1.00000059801, 80.1934905271, 1.02678151485, 1.13713430699, 1.01770972768, 3.5709615241, 0.87000071668, 312.973185759, 20.8514508914, 252.280349618, 1.60857908847
3.70828088875, 1.35374159537, 1.71150336059, 1.00000001426, 6.50244708001, 1.03212045247, 1.3553907799, 1.26000026973, 1.00000035935, 5.97222170774, 3.77592353667, 1.08099070387, 2.95510785374, 1.00806425503, 1.00968269015, 1.01122917167, 1.0829322932, 0.969310119263, 9.93681354879, 1.00000091839, 1.00000087698, 105.438056288, 0.92204432838, 1.35551263761, 0.959750875306, 3.93620724446, 0.870000207288, 84.2234903166, 19.4995486898, 332.320663096, 1.60857908847
1.80547338023, 1.01677571447, 1.72494077658, 1.00000099095, 4.32071269494, 1.00620011024, 2.96366094499, 1.26000053351, 1.00000079713, 6.16565743573, 7.23722713332, 1.08168045935, 1.59363785913, 1.01861399431, 1.05994353783, 1.54691346226, 1.1417117414, 1.01012606751, 7.26416461137, 1.00000056881, 1.00000020182, 80.1934905271, 1.06733003241, 3.93727793342, 0.95838556675, 3.74121061604, 0.870000039647, 176.648322749, 25.2080259459, 839.33093906, 0.0
3.94473880767, 1.2181851734, 1.54830072963, 1.00000037044, 6.25493907539, 1.16296697749, 4.6964933223, 1.26000070307, 1.00000094372, 5.9517205836, 5.75968364513, 1.08729608137, 1.90938582047, 1.02668324258, 1.00547888638, 1.17390273083, 1.10926168579, 0.918936652785, 8.09485171696, 1.00000019411, 1.00000016939, 91.1708195763, 1.00999752447, 5.12538543526, 0.984659994517, 3.92247326622, 0.870000060186, 230.716310366, 25.4539512706, 618.582000752, 0.268096514745
3.54667206541, 1.25219842705, 1.70634612169, 1.000000369, 4.36672632592, 1.1346870913, 1.35874487451, 1.26000066511, 1.00000082435, 5.39601611707, 7.4462210371, 1.02573323233, 2.34212583876, 1.09833004626, 1.02299529947, 1.24843108436, 1.01355754328, 0.978006053293, 9.30090789306, 1.00000092309, 1.00000090801, 112.699227004, 1.02085547664, 1.6530682008, 0.974204092115, 3.48106568669, 0.870000864924, 297.229457398, 19.5881159391, 769.167831283, 0.0
1.70185646079, 1.17252714003, 1.64839208101, 1.00000072704, 5.17276700833, 1.01054533229, 2.55141644414, 1.2600007302, 1.00000029531, 5.72316268803, 4.05934632517, 1.00625161733, 3.5042563993, 1.08018734786, 1.07151470282, 1.01317207018, 1.13163344842, 1.08341518102, 4.53861120239, 1.0000006158, 1.00000040858, 100.950376228, 0.942159937107, 5.05315276609, 1.05613205178, 3.95876498655, 0.870000756568, 258.807785603, 27.0075681187, 376.60432415, 0.0
4.12109268931, 1.37058327559, 1.46216687242, 1.00000078949, 6.18100004015, 1.10677923518, 2.24616457884, 1.26000061829, 1.00000071452, 5.9517205836, 5.75968364513, 1.01065277855, 1.68178283896, 1.10635536317, 1.00571142236, 1.37608900544, 1.11380615625, 0.935907250473, 7.26889436177, 1.00000088611, 1.00000086595, 123.903168816, 0.941069965186, 3.99849903363, 0.95406559439, 4.37023139968, 0.870000004622, 381.568975985, 22.394728253, 410.347163949, 0.804289544236
5.258052471, 1.35374159537, 1.47100493053, 1.00000049604, 5.6217455873, 1.05606724489, 3.71158879466, 1.26000028012, 1.0000000986, 6.19339090239, 4.54045241859, 1.06498541141, 2.54358475359, 1.05510166527, 1.06568598203, 1.04756172729, 1.080572183, 1.03726266397, 7.92370507438, 1.00000027527, 1.00000002354, 95.095836673, 1.01456635477, 5.45837934365, 0.991011052385, 4.13187259675, 0.87000094993, 47.3385224326, 16.0602172474, 377.108746712, 3.21715817694
3.70828088875, 1.35374159537, 1.71150336059, 1.00000001426, 6.50244708001, 1.10315517086, 1.3553907799, 1.26000026973, 1.00000035935, 5.97222170774, 3.77592353667, 1.08099070387, 2.53077213688, 1.0111143117, 1.01630631133, 1.01122917167, 1.11277717138, 0.969310119263, 9.93681354879, 1.00000073445, 1.00000087698, 90.056870765, 0.92204432838, 1.35551263761, 0.959750875306, 3.93620724446, 0.870000207288, 182.906072411, 13.1960320735, 1233.40182819, 2.68096514745
1.45502644067, 1.102507043, 1.35822587411, 1.00000021101, 5.21662652083, 1.12404201511, 2.67030783421, 1.26000028882, 1.00000067391, 5.66750688908, 4.08645447107, 1.09472909052, 2.20501500122, 1.05212330097, 1.0840497446, 1.09489672632, 1.14190738201, 0.946508386079, 4.7725586033, 1.00000066705, 1.00000080887, 110.025074656, 0.944772600181, 1.26334458994, 1.03953607666, 3.44767246949, 0.870000558378, 88.2675426591, 10.0990092227, 419.568582186, 3.48525469169
5.62573171816, 1.17859906535, 1.37450372687, 1.00000098559, 6.79798452962, 1.05315636908, 5.02140781728, 1.26000066799, 1.00000051002, 5.35837289472, 6.5083493186, 1.04592605767, 2.07151305504, 1.01989936878, 1.07065246307, 1.13427813208, 1.0829322932, 1.07343392805, 9.51808125465, 1.00000056567, 1.00000010792, 112.2658918, 0.911777804367, 5.70530319591, 1.02175446214, 3.87176216924, 0.870000385723, 79.7383991042, 12.0666571683, 304.762787073, 2.9490616622
5.70507717252, 1.26297615722, 1.46027705943, 1.00000078949, 6.18100004015, 1.10677923518, 1.81759577157, 1.26000025265, 1.00000085168, 6.13513831713, 5.05659505715, 1.01065277855, 1.26520672744, 1.06156912013, 1.00571142236, 1.37608900544, 1.11380615625, 0.935907250473, 7.26889436177, 1.0000009559, 1.00000086595, 123.903168816, 0.941069965186, 5.39997175873, 1.0422733383, 4.37023139968, 0.870000248678, 115.240222745, 11.2085121518, 199.155543632, 3.75335120643
1.82981710216, 1.22172899239, 1.72515613932, 1.00000006576, 6.76067078667, 1.13020746274, 1.91320464055, 1.26000063485, 1.0000005191, 5.1798140639, 6.10540914845, 1.0422447916, 3.84138672262, 1.10514452696, 1.07750724126, 1.5538765489, 1.15504192879, 1.00571831637, 3.90346245197, 1.00000019866, 1.00000004942, 110.688042887, 1.05008700323, 1.77545866187, 0.953731527909, 4.06701242499, 0.870000467575, 124.857422103, 16.2410266681, 501.739410709, 1.07238605898
1.66668197219, 1.17084027995, 1.37691945221, 1.00000082475, 6.18022426515, 1.0084774577, 2.74605267078, 1.2600000736, 1.00000011117, 4.96655897205, 4.82927401292, 1.02784297221, 2.66054855147, 1.10278443256, 1.04298907876, 1.62804301572, 1.09351581044, 1.0662974554, 3.69116805504, 1.00000004972, 1.00000051187, 116.032975203, 1.00905600248, 5.56382402317, 1.02288846994, 3.54982570583, 0.870000383861, 119.75889181, 16.5769651192, 426.36932884, 1.07238605898
3.54667206541, 1.25219842705, 1.70634612169, 1.000000369, 4.36672632592, 1.1346870913, 1.16247550985, 1.26000066511, 1.00000013921, 5.39601611707, 7.4462210371, 1.02573323233, 2.34212583876, 1.09833004626, 1.02299529947, 1.24843108436, 1.01184755381, 0.978006053293, 6.037323368, 1.00000092309, 1.00000090801, 112.699227004, 1.02085547664, 1.6530682008, 0.974204092115, 3.44534451462, 0.870000864924, 314.593511952, 17.4056292096, 345.865765877, 1.87667560322
4.90314650359, 1.2588784287, 1.56000469223, 1.0000000768, 5.82231852389, 1.05559180817, 2.73361715036, 1.26000028012, 1.00000080201, 5.61574375245, 6.0884791108, 1.00531097128, 3.22045118241, 1.09443916362, 1.0337114721, 1.0001328093, 1.1683611713, 1.03814055474, 3.07627790306, 1.00000082855, 1.00000018817, 118.525995732, 1.00923855818, 2.24069666341, 1.04003663226, 4.13187259675, 0.870000470173, 243.543375277, 15.5941045309, 1404.1421213, 2.41286863271
4.9303496999, 1.22259065051, 1.66205683495, 1.00000063622, 5.39851206585, 1.13890191112, 3.66852487712, 1.26000075469, 1.00000085241, 6.12934423656, 6.50631989024, 1.04297751142, 1.37246546389, 1.02263054479, 1.06185542161, 1.59055432451, 1.13848060516, 1.06570938438, 4.8131709305, 1.00000026129, 1.00000013918, 83.3495864204, 0.931449985551, 5.4872908125, 1.00848771644, 4.2206236951, 0.870000809994, 130.783234107, 16.0894924742, 1143.52637798, 1.87667560322
5.81737401483, 1.36621295814, 1.66298761962, 1.00000053873, 4.36796045516, 1.00456813046, 5.02140781728, 1.26000070257, 1.00000019745, 6.19339090239, 3.95608933512, 1.09472909052, 3.9092887117, 1.09994987654, 1.06792024537, 1.04149655794, 1.00883887399, 0.944992984214, 9.29987410362, 1.00000027527, 1.0000004422, 102.354993241, 1.08231389116, 2.24334592285, 1.03306858593, 4.02037456655, 0.870000556458, 124.532734013, 16.4118837188, 583.00129802, 1.60857908847
3.52189841263, 1.02897799276, 1.72706639723, 1.00000001555, 4.38306127802, 1.13464921102, 5.47383899923, 1.26000029115, 1.00000091092, 5.14310211773, 3.91710056183, 1.09901977373, 1.60339012803, 1.07647344395, 1.08482708093, 1.30387110144, 1.11763552351, 0.928343859341, 5.35218068686, 1.00000000785, 1.00000065327, 85.8648557424, 0.984836211055, 1.64887579615, 1.00673767597, 3.86228310286, 0.870000023736, 362.86063884, 18.4216937498, 2651.06684107, 0.536193029491
1.80547338023, 1.20031519272, 1.68212651616, 1.00000093425, 4.32071269494, 1.00620011024, 2.39337343647, 1.26000053351, 1.00000035529, 6.16565743573, 7.23722713332, 1.09818194587, 1.59363785913, 1.01861399431, 1.03433051488, 1.54691346226, 1.1683611713, 1.01012606751, 9.7071697006, 1.00000027831, 1.00000020182, 81.0648313469, 1.06733003241, 2.06320601696, 1.00678941696, 3.74121061604, 0.870000039647, 103.711246799, 20.6434983973, 980.290453112, 0.804289544236
2.00166920941, 1.02019059608, 1.46614795295, 1.00000021387, 4.97593938416, 1.04217046121, 3.97442665408, 1.26000030802, 1.00000038608, 5.55728293605, 5.55156214605, 1.02416069711, 1.90602390129, 1.06951414463, 1.03116813029, 1.340985935, 1.15601379834, 1.04447910192, 8.51469619503, 1.00000037433, 1.00000091275, 84.0248371899, 1.02247576063, 2.62039985762, 1.00615016479, 3.54909342411, 0.870000281062, 219.819807303, 26.5527107738, 390.878664581, 2.41286863271
3.23837846142, 1.1252195254, 1.5254634582, 1.00000055793, 5.08690442698, 1.17704602531, 3.61735072036, 1.26000065253, 1.00000010411, 5.14202107537, 4.04736546593, 1.01658242058, 4.0314060714, 1.0728641656, 1.07892996383, 1.02896557537, 1.07468708461, 1.06992523336, 4.54899430431, 1.00000051749, 1.00000099987, 81.6157759959, 1.04668176116, 2.48953973562, 1.05553320129, 4.09180800028, 0.870000245882, 249.302935063, 27.206860722, 4261.39193744, 0.536193029491
1.45502644067, 1.42044735554, 1.35822587411, 1.00000021101, 5.74375980196, 1.09500454404, 2.67030783421, 1.26000059526, 1.00000067391, 5.66750688908, 4.08645447107, 1.09472909052, 2.20501500122, 1.11758152103, 1.0840497446, 1.09489672632, 1.14190738201, 0.996705531399, 6.62134404034, 1.00000066705, 1.00000080887, 93.3750656529, 0.944772600181, 1.26334458994, 1.03953607666, 3.44767246949, 0.870000558378, 459.201903508, 24.9059257513, 2461.65083025, 0.0
3.23966925647, 1.39616999696, 1.61797954625, 1.00000040892, 5.66300051257, 1.11135919821, 4.28005983386, 1.26000043942, 1.00000039711, 5.62331932613, 3.64781616406, 1.04755324429, 2.61472062477, 1.07522761079, 1.02446428106, 1.35115579926, 1.1620028801, 1.06644809935, 3.6768783951, 1.00000032042, 1.00000018311, 76.8357270444, 1.07281273442, 3.8775635787, 0.979362951673, 3.96065713408, 0.870000040137, 309.465810619, 22.304938134, 2418.82893289, 0.536193029491
1.80547338023, 1.02019059608, 1.46614795295, 1.00000093425, 4.32071269494, 1.00620011024, 2.96337569586, 1.26000053351, 1.00000035529, 5.55728293605, 7.23722713332, 1.09818194587, 1.59363785913, 1.01861399431, 1.03433051488, 1.54691346226, 1.1683611713, 1.01012606751, 9.7071697006, 1.00000027831, 1.00000020182, 81.0648313469, 1.06733003241, 2.06320601696, 1.00678941696, 3.74121061604, 0.870000039647, 487.274157844, 23.6908392597, 1171.42816378, 0.268096514745
3.41004830574, 1.0073235244, 1.54829241377, 1.00000073224, 6.37897044592, 1.14703591621, 5.09365073146, 1.26000023862, 1.00000050412, 5.92451045808, 7.2668261575, 1.03173414665, 3.40972839427, 1.03758125814, 1.00930553093, 1.08765871902, 1.00549282163, 1.10079967721, 7.26416461137, 1.00000056881, 1.00000040226, 80.1934905271, 1.03982446026, 1.13713430699, 0.95838556675, 3.73442635454, 0.870000762636, 327.003372211, 29.4759719943, 465.834033325, 0.268096514745
1.70185646079, 1.41879201336, 1.64839208101, 1.00000072704, 5.17276700833, 1.01054533229, 2.55141644414, 1.2600007302, 1.00000029531, 5.72316268803, 3.48293154841, 1.00625161733, 3.5042563993, 1.08018734786, 1.07151470282, 1.24843108436, 1.13163344842, 1.08341518102, 4.53861120239, 1.0000006158, 1.00000067067, 77.736657518, 1.02085547664, 5.05315276609, 1.05784394759, 3.95876498655, 0.870000756568, 376.682838746, 29.278298605, 2054.7406369, 0.0
4.9303496999, 1.11196114333, 1.66205683495, 1.00000063622, 5.39851206585, 1.13890191112, 3.66852487712, 1.26000084597, 1.00000096565, 6.13076784837, 6.50631989024, 1.04297751142, 1.37246546389, 1.02263054479, 1.06185542161, 1.59055432451, 1.13848060516, 1.06570938438, 4.8131709305, 1.00000026129, 1.00000013918, 83.3495864204, 0.931449985551, 5.4872908125, 0.981877584187, 4.2206236951, 0.870000809994, 671.287020618, 33.5419073981, 1782.9989319, 0.0
3.70828088875, 1.102507043, 1.68635418104, 1.00000001426, 6.50244708001, 1.10315517086, 1.3553907799, 1.26000026973, 1.00000035935, 5.97222170774, 4.80248861319, 1.08099070387, 2.53077213688, 1.03248245437, 1.01630631133, 1.01122917167, 1.11277717138, 1.06644809935, 9.93681354879, 1.00000060829, 1.00000087698, 90.056870765, 0.92204432838, 2.56082900552, 1.04348129184, 3.93620724446, 0.870000207288, 523.973247817, 33.9186909766, 1817.60979486, 0.0
2.23299491746, 1.3672690767, 1.38712537419, 1.00000063476, 4.29626447593, 1.08267261825, 5.84400406223, 1.2600007741, 1.00000045572, 5.1539044919, 5.88734875375, 1.00329163691, 1.24998012357, 1.05212330097, 1.04887680083, 1.39416005748, 1.00467688345, 1.01602341971, 6.14426879558, 1.00000066705, 1.00000010761, 123.768578981, 1.08032836043, 4.60595092823, 1.06002735839, 3.4225277526, 0.870000028489, 295.959816366, 14.4429213112, 1272.16273634, 2.68096514745
2.00166920941, 1.02019059608, 1.46614795295, 1.00000021387, 5.82544817063, 1.04217046121, 3.97442665408, 1.26000030802, 1.00000038608, 5.55728293605, 5.55156214605, 1.02416069711, 1.90602390129, 1.06951414463, 1.03116813029, 1.340985935, 1.15601379834, 1.04447910192, 8.51469619503, 1.00000037433, 1.00000091275, 93.3199238904, 1.02247576063, 2.62039985762, 1.00615016479, 3.54909342411, 0.870000281062, 122.08500473, 10.9422816049, 592.115175254, 4.82573726542
1.16095285071, 1.30022660991, 1.50296762813, 1.00000018303, 5.27228048043, 1.06769714698, 4.91025949034, 1.26000050789, 1.00000047307, 6.19358776024, 6.34105952542, 1.09684363439, 1.16576136963, 1.02980559412, 1.01953909646, 1.04999050162, 1.0504175249, 0.932072368428, 6.16746121516, 1.00000001256, 1.00000092426, 121.784502713, 1.01856290275, 3.19287196524, 1.04998435934, 4.10476095089, 0.870000494447, 248.199700079, 13.3947513107, 1228.5377534, 2.9490616622
3.73564127429, 1.26933220932, 1.6025220553, 1.00000003241, 4.45019516478, 1.12174218247, 1.74619931568, 1.26000016376, 1.00000040059, 5.72664548046, 3.33732425069, 1.07174537184, 1.08252246584, 1.08845302767, 1.08256789348, 1.52310801716, 1.0652759523, 0.931045353789, 6.9396816785, 1.00000023285, 1.00000022069, 111.655380877, 0.935381537628, 1.46514335918, 0.979062802592, 3.32057956547, 0.870000506549, 176.723534169, 14.995617624, 1752.82741034, 2.9490616622
1.66834102245, 1.03735307669, 1.47354524822, 1.00000030048, 4.2545387136, 1.03093526006, 3.17160674839, 1.26000052083, 1.00000026827, 6.07089307466, 3.31666341153, 1.01448798611, 1.47328880931, 1.09675204005, 1.06294265895, 1.45878215694, 1.08629945031, 0.925501428111, 5.59145574411, 1.00000031231, 1.00000046464, 101.826226712, 1.07469905057, 1.91968201577, 0.984173133917, 4.31925061233, 0.870000688945, 108.493940762, 12.9932219123, 648.291086488, 3.21715817694
4.9303496999, 1.11196114333, 1.66205683495, 1.00000063622, 5.39851206585, 1.13890191112, 4.47880676174, 1.26000027157, 1.00000096565, 6.13076784837, 6.50631989024, 1.04297751142, 1.37246546389, 1.02263054479, 1.06185542161, 1.62706311352, 1.13848060516, 1.06644809935, 4.8131709305, 1.00000026129, 1.00000013918, 83.3495864204, 0.92182327763, 5.4872908125, 0.981877584187, 4.2206236951, 0.870000809994, 180.466551487, 13.242135279, 333.046421388, 3.75335120643
1.80547338023, 1.02019059608, 1.46614795295, 1.00000093425, 4.32071269494, 1.00620011024, 2.96337569586, 1.26000053351, 1.00000035529, 5.55728293605, 7.23722713332, 1.09818194587, 1.59363785913, 1.00699504804, 1.03433051488, 1.54691346226, 1.1683611713, 1.01012606751, 9.7071697006, 1.00000027831, 1.00000020182, 81.0648313469, 1.06733003241, 2.06320601696, 0.95838556675, 3.74121061604, 0.870000039647, 117.328271497, 11.3944272197, 1209.7586037, 5.8981233244
3.70828088875, 1.102507043, 1.68635418104, 1.00000001426, 6.50244708001, 1.10315517086, 1.3553907799, 1.26000026973, 1.00000035935, 5.97222170774, 6.01885950351, 1.08099070387, 2.53077213688, 1.03248245437, 1.01630631133, 1.01122917167, 1.11277717138, 0.969310119263, 9.93681354879, 1.00000060829, 1.00000087698, 90.056870765, 0.92204432838, 1.8030416071, 1.04348129184, 3.93620724446, 0.870000207288, 210.732808887, 13.1685634119, 293.533606301, 5.63002680965
1.45502644067, 1.37847247833, 1.35822587411, 1.00000021101, 5.21662652083, 1.12404201511, 2.67030783421, 1.26000028882, 1.00000067391, 5.66750688908, 4.08645447107, 1.09472909052, 2.20501500122, 1.05212330097, 1.0840497446, 1.09489672632, 1.14190738201, 0.946508386079, 6.62134404034, 1.00000066705, 1.00000080887, 110.025074656, 0.944772600181, 1.26334458994, 1.03953607666, 3.44767246949, 0.870000558378, 142.010416848, 12.0434904778, 552.647215678, 5.36193029491
4.08078965409, 1.08415473717, 1.49791813596, 1.00000056734, 5.0602204494, 1.16976037313, 5.59479272071, 1.26000009251, 1.00000030597, 6.17696477513, 5.92605197361, 1.0081242711, 3.64594843839, 1.11962723807, 1.01791088866, 1.41535736752, 1.10822675593, 0.992942408322, 5.0848070515, 1.0000006878, 1.00000048128, 114.924920042, 1.05309744228, 3.38743958101, 1.04926913957, 3.99607487362, 0.87000021936, 130.745442833, 11.3368298223, 603.238942132, 4.02144772118
4.77449435508, 1.07295717747, 1.72588984524, 1.00000066499, 6.04542342458, 1.06698551549, 5.75675516533, 1.26000051457, 1.00000064836, 5.07464297118, 6.8894844363, 1.02480527462, 2.51049914747, 1.06259848436, 1.00251001913, 1.60144324144, 1.11686819602, 1.07809304251, 8.79030226143, 1.00000089421, 1.00000042556, 92.5794618731, 1.01332786221, 2.41686328426, 1.0255017577, 4.09505111111, 0.870000444085, 176.73746961, 18.010462786, 426.846359335, 1.07238605898
3.41004830574, 1.0073235244, 1.54829241377, 1.00000073363, 6.37897044592, 1.14703591621, 5.09365073146, 1.26000004143, 1.00000076741, 5.92451045808, 7.2668261575, 1.03173414665, 3.40972839427, 1.03758125814, 1.00930553093, 1.08765871902, 1.00549282163, 1.10079967721, 7.26416461137, 1.00000056881, 1.00000040226, 80.1934905271, 1.03982446026, 2.73965987439, 1.00678941696, 3.73442635454, 0.870000762636, 106.289464641, 21.2257117646, 1261.81374422, 3.21715817694
3.04188209399, 1.11365629737, 1.36198973573, 1.00000076441, 6.56175107903, 1.04319392736, 4.1287847199, 1.26000061359, 1.00000011272, 6.13513831713, 4.86064165311, 1.05765568418, 2.15371876361, 1.06590361745, 1.06320926986, 1.48101914372, 1.15372702292, 1.00555396609, 8.26647993176, 1.00000006158, 1.00000096322, 98.7655271684, 0.988665066775, 1.73015485384, 1.0197819592, 3.47211841728, 0.870000887399, 584.482347719, 25.2437259711, 6714.47429851, 0.0
1.82981710216, 1.22172899239, 1.72515613932, 1.00000066499, 6.76067078667, 1.13020746274, 1.91320464055, 1.26000063485, 1.0000005191, 5.07464297118, 6.10540914845, 1.0422447916, 3.84138672262, 1.10514452696, 1.07750724126, 1.55509937559, 1.15504192879, 1.00571831637, 3.90346245197, 1.00000000023, 1.00000004942, 110.688042887, 1.01332786221, 1.77545866187, 0.953731527909, 4.06701242499, 0.870000467575, 1781.3345218, 29.8014615093, 4579.81508131, 0.0
3.94473880767, 1.2181851734, 1.54830072963, 1.00000037044, 6.25493907539, 1.16296697749, 4.6964933223, 1.26000070307, 1.00000094372, 5.83084913511, 5.75968364513, 1.06994429296, 1.90938582047, 1.02668324258, 1.00547888638, 1.17390273083, 1.10926168579, 0.918936652785, 8.50965257705, 1.00000019411, 1.00000016939, 80.1934905271, 1.00999752447, 5.12538543526, 0.984659994517, 3.92247326622, 0.870000060186, 1508.6979612, 47.7158608826, 2308.59810492, 0.0
5.70507717252, 1.26297615722, 1.46216687242, 1.00000078949, 6.18100004015, 1.10677923518, 1.81759577157, 1.26000025265, 1.00000036771, 6.13513831713, 4.20521559773, 1.01065277855, 1.68178283896, 1.06156912013, 1.00571142236, 1.37411927997, 1.11380615625, 0.935907250473, 7.26889436177, 1.0000009559, 1.00000086595, 123.903168816, 0.941069965186, 5.39997175873, 1.0422733383, 4.37023139968, 0.870000013579, 130.281717135, 13.800276721, 985.815473233, 5.36193029491
3.54667206541, 1.25219842705, 1.70634612169, 1.000000369, 4.36672632592, 1.1346870913, 1.35874487451, 1.26000099996, 1.00000082435, 5.39601611707, 7.4462210371, 1.02573323233, 2.34212583876, 1.09833004626, 1.02299529947, 1.12420517849, 1.01355754328, 0.978006053293, 9.30090789306, 1.00000094837, 1.00000090801, 112.699227004, 1.02085547664, 1.25082009458, 0.974204092115, 3.3792587604, 0.870000864924, 139.796963524, 11.6465901172, 962.850647322, 4.28954423592
1.66834102245, 1.03735307669, 1.54830072963, 1.00000037044, 6.25493907539, 1.11216631089, 4.6964933223, 1.26000070307, 1.00000094372, 5.92041435712, 5.75968364513, 1.09961721697, 2.47893986752, 1.02668324258, 1.00164850926, 1.17390273083, 1.10926168579, 0.921821959705, 8.09485171696, 1.0000007057, 1.00000016939, 91.1708195763, 1.00999752447, 5.12538543526, 0.998024920699, 3.92247326622, 0.870000060186, 696.218807495, 36.6493791474, 2461.16670058, 0.0
1.98891184207, 1.30620057178, 1.36455476716, 1.00000062279, 7.06791056715, 1.06821772462, 1.69648480101, 1.26000062913, 1.00000014111, 5.45616911738, 7.51825266457, 1.01416233391, 3.65129400694, 1.11797341286, 1.00942538179, 1.46529196506, 1.14736987966, 1.01278494799, 7.93148921982, 1.00000059408, 1.00000078548, 76.4701806828, 1.03601050542, 5.15579419842, 0.996454000219, 3.6868152494, 0.870000844874, 142.922242954, 17.2826820187, 828.723109726, 2.14477211796
3.52189841263, 1.02897799276, 1.72706639723, 1.00000001555, 4.38306127802, 1.13464921102, 5.5295230363, 1.26000029115, 1.00000091092, 5.00266451865, 3.91710056183, 1.09901977373, 1.60339012803, 1.07647344395, 1.08256789348, 1.30387110144, 1.11763552351, 0.928343859341, 5.35218068686, 1.00000000785, 1.00000065327, 85.8648557424, 0.984836211055, 1.64887579615, 1.00673767597, 4.28142158686, 0.870000023736, 990.658014851, 21.3724053727, 4071.12278702, 0.804289544236
3.52189841263, 1.02897799276, 1.72706639723, 1.00000001555, 4.38306127802, 1.13464921102, 5.5295230363, 1.26000029115, 1.00000091092, 5.00266451865, 3.91710056183, 1.09901977373, 1.60339012803, 1.07647344395, 1.08482708093, 1.30387110144, 1.11763552351, 0.928343859341, 5.35218068686, 1.00000000785, 1.00000065327, 85.8648557424, 0.984836211055, 1.64887579615, 1.00673767597, 3.86228310286, 0.870000023736, 1375.46218982, 25.2252830303, 3494.47335701, 0.536193029491
3.73564127429, 1.26933220932, 1.6025220553, 1.00000001041, 4.45019516478, 1.18230948838, 3.17160674839, 1.26000016376, 1.00000040059, 5.72664548046, 3.33732425069, 1.07174537184, 1.08252246584, 1.10710812102, 1.08256789348, 1.52310801716, 1.0652759523, 0.931045353789, 6.9396816785, 1.00000023285, 1.00000022069, 111.655380877, 0.935381537628, 1.91968201577, 0.979062802592, 3.32057956547, 0.870000506549, 255.381696062, 28.5569695527, 5961.74525185, 0.804289544236
1.42866653515, 1.12062532846, 1.57195042764, 1.00000062719, 5.59179349684, 1.02320609361, 5.77907420182, 1.26000099846, 1.00000000375, 5.60098234313, 5.63434787451, 1.03422701886, 2.43922074977, 1.01278138252, 1.05696553131, 1.38445023093, 1.15312851895, 0.925077528143, 8.92763921638, 1.00000067822, 1.00000053197, 97.4206907989, 1.0492203596, 4.61530150899, 1.06008438198, 3.92186792599, 0.870000152945, 1190.39645945, 30.4297958761, 857.606644241, 0.536193029491
3.70828088875, 1.35374159537, 1.71150336059, 1.00000001426, 6.80451579013, 1.10315517086, 1.3553907799, 1.26000026973, 1.00000035935, 5.97222170774, 3.77592353667, 1.08099070387, 2.53077213688, 1.0111143117, 1.01630631133, 1.01122917167, 1.11277717138, 0.969310119263, 9.93681354879, 1.00000073445, 1.00000087698, 90.056870765, 0.92204432838, 1.35551263761, 0.959750875306, 3.93620724446, 0.870000207288, 335.886189732, 15.2253284302, 498.318492635, 5.36193029491
3.53667561379, 1.12722615372, 1.49092532836, 1.0000005779, 4.49587894134, 1.0550314067, 3.51919737888, 1.26000072468, 1.00000047278, 6.16789395234, 6.51169329953, 1.05604475374, 1.84425250044, 1.07106885212, 1.08853091411, 1.17458909093, 1.15159753549, 0.988432441647, 8.64332706102, 1.00000041674, 1.00000033906, 98.709714448, 1.0182923552, 2.58271405866, 0.998787225, 3.42393932976, 0.870000866568, 143.833746202, 16.7237738573, 658.525432035, 1.07238605898
3.53667561379, 1.12722615372, 1.37450372687, 1.0000005779, 4.49587894134, 1.0550314067, 3.51919737888, 1.26000072468, 1.00000047278, 6.16789395234, 6.73421969213, 1.05604475374, 1.84425250044, 1.07106885212, 1.08853091411, 1.17458909093, 1.15159753549, 1.07343392805, 8.64332706102, 1.00000011838, 1.00000098365, 98.709714448, 1.0182923552, 2.58271405866, 0.998787225, 3.42393932976, 0.870000866568, 137.863825355, 17.0814950217, 733.24236981, 3.21715817694
1.16095285071, 1.30022660991, 1.50296762813, 1.00000018303, 5.27228048043, 1.06769714698, 4.91025949034, 1.26000090124, 1.00000025375, 6.19358776024, 6.34105952542, 1.09684363439, 1.16576136963, 1.02728546829, 1.01953909646, 1.04999050162, 1.0504175249, 0.932072368428, 6.16746121516, 1.00000001256, 1.00000092426, 121.784502713, 1.01856290275, 3.19287196524, 1.04998435934, 4.10476095089, 0.870000494447, 633.441584488, 27.2248193529, 5423.39099176, 0.0
5.70507717252, 1.26297615722, 1.46216687242, 1.00000078949, 6.18100004015, 1.10677923518, 2.55162386968, 1.26000025265, 1.00000036771, 6.13513831713, 4.20521559773, 1.0422447916, 1.68178283896, 1.06156912013, 1.00571142236, 1.37411927997, 1.1174286386, 0.935907250473, 7.26889436177, 1.0000009559, 1.00000004942, 123.903168816, 0.941069965186, 5.39997175873, 1.0422733383, 4.37023139968, 0.870000011561, 665.779406252, 27.412654899, 4932.89209092, 0.0
5.70507717252, 1.26297615722, 1.46216687242, 1.00000078949, 6.18100004015, 1.10677923518, 1.81759577157, 1.26000025265, 1.00000036771, 6.13513831713, 4.20521559773, 1.01065277855, 1.68178283896, 1.06156912013, 1.00571142236, 1.37608900544, 1.11380615625, 0.935907250473, 7.26889436177, 1.0000009559, 1.00000086595, 123.903168816, 0.941069965186, 5.39997175873, 1.0422733383, 4.37023139968, 0.870000248678, 629.700156899, 25.5947326149, 1863.03784026, 0.268096514745
1.82981710216, 1.22172899239, 1.72824180952, 1.00000078949, 6.76067078667, 1.13020746274, 2.55162386968, 1.26000063485, 1.00000010139, 5.1798140639, 6.10540914845, 1.0422447916, 3.84138672262, 1.10514452696, 1.07750724126, 1.56648731206, 1.15504192879, 1.09562550088, 4.33621425702, 1.00000019866, 1.00000004942, 110.688042887, 1.05008700323, 1.77545866187, 0.95406559439, 4.06701242499, 0.870000467575, 349.29405075, 16.053440601, 2309.33822235, 3.48525469169
3.52189841263, 1.02897799276, 1.72706639723, 1.00000017694, 4.38306127802, 1.13464921102, 5.47383899923, 1.26000029115, 1.00000091092, 5.14310211773, 6.10540914845, 1.0422447916, 1.60339012803, 1.07647344395, 1.08482708093, 1.20940536341, 1.11763552351, 0.928343859341, 4.56916870887, 1.00000000785, 1.00000065327, 85.8648557424, 0.984836211055, 1.64887579615, 0.989592424702, 3.86228310286, 0.870000023736, 220.806355236, 15.7775034709, 3183.26550305, 4.02144772118
3.73564127429, 1.17155000559, 1.65864689792, 1.00000098559, 4.45019516478, 1.12174218247, 2.55141644414, 1.26000016376, 1.00000040059, 5.72664548046, 3.33732425069, 1.07174537184, 1.19094652851, 1.08845302767, 1.08256789348, 1.53437613667, 1.06740234261, 0.931045353789, 8.0570603944, 1.00000023285, 1.00000022069, 111.655380877, 0.942601450517, 1.46514335918, 1.03202539348, 3.32057956547, 0.870000506549, 358.08160305, 32.1511541131, 1099.3552867, 0.804289544236
5.81737401483, 1.36621295814, 1.66298761962, 1.00000053873, 4.36796045516, 1.00456813046, 3.94122117963, 1.26000040537, 1.00000019745, 6.19339090239, 7.39085842506, 1.09472909052, 3.9092887117, 1.09994987654, 1.06286902563, 1.06126388712, 1.00883887399, 0.944992984214, 9.29987410362, 1.00000027527, 1.0000004422, 102.354993241, 1.05496337307, 2.24334592285, 1.00604248699, 3.32057956547, 0.870000556458, 369.961950888, 22.6391849139, 3833.10765207, 0.536193029491
3.15198741493, 1.03735307669, 1.47354524822, 1.00000030048, 4.2545387136, 1.03093526006, 3.17160674839, 1.26000052083, 1.00000026827, 6.07089307466, 3.31666341153, 1.01448798611, 1.47328880931, 1.09675204005, 1.06294265895, 1.45878215694, 1.08629945031, 0.969310119263, 5.59145574411, 1.00000031231, 1.00000087698, 101.826226712, 1.07469905057, 1.91968201577, 0.984173133917, 4.31925061233, 0.870000688945, 279.987064797, 16.8825238761, 451.95901364, 4.02144772118
4.08078965409, 1.08415473717, 1.49791813596, 1.00000056734, 5.53429817268, 1.16976037313, 2.53426811395, 1.26000009251, 1.00000030597, 6.17696477513, 5.92605197361, 1.09472909052, 3.64594843839, 1.11962723807, 1.01791088866, 1.41535736752, 1.10822675593, 0.946508386079, 5.0848070515, 1.0000006878, 1.00000048128, 114.924920042, 1.05614783757, 3.38743958101, 1.04926913957, 3.99607487362, 0.87000021936, 479.425242268, 35.2570617893, 1518.61973423, 0.536193029491
1.80547338023, 1.20031519272, 1.68212651616, 1.00000099095, 4.32071269494, 1.00620011024, 2.39337343647, 1.26000053351, 1.00000035529, 6.16565743573, 7.23722713332, 1.09818194587, 1.59363785913, 1.01861399431, 1.03433051488, 1.54691346226, 1.1683611713, 1.01012606751, 9.7071697006, 1.00000027831, 1.00000020182, 81.0648313469, 1.06733003241, 2.06320601696, 0.970051009905, 3.74121061604, 0.870000039647, 483.980382547, 16.5338462473, 1425.20439671, 3.21715817694
1.45502644067, 1.37847247833, 1.35822587411, 1.00000023996, 6.50244708001, 1.02322103289, 2.67030783421, 1.26000028882, 1.00000067391, 5.66750688908, 4.08645447107, 1.09472909052, 2.20501500122, 1.05212330097, 1.0840497446, 1.01122917167, 1.13822199605, 0.934280139462, 6.62134404034, 1.00000066705, 1.00000063944, 93.3750656529, 0.961356694273, 1.26334458994, 1.03953607666, 3.44767246949, 0.870000558378, 456.014589321, 30.9644317092, 2937.15088514, 0.0
1.82981710216, 1.22172899239, 1.72515613932, 1.00000006576, 6.76067078667, 1.13020746274, 1.91320464055, 1.26000063485, 1.00000010139, 5.1798140639, 6.10540914845, 1.0422447916, 3.84138672262, 1.10514452696, 1.07750724126, 1.5538765489, 1.15504192879, 1.09562550088, 3.51506824932, 1.00000016048, 1.00000004942, 110.688042887, 1.05008700323, 1.77545866187, 0.953731527909, 4.06701242499, 0.870000467575, 390.793520065, 30.8988739799, 2663.63693654, 0.268096514745
3.53667561379, 1.12722615372, 1.37450372687, 1.0000005779, 4.49587894134, 1.05559180817, 3.51919737888, 1.2600007362, 1.00000047278, 6.16789395234, 7.09934744805, 1.05604475374, 1.84425250044, 1.07106885212, 1.08853091411, 1.17458909093, 1.15159753549, 1.07343392805, 8.64332706102, 1.00000011838, 1.00000098365, 98.709714448, 1.0182923552, 2.58271405866, 0.998787225, 3.42393932976, 0.870000866568, 600.880457647, 34.0757833587, 1210.01904366, 0.536193029491
1.80547338023, 1.20031519272, 1.68212651616, 1.00000093425, 4.32071269494, 1.00620011024, 2.39337343647, 1.26000053351, 1.00000035529, 6.16565743573, 7.23722713332, 1.09818194587, 1.59363785913, 1.01861399431, 1.03433051488, 1.54691346226, 1.1683611713, 1.01012606751, 5.75055707181, 1.00000027831, 1.00000020182, 81.0648313469, 1.06733003241, 4.15081200669, 1.00678941696, 3.74121061604, 0.870000039647, 393.309799853, 16.0010636317, 938.57962316, 4.28954423592
3.73564127429, 1.26933220932, 1.6025220553, 1.00000003241, 4.30675452112, 1.02740609133, 1.74619931568, 1.26000016376, 1.00000040059, 5.72664548046, 3.33732425069, 1.08967128803, 1.08252246584, 1.08845302767, 1.08256789348, 1.52310801716, 1.0652759523, 0.985794275778, 6.9396816785, 1.00000037433, 1.00000022069, 111.655380877, 0.935381537628, 2.6154368368, 0.979062802592, 3.32057956547, 0.870000506549, 618.762099181, 26.0361821168, 2840.81443745, 0.536193029491
3.73564127429, 1.26933220932, 1.65864689792, 1.00000003241, 4.45019516478, 1.12174218247, 5.5295439995, 1.26000016376, 1.00000040059, 5.72664548046, 3.33732425069, 1.07174537184, 1.19094652851, 1.08845302767, 1.08256789348, 1.44812212641, 1.06740234261, 0.931045353789, 6.9396816785, 1.00000023285, 1.00000022069, 111.655380877, 0.942601450517, 1.46514335918, 0.979062802592, 3.32057956547, 0.870000506549, 345.430827511, 22.9762342339, 1201.68881402, 0.804289544236
3.53667561379, 1.13502396785, 1.37450372687, 1.0000005779, 4.49587894134, 1.0550314067, 3.51919737888, 1.26000072468, 1.00000027662, 6.16789395234, 6.73421969213, 1.04592605767, 1.84425250044, 1.04845430906, 1.08853091411, 1.17458909093, 1.15159753549, 1.07343392805, 7.63661148243, 1.00000011838, 1.00000098365, 89.6077728218, 1.0182923552, 2.14714008594, 0.998787225, 3.42393932976, 0.870000866568, 381.999612733, 22.4477609936, 1374.56201428, 0.804289544236
5.809050307, 1.07184439107, 1.48766076361, 1.0000006077, 6.69425319939, 1.09500454404, 3.20463066778, 1.26000059526, 1.00000071237, 5.98588712477, 7.39085842506, 1.00188246242, 1.89094174158, 1.03518161362, 1.01082674878, 1.52024518884, 1.05145208343, 1.00521794451, 4.49071122193, 1.00000027156, 1.00000018311, 85.3738273389, 1.04851943899, 3.45114283325, 0.979362951673, 4.13708544304, 0.87000001546, 224.991573984, 15.7776582601, 1130.52579706, 4.02144772118
