0.562854034333, 1.01530113489, 2.5288081639, 0.239158531615, 46.9594474999, 42.4549393085, 3.67088089332, 1.26320305787, 23.2975641241, 434.707342666, 0.445066512017, 0.419834710744
0.532100852224, 0.822617844746, 2.71780609353, 0.308851824672, 36.7773965614, 44.5568191044, 2.84474803315, 0.0891543538694, 21.1631210467, 229.877086755, 0.497165180235, 0.0185185185185
0.532100852224, 0.822617844746, 2.71780609353, 0.308851824672, 36.7773965614, 40.0698335029, 2.84474803315, 0.0891543538694, 21.1631210467, 276.991927115, 0.555411005519, 0.018018018018
0.617350657517, 0.931398459024, 2.15473461972, 0.429380111354, 12.6632228389, 46.2801368355, 2.95015387879, 0.315919450022, 27.7325631851, 281.718999364, 0.487573376477, 0.0
0.654916805407, 0.910433883241, 3.89115167142, 0.308512236568, 18.7626702229, 46.8169103727, 2.47400936859, 1.15655335676, 20.895411752, 485.507692239, 0.400765831214, 0.5625
0.85682109461, 1.24969443705, 2.46929259606, 0.218073948999, 11.8883258822, 45.6879721969, 2.55104778527, 1.54667145872, 21.441292294, 425.983534583, 0.462647783665, 0.50390625
0.562854034333, 1.01530113489, 2.14866222067, 0.239158531615, 46.9594474999, 42.4549393085, 3.67088089332, 1.26320305787, 23.2975641241, 363.807386982, 0.427055461358, 0.61652173913
0.52224845, 1.13566327292, 4.34336388344, 0.328672133291, 36.7960744426, 40.2318110918, 3.1436831175, 1.80103163222, 25.6379874379, 872.905657919, 0.420975152725, 0.495757575758
0.534925963487, 0.822131819214, 2.71780609353, 0.308851824672, 36.7773965614, 42.2393298518, 2.83242348383, 1.35429886485, 30.4709057242, 280.158857833, 0.479565093154, 0.295081967213
0.623864780005, 1.18918130721, 3.27486387487, 0.466941617319, 5.82551347616, 43.3157657344, 2.95206767533, 3.68115242224, 21.3466599136, 477.347869382, 0.447396456255, 0.227777777778
0.849477927942, 1.08297636611, 3.15595916688, 0.35679426954, 18.7821443657, 45.7979299462, 2.61960724357, 1.63120149342, 23.5426016161, 537.446166413, 0.431091598122, 0.467741935484
0.534925963487, 0.822131819214, 2.71780609353, 0.308851824672, 36.7773965614, 42.2393298518, 3.06553430537, 1.58411835434, 30.4709057242, 398.052393463, 0.424283823043, 0.581151832461
0.511311888807, 1.18572707562, 2.15473461972, 0.239158531615, 46.9594474999, 42.4549393085, 3.76242757679, 1.26320305787, 21.3119078526, 369.271716558, 0.480209726352, 0.137373737374
0.540501399838, 1.08297636611, 3.15595916688, 0.309414156015, 18.7821443657, 45.7979299462, 2.61960724357, 1.63120149342, 20.7468700057, 465.623455836, 0.471104007267, 0.0357142857143
0.52224845, 1.13566327292, 4.34336388344, 0.328672133291, 17.8246142649, 40.2318110918, 2.63321053604, 1.56565962009, 25.6379874379, 668.482984848, 0.425818636742, 0.263803680982
0.534925963487, 0.822131819214, 2.71780609353, 0.308851824672, 6.12439677139, 41.023176892, 2.83242348383, 1.35429886485, 30.4709057242, 329.119192807, 0.408855820673, 0.617088607595
0.528466012696, 1.25838559453, 4.90422163741, 0.216805007718, 11.5309629385, 49.0284881403, 3.09214635799, 1.63765005994, 34.4638696928, 1375.90958252, 0.408734800811, 0.55530726257
0.528466012696, 1.25838559453, 4.90422163741, 0.238007485765, 11.5309629385, 49.0284881403, 3.09214635799, 1.63765005994, 34.4638696928, 1499.62868251, 0.39953503167, 0.667739340306
0.532100852224, 1.09816714694, 4.20794953018, 0.391990376073, 13.2774042487, 42.2393298518, 2.83242348383, 1.35429886485, 27.7325631851, 890.331527284, 0.424119847942, 0.177083333333
0.505775256159, 0.968074913003, 3.4578685681, 0.219919216596, 11.5309629385, 46.2559817468, 3.09214635799, 1.85455928807, 34.4638696928, 588.559938329, 0.442371183263, 0.395672333849
0.623864780005, 0.843028942997, 3.27486387487, 0.466941617319, 44.7149805864, 43.3157657344, 2.95206767533, 2.11396351093, 21.3466599136, 319.854658123, 0.472805121864, 0.168604651163
0.562854034333, 1.1579413068, 2.5288081639, 0.287726036437, 46.9594474999, 43.8155622858, 3.87678256031, 1.26320305787, 23.2975641241, 460.275037348, 0.460730046615, 0.514976958525
0.562854034333, 1.1579413068, 2.5288081639, 0.249366752213, 46.9594474999, 42.4549393085, 3.67088089332, 1.73229860371, 21.3119078526, 462.00139116, 0.436013135183, 0.602564102564
0.688080323059, 0.871651575364, 3.53246913454, 0.456781700012, 3.80611041323, 42.765761955, 3.89295323585, 1.3570781949, 40.3718784911, 540.376258686, 0.428552878688, 0.576986754967
0.52224845, 1.13566327292, 4.34336388344, 0.328672133291, 36.7960744426, 40.2318110918, 3.92464515356, 1.80103163222, 25.6379874379, 977.230126202, 0.416256170147, 0.575725026853
0.619759873284, 1.09532319527, 4.9176666218, 0.451169698012, 43.868227387, 46.9848253217, 2.52019158441, 1.74255336921, 29.9715413112, 954.624365905, 0.415122643903, 0.57874015748
0.501749932246, 1.1579413068, 2.5288081639, 0.239158531615, 47.9617224635, 42.4549393085, 3.0546240243, 1.26320305787, 23.2975641241, 517.2044707, 0.40588569519, 0.604901960784
0.534530376842, 1.24300627062, 2.10444894955, 0.489224431091, 17.8246142649, 47.4572048177, 2.63321053604, 1.56565962009, 31.6160788065, 404.145586193, 0.477635194781, 0.231404958678
0.534530376842, 1.24300627062, 2.10444894955, 0.489224431091, 17.8246142649, 47.4572048177, 2.63321053604, 1.63830663813, 31.6160788065, 370.640662637, 0.478270311362, 0.450216450216
0.542418981441, 1.25448712093, 6.63941359642, 0.306951277714, 43.868227387, 46.9848253217, 2.97408130481, 1.06513487998, 28.8292156295, 1515.58967242, 0.47398239302, 0.101694915254
0.534530376842, 1.16948236978, 6.15965893143, 0.328672133291, 36.7960744426, 40.1914136095, 3.1436831175, 1.80103163222, 24.4654337404, 1338.88016431, 0.476440413345, 0.102362204724
0.528466012696, 1.25838559453, 2.46929259606, 0.238007485765, 11.5309629385, 45.6879721969, 3.09214635799, 1.63765005994, 34.4638696928, 578.384959796, 0.412624007885, 0.611538461538
0.562854034333, 1.01530113489, 2.14866222067, 0.340978220426, 46.9594474999, 42.4549393085, 2.55104778527, 1.26320305787, 23.2975641241, 280.237062624, 0.544835174113, 0.0944881889764
0.534925963487, 0.822131819214, 2.71780609353, 0.308851824672, 36.7773965614, 43.3822324803, 2.60045012298, 0.0891543538694, 30.4709057242, 269.090518841, 0.574746346696, 0.0350877192982
0.808158620987, 0.93846408084, 2.1695032797, 0.449191297237, 25.7260444767, 44.5485916748, 2.18843398178, 1.50399881865, 20.2737191265, 249.553030397, 0.597201780679, 0.128787878788
0.540501399838, 1.04026791676, 2.15473461972, 0.239158531615, 46.9594474999, 49.7015680556, 2.61960724357, 1.26320305787, 21.3119078526, 273.293813902, 0.522764921504, 0.335443037975
0.562854034333, 1.01530113489, 2.14866222067, 0.340978220426, 46.9594474999, 42.4549393085, 2.55104778527, 1.26320305787, 23.2975641241, 245.517227992, 0.524385327055, 0.28
0.501749932246, 0.921381821128, 3.53246913454, 0.382796345459, 15.9482806178, 47.5225433094, 3.97600829924, 1.60505088664, 27.0025631407, 557.780343125, 0.452469562222, 0.362068965517
0.507784016908, 1.25838559453, 2.46929259606, 0.238007485765, 5.59169011587, 49.5810553362, 3.2936372221, 1.63765005994, 34.4638696928, 619.668294431, 0.464586672734, 0.300865800866
0.562854034333, 1.1579413068, 2.5288081639, 0.239158531615, 46.9594474999, 42.4549393085, 3.67088089332, 1.26320305787, 23.2975641241, 455.159951654, 0.443388409846, 0.63954318344
0.849477927942, 1.08297636611, 3.15595916688, 0.466941617319, 18.7821443657, 43.3157657344, 2.61960724357, 1.63120149342, 23.5426016161, 434.183120293, 0.448235882834, 0.657718120805
0.654916805407, 0.910433883241, 3.89115167142, 0.308512236568, 18.7626702229, 46.9180570514, 2.11846320741, 1.15655335676, 20.895411752, 448.009492611, 0.427645861252, 0.646408839779
0.534925963487, 1.24300627062, 2.10444894955, 0.489224431091, 17.8246142649, 42.2393298518, 2.63321053604, 1.63830663813, 31.6160788065, 410.865325522, 0.451470818488, 0.61744966443
0.528466012696, 1.25838559453, 4.90422163741, 0.238007485765, 11.5309629385, 49.0284881403, 3.09214635799, 1.63765005994, 34.4638696928, 1503.69317446, 0.416618344462, 0.600422832981
0.763597913059, 0.931398459024, 2.15473461972, 0.490312379164, 12.6632228389, 46.2801368355, 2.46302050575, 3.32405141623, 27.7325631851, 268.782594657, 0.539644087204, 0.29756097561
0.511752023619, 0.843028942997, 6.86600650389, 0.433814649289, 34.1908199154, 47.200680465, 3.88129515277, 2.11396351093, 34.9105883942, 864.65490617, 0.491415214497, 0.0
0.780499264857, 0.931398459024, 2.15473461972, 0.410942333915, 12.6632228389, 46.2801368355, 2.95015387879, 0.463090508897, 27.7325631851, 297.226058641, 0.682083334881, 0.0
0.623864780005, 1.18918130721, 3.27486387487, 0.410436094935, 5.82551347616, 42.2393298518, 2.95206767533, 3.83970227724, 21.3466599136, 519.647873685, 0.508768130387, 0.0
0.808158620987, 0.93846408084, 2.1695032797, 0.449191297237, 5.82551347616, 40.426250404, 2.18843398178, 0.219248475359, 23.0027738164, 276.099000721, 0.61927884676, 0.157534246575
0.688080323059, 0.871651575364, 3.53246913454, 0.456781700012, 3.80611041323, 42.765761955, 2.63321053604, 1.56565962009, 42.7135560859, 393.009699143, 0.511127820997, 0.0
0.780499264857, 0.8493316146, 2.15473461972, 0.410942333915, 4.03186442691, 46.2801368355, 3.20137217275, 0.463090508897, 27.7325631851, 305.371439284, 0.573822153793, 0.0179028132992
0.52224845, 1.1579413068, 4.81086256437, 0.219919216596, 6.12439677139, 42.2835517049, 3.79672480713, 1.58411835434, 35.5681585914, 1179.05655997, 0.411853759894, 0.677530017153
0.524137446212, 1.24300627062, 4.85270861281, 0.489224431091, 17.8246142649, 47.4572048177, 2.63321053604, 1.56565962009, 26.3859723209, 872.851778353, 0.484082565579, 0.145038167939
0.686940568924, 1.09532319527, 5.66568097653, 0.317433962611, 43.868227387, 45.2331712039, 2.52019158441, 1.74255336921, 29.9715413112, 782.832196215, 0.43456024817, 0.520958083832
0.688080323059, 0.871651575364, 3.53246913454, 0.456781700012, 3.80611041323, 42.765761955, 3.1436831175, 1.3570781949, 40.3718784911, 604.969167878, 0.465310734936, 0.382258064516
0.70844479258, 0.927364449267, 5.1938546011, 0.308799294405, 42.4371181406, 45.5675417064, 2.93409509669, 1.50949863421, 23.0027738164, 522.180256804, 0.470398936545, 0.489208633094
0.534530376842, 1.06956711736, 2.71780609353, 0.308851824672, 36.7773965614, 47.4572048177, 3.06553430537, 1.58411835434, 30.4709057242, 530.844368494, 0.458378052005, 0.467391304348
0.799803367582, 0.826484897322, 5.68125713822, 0.294091893944, 36.5994400184, 41.3321754532, 2.76567982892, 1.618608923, 43.5971513166, 737.643244184, 0.42098330054, 0.632075471698
0.52224845, 1.13566327292, 4.34336388344, 0.328672133291, 36.7960744426, 40.2318110918, 3.1436831175, 1.80103163222, 25.6379874379, 865.961702575, 0.41947983277, 0.641835966892
0.699630884082, 0.887153482428, 4.73262042297, 0.358610500363, 29.3759299235, 45.2362204407, 2.08490820455, 1.56565962009, 42.9888315331, 787.900720884, 0.419727392772, 0.671428571429
0.63199361914, 1.24300627062, 4.73262042297, 0.489224431091, 17.8246142649, 45.2362204407, 2.08490820455, 1.56565962009, 31.6160788065, 939.34912502, 0.500498017513, 0.0
0.534530376842, 1.24300627062, 4.73262042297, 0.489224431091, 17.8246142649, 47.4572048177, 2.63321053604, 1.56565962009, 31.6160788065, 1084.05948134, 0.445784236706, 0.26875
0.52224845, 1.14141144762, 4.81086256437, 0.373744014231, 6.12439677139, 42.2835517049, 3.79672480713, 1.58411835434, 26.9053366732, 1076.63924499, 0.440273158283, 0.42921686747
0.542418981441, 1.25448712093, 6.63941359642, 0.306951277714, 18.2229647191, 41.5349392887, 2.97408130481, 1.06513487998, 28.8292156295, 1382.30699122, 0.454757517502, 0.238888888889
0.534530376842, 1.24300627062, 4.85270861281, 0.489224431091, 17.8246142649, 47.4572048177, 2.63321053604, 1.56565962009, 31.6160788065, 966.041660626, 0.454555890343, 0.243902439024
0.528466012696, 1.25838559453, 4.90422163741, 0.238007485765, 11.5309629385, 49.0284881403, 3.09214635799, 1.63765005994, 34.4638696928, 1350.01992572, 0.470370786564, 0.231818181818
0.688080323059, 0.871651575364, 3.53246913454, 0.328672133291, 5.06032455456, 42.765761955, 3.89295323585, 1.3570781949, 24.4654337404, 508.296001069, 0.468692113782, 0.534140969163
0.692672694518, 0.861104775685, 5.1938546011, 0.417472022626, 42.4371181406, 45.5675417064, 2.93409509669, 1.50949863421, 21.3773215944, 519.824729221, 0.462678711147, 0.554006968641
0.85682109461, 1.24969443705, 2.46929259606, 0.218073948999, 11.8883258822, 45.6879721969, 3.89295323585, 1.54667145872, 21.441292294, 504.756185414, 0.433212656673, 0.674165457184
0.501749932246, 0.914518198328, 7.75621333493, 0.382796345459, 15.9482806178, 47.5225433094, 3.87805582844, 0.480050147712, 27.0025631407, 1114.85878834, 0.505134473447, 0.00280112044818
0.534530376842, 1.16948236978, 7.45393693199, 0.294091893944, 13.6418044361, 42.4549393085, 3.29866722626, 1.42489303403, 22.2738479525, 1681.23885937, 0.446239472173, 0.340946166395
0.52224845, 1.13566327292, 4.34336388344, 0.328672133291, 36.7960744426, 40.2318110918, 2.08490820455, 1.80103163222, 25.6379874379, 783.960366635, 0.458074863952, 0.355828220859
0.688080323059, 0.849117212761, 3.53246913454, 0.39108323864, 3.80611041323, 41.3292055946, 3.89295323585, 1.3570781949, 43.9085632045, 644.865930834, 0.463135767644, 0.401652892562
0.532100852224, 1.09816714694, 4.20794953018, 0.391990376073, 13.2774042487, 42.2393298518, 2.83242348383, 1.35429886485, 27.7325631851, 587.67529527, 0.457570860299, 0.438356164384
0.511311888807, 1.08297636611, 3.15595916688, 0.309414156015, 18.7821443657, 45.7979299462, 3.76242757679, 1.63120149342, 26.9219538403, 566.388710153, 0.464590903531, 0.453727506427
0.501749932246, 0.914518198328, 7.75621333493, 0.382796345459, 15.9482806178, 47.5225433094, 3.97600829924, 1.60505088664, 27.0025631407, 1019.02769455, 0.426118680068, 0.553133514986
0.52224845, 0.995658073271, 4.34336388344, 0.245471489318, 36.7960744426, 40.0600292079, 3.01871007984, 1.80103163222, 25.6379874379, 693.248677668, 0.481948049157, 0.193617021277
0.505775256159, 1.07235528224, 3.4578685681, 0.219919216596, 11.5309629385, 46.2559817468, 3.09214635799, 1.85455928807, 34.4638696928, 726.26353288, 0.486318306568, 0.18281938326
0.818048755597, 0.830498701684, 5.29221561104, 0.458777991902, 6.78859246062, 46.0090447384, 2.96223180418, 3.21751293463, 22.0871918173, 505.48200627, 0.531257978303, 0.00909090909091
0.684285019466, 0.994690867279, 3.07387178336, 0.458777991902, 6.78859246062, 42.5126057018, 3.20137217275, 2.11396351093, 42.403439556, 441.089792058, 0.564865911047, 0.0
0.534530376842, 1.24300627062, 2.10444894955, 0.489224431091, 36.7960744426, 47.4572048177, 3.1436831175, 1.80103163222, 31.6160788065, 427.770794512, 0.55586250646, 0.016
0.52224845, 0.995658073271, 3.53246913454, 0.328672133291, 5.06032455456, 42.765761955, 3.99443579745, 1.3570781949, 24.4654337404, 579.746741368, 0.425839434824, 0.630608974359
0.710887772561, 1.07235528224, 5.66217056891, 0.37783701722, 11.5309629385, 40.0776331638, 2.28726439198, 1.75728891944, 32.7862385472, 1139.04824732, 0.490631325649, 0.0421052631579
0.654916805407, 1.09532319527, 4.9176666218, 0.317433962611, 43.868227387, 45.2331712039, 2.52019158441, 1.74255336921, 29.9715413112, 917.964618901, 0.422539330945, 0.673981191223
0.534530376842, 1.16948236978, 7.45393693199, 0.294091893944, 42.8615455491, 43.8155622858, 3.29866722626, 1.42489303403, 22.2738479525, 1566.65939925, 0.435306358095, 0.47315855181
0.534530376842, 1.16948236978, 7.45393693199, 0.294091893944, 42.8615455491, 43.7540376869, 3.29866722626, 1.42489303403, 28.9083956013, 1874.32687665, 0.444272531426, 0.448126801153
0.70844479258, 0.927364449267, 5.1938546011, 0.308799294405, 42.4371181406, 45.5675417064, 2.93409509669, 1.50949863421, 23.0027738164, 525.002039733, 0.438220162663, 0.627539503386
0.532100852224, 0.822131819214, 2.71780609353, 0.308851824672, 36.7773965614, 44.5568191044, 2.60045012298, 0.0891543538694, 32.6331025771, 320.528945242, 0.543375560773, 0.0325203252033
0.623864780005, 0.843028942997, 3.27486387487, 0.466941617319, 44.7149805864, 43.3157657344, 2.95206767533, 2.11396351093, 21.3466599136, 348.551447914, 0.528641726513, 0.0549450549451
0.532100852224, 0.822131819214, 2.71780609353, 0.308851824672, 36.7773965614, 42.2393298518, 2.60045012298, 0.0891543538694, 30.4709057242, 308.295353258, 0.540900378918, 0.162162162162
0.520117214043, 1.04161375632, 3.92571947381, 0.384069787853, 30.2519399872, 41.9501994215, 3.29291235585, 4.3244459572, 30.4709057242, 733.390053115, 0.503893216917, 0.0225806451613
0.520117214043, 0.870089480476, 3.92571947381, 0.384069787853, 30.2519399872, 41.9501994215, 3.29291235585, 4.3244459572, 30.4709057242, 596.198588019, 0.497296925216, 0.0301369863014
0.85682109461, 1.01530113489, 2.40121889186, 0.239158531615, 11.8883258822, 45.6879721969, 2.55104778527, 1.54667145872, 21.441292294, 331.973899323, 0.496489825641, 0.523404255319
0.688080323059, 0.871651575364, 3.53246913454, 0.456781700012, 3.80611041323, 42.765761955, 3.89295323585, 1.3570781949, 40.3718784911, 633.264856292, 0.449853520732, 0.559952038369
0.688080323059, 0.871651575364, 3.53246913454, 0.456781700012, 3.80611041323, 42.765761955, 3.89295323585, 1.3570781949, 40.3718784911, 562.880479733, 0.474340042718, 0.349290780142
0.52224845, 1.14141144762, 4.81086256437, 0.373744014231, 6.12439677139, 42.2835517049, 3.92464515356, 1.58411835434, 26.9053366732, 974.294655606, 0.43216256653, 0.542204568024
0.562854034333, 1.1579413068, 2.5288081639, 0.239158531615, 46.9594474999, 42.4549393085, 3.67088089332, 1.26320305787, 21.3119078526, 393.039111035, 0.492985892056, 0.200686106346
0.684285019466, 0.994690867279, 3.07387178336, 0.458777991902, 6.78859246062, 42.5126057018, 3.20137217275, 2.4879482526, 42.403439556, 625.615720519, 0.544876460352, 0.00367647058824
0.684285019466, 0.994690867279, 3.07387178336, 0.458777991902, 6.78859246062, 42.5126057018, 3.20137217275, 2.4879482526, 42.403439556, 553.902589927, 0.539760511463, 0.00613496932515
0.688080323059, 0.871651575364, 3.53246913454, 0.456781700012, 42.4371181406, 42.765761955, 3.89295323585, 1.3570781949, 40.3718784911, 545.528832814, 0.550780594626, 0.0
