5.72882221389, 1.20874715409, 1.68170319596, 1.00000021725, 5.86164523259, 1.17647561931, 2.97128391714, 1.26000067304, 1.00000099558, 6.1551564388, 6.76447693922, 1.07281504023, 2.35359378198, 1.05072735599, 1.05505900566, 1.47702629139, 1.16030803418, 1.02780351212, 3.92974617746, 1.00000004288, 1.00000013648, 112.159916296, 0.968032404391, 3.99849903363, 0.951385733866, 4.27393715388, 0.870000393861, 66.3192193147, 9.19055885645, 101.806683035, 2.14477211796
3.60512422824, 1.13477784721, 1.40012809827, 1.00000012208, 6.91970132529, 1.00620011024, 5.53680053149, 1.2600005503, 1.00000099838, 5.43351955906, 3.39788624048, 1.09254087013, 1.43389796148, 1.02368800438, 1.00161182074, 1.51124454332, 1.03869702371, 1.04950584528, 3.49186116002, 1.00000076473, 1.0000002433, 117.49337574, 1.06733003241, 4.41191430816, 0.95617189312, 3.91273252116, 0.870000705199, 96.3590343351, 20.3859886727, 232.281889227, 0.0
4.38468702299, 1.34906551749, 1.43375086069, 1.00000032181, 5.84168913439, 1.18223997036, 2.39565998966, 1.26000090319, 1.00000011642, 5.61858183704, 6.08477931357, 1.02787798293, 2.15713416254, 1.10377020856, 1.06782130089, 1.31590113246, 1.06315460242, 1.03640384733, 8.52636946247, 1.00000085231, 1.00000023816, 106.288903443, 0.944574712571, 2.79009373595, 0.981607029945, 3.64285481939, 0.870000847278, 46.4268309449, 11.9536860262, 73.4671590068, 0.804289544236
3.60512422824, 1.13477784721, 1.40012809827, 1.00000012208, 6.91970132529, 1.1137811231, 5.53680053149, 1.2600005503, 1.00000099838, 5.43351955906, 3.39788624048, 1.09254087013, 1.43389796148, 1.02368800438, 1.00651371549, 1.51124454332, 1.03869702371, 1.04950584528, 3.49186116002, 1.00000076473, 1.0000002433, 117.49337574, 1.02860519417, 4.41191430816, 0.961293217329, 3.91273252116, 0.870000705199, 30.5966467438, 8.46726452605, 158.553838282, 4.55764075067
5.21274902837, 1.09264078615, 1.46991641709, 1.00000042976, 6.996795084, 1.06344884207, 2.96637661199, 1.26000084507, 1.00000058149, 5.11861336303, 3.75718009563, 1.02441315778, 1.8536838109, 1.08770221447, 1.05955365513, 1.04002451005, 1.06806597312, 0.9175050528, 9.80214382288, 1.00000050441, 1.00000036472, 101.28714426, 1.03494160927, 5.52552323917, 0.95364150811, 3.85170605474, 0.870000819066, 15.3298348349, 11.3695960549, 109.279751184, 1.60857908847
4.9303496999, 1.22259065051, 1.66205683495, 1.00000072429, 5.39851206585, 1.13890191112, 3.66852487712, 1.26000075469, 1.00000085241, 6.12934423656, 6.50631989024, 1.04297751142, 1.37246546389, 1.02263054479, 1.06185542161, 1.59055432451, 1.08306211682, 1.06570938438, 5.65814153639, 1.00000026129, 1.00000013918, 83.3495864204, 0.928264684041, 5.4872908125, 0.95305873657, 4.2206236951, 0.870000809994, 46.70796205, 9.93872674526, 1026.05494306, 2.41286863271
4.52100646544, 1.2684930366, 1.65147754975, 1.00000041347, 4.8799997319, 1.07667720498, 4.9508520572, 1.2600009943, 1.00000042061, 5.1078765308, 4.48448574681, 1.07463764881, 2.52905966881, 1.08674328937, 1.04143599298, 1.1386645196, 1.05120138748, 0.927417329438, 8.33222029699, 1.00000047651, 1.00000090573, 86.7881696188, 0.921818754598, 5.84233539723, 0.960740353003, 4.27458673735, 0.870000847357, 32.5412265359, 10.579710009, 276.995088852, 0.536193029491
2.75109141502, 1.02303447587, 1.48321871788, 1.00000095315, 5.24622471381, 1.01517623645, 3.97442665408, 1.26000027257, 1.00000053954, 5.11814051404, 6.78522807677, 1.07907980585, 1.60764773876, 1.02339631963, 1.07836710602, 1.43252634658, 1.14854726242, 1.08554647647, 8.0469323687, 1.00000081768, 1.00000038479, 99.6114171706, 0.986473025237, 1.42211272953, 1.05525815002, 4.21358259225, 0.870000772685, 207.9790518, 18.9686500694, 1399.52221181, 0.268096514745
2.52170115808, 1.40843365834, 1.58634839559, 1.00000070955, 5.38363751255, 1.0534099233, 3.65915240159, 1.2600006665, 1.00000000426, 5.5551250185, 6.92666243296, 1.0816804337, 1.77841836594, 1.10793612028, 1.03678846833, 1.28567549817, 1.02434606893, 1.08656791433, 9.8266391368, 1.0000001897, 1.00000063616, 89.6230712284, 1.00084300638, 1.54688925411, 0.974243958566, 3.84606298972, 0.870000005926, 21.2382603627, 13.2705124486, 94.3253188701, 3.75335120643
3.60512422824, 1.13477784721, 1.40012809827, 1.00000012208, 5.97277508176, 1.09524233167, 5.53680053149, 1.2600005503, 1.00000099838, 6.07106347018, 3.94964075543, 1.09863436198, 1.43389796148, 1.02368800438, 1.00651371549, 1.3653765244, 1.03869702371, 1.04950584528, 3.49186116002, 1.00000076473, 1.0000002433, 117.49337574, 1.02860519417, 4.41191430816, 0.961293217329, 3.91273252116, 0.870000705199, 222.029547554, 16.1675662432, 625.426759843, 0.0
5.4949210137, 1.0259407166, 1.59646502049, 1.00000078354, 5.6305425083, 1.04368029439, 3.60334601896, 1.26000065006, 1.00000031635, 5.24154582644, 7.53149880708, 1.07940431363, 3.55652812054, 1.08955642681, 1.03824602671, 1.27415756528, 1.0982904523, 1.03039913846, 7.56841915221, 1.00000098341, 1.00000078062, 99.0447747948, 1.07735789995, 3.07892343659, 1.03779203094, 4.05433042233, 0.870000543759, 114.807983324, 21.5855715469, 633.035734365, 0.268096514745
5.32810070479, 1.09264078615, 1.46991641709, 1.00000042976, 6.996795084, 1.06344884207, 2.96637661199, 1.26000084507, 1.00000095505, 5.07320161752, 3.75718009563, 1.02441315778, 1.8536838109, 1.08770221447, 1.05955365513, 1.04002451005, 1.06806597312, 0.9175050528, 9.80214382288, 1.00000050441, 1.00000036472, 101.28714426, 1.03494160927, 5.52552323917, 0.95364150811, 3.85170605474, 0.870000819066, 118.010117437, 22.6142756752, 236.308011064, 0.0
1.12883896776, 1.05569672063, 1.6025220553, 1.0000001146, 5.84033201929, 1.11941232777, 1.74619931568, 1.26000044732, 1.00000024973, 5.683059741, 7.15776572583, 1.03181854569, 1.18598248278, 1.08845302767, 1.05217868094, 1.36018991731, 1.0652759523, 1.04642208251, 3.91406311824, 1.00000024343, 1.00000096879, 88.7628793178, 0.924403696895, 2.67619119177, 1.06276232465, 3.9059085051, 0.870000910334, 65.9709709687, 12.919548262, 138.461234012, 1.07238605898
2.3788112046, 1.1676583718, 1.61444039548, 1.00000048789, 4.53800703403, 1.18811611434, 5.93356279704, 1.26000048113, 1.00000037484, 5.54136380941, 6.81532014407, 1.06679224163, 3.00891882307, 1.06661056939, 1.0499742534, 1.43252634658, 1.06343473146, 0.984120672542, 8.628242991, 1.00000070586, 1.00000089248, 98.5013315408, 0.949608110048, 3.84693253653, 1.02919401342, 3.65751779835, 0.870000029811, 62.8885883118, 9.44233991143, 1328.41096225, 4.55764075067
1.39576795154, 1.33463438734, 1.66950400223, 1.0000001508, 5.25931019005, 1.0493324815, 5.5510583453, 1.26000034753, 1.00000072995, 6.01820408696, 3.37917212084, 1.04766999094, 3.53713718547, 1.08063447491, 1.00653951002, 1.25993633593, 1.09623276313, 0.920353355216, 6.8325727105, 1.0000003941, 1.00000086049, 76.4075871953, 0.920339307594, 3.02031068778, 0.979796750032, 4.31055164189, 0.870000655362, 85.4810649733, 9.79516875607, 375.279382144, 5.09383378016
5.33914699142, 1.36118749613, 1.4200478629, 1.00000047086, 5.91975725826, 1.16832684718, 1.98184486837, 1.26000055454, 1.0000009854, 6.15247317148, 7.50807356346, 1.02760819591, 3.22298897567, 1.09243748458, 1.03709173609, 1.13726322817, 1.14069800708, 0.985794275778, 3.31966129085, 1.00000050057, 1.000000696, 121.660053029, 0.963592835772, 3.18309666161, 0.964052144869, 4.08466766484, 0.870000028201, 54.1486833306, 9.02910431775, 300.275643284, 5.8981233244
5.4949210137, 1.0259407166, 1.59646502049, 1.00000078354, 5.6305425083, 1.04368029439, 3.60334601896, 1.26000065006, 1.00000031635, 5.24154582644, 7.53149880708, 1.07940431363, 3.55652812054, 1.08955642681, 1.03824602671, 1.27415756528, 1.0982904523, 1.03039913846, 7.56841915221, 1.00000098341, 1.00000064818, 99.0447747948, 1.07735789995, 3.07892343659, 1.03779203094, 4.05433042233, 0.870000543759, 48.4627746706, 12.3849413742, 229.181701774, 1.60857908847
5.91811695077, 1.08796143674, 1.46991641709, 1.00000042976, 6.996795084, 1.097339698, 2.37292077645, 1.26000075189, 1.00000058149, 5.11861336303, 3.42868797395, 1.07940431363, 1.34764070228, 1.08770221447, 1.05955365513, 1.04002451005, 1.06806597312, 0.994478648191, 9.98870471736, 1.00000050441, 1.00000036472, 89.4299166066, 0.97126122788, 5.52552323917, 0.95364150811, 3.85170605474, 0.870000330509, 35.458514651, 10.7214216591, 485.428553986, 2.14477211796
3.16458333832, 1.10560179648, 1.49096766771, 1.00000075904, 4.99361326707, 1.02630559869, 1.92336382836, 1.26000009269, 1.00000042485, 6.18086838635, 7.75995580733, 1.03174708924, 3.90128111141, 1.05569078156, 1.00067632397, 1.62612060476, 1.12525788271, 1.04435601273, 5.1951858795, 1.0000009825, 1.00000023381, 123.144741734, 1.07746462711, 3.1421144973, 0.975955544186, 3.99370302539, 0.870000078998, 174.006921263, 11.8979435345, 399.07862494, 1.60857908847
1.66834102245, 1.03735307669, 1.54830072963, 1.00000037044, 6.25493907539, 1.15146445815, 4.6964933223, 1.26000070307, 1.00000094372, 5.92041435712, 3.76292010833, 1.08729608137, 2.47893986752, 1.02668324258, 1.00164850926, 1.17390273083, 1.10926168579, 0.914621484212, 8.09485171696, 1.00000019411, 1.00000016939, 91.1708195763, 1.00999752447, 5.12538543526, 0.998024920699, 3.92247326622, 0.870000060186, 146.866153045, 13.3006006487, 308.139746705, 0.536193029491
5.62573171816, 1.17859906535, 1.37450372687, 1.00000098559, 6.79798452962, 1.05315636908, 5.02140781728, 1.26000066799, 1.00000051002, 5.35837289472, 6.5083493186, 1.04592605767, 2.07151305504, 1.01989936878, 1.07065246307, 1.13427813208, 1.0829322932, 1.07343392805, 9.51808125465, 1.00000056567, 1.00000010792, 112.2658918, 0.911777804367, 5.70530319591, 1.02175446214, 3.87176216924, 0.870000385723, 62.4437243153, 13.2632143281, 400.074989868, 0.536193029491
2.30841614389, 1.23306154405, 1.70875694263, 1.00000082712, 4.35567712934, 1.04829941657, 1.72831711639, 1.26000060949, 1.00000096679, 4.9615479347, 6.3174115952, 1.07973334868, 3.00891882307, 1.01542919248, 1.07962591783, 1.48208008913, 1.08036214589, 1.00090871734, 4.97906250126, 1.00000068065, 1.00000087607, 104.396857837, 1.04913545247, 4.35281885495, 0.972212560513, 3.48815654528, 0.870000598901, 599.342187046, 25.9153219618, 4334.18658223, 0.0
2.30841614389, 1.19534989394, 1.45318957233, 1.00000082712, 4.35567712934, 1.04829941657, 1.95832844433, 1.26000060949, 1.00000096679, 4.9615479347, 6.3174115952, 1.07973334868, 1.30680880748, 1.01542919248, 1.02549386996, 1.48208008913, 1.08036214589, 1.00090871734, 4.97906250126, 1.00000068065, 1.00000087607, 92.8844563301, 1.04913545247, 4.35281885495, 0.972212560513, 3.48815654528, 0.870000598901, 695.327187187, 35.5073805397, 676.42411969, 0.0
3.16458333832, 1.17502454769, 1.49096766771, 1.00000075904, 4.99361326707, 1.02630559869, 1.92336382836, 1.26000009269, 1.00000016121, 6.18086838635, 7.75995580733, 1.03174708924, 3.90128111141, 1.05569078156, 1.00067632397, 1.62612060476, 1.12525788271, 1.08182836935, 5.1951858795, 1.00000098704, 1.00000023381, 115.941414023, 1.07746462711, 3.1421144973, 0.975955544186, 3.37628230165, 0.870000078998, 694.09274749, 27.0828385907, 967.962723857, 0.268096514745
5.45472401061, 1.30358027884, 1.63286802356, 1.00000042291, 7.05241128118, 1.03468475038, 1.50836144714, 1.26000030625, 1.00000089209, 5.79906760553, 6.00269547927, 1.09879309448, 2.76357489004, 1.05680539064, 1.01932278114, 1.10345204392, 1.13034475578, 0.955018078672, 9.85471794545, 1.00000019845, 1.00000081818, 121.831778563, 0.936176922218, 4.97234011347, 0.986761243288, 4.08466766484, 0.870000452916, 249.360661284, 27.4612480269, 845.628809491, 0.0
4.38468702299, 1.34906551749, 1.43375086069, 1.00000020713, 5.84168913439, 1.18223997036, 2.39565998966, 1.26000090319, 1.00000011642, 5.61858183704, 6.08477931357, 1.02787798293, 2.15713416254, 1.10377020856, 1.06782130089, 1.31590113246, 1.06315460242, 1.03640384733, 8.52636946247, 1.00000085231, 1.00000023816, 106.288903443, 0.944574712571, 2.79009373595, 0.981607029945, 3.91273252116, 0.870000705199, 224.971823265, 26.2901955767, 1628.67005548, 0.0
5.90627452039, 1.17859906535, 1.37450372687, 1.00000098877, 6.79798452962, 1.05315636908, 5.02140781728, 1.26000066799, 1.00000051002, 5.70187619892, 6.5083493186, 1.04592605767, 2.07151305504, 1.01989936878, 1.05912605724, 1.09019661607, 1.0829322932, 1.0335617758, 9.82751370572, 1.00000081815, 1.00000062925, 118.805620087, 0.911777804367, 5.16105915325, 1.05767547689, 3.98945950871, 0.870000385723, 426.10406031, 32.2909160178, 761.784796453, 0.0
1.80547338023, 1.20031519272, 1.68212651616, 1.00000095894, 4.32071269494, 1.00620011024, 2.39337343647, 1.26000053351, 1.00000035529, 6.16565743573, 7.23722713332, 1.09818194587, 1.59363785913, 1.05353541241, 1.03433051488, 1.54691346226, 1.1683611713, 1.01012606751, 9.7071697006, 1.00000027831, 1.00000020182, 81.0648313469, 1.06733003241, 2.06320601696, 0.970051009905, 3.74121061604, 0.870000039647, 77.8071579839, 13.7171684189, 246.659569842, 1.34048257373
2.23299491746, 1.09311558813, 1.38712537419, 1.00000063476, 4.3294030653, 1.08267261825, 5.89425530922, 1.2600007741, 1.00000034369, 5.1539044919, 5.88734875375, 1.01297181998, 1.24998012357, 1.08534664847, 1.04887680083, 1.39416005748, 1.06445264522, 1.01602341971, 5.80085625782, 1.00000078866, 1.00000010761, 123.768578981, 1.06616376544, 4.60595092823, 1.06002735839, 3.4225277526, 0.870000028489, 214.840319088, 19.7347561798, 157.690220992, 1.60857908847
5.45472401061, 1.36649157614, 1.63286802356, 1.00000042291, 7.05241128118, 1.03468475038, 1.50836144714, 1.26000030625, 1.00000089209, 5.79906760553, 6.00269547927, 1.09879309448, 2.76357489004, 1.05680539064, 1.01932278114, 1.10345204392, 1.13034475578, 0.955018078672, 9.85471794545, 1.00000019845, 1.00000015959, 121.926500057, 0.936176922218, 4.97234011347, 0.986761243288, 3.84261775972, 0.870000844524, 95.6526398612, 20.7599338708, 173.923911454, 2.14477211796
4.33037043875, 1.18997981436, 1.5254634582, 1.00000055793, 4.29936913556, 1.08973881849, 3.23055764052, 1.26000072468, 1.00000091196, 5.14202107537, 4.04736546593, 1.01658242058, 2.17634973774, 1.11090739308, 1.07892996383, 1.03250455017, 1.02688049076, 0.978012725629, 8.47561620586, 1.00000063956, 1.00000041605, 76.9050346178, 1.0893763508, 2.48953973562, 1.05553320129, 4.09180800028, 0.870000245882, 99.1833329671, 12.8048948957, 597.234217577, 1.60857908847
3.22055153044, 1.16450952461, 1.53625099388, 1.00000037514, 6.2047092336, 1.02038384584, 2.37080967256, 1.26000016379, 1.00000006966, 5.52006339813, 5.30986740353, 1.08877850366, 1.26860852304, 1.03035285065, 1.02699760922, 1.55851233175, 1.10162662901, 0.977336761406, 3.21998637561, 1.00000095169, 1.0000001598, 96.7194943965, 1.07013144099, 3.42727555561, 0.993677952652, 3.71672550108, 0.870000814062, 144.694217821, 11.329533168, 1650.32575812, 5.63002680965
5.25879020962, 1.35499496854, 1.45340865555, 1.000000949, 6.91970132529, 1.0947738331, 5.57947586672, 1.26000081012, 1.00000099838, 5.66119331505, 5.10046292711, 1.07513743526, 3.72313886867, 1.09277296319, 1.01742087407, 1.13766432099, 1.03869702371, 0.962570242551, 8.5677058116, 1.00000052647, 1.00000025547, 99.0307631385, 0.967385132706, 1.2065367492, 0.969343592547, 3.93417326763, 0.870000508983, 155.799735727, 12.5395456766, 1175.30326316, 5.36193029491
1.39576795154, 1.33463438734, 1.66950400223, 1.0000001508, 6.06394545265, 1.00194626138, 2.56256769451, 1.26000030802, 1.00000072995, 5.14310211773, 3.37917212084, 1.04766999094, 1.60339012803, 1.10011018241, 1.00653951002, 1.25993633593, 1.09623276313, 1.06975924046, 9.42072632149, 1.00000089421, 1.00000043863, 120.753739925, 0.920339307594, 3.02031068778, 0.979796750032, 4.26565862194, 0.870000655362, 150.166204409, 12.377821104, 3408.08424431, 4.02144772118
2.28101579324, 1.40743768491, 1.62083879869, 1.00000040892, 5.66300051257, 1.15832910097, 2.04903540073, 1.26000043942, 1.00000039711, 5.6056554529, 7.53149880708, 1.04755324429, 1.0541937227, 1.07522761079, 1.02446428106, 1.35115579926, 1.1620028801, 0.957438407552, 7.56841915221, 1.00000082364, 1.00000041605, 76.8357270444, 1.07281273442, 3.66286782754, 0.957495071266, 3.96065713408, 0.870000040137, 150.785189839, 12.115802752, 1710.47123034, 4.82573726542
5.91811695077, 1.09264078615, 1.46991641709, 1.00000042976, 6.996795084, 1.06344884207, 2.37292077645, 1.26000075189, 1.00000058149, 5.11861336303, 3.75718009563, 1.02441315778, 1.34764070228, 1.08770221447, 1.05955365513, 1.04002451005, 1.06806597312, 0.931211499816, 9.80214382288, 1.00000050441, 1.00000036472, 89.4299166066, 0.97126122788, 5.52552323917, 0.95364150811, 3.85170605474, 0.870000819066, 431.993431437, 33.2730295851, 412.503373768, 1.07238605898
4.08078965409, 1.08415473717, 1.49791813596, 1.00000056734, 5.0602204494, 1.09793024608, 5.91091759602, 1.26000014698, 1.00000030597, 6.18057467157, 5.92605197361, 1.0081242711, 3.64594843839, 1.11962723807, 1.07315192775, 1.20261661231, 1.10822675593, 0.992942408322, 5.0848070515, 1.0000006878, 1.00000048128, 115.499038555, 1.05309744228, 4.15081200669, 1.04926913957, 4.03622554384, 0.870000225945, 126.899717056, 13.3279586896, 421.216872074, 2.14477211796
1.70185646079, 1.17252714003, 1.64839208101, 1.00000072704, 4.8227676553, 1.01054533229, 2.55141644414, 1.26000058658, 1.00000029531, 5.72316268803, 4.05934632517, 1.00331367176, 3.5042563993, 1.02808551342, 1.07151470282, 1.01317207018, 1.13689923014, 1.08341518102, 4.43200568752, 1.0000006158, 1.00000025225, 100.950376228, 0.942159937107, 5.05315276609, 1.05613205178, 3.95876498655, 0.870000756568, 129.746105346, 16.1588659725, 1871.45406617, 0.536193029491
2.22890353679, 1.10722748612, 1.70522335274, 1.00000007859, 6.89869713347, 1.17909943006, 3.39276870715, 1.26000003086, 1.00000018643, 6.02354059911, 5.73438760881, 1.05511377072, 1.05602940307, 1.07745575189, 1.02408570005, 1.59363451499, 1.14837659475, 0.972343694955, 6.39120511877, 1.00000012486, 1.00000097307, 124.563269037, 1.02980806945, 5.2410401089, 0.978019231326, 4.32351550775, 0.870000740281, 131.659799671, 13.2669205071, 476.08776546, 1.34048257373
3.60512422824, 1.13477784721, 1.41643155394, 1.00000012208, 5.84168913439, 1.1137811231, 5.53680053149, 1.2600005503, 1.00000099838, 5.43351955906, 3.39788624048, 1.09254087013, 1.23875704884, 1.02368800438, 1.00651371549, 1.51124454332, 1.03869702371, 1.04950584528, 3.49186116002, 1.00000076473, 1.0000002433, 117.49337574, 1.02860519417, 4.41191430816, 0.961293217329, 3.91273252116, 0.870000705199, 204.920161717, 24.3667796686, 540.623766299, 1.07238605898
3.71733358021, 1.14882343505, 1.41858501821, 1.00000023713, 4.56358239025, 1.16622999955, 5.9558581475, 1.26000053554, 1.00000023688, 5.87891126092, 5.84952025438, 1.04556197671, 3.94644446551, 1.03473955804, 1.00127722426, 1.41760683963, 1.14478691984, 0.996651175335, 5.53497957278, 1.00000014388, 1.00000042242, 100.586492066, 0.997850660679, 1.09348145321, 0.987466319971, 3.48879272642, 0.870000524025, 132.83513248, 21.8004163097, 828.210704699, 0.536193029491
3.0745973341, 1.42726071432, 1.62594031866, 1.00000034239, 5.82608199663, 1.01054533229, 3.63549030976, 1.26000009282, 1.00000082182, 5.13756959185, 4.99270896579, 1.00241547383, 3.90128111141, 1.08018734786, 1.07053933568, 1.08543325604, 1.01467641228, 1.03675123039, 8.99248587689, 1.00000046881, 1.00000053262, 93.2887634566, 1.00336307931, 4.17796302455, 1.02549249026, 3.62489053197, 0.870000100052, 435.507391295, 20.0461331305, 892.300082962, 0.536193029491
1.34405922297, 1.14482010452, 1.441632494, 1.00000062296, 5.7791723113, 1.00919727489, 1.96200647275, 1.26000050474, 1.00000038653, 5.99924174907, 6.7723691492, 1.07000994463, 1.31371646496, 1.11596145656, 1.01357693589, 1.60726423112, 1.07627234066, 0.938428789027, 5.44639406793, 1.00000009308, 1.00000049929, 114.525322566, 0.965365178941, 4.46312626426, 0.973191888903, 3.57881313385, 0.870000323655, 358.612779106, 17.221448797, 939.997641692, 1.07238605898
5.04673514239, 1.17248775237, 1.7035987883, 1.00000000666, 5.87239757061, 1.0673714679, 3.77383941709, 1.26000040087, 1.00000056745, 5.65647529484, 4.38064314611, 1.06771346565, 1.8861331522, 1.08603816474, 1.02339865566, 1.064975773, 1.14901109369, 1.03391729384, 3.19850818264, 1.0000003054, 1.00000043165, 120.578686574, 0.945123487614, 2.76662410193, 1.05767547689, 3.52317534925, 0.870000137209, 315.75286938, 28.2215303396, 1013.66103312, 0.0
2.12797243854, 1.14685202061, 1.5002969576, 1.00000059514, 4.32958217828, 1.0493324815, 5.82694780707, 1.26000034753, 1.00000052665, 4.97722283957, 5.38087214083, 1.06498541141, 3.53713718547, 1.11882972169, 1.07770095061, 1.37066388262, 1.05426406949, 1.1007419233, 5.70974301851, 1.00000002595, 1.00000012499, 119.523368528, 0.971696686776, 2.55383077987, 1.05880627174, 4.08733237483, 0.870000016824, 737.920694238, 28.0075851125, 4329.43007486, 0.0
1.39576795154, 1.33463438734, 1.66950400223, 1.0000001508, 5.25931019005, 1.00194626138, 4.24694383759, 1.26000030802, 1.00000072995, 6.01820408696, 3.37917212084, 1.04766999094, 2.09199702376, 1.09392895315, 1.00653951002, 1.25993633593, 1.09623276313, 0.920353355216, 6.8325727105, 1.0000003941, 1.00000086049, 76.4075871953, 0.920339307594, 3.02031068778, 0.979796750032, 4.31055164189, 0.870000655362, 1784.65198221, 36.6319479207, 885.126005325, 0.268096514745
3.60512422824, 1.33463438734, 1.66950400223, 1.0000001508, 5.1322779571, 1.00194626138, 2.56256769451, 1.26000030802, 1.00000072995, 5.9301424851, 3.37917212084, 1.04766999094, 2.03861928504, 1.10011018241, 1.00653951002, 1.25993633593, 1.09623276313, 0.919653603466, 6.8325727105, 1.00000099464, 1.00000043863, 76.4075871953, 0.920339307594, 3.02031068778, 1.0008630951, 4.2473650129, 0.870000705199, 205.503934263, 24.7726671115, 281.343869873, 2.68096514745
4.06522604661, 1.21175092309, 1.35161738989, 1.00000035222, 6.31399139489, 1.17583247772, 4.24694383759, 1.26000020303, 1.00000075394, 6.18658071035, 4.51691135191, 1.09528857173, 3.18642439136, 1.06637785046, 1.08101263698, 1.39627533583, 1.07095804318, 1.09062240108, 3.1946918518, 1.00000098341, 1.0000002151, 115.507504089, 1.00352272882, 2.29528800368, 1.01181050856, 3.87315524556, 0.870000368347, 186.030496857, 13.1606535619, 1068.29028334, 5.63002680965
1.34405922297, 1.17084027995, 1.441632494, 1.00000046561, 5.7791723113, 1.00919727489, 1.96200647275, 1.26000050474, 1.00000038653, 5.99924174907, 6.7723691492, 1.07000994463, 1.31371646496, 1.11596145656, 1.01357693589, 1.60726423112, 1.07627234066, 0.944911411053, 6.90509664164, 1.00000009308, 1.00000049929, 114.525322566, 0.965365178941, 4.46312626426, 0.979960669038, 3.57881313385, 0.870000323655, 105.940908516, 16.0587999182, 1317.11558791, 1.60857908847
1.25166035059, 1.05569672063, 1.6025220553, 1.0000001146, 5.84033201929, 1.11941232777, 1.74619931568, 1.26000035918, 1.00000024973, 5.683059741, 7.15776572583, 1.03181854569, 1.18598248278, 1.08845302767, 1.05217868094, 1.36018991731, 1.0652759523, 1.04642208251, 3.91406311824, 1.00000024343, 1.00000096879, 88.7628793178, 0.924403696895, 2.67619119177, 1.06276232465, 3.9059085051, 0.870000910334, 202.051927828, 12.8704819555, 1627.49855189, 6.16621983914
2.75109141502, 1.02303447587, 1.53313147012, 1.00000095315, 5.24622471381, 1.01517623645, 3.97442665408, 1.26000006196, 1.00000053954, 5.11814051404, 6.78522807677, 1.07907980585, 1.60764773876, 1.02339631963, 1.07836710602, 1.43252634658, 1.14854726242, 1.08554647647, 8.0469323687, 1.00000081768, 1.00000038479, 99.6114171706, 0.986473025237, 1.36334221571, 1.03379114689, 4.21358259225, 0.870000772685, 1400.16162136, 44.9952372968, 420.350685372, 1.87667560322
2.47747177121, 1.341114268, 1.70896960734, 1.00000076207, 5.04418844642, 1.06212374315, 1.71821050389, 1.26000003591, 1.00000075962, 5.9301424851, 6.32578695299, 1.04503358409, 1.77323617043, 1.01767974237, 1.03467613411, 1.61929030941, 1.15182367426, 1.10331583903, 3.49208286428, 1.00000016562, 1.00000065213, 75.4010614512, 1.04941944132, 3.53607197509, 1.04445147017, 4.37401470791, 0.870000017924, 282.691632125, 14.4949378688, 1133.74443287, 4.28954423592
3.60512422824, 1.33463438734, 1.66950400223, 1.0000001508, 5.25931019005, 1.00194626138, 2.56256769451, 1.26000030802, 1.00000072995, 6.01820408696, 3.37917212084, 1.04766999094, 2.03861928504, 1.10011018241, 1.00653951002, 1.25993633593, 1.09623276313, 0.919653603466, 6.8325727105, 1.00000099464, 1.00000043863, 76.4075871953, 0.920339307594, 3.02031068778, 0.979796750032, 4.2473650129, 0.870000705199, 133.844683724, 13.3352785796, 1577.29435012, 2.9490616622
4.9303496999, 1.22259065051, 1.66205683495, 1.00000072429, 5.39851206585, 1.13890191112, 3.66852487712, 1.26000075469, 1.00000085241, 6.12934423656, 4.7890908014, 1.04297751142, 1.37246546389, 1.02263054479, 1.06185542161, 1.59055432451, 1.08868095047, 1.06570938438, 5.65814153639, 1.00000026129, 1.00000013918, 107.384305696, 0.928264684041, 5.4872908125, 0.95305873657, 4.2206236951, 0.870000809994, 184.346474777, 14.979636807, 1552.84510786, 4.28954423592
5.90627452039, 1.17859906535, 1.37450372687, 1.00000098877, 6.79798452962, 1.05315636908, 5.02140781728, 1.26000066799, 1.00000051002, 5.70187619892, 6.5083493186, 1.04592605767, 2.07151305504, 1.01989936878, 1.05912605724, 1.09019661607, 1.0829322932, 1.00333191518, 9.82751370572, 1.00000081815, 1.00000010792, 118.805620087, 0.911777804367, 5.16105915325, 1.05767547689, 3.87176216924, 0.870000385723, 150.258585887, 17.0700385709, 720.071625825, 1.87667560322
5.809050307, 1.29750451121, 1.48766076361, 1.0000006077, 6.69425319939, 1.09500454404, 3.20463066778, 1.26000070735, 1.00000071237, 5.979832877, 7.39085842506, 1.03804819001, 1.89094174158, 1.03774710914, 1.01082674878, 1.52024518884, 1.09351581044, 1.00521794451, 4.49071122193, 1.00000027156, 1.00000054298, 85.6252552502, 1.04851943899, 3.45114283325, 0.979362951673, 4.13708544304, 0.87000001546, 205.609941373, 15.7464603567, 650.85710685, 1.34048257373
5.45472401061, 1.30358027884, 1.63286802356, 1.00000042291, 7.05241128118, 1.03468475038, 2.23573934248, 1.26000030625, 1.00000089209, 5.79906760553, 6.00269547927, 1.09879309448, 2.76357489004, 1.05680539064, 1.01932278114, 1.10345204392, 1.13034475578, 0.955018078672, 9.85471794545, 1.00000019845, 1.00000081818, 121.831778563, 0.936176922218, 4.97234011347, 0.986761243288, 4.08466766484, 0.870000452916, 325.569480246, 15.0316995813, 1523.33172892, 1.34048257373
4.34775318493, 1.05634844781, 1.44257132856, 1.00000016077, 6.50084466957, 1.09450938851, 4.20261828171, 1.26000059829, 1.00000086404, 5.16271145132, 5.49055029498, 1.0650516894, 2.84750531931, 1.0089833472, 1.07044497718, 1.3496989895, 1.10151097288, 1.00041641773, 6.42113333659, 1.00000079993, 1.00000099702, 102.046557982, 0.960715346425, 5.97888507396, 1.06878446941, 3.39893296292, 0.870000132376, 212.388536992, 26.6821242549, 2064.06753957, 1.07238605898
4.33037043875, 1.18997981436, 1.5254634582, 1.00000055793, 4.29936913556, 1.08973881849, 3.23055764052, 1.26000072468, 1.00000091196, 5.14202107537, 4.04736546593, 1.01658242058, 2.17634973774, 1.11090739308, 1.07892996383, 1.03250455017, 1.07468708461, 1.06992523336, 7.76078194336, 1.00000063956, 1.00000041605, 81.6157759959, 1.0893763508, 2.48953973562, 1.05553320129, 4.09180800028, 0.870000245882, 418.214436812, 23.1570989955, 1808.60055666, 0.804289544236
4.00505875153, 1.17451693333, 1.55088192025, 1.00000095488, 4.65475701461, 1.18012363818, 4.51756412139, 1.2600007437, 1.00000056594, 5.53199815486, 3.38385988266, 1.01383158993, 3.38993461264, 1.04907574326, 1.06143461805, 1.31160892668, 1.11049121363, 1.00730071908, 3.72510681568, 1.00000035803, 1.00000045541, 91.4872635105, 0.983698191589, 4.91538321127, 0.958127753521, 3.40069717355, 0.870000171357, 258.471232132, 27.3216300748, 1962.32295391, 0.536193029491
3.71733358021, 1.14882343505, 1.41858501821, 1.00000023713, 4.56358239025, 1.16622999955, 5.9558581475, 1.260000315, 1.00000023688, 5.20906996439, 5.84952025438, 1.00505414487, 3.04402727555, 1.03473955804, 1.00127722426, 1.41760683963, 1.14478691984, 0.996651175335, 5.53497957278, 1.00000014388, 1.00000042242, 100.586492066, 0.997850660679, 1.09348145321, 0.974449473465, 3.48879272642, 0.870000524025, 412.851162846, 23.7025070938, 3798.90255076, 0.804289544236
4.38468702299, 1.05634844781, 1.43375086069, 1.00000032181, 5.84168913439, 1.18223997036, 2.39565998966, 1.26000090319, 1.00000011642, 5.61858183704, 6.08477931357, 1.02787798293, 2.15713416254, 1.10377020856, 1.06782130089, 1.31590113246, 1.06315460242, 1.03640384733, 8.52636946247, 1.00000085231, 1.00000013688, 106.288903443, 0.944574712571, 2.79009373595, 1.04181723861, 4.04646093669, 0.870000847278, 233.364401088, 28.5696280917, 920.887247454, 0.804289544236
5.62573171816, 1.17859906535, 1.37450372687, 1.00000098559, 6.79798452962, 1.05315636908, 5.02140781728, 1.26000066799, 1.00000051002, 5.70187619892, 6.5083493186, 1.04592605767, 2.07151305504, 1.01989936878, 1.07065246307, 1.13427813208, 1.0829322932, 1.00333191518, 9.82751370572, 1.00000056567, 1.00000010792, 112.2658918, 0.911777804367, 5.16105915325, 1.02175446214, 3.87176216924, 0.870000385723, 716.467272655, 21.8056439295, 7026.46965653, 0.536193029491
2.00166920941, 1.02019059608, 1.46614795295, 1.00000021387, 5.82544817063, 1.04217046121, 1.27307421336, 1.26000066, 1.00000038608, 5.55728293605, 5.55156214605, 1.00596549432, 1.90602390129, 1.06951414463, 1.03515992126, 1.340985935, 1.15601379834, 1.04447910192, 8.51469619503, 1.00000037433, 1.00000091275, 93.3199238904, 1.02247576063, 2.62039985762, 1.00615016479, 3.54909342411, 0.870000855781, 634.553476062, 26.4420021168, 2780.40212096, 0.536193029491
4.27599456037, 1.12690155906, 1.47493680426, 1.00000099422, 4.27553833592, 1.1821981012, 4.18902893921, 1.26000084114, 1.00000041594, 4.97574522851, 4.0271425582, 1.0380651016, 1.39274852235, 1.02808551342, 1.05125344768, 1.03434441176, 1.16301034845, 0.976281732597, 6.40013125164, 1.00000093759, 1.00000080127, 106.596221536, 1.0451953094, 3.75916130353, 1.06975997416, 3.81109055455, 0.870000579293, 621.152022393, 20.8138372436, 1512.26969841, 0.804289544236
4.38468702299, 1.34906551749, 1.43375086069, 1.00000032181, 5.84168913439, 1.17211422527, 1.92917110104, 1.26000090319, 1.00000011642, 5.61858183704, 6.08477931357, 1.02787798293, 1.53669533508, 1.10377020856, 1.06782130089, 1.31590113246, 1.06315460242, 1.03640384733, 8.52636946247, 1.00000085231, 1.00000023816, 106.288903443, 0.944574712571, 2.79009373595, 0.981607029945, 3.64285481939, 0.870000876847, 1015.19541672, 23.9386010242, 1727.08642639, 0.536193029491
5.72882221389, 1.20874715409, 1.68170319596, 1.00000021725, 5.86164523259, 1.15000095639, 2.97128391714, 1.26000067304, 1.00000099558, 6.1551564388, 6.76447693922, 1.05256750851, 1.37246546389, 1.05072735599, 1.05505900566, 1.26576571891, 1.08306211682, 1.02780351212, 3.92974617746, 1.00000004288, 1.00000013648, 115.979924029, 0.968032404391, 3.99849903363, 0.951385733866, 4.27393715388, 0.870000393861, 702.180751024, 28.7287179208, 908.717411954, 0.536193029491
2.40617623819, 1.1676583718, 1.61444039548, 1.00000048789, 5.76361914181, 1.18811611434, 5.93356279704, 1.26000048113, 1.00000037484, 5.54136380941, 6.81532014407, 1.06679224163, 3.00891882307, 1.06661056939, 1.08180988152, 1.43252634658, 1.06343473146, 0.950528552646, 8.628242991, 1.00000070586, 1.00000089248, 112.211760757, 0.949608110048, 1.84613434412, 1.02919401342, 3.65751779835, 0.870000029811, 711.771930165, 27.8823900217, 1728.56239068, 0.536193029491
4.27599456037, 1.12690155906, 1.47493680426, 1.00000099422, 4.33521058619, 1.1821981012, 4.18902893921, 1.26000084114, 1.00000050092, 5.04549579505, 3.20399657662, 1.00331367176, 1.70092820685, 1.02808551342, 1.05125344768, 1.20124371972, 1.16301034845, 1.02946908673, 4.26870906462, 1.00000093759, 1.00000080127, 108.637753063, 1.0451953094, 1.30680230767, 1.06006463396, 3.81109055455, 0.870000928584, 415.861892674, 23.3351401776, 2769.37927291, 1.07238605898
3.16458333832, 1.0960434396, 1.49096766771, 1.00000075904, 4.99361326707, 1.02630559869, 1.92336382836, 1.26000006059, 1.0000001942, 6.18086838635, 7.75995580733, 1.03174708924, 3.31199298868, 1.00523369479, 1.00067632397, 1.62612060476, 1.12525788271, 1.04435601273, 3.84801039261, 1.0000009825, 1.0000007728, 121.115242978, 1.08638791953, 3.1421144973, 0.975955544186, 4.16369314298, 0.870000078998, 612.571089117, 22.0625183679, 1111.35107095, 1.07238605898
2.40617623819, 1.1676583718, 1.61444039548, 1.00000048789, 4.53800703403, 1.18811611434, 5.93356279704, 1.26000048113, 1.00000037484, 5.54136380941, 6.81532014407, 1.06679224163, 3.00891882307, 1.06661056939, 1.08180988152, 1.43252634658, 1.06343473146, 0.984120672542, 8.628242991, 1.00000070586, 1.00000089248, 112.211760757, 0.949608110048, 3.84693253653, 1.02919401342, 3.65751779835, 0.870000029811, 965.34254752, 42.3172566975, 1131.33693099, 0.0
3.94473880767, 1.26998506234, 1.47354524822, 1.00000030048, 4.2545387136, 1.13921256431, 3.17160674839, 1.26000044732, 1.00000026827, 6.07089307466, 3.31666341153, 1.01448798611, 1.47328880931, 1.09675204005, 1.05951034726, 1.45878215694, 1.10823417867, 0.925501428111, 5.59145574411, 1.00000027073, 1.00000046464, 101.826226712, 1.07469905057, 1.91968201577, 1.04205492562, 4.31925061233, 0.870000688945, 265.260992474, 27.1028015371, 363.67243129, 3.21715817694
4.38468702299, 1.34906551749, 1.43375086069, 1.00000032181, 5.84168913439, 1.17211422527, 1.92917110104, 1.26000090319, 1.00000011642, 5.61858183704, 5.73361884441, 1.02787798293, 1.53669533508, 1.10377020856, 1.06782130089, 1.31590113246, 1.06315460242, 1.03640384733, 8.52636946247, 1.00000085231, 1.00000023816, 106.288903443, 0.944574712571, 2.79009373595, 0.981607029945, 3.64285481939, 0.870000876847, 199.035402762, 13.1680370239, 2195.45017974, 6.97050938338
4.17373635756, 1.20031519272, 1.68212651616, 1.00000073989, 4.32071269494, 1.13020746274, 2.39337343647, 1.26000053351, 1.00000003774, 6.00212455622, 7.56318888595, 1.0422447916, 1.59363785913, 1.05353541241, 1.03433051488, 1.54691346226, 1.1683611713, 1.01012606751, 9.7071697006, 1.00000076046, 1.00000020182, 81.0648313469, 1.00992544753, 2.06320601696, 0.970051009905, 3.5590635491, 0.870000039647, 188.938592439, 24.6489309811, 1314.28803258, 2.14477211796
5.4949210137, 1.0259407166, 1.59646502049, 1.00000078354, 5.6305425083, 1.04368029439, 3.60334601896, 1.26000065006, 1.00000031635, 5.24154582644, 7.53149880708, 1.07940431363, 3.55652812054, 1.08955642681, 1.05352332519, 1.27415756528, 1.0982904523, 1.03039913846, 7.56841915221, 1.00000098341, 1.00000078062, 99.0447747948, 1.07735789995, 2.76870594556, 1.03779203094, 4.15094498947, 0.870000543759, 378.293624241, 21.4770096557, 5070.4076731, 1.34048257373
2.30841614389, 1.19534989394, 1.45318957233, 1.00000075904, 4.35567712934, 1.04829941657, 1.95832844433, 1.26000009269, 1.00000096679, 4.9615479347, 6.3174115952, 1.07973334868, 1.30680880748, 1.01542919248, 1.02549386996, 1.48208008913, 1.08036214589, 1.00090871734, 4.97906250126, 1.00000068065, 1.00000087607, 92.8844563301, 1.04913545247, 4.35281885495, 0.972212560513, 3.48815654528, 0.870000598901, 1614.47707488, 28.1128446715, 1751.32736198, 0.804289544236
1.21234497609, 1.18107354655, 1.73333299874, 1.00000035773, 5.50003498563, 1.00059449413, 1.04869823551, 1.2600006907, 1.00000011221, 5.32428805724, 6.88310999262, 1.06036165155, 3.67724608059, 1.07261954952, 1.00602378883, 1.61464927255, 1.15588541751, 1.10172035489, 8.76043919397, 1.00000081986, 1.00000088723, 80.2054145845, 1.03566677036, 4.0786290767, 1.06140206453, 3.80783006775, 0.870000401591, 1240.97938654, 26.3857576939, 4369.89414563, 0.536193029491
3.52189841263, 1.02897799276, 1.72706639723, 1.00000001555, 4.38306127802, 1.13464921102, 5.47383899923, 1.26000029115, 1.00000091092, 5.14310211773, 3.96677056828, 1.09901977373, 1.60339012803, 1.07647344395, 1.08482708093, 1.41138907919, 1.11763552351, 0.928343859341, 5.35218068686, 1.00000000785, 1.00000065327, 85.8648557424, 0.984836211055, 1.48165881493, 1.00673767597, 3.86228310286, 0.870000023736, 1564.7738298, 34.2134307372, 1316.40077824, 0.0
2.75109141502, 1.02303447587, 1.43851971753, 1.00000079544, 5.24622471381, 1.02400400754, 3.97442665408, 1.2600006907, 1.00000061617, 5.36148472802, 6.78522807677, 1.07907980585, 1.60764773876, 1.02339631963, 1.07836710602, 1.57526333439, 1.14854726242, 1.08554647647, 5.75817154742, 1.00000081768, 1.00000038479, 99.6114171706, 0.991951359836, 1.42211272953, 1.05525815002, 4.21358259225, 0.870000750152, 284.791025846, 14.7136136087, 2533.81663517, 6.16621983914
4.06522604661, 1.21175092309, 1.35161738989, 1.00000043079, 6.31399139489, 1.17583247772, 4.24694383759, 1.26000020303, 1.00000075394, 6.18658071035, 4.51691135191, 1.09528857173, 3.18642439136, 1.06637785046, 1.08101263698, 1.39627533583, 1.07095804318, 1.09062240108, 3.1946918518, 1.00000098341, 1.0000002151, 115.507504089, 1.00352272882, 2.29528800368, 1.01181050856, 3.87315524556, 0.870000368347, 224.965667484, 13.4631246639, 3558.95865938, 4.02144772118
5.45472401061, 1.14578616029, 1.63286802356, 1.00000042291, 6.90772856813, 1.18223997036, 1.50836144714, 1.26000030625, 1.00000089209, 5.79906760553, 6.00269547927, 1.09879309448, 2.76357489004, 1.10983430585, 1.01932278114, 1.10345204392, 1.13034475578, 0.955018078672, 9.85471794545, 1.00000019845, 1.00000058323, 121.831778563, 0.927330121452, 4.97234011347, 0.986761243288, 3.95304166363, 0.870000452916, 359.099960513, 15.763122895, 1356.2411865, 4.82573726542
3.44590095132, 1.42726071432, 1.62594031866, 1.00000034239, 5.82608199663, 1.01054533229, 3.63549030976, 1.26000010115, 1.00000082182, 5.51495327769, 4.99270896579, 1.00241547383, 3.90128111141, 1.08018734786, 1.07053933568, 1.01004012562, 1.01467641228, 1.03675123039, 8.99248587689, 1.00000046881, 1.00000053262, 93.2887634566, 0.945123487614, 4.17796302455, 1.02549249026, 3.62489053197, 0.870000100052, 649.545823308, 18.3312205963, 5027.63595569, 1.60857908847
3.16458333832, 1.10560179648, 1.49096766771, 1.00000075904, 4.99361326707, 1.02630559869, 1.92336382836, 1.26000009269, 1.00000016121, 6.18086838635, 7.75995580733, 1.03174708924, 3.90128111141, 1.05569078156, 1.00067632397, 1.62612060476, 1.12525788271, 1.04435601273, 5.1951858795, 1.0000009825, 1.00000023381, 115.941414023, 1.07746462711, 3.1421144973, 0.975955544186, 3.99370302539, 0.870000078998, 760.986908568, 38.450237297, 1481.78806706, 0.536193029491
3.70828088875, 1.102507043, 1.68635418104, 1.00000001426, 6.50244708001, 1.10315517086, 1.3553907799, 1.26000026973, 1.00000035935, 5.97222170774, 3.18079273083, 1.08099070387, 2.53077213688, 1.06156912013, 1.01630631133, 1.01122917167, 1.11380615625, 1.06644809935, 9.96785701861, 1.00000060829, 1.00000097717, 90.056870765, 1.01943178816, 2.56082900552, 1.04348129184, 3.93620724446, 0.870000207288, 981.200134832, 38.3996217571, 1408.05721909, 0.0
2.12797243854, 1.25941834437, 1.5002969576, 1.00000059514, 5.6217455873, 1.0493324815, 5.82694780707, 1.26000048487, 1.00000052665, 4.97722283957, 5.38087214083, 1.03406766144, 3.53713718547, 1.11882972169, 1.07770095061, 1.37066388262, 1.05426406949, 1.04599680459, 5.70974301851, 1.00000016568, 1.00000012499, 119.523368528, 0.971696686776, 2.55383077987, 1.05880627174, 4.08733237483, 0.870000007704, 256.716221037, 15.993514189, 742.346315362, 1.87667560322
2.12797243854, 1.14685202061, 1.5002969576, 1.00000059514, 4.32958217828, 1.0493324815, 5.82694780707, 1.26000051004, 1.00000052665, 4.97722283957, 5.38087214083, 1.03406766144, 3.53713718547, 1.11882972169, 1.07770095061, 1.37066388262, 1.05426406949, 1.10541124226, 5.70974301851, 1.00000002595, 1.00000012499, 119.523368528, 0.971696686776, 2.55383077987, 1.05880627174, 4.08733237483, 0.870000016824, 421.005238611, 32.1003254178, 1947.5562785, 0.0
4.02814457356, 1.17451693333, 1.55088192025, 1.00000099642, 4.65475701461, 1.18012363818, 4.51756412139, 1.2600007437, 1.00000056594, 5.53199815486, 3.38385988266, 1.01383158993, 3.38993461264, 1.09281672271, 1.06143461805, 1.31160892668, 1.10540049961, 1.00730071908, 3.72510681568, 1.00000035803, 1.00000045541, 91.4872635105, 0.983698191589, 4.91538321127, 0.958127753521, 3.40069717355, 0.870000171357, 295.350647435, 21.1699282149, 4258.23177103, 1.60857908847
4.52216401958, 1.21175092309, 1.35161738989, 1.00000043079, 6.31399139489, 1.17583247772, 4.24694383759, 1.26000053351, 1.00000075394, 6.18658071035, 4.51691135191, 1.09528857173, 3.18642439136, 1.06637785046, 1.05629393208, 1.22590867317, 1.07095804318, 1.09062240108, 4.89456983436, 1.00000098341, 1.00000001459, 115.507504089, 1.00352272882, 2.29528800368, 1.01181050856, 3.87315524556, 0.870000173316, 1175.87922438, 31.9261282256, 1500.58901382, 0.0
2.28101579324, 1.40743768491, 1.62083879869, 1.00000040892, 5.66300051257, 1.15832910097, 2.04903540073, 1.26000043942, 1.00000039711, 5.62331932613, 3.64781616406, 1.04755324429, 1.0541937227, 1.07522761079, 1.02446428106, 1.35115579926, 1.1620028801, 0.969310119263, 4.35700637127, 1.00000082364, 1.00000041605, 76.8357270444, 1.07281273442, 3.66286782754, 0.979179269811, 3.96065713408, 0.870000040137, 629.772197637, 21.5589406942, 3296.27225593, 1.07238605898
5.25879020962, 1.35499496854, 1.45340865555, 1.000000949, 6.91970132529, 1.0947738331, 5.57947586672, 1.26000081012, 1.00000044242, 5.66119331505, 6.54587871124, 1.07513743526, 3.72313886867, 1.00601623542, 1.01742087407, 1.13766432099, 1.14088799074, 0.962570242551, 8.5677058116, 1.00000052647, 1.00000025547, 99.0307631385, 0.967385132706, 1.2065367492, 0.969343592547, 3.93417326763, 0.870000508983, 790.091272409, 29.042443228, 1879.69589696, 0.0
5.21274902837, 1.09264078615, 1.46991641709, 1.00000042976, 6.996795084, 1.06344884207, 2.96637661199, 1.26000084507, 1.00000058149, 5.11861336303, 7.04899256688, 1.02441315778, 1.8536838109, 1.08770221447, 1.05955365513, 1.04002451005, 1.06806597312, 0.9175050528, 9.80214382288, 1.00000050441, 1.00000036472, 101.28714426, 1.03494160927, 5.87737055853, 0.95364150811, 3.85170605474, 0.870000819066, 204.062396722, 27.4271121847, 1150.55815488, 2.68096514745
5.91811695077, 1.08796143674, 1.46991641709, 1.00000042976, 6.996795084, 1.06344884207, 2.37292077645, 1.26000075189, 1.00000058149, 5.11861336303, 3.42868797395, 1.02441315778, 1.34764070228, 1.08770221447, 1.05955365513, 1.04002451005, 1.06806597312, 0.931211499816, 9.98870471736, 1.00000050441, 1.00000036472, 89.4299166066, 0.97126122788, 5.52552323917, 0.95364150811, 3.85170605474, 0.870000330509, 346.112806126, 22.5942803533, 1863.23242078, 1.34048257373
4.38468702299, 1.34906551749, 1.43375086069, 1.00000032181, 5.84168913439, 1.18223997036, 2.39565998966, 1.26000090319, 1.00000011642, 5.61858183704, 6.08477931357, 1.02787798293, 2.15713416254, 1.10377020856, 1.06782130089, 1.31590113246, 1.06315460242, 1.03640384733, 8.52636946247, 1.00000085231, 1.00000013688, 106.288903443, 0.944574712571, 2.79009373595, 0.981607029945, 4.04646093669, 0.870000847278, 507.533813043, 25.6638420519, 2873.50115239, 1.07238605898
1.70185646079, 1.38142636656, 1.64839208101, 1.00000072704, 4.8227676553, 1.06323714614, 2.55141644414, 1.26000058658, 1.00000027345, 5.72316268803, 4.05934632517, 1.00625161733, 3.5042563993, 1.10125952821, 1.07151470282, 1.01317207018, 1.13689923014, 1.08341518102, 4.43200568752, 1.0000006158, 1.00000025225, 100.950376228, 0.942159937107, 5.05315276609, 1.05613205178, 3.95876498655, 0.870000756568, 536.732126992, 25.7380509425, 3055.94867473, 0.804289544236
5.4949210137, 1.0259407166, 1.59646502049, 1.00000078354, 5.6305425083, 1.04368029439, 4.41281854189, 1.26000065006, 1.00000031635, 5.24154582644, 7.28747277066, 1.07940431363, 3.55652812054, 1.08955642681, 1.05352332519, 1.27415756528, 1.0982904523, 1.03039913846, 7.56841915221, 1.00000037234, 1.00000078062, 99.0447747948, 1.07735789995, 2.76870594556, 1.03779203094, 4.15094498947, 0.870000543759, 220.935093967, 15.9107493811, 1165.37524396, 3.48525469169
2.75292561964, 1.14685202061, 1.5002969576, 1.00000049704, 4.32958217828, 1.00085729941, 5.82694780707, 1.26000051004, 1.00000092159, 4.97722283957, 7.44483810629, 1.03406766144, 3.67998298838, 1.07149560746, 1.07770095061, 1.37066388262, 1.05426406949, 1.10541124226, 5.70974301851, 1.00000001409, 1.00000012499, 113.225403329, 0.971696686776, 2.55383077987, 1.05880627174, 4.08733237483, 0.870000016824, 305.234252523, 14.7345106688, 1729.39645471, 4.02144772118
2.23299491746, 1.09311558813, 1.38712537419, 1.00000063476, 4.3294030653, 1.08267261825, 5.84400406223, 1.2600007741, 1.00000045572, 5.1539044919, 5.88734875375, 1.01486666836, 1.24998012357, 1.07971701312, 1.04887680083, 1.39416005748, 1.00467688345, 1.01602341971, 6.14426879558, 1.00000069185, 1.00000010761, 123.768578981, 1.06616376544, 4.60595092823, 1.06002735839, 3.4225277526, 0.870000028489, 413.589652792, 18.6080104572, 1288.14253301, 1.60857908847
3.53667561379, 1.32671144901, 1.49092532836, 1.0000005779, 4.49587894134, 1.0550314067, 3.51919737888, 1.26000065253, 1.00000011868, 6.16789395234, 6.51169329953, 1.05604475374, 1.84425250044, 1.07106885212, 1.08853091411, 1.378592774, 1.10089388208, 0.988432441647, 8.64332706102, 1.00000041674, 1.00000033906, 98.709714448, 1.0182923552, 3.02220091033, 0.998787225, 4.05634071507, 0.870000866568, 246.465546574, 26.9371805512, 1003.22549833, 1.60857908847
2.00471821707, 1.36863043761, 1.38308222357, 1.00000049604, 5.6217455873, 1.05606724489, 3.71158879466, 1.26000085229, 1.0000000986, 6.19339090239, 6.0884791108, 1.06498541141, 2.54358475359, 1.05510166527, 1.06568598203, 1.04756172729, 1.080572183, 0.954020822565, 7.92370507438, 1.00000027527, 1.00000022069, 95.095836673, 1.01456635477, 5.45837934365, 0.991011052385, 3.61647786496, 0.87000094993, 381.278468911, 31.215513151, 1062.04073775, 0.804289544236
3.35300723926, 1.05420301375, 1.70730423364, 1.00000054359, 4.30310108196, 1.18594088679, 2.43433844074, 1.26000062367, 1.00000091085, 5.9116200805, 5.67516516516, 1.07047213251, 2.97443229277, 1.11253574512, 1.03655370607, 1.29667104258, 1.03237075463, 1.09988752239, 6.85988428975, 1.00000088898, 1.00000026765, 75.7600310796, 0.914653150047, 4.86167706778, 1.0550967512, 3.71704144893, 0.87000037732, 271.812506121, 29.5871632389, 2656.24536733, 0.536193029491
