3.93394412755, 1.42222984354, 0.909036631854, 1.17397004161, 4.23261044887, 0.817172130302, 5.81182224121, 0.890163815664, 0.939817533475, 1.42095289717, 5.71053757162, 0.960975353579, 3.98953326447, 0.833683752856, 1.09000087969, 1.00154037577, 1.01051996193, 1.15458903404, 3.81653334247, 0.912792996084, 0.831627088527, 390.557265658, 0.916537592566, 5.69575832544, 0.953148318283, 1.19541682603, 1.13938395251, 9.27462867909, 7.55679046799, 51.9628305893, 2.68096514745
5.33403436567, 1.41133080977, 0.771888519115, 1.12799140282, 4.724781055, 0.872083638831, 4.40356002962, 0.825188259448, 0.96820276822, 3.1988982867, 2.4784651439, 0.864416021357, 3.85533674973, 0.835908802099, 1.09000062863, 1.01200011937, 1.01522814442, 1.06981621087, 7.90202248148, 1.13908866128, 0.848537913528, 167.028071085, 0.955617178987, 4.56952668844, 0.989605555005, 1.63209793408, 0.996952229877, 20.4352664032, 12.7252371774, 25.4178432403, 0.0
1.38329201772, 1.11948946269, 1.06299839829, 1.02002266439, 2.94033082714, 0.897798060557, 1.23467224525, 0.953284213322, 0.978430663478, 4.85001160642, 7.04409264548, 0.839923141249, 3.49719633003, 1.03699925106, 1.09000027717, 1.09386508555, 1.03669389731, 1.08158598605, 4.21571101547, 1.15466229342, 0.819048949919, 379.208357421, 1.15300750907, 1.81933165998, 1.05296665676, 2.2013955486, 0.961125833147, 15.3087462114, 8.89618668978, 96.2814299358, 0.536193029491
2.9020511305, 1.41086927884, 0.97948997306, 0.977700978003, 1.50436670632, 0.91363204082, 3.98070774623, 0.934548627388, 0.910327490391, 3.99802869553, 5.29147912361, 0.926215164308, 2.85088221899, 0.98941739528, 1.09000011504, 1.08989377923, 1.0107873985, 0.916985802174, 7.61656811599, 0.966255748955, 0.976596164795, 236.327142443, 1.0980566226, 2.14134498058, 1.03027392339, 5.40556508711, 1.15000673563, 13.3691133276, 6.83678582828, 80.514750234, 2.14477211796
1.36081747004, 1.36282856095, 0.772899687507, 1.12367609396, 2.44766871112, 0.893823832347, 1.64234278071, 1.04115874964, 0.943538720475, 4.92270799623, 2.88547545498, 0.871720770807, 2.16373694984, 1.28567070452, 1.09000019963, 1.1020518026, 1.04454780148, 1.20933488212, 7.59016898572, 1.13908866128, 0.906116270204, 185.764506909, 1.09645982453, 3.11730043571, 1.00288555412, 4.83768172478, 1.24526909545, 43.9679176774, 9.69420064573, 88.5228226469, 2.14477211796
3.01338396025, 1.0154626391, 1.01612494913, 0.98310352914, 2.5959418494, 0.969117401075, 1.17626982639, 0.860952010709, 0.912505088553, 3.92942401325, 2.81563591682, 1.01575139138, 3.26646930763, 0.976447622616, 1.09000015866, 1.07798610974, 1.03883784941, 0.882296964481, 9.72752479524, 1.15576850565, 0.794090353733, 138.219239347, 1.11421535148, 5.48210188368, 1.07950960884, 3.19366272181, 0.905016898106, 28.5795496424, 10.6631529618, 197.807566182, 1.87667560322
1.45604722776, 1.328034614, 1.02558171213, 1.07068685057, 2.94033082714, 0.993541297284, 1.01220715921, 0.959506359367, 0.943323283674, 4.49095583544, 7.15604324833, 0.921918123043, 1.15182121221, 1.12952194263, 1.09000040608, 1.08996482856, 1.00944663129, 0.812352351558, 7.98765518454, 1.04315888482, 0.831276312972, 125.032773021, 1.07267863671, 4.66505413619, 1.10673745951, 3.00965979754, 1.13519569159, 46.6538684832, 9.75954229808, 174.899129372, 1.34048257373
5.46388850423, 1.03231300725, 1.01770478617, 1.21870970182, 5.8241500296, 0.811702864449, 1.41535200004, 1.08443349331, 0.991238551458, 1.6832884403, 2.71411206368, 0.985831330328, 1.48776390411, 0.854834874676, 1.09000019121, 1.07773396284, 1.04899392992, 0.959209474638, 3.51985049201, 0.98434061581, 0.80088485562, 52.2447298791, 1.11474046556, 4.13204188944, 1.15192492244, 5.35499405063, 1.02162209639, 57.0251100641, 12.5026649859, 173.535721796, 1.07238605898
5.33403436567, 1.41133080977, 0.771888519115, 1.07865536108, 4.724781055, 0.872083638831, 2.26968565993, 0.843970574331, 0.96820276822, 3.1988982867, 2.4784651439, 0.864416021357, 4.37211423222, 0.835908802099, 1.09000062863, 1.00728950928, 1.01522814442, 1.06981621087, 7.90202248148, 0.966895136579, 0.848537913528, 167.028071085, 0.955617178987, 4.29493472582, 1.06631822165, 1.63209793408, 0.933033925957, 48.0271208522, 9.82360552075, 185.903988582, 0.536193029491
5.33403436567, 1.41133080977, 0.771888519115, 1.07865536108, 4.724781055, 0.872083638831, 2.26968565993, 0.843970574331, 0.96820276822, 3.1988982867, 2.4784651439, 0.864416021357, 3.85533674973, 0.835908802099, 1.09000062863, 1.00728950928, 1.01522814442, 1.06981621087, 7.90202248148, 0.966895136579, 0.848537913528, 167.028071085, 0.955617178987, 4.56952668844, 0.989605555005, 1.63209793408, 0.933033925957, 31.297125787, 8.89190653373, 111.821374307, 3.21715817694
1.86693908025, 1.41540502221, 0.786365977936, 1.21679895832, 2.24147313867, 0.741583298339, 1.73300243047, 1.06982775417, 0.9799306789, 3.35155832197, 7.0936188897, 1.01563886544, 4.98638108015, 0.852649203503, 1.09000027743, 1.00273875642, 1.00657485264, 0.949176423312, 9.0295308681, 0.916668759102, 0.788397580419, 14.8781224383, 1.19136064215, 5.2521573285, 1.07252797533, 3.13565092245, 1.07472991669, 118.896009615, 22.2788550936, 599.318539292, 0.268096514745
3.43521824927, 1.11190589653, 0.831400176792, 1.18622756235, 6.81134464059, 0.959113686719, 3.10790987026, 0.878544174194, 0.983553610733, 2.91867432034, 5.73975912064, 1.07653283884, 4.08848809643, 1.03465221727, 1.09000022775, 1.00948474031, 1.01415544853, 0.988960750167, 6.04026035901, 1.16777603324, 0.769060101754, 361.842868504, 1.01969383948, 4.71542770217, 0.97865047888, 4.94460682017, 0.893601713644, 120.343309669, 21.4536735527, 208.545937031, 0.0
2.50368676379, 1.41540502221, 0.921078505871, 1.12721355206, 2.24147313867, 0.897798060557, 1.73300243047, 1.06487224843, 0.9799306789, 2.95821610011, 7.0936188897, 1.01563886544, 3.89452407821, 0.94890620649, 1.09000027743, 1.09386508555, 1.00657485264, 0.949176423312, 9.0295308681, 0.916668759102, 0.993562947189, 14.8781224383, 1.18390694415, 4.29493472582, 1.07252797533, 3.13565092245, 1.07472991669, 130.639717983, 13.6997836277, 267.539861851, 0.0
4.86554864154, 1.38515983757, 1.13827408275, 1.20552305754, 2.55776966641, 0.92601531152, 4.61536003562, 0.922365206083, 0.96945819745, 1.49163192851, 4.15682419279, 1.01382562179, 3.8836452725, 0.964190847015, 1.09000001798, 1.02054731454, 1.04659953753, 1.01365532537, 5.67933662892, 1.17730257649, 0.840535458779, 309.479766667, 1.15862264927, 1.24529199295, 1.18911435722, 4.31582343084, 1.19053062476, 126.42276883, 21.6539118376, 822.28418572, 0.268096514745
2.21383149716, 1.09632366286, 0.826112070698, 1.08577452842, 2.43061874332, 0.722606039605, 4.00955317936, 1.0516699084, 0.979701813336, 4.49095583544, 4.73090143072, 0.968781550134, 4.96354440033, 0.962385369505, 1.09000045832, 1.04536250527, 1.02592864247, 0.817954257591, 7.11616473698, 0.931506759224, 0.815832938311, 387.621457702, 1.17635415299, 1.03833188347, 1.15917100632, 3.00965979754, 1.29576831103, 197.245029277, 19.6091978024, 2776.47134241, 0.0
5.46388850423, 1.03231300725, 1.01770478617, 1.21870970182, 5.8241500296, 0.811702864449, 1.41535200004, 1.06317961848, 0.991238551458, 1.81498750051, 2.79408814557, 0.985831330328, 1.48776390411, 0.854834874676, 1.09000019121, 1.07773396284, 1.04899392992, 0.959209474638, 3.51985049201, 1.04295578736, 0.767090128128, 52.2447298791, 1.11474046556, 4.13204188944, 1.2399633342, 5.29840883832, 1.02162209639, 199.078558487, 18.6292275499, 820.262637791, 0.0
5.33403436567, 1.41133080977, 0.771888519115, 1.12367609396, 4.724781055, 0.872083638831, 4.40356002962, 0.843970574331, 0.96820276822, 3.1988982867, 2.4784651439, 0.864416021357, 3.85533674973, 0.835908802099, 1.09000062863, 1.01200011937, 1.01522814442, 0.871326381735, 6.92415284781, 0.928694000094, 0.848537913528, 167.028071085, 0.955617178987, 4.56952668844, 0.989605555005, 1.63209793408, 0.933033925957, 41.7590128175, 15.8621368448, 544.093483548, 0.536193029491
3.93394412755, 1.42222984354, 0.909036631854, 1.17397004161, 4.23261044887, 0.817172130302, 5.81182224121, 0.890163815664, 0.939817533475, 1.42095289717, 5.71053757162, 0.960975353579, 3.98953326447, 0.833683752856, 1.09000087969, 1.00154037577, 1.01051996193, 1.15458903404, 3.81653334247, 0.912792996084, 0.831627088527, 390.557265658, 0.916537592566, 5.69575832544, 0.953148318283, 1.19541682603, 1.13938395251, 71.4552139426, 14.0901593684, 159.737303659, 1.07238605898
4.17483257332, 1.36577626638, 0.798169691923, 1.20789780491, 4.88284433934, 0.946273327452, 2.57260089775, 0.893336081293, 0.96529428672, 1.28378352723, 3.61038604738, 0.95911757377, 3.68993809093, 1.13746422029, 1.09000091782, 1.04156024069, 1.04019935388, 1.20512341247, 5.78743669284, 0.951625608162, 0.807176643761, 329.839340883, 1.07228505444, 1.29897360564, 1.10477024365, 3.09527348847, 1.01072456007, 81.0318697594, 13.8901344968, 166.9869911, 1.60857908847
5.33403436567, 1.41133080977, 0.771888519115, 1.07865536108, 4.724781055, 0.872083638831, 4.40356002962, 0.843970574331, 0.96820276822, 3.1988982867, 2.4784651439, 0.864416021357, 3.85533674973, 0.835908802099, 1.09000062863, 1.01200011937, 1.01522814442, 1.06981621087, 7.90202248148, 0.928694000094, 0.848537913528, 167.028071085, 0.955617178987, 4.56952668844, 0.989605555005, 1.63209793408, 0.933033925957, 53.3853471239, 12.5957991335, 485.480613255, 1.60857908847
3.43521824927, 1.41540502221, 0.831400176792, 1.18622756235, 6.81134464059, 0.959113686719, 3.10790987026, 0.878544174194, 0.983553610733, 2.91867432034, 5.73975912064, 1.07653283884, 4.08848809643, 1.03465221727, 1.09000022775, 1.00948474031, 1.01415544853, 0.988960750167, 6.04026035901, 0.916668759102, 0.769060101754, 361.842868504, 1.19835067109, 4.71542770217, 0.97865047888, 5.24742089939, 0.893601713644, 67.4152117204, 10.90697613, 507.038344107, 1.34048257373
3.00340789748, 1.2835014253, 1.07150818039, 0.873504900395, 5.55799460365, 0.740428368322, 1.86444922724, 0.881067937447, 0.988014489644, 2.16593751544, 7.49456163878, 0.977613684423, 5.01390037341, 1.03946951325, 1.09000097771, 1.10275010224, 1.03310331329, 1.0827735056, 3.24514675191, 1.04627879308, 0.979729812773, 119.000379012, 0.914070206184, 1.90676963372, 1.20340604822, 4.06322118563, 1.23975980763, 304.519945154, 27.5661598055, 168.12602037, 1.07238605898
5.46388850423, 1.03231300725, 0.780890536541, 1.21954613177, 5.8241500296, 0.845434341328, 4.48259218599, 1.0651436691, 0.958754445743, 3.23413479036, 3.3894645519, 0.888091910653, 1.48776390411, 0.887591506204, 1.09000019121, 1.07773396284, 1.04899392992, 0.959209474638, 3.51985049201, 0.98434061581, 0.771471434288, 52.2447298791, 1.14744746726, 4.13204188944, 1.15192492244, 1.19541682603, 1.02162209639, 75.174758594, 18.2949365578, 169.804469277, 1.34048257373
2.22309138573, 1.42222984354, 0.909036631854, 1.17397004161, 4.23261044887, 0.817172130302, 5.81182224121, 0.862856229055, 0.946267274927, 1.42095289717, 3.97075236735, 0.960975353579, 4.08848809643, 0.833683752856, 1.09000073674, 1.00948474031, 1.04004151944, 1.15458903404, 3.81653334247, 0.912792996084, 0.831627088527, 390.638613594, 0.916537592566, 5.69575832544, 0.953148318283, 1.19541682603, 1.13938395251, 300.328969191, 21.4348244537, 1986.88774223, 0.268096514745
1.00086829331, 1.39825671023, 0.810323584625, 0.93717222595, 6.18454504358, 0.894641743697, 5.97304057728, 1.0208849625, 0.901924329962, 5.10475800665, 5.65170665118, 0.9311653751, 1.32489105832, 1.19591006881, 1.09000089468, 1.01968585437, 1.01506122952, 0.907749282855, 5.81959864835, 1.09577979908, 0.814945917786, 279.158424257, 1.13987563346, 1.08111977333, 1.0823137048, 3.35672671148, 1.21284817147, 202.012603801, 25.4515561229, 444.876945761, 0.0
4.14102150612, 1.42655354315, 0.764274859037, 1.17319232164, 2.94033082714, 0.735723375815, 5.2439926133, 0.926289732999, 0.979750234663, 4.42098667449, 4.87087712158, 0.852678575853, 2.17804184291, 0.865763135453, 1.09000039606, 1.10987635928, 1.00657485264, 1.0291365805, 6.56137486567, 1.16163195848, 0.843293226717, 322.403026304, 1.1716252422, 4.88526586537, 1.19452683892, 2.9810452856, 0.907943213175, 144.62578895, 21.495602816, 370.931962562, 0.268096514745
2.08229077324, 1.10016677992, 0.994401843436, 1.08017333776, 4.09817464031, 0.948312459204, 1.30898431794, 0.974915010491, 0.96820276822, 6.14851636582, 2.207395414, 1.07286452739, 4.97563154217, 1.15760249518, 1.09000094934, 1.02417647568, 1.004257379, 1.17008996398, 7.2280002736, 0.95270865653, 0.968355664808, 115.74839101, 0.945331095519, 5.25466467148, 1.10778407133, 5.12410913792, 1.18261719724, 200.653905576, 25.0918811655, 705.745844152, 0.0
2.79649421605, 1.01709670235, 0.984012187617, 0.985240697386, 1.65624413046, 0.756686669425, 4.90509791149, 1.01838075649, 0.938682419676, 1.73181006749, 7.04993523362, 1.05979457339, 2.25973081034, 1.12952194263, 1.09000061315, 1.07436226796, 1.004257379, 0.910884143645, 3.6801397809, 0.95270865653, 0.881934640321, 106.971659197, 1.04694863199, 2.22380311359, 1.0766021671, 4.7863069034, 1.261876607, 46.0958830768, 9.86259914862, 117.252995408, 4.82573726542
1.45604722776, 1.328034614, 1.02558171213, 1.07068685057, 2.94033082714, 0.993541297284, 1.01220715921, 0.959506359367, 0.955785467344, 4.49095583544, 7.02022620531, 0.921918123043, 1.15182121221, 1.12952194263, 1.09000040608, 1.08996482856, 1.04659953753, 0.812352351558, 7.98765518454, 1.04315888482, 0.831276312972, 125.032773021, 1.10060993907, 4.66505413619, 1.10673745951, 3.00965979754, 1.13952371545, 81.2917899214, 10.2476187129, 145.517753118, 3.21715817694
5.46388850423, 1.03231300725, 0.780890536541, 1.21870970182, 5.8241500296, 0.845434341328, 4.48259218599, 1.0651436691, 0.958754445743, 3.23413479036, 3.3894645519, 0.888091910653, 1.48776390411, 0.887591506204, 1.09000019121, 1.07773396284, 1.04899392992, 0.959209474638, 3.51985049201, 0.98434061581, 0.771471434288, 52.2447298791, 1.14744746726, 4.13204188944, 1.15192492244, 5.29840883832, 1.02162209639, 40.7946198651, 11.7465797512, 222.260873961, 3.48525469169
2.22309138573, 1.42222984354, 0.909036631854, 1.17397004161, 4.23261044887, 0.817172130302, 5.81182224121, 0.862856229055, 0.946267274927, 1.42095289717, 3.97075236735, 0.960975353579, 4.08848809643, 0.833683752856, 1.09000041206, 1.00948474031, 1.04004151944, 1.15458903404, 3.81653334247, 0.912792996084, 0.831627088527, 390.557265658, 0.916537592566, 5.69575832544, 0.953148318283, 1.19541682603, 1.13938395251, 212.39495634, 13.1265075723, 798.162632827, 0.536193029491
2.2201597707, 1.05183205598, 1.02096453004, 0.988796422049, 1.41998050914, 0.932928020226, 2.86942365377, 1.06821628165, 0.92465336457, 3.35155832197, 4.3258693774, 0.839923141249, 2.5954180249, 1.03699925106, 1.09000052812, 1.09386508555, 1.03669389731, 0.816043135515, 6.79023467683, 1.15466229342, 0.978339615568, 379.208357421, 0.953909574934, 1.81933165998, 1.05296665676, 4.39265904177, 0.871712264113, 83.4055661347, 11.8549738392, 1378.03494276, 1.60857908847
2.21383149716, 1.12281289856, 0.824725546378, 1.03452176278, 2.43061874332, 0.799128230621, 3.94194492835, 1.0516699084, 0.995463167712, 3.5105858648, 4.73090143072, 0.980998894194, 5.00224817664, 0.833683752856, 1.09000045832, 1.04536250527, 1.02592864247, 1.02016622885, 8.21527849594, 0.931506759224, 0.901641997084, 383.514100034, 1.10555395228, 1.0288777139, 1.06156116044, 4.28134905867, 1.15157172775, 372.519773374, 21.4782793742, 995.308921203, 0.0
1.45604722776, 1.328034614, 1.02558171213, 1.07068685057, 2.94033082714, 0.993541297284, 1.01220715921, 0.959506359367, 0.943323283674, 4.49095583544, 7.15604324833, 0.921918123043, 1.15182121221, 1.12952194263, 1.09000040608, 1.08996482856, 1.00944663129, 0.812352351558, 7.98765518454, 1.04315888482, 0.830497928939, 125.032773021, 1.07267863671, 4.66505413619, 1.10673745951, 3.00965979754, 1.13519569159, 191.520026517, 14.5845058852, 1209.13047019, 0.536193029491
1.86836854706, 1.39825671023, 0.810323584625, 0.93717222595, 6.18454504358, 0.894641743697, 5.97304057728, 1.0208849625, 0.979750234663, 5.24804594908, 5.65170665118, 0.9311653751, 1.32489105832, 1.19591006881, 1.09000089468, 1.01968585437, 1.01506122952, 0.907749282855, 5.81959864835, 1.09577979908, 0.814945917786, 279.158424257, 1.13987563346, 1.08111977333, 1.0823137048, 3.35672671148, 1.21284817147, 682.510040186, 35.9174428932, 750.763984329, 0.0
3.75734989085, 1.01350834558, 1.12049642695, 0.811480825218, 6.03349039608, 0.730778921053, 3.75075102809, 0.901634468424, 0.963065034281, 6.00133788216, 3.61038604738, 0.831545139007, 3.66410466207, 1.21670850997, 1.09000032756, 1.02893599055, 1.02553835259, 0.866717261021, 8.57331485006, 1.18165054043, 0.815832938311, 218.963507424, 0.932906731885, 5.57323877917, 1.15917100632, 5.46252047109, 0.978908610808, 699.835646767, 22.7650585957, 1830.40824218, 0.0
5.33403436567, 1.41133080977, 0.771888519115, 1.12367609396, 4.724781055, 0.872083638831, 4.40356002962, 0.843970574331, 0.96820276822, 3.1988982867, 1.65284648745, 0.864416021357, 3.85533674973, 0.835908802099, 1.09000062863, 1.01200011937, 1.01522814442, 0.871326381735, 4.02880082627, 0.928694000094, 0.848537913528, 167.028071085, 0.958261298665, 4.56952668844, 0.989605555005, 1.63209793408, 0.933033925957, 579.710993544, 21.5574578206, 2664.49942693, 0.0
2.08229077324, 1.10016677992, 0.994401843436, 1.08017333776, 4.09817464031, 0.948312459204, 1.30898431794, 0.913454714235, 0.96820276822, 5.88610861273, 1.80747508986, 1.07286452739, 4.97563154217, 0.976558421251, 1.09000094934, 1.02679135791, 1.04991367932, 1.17008996398, 7.2280002736, 1.0436258195, 0.968355664808, 115.74839101, 0.945331095519, 5.50261306137, 1.10778407133, 5.26450009931, 1.18261719724, 484.091837063, 23.4912578314, 2186.10553859, 0.0
2.08229077324, 1.10016677992, 0.994401843436, 1.08017333776, 4.09817464031, 0.948312459204, 1.30898431794, 0.913454714235, 0.96820276822, 5.88610861273, 1.80747508986, 1.07286452739, 4.97563154217, 1.15760249518, 1.09000094934, 1.02679135791, 1.03858513355, 1.17008996398, 7.2280002736, 1.0436258195, 0.968355664808, 115.74839101, 0.945331095519, 5.25466467148, 1.10778407133, 5.12410913792, 1.18261719724, 88.0382524032, 19.4328190029, 248.681715152, 1.07238605898
3.93394412755, 1.42222984354, 0.909036631854, 1.17397004161, 4.23261044887, 0.817172130302, 5.81182224121, 0.890163815664, 0.966220238797, 1.42095289717, 5.71053757162, 0.960975353579, 3.98953326447, 0.833683752856, 1.09000087969, 1.00154037577, 1.02249219486, 1.15458903404, 3.81653334247, 0.912792996084, 0.831627088527, 390.557265658, 1.018281081, 5.69575832544, 0.953148318283, 1.19541682603, 1.13938395251, 132.725334577, 13.4253532705, 419.184149898, 1.60857908847
2.2201597707, 1.05183205598, 1.02096453004, 0.988796422049, 1.41998050914, 0.932928020226, 2.86942365377, 1.06821628165, 0.92465336457, 3.35155832197, 4.3258693774, 0.839923141249, 5.01390037341, 1.03699925106, 1.09000052812, 1.09386508555, 1.03669389731, 0.816043135515, 6.79023467683, 1.15466229342, 0.978339615568, 379.208357421, 0.953909574934, 1.81933165998, 1.05296665676, 4.39265904177, 0.871712264113, 58.0254530757, 10.5341396993, 339.806000165, 4.28954423592
3.00340789748, 1.2835014253, 1.07150818039, 0.873504900395, 5.55799460365, 0.740428368322, 1.86444922724, 0.881067937447, 0.931924030898, 2.16593751544, 7.49456163878, 0.977613684423, 5.01390037341, 1.03946951325, 1.09000099324, 1.10275010224, 1.01587029498, 1.0827735056, 8.9907272635, 1.04627879308, 0.875107470462, 119.000379012, 0.914070206184, 2.18798613316, 1.20340604822, 4.06322118563, 1.23975980763, 1880.27841598, 53.3505666293, 704.763936101, 0.268096514745
1.45604722776, 1.328034614, 1.02558171213, 1.07068685057, 2.94033082714, 0.993541297284, 1.01220715921, 0.959506359367, 0.943323283674, 4.49095583544, 7.15604324833, 0.921918123043, 1.15182121221, 1.12952194263, 1.09000040608, 1.08996482856, 1.00944663129, 0.812352351558, 7.98765518454, 1.04315888482, 0.831276312972, 125.032773021, 1.07267863671, 4.66505413619, 1.10673745951, 3.00965979754, 1.08317458208, 172.015393669, 18.2261957148, 1272.5361997, 0.536193029491
2.17281323257, 1.38898607394, 1.1609118772, 0.95683690035, 3.62002742853, 0.941470112251, 3.14322015274, 1.09709009826, 0.92807369527, 5.44768225885, 4.66493599137, 1.07208799433, 1.88586464135, 1.28338237699, 1.09000061736, 1.05871631838, 1.01345665712, 1.01621881078, 3.72046037847, 1.04295578736, 0.998386844861, 328.294749349, 0.928110210379, 2.3466896502, 1.04236033747, 4.63039892167, 1.0442877666, 81.731679086, 10.0729801337, 723.964786078, 5.8981233244
5.46388850423, 1.03231300725, 1.01770478617, 1.21870970182, 5.8241500296, 0.811702864449, 1.41535200004, 1.06317961848, 0.991238551458, 4.33114283799, 2.79408814557, 0.985831330328, 1.48776390411, 0.854834874676, 1.09000019121, 1.07773396284, 1.04899392992, 0.959209474638, 3.51985049201, 0.98434061581, 0.767090128128, 52.2447298791, 1.11474046556, 4.13204188944, 1.2399633342, 5.29840883832, 1.02162209639, 144.30320999, 11.953986298, 333.9003172, 2.68096514745
4.25265688911, 1.08881527491, 1.10751714565, 0.899772481148, 3.88217238737, 0.990795710155, 2.68257992973, 0.857513443568, 0.989734971125, 2.95821610011, 1.99173665868, 1.05367293976, 4.13099117063, 1.05351074168, 1.09000045832, 1.04022657281, 1.0033453445, 1.20512341247, 7.26605562775, 1.07042091028, 0.985526313652, 329.839340883, 1.19404350903, 1.41032040333, 1.03929746375, 3.60450398279, 1.18315500416, 542.184129813, 33.5566818436, 927.929372696, 0.0
4.86554864154, 1.40085598755, 1.13827408275, 1.20552305754, 2.55776966641, 0.92601531152, 4.61536003562, 0.922365206083, 0.99673461641, 1.49163192851, 4.15682419279, 1.01382562179, 3.8836452725, 0.964190847015, 1.09000001798, 1.02054731454, 1.04004151944, 1.01365532537, 5.67933662892, 1.17730257649, 0.840535458779, 309.479766667, 1.15862264927, 5.69575832544, 1.17048398515, 4.31582343084, 1.19053062476, 333.124083562, 30.5647526497, 1158.19360665, 0.0
1.86836854706, 1.39825671023, 0.810323584625, 0.93717222595, 6.18454504358, 0.941470112251, 5.97304057728, 1.0208849625, 0.979750234663, 5.24804594908, 4.37642534731, 0.9311653751, 1.32489105832, 1.19591006881, 1.0900009635, 1.01968585437, 1.01506122952, 0.907749282855, 5.81959864835, 1.09577979908, 0.814945917786, 279.158424257, 1.13987563346, 1.08111977333, 1.17313483911, 3.35672671148, 1.21284817147, 91.6679693667, 10.1461798701, 823.80210182, 8.57908847185
5.27695475518, 1.42644958967, 1.15908592681, 0.936269388626, 5.97561076857, 0.956556978969, 5.2439926133, 1.0601219363, 0.908761313014, 2.23185417731, 5.16300735158, 0.850070642926, 3.98809475153, 1.13746422029, 1.09000017383, 1.0793568067, 1.0444527769, 1.2289843691, 3.7474126658, 0.911114773992, 0.906499513798, 315.716888178, 1.00971151858, 4.88526586537, 1.23070134013, 2.8933521472, 1.26149333368, 90.6736504056, 10.5915838886, 386.954136226, 3.21715817694
5.6330861342, 1.20494024648, 0.851443458973, 0.926265331588, 6.87407704076, 0.816991273498, 2.67594616993, 1.00934782046, 0.976825639214, 5.37241951509, 2.35168734591, 0.990216052658, 1.48446942101, 0.964190847015, 1.09000061878, 1.01223774594, 1.03105972161, 1.16988242326, 4.29603508754, 0.961617120791, 0.869485704346, 315.54691811, 1.00698909528, 5.6741775382, 0.997954412797, 1.13124656742, 1.05056033251, 60.6968705435, 10.5885407532, 1142.99557302, 6.16621983914
2.9020511305, 1.41086927884, 0.97948997306, 0.977700978003, 1.50436670632, 0.91363204082, 3.98070774623, 0.953284213322, 0.910327490391, 2.49279467567, 5.29147912361, 0.926215164308, 2.85088221899, 0.98941739528, 1.09000011504, 1.08989377923, 1.04870572747, 0.916985802174, 7.61656811599, 0.966255748955, 0.976596164795, 236.327142443, 1.11511177974, 2.14134498058, 1.03027392339, 5.4497601124, 1.15000673563, 64.7524251273, 11.1969495382, 266.288772303, 4.82573726542
3.00340789748, 1.2835014253, 1.07150818039, 0.873504900395, 5.55799460365, 0.740428368322, 1.86444922724, 0.881067937447, 0.931924030898, 2.16593751544, 7.49456163878, 0.977613684423, 4.52603120935, 1.03946951325, 1.09000099324, 1.10275010224, 1.01587029498, 1.0827735056, 8.9907272635, 1.04627879308, 0.807176643761, 119.000379012, 0.914070206184, 2.18798613316, 1.20340604822, 4.06322118563, 1.23975980763, 331.168161388, 28.7154131915, 2834.19310388, 0.0
2.8710801652, 1.00748627909, 0.858819211239, 0.908225866898, 2.48734869566, 0.782168874373, 5.99652249343, 1.06693286779, 0.954606417837, 2.57377051014, 3.13125334865, 1.00555555402, 4.70818665559, 0.975686034103, 1.09000047622, 1.03481105238, 1.0066082666, 1.06912341764, 8.58945495603, 1.08290095843, 0.761393333399, 116.621315427, 1.1226717073, 2.66852725449, 1.02077676603, 2.12865409484, 0.891103855332, 158.831552611, 14.1082401955, 551.095403564, 1.07238605898
4.36657732988, 1.36282856095, 0.949867686209, 0.985102729611, 2.53495419185, 0.996849271243, 4.51471525415, 1.07163502514, 0.934477721657, 5.57026589299, 6.5886715918, 1.05426765029, 4.24769267423, 1.28567070452, 1.09000008718, 1.03352157274, 1.00003916876, 1.14458412046, 6.8796913277, 1.18417231004, 0.874167301572, 222.733118384, 1.00836151182, 4.40789637517, 1.23209100461, 1.08314734519, 1.29902593506, 156.120929634, 14.2524210883, 306.256533672, 1.07238605898
3.22227190677, 1.0579284701, 1.10625416458, 1.01804399934, 4.01936760114, 0.940093109946, 1.88429996763, 1.00694810994, 0.946038046886, 1.73865072763, 2.39660864934, 0.93130838871, 3.42448839953, 1.18134897571, 1.09000050476, 1.04690758296, 1.00475477296, 1.10337676586, 6.72223327502, 1.03488381997, 0.799348518143, 61.9905347506, 1.15335350733, 1.19462492481, 1.16476459454, 1.66369246785, 1.08748621325, 202.626141418, 24.6352032398, 411.265011101, 0.804289544236
3.81470270178, 1.30899942314, 0.808170255561, 0.847181174838, 4.93079284902, 0.868658378301, 3.37079479495, 1.00382184082, 0.937210882679, 5.72268375348, 4.14868855238, 0.81073402562, 1.15182121221, 0.818114604618, 1.09000040608, 1.05832457789, 1.04943187, 0.878391668908, 8.72226014142, 1.0273981512, 0.987508731237, 389.372290799, 0.938770272445, 2.54210390462, 1.10431575824, 4.21780959547, 0.883044264675, 171.069042323, 12.4617906234, 202.839402271, 4.02144772118
4.25265688911, 1.08881527491, 1.10751714565, 0.899772481148, 3.464784968, 0.990795710155, 2.68257992973, 0.857513443568, 0.989734971125, 2.95821610011, 1.99173665868, 1.05367293976, 4.13099117063, 1.21670850997, 1.09000045832, 1.04022657281, 1.0033453445, 1.20512341247, 7.26605562775, 1.07042091028, 0.985526313652, 329.839340883, 1.19404350903, 1.41032040333, 1.03929746375, 1.83442601163, 1.18315500416, 439.214940928, 30.2401130709, 1699.82180844, 0.0
2.50368676379, 1.41540502221, 0.921078505871, 1.12721355206, 2.24147313867, 0.897798060557, 1.73300243047, 1.06487224843, 0.9799306789, 2.95821610011, 7.0936188897, 1.01563886544, 3.89452407821, 0.94890620649, 1.09000027743, 1.09386508555, 1.00657485264, 0.949176423312, 9.0295308681, 0.916668759102, 0.993562947189, 14.8781224383, 1.18390694415, 5.2521573285, 1.07252797533, 3.13565092245, 1.07472991669, 897.833043159, 27.7833848997, 1634.42501553, 0.0
5.46388850423, 1.03231300725, 1.01770478617, 1.21870970182, 5.8241500296, 0.811702864449, 1.41535200004, 1.0651436691, 0.991238551458, 3.23413479036, 2.79408814557, 0.985831330328, 1.48776390411, 0.854834874676, 1.09000019121, 1.07773396284, 1.04899392992, 0.959209474638, 3.51985049201, 0.98434061581, 0.771471434288, 52.2447298791, 1.11474046556, 4.13204188944, 1.15192492244, 5.29840883832, 1.02162209639, 68.7530804885, 13.691446234, 874.28194408, 1.60857908847
5.33403436567, 1.41133080977, 0.771888519115, 1.07865536108, 4.724781055, 0.872083638831, 4.40356002962, 0.843970574331, 0.96820276822, 1.25804335031, 2.4784651439, 0.864416021357, 3.87568108177, 0.835908802099, 1.09000099295, 1.01200011937, 1.03996909413, 1.06981621087, 7.90202248148, 0.928694000094, 0.848537913528, 167.028071085, 1.10861054045, 4.56952668844, 1.10778407133, 1.63209793408, 0.933033925957, 124.786460659, 10.8461840791, 247.232570913, 5.8981233244
1.23430752835, 1.41540502221, 0.921078505871, 1.21679895832, 3.89609537099, 0.79996109203, 1.73300243047, 0.890163815664, 0.9799306789, 3.35155832197, 7.0936188897, 0.92561848787, 3.18146816104, 0.852649203503, 1.09000027743, 1.00273875642, 1.00657485264, 0.949176423312, 9.0295308681, 0.916668759102, 0.788397580419, 14.8781224383, 1.19136064215, 5.2521573285, 0.953148318283, 1.73952881045, 1.07472991669, 292.454311166, 17.8775637068, 1589.05368169, 0.536193029491
4.29446839466, 1.01350834558, 1.12049642695, 0.811480825218, 3.9325362524, 0.730778921053, 3.75075102809, 0.901634468424, 0.924414881769, 6.00133788216, 3.60513929815, 0.831545139007, 3.66410466207, 1.21670850997, 1.09000032756, 1.02893599055, 1.02351883905, 0.95132531158, 8.57331485006, 0.98887236384, 0.901641997084, 218.963507424, 0.932906731885, 3.79250418715, 1.06156116044, 1.46874995665, 0.978908610808, 390.573548748, 32.6305140523, 2162.28450579, 0.0
1.45604722776, 1.328034614, 1.02558171213, 1.07068685057, 2.94033082714, 0.993541297284, 1.01220715921, 0.959506359367, 0.943323283674, 4.49095583544, 7.02022620531, 0.921918123043, 1.15182121221, 1.12952194263, 1.09000040608, 1.08996482856, 1.02566085615, 0.812352351558, 7.98765518454, 1.04315888482, 0.831276312972, 125.032773021, 1.10060993907, 4.66505413619, 1.10673745951, 3.00965979754, 1.13519569159, 735.082499986, 27.7037416908, 2017.76687609, 0.0
4.17483257332, 1.42404555748, 0.798169691923, 1.20789780491, 4.88284433934, 0.946273327452, 2.57260089775, 0.893336081293, 0.96529428672, 1.28378352723, 3.61038604738, 0.95911757377, 3.68993809093, 1.13746422029, 1.09000091782, 1.04156024069, 1.04019935388, 1.20512341247, 5.78743669284, 0.951625608162, 0.807176643761, 329.839340883, 1.07228505444, 1.29897360564, 1.10477024365, 4.13991163578, 1.01072456007, 221.274050213, 18.8555607886, 312.123642911, 1.07238605898
2.08229077324, 1.10016677992, 0.994401843436, 1.08017333776, 4.09817464031, 0.97111709695, 1.30898431794, 0.913454714235, 0.96820276822, 5.8533887991, 1.80747508986, 1.07887372152, 4.60281610173, 1.15760249518, 1.09000087969, 1.01223774594, 1.03858513355, 1.17008996398, 7.2280002736, 1.0436258195, 0.968355664808, 115.74839101, 1.00971151858, 5.25466467148, 1.10778407133, 5.12410913792, 1.19962439485, 450.631042423, 33.271493824, 496.411085678, 0.536193029491
3.12935013032, 1.3263481155, 1.04410281636, 0.81240827942, 4.02425682366, 0.982863563252, 4.48075495821, 0.875408999822, 0.924414881769, 5.13626893173, 2.81563591682, 0.830260560362, 4.42265352336, 1.21670850997, 1.09000051296, 1.00564352533, 1.02203734349, 1.09548393857, 8.22223040377, 0.912155072555, 0.768826071362, 319.195767725, 1.11462534021, 5.65666630526, 1.04290281149, 4.22285113782, 1.04212790148, 270.581944574, 19.4839868246, 1154.00837328, 0.536193029491
2.49935228527, 1.09632366286, 0.901621965329, 0.899772481148, 4.37700283161, 0.781511256071, 2.34249967429, 1.01161724074, 0.916981244389, 6.17800216063, 6.33654208834, 0.856744156563, 3.81916491661, 1.24256026932, 1.09000016834, 1.06502853288, 1.0498543751, 0.848988418889, 8.2742944227, 1.07008752226, 0.912167830405, 67.1137715202, 1.1779220794, 2.66809771985, 1.21048074841, 2.79958149707, 1.19766542178, 609.678482306, 35.9037718257, 1504.42136855, 0.0
4.86554864154, 1.38515983757, 1.13827408275, 1.20552305754, 2.55776966641, 0.92601531152, 4.61536003562, 0.922365206083, 0.96945819745, 1.49163192851, 4.15682419279, 1.01382562179, 3.8836452725, 1.21429744967, 1.09000001798, 1.03984259069, 1.04659953753, 1.01365532537, 5.67933662892, 1.17730257649, 0.840535458779, 309.479766667, 1.15862264927, 1.24653237223, 1.18911435722, 4.31582343084, 1.19053062476, 112.646054097, 15.4243886029, 227.533635381, 1.87667560322
3.81470270178, 1.30899942314, 0.837223992891, 0.847181174838, 4.93079284902, 0.726642564337, 3.37079479495, 1.00382184082, 0.937210882679, 5.72268375348, 1.98825813184, 0.81073402562, 1.15182121221, 0.818114604618, 1.09000043622, 1.05832457789, 1.04943187, 0.878391668908, 9.14914236339, 1.0273981512, 0.987508731237, 348.990810326, 0.938770272445, 5.80833975668, 1.10431575824, 3.85664159314, 0.875886876032, 583.469213941, 34.9515565129, 1802.27898956, 0.0
3.81470270178, 1.30899942314, 0.808170255561, 0.847181174838, 4.93079284902, 0.726642564337, 3.37079479495, 1.00382184082, 0.937210882679, 5.72268375348, 4.49756689937, 0.81073402562, 1.15182121221, 0.818114604618, 1.09000040608, 1.05832457789, 1.04943187, 0.878391668908, 8.72226014142, 1.0273981512, 0.987508731237, 389.372290799, 0.938770272445, 5.45489767158, 1.10431575824, 4.21780959547, 0.883044264675, 438.094681666, 19.2230192945, 521.259981373, 1.07238605898
4.3537870544, 1.00732790029, 1.15724311961, 0.865394665985, 6.74276335079, 0.961017937214, 5.39936750309, 0.861930315533, 0.904036126125, 4.47681822668, 5.35825207574, 0.816746326748, 2.20723585469, 0.897873738271, 1.09000060018, 1.00119229653, 1.04173049619, 1.11273232538, 3.04766185582, 0.952613465427, 0.86134508633, 35.776722847, 0.944035934481, 5.76508897699, 1.23648385724, 5.25177365556, 1.03146721636, 156.336677919, 16.7082946355, 1006.10440776, 1.07238605898
3.91542015971, 1.42053279915, 1.15908592681, 0.936269388626, 5.97561076857, 0.956556978969, 5.06098808276, 1.06317961848, 0.924292634608, 5.58248876091, 5.16300735158, 0.850070642926, 3.98809475153, 1.10278689768, 1.09000017383, 1.0793568067, 1.0392259317, 1.2289843691, 6.91192921983, 0.924449454589, 0.906499513798, 74.2127017684, 1.00971151858, 5.02524509543, 1.23070134013, 2.8933521472, 1.26149333368, 405.205556718, 31.7845546792, 7744.17991101, 0.0
3.43521824927, 1.41540502221, 0.831400176792, 1.18622756235, 6.81134464059, 0.959113686719, 3.10790987026, 0.878544174194, 0.983553610733, 2.91867432034, 5.73975912064, 1.07653283884, 4.08848809643, 1.05811397218, 1.09000022775, 1.00948474031, 1.01415544853, 0.988960750167, 6.04026035901, 0.916668759102, 0.769060101754, 361.842868504, 1.19835067109, 4.71542770217, 0.97865047888, 5.24742089939, 0.893601713644, 117.589443574, 11.0761021973, 600.797545207, 4.82573726542
2.50368676379, 1.41604973496, 1.14421305359, 1.09122387642, 2.24147313867, 0.897798060557, 1.73300243047, 1.06487224843, 0.9799306789, 2.95821610011, 7.0936188897, 1.01563886544, 3.89452407821, 0.94890620649, 1.09000027743, 1.09386508555, 1.00657485264, 0.949176423312, 9.0295308681, 0.916668759102, 0.993562947189, 14.8781224383, 1.18390694415, 5.2521573285, 1.07252797533, 3.13565092245, 1.07472991669, 94.4562780072, 12.3466030603, 838.004110322, 4.55764075067
2.50368676379, 1.41540502221, 0.921078505871, 1.12721355206, 2.24147313867, 0.897798060557, 1.73300243047, 1.06487224843, 0.9799306789, 2.95821610011, 7.0936188897, 1.01563886544, 3.89452407821, 0.816960758137, 1.09000027743, 1.09386508555, 1.00657485264, 0.949176423312, 9.0295308681, 0.916668759102, 0.993562947189, 14.8781224383, 1.18390694415, 1.18505595974, 1.07252797533, 3.13565092245, 1.05012060905, 339.343048285, 31.0439064342, 1779.77739336, 0.268096514745
3.43521824927, 1.11190589653, 0.831400176792, 1.18622756235, 6.81134464059, 0.741583298339, 3.10790987026, 0.878544174194, 0.983553610733, 2.91867432034, 5.73975912064, 1.07653283884, 4.08848809643, 1.03465221727, 1.09000022775, 1.00948474031, 1.01415544853, 0.988960750167, 6.04026035901, 1.16777603324, 0.769060101754, 361.842868504, 1.01969383948, 4.71542770217, 0.97865047888, 5.28597285955, 0.893601713644, 435.909894622, 33.0622484287, 3437.03615119, 0.0
2.08229077324, 1.10016677992, 0.994401843436, 1.08017333776, 4.09817464031, 0.948312459204, 1.30898431794, 0.913454714235, 0.96820276822, 5.8533887991, 1.80747508986, 1.07887372152, 4.97563154217, 1.15760249518, 1.09000087969, 1.02679135791, 1.03858513355, 1.17008996398, 7.2280002736, 1.0436258195, 0.968355664808, 115.74839101, 1.00971151858, 5.25466467148, 1.10778407133, 5.12410913792, 1.19962439485, 636.871030258, 27.1476295149, 8727.06470448, 0.0
5.6330861342, 1.20494024648, 0.851443458973, 0.926265331588, 6.87407704076, 0.816991273498, 2.67594616993, 1.00934782046, 0.976825639214, 5.37241951509, 2.35168734591, 0.925196941205, 1.48446942101, 0.964190847015, 1.09000086095, 1.01223774594, 1.03105972161, 1.16988242326, 4.29603508754, 0.961617120791, 0.869485704346, 315.54691811, 1.00698909528, 5.38872443046, 0.997954412797, 3.49558048854, 1.05056033251, 381.015411461, 23.9491231651, 4020.33906992, 0.268096514745
5.27695475518, 1.42053279915, 1.15908592681, 0.936269388626, 5.97561076857, 0.816991273498, 4.54258585356, 1.06317961848, 0.924292634608, 2.23185417731, 5.16300735158, 0.850070642926, 4.97122354849, 1.13746422029, 1.09000017383, 1.0793568067, 1.0392259317, 1.2289843691, 6.91192921983, 0.924449454589, 0.906499513798, 175.442048338, 1.00971151858, 3.79791247565, 1.23070134013, 2.8933521472, 1.10612566011, 506.158523643, 19.0850379321, 1568.10188086, 0.536193029491
1.86693908025, 1.40795305604, 0.786365977936, 1.21679895832, 2.24147313867, 0.741583298339, 1.73300243047, 1.06982775417, 0.9799306789, 3.35155832197, 7.0936188897, 1.01563886544, 4.98638108015, 0.852649203503, 1.09000027743, 1.03481105238, 1.00657485264, 0.949176423312, 9.0295308681, 0.916668759102, 0.788397580419, 14.8781224383, 1.19593009703, 5.2521573285, 1.07252797533, 3.13565092245, 1.07472991669, 147.386883822, 11.7470507589, 573.101847129, 4.82573726542
2.17281323257, 1.38898607394, 0.978895827104, 0.95683690035, 3.62002742853, 0.824620009707, 3.14322015274, 1.09709009826, 0.92807369527, 5.06349003015, 4.66493599137, 1.07208799433, 1.88586464135, 1.28338237699, 1.09000061736, 1.05871631838, 1.01345665712, 1.01621881078, 3.72046037847, 1.04295578736, 0.998386844861, 328.294749349, 0.992535029088, 2.3466896502, 1.04236033747, 4.63039892167, 1.0442877666, 154.614996783, 12.0533164693, 687.410812047, 4.55764075067
3.00340789748, 1.2835014253, 1.07150818039, 0.873504900395, 5.55799460365, 0.740428368322, 1.86444922724, 0.881067937447, 0.988014489644, 2.16593751544, 7.49456163878, 0.977613684423, 5.01390037341, 1.03946951325, 1.09000097771, 1.10275010224, 1.03310331329, 1.0827735056, 3.24514675191, 1.04627879308, 0.979729812773, 119.000379012, 0.914070206184, 2.18798613316, 1.20340604822, 4.06322118563, 1.23975980763, 122.366810575, 11.216165902, 931.031512759, 10.4557640751
1.86693908025, 1.41540502221, 1.06504304077, 1.21679895832, 2.24147313867, 0.741583298339, 1.73300243047, 1.06982775417, 0.9799306789, 3.35155832197, 7.0936188897, 1.05415620246, 4.98638108015, 0.852649203503, 1.09000027743, 1.00273875642, 1.00657485264, 1.09362274104, 9.0295308681, 0.916668759102, 0.788397580419, 14.8781224383, 1.19136064215, 5.2521573285, 1.07252797533, 3.13565092245, 1.07472991669, 187.64980798, 24.5231857186, 908.923185616, 0.536193029491
3.05796378352, 1.14304427832, 0.781357173179, 1.03450386657, 3.89609537099, 0.79996109203, 5.31643950326, 0.841668844649, 0.922060800588, 3.27761007411, 2.99374412347, 0.944844057409, 3.18146816104, 0.866940425131, 1.09000074798, 1.08287829667, 1.03348622266, 1.04260449107, 5.76528905806, 0.953223706832, 0.827619732157, 54.4783438794, 1.03791388432, 3.09995647341, 1.02909977919, 4.30042372772, 1.1620485998, 570.97980684, 26.0934435448, 1846.33422523, 0.268096514745
4.29446839466, 1.01350834558, 1.12049642695, 0.811480825218, 6.03349039608, 0.730778921053, 3.75075102809, 0.901634468424, 0.963065034281, 6.00133788216, 3.60513929815, 0.831545139007, 3.66410466207, 1.21670850997, 1.09000032756, 1.02893599055, 1.02553835259, 0.979975010098, 8.57331485006, 0.98887236384, 0.815832938311, 218.963507424, 0.932906731885, 3.79250418715, 1.15917100632, 5.46252047109, 0.978908610808, 172.257585183, 18.5314509899, 897.774508907, 1.07238605898
3.81470270178, 1.30899942314, 0.808170255561, 0.847181174838, 4.93079284902, 0.726642564337, 3.37079479495, 1.00382184082, 0.937210882679, 5.72268375348, 4.14868855238, 0.81073402562, 1.15182121221, 0.818114604618, 1.09000040608, 1.05832457789, 1.04943187, 0.878391668908, 8.72226014142, 1.0273981512, 0.987508731237, 389.372290799, 0.938770272445, 2.54210390462, 1.10431575824, 4.21780959547, 0.883044264675, 573.954058595, 36.0163724604, 2587.38493818, 0.0
1.71186575776, 1.41540502221, 0.921078505871, 1.21679895832, 2.24147313867, 0.741583298339, 1.73300243047, 1.06487224843, 0.9799306789, 3.35155832197, 7.0936188897, 0.812104997666, 4.98638108015, 0.852649203503, 1.09000027743, 1.00273875642, 1.00657485264, 0.949176423312, 9.0295308681, 0.916668759102, 0.788397580419, 14.8781224383, 1.19136064215, 5.51744673199, 1.07252797533, 3.13565092245, 1.07472991669, 143.9790297, 16.723392244, 1336.11602682, 1.34048257373
2.9020511305, 1.41086927884, 0.97948997306, 0.977700978003, 5.00140699895, 0.91363204082, 3.98070774623, 0.934548627388, 0.960387615488, 3.99802869553, 6.08885854474, 0.934812394431, 2.87403679508, 0.98941739528, 1.09000011504, 1.08989377923, 1.0107873985, 0.916985802174, 7.61656811599, 0.966255748955, 0.976596164795, 236.327142443, 1.0980566226, 2.14134498058, 0.998730337516, 5.37884407574, 1.15000673563, 1002.19841648, 25.8977415798, 5670.54793507, 0.0
3.15190019208, 1.04895371095, 0.841251372689, 1.06518820135, 3.08599946919, 0.89467786651, 2.58166445054, 0.926966775273, 0.933240916729, 5.93777502683, 5.29147912361, 1.01271529122, 4.36449743701, 1.24256026932, 1.09000073791, 1.05155842151, 1.01953298811, 1.2208549672, 4.37578133144, 1.07390618125, 0.906741338615, 243.53722613, 1.02626724993, 4.70216994684, 1.02989466051, 1.09540283405, 1.18559959718, 748.949026867, 27.5870191795, 4559.8712359, 0.0
3.00340789748, 1.2835014253, 1.07150818039, 0.85977223975, 6.16155115227, 0.740428368322, 1.86444922724, 0.881067937447, 0.931924030898, 2.16593751544, 7.49456163878, 0.977613684423, 5.01390037341, 0.811052311748, 1.09000099324, 1.09151487704, 1.01587029498, 1.0827735056, 8.9907272635, 1.04627879308, 0.875107470462, 119.000379012, 0.914070206184, 1.46695071761, 1.20340604822, 4.06322118563, 1.23975980763, 1382.55411681, 26.9403838523, 4264.79575734, 0.0
3.84794634579, 1.41540502221, 1.06504304077, 1.21679895832, 2.24147313867, 0.741583298339, 1.73300243047, 1.06982775417, 0.9799306789, 3.35155832197, 6.07063235061, 1.05415620246, 4.98638108015, 0.852649203503, 1.09000027743, 1.00273875642, 1.00657485264, 1.09362274104, 9.0295308681, 0.916668759102, 0.877105337148, 14.8781224383, 1.19746980525, 5.2521573285, 1.15147382674, 3.13565092245, 1.07472991669, 426.005097427, 31.8851989464, 1627.66486014, 0.268096514745
2.07069546615, 1.38915860992, 0.990158136105, 1.14557636948, 2.24372964275, 0.979538955943, 5.71137243297, 1.04109757292, 0.965623236374, 2.07732726543, 3.91475403373, 0.892636444208, 2.70073317564, 0.89039307667, 1.09000036553, 1.03291541005, 1.03419305549, 0.853901499568, 7.52198179682, 1.15149627715, 0.806196408775, 123.499365146, 1.13795380055, 2.51446734257, 1.10889363045, 1.55846989915, 1.10661695373, 639.519800275, 25.2976733378, 2431.46956518, 0.268096514745
2.50368676379, 1.41540502221, 0.921078505871, 1.12721355206, 2.08961591747, 0.897798060557, 1.73300243047, 1.06487224843, 0.9799306789, 2.95821610011, 7.0936188897, 1.01563886544, 3.89452407821, 0.816960758137, 1.09000027743, 1.09386508555, 1.00657485264, 0.949176423312, 9.0295308681, 0.916668759102, 0.993562947189, 150.451975608, 1.18390694415, 1.18505595974, 1.07252797533, 3.99493967235, 1.05012060905, 299.103624507, 20.6920387146, 1340.7315959, 0.536193029491
3.00340789748, 1.2835014253, 1.07150818039, 0.807560933741, 6.16155115227, 0.876395450925, 1.86444922724, 0.881067937447, 0.931924030898, 2.16593751544, 7.49456163878, 0.977613684423, 5.01390037341, 0.811052311748, 1.09000099324, 1.09151487704, 1.02658721758, 1.0827735056, 8.9907272635, 1.04627879308, 0.875107470462, 119.000379012, 0.914070206184, 1.46695071761, 1.20340604822, 4.06322118563, 1.23975980763, 514.200945205, 26.0688976357, 2102.73191215, 0.268096514745
3.57098137525, 1.23298742203, 0.730256091445, 1.21592560522, 6.68972802019, 0.809542593946, 3.34814486351, 0.878203941319, 0.954606417837, 1.90754558949, 7.49456163878, 1.03957921279, 1.74679797023, 1.12232510443, 1.09000036144, 1.00347765692, 1.01604869074, 0.98089974434, 9.50126745877, 1.17889738384, 0.797078550094, 281.934023462, 1.04663420155, 1.20718127534, 0.987771007869, 3.94792006097, 1.20080714397, 259.958008114, 20.9405930929, 3237.04741702, 0.536193029491
4.86554864154, 1.38515983757, 1.13827408275, 1.19894901474, 2.55776966641, 0.97007988682, 4.61536003562, 0.920369006974, 0.96945819745, 1.70833494658, 4.15682419279, 1.01382562179, 3.8836452725, 1.21429744967, 1.09000003662, 1.03984259069, 1.04590360963, 1.01365532537, 5.67933662892, 1.15466229342, 0.794068187999, 309.479766667, 1.15862264927, 1.24653237223, 1.12076897189, 3.91819890199, 1.20437319389, 317.905175423, 14.7747809332, 5499.56424358, 1.07238605898
2.2201597707, 1.05183205598, 1.02096453004, 0.988796422049, 1.41998050914, 0.919528504843, 2.86942365377, 1.06821628165, 0.92465336457, 3.35155832197, 4.3258693774, 0.839923141249, 2.5954180249, 1.03699925106, 1.09000052812, 1.09386508555, 1.03669389731, 0.816043135515, 6.79023467683, 1.15466229342, 0.978339615568, 383.514100034, 0.957773321992, 1.81933165998, 1.07373143857, 4.39265904177, 0.871712264113, 108.858016321, 15.904429247, 1064.62046258, 1.60857908847
1.36081747004, 1.36282856095, 0.772899687507, 1.12367609396, 2.44766871112, 0.893823832347, 1.64234278071, 1.04115874964, 0.943538720475, 4.92270799623, 2.88547545498, 0.880048199199, 2.16373694984, 1.28567070452, 1.09000019963, 1.1020518026, 1.04454780148, 1.20933488212, 4.00332744567, 1.13908866128, 0.906116270204, 185.764506909, 1.16662322072, 3.11730043571, 1.00288555412, 4.83768172478, 1.24526909545, 182.45967261, 12.1893737402, 873.058961976, 6.43431635389
5.6330861342, 1.20494024648, 0.851443458973, 0.926265331588, 6.87407704076, 0.816991273498, 5.42465397632, 1.00934782046, 0.976825639214, 5.37241951509, 2.35168734591, 0.925196941205, 1.48446942101, 0.964190847015, 1.09000086095, 1.01223774594, 1.03105972161, 1.16988242326, 4.29603508754, 0.937228461656, 0.869485704346, 315.54691811, 1.00698909528, 5.38872443046, 0.997954412797, 3.49558048854, 1.05056033251, 193.726398247, 12.8437352033, 413.014936583, 4.02144772118
3.05796378352, 1.14304427832, 0.781357173179, 1.03450386657, 3.89609537099, 0.79996109203, 5.31643950326, 0.841668844649, 0.922060800588, 3.27761007411, 2.99374412347, 0.944844057409, 3.18146816104, 0.866940425131, 1.09000074798, 1.08287829667, 1.03348622266, 1.04260449107, 5.76528905806, 0.953223706832, 0.827619732157, 54.4783438794, 1.03791388432, 3.09995647341, 1.02909977919, 4.30042372772, 1.1620485998, 92.8329112339, 19.6587772846, 476.269959446, 2.41286863271
