0.147185904175, 1.09722661541, 2.1492016091, 0.531581959621, 30.5747252997, 1.2270498047, 0.772944849647, 0.0131479649853, 1.20645808283, 95.9775994753, 0.00573982957355, 0.428571428571
0.147185904175, 0.91892055243, 2.6956816825, 0.548796605588, 30.5747252997, 32.5135235094, 0.772944849647, 0.0131479649853, 5.42023089918, 71.4487322804, 0.376928935401, 0.5625
0.126388995596, 1.16731172646, 2.1492016091, 0.499706187001, 21.0214813599, 1.2270498047, 0.0585396679388, 0.0131479649853, 9.36301777494, 96.4742121935, 0.00525613727875, 0.125
0.129002531641, 1.12985189221, 2.46130328751, 0.544917665308, 63.1852350749, 9.97149420078, 0.0185772683819, 4.01460298402, 9.36301777494, 72.7000434092, 0.13762449851, 0.6
0.126388995596, 1.09722661541, 2.1492016091, 0.506505285327, 21.0214813599, 1.2270498047, 0.0585396679388, 0.0131479649853, 9.36301777494, 105.820048236, 0.0066606983151, 0.0
0.171809523404, 0.943966617544, 2.1492016091, 0.506505285327, 77.0819676016, 1.2270498047, 0.183159810825, 0.0131479649853, 32.6239243939, 91.3598837621, 0.0219565941717, 0.173913043478
0.103661610382, 1.09722661541, 2.1492016091, 0.499706187001, 30.5747252997, 1.2270498047, 0.772944849647, 0.0131479649853, 1.16203435228, 88.2782022195, 0.0120625269753, 0.59375
0.220213254438, 0.893447782385, 2.1078082811, 0.401079379306, 96.1516520052, 1.37564282292, 0.303652405005, 2.66985427774, 1.20774206709, 106.294969092, 0.0, 0.0
0.432198627817, 1.09722661541, 2.22256755807, 0.511655922478, 42.0668567172, 1.2270498047, 0.0185047815562, 2.03636748736, 22.3958563831, 74.5136614164, 0.0232807830255, 0.0
0.126388995596, 1.09722661541, 2.22256755807, 0.511655922478, 42.0668567172, 1.2270498047, 0.0185047815562, 2.03636748736, 15.7009486838, 91.7932781577, 0.0117397421109, 0.047619047619
0.147185904175, 0.826153424483, 2.0300420386, 0.499706187001, 96.1516520052, 1.2270498047, 0.772944849647, 0.00842640411545, 1.20645808283, 57.707780923, 0.0255627265244, 0.615384615385
0.714583869248, 0.8344337029, 2.46130328751, 0.548796605588, 96.1516520052, 32.5135235094, 0.303652405005, 0.0131479649853, 1.50495205431, 65.6963571794, 0.417883037294, 0.4375
0.147185904175, 0.909179437818, 2.0300420386, 0.441372269278, 30.5747252997, 1.2270498047, 0.772944849647, 0.00338951434023, 1.20645808283, 96.2112743307, 0.00927972974252, 0.8125
0.147185904175, 1.09722661541, 2.1492016091, 0.499706187001, 30.5747252997, 1.2270498047, 0.772944849647, 0.0131479649853, 1.20645808283, 103.784951604, 0.00833570973146, 0.285714285714
0.147185904175, 1.09722661541, 2.1492016091, 0.499706187001, 30.5747252997, 1.2270498047, 0.772944849647, 0.0131479649853, 17.5217458501, 140.117420611, 0.00536780280224, 0.0
0.714583869248, 0.893447782385, 2.1078082811, 0.534093959966, 96.1516520052, 32.5135235094, 0.303652405005, 2.66985427774, 1.14848083003, 144.040714935, 0.0, 0.0
0.171809523404, 1.12985189221, 2.04372154931, 0.544917665308, 77.0819676016, 1.2270498047, 0.0185772683819, 0.00688954728702, 7.34081315089, 109.394770799, 0.0114602700213, 0.0
0.147185904175, 1.18677888779, 2.1492016091, 0.683163612667, 21.0214813599, 1.2270498047, 0.0473172212655, 0.0131479649853, 12.442536874, 109.541286411, 0.00823425087578, 0.0
0.135027071433, 1.01516351026, 2.1492016091, 0.665993063185, 30.5747252997, 1.2270498047, 0.772944849647, 0.0131479649853, 43.5534964979, 130.770258581, 0.00721732003578, 0.0
0.714583869248, 0.890926912406, 2.46130328751, 0.401079379306, 96.1516520052, 35.7048817001, 0.303652405005, 2.66985427774, 1.20645808283, 131.237006022, 0.0, 0.5
0.432198627817, 1.19677831825, 2.22256755807, 0.511655922478, 42.0668567172, 1.2270498047, 0.0157348977016, 2.03636748736, 22.3958563831, 92.7654029191, 0.0335802152602, 0.0
0.714583869248, 0.8344337029, 2.0300420386, 0.548796605588, 96.1516520052, 32.5135235094, 0.303652405005, 0.0131479649853, 1.50495205431, 74.8776216356, 0.421223182478, 0.2
0.714583869248, 0.840500774384, 2.46130328751, 0.548796605588, 97.9895212525, 32.5135235094, 0.303652405005, 2.66985427774, 1.50495205431, 76.2744895803, 0.546165760288, 0.1875
0.714583869248, 0.840500774384, 2.46130328751, 0.548796605588, 97.9895212525, 32.5135235094, 0.303652405005, 2.66985427774, 1.50495205431, 82.0159391242, 0.0819806640485, 0.0
0.290233930825, 0.837217892339, 2.00900271857, 0.499706187001, 42.0668567172, 4.37747432509, 0.571409361642, 4.51875246213, 22.3958563831, 80.3332262767, 0.202583740202, 0.55
0.547852365211, 0.837217892339, 2.22256755807, 0.455757134861, 42.0668567172, 4.37747432509, 0.649600499491, 2.03636748736, 22.3958563831, 81.0418419023, 0.223191074429, 0.533333333333
0.714583869248, 0.893447782385, 2.1078082811, 0.401079379306, 96.1516520052, 32.5135235094, 0.303652405005, 2.66985427774, 1.20774206709, 76.2164546181, 0.566559356579, 0.0625
0.714583869248, 0.826153424483, 2.46130328751, 0.401079379306, 96.1516520052, 32.5135235094, 0.303652405005, 2.66985427774, 1.14285372986, 81.7611174089, 0.498398960139, 0.0
0.290233930825, 0.837217892339, 2.00900271857, 0.499706187001, 65.6005022889, 4.37747432509, 0.571409361642, 2.14128710829, 16.2600241769, 99.5153389802, 0.0320987995264, 0.222222222222
0.119094122499, 1.09722661541, 2.1492016091, 0.506505285327, 39.2215988776, 1.2270498047, 0.0585396679388, 0.0131479649853, 9.36301777494, 95.5379382857, 0.0231807307943, 0.428571428571
0.220213254438, 1.16056710368, 2.15360838818, 0.424083569523, 65.6005022889, 1.37564282292, 0.346428488717, 4.19751643396, 16.2600241769, 101.950282868, 0.0234700883197, 0.272727272727
0.147185904175, 1.09722661541, 2.1492016091, 0.499706187001, 30.5747252997, 1.2270498047, 0.772944849647, 0.0131479649853, 17.5217458501, 95.6615612476, 0.0123345822481, 0.333333333333
0.220213254438, 1.16056710368, 2.15360838818, 0.424083569523, 65.6005022889, 1.37564282292, 0.408436631057, 4.19751643396, 16.2600241769, 99.928899527, 0.0293727913371, 0.125
0.851048475108, 0.826153424483, 2.46130328751, 0.401079379306, 30.5747252997, 32.5135235094, 0.303652405005, 2.66985427774, 1.14285372986, 76.7843537405, 0.151250020788, 0.75
0.147185904175, 0.890926912406, 2.1492016091, 0.499706187001, 30.5747252997, 1.2270498047, 0.151288325801, 2.66985427774, 1.20645808283, 105.07386947, 0.00926489344702, 0.411764705882
0.147185904175, 0.826153424483, 2.1492016091, 0.499706187001, 30.5747252997, 1.2270498047, 0.772944849647, 0.0131479649853, 43.5534964979, 143.608934164, 0.00676553583391, 0.0
0.147185904175, 1.09722661541, 2.1492016091, 0.499706187001, 21.0214813599, 1.2270498047, 0.0585396679388, 0.0131479649853, 9.36301777494, 146.038092884, 0.00343250488857, 0.0
0.147185904175, 1.09722661541, 2.1492016091, 0.499706187001, 21.0214813599, 1.2270498047, 0.0585396679388, 0.0131479649853, 41.0608556955, 151.140620324, 0.0032959048146, 0.0
0.147185904175, 1.09722661541, 2.1492016091, 0.499706187001, 30.5747252997, 1.2270498047, 0.772944849647, 0.0131479649853, 41.0608556955, 113.846181543, 0.0105664203894, 0.0666666666667
0.147185904175, 1.09722661541, 2.1492016091, 0.499706187001, 30.5747252997, 1.2270498047, 0.772944849647, 0.0131479649853, 17.5217458501, 122.893684522, 0.00853303241074, 0.0
0.147185904175, 1.19928324901, 2.1492016091, 0.499706187001, 30.5747252997, 1.2270498047, 0.772944849647, 0.0131479649853, 41.0608556955, 120.085367499, 0.00970873721972, 0.142857142857
0.171809523404, 1.12985189221, 2.04372154931, 0.544917665308, 77.0819676016, 1.2270498047, 0.0185772683819, 0.00688954728702, 7.34081315089, 115.207346913, 0.0133553699702, 0.0
0.135958561651, 1.13907498276, 2.01132262504, 0.441372269278, 30.5747252997, 1.2270498047, 0.772944849647, 0.00338951434023, 1.20645808283, 113.427283689, 0.0134586519805, 0.3125
0.432198627817, 1.09722661541, 2.1492016091, 0.506505285327, 21.0214813599, 1.2270498047, 0.0585396679388, 0.0131479649853, 16.695942295, 99.0459600946, 0.0450390743078, 0.2
0.714583869248, 0.826153424483, 2.46130328751, 0.401079379306, 96.1516520052, 32.5135235094, 0.303652405005, 2.66985427774, 1.14285372986, 78.6125526391, 0.551169442294, 0.3
0.369209433111, 0.882674912295, 3.03850375696, 0.652979915864, 26.9331799387, 38.7283197478, 0.0585396679388, 2.6074283332, 17.7325383722, 98.7769079085, 0.251302990877, 0.0
0.272437640912, 0.868039478668, 3.50184405575, 0.683547809171, 82.5571795415, 31.0864422203, 0.854174749434, 4.07347115445, 11.6302245987, 88.5854570368, 0.271394969588, 0.0
0.663921320552, 0.85018453471, 2.1078082811, 0.415675415241, 96.1516520052, 32.5135235094, 0.0327537387355, 2.66985427774, 1.14848083003, 84.8818373696, 0.452842008089, 0.3
0.147185904175, 1.09722661541, 2.1492016091, 0.499706187001, 30.5747252997, 32.5135235094, 0.772944849647, 0.0131479649853, 17.5217458501, 84.9881649457, 0.296951710787, 0.363636363636
0.290233930825, 0.837217892339, 2.00900271857, 0.499706187001, 42.0668567172, 4.37747432509, 0.571409361642, 2.14128710829, 22.3958563831, 90.0106279195, 0.148296190361, 0.588235294118
0.147185904175, 1.09722661541, 2.1492016091, 0.499706187001, 30.5747252997, 32.5135235094, 0.772944849647, 0.0131479649853, 17.5217458501, 98.1054697466, 0.21202939987, 0.2
0.369209433111, 0.997707350963, 4.0731183521, 0.652979915864, 26.9331799387, 38.7283197478, 0.0585396679388, 3.3770658834, 17.7325383722, 108.796670738, 0.177607981102, 0.0
0.147185904175, 1.09722661541, 2.1492016091, 0.47319525099, 30.5747252997, 9.80386692579, 0.772944849647, 3.84200906194, 41.0608556955, 109.06169762, 0.0822809714967, 0.0
0.714583869248, 0.893447782385, 2.46130328751, 0.401079379306, 96.1516520052, 32.5135235094, 0.303652405005, 2.66985427774, 1.50495205431, 92.4508396146, 0.216255872862, 0.466666666667
0.351684153909, 0.996744481779, 2.15360838818, 0.424083569523, 77.0819676016, 38.7283197478, 0.408436631057, 4.19751643396, 7.4840159188, 88.0506834837, 0.431084412397, 0.333333333333
0.147185904175, 0.91892055243, 2.6956816825, 0.548796605588, 30.5747252997, 32.5135235094, 0.772944849647, 0.0131479649853, 5.42023089918, 88.4603352043, 0.301521280288, 0.0
0.290233930825, 0.837217892339, 2.00900271857, 0.499706187001, 42.0668567172, 4.37747432509, 0.571409361642, 2.14128710829, 22.3958563831, 92.9246410536, 0.10046539962, 0.647058823529
0.147185904175, 0.8252760405, 2.0300420386, 0.499706187001, 96.1516520052, 32.5135235094, 0.772944849647, 0.00842640411545, 1.20645808283, 87.6298169651, 0.231044758227, 0.739130434783
0.714583869248, 0.866776399445, 2.46130328751, 0.548796605588, 96.1516520052, 32.5135235094, 0.303652405005, 0.96776865518, 1.44964955771, 83.4822850752, 0.549623859466, 0.166666666667
0.147185904175, 1.09722661541, 2.1492016091, 0.499706187001, 30.5747252997, 1.01669210146, 0.772944849647, 0.414633258269, 17.5217458501, 104.273429292, 0.0153329048914, 0.368421052632
0.147185904175, 0.972462753408, 2.1492016091, 0.499706187001, 30.5747252997, 1.2270498047, 0.772944849647, 2.67075537584, 30.4103733475, 111.789747226, 0.0139152473477, 0.4
0.147185904175, 1.09722661541, 2.1492016091, 0.406332293389, 30.5747252997, 1.2270498047, 0.772944849647, 0.0131479649853, 1.20645808283, 102.923990467, 0.0226096528534, 0.6
0.113265787057, 1.19928324901, 2.1492016091, 0.614177528837, 65.6005022889, 1.37564282292, 0.772944849647, 4.95617521324, 18.7484172612, 194.276811776, 0.00377892571216, 0.0
0.147185904175, 0.842202562297, 2.46130328751, 0.499706187001, 96.1516520052, 20.3999653757, 0.772944849647, 0.00842640411545, 1.20645808283, 102.86382351, 0.0658578401104, 0.785714285714
0.714583869248, 0.840500774384, 2.46130328751, 0.499706187001, 97.9895212525, 32.5135235094, 0.303652405005, 2.66985427774, 1.50495205431, 89.6100075616, 0.445015044166, 0.333333333333
0.714583869248, 0.840500774384, 2.46130328751, 0.499706187001, 97.9895212525, 20.0894723847, 0.303652405005, 3.51654740848, 1.50495205431, 90.405576636, 0.62984231698, 0.0
0.714583869248, 0.840500774384, 2.46130328751, 0.548796605588, 97.9895212525, 32.5135235094, 0.303652405005, 2.66985427774, 1.50495205431, 95.3406575253, 0.481684155565, 0.190476190476
0.714583869248, 0.840500774384, 2.46130328751, 0.548796605588, 97.9895212525, 32.5135235094, 0.303652405005, 2.66985427774, 1.50495205431, 91.4387832261, 0.361388339579, 0.461538461538
0.266186493126, 1.16056710368, 2.15360838818, 0.424083569523, 87.0212559909, 7.90915245722, 0.69723723174, 2.66985427774, 3.60619084346, 92.9419019268, 0.24378591348, 0.545454545455
0.714583869248, 0.840500774384, 2.46130328751, 0.499706187001, 97.9895212525, 32.5135235094, 0.303652405005, 2.03636748736, 1.50495205431, 97.6380227669, 0.138434709538, 0.666666666667
0.147185904175, 1.09722661541, 2.1492016091, 0.499706187001, 30.5747252997, 1.2270498047, 0.772944849647, 1.37765393224, 41.0608556955, 180.338240159, 0.00419034520379, 0.0
0.120355033395, 1.09722661541, 2.1492016091, 0.401079379306, 30.5747252997, 1.2270498047, 0.772944849647, 2.66985427774, 1.20645808283, 156.147042571, 0.00493330739055, 0.76
0.714583869248, 0.890926912406, 2.46130328751, 0.401079379306, 96.1516520052, 32.5135235094, 0.303652405005, 4.44472208197, 1.20645808283, 99.8823518736, 0.27849011621, 0.416666666667
0.129002531641, 1.09722661541, 2.1492016091, 0.543250830192, 75.8460183502, 1.2270498047, 0.336483836153, 0.0131479649853, 17.5217458501, 146.834012676, 0.0070103071624, 0.3
0.453450325048, 0.837217892339, 2.0300420386, 0.455757134861, 42.0668567172, 4.37747432509, 0.571409361642, 2.03636748736, 22.3958563831, 107.761390945, 0.167048076009, 0.347826086957
0.147185904175, 0.972462753408, 2.1492016091, 0.548796605588, 96.1516520052, 32.5135235094, 0.0585396679388, 3.04377099231, 9.36301777494, 91.7911317825, 0.31756598792, 0.363636363636
0.147185904175, 1.09722661541, 2.1492016091, 0.499706187001, 30.5747252997, 1.2270498047, 0.772944849647, 4.19751643396, 43.9014691114, 166.843055749, 0.00429877734464, 0.0
0.432198627817, 1.09722661541, 2.1492016091, 0.544917665308, 21.0214813599, 1.2270498047, 0.0585396679388, 0.0131479649853, 16.695942295, 116.070054082, 0.102999282452, 0.136363636364
0.171809523404, 1.12985189221, 2.1492016091, 0.544917665308, 77.0819676016, 1.2270498047, 0.183159810825, 0.0131479649853, 7.34081315089, 117.084519149, 0.0336620675008, 0.0625
0.147185904175, 1.18677888779, 2.1492016091, 0.683163612667, 21.0214813599, 1.2270498047, 0.0473172212655, 0.0131479649853, 12.442536874, 134.462876658, 0.00938141255097, 0.0
0.129916208937, 1.09722661541, 2.1492016091, 0.499706187001, 20.3795624559, 1.2270498047, 0.772944849647, 0.0131479649853, 5.23275442206, 123.947575106, 0.00971173589042, 0.611111111111
0.432198627817, 1.09722661541, 2.22256755807, 0.455757134861, 42.0668567172, 4.37747432509, 0.0267507815755, 2.03636748736, 22.3958563831, 104.082574677, 0.162804796141, 0.5
0.714583869248, 0.890926912406, 2.46130328751, 0.401079379306, 96.1516520052, 32.5135235094, 0.303652405005, 2.66985427774, 1.20645808283, 110.118407352, 0.134892896825, 0.1
0.453450325048, 0.837217892339, 3.26841402431, 0.455757134861, 42.0668567172, 4.37747432509, 0.571409361642, 2.03636748736, 22.3958563831, 111.925310838, 0.0848120445161, 0.222222222222
0.147185904175, 1.09722661541, 2.1492016091, 0.531581959621, 30.5747252997, 1.2270498047, 0.772944849647, 0.0131479649853, 17.5217458501, 107.332471222, 0.0284151469277, 0.588235294118
0.147185904175, 1.19928324901, 2.1492016091, 0.614177528837, 65.6005022889, 1.37564282292, 0.772944849647, 4.95617521324, 18.7484172612, 104.822162938, 0.0289937032577, 0.411764705882
0.147185904175, 0.972462753408, 2.1492016091, 0.548796605588, 96.1516520052, 32.5135235094, 0.0585396679388, 0.0131479649853, 9.36301777494, 101.248399905, 0.320333672431, 0.0
0.121015901723, 1.09722661541, 2.1492016091, 0.499706187001, 30.5747252997, 1.01669210146, 0.772944849647, 0.414633258269, 17.5217458501, 126.928073156, 0.011978477373, 0.181818181818
0.135027071433, 0.823581106575, 2.1492016091, 0.665993063185, 30.5747252997, 1.2270498047, 0.772944849647, 0.0131479649853, 43.5534964979, 148.693433786, 0.00860452495173, 0.0
0.171809523404, 1.12985189221, 2.46130328751, 0.544917665308, 77.0819676016, 9.97149420078, 0.0185772683819, 4.01460298402, 9.36301777494, 130.040922718, 0.0531707958407, 0.0
0.126388995596, 1.09722661541, 2.1492016091, 0.499706187001, 21.0214813599, 1.2270498047, 0.0585396679388, 0.0131479649853, 9.36301777494, 119.208212233, 0.0125081300805, 0.272727272727
0.147185904175, 0.826153424483, 2.0300420386, 0.499706187001, 30.5747252997, 1.2270498047, 0.772944849647, 0.00842640411545, 1.20645808283, 112.563547437, 0.0158218745144, 0.5
0.107728069568, 0.826153424483, 2.0300420386, 0.499706187001, 30.5747252997, 1.2270498047, 0.772944849647, 0.00842640411545, 1.20645808283, 109.37778666, 0.0104809578347, 0.555555555556
0.220213254438, 1.14416919534, 2.15360838818, 0.424083569523, 65.6005022889, 1.37564282292, 0.653707349205, 4.19751643396, 16.2600241769, 122.22362496, 0.0227968551172, 0.0666666666667
0.147185904175, 1.09722661541, 2.1492016091, 0.499706187001, 30.5747252997, 1.2270498047, 0.772944849647, 0.0131479649853, 41.0608556955, 159.884292574, 0.00686663714028, 0.266666666667
0.147185904175, 1.09722661541, 2.1492016091, 0.499706187001, 30.5747252997, 1.2270498047, 0.772944849647, 4.19751643396, 41.0608556955, 127.782524456, 0.0111998449905, 0.230769230769
0.129002531641, 1.09722661541, 2.1492016091, 0.543250830192, 30.5747252997, 1.2270498047, 0.772944849647, 0.0131479649853, 17.5217458501, 160.40019863, 0.00860189965055, 0.125
0.147185904175, 1.09722661541, 2.11194013896, 0.499706187001, 30.5747252997, 1.2270498047, 0.772944849647, 0.0131479649853, 27.6180034874, 164.396143877, 0.00777265248731, 0.0
0.147185904175, 0.826153424483, 2.0300420386, 0.614177528837, 38.1107456447, 1.37564282292, 0.772944849647, 4.95617521324, 18.7484172612, 114.680426866, 0.0250395115491, 0.25
0.233477077283, 1.12985189221, 2.04372154931, 0.544917665308, 77.0819676016, 1.2270498047, 0.0185772683819, 0.00688954728702, 7.34081315089, 116.58217779, 0.0312746633985, 0.0909090909091
