0.714583869248, 0.840500774384, 2.46130328751, 0.548796605588, 97.9895212525, 32.5135235094, 0.303652405005, 2.66985427774, 1.50495205431, 32.9076298955, 0.520579574756, 0.333333333333
0.714583869248, 0.826153424483, 2.46130328751, 0.400311394199, 96.1516520052, 32.5135235094, 0.130303043672, 2.66985427774, 1.20774206709, 41.6228945413, 0.488334811091, 0.0
0.714583869248, 0.893447782385, 2.1078082811, 0.534093959966, 96.1516520052, 32.5135235094, 0.303652405005, 2.66985427774, 1.14848083003, 53.2753329212, 0.0, 0.0
0.714583869248, 0.826153424483, 2.23741578912, 0.401079379306, 96.1516520052, 32.5135235094, 0.303652405005, 2.66985427774, 1.14285372986, 51.9108438454, 0.618798812673, 0.333333333333
0.126388995596, 1.16731172646, 2.1492016091, 0.499706187001, 21.0214813599, 1.2270498047, 0.0585396679388, 0.0131479649853, 9.36301777494, 96.4742121935, 0.00525613727875, 0.125
0.129916208937, 0.823581106575, 2.1492016091, 0.499706187001, 20.3795624559, 1.2270498047, 0.21819352858, 0.0131479649853, 5.23275442206, 60.8044069477, 0.00867007476214, 0.428571428571
0.220213254438, 0.893447782385, 2.1078082811, 0.401079379306, 96.1516520052, 1.37564282292, 0.303652405005, 2.66985427774, 1.20774206709, 106.294969092, 0.0, 0.0
0.135027071433, 1.01516351026, 2.1492016091, 0.678064011585, 30.5747252997, 1.06761700783, 0.772944849647, 0.0131479649853, 1.20645808283, 95.1903527521, 0.0018210014545, 0.142857142857
0.1104592209, 0.909179437818, 2.0300420386, 0.441372269278, 30.5747252997, 1.2270498047, 0.772944849647, 0.00338951434023, 1.20774206709, 63.2837217483, 0.00542400191219, 0.1
0.147185904175, 0.826153424483, 2.0300420386, 0.499706187001, 60.9603523383, 1.2270498047, 0.772944849647, 0.00842640411545, 4.84405389056, 71.5817974374, 0.008974660935, 0.0
0.147185904175, 1.09722661541, 2.1464784454, 0.499706187001, 30.5747252997, 1.2270498047, 0.772944849647, 1.06724339673, 1.20645808283, 54.2656402723, 0.0217192046093, 0.758620689655
0.147185904175, 0.909179437818, 2.0300420386, 0.441372269278, 30.5747252997, 1.2270498047, 0.772944849647, 0.00338951434023, 1.20645808283, 100.153040587, 0.00560981770452, 0.0
0.147185904175, 0.890926912406, 2.1492016091, 0.499706187001, 30.5747252997, 1.2270498047, 0.151288325801, 2.66985427774, 1.18493716527, 59.3398683578, 0.0119941957122, 0.0
0.107728069568, 0.826153424483, 2.0300420386, 0.499706187001, 30.5747252997, 1.2270498047, 0.426657769077, 0.00608775411733, 1.20645808283, 55.8266650359, 0.00858762441882, 0.454545454545
0.103661610382, 0.826153424483, 2.1492016091, 0.499706187001, 30.5747252997, 1.2270498047, 0.772944849647, 0.0131479649853, 1.16203435228, 84.7381333938, 0.0, 0.666666666667
0.103486636728, 0.831380266882, 2.00321112131, 0.455757134861, 30.5747252997, 1.15823457241, 0.0104005939935, 0.00608775411733, 1.20645808283, 62.4734869238, 0.00358035346495, 0.65
0.135027071433, 0.831380266882, 2.0300420386, 0.499706187001, 96.1516520052, 1.2270498047, 0.0150573732736, 0.00608775411733, 9.14145105695, 90.7223989169, 0.00590316679016, 0.0
0.147185904175, 0.865164360376, 2.0300420386, 0.441372269278, 23.819852366, 1.13072316669, 0.0473172212655, 0.00338951434023, 1.20645808283, 85.1495913259, 0.00380970362926, 0.578947368421
0.147185904175, 0.826153424483, 2.0300420386, 0.499706187001, 96.1516520052, 1.2270498047, 0.772944849647, 0.0131479649853, 1.06499116217, 59.4563666496, 0.00489621882537, 0.666666666667
0.135027071433, 1.01516351026, 2.1492016091, 0.678064011585, 30.5747252997, 1.06761700783, 0.303652405005, 0.0131479649853, 1.20645808283, 99.2331862666, 0.0051602981397, 0.0769230769231
0.714583869248, 0.893447782385, 2.1078082811, 0.534093959966, 96.1516520052, 32.5135235094, 0.303652405005, 2.66985427774, 1.14848083003, 144.040714935, 0.0, 0.0
0.147185904175, 1.09722661541, 2.1492016091, 0.499706187001, 30.5747252997, 1.2270498047, 0.0185772683819, 0.0131479649853, 7.34081315089, 118.977305826, 0.00201427581831, 0.0
0.147185904175, 1.09722661541, 2.1464784454, 0.499706187001, 30.5747252997, 1.2270498047, 0.772944849647, 0.0131479649853, 1.20645808283, 106.395827108, 0.00377193822735, 0.0
0.714583869248, 0.890926912406, 2.46130328751, 0.401079379306, 96.1516520052, 35.7048817001, 0.303652405005, 2.66985427774, 1.20645808283, 131.237006022, 0.0, 0.5
0.103661610382, 1.09722661541, 2.1492016091, 0.499706187001, 21.0214813599, 1.2270498047, 0.772944849647, 0.0131479649853, 1.09208225289, 118.029476507, 0.00321449785627, 0.571428571429
0.147185904175, 1.09722661541, 2.1492016091, 0.531581959621, 30.5747252997, 1.2270498047, 0.772944849647, 0.0131479649853, 1.20645808283, 95.9775994753, 0.00573982957355, 0.428571428571
0.147185904175, 0.826153424483, 2.0300420386, 0.499706187001, 96.1516520052, 1.2270498047, 0.772944849647, 0.0131479649853, 1.06499116217, 72.2020744664, 0.0057817543163, 0.153846153846
0.107728069568, 0.831380266882, 2.0300420386, 0.499706187001, 30.5747252997, 1.2270498047, 0.0150573732736, 0.00608775411733, 1.20645808283, 64.2559867795, 0.00698016386987, 0.538461538462
0.103661610382, 1.09722661541, 2.1492016091, 0.67364546283, 30.5747252997, 1.2270498047, 0.772944849647, 0.0131479649853, 1.16203435228, 66.6248690461, 0.00628098915653, 0.217391304348
0.147185904175, 0.845270798602, 2.1464784454, 0.401079379306, 30.5747252997, 1.2270498047, 0.772944849647, 0.0131479649853, 9.96541492403, 89.7570638593, 0.00951511184563, 0.0
0.220213254438, 1.16056710368, 2.15360838818, 0.415407250032, 65.6005022889, 1.37564282292, 0.408436631057, 4.19751643396, 1.14285372986, 87.2277723799, 0.010431443162, 0.1
0.218115048212, 1.13680573336, 2.02846829518, 0.410446396972, 20.3795624559, 1.37564282292, 0.772944849647, 0.0131479649853, 5.23275442206, 84.7556175125, 0.0181414948126, 0.0
0.147185904175, 0.826153424483, 2.1492016091, 0.506505285327, 39.2215988776, 1.2270498047, 0.0585396679388, 0.0131479649853, 9.36301777494, 69.676280774, 0.0174621298536, 0.105263157895
0.396379159085, 1.13907498276, 2.01132262504, 0.53130515102, 21.0214813599, 1.2270498047, 0.0599969144016, 0.00338951434023, 1.20645808283, 60.6989247849, 0.0373282089148, 0.0
0.432198627817, 1.09722661541, 2.22256755807, 0.511655922478, 42.0668567172, 1.2270498047, 0.0185047815562, 2.03636748736, 22.3958563831, 74.5136614164, 0.0232807830255, 0.0
0.290233930825, 0.837217892339, 2.00900271857, 0.499706187001, 42.0668567172, 4.37747432509, 0.571409361642, 2.14128710829, 22.3958563831, 89.2158970648, 0.0122905075301, 0.0
0.396379159085, 0.826153424483, 2.01132262504, 0.53130515102, 21.0214813599, 1.2270498047, 0.0599969144016, 0.00338951434023, 1.20645808283, 59.6163242263, 0.0115158860224, 0.5
0.147185904175, 0.826153424483, 2.0300420386, 0.499706187001, 96.1516520052, 1.2270498047, 0.772944849647, 0.00842640411545, 1.20645808283, 57.707780923, 0.0255627265244, 0.615384615385
0.1104592209, 0.909179437818, 2.0300420386, 0.441372269278, 30.5747252997, 1.2270498047, 0.772944849647, 0.00338951434023, 1.02007024681, 113.937612543, 0.00208308553269, 0.666666666667
0.147185904175, 0.825377105993, 2.0300420386, 0.499706187001, 96.1516520052, 1.2270498047, 0.772944849647, 0.00842640411545, 1.20645808283, 63.4202831496, 0.00673876294035, 0.65
0.126388995596, 1.09722661541, 2.1492016091, 0.506505285327, 21.0214813599, 1.2270498047, 0.0585396679388, 0.0131479649853, 9.36301777494, 105.820048236, 0.0066606983151, 0.0
0.147185904175, 0.826153424483, 2.0300420386, 0.499706187001, 96.1516520052, 1.2270498047, 0.0599969144016, 0.00842640411545, 1.20645808283, 104.492953469, 0.00679011511403, 0.0
0.103396922067, 0.825377105993, 2.0300420386, 0.499706187001, 30.5747252997, 1.2270498047, 0.426657769077, 0.00608775411733, 1.20645808283, 92.7911519853, 0.00732124487288, 0.0
0.135027071433, 0.826153424483, 2.0300420386, 0.499706187001, 96.1516520052, 1.01302542104, 0.772944849647, 0.00842640411545, 1.20645808283, 91.0217364716, 0.00388867082189, 0.78125
0.147185904175, 0.825377105993, 2.01710363462, 0.424083569523, 96.1516520052, 1.2270498047, 0.772944849647, 0.00842640411545, 1.20645808283, 78.8580922632, 0.00503483779418, 0.708333333333
0.129002531641, 1.12985189221, 2.46130328751, 0.499706187001, 21.0214813599, 9.97149420078, 0.0185772683819, 4.01460298402, 9.36301777494, 162.039181261, 0.0, 0.0
0.135027071433, 1.01516351026, 2.0300420386, 0.678064011585, 30.5747252997, 1.06761700783, 0.303652405005, 0.0131479649853, 15.7846668686, 123.666185043, 0.00284038676659, 0.0833333333333
0.147185904175, 1.18677888779, 2.06801131862, 0.683163612667, 21.0214813599, 1.2270498047, 0.0473172212655, 0.0131479649853, 12.442536874, 123.114988667, 0.00376504446228, 0.0
0.147185904175, 0.893447782385, 2.0300420386, 0.441372269278, 23.819852366, 1.2270498047, 0.772944849647, 0.00338951434023, 1.20645808283, 121.102580104, 0.00220318851417, 0.461538461538
0.147185904175, 1.09722661541, 2.1492016091, 0.499706187001, 21.0214813599, 1.2270498047, 0.0585396679388, 0.0131479649853, 9.36301777494, 146.038092884, 0.00343250488857, 0.0
0.147185904175, 1.09722661541, 2.1492016091, 0.499706187001, 21.0214813599, 1.2270498047, 0.0585396679388, 0.0131479649853, 41.0608556955, 151.140620324, 0.0032959048146, 0.0
0.147185904175, 0.890926912406, 2.1492016091, 0.499706187001, 30.5747252997, 1.2270498047, 0.151288325801, 2.66985427774, 1.08370308032, 118.540155036, 0.00446592291388, 0.0909090909091
0.1104592209, 0.909179437818, 2.0300420386, 0.441372269278, 30.5747252997, 1.2270498047, 0.772944849647, 0.00338951434023, 1.02007024681, 107.240796347, 0.00534185281893, 0.0
0.1104592209, 0.909179437818, 2.0300420386, 0.441372269278, 30.5747252997, 1.2270498047, 0.496928654221, 0.00256769859468, 1.02007024681, 86.210041375, 0.00680581719911, 0.2
0.129916208937, 1.13680573336, 2.02846829518, 0.455757134861, 20.3795624559, 1.2270498047, 0.772944849647, 0.0131479649853, 5.23275442206, 99.1091981995, 0.00679871881301, 0.307692307692
0.396379159085, 1.13907498276, 2.01132262504, 0.53130515102, 21.0214813599, 1.2270498047, 0.772944849647, 0.00338951434023, 1.20645808283, 84.1791672943, 0.0144111204106, 0.4
0.147185904175, 0.909179437818, 2.0300420386, 0.441372269278, 30.5747252997, 1.2270498047, 0.772944849647, 0.00338951434023, 1.20645808283, 82.0530934928, 0.00698155301085, 0.428571428571
0.126388995596, 1.09722661541, 2.22256755807, 0.511655922478, 42.0668567172, 1.2270498047, 0.0185047815562, 2.03636748736, 15.7009486838, 91.7932781577, 0.0117397421109, 0.047619047619
0.714583869248, 0.840500774384, 2.46130328751, 0.548796605588, 97.9895212525, 32.5135235094, 0.303652405005, 2.66985427774, 1.50495205431, 65.9599087136, 0.421060861832, 0.0
0.714583869248, 0.866776399445, 2.46130328751, 0.548796605588, 96.1516520052, 32.5135235094, 0.303652405005, 0.414633258269, 19.1892247096, 61.1762001913, 0.527726768821, 0.461538461538
0.290233930825, 0.837217892339, 2.00900271857, 0.499706187001, 65.6005022889, 4.37747432509, 0.571409361642, 2.14128710829, 16.2600241769, 70.3510985334, 0.119045809433, 0.409090909091
0.714583869248, 0.8344337029, 2.46130328751, 0.548796605588, 96.1516520052, 32.5135235094, 0.303652405005, 0.0131479649853, 1.50495205431, 65.6963571794, 0.417883037294, 0.4375
0.754333184738, 0.82249205301, 2.0300420386, 0.499706187001, 96.1516520052, 17.0732207573, 0.772944849647, 0.00842640411545, 1.20645808283, 78.2575941166, 0.26821692321, 0.375
0.714583869248, 0.840500774384, 2.46130328751, 0.548796605588, 97.9895212525, 32.5135235094, 0.303652405005, 2.66985427774, 1.50495205431, 82.0159391242, 0.0819806640485, 0.0
0.147185904175, 1.12647317485, 2.1492016091, 0.47319525099, 30.5747252997, 9.80386692579, 0.772944849647, 3.84200906194, 12.442536874, 81.8252727978, 0.103633804521, 0.416666666667
0.432198627817, 1.19677831825, 2.22256755807, 0.511655922478, 42.0668567172, 1.2270498047, 0.0157348977016, 2.03636748736, 22.3958563831, 92.7654029191, 0.0335802152602, 0.0
0.171809523404, 0.943966617544, 2.1492016091, 0.506505285327, 77.0819676016, 1.2270498047, 0.183159810825, 0.0131479649853, 32.6239243939, 91.3598837621, 0.0219565941717, 0.173913043478
0.129916208937, 0.823581106575, 2.1492016091, 0.499706187001, 20.3795624559, 1.2270498047, 0.21819352858, 0.0131479649853, 5.23275442206, 67.2123655253, 0.0163129459504, 0.631578947368
0.147185904175, 0.826153424483, 2.0300420386, 0.499706187001, 96.1516520052, 1.2270498047, 0.772944849647, 0.00842640411545, 1.20645808283, 59.9088520049, 0.0240676702004, 0.521739130435
0.220213254438, 1.16056710368, 2.15360838818, 0.410446396972, 65.6005022889, 1.37564282292, 0.772944849647, 4.19751643396, 1.20645808283, 75.3513379929, 0.0161646287926, 0.538461538462
0.104089764348, 0.826153424483, 2.0300420386, 0.400311394199, 96.1516520052, 1.2270498047, 0.426657769077, 0.00608775411733, 1.20645808283, 63.4876611889, 0.00760363132532, 0.703703703704
0.131736746161, 0.821640368186, 2.0300420386, 0.499706187001, 96.1516520052, 1.06761700783, 0.772944849647, 0.00842640411545, 1.20645808283, 71.5481430653, 0.00743958862832, 0.695652173913
0.147185904175, 0.845270798602, 2.1464784454, 0.401079379306, 43.6509367193, 1.2270498047, 0.772944849647, 0.0131479649853, 9.96541492403, 99.8574198084, 0.0126131350637, 0.0
0.147185904175, 1.09722661541, 2.1492016091, 0.506505285327, 39.2215988776, 1.2270498047, 0.0585396679388, 0.0131479649853, 9.36301777494, 101.35222665, 0.00811298890943, 0.125
0.107728069568, 0.826153424483, 2.0300420386, 0.400311394199, 96.1516520052, 1.01105399641, 0.426657769077, 0.00608775411733, 1.20645808283, 84.0000596581, 0.0052831660143, 0.78125
0.147185904175, 1.09722661541, 2.11194013896, 0.499706187001, 30.5747252997, 1.2270498047, 0.772944849647, 0.0131479649853, 27.6180034874, 187.828382977, 0.00320608428624, 0.0
0.714583869248, 0.893447782385, 2.1492016091, 0.548796605588, 30.5747252997, 37.1543830599, 0.303652405005, 2.66985427774, 1.09833498529, 67.0769235811, 0.506159242295, 0.222222222222
0.714583869248, 0.893447782385, 2.1078082811, 0.401079379306, 96.1516520052, 32.5135235094, 0.303652405005, 2.66985427774, 1.20774206709, 76.2164546181, 0.566559356579, 0.0625
0.147185904175, 0.845270798602, 2.1464784454, 0.401079379306, 30.5747252997, 1.2270498047, 0.772944849647, 0.0131479649853, 1.20645808283, 77.6489893806, 0.00753993641429, 0.774193548387
0.714583869248, 0.893447782385, 2.1078082811, 0.401079379306, 96.1516520052, 32.5135235094, 0.303652405005, 2.66985427774, 1.20774206709, 74.3735697051, 0.397031865018, 0.4375
0.119094122499, 1.09722661541, 2.1492016091, 0.506505285327, 39.2215988776, 1.2270498047, 0.0585396679388, 0.0131479649853, 9.36301777494, 159.801125473, 0.00530531888885, 0.142857142857
0.129002531641, 1.12985189221, 2.46130328751, 0.544917665308, 63.1852350749, 9.97149420078, 0.0185772683819, 4.01460298402, 9.36301777494, 72.7000434092, 0.13762449851, 0.6
0.147185904175, 1.09722661541, 2.1492016091, 0.499706187001, 30.5747252997, 1.2270498047, 0.772944849647, 0.0131479649853, 17.5217458501, 140.117420611, 0.00536780280224, 0.0
0.147185904175, 1.09722661541, 2.1492016091, 0.499706187001, 30.5747252997, 1.2270498047, 0.772944849647, 0.0131479649853, 1.20645808283, 103.784951604, 0.00833570973146, 0.285714285714
0.290233930825, 0.837217892339, 2.00900271857, 0.499706187001, 42.0668567172, 4.37747432509, 0.571409361642, 4.51875246213, 22.3958563831, 80.3332262767, 0.202583740202, 0.55
0.858200744122, 0.826153424483, 2.15360838818, 0.401079379306, 96.1516520052, 18.4571537095, 0.303652405005, 4.19751643396, 1.14285372986, 71.7649466299, 0.326608621214, 0.5
0.714583869248, 0.826153424483, 2.46130328751, 0.401079379306, 96.1516520052, 32.5135235094, 0.303652405005, 2.66985427774, 1.14285372986, 81.7611174089, 0.498398960139, 0.0
0.714583869248, 0.826153424483, 2.21058097444, 0.401079379306, 96.1516520052, 32.5135235094, 0.303652405005, 2.66985427774, 1.14285372986, 74.9469923224, 0.449968225688, 0.166666666667
0.714583869248, 0.8344337029, 2.46130328751, 0.548796605588, 96.1516520052, 32.5135235094, 0.303652405005, 0.0131479649853, 1.50495205431, 82.8097786892, 0.271000270537, 0.0
0.147185904175, 0.91892055243, 2.6956816825, 0.548796605588, 30.5747252997, 32.5135235094, 0.772944849647, 0.0131479649853, 5.42023089918, 71.4487322804, 0.376928935401, 0.5625
0.714583869248, 0.8344337029, 2.0300420386, 0.548796605588, 96.1516520052, 32.5135235094, 0.303652405005, 0.0131479649853, 1.50495205431, 74.8776216356, 0.421223182478, 0.2
0.103661610382, 1.09722661541, 2.1492016091, 0.499706187001, 30.5747252997, 1.2270498047, 0.772944849647, 0.0131479649853, 1.16203435228, 128.53595088, 0.00349422836768, 0.235294117647
0.147185904175, 1.09722661541, 2.46130328751, 0.499706187001, 30.5747252997, 1.2270498047, 0.772944849647, 0.0131479649853, 17.5217458501, 177.10211242, 0.00382342482841, 0.0666666666667
0.147185904175, 1.09722661541, 2.1492016091, 0.499706187001, 30.5747252997, 1.2270498047, 0.772944849647, 4.19751643396, 43.9014691114, 166.843055749, 0.00429877734464, 0.0
0.547852365211, 0.837217892339, 2.22256755807, 0.455757134861, 42.0668567172, 4.37747432509, 0.649600499491, 2.03636748736, 22.3958563831, 81.0418419023, 0.223191074429, 0.533333333333
0.1104592209, 0.909179437818, 2.0300420386, 0.441372269278, 30.5747252997, 1.2270498047, 0.772944849647, 0.00338951434023, 1.02007024681, 115.348072119, 0.00685881304667, 0.111111111111
0.714583869248, 1.09722661541, 2.00206024075, 0.401079379306, 30.5747252997, 1.2270498047, 0.303652405005, 3.11089835969, 1.20645808283, 68.8925808946, 0.100537751615, 0.611111111111
0.147185904175, 1.05598028738, 2.1492016091, 0.499706187001, 30.5747252997, 1.2270498047, 0.0185772683819, 0.0131479649853, 7.34081315089, 108.700773807, 0.00971358519984, 0.0909090909091
0.714583869248, 0.893447782385, 2.1078082811, 0.401079379306, 39.2215988776, 1.2270498047, 0.303652405005, 2.66985427774, 1.20774206709, 67.7918378728, 0.0701467063922, 0.742857142857
0.129916208937, 0.823581106575, 2.1492016091, 0.499706187001, 20.3795624559, 17.0732207573, 0.21819352858, 0.0131479649853, 9.36301777494, 89.9135631819, 0.0834616104224, 0.0
