0.147185904175, 1.09722661541, 2.1492016091, 0.499706187001, 30.5747252997, 1.2270498047, 0.772944849647, 0.0131479649853, 17.5217458501, 140.117420611, 0.00536780280224, 0.0
0.147185904175, 1.09722661541, 2.1492016091, 0.531581959621, 30.5747252997, 1.2270498047, 0.772944849647, 0.0131479649853, 1.20645808283, 95.9775994753, 0.00573982957355, 0.428571428571
0.126388995596, 1.09722661541, 2.1492016091, 0.506505285327, 21.0214813599, 1.2270498047, 0.0585396679388, 0.0131479649853, 9.36301777494, 105.820048236, 0.0066606983151, 0.0
0.432198627817, 1.09722661541, 2.22256755807, 0.511655922478, 42.0668567172, 1.2270498047, 0.0185047815562, 2.03636748736, 22.3958563831, 74.5136614164, 0.0232807830255, 0.0
0.714583869248, 0.8344337029, 2.46130328751, 0.548796605588, 96.1516520052, 32.5135235094, 0.303652405005, 0.0131479649853, 1.50495205431, 65.6963571794, 0.417883037294, 0.4375
0.147185904175, 1.09722661541, 2.1492016091, 0.499706187001, 21.0214813599, 1.2270498047, 0.0585396679388, 0.0131479649853, 9.36301777494, 146.038092884, 0.00343250488857, 0.0
0.147185904175, 1.09722661541, 2.1492016091, 0.499706187001, 30.5747252997, 1.2270498047, 0.772944849647, 0.0131479649853, 17.5217458501, 95.6615612476, 0.0123345822481, 0.333333333333
0.147185904175, 1.09722661541, 2.1492016091, 0.499706187001, 21.0214813599, 1.2270498047, 0.0585396679388, 0.0131479649853, 41.0608556955, 151.140620324, 0.0032959048146, 0.0
0.220213254438, 1.14416919534, 2.15360838818, 0.424083569523, 65.6005022889, 1.37564282292, 0.653707349205, 4.19751643396, 16.2600241769, 122.22362496, 0.0227968551172, 0.0666666666667
0.351684153909, 0.996744481779, 2.15360838818, 0.424083569523, 77.0819676016, 1.37564282292, 0.408436631057, 4.19751643396, 16.2600241769, 135.451660533, 0.0229487018898, 0.0
0.126388995596, 1.09722661541, 2.1492016091, 0.499706187001, 21.0214813599, 1.2270498047, 0.0585396679388, 0.0131479649853, 9.36301777494, 119.208212233, 0.0125081300805, 0.272727272727
0.147185904175, 1.19928324901, 2.1492016091, 0.499706187001, 30.5747252997, 1.2270498047, 0.772944849647, 0.0131479649853, 41.0608556955, 120.085367499, 0.00970873721972, 0.142857142857
0.220213254438, 0.871709645623, 2.15360838818, 0.683163612667, 17.5635438238, 1.3842809359, 1.64626321841, 4.81440613774, 1.50495205431, 138.770467798, 0.0135926547496, 0.0
0.147185904175, 0.826153424483, 2.1492016091, 0.499706187001, 30.5747252997, 1.2270498047, 0.772944849647, 0.0131479649853, 43.5534964979, 143.608934164, 0.00676553583391, 0.0
0.369209433111, 0.882674912295, 3.03850375696, 0.652979915864, 26.9331799387, 38.7283197478, 0.0585396679388, 2.6074283332, 17.7325383722, 98.7769079085, 0.251302990877, 0.0
0.272437640912, 0.868039478668, 3.50184405575, 0.683547809171, 82.5571795415, 31.0864422203, 0.854174749434, 4.07347115445, 11.6302245987, 88.5854570368, 0.271394969588, 0.0
0.147185904175, 1.09722661541, 2.1492016091, 0.499706187001, 30.5747252997, 32.5135235094, 0.772944849647, 0.0131479649853, 17.5217458501, 98.1054697466, 0.21202939987, 0.2
0.290233930825, 0.837217892339, 2.00900271857, 0.499706187001, 42.0668567172, 4.37747432509, 0.571409361642, 2.14128710829, 22.3958563831, 90.0106279195, 0.148296190361, 0.588235294118
0.171809523404, 1.12985189221, 2.1492016091, 0.544917665308, 77.0819676016, 1.2270498047, 0.183159810825, 0.0131479649853, 7.34081315089, 117.084519149, 0.0336620675008, 0.0625
0.171809523404, 1.12985189221, 2.46130328751, 0.544917665308, 77.0819676016, 9.97149420078, 0.0185772683819, 4.01460298402, 9.36301777494, 130.040922718, 0.0531707958407, 0.0
0.714583869248, 0.840500774384, 2.46130328751, 0.548796605588, 97.9895212525, 32.5135235094, 0.303652405005, 2.66985427774, 1.50495205431, 76.2744895803, 0.546165760288, 0.1875
0.147185904175, 1.09722661541, 2.1492016091, 0.499706187001, 30.5747252997, 32.5135235094, 0.772944849647, 0.0131479649853, 17.5217458501, 84.9881649457, 0.296951710787, 0.363636363636
0.220213254438, 1.16056710368, 2.15360838818, 0.424083569523, 65.6005022889, 1.37564282292, 0.346428488717, 4.19751643396, 16.2600241769, 101.950282868, 0.0234700883197, 0.272727272727
0.369209433111, 0.997707350963, 4.0731183521, 0.652979915864, 26.9331799387, 38.7283197478, 0.0585396679388, 3.3770658834, 17.7325383722, 108.796670738, 0.177607981102, 0.0
0.147185904175, 1.09722661541, 2.1492016091, 0.47319525099, 30.5747252997, 9.80386692579, 0.772944849647, 3.84200906194, 41.0608556955, 109.06169762, 0.0822809714967, 0.0
0.714583869248, 0.893447782385, 2.46130328751, 0.401079379306, 96.1516520052, 32.5135235094, 0.303652405005, 2.66985427774, 1.50495205431, 92.4508396146, 0.216255872862, 0.466666666667
0.351684153909, 0.996744481779, 2.15360838818, 0.424083569523, 77.0819676016, 38.7283197478, 0.408436631057, 4.19751643396, 7.4840159188, 88.0506834837, 0.431084412397, 0.333333333333
0.714583869248, 0.893447782385, 2.1078082811, 0.401079379306, 96.1516520052, 32.5135235094, 0.303652405005, 2.66985427774, 1.20774206709, 76.2164546181, 0.566559356579, 0.0625
0.220213254438, 1.16056710368, 2.15360838818, 0.424083569523, 65.6005022889, 1.37564282292, 0.408436631057, 4.19751643396, 16.2600241769, 99.928899527, 0.0293727913371, 0.125
0.290233930825, 0.837217892339, 2.00900271857, 0.499706187001, 42.0668567172, 4.37747432509, 0.571409361642, 2.14128710829, 22.3958563831, 92.9246410536, 0.10046539962, 0.647058823529
0.714583869248, 0.826153424483, 2.46130328751, 0.401079379306, 96.1516520052, 32.5135235094, 0.303652405005, 2.66985427774, 1.14285372986, 81.7611174089, 0.498398960139, 0.0
0.147185904175, 0.826153424483, 2.0300420386, 0.499706187001, 30.5747252997, 1.2270498047, 0.772944849647, 0.00842640411545, 1.20645808283, 112.563547437, 0.0158218745144, 0.5
0.102516924031, 0.868039478668, 5.88954000667, 0.424083569523, 34.8741996417, 2.04015478272, 0.770569016267, 4.67649965712, 41.3455927632, 372.286020685, 0.00439210354103, 0.125
0.147185904175, 1.19928324901, 2.1492016091, 0.499706187001, 30.5747252997, 1.2270498047, 0.772944849647, 0.0131479649853, 41.0608556955, 199.49380639, 0.00474259216699, 0.0
0.147185904175, 1.09722661541, 2.1492016091, 0.499706187001, 30.5747252997, 1.2270498047, 0.772944849647, 0.0131479649853, 43.5534964979, 121.603976946, 0.0213536846201, 0.3
0.147185904175, 1.09722661541, 2.1492016091, 0.499706187001, 30.5747252997, 1.2270498047, 0.772944849647, 0.0131479649853, 17.5217458501, 140.296461526, 0.0106541344109, 0.1875
0.147185904175, 0.823581106575, 2.83589806284, 0.499706187001, 30.5747252997, 1.2270498047, 0.889185217008, 0.0131479649853, 17.5217458501, 120.26733844, 0.0216485986549, 0.314285714286
0.147185904175, 1.12443218711, 2.1492016091, 0.621726858308, 65.6005022889, 1.37564282292, 0.772944849647, 4.95617521324, 18.7484172612, 123.270979558, 0.0197109335056, 0.222222222222
0.147185904175, 1.09722661541, 2.1492016091, 0.499706187001, 30.5747252997, 1.2270498047, 0.772944849647, 4.19751643396, 41.0608556955, 127.782524456, 0.0111998449905, 0.230769230769
0.272437640912, 0.868039478668, 3.50184405575, 0.683547809171, 30.5747252997, 1.2270498047, 0.854174749434, 3.5384515803, 11.6302245987, 165.359519802, 0.0139606964476, 0.0
0.147185904175, 1.09722661541, 2.1492016091, 0.499706187001, 30.5747252997, 1.2270498047, 0.772944849647, 0.0131479649853, 41.0608556955, 184.445322233, 0.00742706424662, 0.0
0.147185904175, 1.09722661541, 2.1492016091, 0.499706187001, 30.5747252997, 1.2270498047, 0.772944849647, 0.0131479649853, 41.0608556955, 159.884292574, 0.00686663714028, 0.266666666667
0.147185904175, 1.09722661541, 2.1492016091, 0.499706187001, 30.5747252997, 1.2270498047, 0.772944849647, 0.0131479649853, 17.5217458501, 154.237780827, 0.00862421893834, 0.357142857143
0.129916208937, 1.12985189221, 2.7041205267, 0.544917665308, 77.0819676016, 1.25889758589, 0.772944849647, 4.01460298402, 9.36301777494, 184.239723036, 0.0116331702177, 0.125
0.147185904175, 1.09722661541, 2.1492016091, 0.47319525099, 30.5747252997, 1.2270498047, 0.197397653199, 2.66985427774, 17.5217458501, 149.509696411, 0.0195902261806, 0.0555555555556
0.581690557856, 0.890926912406, 2.46130328751, 0.401079379306, 96.1516520052, 32.5135235094, 0.303652405005, 4.01460298402, 1.20645808283, 107.963448304, 0.354029942744, 0.0
0.714583869248, 0.840500774384, 2.46130328751, 0.548796605588, 97.9895212525, 32.5135235094, 0.303652405005, 2.66985427774, 1.50495205431, 95.3406575253, 0.481684155565, 0.190476190476
0.432198627817, 1.09722661541, 2.22256755807, 0.511655922478, 42.0668567172, 1.2270498047, 0.0185047815562, 2.03636748736, 22.3958563831, 124.128107578, 0.0520274149845, 0.1
0.376696650297, 0.826153424483, 2.83589806284, 0.499706187001, 30.5747252997, 1.2270498047, 0.0585396679388, 2.99647864604, 17.5217458501, 142.076076528, 0.0387658732571, 0.1
0.286353716561, 0.837217892339, 2.46130328751, 0.549595531963, 42.0668567172, 4.37747432509, 0.422218102364, 2.03636748736, 22.3958563831, 130.739965983, 0.0589792367215, 0.0
0.147185904175, 1.19928324901, 2.1492016091, 0.614177528837, 65.6005022889, 1.37564282292, 0.772944849647, 4.95617521324, 18.7484172612, 104.822162938, 0.0289937032577, 0.411764705882
0.147185904175, 1.09722661541, 2.1492016091, 0.499706187001, 30.5747252997, 1.2270498047, 0.772944849647, 0.0131479649853, 17.5217458501, 119.302635299, 0.0265129284838, 0.44
0.547852365211, 0.837217892339, 2.22256755807, 0.455757134861, 42.0668567172, 4.37747432509, 0.649600499491, 2.03636748736, 22.3958563831, 123.01623067, 0.0938568125236, 0.0
0.272437640912, 0.868039478668, 3.50184405575, 0.683547809171, 66.8784513797, 31.0864422203, 0.854174749434, 3.5384515803, 11.6302245987, 117.63184499, 0.325127938504, 0.0
0.714583869248, 0.890926912406, 2.46130328751, 0.401079379306, 96.1516520052, 32.5135235094, 0.303652405005, 2.66985427774, 1.20645808283, 110.118407352, 0.134892896825, 0.1
0.171809523404, 1.12985189221, 2.43124682754, 0.544917665308, 77.0819676016, 9.97149420078, 0.0185772683819, 4.01460298402, 9.36301777494, 125.607048056, 0.0872055833619, 0.0
0.432198627817, 1.09722661541, 2.22256755807, 0.455757134861, 42.0668567172, 4.37747432509, 0.0267507815755, 2.03636748736, 22.3958563831, 104.082574677, 0.162804796141, 0.5
0.272437640912, 0.868039478668, 2.67267688515, 0.691174656151, 82.5571795415, 31.0864422203, 0.854174749434, 4.07347115445, 20.099201321, 100.527437003, 0.435735420703, 0.529411764706
0.714583869248, 0.890926912406, 2.43124682754, 0.401079379306, 96.1516520052, 17.5226430977, 0.173637999039, 2.66985427774, 8.20210094078, 107.168116677, 0.390464907349, 0.222222222222
0.453450325048, 0.837217892339, 3.26841402431, 0.455757134861, 42.0668567172, 4.37747432509, 0.571409361642, 2.03636748736, 22.3958563831, 111.925310838, 0.0848120445161, 0.222222222222
0.307233456977, 1.16056710368, 2.15360838818, 0.424083569523, 65.6005022889, 1.37564282292, 0.408436631057, 2.66985427774, 3.60619084346, 117.346836197, 0.053281294434, 0.387096774194
0.779715617697, 0.826153424483, 2.94086220089, 0.441372269278, 32.9565328743, 22.300806902, 0.459764644506, 2.99647864604, 40.3715561045, 98.9296580737, 0.475230271812, 0.647058823529
0.779715617697, 0.826153424483, 2.94086220089, 0.499706187001, 8.3914772632, 22.300806902, 0.459764644506, 0.00842640411545, 43.4840972202, 102.493952205, 0.502767042256, 0.0
0.116291890044, 1.05351008966, 5.15928259807, 0.600099592388, 2.71142836001, 1.25889758589, 2.8272721101, 0.913233302428, 16.4273838191, 897.119896154, 0.00538196035181, 0.0
0.120927499864, 1.05351008966, 3.93727504438, 0.544917665308, 62.470577677, 1.25889758589, 0.246191776248, 4.01460298402, 17.0571876721, 206.07190075, 0.00509606005589, 0.142857142857
0.171809523404, 1.16974189781, 8.42900960332, 0.544917665308, 77.0819676016, 1.29634161599, 0.00605955115734, 4.01460298402, 5.15749516036, 700.444625229, 0.00572686880153, 0.0
0.147185904175, 0.823581106575, 2.83589806284, 0.499706187001, 30.5747252997, 1.2270498047, 0.772944849647, 0.0131479649853, 17.5217458501, 156.134047655, 0.0168827949398, 0.2
0.147185904175, 0.909179437818, 2.0300420386, 0.441372269278, 30.5747252997, 1.2270498047, 0.772944849647, 2.99647864604, 1.20645808283, 129.078479847, 0.0212717275957, 0.695652173913
0.147185904175, 1.09722661541, 2.1492016091, 0.499706187001, 30.5747252997, 1.2270498047, 0.772944849647, 0.0131479649853, 1.20645808283, 133.370707038, 0.0129842149256, 0.615384615385
0.129002531641, 1.09722661541, 2.1492016091, 0.543250830192, 30.5747252997, 1.2270498047, 0.772944849647, 0.0131479649853, 17.5217458501, 144.400079314, 0.0132836165668, 0.285714285714
0.147185904175, 1.18677888779, 2.1492016091, 0.499706187001, 21.0214813599, 1.2270498047, 0.0585396679388, 0.0131479649853, 12.442536874, 135.031430048, 0.0143922139886, 0.411764705882
0.220213254438, 0.871709645623, 2.15360838818, 0.683163612667, 17.5635438238, 1.3842809359, 1.64626321841, 4.81440613774, 1.50495205431, 127.902478737, 0.0228321999203, 0.356164383562
0.262221862837, 1.09722661541, 2.1492016091, 0.499706187001, 30.5747252997, 1.2270498047, 0.772944849647, 0.00929150511299, 41.0608556955, 177.371637074, 0.0148041954113, 0.0
0.221196749883, 1.19519199738, 5.6161374585, 0.424083569523, 65.6005022889, 1.37564282292, 0.408436631057, 0.0131479649853, 16.2600241769, 471.528149282, 0.00872262067698, 0.0
0.355214010436, 0.961943885161, 6.17787073038, 0.600099592388, 49.6064357135, 3.38391638588, 0.649475101232, 1.46449364352, 12.6160433809, 258.215558788, 0.0100505350241, 0.0
0.116291890044, 1.02320169962, 4.57129024358, 0.600099592388, 4.09970967054, 1.09593548432, 2.8272721101, 0.0131479649853, 26.6235246199, 653.888281286, 0.00818729568967, 0.096
0.171809523404, 1.05339547019, 8.42900960332, 0.544917665308, 77.0819676016, 1.25889758589, 0.00605955115734, 4.01460298402, 5.15749516036, 342.077012894, 0.00825716638699, 0.125
0.124616035619, 1.09722661541, 2.1492016091, 0.499706187001, 30.5747252997, 1.37564282292, 0.772944849647, 4.19751643396, 41.0608556955, 235.142328727, 0.0115036119834, 0.0
0.116291890044, 1.12985189221, 3.11951316348, 0.424083569523, 62.4900928301, 2.04015478272, 1.95794231286, 4.01460298402, 26.6235246199, 338.739675012, 0.0100236421509, 0.0526315789474
0.453450325048, 1.09722661541, 2.1492016091, 0.499706187001, 30.5747252997, 1.2270498047, 0.772944849647, 0.00886065637685, 17.5217458501, 150.089057294, 0.0464914447875, 0.269230769231
0.147185904175, 0.826153424483, 2.1492016091, 0.47319525099, 30.5747252997, 9.80386692579, 0.197397653199, 2.66985427774, 41.0608556955, 134.308185411, 0.0785457408716, 0.0
0.272437640912, 0.868039478668, 2.67267688515, 0.691174656151, 66.8784513797, 31.0864422203, 0.854174749434, 4.07347115445, 11.6302245987, 105.620962206, 0.440958060732, 0.461538461538
0.147185904175, 1.02312023381, 2.1492016091, 0.499706187001, 21.0214813599, 1.2270498047, 0.0585396679388, 0.0131479649853, 9.36301777494, 127.594910884, 0.0401931474998, 0.423076923077
0.714583869248, 0.853450574868, 2.46130328751, 0.401079379306, 96.1516520052, 32.5135235094, 0.303652405005, 2.66985427774, 1.50495205431, 105.110827764, 0.469753373326, 0.451612903226
0.779715617697, 0.868259499482, 2.94086220089, 0.441372269278, 32.9565328743, 22.300806902, 0.649475101232, 2.99647864604, 18.7503432453, 112.911515653, 0.399198773025, 0.111111111111
0.290233930825, 0.837217892339, 2.79034673806, 0.455757134861, 42.0668567172, 4.37747432509, 0.571409361642, 2.03636748736, 22.3958563831, 131.296150359, 0.0902506205538, 0.0
0.369209433111, 0.882674912295, 3.03850375696, 0.652979915864, 26.9331799387, 38.7283197478, 0.0585396679388, 2.6074283332, 11.6302245987, 129.637248884, 0.314291730778, 0.2
0.714583869248, 0.893447782385, 2.46130328751, 0.548796605588, 96.1516520052, 14.4739368747, 0.303652405005, 2.66985427774, 1.50495205431, 111.225471659, 0.424075131237, 0.555555555556
0.147185904175, 0.826153424483, 2.1492016091, 0.499706187001, 30.5747252997, 9.80386692579, 0.772944849647, 4.19751643396, 41.0608556955, 115.453638102, 0.1414936453, 0.222222222222
0.290233930825, 0.837217892339, 2.79034673806, 0.455757134861, 42.0668567172, 5.93762845303, 0.571409361642, 2.03636748736, 22.3958563831, 112.849583779, 0.116416929, 0.65625
0.290233930825, 0.837217892339, 2.79034673806, 0.455757134861, 42.0668567172, 4.37747432509, 0.571409361642, 4.07347115445, 22.3958563831, 127.19314566, 0.125158603023, 0.529411764706
0.369209433111, 0.997707350963, 2.12973701242, 0.424083569523, 77.0819676016, 38.7283197478, 0.408436631057, 4.19751643396, 16.2600241769, 118.142912428, 0.510694360133, 0.0
0.714583869248, 0.893447782385, 2.46130328751, 0.548796605588, 96.1516520052, 32.5135235094, 0.303652405005, 2.66985427774, 1.50495205431, 105.137939451, 0.545089812688, 0.411764705882
0.120927499864, 1.17722101414, 3.93727504438, 0.669783283719, 77.0819676016, 1.25889758589, 0.0185772683819, 4.01460298402, 18.9603914504, 371.521765017, 0.00512072969207, 0.142857142857
0.147185904175, 1.09722661541, 2.1492016091, 0.455757134861, 21.0214813599, 1.07163704913, 0.0585396679388, 0.0131479649853, 41.0608556955, 219.840902289, 0.00726500298426, 0.181818181818
0.116291890044, 1.02320169962, 6.85529603088, 0.600099592388, 4.09970967054, 1.2270498047, 2.8272721101, 0.913233302428, 41.0608556955, 1106.00440466, 0.00736572494251, 0.0
0.147185904175, 0.823581106575, 2.83589806284, 0.499706187001, 30.5747252997, 1.2270498047, 0.772944849647, 0.0131479649853, 17.5217458501, 173.640417629, 0.0132464606767, 0.631578947368
0.432198627817, 1.09722661541, 2.22256755807, 0.455757134861, 42.0668567172, 4.37747432509, 0.0267507815755, 2.03636748736, 22.3958563831, 119.001077047, 0.148735527786, 0.411764705882
0.714583869248, 0.893447782385, 2.46130328751, 0.401079379306, 96.1516520052, 32.5135235094, 0.303652405005, 2.66985427774, 1.50495205431, 131.828801631, 0.681587780023, 0.0666666666667
0.116291890044, 1.02320169962, 7.76009145537, 0.600099592388, 4.09970967054, 1.2270498047, 2.8272721101, 0.913233302428, 41.0608556955, 1111.702737, 0.00795770984483, 0.0
