0.84229251655, 0.931755029631, 87.9843392402, 0.603581454877, 6.78101124355, 7.02427424263, 0.343802541829, 4.90568728999, 10.5974627453, 3682.0602453, 0.349681456559, 0.652173913043
0.894527226253, 0.836633452524, 87.1092538317, 0.545720311955, 22.3737501972, 24.469763469, 1.01566941501, 4.92266460841, 5.45383509238, 3333.14632328, 0.476396326674, 0.305084745763
0.790558411213, 0.931726492188, 85.8551855396, 0.597067736107, 10.0271655056, 10.4663030344, 0.906939581421, 4.9659568028, 6.559266019, 3290.88380316, 0.507272249443, 0.485714285714
0.699397063676, 0.831674437944, 84.6148485052, 0.553972658398, 41.1940881024, 9.91991392612, 0.49976847471, 4.52796326052, 2.160997413, 1745.50477322, 0.365084756344, 0.315789473684
0.854249409226, 0.851892201569, 94.9015873723, 0.691532315569, 11.4302810451, 16.489031501, 1.07069627901, 4.61959408997, 8.52754952223, 2932.37570917, 0.428584917196, 0.157894736842
0.645937154735, 0.858728096615, 93.5499444687, 0.610322137892, 1.36654847587, 22.8596620832, 1.14181472157, 4.86537474262, 2.44186460671, 3145.5684642, 0.388728195859, 0.494252873563
0.856949393764, 0.916832995612, 91.0943327171, 0.543212181509, 4.39606708409, 26.3942730271, 1.39911611979, 4.66976739043, 7.13223556854, 5246.75129356, 0.297059339067, 0.0454545454545
0.887938828775, 0.856514689279, 92.6886310677, 0.607457430447, 33.4464642708, 26.9324789642, 1.05258243901, 4.99258595555, 10.1234713222, 5178.55138335, 0.524295501399, 0.315789473684
0.782400469915, 0.840305691589, 90.155952802, 0.645039406291, 59.7489061558, 2.17447146086, 0.237276888513, 4.85342260088, 12.2326787109, 1938.75530871, 0.0684771373681, 0.0
0.764841325281, 0.956104054229, 82.0337416867, 0.613849931176, 4.49093002543, 12.7320583044, 1.23026704152, 4.84838326734, 15.6662822089, 5733.63751859, 0.436002352673, 0.182926829268
0.797520263829, 1.00658066493, 93.3445866957, 0.693332770292, 4.05462507479, 7.05089995888, 1.38088077858, 3.50960196809, 8.46417402931, 7364.04190542, 0.326857563281, 0.405797101449
0.774033095194, 0.844028712258, 88.2521881658, 0.698598449919, 20.3088214599, 6.93108905016, 1.63551237925, 4.56049930838, 4.68517915626, 3749.11499393, 0.385938928441, 0.430769230769
0.864869994112, 0.859935739958, 93.4040110928, 0.595478598044, 84.10052846, 4.7817775459, 0.268970877316, 4.02589168116, 10.1841227366, 3601.69623995, 0.165118424885, 0.0
0.771073862756, 0.981910463993, 88.907752604, 0.505902265857, 50.5309271317, 14.8799207195, 0.674232912459, 3.58934832268, 9.07556203019, 6520.28414434, 0.400384403934, 0.631578947368
0.80457642943, 0.869358181487, 93.639268778, 0.6238734618, 15.0284680176, 5.92076280874, 1.35193082485, 4.35510203376, 11.1385590396, 5547.58435244, 0.35905716315, 0.623188405797
0.707411815088, 0.851224404975, 88.2368659831, 0.603623579675, 18.5375455398, 9.9137677259, 1.1607327636, 3.6469735389, 12.054327413, 3930.2339628, 0.150841171919, 0.0344827586207
0.898471422333, 1.09251630255, 92.0105900403, 0.603391158465, 1.96623002852, 10.6100112233, 1.41452642194, 4.90518420181, 16.3954125027, 15034.934129, 0.437530511967, 0.121212121212
0.823960658503, 0.843248241538, 90.8157498699, 0.549809312169, 78.0702331226, 3.29798158076, 0.73356585655, 4.66925640224, 5.8913274852, 2757.8020242, 0.117028076755, 0.0
0.826338010859, 0.990714577309, 87.5165800762, 0.662008738121, 41.5001935213, 2.47403392326, 1.54255239014, 3.78740906515, 3.523004973, 8595.1203902, 0.193162204955, 0.666666666667
0.67711278829, 1.03731546503, 92.3601680843, 0.596703514199, 35.2852896969, 5.18379521497, 0.684971551157, 4.91873590081, 13.4299419596, 7741.62074753, 0.206794038696, 0.0
0.836357475689, 0.909303623578, 85.631177391, 0.656274270205, 69.2326528749, 10.9641120878, 1.22646108837, 4.96332140018, 6.19571671388, 4154.49681167, 0.45046752719, 0.535211267606
0.752672288887, 0.870674386473, 87.1652790697, 0.647725898393, 31.7079084769, 7.03964674763, 0.971274065363, 3.12494249763, 18.6604836007, 3811.78739846, 0.365765762752, 0.526315789474
0.809679241764, 0.855824506403, 94.1959896802, 0.630515239547, 29.1926817653, 15.6361760985, 1.4765560499, 4.19840381289, 11.7392002034, 4089.78492889, 0.41620710746, 0.025641025641
0.749249279123, 0.965828297401, 93.9111750017, 0.645727371385, 15.167313438, 19.978580471, 1.44152722237, 3.71562524443, 12.3101007846, 7367.18290721, 0.486532214963, 0.434782608696
0.786292157597, 0.829486946432, 81.0725876054, 0.607677718038, 69.5010813588, 10.9837282618, 1.17659050398, 4.75028704721, 9.10436553851, 3331.13284741, 0.388590479355, 0.202247191011
0.67840170473, 0.843611461195, 81.5454774667, 0.5918644874, 24.1697134017, 7.54211887958, 1.12527772341, 3.74998938787, 19.3830540251, 4204.74903029, 0.310165817515, 0.347826086957
0.843627701513, 0.947418904648, 91.4168906385, 0.620607653029, 39.9407407698, 11.9227419114, 1.43616844121, 2.3426488234, 8.86128696202, 6364.08368679, 0.458528912207, 0.435643564356
0.76486173626, 0.821957983797, 88.2686640179, 0.593967672001, 69.8522170715, 1.04159327212, 1.13540674171, 4.71485956261, 6.02684379981, 3839.119389, 0.0748117878721, 0.344827586207
0.694802580514, 0.862031676089, 88.2749986464, 0.634818890922, 4.8385472293, 15.0861315117, 1.70537780927, 4.80834860419, 15.2844817156, 4176.74948407, 0.236550918873, 0.0
0.664996905081, 0.824145547082, 87.9718403135, 0.618394134092, 47.5064854779, 31.6171990594, 1.63017826207, 3.79939455902, 5.01283412629, 3558.87366806, 0.489374756884, 0.0833333333333
0.682961692022, 0.904633462403, 87.0671375412, 0.640290807726, 42.6107232644, 4.91077434092, 1.53061382446, 4.83602946453, 5.64045450575, 4255.48157778, 0.257310712682, 0.304347826087
0.679111131091, 1.03150170522, 91.1487330448, 0.523042443077, 44.2983778659, 7.53465142439, 0.906161426439, 3.7893146825, 11.2419810602, 4019.09960461, 0.51755141041, 0.357142857143
0.623325689821, 0.93159206493, 89.0758520744, 0.455337655617, 92.1298555799, 1.46538559942, 0.243801895318, 4.17712404804, 8.2831756639, 4694.97860501, 0.128478061, 0.51724137931
0.855104598066, 0.931681697441, 93.2220998692, 0.685141476085, 17.2219756659, 21.0361646265, 1.89590543367, 1.86588608974, 15.0558714274, 5783.50939051, 0.34022308033, 0.382978723404
0.700162840509, 0.824176911052, 92.1823900492, 0.497028174945, 48.3542937965, 1.24380491832, 1.4299254662, 4.83623070314, 7.37498787897, 3151.44911707, 0.0907187882506, 0.454545454545
0.87488096494, 0.822653381768, 87.3995908839, 0.632747904263, 49.7525831844, 2.43825567875, 1.60810778279, 3.01871765691, 14.7418069222, 3657.80673073, 0.135495000368, 0.109090909091
0.824034668009, 1.01709510087, 93.2354022753, 0.607986317249, 11.4310121568, 5.51544972884, 1.60931998156, 3.07655071503, 18.4996239154, 6972.12334649, 0.159491577225, 0.0
0.694030604852, 0.916911588672, 93.6861367463, 0.573940711201, 46.3863530379, 8.06432726014, 1.26467174873, 4.2058727128, 12.3087615038, 5227.42813714, 0.31023729438, 0.291139240506
0.810485122973, 0.838191466197, 92.7823753122, 0.667741711676, 52.8623687164, 6.15272189357, 1.35750679466, 2.73525098355, 17.2255572801, 4198.3721837, 0.276070168122, 0.380952380952
0.536715794012, 0.929015205444, 88.5828866588, 0.531508473584, 68.687547638, 7.89743728089, 0.762944726469, 4.36979200038, 11.0278073878, 5232.85110368, 0.104601644699, 0.0
0.500911823558, 0.977097870526, 91.4332101572, 0.623758808038, 8.34608394804, 27.5939220541, 1.92091793431, 4.79295601988, 10.6788691676, 7212.16400014, 0.500678342218, 0.444444444444
0.618500907326, 0.864074553953, 87.8874869487, 0.61943359516, 17.9215160844, 27.0068775158, 1.77545798785, 3.95589473883, 19.3351128398, 3832.94917134, 0.469794745607, 0.27397260274
0.860484085784, 0.974407081202, 86.6162679008, 0.640038994295, 65.1162369505, 5.54233132604, 1.80548651522, 4.81179845406, 10.3367434533, 6732.08499329, 0.20885532322, 0.046511627907
0.762095804471, 0.959332355377, 90.816072579, 0.655623411951, 25.5042747518, 2.05876283482, 1.94786243282, 3.03753999603, 13.4191088156, 6179.82665413, 0.143711444932, 0.388235294118
0.812922328033, 0.862734011858, 86.91763099, 0.670915968119, 69.6391512904, 5.8008109162, 1.80790808334, 4.54055204719, 10.0406000932, 4146.59801929, 0.317739329374, 0.204545454545
0.67335762492, 1.03543226832, 91.3786696361, 0.622612045487, 59.9352508276, 1.39964868113, 1.17661477089, 4.3840232565, 12.5778978817, 8300.05892746, 0.102693643582, 0.383561643836
0.692944553158, 0.980459641461, 89.1980354463, 0.674391987376, 29.2797123795, 19.1669617892, 1.9506613395, 3.9325242175, 14.7803589405, 6917.75634643, 0.453444623303, 0.275362318841
0.707285298489, 0.868780303032, 87.1745598566, 0.597134725253, 82.6276252267, 16.1246014194, 1.45386084434, 3.76635792067, 9.58184240603, 4219.74740909, 0.307309388706, 0.19512195122
0.40210952914, 0.843612626957, 90.9625637345, 0.591524626123, 64.5592942273, 11.4371073619, 1.03971970964, 4.30623601183, 9.77464792313, 3558.19843439, 0.245520535695, 0.131578947368
0.490222340437, 0.862219365613, 92.5600296223, 0.678975485294, 35.0109747151, 11.5437214413, 1.50486547466, 4.51043660539, 14.7884122554, 5616.25993179, 0.273741151042, 0.129032258065
0.72141526644, 0.823861367409, 94.3104333075, 0.502214652051, 40.9240361783, 3.9425653466, 1.86933749858, 4.29323502421, 12.9246992303, 3534.18627278, 0.172455258016, 0.142857142857
0.586787869685, 0.878862966601, 87.6665700774, 0.664332330471, 9.08221495631, 6.41045955178, 1.99663454061, 4.37311199807, 19.446031548, 5109.62651381, 0.205159074208, 0.0
0.566414219082, 0.985364502369, 90.1570771069, 0.540044213339, 49.3992368803, 24.2940261496, 1.40942173839, 4.75990454808, 14.59168318, 8673.82756099, 0.449526652726, 0.0
0.729366066369, 0.912696057069, 85.8857585623, 0.626148183036, 73.5841370162, 8.12291874633, 1.47214683278, 4.50334283627, 16.0898181001, 5971.17061588, 0.150786919996, 0.0
0.473394592669, 0.869737244876, 89.0273138395, 0.588361598582, 52.6133576788, 34.8098472567, 1.80723417057, 4.40123666275, 8.67239520737, 5190.90461098, 0.365429958763, 0.04
0.59621598265, 0.830368763282, 92.7443525408, 0.665457881742, 61.4729381047, 9.44988706603, 1.7286667227, 3.35960057796, 8.57035687038, 3360.75399316, 0.376290433876, 0.422680412371
0.605836026373, 0.830357963342, 86.7820420613, 0.621997917636, 56.8990511755, 14.621679391, 1.56794574174, 2.99382565907, 16.2146874263, 3973.10266799, 0.337328205338, 0.333333333333
0.698002863909, 0.880866030399, 80.6248831801, 0.684829807185, 99.2467080554, 11.6795661256, 1.96687443157, 4.54880542503, 2.40567516967, 3062.69006038, 0.400570860581, 0.5
0.436795965348, 0.969000289149, 93.2877381215, 0.554681177613, 20.9428246912, 21.3045380603, 1.88165228094, 4.75417829791, 13.3044981599, 8110.17563422, 0.430190891224, 0.0697674418605
0.53561116903, 1.06527047808, 89.564325204, 0.480045643176, 24.4481027025, 32.0720433423, 1.82986596519, 4.95091009083, 18.2586276934, 13301.4494714, 0.648783375063, 0.181818181818
0.425358643702, 0.835348592271, 91.3946449806, 0.680008469289, 42.0393818921, 24.0571407357, 1.98378245283, 4.82773052189, 14.7551610634, 3595.92841805, 0.369335411569, 0.0571428571429
0.748055192511, 0.865595922849, 93.9759671033, 0.694683450837, 62.3807676238, 14.9555125797, 1.96980277322, 3.54631815367, 18.9330527512, 4897.24130497, 0.404272013029, 0.269230769231
0.547763320087, 0.942012830323, 85.980082884, 0.683542102633, 83.5046213803, 4.37135721827, 1.82052425608, 4.86773512655, 7.28881036364, 5765.22437456, 0.0684085289467, 0.0
0.680766547035, 0.926288002394, 87.635815455, 0.625040650951, 62.7993932122, 7.46217012346, 1.98795280093, 3.51162174653, 15.4812769497, 5397.89272676, 0.311790125213, 0.327868852459
0.43492926551, 0.979554084584, 89.9601198519, 0.497986991982, 86.9720989841, 5.41732276651, 0.984331014237, 4.6095172109, 14.5748262953, 5747.1259148, 0.237477083554, 0.4
0.540461438656, 0.879762493053, 90.6674236367, 0.583482915153, 92.7792569131, 13.0075610361, 1.57696045567, 2.97260796916, 8.93707861427, 4519.11281717, 0.332958530702, 0.130434782609
0.588799321618, 0.905716898628, 91.8784619279, 0.535425287226, 68.3120405772, 19.3763990176, 1.78152852105, 4.90364460122, 16.4348316557, 4721.9273568, 0.536411914368, 0.4375
0.625060428782, 1.07933328236, 88.9576527357, 0.613401931734, 58.7147701313, 11.420897809, 1.90722125847, 4.53578053935, 19.3736932317, 9973.25305587, 0.344769848249, 0.0461538461538
0.321305962969, 0.884165343003, 94.7890255449, 0.613892839301, 81.1794657688, 20.5529036807, 1.31345970582, 4.81775092437, 13.948095348, 4344.66821657, 0.341461568966, 0.189189189189
0.501358692772, 0.979539824682, 90.5355530482, 0.584745723319, 79.6635782122, 3.03686289512, 1.53422352798, 2.87542341748, 16.4518182603, 7465.0361264, 0.18831030558, 0.462962962963
0.284512495143, 0.903493601197, 89.7694082444, 0.568692720686, 80.4909045915, 3.43234389392, 1.12548855375, 4.87828594085, 18.3433492386, 4705.04578034, 0.104302398926, 0.44262295082
0.226107372195, 0.878800394652, 93.4147588546, 0.590598651157, 57.4471304933, 11.0101843416, 1.73238150698, 4.4570319365, 13.7840341173, 5511.81086808, 0.218684277005, 0.542372881356
0.216327615242, 0.827579972502, 92.9312456193, 0.684626915705, 92.1380113765, 5.65220922416, 1.25277961554, 4.87218134703, 16.887833858, 3937.44316144, 0.109607675331, 0.316455696203
0.35090978498, 0.919374684381, 91.7824424801, 0.546167383383, 94.2248644073, 7.44968776875, 1.28934125197, 4.88192530287, 19.928916771, 6273.25844322, 0.151908849404, 0.147058823529
0.325099010297, 0.910339559704, 88.3862738512, 0.507601763202, 75.9072583992, 16.8409531218, 1.88261917743, 4.48387804444, 16.4790102055, 6719.13423515, 0.22397220977, 0.0
0.247552013023, 0.837441846105, 88.765232397, 0.651895137493, 69.5374857987, 15.5327821765, 1.90855485505, 4.02604230717, 18.7355410463, 4550.06901074, 0.197193139143, 0.129032258065
0.134447068435, 0.933426778997, 93.1550013716, 0.546453369434, 88.6212593887, 10.2045999658, 1.80331783015, 4.41152946353, 17.1080428224, 6114.68896086, 0.121496628351, 0.205882352941
0.111685041406, 0.976745482171, 90.2034630934, 0.583041800186, 89.4709041899, 2.58149415499, 1.93864244709, 4.67334148158, 18.7121685487, 7231.94063299, 0.0306782288722, 0.25
