3.0, 1.0, 3.0, 2.0, -1.0, -1.0, -1.0, 2.0, 0.0, 2.0, 1.0, 1.0, 2.0, 2.0, 1.0, -1.0, 3.0, -1.0, 1.0, 1.0, -1.0, 0.0, 2.0, -1.0, 2.0, 3.0, 2.0, 3.0, 0.0, 2.0, 0.0, 0.0, -1.0, 2.0, -1.0, 1.0, 0.0, 0.0, 0.0, 0.0, -1.0, 1.0, -1.0, 1.0, 1.0, 0.0, -1.0, -1.0, -1.0, 1.0, 95309.0, 490.0, 99514.0
2.0, 2.0, 2.0, 1.0, 3.0, -1.0, 2.0, 0.0, 0.0, 1.0, 1.0, -1.0, 0.0, 2.0, 3.0, -1.0, -1.0, 3.0, 3.0, 0.0, 0.0, 2.0, -1.0, 3.0, 2.0, 0.0, 0.0, 1.0, 1.0, 1.0, -1.0, 1.0, 0.0, 0.0, 0.0, 1.0, -1.0, 2.0, -1.0, -1.0, 3.0, 2.0, -1.0, -1.0, -1.0, 1.0, 3.0, -1.0, 1.0, 3.0, 95547.0, 496.0, 99510.0
-1.0, 1.0, 3.0, -1.0, 1.0, 0.0, -1.0, 3.0, 3.0, 1.0, -1.0, -1.0, 2.0, -1.0, 1.0, -1.0, 2.0, 2.0, -1.0, -1.0, 2.0, -1.0, -1.0, 2.0, 0.0, 1.0, -1.0, -1.0, 2.0, 0.0, -1.0, 2.0, 3.0, 2.0, -1.0, 1.0, -1.0, 3.0, 0.0, 0.0, 1.0, 0.0, 2.0, 1.0, -1.0, 0.0, 0.0, 1.0, -1.0, 1.0, 96299.0, 429.0, 99597.0
2.0, 2.0, 2.0, 1.0, 3.0, -1.0, 2.0, 0.0, 0.0, 1.0, 1.0, 0.0, 0.0, 2.0, 3.0, -1.0, -1.0, 3.0, 3.0, 0.0, 0.0, 2.0, -1.0, 3.0, 2.0, 0.0, 0.0, 1.0, 1.0, 1.0, -1.0, 1.0, 0.0, 0.0, -1.0, 1.0, -1.0, 2.0, -1.0, -1.0, 3.0, 2.0, -1.0, -1.0, -1.0, 1.0, 3.0, -1.0, 1.0, 3.0, 95541.0, 497.0, 99511.0
3.0, 1.0, 3.0, 2.0, -1.0, -1.0, 0.0, 2.0, 0.0, 2.0, 1.0, 1.0, 2.0, 2.0, 1.0, -1.0, 3.0, -1.0, 1.0, 1.0, -1.0, 0.0, 2.0, -1.0, 2.0, 3.0, 2.0, 3.0, 0.0, 2.0, 0.0, 0.0, -1.0, 2.0, -1.0, 1.0, 0.0, 0.0, 0.0, 0.0, -1.0, 1.0, -1.0, 1.0, 1.0, 0.0, -1.0, -1.0, -1.0, 1.0, 95097.0, 500.0, 99498.0
2.0, 2.0, 2.0, 1.0, 3.0, -1.0, 2.0, 0.0, 0.0, 1.0, 1.0, -1.0, 0.0, 2.0, 3.0, -1.0, -1.0, 3.0, 3.0, 0.0, 0.0, 2.0, -1.0, 3.0, 2.0, 0.0, 0.0, 1.0, 1.0, 1.0, -1.0, 1.0, 0.0, 0.0, 0.0, 1.0, -1.0, 2.0, -1.0, -1.0, 3.0, 2.0, -1.0, -1.0, -1.0, 1.0, 3.0, -1.0, 1.0, 3.0, 95547.0, 496.0, 99510.0
-1.0, 1.0, 3.0, -1.0, 1.0, 0.0, -1.0, 3.0, 3.0, 1.0, -1.0, -1.0, 2.0, -1.0, 1.0, -1.0, 2.0, 2.0, -1.0, -1.0, 2.0, -1.0, -1.0, 2.0, 0.0, 1.0, -1.0, -1.0, 2.0, 0.0, -1.0, 2.0, 3.0, 2.0, -1.0, 1.0, -1.0, 3.0, 0.0, 0.0, 1.0, 0.0, 2.0, 1.0, -1.0, 0.0, 0.0, 1.0, -1.0, 1.0, 96299.0, 429.0, 99597.0
3.0, 1.0, 3.0, 2.0, -1.0, -1.0, -1.0, 2.0, 0.0, 2.0, 1.0, 0.0, 2.0, 2.0, 1.0, -1.0, 3.0, -1.0, -1.0, 1.0, -1.0, 0.0, 2.0, -1.0, 2.0, 3.0, 2.0, 3.0, 0.0, 2.0, 0.0, 0.0, -1.0, 2.0, -1.0, 1.0, -1.0, 0.0, 2.0, 0.0, -1.0, 1.0, -1.0, 1.0, 1.0, -1.0, -1.0, -1.0, -1.0, 1.0, 95967.0, 441.0, 99565.0
2.0, 2.0, 2.0, 1.0, 3.0, -1.0, 2.0, 0.0, 0.0, 1.0, 1.0, -1.0, 0.0, 2.0, 3.0, -1.0, 2.0, 3.0, 3.0, 0.0, 0.0, 2.0, -1.0, 3.0, 2.0, 0.0, 0.0, 1.0, 1.0, 1.0, -1.0, 1.0, 0.0, 0.0, 0.0, 1.0, -1.0, 2.0, -1.0, -1.0, 3.0, 2.0, -1.0, -1.0, -1.0, 1.0, 3.0, -1.0, 1.0, 3.0, 95417.0, 512.0, 99493.0
-1.0, 1.0, 3.0, -1.0, 1.0, 0.0, -1.0, 3.0, 3.0, 1.0, -1.0, -1.0, 2.0, -1.0, 1.0, -1.0, -1.0, 2.0, -1.0, -1.0, 2.0, -1.0, -1.0, 2.0, 0.0, 1.0, -1.0, -1.0, 2.0, 0.0, -1.0, 2.0, 3.0, 2.0, -1.0, 1.0, -1.0, 3.0, 0.0, 0.0, 1.0, 0.0, 2.0, 1.0, -1.0, 0.0, 0.0, 1.0, -1.0, 1.0, 96429.0, 413.0, 99614.0
2.0, 2.0, 2.0, 1.0, 3.0, -1.0, 2.0, 0.0, 0.0, 1.0, 1.0, 0.0, 0.0, 2.0, 3.0, -1.0, -1.0, 3.0, 3.0, 0.0, 0.0, 2.0, -1.0, 3.0, 2.0, 0.0, 0.0, 1.0, 1.0, 1.0, -1.0, 1.0, 0.0, 0.0, -1.0, 1.0, -1.0, 2.0, -1.0, -1.0, -1.0, 2.0, -1.0, -1.0, -1.0, 1.0, 3.0, -1.0, 1.0, 3.0, 95573.0, 486.0, 99518.0
3.0, 1.0, 3.0, 2.0, -1.0, -1.0, 0.0, 2.0, 0.0, 2.0, 1.0, 1.0, 2.0, 2.0, 1.0, -1.0, 3.0, -1.0, 1.0, 1.0, -1.0, 0.0, 2.0, -1.0, 2.0, 3.0, 2.0, 3.0, 0.0, 2.0, 0.0, 0.0, -1.0, 2.0, -1.0, 1.0, 0.0, 0.0, 0.0, 0.0, -1.0, 1.0, -1.0, 1.0, 1.0, 0.0, -1.0, -1.0, -1.0, 1.0, 95097.0, 500.0, 99498.0
2.0, 2.0, 2.0, 1.0, 3.0, -1.0, 2.0, 0.0, 0.0, 1.0, 1.0, -1.0, 0.0, 2.0, 3.0, -1.0, -1.0, 3.0, 3.0, 0.0, 0.0, 2.0, -1.0, 3.0, 2.0, 0.0, 0.0, 1.0, 1.0, 1.0, -1.0, 1.0, 0.0, 2.0, 0.0, 1.0, -1.0, 2.0, -1.0, -1.0, -1.0, 2.0, -1.0, -1.0, -1.0, 1.0, 3.0, -1.0, 1.0, 3.0, 95661.0, 485.0, 99517.0
-1.0, 1.0, 3.0, -1.0, 1.0, 0.0, -1.0, 3.0, 3.0, 1.0, -1.0, -1.0, 2.0, -1.0, 1.0, -1.0, 2.0, 2.0, -1.0, -1.0, 2.0, -1.0, -1.0, 2.0, 0.0, 1.0, -1.0, -1.0, 2.0, 0.0, -1.0, 2.0, 3.0, 2.0, -1.0, 1.0, -1.0, 3.0, 0.0, 0.0, 1.0, 0.0, 2.0, 1.0, -1.0, 0.0, 0.0, 1.0, -1.0, 1.0, 96299.0, 429.0, 99597.0
3.0, 1.0, 3.0, -1.0, -1.0, -1.0, -1.0, 2.0, 0.0, 2.0, 1.0, 0.0, 2.0, 2.0, 1.0, -1.0, 3.0, -1.0, -1.0, 1.0, -1.0, 0.0, 2.0, -1.0, 2.0, 3.0, 2.0, 3.0, 0.0, 2.0, 0.0, 0.0, -1.0, 0.0, -1.0, 1.0, 0.0, 0.0, 2.0, 0.0, -1.0, 1.0, -1.0, 1.0, 1.0, 0.0, -1.0, -1.0, -1.0, 1.0, 95601.0, 460.0, 99548.0
3.0, 1.0, 3.0, 2.0, -1.0, -1.0, -1.0, 2.0, 0.0, 2.0, 1.0, 1.0, 2.0, 2.0, 1.0, -1.0, 3.0, -1.0, 1.0, 1.0, -1.0, 0.0, 2.0, -1.0, 2.0, 3.0, 2.0, 3.0, 0.0, 2.0, 0.0, 0.0, -1.0, 2.0, -1.0, 1.0, 0.0, 0.0, 0.0, 0.0, -1.0, 1.0, -1.0, 1.0, 1.0, 0.0, -1.0, -1.0, -1.0, 1.0, 95309.0, 490.0, 99514.0
3.0, 1.0, 0.0, 2.0, -1.0, -1.0, -1.0, 2.0, 0.0, 2.0, 1.0, 0.0, 2.0, 2.0, 1.0, -1.0, 3.0, -1.0, -1.0, 1.0, -1.0, 0.0, 2.0, -1.0, 2.0, 3.0, 2.0, 3.0, 0.0, 2.0, 0.0, 0.0, -1.0, 2.0, -1.0, 1.0, 0.0, 0.0, 2.0, 0.0, -1.0, 1.0, -1.0, 1.0, 1.0, 0.0, -1.0, -1.0, -1.0, 1.0, 95395.0, 473.0, 99531.0
2.0, 2.0, 2.0, 1.0, 3.0, -1.0, 2.0, 0.0, 0.0, 1.0, 1.0, -1.0, 0.0, 2.0, 3.0, -1.0, -1.0, 3.0, 3.0, 0.0, 0.0, 2.0, -1.0, 3.0, 2.0, 0.0, 0.0, 1.0, 1.0, 1.0, -1.0, 1.0, 0.0, 0.0, 0.0, 1.0, -1.0, 2.0, -1.0, -1.0, 3.0, 2.0, -1.0, -1.0, -1.0, 1.0, 3.0, -1.0, 1.0, 3.0, 95547.0, 496.0, 99510.0
-1.0, 1.0, 3.0, -1.0, 1.0, 0.0, -1.0, 3.0, 3.0, 1.0, -1.0, -1.0, 2.0, -1.0, 1.0, -1.0, 2.0, 2.0, -1.0, -1.0, 2.0, -1.0, -1.0, 2.0, 0.0, 1.0, -1.0, -1.0, 2.0, 0.0, -1.0, 2.0, 3.0, 2.0, -1.0, 1.0, -1.0, 3.0, 0.0, 0.0, 1.0, 0.0, 2.0, 1.0, -1.0, 0.0, 0.0, 1.0, -1.0, 1.0, 96299.0, 429.0, 99597.0
3.0, 1.0, 3.0, 2.0, -1.0, -1.0, -1.0, 2.0, 0.0, 2.0, 1.0, 0.0, 2.0, 2.0, 1.0, -1.0, 3.0, -1.0, -1.0, 1.0, -1.0, 0.0, 2.0, -1.0, 2.0, 3.0, 2.0, -1.0, 0.0, 2.0, 0.0, 0.0, -1.0, 2.0, 0.0, 1.0, 0.0, 0.0, 2.0, 0.0, -1.0, 1.0, -1.0, 1.0, 1.0, 0.0, -1.0, -1.0, -1.0, 1.0, 95486.0, 468.0, 99540.0
2.0, 2.0, 2.0, 1.0, 3.0, -1.0, 2.0, 0.0, 0.0, 1.0, 1.0, 0.0, 0.0, 2.0, 3.0, -1.0, -1.0, 3.0, 3.0, 0.0, 0.0, 2.0, -1.0, 3.0, 2.0, 0.0, 0.0, 1.0, 1.0, 1.0, -1.0, 1.0, 0.0, 0.0, -1.0, 1.0, -1.0, 2.0, -1.0, -1.0, 3.0, 2.0, -1.0, -1.0, -1.0, 1.0, 3.0, -1.0, 1.0, 3.0, 95541.0, 497.0, 99511.0
3.0, 1.0, 3.0, 2.0, -1.0, -1.0, 0.0, 2.0, 0.0, 2.0, 1.0, 1.0, 2.0, 2.0, 1.0, -1.0, 3.0, -1.0, 1.0, 1.0, -1.0, 0.0, 2.0, -1.0, 2.0, 3.0, 2.0, 3.0, 0.0, 2.0, 0.0, 0.0, -1.0, 2.0, -1.0, 1.0, 0.0, 0.0, 0.0, 0.0, -1.0, 1.0, -1.0, 1.0, 1.0, 0.0, -1.0, -1.0, -1.0, 1.0, 95097.0, 500.0, 99498.0
2.0, 2.0, 2.0, 1.0, 3.0, -1.0, 2.0, 0.0, 0.0, 1.0, 1.0, -1.0, 0.0, 2.0, 3.0, -1.0, -1.0, 3.0, 3.0, 0.0, 0.0, -1.0, -1.0, 3.0, 2.0, 0.0, 0.0, 1.0, 1.0, 1.0, -1.0, 1.0, 0.0, 0.0, -1.0, 1.0, -1.0, 2.0, -1.0, -1.0, 3.0, 2.0, -1.0, -1.0, -1.0, 1.0, 3.0, -1.0, 1.0, 3.0, 95745.0, 468.0, 99529.0
3.0, 1.0, 3.0, 2.0, -1.0, -1.0, -1.0, 2.0, 0.0, 2.0, 1.0, 0.0, 2.0, 2.0, 1.0, -1.0, 3.0, -1.0, -1.0, 1.0, -1.0, 0.0, 2.0, -1.0, 2.0, 3.0, 2.0, 3.0, 0.0, 2.0, 0.0, 0.0, -1.0, 2.0, -1.0, 1.0, -1.0, 0.0, 2.0, 0.0, -1.0, 1.0, -1.0, 1.0, 1.0, -1.0, -1.0, -1.0, -1.0, 1.0, 95967.0, 441.0, 99565.0
3.0, 1.0, 3.0, 2.0, -1.0, -1.0, -1.0, 2.0, 0.0, 2.0, 1.0, 0.0, 2.0, 2.0, 1.0, -1.0, 3.0, -1.0, -1.0, 1.0, -1.0, 0.0, 2.0, -1.0, 2.0, 3.0, 2.0, 3.0, 0.0, 2.0, 0.0, 0.0, -1.0, 2.0, -1.0, 1.0, 0.0, 0.0, 2.0, -1.0, -1.0, 1.0, -1.0, 1.0, 1.0, 0.0, -1.0, -1.0, -1.0, 1.0, 95696.0, 463.0, 99543.0
2.0, 2.0, 2.0, 1.0, 3.0, -1.0, 2.0, 0.0, 0.0, 1.0, 1.0, -1.0, 0.0, 2.0, 3.0, -1.0, 2.0, 3.0, 3.0, 0.0, 0.0, 2.0, -1.0, 3.0, 2.0, 0.0, 0.0, 1.0, 1.0, 1.0, -1.0, 1.0, 0.0, 0.0, 0.0, 1.0, -1.0, 2.0, -1.0, 0.0, 3.0, 2.0, -1.0, -1.0, -1.0, 1.0, 3.0, -1.0, 1.0, 3.0, 95260.0, 522.0, 99481.0
2.0, 2.0, 2.0, 1.0, 3.0, -1.0, 2.0, 0.0, 0.0, 1.0, 1.0, 0.0, 0.0, 2.0, 3.0, -1.0, -1.0, 3.0, 3.0, 0.0, 0.0, 2.0, 0.0, 3.0, 2.0, 0.0, 0.0, 1.0, 1.0, 1.0, -1.0, 1.0, 0.0, 0.0, -1.0, 1.0, -1.0, 2.0, -1.0, -1.0, -1.0, 2.0, -1.0, -1.0, -1.0, 1.0, 3.0, -1.0, 1.0, 3.0, 95500.0, 498.0, 99509.0
3.0, 1.0, 3.0, 2.0, -1.0, -1.0, 0.0, 2.0, 0.0, 2.0, 1.0, 1.0, 2.0, -1.0, 1.0, -1.0, 3.0, -1.0, 1.0, 1.0, -1.0, 0.0, 2.0, -1.0, 2.0, 3.0, 2.0, 3.0, 0.0, 2.0, 0.0, 0.0, -1.0, 2.0, -1.0, 1.0, 0.0, 0.0, -1.0, 0.0, -1.0, 1.0, -1.0, 1.0, 1.0, 0.0, -1.0, -1.0, -1.0, 1.0, 95376.0, 475.0, 99521.0
2.0, 2.0, 2.0, 1.0, 3.0, -1.0, 2.0, 0.0, 0.0, 1.0, 1.0, -1.0, 0.0, 2.0, 3.0, -1.0, -1.0, 3.0, 3.0, 0.0, 0.0, 2.0, -1.0, 3.0, 2.0, 0.0, 0.0, 1.0, 1.0, 1.0, -1.0, 1.0, 0.0, 2.0, 0.0, 1.0, -1.0, 2.0, -1.0, -1.0, -1.0, 2.0, -1.0, -1.0, -1.0, 1.0, 3.0, -1.0, 1.0, 3.0, 95661.0, 485.0, 99517.0
-1.0, 1.0, 3.0, -1.0, 1.0, 0.0, -1.0, 3.0, 3.0, 1.0, -1.0, -1.0, 2.0, -1.0, 1.0, -1.0, 2.0, 2.0, -1.0, -1.0, 2.0, -1.0, -1.0, 2.0, 0.0, 1.0, -1.0, -1.0, 2.0, 0.0, -1.0, 2.0, 3.0, 2.0, -1.0, 1.0, -1.0, 3.0, 0.0, 0.0, 1.0, 0.0, 2.0, 1.0, -1.0, 0.0, 0.0, 1.0, -1.0, 1.0, 96299.0, 429.0, 99597.0
-1.0, 1.0, 3.0, -1.0, 1.0, 0.0, -1.0, 3.0, 0.0, 1.0, -1.0, -1.0, 2.0, -1.0, 1.0, -1.0, 2.0, 1.0, -1.0, -1.0, 2.0, -1.0, -1.0, 2.0, 0.0, 1.0, -1.0, -1.0, 2.0, 0.0, -1.0, 0.0, 3.0, 2.0, -1.0, 1.0, -1.0, 3.0, 0.0, 0.0, 1.0, 0.0, 2.0, -1.0, -1.0, 0.0, 0.0, 1.0, -1.0, 1.0, 96190.0, 414.0, 99602.0
-1.0, 3.0, 0.0, 0.0, 0.0, -1.0, 3.0, 0.0, 2.0, 2.0, -1.0, 0.0, 2.0, 2.0, 2.0, 2.0, 2.0, 3.0, -1.0, 3.0, 1.0, -1.0, -1.0, 2.0, 1.0, 1.0, -1.0, 1.0, 2.0, -1.0, 1.0, 0.0, 1.0, 3.0, 1.0, 1.0, 0.0, -1.0, 2.0, 1.0, -1.0, 2.0, 1.0, -1.0, 1.0, 0.0, 3.0, 0.0, 3.0, 0.0, 95182.0, 521.0, 99494.0
1.0, 1.0, 0.0, 1.0, 3.0, 1.0, 3.0, 1.0, 2.0, 0.0, -1.0, 0.0, 2.0, -1.0, 0.0, -1.0, 0.0, 1.0, -1.0, 3.0, 0.0, -1.0, 0.0, 2.0, 2.0, 3.0, 0.0, 2.0, 2.0, 1.0, 1.0, 0.0, 2.0, 1.0, 2.0, 2.0, 2.0, 3.0, 2.0, 0.0, 2.0, 3.0, 0.0, -1.0, 3.0, -1.0, -1.0, -1.0, 0.0, 3.0, 95100.0, 542.0, 99460.0
-1.0, 1.0, 3.0, -1.0, 1.0, 0.0, -1.0, 3.0, 0.0, 1.0, -1.0, -1.0, 2.0, -1.0, 1.0, -1.0, 2.0, 1.0, -1.0, -1.0, 2.0, -1.0, -1.0, 2.0, 0.0, 1.0, -1.0, -1.0, 2.0, 0.0, -1.0, 2.0, 3.0, 2.0, -1.0, 1.0, -1.0, 3.0, 0.0, 0.0, 1.0, 0.0, 2.0, -1.0, -1.0, 0.0, 0.0, 1.0, -1.0, 1.0, 96274.0, 414.0, 99602.0
-1.0, 1.0, 3.0, -1.0, 1.0, 0.0, -1.0, 3.0, 0.0, 1.0, -1.0, -1.0, 2.0, -1.0, 1.0, -1.0, 2.0, 1.0, -1.0, -1.0, 2.0, -1.0, -1.0, 2.0, 0.0, 1.0, -1.0, -1.0, 2.0, 0.0, -1.0, 2.0, 3.0, 2.0, -1.0, 1.0, -1.0, 3.0, 0.0, 0.0, 1.0, 0.0, 2.0, -1.0, -1.0, 0.0, 0.0, 1.0, -1.0, 1.0, 96274.0, 414.0, 99602.0
-1.0, 1.0, 3.0, -1.0, 1.0, 0.0, -1.0, 3.0, 0.0, 1.0, -1.0, -1.0, 2.0, -1.0, 1.0, -1.0, 2.0, 1.0, -1.0, -1.0, 2.0, -1.0, -1.0, 2.0, 0.0, 1.0, -1.0, -1.0, 2.0, 0.0, -1.0, 2.0, 3.0, 2.0, -1.0, 1.0, -1.0, 3.0, 0.0, 0.0, 1.0, 0.0, 2.0, -1.0, -1.0, 0.0, 0.0, 1.0, -1.0, 1.0, 96274.0, 414.0, 99602.0
-1.0, 1.0, 3.0, -1.0, 1.0, 0.0, -1.0, 3.0, 0.0, 1.0, -1.0, -1.0, 2.0, -1.0, 1.0, -1.0, 2.0, 1.0, -1.0, -1.0, 2.0, -1.0, -1.0, 2.0, 0.0, 1.0, -1.0, -1.0, 2.0, 0.0, -1.0, 2.0, 3.0, 2.0, -1.0, 1.0, -1.0, 3.0, 0.0, 0.0, 1.0, 0.0, 2.0, -1.0, -1.0, 0.0, 0.0, 1.0, -1.0, 1.0, 96274.0, 414.0, 99602.0
0.0, 3.0, 2.0, 2.0, 1.0, 3.0, 1.0, 2.0, 0.0, 1.0, 0.0, 1.0, -1.0, -1.0, 0.0, 3.0, 2.0, 2.0, 3.0, 1.0, 2.0, 3.0, -1.0, 1.0, 2.0, 1.0, 0.0, 2.0, 0.0, 2.0, 3.0, 3.0, 0.0, 0.0, 0.0, -1.0, -1.0, 1.0, 1.0, 1.0, 1.0, 0.0, 0.0, 1.0, 3.0, 0.0, 3.0, -1.0, 2.0, 3.0, 94808.0, 595.0, 99434.0
3.0, 1.0, 3.0, 2.0, -1.0, -1.0, -1.0, 2.0, 0.0, 2.0, 1.0, 0.0, 2.0, 2.0, 1.0, -1.0, 3.0, -1.0, -1.0, 1.0, -1.0, 0.0, 2.0, -1.0, 2.0, 3.0, 2.0, 3.0, 0.0, 2.0, 0.0, 0.0, -1.0, 2.0, 0.0, 1.0, 0.0, 0.0, 2.0, 0.0, -1.0, 1.0, -1.0, 1.0, 1.0, 0.0, -1.0, -1.0, -1.0, 1.0, 95412.0, 483.0, 99522.0
0.0, 3.0, 2.0, 2.0, 1.0, 3.0, 1.0, 2.0, 0.0, 1.0, 0.0, 1.0, -1.0, -1.0, 0.0, 3.0, 2.0, 2.0, 3.0, 1.0, 2.0, 3.0, -1.0, 1.0, 2.0, 1.0, 0.0, 2.0, 0.0, 2.0, 3.0, 3.0, 0.0, 0.0, 0.0, -1.0, -1.0, 1.0, 1.0, 1.0, 1.0, 0.0, 0.0, 1.0, 3.0, 0.0, 3.0, -1.0, 2.0, 3.0, 94808.0, 595.0, 99434.0
0.0, 3.0, 2.0, 2.0, 1.0, 3.0, 1.0, 2.0, 0.0, 1.0, 0.0, 1.0, -1.0, -1.0, 0.0, 3.0, 2.0, 2.0, 3.0, 1.0, 2.0, 3.0, -1.0, 1.0, 2.0, 1.0, 0.0, 2.0, 0.0, 2.0, 3.0, 3.0, 0.0, 0.0, 0.0, -1.0, -1.0, 1.0, 1.0, 1.0, 1.0, 0.0, 0.0, 1.0, 3.0, 0.0, 3.0, -1.0, 2.0, 3.0, 94808.0, 595.0, 99434.0
3.0, 1.0, 3.0, 2.0, -1.0, -1.0, -1.0, 2.0, 0.0, 2.0, 1.0, 0.0, 2.0, 2.0, 1.0, -1.0, 3.0, -1.0, -1.0, 1.0, -1.0, 0.0, 2.0, -1.0, 2.0, 3.0, 2.0, 3.0, 0.0, 2.0, 0.0, 0.0, -1.0, 2.0, -1.0, 1.0, 0.0, 0.0, 2.0, 0.0, -1.0, 1.0, -1.0, 1.0, 1.0, 0.0, -1.0, -1.0, -1.0, 1.0, 95539.0, 473.0, 99531.0
3.0, 1.0, 3.0, 2.0, -1.0, -1.0, -1.0, 2.0, 0.0, 2.0, 1.0, 0.0, 2.0, 2.0, 1.0, -1.0, 3.0, -1.0, -1.0, 1.0, -1.0, 0.0, 2.0, -1.0, 2.0, 3.0, 2.0, 3.0, 0.0, 2.0, 0.0, 0.0, -1.0, 2.0, -1.0, 1.0, 0.0, 0.0, 2.0, 0.0, -1.0, 1.0, -1.0, 1.0, 1.0, 0.0, -1.0, -1.0, -1.0, 1.0, 95539.0, 473.0, 99531.0
3.0, 1.0, 3.0, 2.0, -1.0, -1.0, -1.0, 2.0, 0.0, 2.0, 1.0, 0.0, 2.0, 2.0, 1.0, -1.0, 3.0, -1.0, -1.0, 1.0, -1.0, 0.0, 2.0, -1.0, 2.0, 3.0, 2.0, 3.0, 0.0, 2.0, 0.0, 0.0, -1.0, 2.0, -1.0, 1.0, 0.0, 0.0, 2.0, 0.0, -1.0, 1.0, -1.0, 1.0, 1.0, 0.0, -1.0, -1.0, -1.0, 1.0, 95539.0, 473.0, 99531.0
3.0, 1.0, 3.0, 2.0, -1.0, -1.0, -1.0, 2.0, 0.0, 2.0, 1.0, 0.0, 2.0, 2.0, 1.0, -1.0, 3.0, -1.0, -1.0, 1.0, -1.0, 0.0, 2.0, -1.0, 2.0, 3.0, 2.0, 3.0, 0.0, 2.0, 0.0, 0.0, -1.0, 2.0, -1.0, 1.0, 0.0, 0.0, 2.0, 0.0, -1.0, 1.0, -1.0, 1.0, 1.0, 0.0, -1.0, -1.0, -1.0, 1.0, 95539.0, 473.0, 99531.0
-1.0, 1.0, 3.0, -1.0, 1.0, 2.0, -1.0, 3.0, 0.0, 1.0, -1.0, -1.0, 2.0, -1.0, 1.0, -1.0, 2.0, 1.0, -1.0, -1.0, 2.0, -1.0, -1.0, 2.0, 0.0, 1.0, -1.0, -1.0, 2.0, 0.0, -1.0, 2.0, 3.0, 2.0, -1.0, 1.0, -1.0, 3.0, 0.0, 0.0, 1.0, 0.0, 2.0, -1.0, -1.0, 0.0, 0.0, 1.0, -1.0, 1.0, 96334.0, 414.0, 99602.0
3.0, 1.0, 3.0, 2.0, -1.0, -1.0, -1.0, 2.0, 0.0, 2.0, 1.0, 0.0, 2.0, 2.0, 1.0, -1.0, 3.0, -1.0, -1.0, 1.0, -1.0, 0.0, 2.0, -1.0, 2.0, 3.0, 2.0, 3.0, 0.0, 2.0, 0.0, 0.0, -1.0, 0.0, -1.0, 1.0, 0.0, 0.0, 2.0, 0.0, 3.0, 1.0, -1.0, 1.0, 1.0, 0.0, -1.0, -1.0, -1.0, 1.0, 95425.0, 484.0, 99524.0
3.0, 1.0, 3.0, 2.0, -1.0, -1.0, -1.0, 2.0, 0.0, 2.0, 1.0, 0.0, 2.0, 2.0, 1.0, -1.0, 3.0, -1.0, -1.0, 1.0, -1.0, 0.0, 2.0, -1.0, 2.0, 3.0, 2.0, 3.0, 0.0, 2.0, 0.0, 0.0, -1.0, 0.0, -1.0, 1.0, 0.0, 0.0, 2.0, 0.0, 3.0, 1.0, -1.0, 1.0, 1.0, 0.0, -1.0, -1.0, -1.0, 1.0, 95425.0, 484.0, 99524.0
-1.0, 1.0, 3.0, -1.0, 1.0, 0.0, -1.0, 3.0, 3.0, 1.0, -1.0, -1.0, 2.0, -1.0, 1.0, -1.0, -1.0, 2.0, -1.0, -1.0, 2.0, 3.0, -1.0, 2.0, 0.0, 1.0, -1.0, -1.0, 2.0, 0.0, -1.0, 2.0, 3.0, 2.0, -1.0, 1.0, -1.0, 3.0, 0.0, 0.0, 1.0, 0.0, 2.0, 1.0, -1.0, 0.0, 0.0, 1.0, -1.0, 1.0, 96382.0, 431.0, 99604.0
3.0, 1.0, 3.0, 2.0, -1.0, -1.0, -1.0, 2.0, 0.0, 2.0, 1.0, 0.0, 2.0, 2.0, 3.0, -1.0, 3.0, -1.0, -1.0, 1.0, -1.0, 0.0, 2.0, -1.0, 2.0, 3.0, 2.0, 3.0, 0.0, 2.0, 0.0, 0.0, -1.0, 2.0, -1.0, 1.0, 0.0, 0.0, 2.0, 0.0, -1.0, 1.0, -1.0, 1.0, 1.0, 0.0, -1.0, -1.0, -1.0, 1.0, 95611.0, 473.0, 99531.0
2.0, 2.0, 2.0, 1.0, 3.0, -1.0, 2.0, 3.0, 0.0, 1.0, 1.0, 0.0, 0.0, 2.0, 3.0, -1.0, -1.0, 3.0, 3.0, 0.0, 0.0, 2.0, -1.0, 3.0, 2.0, 0.0, 0.0, 1.0, 1.0, 1.0, -1.0, 1.0, 0.0, 0.0, 0.0, 1.0, -1.0, 2.0, -1.0, -1.0, 3.0, 0.0, 3.0, -1.0, -1.0, 1.0, 3.0, -1.0, 1.0, 3.0, 95469.0, 518.0, 99494.0
-1.0, 3.0, 0.0, 0.0, 0.0, -1.0, 3.0, 3.0, 2.0, 2.0, -1.0, 0.0, 2.0, 2.0, 2.0, 2.0, 2.0, 3.0, -1.0, 3.0, 1.0, -1.0, -1.0, 2.0, 1.0, 1.0, -1.0, 1.0, 2.0, -1.0, 1.0, 0.0, 1.0, 3.0, 1.0, 1.0, 0.0, -1.0, 2.0, 1.0, -1.0, 2.0, 1.0, -1.0, 1.0, 0.0, 3.0, 0.0, 3.0, 0.0, 95311.0, 521.0, 99494.0
-1.0, 3.0, 0.0, 0.0, 0.0, -1.0, 3.0, 3.0, 2.0, 2.0, -1.0, 0.0, 2.0, 2.0, 2.0, 2.0, 2.0, 3.0, -1.0, 3.0, 1.0, -1.0, -1.0, 2.0, 1.0, 1.0, -1.0, 1.0, 2.0, -1.0, 1.0, 0.0, 1.0, 3.0, 1.0, 1.0, 0.0, -1.0, 2.0, 1.0, -1.0, 2.0, 1.0, -1.0, 1.0, 0.0, 3.0, 0.0, 3.0, 0.0, 95311.0, 521.0, 99494.0
-1.0, 1.0, 3.0, -1.0, 1.0, 0.0, -1.0, 3.0, 3.0, 1.0, -1.0, -1.0, 2.0, -1.0, 1.0, -1.0, 2.0, 2.0, -1.0, -1.0, 2.0, 2.0, -1.0, 2.0, 0.0, 1.0, -1.0, -1.0, 2.0, 0.0, -1.0, 2.0, 3.0, 2.0, 0.0, 1.0, -1.0, 3.0, 0.0, 0.0, 1.0, 0.0, 2.0, 1.0, -1.0, 0.0, 0.0, 1.0, -1.0, 1.0, 96101.0, 457.0, 99578.0
-1.0, 3.0, 0.0, 0.0, 0.0, -1.0, 3.0, 3.0, 2.0, 2.0, -1.0, 0.0, 2.0, 2.0, 2.0, 2.0, 2.0, 3.0, -1.0, 3.0, 1.0, -1.0, -1.0, 2.0, 1.0, 1.0, -1.0, 1.0, 2.0, -1.0, 1.0, 0.0, 1.0, 3.0, 1.0, 1.0, 0.0, -1.0, 2.0, 1.0, -1.0, 2.0, 1.0, -1.0, 1.0, 0.0, 3.0, 0.0, 3.0, 0.0, 95311.0, 521.0, 99494.0
