3.0, 2.0, -1.0, -1.0, 1.0, 1.0, -1.0, 2.0, 1.0, 2.0, -1.0, 0.0, 1.0, 0.0, -1.0, 0.0, -1.0, -1.0, 1.0, 1.0, 3.0, 2.0, -1.0, 0.0, 0.0, -1.0, 0.0, -1.0, 0.0, 1.0, -1.0, -1.0, -1.0, 3.0, 3.0, -1.0, -1.0, 0.0, 2.0, 0.0, 2.0, 2.0, -1.0, 0.0, 1.0, 0.0, 1.0, -1.0, 1.0, 1.0, 97543.0, 493.0, 99578.0
3.0, 2.0, -1.0, -1.0, 1.0, 1.0, -1.0, 2.0, 1.0, 2.0, -1.0, 0.0, 1.0, 0.0, -1.0, 0.0, -1.0, -1.0, 1.0, 1.0, 3.0, 2.0, -1.0, 0.0, 0.0, -1.0, 0.0, -1.0, 0.0, 1.0, -1.0, -1.0, -1.0, 3.0, 3.0, -1.0, -1.0, 0.0, 2.0, 0.0, 2.0, 2.0, -1.0, 0.0, 1.0, 0.0, 1.0, -1.0, 1.0, 1.0, 97543.0, 493.0, 99578.0
0.0, 1.0, 3.0, 1.0, 1.0, 2.0, -1.0, 2.0, 2.0, -1.0, 2.0, 1.0, 1.0, 3.0, -1.0, 2.0, -1.0, -1.0, 1.0, -1.0, 1.0, 3.0, 2.0, 0.0, 0.0, 0.0, -1.0, 0.0, 3.0, -1.0, 1.0, -1.0, 1.0, 2.0, 1.0, 2.0, 0.0, 1.0, 3.0, 3.0, 0.0, -1.0, -1.0, 3.0, -1.0, 3.0, -1.0, 0.0, 2.0, 3.0, 97400.0, 527.0, 99509.0
0.0, 3.0, 0.0, 3.0, 0.0, -1.0, 2.0, -1.0, 0.0, 2.0, 0.0, -1.0, 0.0, -1.0, -1.0, -1.0, 2.0, 3.0, -1.0, 2.0, -1.0, 0.0, 1.0, 3.0, -1.0, 2.0, 3.0, -1.0, 0.0, 3.0, 2.0, -1.0, 0.0, 2.0, 1.0, -1.0, 0.0, -1.0, 1.0, 0.0, 3.0, 0.0, 2.0, -1.0, 2.0, 3.0, 1.0, -1.0, 1.0, -1.0, 97305.0, 503.0, 99538.0
-1.0, 0.0, 0.0, 2.0, 3.0, 3.0, 3.0, 3.0, 3.0, -1.0, 0.0, 2.0, 1.0, -1.0, -1.0, 1.0, 0.0, 0.0, 2.0, -1.0, 2.0, 0.0, -1.0, 0.0, 2.0, 0.0, -1.0, 2.0, 1.0, 1.0, 1.0, 2.0, 2.0, 3.0, 2.0, 3.0, 0.0, 2.0, 1.0, 2.0, -1.0, 1.0, -1.0, -1.0, 0.0, 1.0, -1.0, 1.0, 1.0, 3.0, 97025.0, 560.0, 99478.0
2.0, 1.0, -1.0, -1.0, 1.0, 0.0, -1.0, 0.0, 2.0, 0.0, 1.0, 0.0, 1.0, 1.0, -1.0, 0.0, 1.0, 0.0, 2.0, -1.0, 0.0, 1.0, 2.0, -1.0, 3.0, 3.0, -1.0, 1.0, 1.0, 3.0, 1.0, 2.0, -1.0, 2.0, 0.0, 0.0, 1.0, -1.0, 0.0, 2.0, 0.0, 3.0, -1.0, 1.0, 2.0, 2.0, 3.0, 3.0, 2.0, 2.0, 97031.0, 573.0, 99458.0
-1.0, 1.0, 1.0, 0.0, 2.0, 0.0, 0.0, 3.0, 0.0, 2.0, 3.0, 3.0, 3.0, -1.0, -1.0, 0.0, 3.0, 0.0, -1.0, 3.0, -1.0, 3.0, 1.0, 2.0, -1.0, 0.0, 1.0, 0.0, 1.0, -1.0, 2.0, -1.0, 2.0, 2.0, 1.0, -1.0, 1.0, 1.0, 0.0, 1.0, 2.0, 2.0, 1.0, -1.0, 1.0, 3.0, -1.0, 2.0, 3.0, -1.0, 97265.0, 553.0, 99487.0
2.0, 2.0, 1.0, 3.0, 3.0, 3.0, -1.0, 1.0, 1.0, -1.0, 2.0, 2.0, 1.0, -1.0, 2.0, 2.0, 2.0, -1.0, 2.0, 0.0, 1.0, 2.0, 0.0, 0.0, 1.0, 3.0, 3.0, 1.0, 2.0, -1.0, 3.0, 0.0, 0.0, 1.0, 0.0, 1.0, -1.0, -1.0, 0.0, 1.0, -1.0, -1.0, 0.0, 3.0, 2.0, 0.0, 3.0, 0.0, 2.0, -1.0, 97014.0, 580.0, 99457.0
-1.0, 1.0, 1.0, 0.0, 2.0, 0.0, 0.0, 3.0, 0.0, 2.0, 3.0, 3.0, 3.0, -1.0, -1.0, 0.0, 3.0, 0.0, -1.0, -1.0, -1.0, -1.0, 1.0, 2.0, -1.0, 0.0, 1.0, 0.0, 1.0, -1.0, 2.0, -1.0, 2.0, 2.0, 1.0, -1.0, 1.0, 1.0, 0.0, 1.0, 2.0, 2.0, 1.0, -1.0, 1.0, 3.0, -1.0, 2.0, 3.0, -1.0, 97334.0, 518.0, 99510.0
2.0, 2.0, -1.0, 2.0, 1.0, 0.0, -1.0, 3.0, -1.0, 0.0, 1.0, 1.0, 0.0, -1.0, -1.0, -1.0, 1.0, -1.0, 0.0, 2.0, 1.0, 1.0, 3.0, -1.0, 2.0, 3.0, 0.0, 3.0, 3.0, 2.0, 1.0, 0.0, 2.0, 2.0, 0.0, 1.0, 3.0, -1.0, 1.0, 1.0, 1.0, -1.0, 0.0, 2.0, 1.0, 3.0, -1.0, 0.0, -1.0, 2.0, 97283.0, 542.0, 99495.0
2.0, 2.0, -1.0, 2.0, 1.0, 0.0, -1.0, 3.0, -1.0, 0.0, 1.0, 1.0, 0.0, -1.0, -1.0, -1.0, 1.0, 0.0, 0.0, 2.0, 1.0, 1.0, 3.0, -1.0, 2.0, 3.0, 0.0, 3.0, 3.0, 2.0, 1.0, 0.0, 2.0, -1.0, 0.0, 1.0, 3.0, -1.0, 1.0, 1.0, 1.0, -1.0, 0.0, 2.0, 1.0, 3.0, -1.0, 0.0, -1.0, 2.0, 97191.0, 546.0, 99493.0
0.0, 2.0, 3.0, 3.0, 2.0, -1.0, 1.0, 3.0, 3.0, -1.0, 2.0, 0.0, 3.0, 0.0, 2.0, 1.0, 2.0, -1.0, 1.0, 0.0, 3.0, 0.0, 3.0, 1.0, -1.0, 1.0, 0.0, 1.0, 2.0, -1.0, 2.0, 2.0, 0.0, 2.0, -1.0, 3.0, -1.0, -1.0, 0.0, 3.0, 3.0, 2.0, 3.0, 1.0, 1.0, 2.0, 1.0, 0.0, 1.0, 0.0, 96958.0, 610.0, 99427.0
0.0, 3.0, 2.0, 3.0, 0.0, -1.0, 2.0, -1.0, 0.0, 2.0, 0.0, -1.0, 0.0, -1.0, -1.0, -1.0, 2.0, 3.0, -1.0, 2.0, 1.0, 0.0, 1.0, 3.0, -1.0, 2.0, 3.0, -1.0, 0.0, 3.0, 1.0, -1.0, 0.0, 2.0, 1.0, -1.0, 0.0, -1.0, 1.0, 0.0, 3.0, 0.0, 2.0, -1.0, 2.0, 3.0, 1.0, -1.0, 1.0, -1.0, 97317.0, 513.0, 99532.0
0.0, 2.0, 3.0, 3.0, 2.0, -1.0, 1.0, 3.0, 3.0, -1.0, 2.0, 0.0, 3.0, 0.0, 2.0, 1.0, 2.0, -1.0, 1.0, 0.0, 3.0, 0.0, 3.0, 1.0, -1.0, 1.0, 0.0, 1.0, 2.0, -1.0, 2.0, 2.0, -1.0, 2.0, -1.0, 3.0, -1.0, -1.0, 0.0, 3.0, 3.0, 2.0, 3.0, 1.0, 1.0, 2.0, 1.0, 0.0, 1.0, 0.0, 97089.0, 598.0, 99443.0
2.0, 2.0, 1.0, 3.0, 3.0, 3.0, -1.0, 1.0, 1.0, -1.0, 2.0, 2.0, 1.0, -1.0, 2.0, 2.0, 2.0, -1.0, 2.0, 0.0, 1.0, 2.0, 0.0, 0.0, 1.0, 3.0, 3.0, 1.0, 2.0, -1.0, 3.0, 0.0, 0.0, 1.0, 0.0, 1.0, -1.0, -1.0, 0.0, 1.0, -1.0, -1.0, 0.0, 3.0, 2.0, 0.0, 3.0, 0.0, 2.0, -1.0, 97014.0, 580.0, 99457.0
0.0, 1.0, 3.0, 3.0, 2.0, -1.0, 1.0, 3.0, 3.0, -1.0, 2.0, 0.0, 3.0, 0.0, 2.0, 1.0, 2.0, -1.0, 1.0, 0.0, 3.0, 0.0, 3.0, 0.0, -1.0, 1.0, 0.0, 1.0, 2.0, 1.0, 2.0, 2.0, -1.0, 2.0, -1.0, 3.0, 2.0, -1.0, 0.0, 3.0, 3.0, 2.0, 3.0, 1.0, 1.0, 2.0, 1.0, 0.0, 1.0, 0.0, 96955.0, 627.0, 99423.0
2.0, 2.0, 1.0, 3.0, 3.0, 3.0, 3.0, 1.0, 1.0, -1.0, 2.0, 2.0, 1.0, -1.0, 2.0, 2.0, 2.0, -1.0, 2.0, 0.0, 1.0, 2.0, 0.0, 0.0, 1.0, 3.0, 3.0, 1.0, 2.0, -1.0, 3.0, 0.0, 0.0, 1.0, 0.0, 1.0, -1.0, -1.0, 0.0, 1.0, -1.0, -1.0, 0.0, 3.0, 2.0, 0.0, 3.0, 0.0, 2.0, -1.0, 96998.0, 597.0, 99447.0
-1.0, 1.0, 1.0, 0.0, 2.0, 0.0, 0.0, 3.0, 0.0, 2.0, 3.0, 3.0, 3.0, -1.0, -1.0, 0.0, 3.0, 0.0, -1.0, 3.0, -1.0, 3.0, 1.0, 2.0, -1.0, 0.0, 1.0, 0.0, 1.0, -1.0, 2.0, 2.0, 2.0, 2.0, 1.0, -1.0, 1.0, 1.0, 0.0, 1.0, 2.0, 2.0, 1.0, -1.0, 1.0, 3.0, -1.0, 2.0, 3.0, -1.0, 97197.0, 571.0, 99470.0
0.0, 2.0, 3.0, 3.0, 2.0, -1.0, 1.0, 3.0, 3.0, -1.0, 2.0, 0.0, 3.0, 0.0, 2.0, 1.0, 2.0, -1.0, 1.0, 0.0, 3.0, 0.0, 3.0, 1.0, -1.0, 1.0, 0.0, 1.0, 2.0, -1.0, 2.0, 2.0, -1.0, 2.0, -1.0, 3.0, -1.0, -1.0, 0.0, 3.0, 3.0, 2.0, 3.0, 1.0, 1.0, 2.0, 1.0, 0.0, 1.0, 0.0, 97089.0, 598.0, 99443.0
-1.0, 3.0, 2.0, -1.0, 0.0, 2.0, 2.0, 2.0, 1.0, 1.0, 1.0, 1.0, 0.0, -1.0, -1.0, 1.0, 3.0, 1.0, 3.0, 2.0, 3.0, -1.0, 2.0, -1.0, -1.0, 2.0, -1.0, -1.0, 0.0, -1.0, 1.0, -1.0, 1.0, 1.0, 1.0, 0.0, 0.0, 3.0, -1.0, 1.0, -1.0, 2.0, 3.0, 1.0, 3.0, 0.0, 0.0, 0.0, 3.0, 3.0, 97327.0, 524.0, 99513.0
-1.0, 1.0, 1.0, 0.0, 2.0, 0.0, 0.0, 3.0, 0.0, 2.0, 3.0, 3.0, 3.0, -1.0, -1.0, 0.0, 3.0, 0.0, -1.0, 3.0, -1.0, 3.0, 1.0, 2.0, -1.0, 0.0, 1.0, 0.0, 1.0, -1.0, 2.0, 2.0, 2.0, 2.0, 1.0, -1.0, 1.0, 1.0, 0.0, 1.0, 2.0, 2.0, 1.0, -1.0, 1.0, 3.0, -1.0, 2.0, 3.0, -1.0, 97197.0, 571.0, 99470.0
-1.0, 1.0, 1.0, 0.0, 2.0, 0.0, 0.0, 3.0, 0.0, 2.0, 3.0, 3.0, 3.0, -1.0, -1.0, 0.0, 3.0, 0.0, -1.0, -1.0, -1.0, -1.0, 1.0, 2.0, -1.0, 0.0, 1.0, 0.0, 1.0, -1.0, 2.0, -1.0, 2.0, 2.0, 1.0, -1.0, 1.0, 1.0, 0.0, 1.0, 2.0, 2.0, 1.0, -1.0, 1.0, 3.0, -1.0, 2.0, 3.0, -1.0, 97334.0, 518.0, 99510.0
0.0, 1.0, 1.0, 0.0, 2.0, 0.0, 0.0, 3.0, 0.0, 3.0, 2.0, 3.0, 3.0, -1.0, -1.0, 0.0, 3.0, 0.0, -1.0, 2.0, -1.0, 3.0, 1.0, 2.0, -1.0, 0.0, 1.0, 0.0, 1.0, -1.0, 2.0, -1.0, 2.0, 2.0, 1.0, -1.0, 1.0, 1.0, 0.0, 1.0, 2.0, 2.0, 1.0, -1.0, 1.0, 3.0, -1.0, 2.0, 3.0, -1.0, 97107.0, 569.0, 99475.0
2.0, 1.0, 1.0, 3.0, 3.0, 3.0, 3.0, 1.0, 1.0, -1.0, 2.0, 2.0, 1.0, -1.0, 2.0, 2.0, 2.0, -1.0, 2.0, 0.0, 1.0, 2.0, 0.0, 0.0, 1.0, 3.0, 3.0, 1.0, 2.0, 1.0, 3.0, 0.0, 0.0, 1.0, 0.0, 1.0, -1.0, -1.0, 0.0, 1.0, -1.0, -1.0, 0.0, 3.0, 2.0, 0.0, 3.0, 0.0, 2.0, -1.0, 96928.0, 614.0, 99436.0
2.0, 2.0, -1.0, 2.0, 1.0, 0.0, -1.0, 3.0, -1.0, 0.0, 1.0, 1.0, 1.0, 0.0, -1.0, -1.0, 1.0, 0.0, 0.0, 2.0, -1.0, 1.0, 3.0, -1.0, 2.0, 3.0, 0.0, 3.0, 3.0, 2.0, 2.0, 0.0, 2.0, -1.0, 0.0, 1.0, 3.0, -1.0, 1.0, 1.0, 1.0, -1.0, 0.0, 2.0, 1.0, 1.0, -1.0, 0.0, -1.0, 2.0, 97124.0, 551.0, 99488.0
2.0, 2.0, -1.0, 2.0, 1.0, 0.0, -1.0, 3.0, -1.0, 0.0, 1.0, 1.0, 1.0, 0.0, -1.0, -1.0, 1.0, 0.0, 0.0, 2.0, -1.0, 1.0, 3.0, -1.0, 2.0, 3.0, 0.0, 3.0, 3.0, 2.0, 2.0, 0.0, 2.0, -1.0, 0.0, 1.0, 3.0, -1.0, 1.0, 1.0, 1.0, -1.0, 0.0, 2.0, 1.0, 1.0, -1.0, 0.0, -1.0, 2.0, 97124.0, 551.0, 99488.0
-1.0, 3.0, 2.0, -1.0, 0.0, 2.0, 2.0, 2.0, 1.0, 1.0, 1.0, 1.0, 0.0, -1.0, -1.0, 1.0, 3.0, 1.0, 3.0, 2.0, 3.0, -1.0, 2.0, -1.0, -1.0, 2.0, -1.0, -1.0, 0.0, -1.0, 1.0, -1.0, 1.0, 1.0, 1.0, 0.0, 0.0, 3.0, -1.0, 1.0, -1.0, 2.0, 3.0, 1.0, 3.0, 0.0, 0.0, 0.0, 3.0, 3.0, 97327.0, 524.0, 99513.0
0.0, 3.0, 2.0, 3.0, 0.0, -1.0, 2.0, -1.0, 0.0, 2.0, 0.0, -1.0, 3.0, -1.0, -1.0, -1.0, 2.0, 0.0, -1.0, 2.0, 1.0, 0.0, 1.0, 3.0, -1.0, 2.0, 3.0, -1.0, 0.0, 3.0, 1.0, -1.0, 0.0, 2.0, 1.0, -1.0, 0.0, -1.0, 1.0, 0.0, 3.0, 0.0, 2.0, -1.0, 2.0, 3.0, 1.0, -1.0, 1.0, -1.0, 97317.0, 513.0, 99532.0
2.0, 1.0, 1.0, 3.0, 3.0, 3.0, 3.0, 1.0, 1.0, -1.0, 2.0, 2.0, 1.0, -1.0, 2.0, 2.0, 2.0, -1.0, 2.0, 0.0, 1.0, 2.0, 0.0, 0.0, 1.0, 3.0, 3.0, 1.0, 2.0, 1.0, 3.0, 0.0, 0.0, 1.0, 0.0, 1.0, -1.0, -1.0, 0.0, 1.0, -1.0, -1.0, 0.0, 3.0, 2.0, 0.0, 3.0, 0.0, 2.0, -1.0, 96928.0, 614.0, 99436.0
0.0, 1.0, 1.0, 0.0, 2.0, 0.0, 0.0, 3.0, 0.0, 3.0, 2.0, 3.0, 3.0, -1.0, -1.0, 0.0, 3.0, 0.0, -1.0, 2.0, -1.0, 3.0, 1.0, 2.0, -1.0, 0.0, 1.0, 0.0, 1.0, -1.0, 2.0, -1.0, 2.0, 2.0, 1.0, -1.0, 1.0, 1.0, 0.0, 1.0, 2.0, 2.0, 1.0, -1.0, 1.0, 3.0, -1.0, 2.0, 3.0, -1.0, 97107.0, 569.0, 99475.0
2.0, 2.0, 1.0, 3.0, 3.0, 3.0, 3.0, 1.0, 1.0, -1.0, 2.0, 2.0, 1.0, -1.0, 2.0, 2.0, 2.0, -1.0, 2.0, 0.0, 1.0, 2.0, 0.0, 0.0, 1.0, 3.0, 3.0, 1.0, 2.0, -1.0, 3.0, 0.0, 0.0, 1.0, 0.0, 1.0, -1.0, -1.0, 0.0, 1.0, -1.0, -1.0, 0.0, 3.0, 2.0, 0.0, 3.0, 0.0, 2.0, -1.0, 96998.0, 597.0, 99447.0
0.0, 1.0, 3.0, 3.0, 2.0, -1.0, 1.0, 3.0, 3.0, -1.0, 2.0, 0.0, 3.0, 0.0, 2.0, 1.0, 2.0, -1.0, 1.0, 0.0, 3.0, 0.0, 3.0, 0.0, -1.0, 1.0, 0.0, 1.0, 2.0, 1.0, 2.0, 2.0, -1.0, 2.0, -1.0, 3.0, 2.0, -1.0, 0.0, 3.0, 3.0, 2.0, 3.0, 1.0, 1.0, 2.0, 1.0, 0.0, 1.0, 0.0, 96955.0, 627.0, 99423.0
-1.0, 1.0, 1.0, 0.0, 2.0, 0.0, 0.0, 3.0, 0.0, 2.0, 3.0, 3.0, 3.0, -1.0, -1.0, 0.0, 3.0, 0.0, -1.0, 3.0, -1.0, 3.0, 1.0, 2.0, -1.0, 0.0, 1.0, 0.0, 1.0, -1.0, 2.0, -1.0, 2.0, 2.0, 1.0, -1.0, 1.0, 1.0, 0.0, 1.0, 2.0, 2.0, 1.0, -1.0, 1.0, 3.0, -1.0, 2.0, 3.0, -1.0, 97265.0, 553.0, 99487.0
-1.0, 3.0, 2.0, -1.0, 0.0, 2.0, 2.0, 2.0, 1.0, 1.0, 1.0, 1.0, 0.0, -1.0, -1.0, 1.0, 3.0, 1.0, 3.0, 2.0, 3.0, -1.0, 2.0, -1.0, -1.0, 2.0, -1.0, -1.0, 0.0, -1.0, 1.0, -1.0, 1.0, 1.0, 1.0, 0.0, 0.0, 3.0, -1.0, 1.0, -1.0, 2.0, 3.0, 1.0, 3.0, 0.0, 0.0, 0.0, 3.0, 3.0, 97327.0, 524.0, 99513.0
3.0, 2.0, -1.0, -1.0, 1.0, 1.0, -1.0, 2.0, 1.0, 2.0, -1.0, 0.0, 1.0, 0.0, -1.0, 0.0, -1.0, -1.0, 1.0, 1.0, 3.0, 2.0, -1.0, 0.0, 0.0, -1.0, 0.0, -1.0, 0.0, 1.0, -1.0, -1.0, -1.0, 3.0, 3.0, -1.0, -1.0, 0.0, 2.0, 0.0, 2.0, 2.0, -1.0, 0.0, 1.0, 0.0, 1.0, -1.0, 1.0, 1.0, 97543.0, 493.0, 99578.0
3.0, 2.0, -1.0, -1.0, 1.0, 1.0, -1.0, 2.0, 1.0, 2.0, -1.0, 0.0, 1.0, 0.0, -1.0, 0.0, -1.0, -1.0, 1.0, 1.0, 3.0, 2.0, -1.0, 0.0, 0.0, -1.0, 0.0, -1.0, 0.0, 1.0, -1.0, -1.0, -1.0, 3.0, 3.0, -1.0, -1.0, 0.0, 2.0, 0.0, 2.0, 2.0, -1.0, 0.0, 1.0, 0.0, 1.0, -1.0, 1.0, 1.0, 97543.0, 493.0, 99578.0
3.0, 2.0, -1.0, -1.0, 1.0, 1.0, -1.0, 2.0, 1.0, 2.0, -1.0, 0.0, 1.0, 0.0, -1.0, 0.0, -1.0, -1.0, 1.0, 1.0, 3.0, 2.0, -1.0, 0.0, 0.0, -1.0, 0.0, -1.0, 0.0, 1.0, -1.0, -1.0, -1.0, 3.0, 3.0, -1.0, -1.0, 0.0, 2.0, 0.0, 2.0, 2.0, -1.0, 0.0, 1.0, 0.0, 1.0, -1.0, 1.0, 1.0, 97543.0, 493.0, 99578.0
3.0, 2.0, -1.0, -1.0, 1.0, 1.0, -1.0, 2.0, 1.0, 2.0, -1.0, 0.0, 1.0, 0.0, -1.0, 0.0, -1.0, -1.0, 1.0, 1.0, 3.0, 2.0, -1.0, 0.0, 0.0, -1.0, 0.0, -1.0, 0.0, 1.0, -1.0, -1.0, -1.0, 3.0, 3.0, -1.0, -1.0, 0.0, 2.0, 0.0, 2.0, 2.0, -1.0, 0.0, 1.0, 0.0, 1.0, -1.0, 1.0, 1.0, 97543.0, 493.0, 99578.0
3.0, 2.0, -1.0, -1.0, 1.0, 1.0, -1.0, 2.0, 1.0, 2.0, -1.0, 0.0, 1.0, 0.0, -1.0, 0.0, -1.0, -1.0, 1.0, 1.0, 3.0, 2.0, -1.0, 0.0, 0.0, -1.0, 0.0, -1.0, 0.0, 1.0, -1.0, -1.0, -1.0, 3.0, 3.0, -1.0, -1.0, 0.0, 2.0, 0.0, 2.0, 2.0, -1.0, 0.0, 1.0, 0.0, 1.0, -1.0, 1.0, 1.0, 97543.0, 493.0, 99578.0
3.0, 2.0, -1.0, -1.0, 1.0, 1.0, -1.0, 2.0, 1.0, 2.0, -1.0, 0.0, 1.0, 0.0, -1.0, 0.0, -1.0, -1.0, 1.0, 1.0, 3.0, 2.0, -1.0, 0.0, 0.0, -1.0, 0.0, -1.0, 0.0, 1.0, -1.0, -1.0, -1.0, 3.0, 3.0, -1.0, -1.0, 0.0, 2.0, 0.0, 2.0, 2.0, -1.0, 0.0, 1.0, 0.0, 1.0, -1.0, 1.0, 1.0, 97543.0, 493.0, 99578.0
3.0, 2.0, -1.0, -1.0, 1.0, 1.0, -1.0, 2.0, 1.0, 2.0, -1.0, 0.0, 1.0, 0.0, -1.0, 0.0, -1.0, -1.0, 1.0, 1.0, 3.0, 2.0, -1.0, 0.0, 0.0, -1.0, 0.0, -1.0, 0.0, 1.0, -1.0, -1.0, -1.0, 3.0, 3.0, -1.0, -1.0, 0.0, 2.0, 0.0, 2.0, 2.0, -1.0, 0.0, 1.0, 0.0, 1.0, -1.0, 1.0, 1.0, 97543.0, 493.0, 99578.0
3.0, 2.0, -1.0, -1.0, 1.0, 1.0, -1.0, 2.0, 1.0, 2.0, -1.0, 0.0, 1.0, 0.0, -1.0, 0.0, -1.0, -1.0, 1.0, 1.0, 3.0, 2.0, -1.0, 0.0, 0.0, -1.0, 0.0, -1.0, 0.0, 1.0, -1.0, -1.0, -1.0, 3.0, 3.0, -1.0, -1.0, 0.0, 2.0, 0.0, 2.0, 2.0, -1.0, 0.0, 1.0, 0.0, 1.0, -1.0, 1.0, 1.0, 97543.0, 493.0, 99578.0
3.0, 2.0, -1.0, -1.0, 1.0, 1.0, -1.0, 2.0, 1.0, 2.0, -1.0, 0.0, 1.0, 0.0, -1.0, 0.0, -1.0, -1.0, 1.0, 1.0, 3.0, 2.0, -1.0, 0.0, 0.0, -1.0, 0.0, -1.0, 0.0, 1.0, -1.0, -1.0, -1.0, 3.0, 3.0, -1.0, -1.0, 0.0, 2.0, 0.0, 2.0, 2.0, -1.0, 0.0, 1.0, 0.0, 1.0, -1.0, 1.0, 1.0, 97543.0, 493.0, 99578.0
3.0, 2.0, -1.0, -1.0, 1.0, 1.0, -1.0, 2.0, 1.0, 2.0, -1.0, 0.0, 1.0, 0.0, -1.0, 0.0, -1.0, -1.0, 1.0, 1.0, 3.0, 2.0, -1.0, 0.0, 0.0, -1.0, 0.0, -1.0, 0.0, 1.0, -1.0, -1.0, -1.0, 3.0, 3.0, -1.0, -1.0, 0.0, 2.0, 0.0, 2.0, 2.0, -1.0, 0.0, 1.0, 0.0, 1.0, -1.0, 1.0, 1.0, 97543.0, 493.0, 99578.0
3.0, 2.0, -1.0, -1.0, 1.0, 1.0, -1.0, 2.0, 1.0, 2.0, -1.0, 0.0, 1.0, 0.0, -1.0, 0.0, -1.0, -1.0, 1.0, 1.0, 3.0, 2.0, -1.0, 0.0, 0.0, -1.0, 0.0, -1.0, 0.0, 1.0, -1.0, -1.0, -1.0, 3.0, 3.0, -1.0, -1.0, 0.0, 2.0, 0.0, 2.0, 2.0, -1.0, 0.0, 1.0, 0.0, 1.0, -1.0, 1.0, 1.0, 97543.0, 493.0, 99578.0
3.0, 2.0, -1.0, -1.0, 1.0, 1.0, -1.0, 2.0, 1.0, 2.0, -1.0, 0.0, 1.0, 0.0, -1.0, 0.0, -1.0, -1.0, 1.0, 1.0, 3.0, 2.0, -1.0, 0.0, 0.0, -1.0, 0.0, -1.0, 0.0, 1.0, -1.0, -1.0, -1.0, 3.0, 3.0, -1.0, -1.0, 0.0, 2.0, 0.0, 2.0, 2.0, -1.0, 0.0, 1.0, 0.0, 1.0, -1.0, 1.0, 1.0, 97543.0, 493.0, 99578.0
3.0, 2.0, -1.0, -1.0, 1.0, 1.0, -1.0, 2.0, 1.0, 2.0, -1.0, 0.0, 1.0, 0.0, -1.0, 0.0, -1.0, -1.0, 1.0, 1.0, 3.0, 2.0, -1.0, 0.0, 0.0, -1.0, 0.0, -1.0, 0.0, 1.0, -1.0, -1.0, -1.0, 3.0, 3.0, -1.0, -1.0, 0.0, 2.0, 0.0, 2.0, 2.0, -1.0, 0.0, 1.0, 0.0, 1.0, -1.0, 1.0, 1.0, 97543.0, 493.0, 99578.0
3.0, 2.0, -1.0, -1.0, 1.0, 1.0, -1.0, 2.0, 1.0, 2.0, -1.0, 0.0, 1.0, 0.0, -1.0, 0.0, -1.0, -1.0, 1.0, 1.0, 3.0, 2.0, -1.0, 0.0, 0.0, -1.0, 0.0, -1.0, 0.0, 1.0, -1.0, -1.0, -1.0, 3.0, 3.0, -1.0, -1.0, 0.0, 2.0, 0.0, 2.0, 2.0, -1.0, 0.0, 1.0, 0.0, 1.0, -1.0, 1.0, 1.0, 97543.0, 493.0, 99578.0
0.0, 1.0, 1.0, 0.0, 2.0, 0.0, 0.0, 3.0, 0.0, 3.0, 2.0, 3.0, 3.0, -1.0, -1.0, 0.0, 3.0, 0.0, -1.0, 2.0, -1.0, 3.0, 1.0, 2.0, -1.0, 0.0, 1.0, 0.0, 1.0, -1.0, 2.0, -1.0, 2.0, 2.0, 1.0, -1.0, 1.0, 1.0, 0.0, 1.0, 2.0, 2.0, 1.0, -1.0, 1.0, 3.0, -1.0, 2.0, 3.0, -1.0, 97107.0, 569.0, 99475.0
0.0, 1.0, 1.0, 0.0, 2.0, 0.0, 0.0, 3.0, 0.0, 3.0, 2.0, 3.0, 3.0, -1.0, -1.0, 0.0, 3.0, 0.0, -1.0, 2.0, -1.0, 3.0, 1.0, 2.0, -1.0, 0.0, 1.0, 0.0, 1.0, -1.0, 2.0, -1.0, 2.0, 2.0, 1.0, -1.0, 1.0, 1.0, 0.0, 1.0, 2.0, 2.0, 1.0, -1.0, 1.0, 3.0, -1.0, 2.0, 3.0, -1.0, 97107.0, 569.0, 99475.0
2.0, 2.0, 1.0, 3.0, 3.0, 3.0, 3.0, 1.0, 1.0, -1.0, 2.0, 2.0, 1.0, -1.0, 2.0, 2.0, 2.0, -1.0, 2.0, 0.0, 1.0, 2.0, 0.0, 0.0, 1.0, 3.0, 3.0, 1.0, 2.0, -1.0, 3.0, 0.0, 0.0, 1.0, 0.0, 1.0, -1.0, -1.0, 0.0, 1.0, -1.0, -1.0, 0.0, 3.0, 2.0, 0.0, 3.0, 0.0, 2.0, -1.0, 96998.0, 597.0, 99447.0
2.0, 2.0, 1.0, 3.0, 3.0, 3.0, 3.0, 1.0, 1.0, -1.0, 2.0, 2.0, 1.0, -1.0, 2.0, 2.0, 2.0, -1.0, 2.0, 0.0, 1.0, 2.0, 0.0, 0.0, 1.0, 3.0, 3.0, 1.0, 2.0, -1.0, 3.0, 0.0, 0.0, 1.0, 0.0, 1.0, -1.0, -1.0, 0.0, 1.0, -1.0, -1.0, 0.0, 3.0, 2.0, 0.0, 3.0, 0.0, 2.0, -1.0, 96998.0, 597.0, 99447.0
-1.0, 1.0, 1.0, 0.0, 2.0, 0.0, 0.0, 3.0, 0.0, 2.0, 3.0, 3.0, 3.0, -1.0, -1.0, 0.0, 3.0, 0.0, -1.0, -1.0, -1.0, -1.0, 1.0, 2.0, -1.0, 0.0, 1.0, 0.0, 1.0, -1.0, 2.0, -1.0, 2.0, 2.0, 1.0, -1.0, 1.0, 1.0, 0.0, 1.0, 2.0, 2.0, 1.0, -1.0, 1.0, 3.0, -1.0, 2.0, 3.0, -1.0, 97334.0, 518.0, 99510.0
