4.34775318493, 1.09934778297, 1.44257132856, 1.00000016077, 6.50084466957, 1.16613279148, 4.20261828171, 1.26000059829, 1.00000086404, 5.16271145132, 6.25747708938, 1.0650516894, 2.84750531931, 1.0089833472, 1.07044497718, 1.3496989895, 1.10151097288, 1.09011545849, 6.42113333659, 1.00000079993, 1.00000099702, 102.046557982, 0.960715346425, 5.97888507396, 1.06878446941, 3.39893296292, 0.870000132376, 69.5562688325, 11.1781191989, 359.14471025, 1.07238605898
4.34775318493, 1.09934778297, 1.44257132856, 1.00000016077, 6.50084466957, 1.16613279148, 4.20261828171, 1.26000059829, 1.00000086404, 5.16271145132, 6.25747708938, 1.0650516894, 2.84750531931, 1.0089833472, 1.07044497718, 1.10960405801, 1.01487088092, 1.09193843749, 6.42113333659, 1.00000079993, 1.00000047365, 102.046557982, 0.960715346425, 5.97888507396, 1.06878446941, 3.39893296292, 0.870000132376, 10.1048441453, 7.45646290351, 71.9095550151, 2.41286863271
1.16095285071, 1.30022660991, 1.50296762813, 1.00000018303, 5.27228048043, 1.06769714698, 4.91025949034, 1.26000090124, 1.00000025375, 6.19358776024, 6.34105952542, 1.09684363439, 1.16576136963, 1.02728546829, 1.01953909646, 1.04999050162, 1.0504175249, 0.932072368428, 6.16746121516, 1.00000001256, 1.00000092426, 121.784502713, 1.01856290275, 3.19287196524, 1.04998435934, 4.10476095089, 0.870000494447, 254.696152736, 15.6023364084, 303.045790094, 0.536193029491
3.58439773387, 1.15184105506, 1.44262125781, 1.00000037855, 6.86646983929, 1.01530173136, 1.3927004153, 1.26000000175, 1.00000033947, 5.91335102717, 5.43293159284, 1.07829896963, 3.43653083946, 1.03857513327, 1.06150718943, 1.0501757526, 1.1483036369, 1.08400762921, 7.38182560211, 1.00000077452, 1.0000003188, 77.7703454528, 1.01781552196, 3.58601128443, 0.998640015211, 4.02111949782, 0.870000591488, 216.707458933, 15.4845603612, 562.688665877, 0.536193029491
5.64583098412, 1.03330333838, 1.46737989663, 1.00000069237, 4.67125620754, 1.06156274532, 2.27090462711, 1.26000038472, 1.00000040304, 6.03999143051, 5.29850479167, 1.01104659706, 3.78819007175, 1.06775319252, 1.05581192023, 1.12718361042, 1.11645047177, 0.940000808251, 4.95435949675, 1.00000034641, 1.0000003131, 122.966326819, 0.948743345015, 4.71203310706, 0.964290366659, 3.87306787831, 0.870000051591, 78.0723381313, 18.5639469451, 131.886623963, 0.536193029491
3.60512422824, 1.21821119094, 1.40012809827, 1.00000012208, 5.97277508176, 1.13890191112, 5.53680053149, 1.26000023798, 1.00000099838, 5.43351955906, 3.94964075543, 1.09254087013, 1.43389796148, 1.02368800438, 1.00651371549, 1.3653765244, 1.03869702371, 1.04950584528, 3.49186116002, 1.00000084879, 1.00000011566, 117.49337574, 1.02860519417, 2.0000207791, 0.95305873657, 3.91273252116, 0.870000705199, 18.7042159438, 7.47548903263, 51.2053120478, 1.34048257373
1.80547338023, 1.20031519272, 1.68212651616, 1.00000095894, 4.32071269494, 1.18914091326, 2.39337343647, 1.26000088611, 1.00000095825, 5.79986651128, 7.23722713332, 1.09818194587, 1.06954186775, 1.05353541241, 1.03433051488, 1.04894151976, 1.1683611713, 1.01012606751, 9.85697000177, 1.0000002602, 1.00000014818, 81.0648313469, 1.06733003241, 2.86442411019, 0.970051009905, 3.74121061604, 0.870000039647, 41.8030347274, 15.8386698895, 209.697703464, 0.0
3.60512422824, 1.21821119094, 1.40012809827, 1.00000012208, 5.97277508176, 1.1137811231, 5.53680053149, 1.2600005503, 1.00000099838, 5.43351955906, 3.94964075543, 1.09254087013, 1.43389796148, 1.02368800438, 1.00651371549, 1.3653765244, 1.03869702371, 1.04950584528, 3.49186116002, 1.00000084879, 1.0000002433, 117.49337574, 1.02860519417, 4.41191430816, 0.95305873657, 3.91273252116, 0.870000705199, 351.59058554, 15.0441413508, 525.672071678, 2.68096514745
2.3788112046, 1.1676583718, 1.61444039548, 1.00000048789, 4.53800703403, 1.18811611434, 5.93356279704, 1.26000048113, 1.00000009963, 5.54136380941, 6.81532014407, 1.06679224163, 3.00891882307, 1.06661056939, 1.0499742534, 1.43252634658, 1.06343473146, 1.00567055778, 8.628242991, 1.00000070586, 1.00000089248, 98.5013315408, 0.949608110048, 3.84693253653, 1.02919401342, 3.65751779835, 0.870000029811, 84.4244643989, 11.6453540619, 870.213803074, 2.68096514745
1.98891184207, 1.26980252928, 1.36455476716, 1.00000062279, 5.90367772463, 1.06821772462, 1.69648480101, 1.26000062913, 1.00000014111, 5.45616911738, 7.51825266457, 1.0211723087, 3.65129400694, 1.11797341286, 1.00942538179, 1.46529196506, 1.14736987966, 1.01278494799, 7.93148921982, 1.00000059408, 1.00000078548, 75.9064475108, 1.03601050542, 5.15579419842, 0.952471551801, 3.38947564663, 0.870000277026, 27.7268657559, 10.7414154904, 221.72505593, 3.48525469169
5.81737401483, 1.36621295814, 1.66298761962, 1.00000053873, 4.36796045516, 1.00995491426, 3.90938474608, 1.26000070257, 1.00000019745, 5.80441778233, 3.95608933512, 1.05080576671, 3.9092887117, 1.09994987654, 1.06792024537, 1.06025730654, 1.00883887399, 0.944992984214, 9.29987410362, 1.00000042209, 1.0000004422, 102.354993241, 1.01525949717, 2.55975122062, 1.03306858593, 4.02037456655, 0.870000556458, 117.962896581, 11.283312693, 884.363535065, 3.21715817694
3.85641192784, 1.26980252928, 1.50903189405, 1.00000065226, 4.64995140656, 1.1364476079, 4.46580878459, 1.26000038792, 1.0000005266, 5.01940701713, 5.75965365876, 1.04683977291, 1.29533202505, 1.0717817736, 1.0631960874, 1.30387110144, 1.16300481621, 0.973221650287, 4.74353632412, 1.00000038878, 1.00000002413, 95.6081877541, 1.00154843573, 1.64887579615, 0.984834645795, 3.38947564663, 0.870000417622, 108.267326819, 21.0160915289, 74.0972490828, 2.68096514745
5.33914699142, 1.36118749613, 1.4200478629, 1.00000047086, 5.91975725826, 1.16832684718, 1.17607637326, 1.26000055454, 1.0000009854, 6.15247317148, 7.50807356346, 1.02760819591, 3.23122604244, 1.09243748458, 1.03709173609, 1.13726322817, 1.14069800708, 0.985794275778, 3.31966129085, 1.00000050057, 1.000000696, 121.660053029, 0.963592835772, 3.18309666161, 0.964052144869, 4.08466766484, 0.870000028201, 39.9183698319, 15.3400008152, 492.031792515, 1.34048257373
3.58439773387, 1.33119672881, 1.44262125781, 1.00000037855, 6.86646983929, 1.01530173136, 1.3927004153, 1.26000000175, 1.00000033947, 5.40378992513, 3.17133786844, 1.08313569593, 3.43653083946, 1.03857513327, 1.06150718943, 1.0501757526, 1.1483036369, 1.08400762921, 7.38182560211, 1.00000077452, 1.0000003188, 77.7703454528, 1.01781552196, 3.58601128443, 0.998640015211, 4.02111949782, 0.870000705199, 111.489286118, 12.7286544964, 565.306295795, 2.41286863271
1.66668197219, 1.17084027995, 1.5002969576, 1.00000082475, 6.18022426515, 1.0084774577, 2.74605267078, 1.2600000736, 1.00000006604, 5.49926413396, 4.82927401292, 1.02784297221, 2.66054855147, 1.10278443256, 1.04298907876, 1.62162530039, 1.09351581044, 1.0662974554, 3.69116805504, 1.00000082041, 1.00000051187, 116.032975203, 1.00905600248, 4.88055225809, 1.02288846994, 3.54982570583, 0.870000085095, 101.386207948, 20.5719784418, 277.341317799, 0.804289544236
3.53667561379, 1.1340971329, 1.49092532836, 1.0000005779, 4.46252751501, 1.0550314067, 3.51919737888, 1.26000065253, 1.00000011868, 6.16789395234, 6.51169329953, 1.05604475374, 1.84425250044, 1.07106885212, 1.08853091411, 1.17458909093, 1.15159753549, 0.988432441647, 8.64332706102, 1.000000125, 1.00000033906, 98.709714448, 1.0182923552, 3.4479391018, 0.998787225, 3.76601765277, 0.870000866568, 135.355353649, 16.7701519128, 251.238972377, 0.268096514745
5.47525752606, 1.30358027884, 1.63286802356, 1.00000042291, 7.05704249774, 1.00092687958, 2.23573934248, 1.26000030625, 1.00000089209, 5.43707833218, 6.00269547927, 1.09930022489, 2.76357489004, 1.05680539064, 1.01932278114, 1.10345204392, 1.13034475578, 1.04922580473, 9.85471794545, 1.00000019845, 1.00000081818, 112.372348107, 0.963592835772, 4.97234011347, 0.986761243288, 3.60707633311, 0.870000644517, 201.514123256, 25.5863375986, 1273.58008351, 0.0
1.77864869744, 1.26736224007, 1.3894897955, 1.00000017258, 5.36201044946, 1.04829941657, 1.30046215802, 1.26000073014, 1.00000062389, 5.14362545009, 3.59670999182, 1.0147866411, 1.46848978417, 1.08747242719, 1.01890684809, 1.14586669175, 1.06566456211, 1.08676089901, 9.2886204193, 1.00000016412, 1.00000070913, 84.3243887035, 0.921722528148, 3.44277034266, 1.0672795736, 4.11685383035, 0.870000015187, 144.523718237, 16.6232998894, 3774.86286918, 0.0
4.81304388095, 1.1129078699, 1.45590998978, 1.00000097474, 6.3760139208, 1.013586029, 5.20959710046, 1.26000088455, 1.00000058754, 5.47397800077, 5.96825506559, 1.0872616158, 3.702151951, 1.06242169349, 1.0043485083, 1.17095838282, 1.01528484229, 1.07872884521, 8.00088831104, 1.00000029197, 1.00000099462, 83.0819080902, 1.03522830657, 1.19017185268, 1.02100851707, 4.15159555158, 0.870000784972, 131.476720963, 16.4259365062, 299.342472721, 0.536193029491
5.47525752606, 1.30358027884, 1.63286802356, 1.00000042291, 7.05704249774, 1.00092687958, 2.01970106041, 1.26000030625, 1.00000086398, 5.43707833218, 6.25747708938, 1.06465286659, 2.76357489004, 1.05680539064, 1.01932278114, 1.10345204392, 1.13034475578, 1.04922580473, 9.85471794545, 1.00000019845, 1.00000081818, 112.372348107, 0.963592835772, 4.97234011347, 0.986761243288, 3.60707633311, 0.870000644517, 501.411537199, 24.308620793, 1482.31098407, 0.0
1.66668197219, 1.17084027995, 1.5002969576, 1.00000082475, 6.18022426515, 1.0084774577, 2.74605267078, 1.2600000736, 1.00000002608, 4.96655897205, 4.82927401292, 1.02784297221, 2.66054855147, 1.10278443256, 1.04298907876, 1.62162530039, 1.09351581044, 1.0662974554, 9.38304048463, 1.00000082041, 1.00000051187, 116.032975203, 1.00905600248, 4.88055225809, 1.02288846994, 3.54982570583, 0.870000383861, 77.7772353511, 18.3932465659, 317.764056814, 1.60857908847
1.80547338023, 1.20031519272, 1.68212651616, 1.00000095894, 4.32071269494, 1.00222523607, 2.39337343647, 1.26000053351, 1.00000032977, 5.79986651128, 7.23722713332, 1.09818194587, 1.06954186775, 1.05353541241, 1.03433051488, 1.04894151976, 1.1683611713, 1.01012606751, 9.7071697006, 1.0000002602, 1.00000014818, 81.0648313469, 1.06733003241, 2.06320601696, 0.970051009905, 3.74121061604, 0.870000039647, 102.981466283, 15.2124522887, 1047.89401147, 2.9490616622
4.08078965409, 1.08415473717, 1.49791813596, 1.00000023986, 5.0602204494, 1.17476553148, 5.91091759602, 1.26000041039, 1.00000030597, 6.16603613999, 5.92605197361, 1.01361125428, 3.54615712221, 1.11962723807, 1.07315192775, 1.39438498228, 1.10822675593, 0.992942408322, 3.99486505355, 1.0000006878, 1.00000048128, 114.924920042, 1.05309744228, 3.23256663369, 1.06710211413, 4.03622554384, 0.870000225945, 60.5993328182, 10.8480952407, 434.235828138, 3.48525469169
5.58749416181, 1.26933220932, 1.44883993479, 1.00000027123, 6.73670333453, 1.18914091326, 2.72120197822, 1.26000088611, 1.00000000479, 5.85712174026, 3.25381459405, 1.0205940165, 3.96940183439, 1.08400110671, 1.06231307623, 1.09035112006, 1.08961128251, 1.04176452976, 9.54769700607, 1.00000028629, 1.00000053781, 97.4069972859, 1.08633449238, 2.86442411019, 0.998828745351, 3.98136798256, 0.870000791599, 130.844057635, 13.0910807504, 373.122056659, 4.02144772118
2.13793198565, 1.07003510777, 1.55778030239, 1.00000038137, 4.55019508574, 1.03173375606, 2.65639508722, 1.2600007045, 1.00000057468, 5.40378992513, 3.69680275665, 1.03319916859, 2.99577305295, 1.08179604684, 1.02058362273, 1.49308225824, 1.1230057734, 1.02169781851, 3.88642334655, 1.00000083757, 1.00000050125, 84.0757693221, 0.983905591202, 2.68825703262, 0.971375386309, 4.11875556137, 0.870000808615, 134.148022675, 12.3034319492, 266.071329139, 7.50670241287
1.98891184207, 1.03550083661, 1.36455476716, 1.00000062279, 7.06791056715, 1.06821772462, 1.69648480101, 1.26000062913, 1.00000014111, 5.45616911738, 7.51825266457, 1.01416233391, 3.65129400694, 1.11797341286, 1.00942538179, 1.46529196506, 1.14736987966, 1.01278494799, 7.93148921982, 1.00000059408, 1.00000078548, 75.9064475108, 1.03601050542, 5.15579419842, 0.969415237324, 3.6868152494, 0.870000844874, 218.206858899, 15.4311230971, 2104.86519832, 1.87667560322
5.58749416181, 1.11054777759, 1.44883993479, 1.00000027123, 6.73670333453, 1.18914091326, 2.72120197822, 1.26000088611, 1.00000000479, 5.77483954454, 3.25381459405, 1.0205940165, 3.96940183439, 1.08400110671, 1.06231307623, 1.09035112006, 1.0218834169, 1.04176452976, 9.54769700607, 1.00000028629, 1.00000053781, 97.4069972859, 1.08633449238, 2.86442411019, 0.998828745351, 3.98136798256, 0.870000791599, 891.677101637, 28.4242788445, 1372.33930496, 0.268096514745
1.11671856773, 1.22259065051, 1.66205683495, 1.00000063622, 5.39851206585, 1.1137811231, 2.8516102459, 1.26000071223, 1.00000085241, 6.12934423656, 6.50631989024, 1.04297751142, 1.37246546389, 1.00064988414, 1.07209081001, 1.46852192202, 1.13848060516, 1.06570938438, 4.8131709305, 1.00000026129, 1.00000060588, 83.3495864204, 0.931449985551, 5.4872908125, 1.00848771644, 4.2206236951, 0.870000809994, 501.733093886, 24.1512394038, 5269.63910912, 0.268096514745
4.00505875153, 1.17451693333, 1.70896960734, 1.00000075898, 4.65475701461, 1.06976139438, 4.51756412139, 1.2600007437, 1.00000044695, 5.53199815486, 6.32578695299, 1.02592835939, 3.38993461264, 1.04907574326, 1.06143461805, 1.03901575144, 1.03771290031, 1.06496669745, 7.83918407992, 1.00000035803, 1.00000045541, 121.275865158, 0.993231076812, 4.98397468767, 0.958127753521, 3.33948781273, 0.870000171357, 283.659131223, 17.262324646, 2644.9836058, 1.34048257373
2.22890353679, 1.09956593878, 1.70522335274, 1.00000073068, 6.89869713347, 1.17909943006, 3.39276870715, 1.26000088611, 1.00000073353, 5.71201179002, 3.25381459405, 1.05511377072, 1.05602940307, 1.07745575189, 1.02408570005, 1.59363451499, 1.14837659475, 0.972343694955, 4.80000641094, 1.00000012486, 1.00000097307, 124.867035709, 1.02980806945, 2.78438150542, 0.978019231326, 4.33406639527, 0.870000740281, 157.471593424, 16.7454267754, 616.051297569, 2.14477211796
3.88208240139, 1.09934778297, 1.44257132856, 1.00000016077, 6.50084466957, 1.16613279148, 4.20261828171, 1.26000059829, 1.00000086404, 5.16271145132, 6.25747708938, 1.0650516894, 2.84750531931, 1.06242169349, 1.07044497718, 1.10960405801, 1.01487088092, 0.965129646115, 6.42113333659, 1.00000079993, 1.00000047365, 102.046557982, 0.915122224514, 5.97888507396, 1.06878446941, 3.39893296292, 0.870000132376, 204.802248335, 25.9853068375, 428.788258451, 0.536193029491
5.15085152916, 1.41518434416, 1.65327787613, 1.00000089384, 5.86622512824, 1.00765715998, 3.28335492766, 1.26000019914, 1.00000065441, 5.67797785818, 3.87730073071, 1.09034711838, 2.48014144292, 1.05892671934, 1.06058132326, 1.43571858614, 1.00859271307, 1.0737586675, 8.54997029426, 1.00000071193, 1.00000018024, 92.5107912252, 0.971268852944, 3.04423110451, 1.01427212999, 3.62036871857, 0.87000025342, 144.158781685, 17.5391914432, 393.902251892, 1.07238605898
2.75292561964, 1.14685202061, 1.5002969576, 1.00000059514, 4.32958217828, 1.0493324815, 5.82694780707, 1.26000051004, 1.00000014413, 4.97722283957, 7.44483810629, 1.00587492344, 3.53713718547, 1.11882972169, 1.07770095061, 1.37066388262, 1.05426406949, 1.10541124226, 7.56223721166, 1.00000035773, 1.00000012499, 113.225403329, 0.971696686776, 2.55383077987, 1.05880627174, 4.08733237483, 0.870000016824, 272.381186193, 20.2690428099, 1992.34283831, 0.804289544236
2.93291518357, 1.12125666295, 1.73848474891, 1.00000030055, 5.00636562177, 1.08535808723, 2.6252484636, 1.26000020496, 1.00000000568, 5.4441853831, 4.32879733045, 1.06771346565, 2.46549501711, 1.05183619289, 1.02012937624, 1.5864539696, 1.16308033476, 1.06511680602, 5.44141870539, 1.00000015902, 1.00000079374, 116.545471528, 0.997735145149, 1.49118838587, 0.961100302402, 4.16982966541, 0.870000965646, 346.322142851, 17.2566452159, 592.285904158, 0.536193029491
1.66834102245, 1.03735307669, 1.54830072963, 1.00000020728, 6.95022232328, 1.11216631089, 4.6964933223, 1.26000051176, 1.00000094372, 5.92041435712, 5.75968364513, 1.09120751578, 2.47893986752, 1.02668324258, 1.00164850926, 1.01226979616, 1.10926168579, 0.921821959705, 8.09485171696, 1.00000019411, 1.00000011416, 102.046557982, 1.00999752447, 3.08422506657, 0.998024920699, 3.92247326622, 0.870000817286, 1307.41181276, 31.3761162154, 3126.39040735, 0.0
3.85641192784, 1.21640119789, 1.50903189405, 1.00000065226, 4.64995140656, 1.1364476079, 4.46580878459, 1.26000038792, 1.00000003151, 5.01940701713, 5.75965365876, 1.04683977291, 1.29533202505, 1.0717817736, 1.0631960874, 1.5328719727, 1.16300481621, 0.973221650287, 4.74353632412, 1.00000038878, 1.00000002413, 95.6081877541, 1.01119488339, 1.64887579615, 0.984834645795, 3.6868152494, 0.870000417622, 846.223087455, 37.6180755584, 2288.93194693, 0.0
1.21234497609, 1.24987287751, 1.73333299874, 1.00000035773, 5.50003498563, 1.00482142449, 2.20748286208, 1.2600003584, 1.00000011221, 5.90361352516, 5.03553585769, 1.06036165155, 3.67724608059, 1.07261954952, 1.084206346, 1.1664789901, 1.15588541751, 1.10172035489, 8.76043919397, 1.00000081986, 1.00000099054, 106.016728187, 1.03566677036, 5.2206303731, 0.994161073465, 3.70607698651, 0.870000401591, 541.120239728, 34.7759379325, 2526.73068837, 0.0
2.22890353679, 1.10722748612, 1.70522335274, 1.00000073068, 5.41349637295, 1.17909943006, 3.39276870715, 1.26000034919, 1.00000038667, 6.02354059911, 5.73438760881, 1.05511377072, 1.05602940307, 1.07745575189, 1.02408570005, 1.59363451499, 1.14837659475, 0.972343694955, 6.39120511877, 1.00000012486, 1.00000097307, 100.647936919, 1.02980806945, 2.78438150542, 0.978019231326, 4.32351550775, 0.870000181437, 829.64793791, 37.2657042202, 2494.04847166, 0.0
4.00505875153, 1.17451693333, 1.70896960734, 1.00000075898, 4.65475701461, 1.06976139438, 4.51756412139, 1.2600007437, 1.00000044695, 5.53199815486, 6.32578695299, 1.02592835939, 3.38993461264, 1.04907574326, 1.06143461805, 1.03901575144, 1.03771290031, 1.06496669745, 7.83918407992, 1.00000035803, 1.00000045541, 121.275865158, 0.993231076812, 4.98397468767, 0.958127753521, 3.39037640252, 0.870000171357, 980.593415984, 29.4892462802, 4659.88886941, 0.0
5.33914699142, 1.36118749613, 1.4200478629, 1.00000047086, 5.91975725826, 1.16832684718, 1.98184486837, 1.26000055454, 1.0000009854, 6.15247317148, 7.50807356346, 1.02760819591, 3.22298897567, 1.09243748458, 1.03709173609, 1.13726322817, 1.14069800708, 0.985794275778, 3.31966129085, 1.00000050057, 1.000000696, 121.660053029, 0.963592835772, 3.18309666161, 0.964052144869, 4.08466766484, 0.870000028201, 1924.56808546, 36.0211914825, 2373.64426718, 0.0
3.66288210171, 1.08116806023, 1.73611272022, 1.00000074298, 7.01233421043, 1.03229599962, 2.89268875109, 1.26000008054, 1.00000050092, 5.23681284097, 7.60959359432, 1.06289323362, 2.42463268348, 1.02808551342, 1.06965736585, 1.59431697589, 1.00994844247, 0.974580989948, 5.38997852277, 1.00000037198, 1.00000025893, 106.596221536, 1.0451953094, 5.92656102443, 0.973051158713, 4.01306461471, 0.870000638739, 107.334891335, 21.9373692988, 1679.23776887, 2.14477211796
3.58439773387, 1.15184105506, 1.44262125781, 1.00000037855, 6.86646983929, 1.01530173136, 1.3927004153, 1.26000000175, 1.00000033947, 5.91335102717, 5.43293159284, 1.07829896963, 3.43653083946, 1.03857513327, 1.06150718943, 1.0501757526, 1.1483036369, 1.08400762921, 7.38182560211, 1.00000077452, 1.0000003188, 77.7703454528, 1.01781552196, 3.58601128443, 0.998640015211, 4.02111949782, 0.870000705199, 122.249834871, 21.3018917825, 389.431463115, 2.9490616622
1.21234497609, 1.18107354655, 1.73333299874, 1.00000035773, 5.50003498563, 1.07630775198, 2.20748286208, 1.26000002451, 1.00000011221, 6.09840039542, 7.44383049241, 1.01564228745, 3.67724608059, 1.07261954952, 1.01462446528, 1.61464927255, 1.15588541751, 1.10172035489, 8.76043919397, 1.00000093759, 1.00000001111, 80.2054145845, 1.02952512402, 5.45837934365, 1.06140206453, 3.80783006775, 0.870000401591, 112.001735482, 10.9861630092, 647.281585829, 4.28954423592
3.53667561379, 1.1340971329, 1.49092532836, 1.0000005779, 4.46252751501, 1.0550314067, 3.51919737888, 1.26000065253, 1.00000011868, 6.16789395234, 6.51169329953, 1.05604475374, 1.84425250044, 1.09596123617, 1.08853091411, 1.17458909093, 1.15159753549, 0.988432441647, 8.64332706102, 1.000000125, 1.00000033906, 98.709714448, 1.0182923552, 3.4479391018, 0.998787225, 3.76601765277, 0.870000866568, 129.771994645, 13.71038986, 1385.74511544, 4.02144772118
4.08078965409, 1.08415473717, 1.49791813596, 1.00000056734, 5.0602204494, 1.16976037313, 5.91091759602, 1.26000041039, 1.00000030597, 6.16603613999, 5.92605197361, 1.0081242711, 3.54615712221, 1.11962723807, 1.07315192775, 1.39438498228, 1.10822675593, 0.992942408322, 3.99486505355, 1.0000006878, 1.00000048128, 114.924920042, 1.05309744228, 4.15081200669, 1.06710211413, 4.03622554384, 0.870000225945, 337.627052506, 15.4071144285, 660.434265513, 4.02144772118
1.98891184207, 1.03550083661, 1.36455476716, 1.00000023259, 7.06791056715, 1.06821772462, 1.69648480101, 1.26000062913, 1.00000014111, 5.45616911738, 7.51825266457, 1.01416233391, 3.65129400694, 1.11797341286, 1.00942538179, 1.46529196506, 1.14736987966, 1.01278494799, 7.93148921982, 1.00000059408, 1.00000078548, 75.9064475108, 1.03601050542, 5.15579419842, 0.969415237324, 3.6868152494, 0.870000844874, 979.16813321, 24.7531794164, 10285.0865553, 0.268096514745
5.47525752606, 1.30358027884, 1.63286802356, 1.00000042291, 7.05704249774, 1.00092687958, 2.23573934248, 1.26000030625, 1.00000089209, 5.43707833218, 6.00269547927, 1.09930022489, 2.76357489004, 1.05680539064, 1.01932278114, 1.10345204392, 1.13034475578, 0.955018078672, 9.85471794545, 1.00000019845, 1.00000081818, 112.372348107, 0.963592835772, 4.97234011347, 0.986761243288, 3.60707633311, 0.870000555037, 283.278370707, 17.4240563003, 2329.07681703, 2.9490616622
1.11671856773, 1.22259065051, 1.66205683495, 1.00000063622, 5.39851206585, 1.1137811231, 2.8516102459, 1.26000071223, 1.00000085241, 6.12934423656, 6.50631989024, 1.04297751142, 1.37246546389, 1.00064988414, 1.07209081001, 1.46852192202, 1.13848060516, 1.06570938438, 4.8131709305, 1.00000026129, 1.00000060588, 83.3495864204, 0.931449985551, 5.4872908125, 1.00848771644, 4.2206236951, 0.87000025342, 401.575819768, 16.7603157152, 2121.01831184, 2.9490616622
3.66288210171, 1.08116806023, 1.36455476716, 1.00000074298, 7.01233421043, 1.03229599962, 2.89268875109, 1.26000061597, 1.00000050092, 5.23681284097, 7.60959359432, 1.06289323362, 2.42463268348, 1.02808551342, 1.06965736585, 1.59431697589, 1.00994844247, 0.96494103959, 5.38997852277, 1.00000037198, 1.00000025893, 106.596221536, 1.0451953094, 5.92656102443, 0.973051158713, 4.01306461471, 0.870000492727, 193.13402238, 18.5091253062, 1614.55607915, 3.21715817694
2.69403367634, 1.08422689635, 1.54930899433, 1.00000010974, 5.67087241099, 1.08149359997, 2.58329029604, 1.26000043976, 1.00000014849, 5.70040168034, 4.50610789215, 1.09311153049, 3.15961377072, 1.08608939917, 1.00534195887, 1.47260898783, 1.01495699523, 0.982752453082, 9.52459216901, 1.00000006911, 1.00000022233, 91.7917849284, 0.923472221733, 2.44717274696, 1.00218152834, 4.08009840027, 0.870000644517, 203.574137014, 19.7701992824, 789.92221114, 2.9490616622
1.82981710216, 1.22172899239, 1.72515613932, 1.00000006576, 6.97658737833, 1.13020746274, 1.91320464055, 1.26000063485, 1.00000010139, 5.1798140639, 6.10540914845, 1.0422447916, 3.84138672262, 1.10514452696, 1.07750724126, 1.5538765489, 1.08153585853, 1.09562550088, 4.56916870887, 1.00000043272, 1.00000012532, 95.6081877541, 1.05008700323, 1.77545866187, 0.953731527909, 4.06701242499, 0.870000467575, 179.360846435, 25.1342308482, 1041.35156256, 1.60857908847
3.97781417414, 1.04334089077, 1.49933367223, 1.00000076872, 5.05346337695, 1.08519220476, 2.8414320402, 1.26000058826, 1.000000842, 5.67379233107, 3.12166598852, 1.05061191201, 1.75055167875, 1.03811553803, 1.0550019952, 1.3221139071, 1.13921766277, 1.05425265009, 5.72166273289, 1.00000014086, 1.000000844, 95.3329958795, 0.944772600181, 2.49765630977, 1.04640281384, 4.27956120624, 0.870000626585, 251.391359625, 27.3327770074, 976.529262359, 1.60857908847
5.72882221389, 1.20874715409, 1.68170319596, 1.00000021725, 5.86164523259, 1.17647561931, 2.97128391714, 1.26000067304, 1.00000099558, 6.1551564388, 6.76447693922, 1.07281504023, 1.33632456386, 1.05072735599, 1.06827745677, 1.47702629139, 1.16030803418, 1.00699206795, 3.25365078926, 1.00000004288, 1.00000013648, 122.22091185, 0.968032404391, 3.99849903363, 0.951385733866, 4.27393715388, 0.870000393861, 295.261657643, 28.6158083533, 437.379740331, 2.41286863271
3.69491891133, 1.2588784287, 1.56000469223, 1.0000000768, 5.82231852389, 1.01054533229, 2.73361715036, 1.26000028012, 1.00000085673, 5.50463249602, 6.0884791108, 1.00531097128, 3.22045118241, 1.10689768823, 1.0337114721, 1.00243663434, 1.1417117414, 1.0439070876, 4.53861120239, 1.00000027527, 1.00000018817, 118.525995732, 1.00923855818, 2.24069666341, 1.06026490154, 4.13187259675, 0.870000470173, 154.242227916, 23.7221870041, 748.055868101, 2.41286863271
2.69403367634, 1.08422689635, 1.54930899433, 1.00000010974, 5.67087241099, 1.08149359997, 2.58329029604, 1.26000043976, 1.00000014849, 5.70040168034, 4.50610789215, 1.09311153049, 3.15961377072, 1.08608939917, 1.01796044014, 1.5598994957, 1.01495699523, 0.982752453082, 9.52459216901, 1.00000006911, 1.0000006009, 91.7917849284, 0.923472221733, 3.43223815602, 1.03377558152, 4.08009840027, 0.870000644517, 255.622889429, 20.1980393575, 562.468394563, 1.60857908847
3.51518144484, 1.26980252928, 1.50903189405, 1.00000065226, 4.64995140656, 1.1364476079, 4.46580878459, 1.26000038792, 1.0000005266, 5.01940701713, 5.75965365876, 1.06789935764, 1.1628524224, 1.0717817736, 1.0631960874, 1.30387110144, 1.16300481621, 0.973221650287, 4.74353632412, 1.00000038878, 1.00000002413, 95.6081877541, 1.00154843573, 1.64887579615, 0.976625000305, 3.38947564663, 0.870000417622, 197.419203633, 24.3397007341, 1831.20886502, 1.60857908847
1.66834102245, 1.03735307669, 1.54830072963, 1.00000076872, 6.95022232328, 1.11216631089, 4.6964933223, 1.26000076746, 1.00000094372, 5.92041435712, 7.45197108351, 1.09120751578, 3.85416105272, 1.02668324258, 1.00164850926, 1.01226979616, 1.10926168579, 0.921821959705, 8.09485171696, 1.00000019411, 1.00000016939, 91.1708195763, 1.00999752447, 3.08422506657, 0.998024920699, 3.92247326622, 0.870000817286, 264.740589794, 19.2733946124, 1004.60591999, 3.21715817694
4.34775318493, 1.09934778297, 1.44257132856, 1.00000016077, 6.50084466957, 1.16613279148, 4.20261828171, 1.26000059829, 1.00000086404, 5.16271145132, 6.25747708938, 1.0650516894, 2.84750531931, 1.00100251098, 1.07044497718, 1.3496989895, 1.10151097288, 1.09011545849, 6.42113333659, 1.00000079993, 1.00000099702, 102.046557982, 0.960715346425, 5.97888507396, 1.06878446941, 3.39893296292, 0.870000132376, 316.13381507, 21.1274950687, 1680.16521533, 1.34048257373
1.21234497609, 1.18107354655, 1.73333299874, 1.00000035773, 5.50003498563, 1.07630775198, 2.20748286208, 1.26000002451, 1.00000011221, 6.09840039542, 7.44383049241, 1.01564228745, 3.67724608059, 1.07261954952, 1.01462446528, 1.61464927255, 1.15588541751, 1.10172035489, 8.76043919397, 1.00000081986, 1.00000002354, 80.2054145845, 1.02952512402, 5.45837934365, 1.06140206453, 3.80783006775, 0.870000401591, 510.622150347, 20.2049791565, 3190.746552, 0.804289544236
5.47525752606, 1.30358027884, 1.63286802356, 1.00000042291, 7.06317927621, 1.00092687958, 2.23573934248, 1.26000030625, 1.00000089209, 5.43707833218, 6.00269547927, 1.09930022489, 2.76357489004, 1.05680539064, 1.01932278114, 1.10345204392, 1.13034475578, 1.04922580473, 9.85471794545, 1.00000019845, 1.00000081818, 123.687480382, 0.963592835772, 4.97234011347, 0.986761243288, 3.60707633311, 0.870000644517, 453.70118971, 19.2222180255, 678.912209672, 1.60857908847
4.27599456037, 1.33507041793, 1.47493680426, 1.00000099422, 4.35205527464, 1.1821981012, 4.18902893921, 1.26000084114, 1.00000058005, 5.04549579505, 3.20399657662, 1.00331367176, 1.70092820685, 1.0191871881, 1.05125344768, 1.20124371972, 1.11673560811, 0.972305530939, 4.26870906462, 1.00000093759, 1.00000080127, 114.861483895, 1.08682119176, 1.30680230767, 1.06006463396, 3.81109055455, 0.870000928584, 354.069789469, 17.5512565885, 1070.5086426, 1.87667560322
2.00166920941, 1.02019059608, 1.46614795295, 1.00000021387, 5.82544817063, 1.04217046121, 1.00342171925, 1.26000030802, 1.00000038608, 5.55728293605, 5.55156214605, 1.04297751142, 1.90602390129, 1.06951414463, 1.03515992126, 1.340985935, 1.15601379834, 1.04447910192, 9.88674876751, 1.00000037433, 1.00000091275, 93.3199238904, 1.02247576063, 2.62039985762, 1.00615016479, 3.49996719123, 0.870000281062, 395.468070856, 22.2389979599, 771.275198233, 0.536193029491
2.13793198565, 1.07003510777, 1.55778030239, 1.00000038137, 4.55019508574, 1.03173375606, 2.65639508722, 1.2600007045, 1.00000025375, 5.40378992513, 3.69680275665, 1.03319916859, 2.99577305295, 1.02728546829, 1.02058362273, 1.49308225824, 1.1230057734, 1.02169781851, 6.16746121516, 1.00000083757, 1.00000050125, 84.0757693221, 0.983905591202, 2.68825703262, 0.971375386309, 4.11875556137, 0.870000808615, 363.699359274, 17.6179967582, 1119.69379255, 1.07238605898
1.80547338023, 1.20031519272, 1.68212651616, 1.00000095894, 4.32071269494, 1.00222523607, 2.39337343647, 1.26000053351, 1.00000011642, 6.11285846762, 7.23722713332, 1.09902550778, 1.06954186775, 1.05353541241, 1.03433051488, 1.04894151976, 1.09324874389, 1.01012606751, 9.7071697006, 1.0000002602, 1.00000014818, 81.0648313469, 1.06733003241, 2.06320601696, 0.970051009905, 3.74121061604, 0.870000035968, 568.383538569, 35.723780861, 3577.8240053, 0.0
3.8611482972, 1.18107354655, 1.35677376318, 1.00000068536, 6.93316270239, 1.05468731135, 1.04869823551, 1.26000018756, 1.0000008102, 5.46436857052, 5.46973616554, 1.01024501834, 2.18571606228, 1.11745686958, 1.07195639107, 1.53416811498, 1.05099960807, 0.912022671969, 8.10782866155, 1.00000077987, 1.00000017003, 80.2054145845, 0.914313256653, 1.03212113701, 1.02945254337, 3.57293562933, 0.870000144365, 553.004086137, 35.0016321101, 7960.89239192, 0.0
2.69403367634, 1.08422689635, 1.54930899433, 1.00000010974, 5.67087241099, 1.08149359997, 2.58329029604, 1.26000043976, 1.00000014849, 5.70040168034, 4.50610789215, 1.09311153049, 3.15961377072, 1.08608939917, 1.00534195887, 1.47260898783, 1.01495699523, 0.982752453082, 9.52459216901, 1.00000006911, 1.00000022233, 91.7917849284, 0.923472221733, 2.44717274696, 1.00218152834, 4.08009840027, 0.870000555037, 1056.03422377, 38.560559279, 3166.4131775, 0.268096514745
1.39576795154, 1.33463438734, 1.66950400223, 1.0000001508, 5.25931019005, 1.00496737158, 2.56256769451, 1.26000066, 1.00000072995, 6.01820408696, 3.37917212084, 1.06184249667, 2.03861928504, 1.10011018241, 1.00020605646, 1.3322766116, 1.09623276313, 0.920353355216, 6.8325727105, 1.00000089421, 1.00000043863, 76.4075871953, 0.94376155958, 3.02031068778, 0.952444207978, 4.2473650129, 0.870000655362, 1563.61893761, 34.6021870971, 6283.93334548, 0.0
4.90573503792, 1.27449267474, 1.64264966453, 1.00000027835, 4.8799997319, 1.08066002942, 1.39401722956, 1.26000074397, 1.00000062091, 5.09382811029, 4.39899209626, 1.0411630137, 3.49988924298, 1.08080164553, 1.00920088682, 1.54691346226, 1.15366036099, 1.00361736998, 5.66413422838, 1.00000076046, 1.00000091669, 81.3977192703, 1.00992544753, 1.11571204087, 1.0606854678, 4.37814533168, 0.870000433007, 1537.81127626, 34.7521586197, 7711.43455751, 0.268096514745
1.66834102245, 1.03735307669, 1.54830072963, 1.00000020728, 6.95022232328, 1.11216631089, 4.6964933223, 1.26000070307, 1.00000094372, 5.92041435712, 5.75968364513, 1.09120751578, 2.47893986752, 1.02668324258, 1.00164850926, 1.01226979616, 1.10926168579, 0.921821959705, 8.09485171696, 1.00000019411, 1.00000016939, 91.1708195763, 1.00999752447, 3.08422506657, 0.998024920699, 3.92247326622, 0.870000817286, 1610.51719294, 34.0052442356, 7678.4861213, 0.0
4.34775318493, 1.09934778297, 1.44257132856, 1.00000016077, 6.50084466957, 1.17778307105, 4.20261828171, 1.26000059829, 1.00000086404, 5.16271145132, 6.25747708938, 1.0650516894, 2.84750531931, 1.0089833472, 1.07044497718, 1.3496989895, 1.10151097288, 1.09011545849, 6.42113333659, 1.00000079993, 1.00000099702, 102.046557982, 0.960715346425, 5.97888507396, 1.06878446941, 3.39893296292, 0.870000132376, 1474.41942023, 32.7995128851, 14814.7516483, 0.0
2.29695508026, 1.30022660991, 1.3851887225, 1.00000018303, 5.27228048043, 1.13464921102, 4.91025949034, 1.26000090124, 1.00000057468, 6.19358776024, 6.34105952542, 1.09684363439, 1.16050066238, 1.02808551342, 1.01921294615, 1.04999050162, 1.14891836968, 0.932072368428, 3.88642334655, 1.00000081986, 1.00000092426, 121.784502713, 1.01856290275, 5.60104409668, 1.02331281667, 4.10476095089, 0.870000025709, 124.869819159, 11.0877578009, 649.124585339, 7.77479892761
2.52170115808, 1.40843365834, 1.58634839559, 1.00000070955, 5.38363751255, 1.0534099233, 3.65915240159, 1.2600006665, 1.00000000426, 5.5551250185, 6.92666243296, 1.0816804337, 1.77841836594, 1.10793612028, 1.03678846833, 1.28567549817, 1.02434606893, 1.08656791433, 9.8266391368, 1.0000001897, 1.00000063616, 89.6230712284, 1.00084300638, 1.54688925411, 0.974243958566, 3.84606298972, 0.870000005926, 2139.19828944, 37.6070908141, 3920.75746717, 0.0
1.43246027735, 1.26980252928, 1.50903189405, 1.00000065226, 4.64995140656, 1.1364476079, 4.46580878459, 1.26000038792, 1.0000005266, 5.01940701713, 5.75965365876, 1.03901134618, 1.29533202505, 1.0717817736, 1.0631960874, 1.30387110144, 1.16300481621, 0.983515751793, 4.74353632412, 1.00000038878, 1.00000002413, 95.6081877541, 1.00154843573, 1.64887579615, 0.984834645795, 3.38947564663, 0.870000417622, 1392.99008951, 47.311770808, 4010.82066589, 0.0
1.21234497609, 1.18281841572, 1.73333299874, 1.00000035773, 5.50003498563, 1.00482142449, 2.20748286208, 1.2600003584, 1.00000034047, 5.90361352516, 6.88310999262, 1.0816804337, 3.67724608059, 1.07261954952, 1.00602378883, 1.61464927255, 1.15588541751, 1.10172035489, 8.76043919397, 1.0000008363, 1.00000099054, 106.016728187, 1.03566677036, 5.2206303731, 1.06140206453, 3.6466773332, 0.870000401591, 1475.44395226, 35.2148260708, 19328.7919671, 0.0
3.51518144484, 1.3052662435, 1.39687753276, 1.00000047092, 6.66890301073, 1.08524067222, 3.74624197806, 1.26000020626, 1.00000060003, 5.15248683451, 6.84389028361, 1.00188246242, 3.30825572555, 1.00827767094, 1.06424150908, 1.62845207234, 1.11647865987, 0.913816296296, 4.44804285521, 1.00000082217, 1.00000001418, 85.3738273389, 1.06268023714, 3.16495188428, 1.00968623059, 4.33083601436, 0.870000009775, 1682.22523337, 36.0800048966, 11897.5115939, 0.0
2.74448347834, 1.05420301375, 1.70730423364, 1.00000056376, 4.30310108196, 1.18594088679, 2.43433844074, 1.26000062367, 1.00000011371, 5.61858183704, 5.67516516516, 1.07047213251, 2.97443229277, 1.11253574512, 1.0204242066, 1.10368302957, 1.13244953617, 1.09988752239, 6.85988428975, 1.00000088898, 1.00000053691, 75.7600310796, 0.914653150047, 2.79009373595, 1.0550967512, 3.71704144893, 0.87000037732, 315.247343627, 15.2609810124, 4808.42712457, 5.09383378016
1.21234497609, 1.18281841572, 1.73333299874, 1.00000035773, 5.50003498563, 1.00482142449, 2.20748286208, 1.2600003584, 1.00000011221, 5.90361352516, 6.88310999262, 1.06036165155, 3.67724608059, 1.07261954952, 1.00602378883, 1.61464927255, 1.15588541751, 1.10172035489, 8.76043919397, 1.00000081986, 1.00000099054, 106.016728187, 1.03566677036, 5.2206303731, 1.06140206453, 3.70607698651, 0.870000401591, 489.604431717, 16.6599267798, 944.300640036, 7.50670241287
2.7013808917, 1.39181890472, 1.64438726831, 1.00000064928, 6.86602665117, 1.02602077128, 4.37838235272, 1.26000061456, 1.00000086121, 5.85148963751, 3.77824395285, 1.08189661411, 1.9642984691, 1.1165727814, 1.084206346, 1.54444728927, 1.11647865987, 1.08676633306, 6.05687033015, 1.00000093944, 1.00000040197, 117.289698653, 0.988570042707, 1.45976137544, 0.974204925011, 3.90739827856, 0.870000814062, 181.831650929, 15.3215935966, 1380.84712489, 4.55764075067
2.74448347834, 1.05420301375, 1.70730423364, 1.00000054359, 4.30310108196, 1.18594088679, 2.43433844074, 1.26000062367, 1.00000011371, 5.61858183704, 5.67516516516, 1.07047213251, 2.97443229277, 1.11253574512, 1.03415705133, 1.29667104258, 1.03237075463, 1.09988752239, 6.85988428975, 1.00000088898, 1.00000026765, 75.7600310796, 0.914653150047, 2.79009373595, 1.0550967512, 3.71704144893, 0.87000037732, 268.073936507, 27.7408559009, 1417.85313544, 1.60857908847
3.8611482972, 1.18107354655, 1.35677376318, 1.00000068536, 6.93316270239, 1.05468731135, 1.04869823551, 1.26000018756, 1.0000008102, 5.4441853831, 5.46973616554, 1.01024501834, 2.18571606228, 1.11745686958, 1.07195639107, 1.53416811498, 1.15448928997, 0.912022671969, 8.10782866155, 1.00000077987, 1.00000017003, 80.2054145845, 0.914313256653, 1.49118838587, 1.02945254337, 3.46204370192, 0.870000144365, 1142.54633455, 43.7307287429, 4371.61012931, 0.268096514745
1.21234497609, 1.18281841572, 1.73333299874, 1.00000035773, 5.50003498563, 1.00374066865, 1.88720099439, 1.2600003584, 1.00000011221, 5.90361352516, 6.88310999262, 1.06036165155, 3.67724608059, 1.02808551342, 1.00602378883, 1.61464927255, 1.15588541751, 1.10953760384, 8.76043919397, 1.00000081986, 1.00000099054, 106.016728187, 1.0451953094, 5.2206303731, 1.06140206453, 3.70607698651, 0.870000401591, 648.803948548, 19.4323227217, 1677.5987869, 2.9490616622
1.39576795154, 1.33463438734, 1.66950400223, 1.0000001508, 5.25931019005, 1.00496737158, 2.56256769451, 1.26000066, 1.00000072995, 6.01820408696, 3.37917212084, 1.06184249667, 2.03861928504, 1.10011018241, 1.00020605646, 1.3322766116, 1.09623276313, 0.985233716809, 6.8325727105, 1.00000089421, 1.00000043863, 76.4075871953, 0.94376155958, 3.02031068778, 0.952444207978, 4.2473650129, 0.870000655362, 1108.62504682, 41.1148007351, 5196.95047185, 0.268096514745
5.33914699142, 1.38699050093, 1.4200478629, 1.00000047086, 5.91975725826, 1.17466970533, 2.20748286208, 1.26000055454, 1.0000009854, 6.15247317148, 7.50807356346, 1.02760819591, 3.22298897567, 1.09243748458, 1.03709173609, 1.1664789901, 1.14069800708, 0.985794275778, 3.16394570997, 1.00000050057, 1.000000696, 121.660053029, 0.963592835772, 3.18309666161, 0.964052144869, 4.08466766484, 0.870000028201, 1945.75632563, 37.4772588955, 11299.1293455, 0.0
4.90573503792, 1.27449267474, 1.64264966453, 1.00000027835, 4.7814062938, 1.13347153555, 1.39401722956, 1.26000074397, 1.00000062091, 5.09382811029, 4.39899209626, 1.06889927974, 3.49988924298, 1.08080164553, 1.00920088682, 1.54691346226, 1.12025865232, 1.00361736998, 5.66413422838, 1.00000076046, 1.00000091669, 81.3977192703, 1.00992544753, 1.11571204087, 1.0606854678, 4.32263422298, 0.870000433007, 795.537863306, 37.4104409311, 8057.42418343, 0.268096514745
1.7356998935, 1.36302605059, 1.47210701067, 1.00000043361, 5.233590964, 1.01086657076, 5.26895453412, 1.26000031177, 1.00000099564, 5.20906996439, 6.77975308962, 1.06071044757, 3.18833683451, 1.05079291121, 1.03355383538, 1.32495401505, 1.06000334076, 0.948586066088, 6.3016412184, 1.00000044086, 1.00000003701, 102.605239545, 0.935794028272, 3.51643699457, 1.03493318488, 4.10041099492, 0.870000740731, 2002.58381962, 36.9037243178, 6846.94108978, 0.0
1.82981710216, 1.22172899239, 1.72515613932, 1.00000006576, 6.76067078667, 1.13020746274, 1.91320464055, 1.26000063485, 1.00000010139, 5.1798140639, 6.10540914845, 1.0422447916, 3.84138672262, 1.10514452696, 1.07750724126, 1.5538765489, 1.08153585853, 1.09562550088, 4.56916870887, 1.00000043272, 1.00000012532, 110.688042887, 1.05008700323, 1.77545866187, 0.953731527909, 4.06701242499, 0.870000467575, 945.101177886, 41.8544546617, 4777.58646267, 0.0
3.85641192784, 1.26980252928, 1.50903189405, 1.00000065226, 4.64995140656, 1.1364476079, 4.46580878459, 1.26000038792, 1.0000005266, 5.01940701713, 5.75965365876, 1.04683977291, 1.29533202505, 1.0717817736, 1.0631960874, 1.30387110144, 1.16300481621, 0.973221650287, 4.74353632412, 1.00000038878, 1.00000002413, 95.6081877541, 1.00154843573, 1.64887579615, 0.984834645795, 3.38947564663, 0.870000417622, 390.737346547, 18.8284456806, 2790.97369947, 1.87667560322
2.29695508026, 1.30022660991, 1.50296762813, 1.00000018303, 5.27228048043, 1.06769714698, 4.91025949034, 1.26000090124, 1.00000057468, 6.19358776024, 6.34105952542, 1.09684363439, 1.16050066238, 1.05058720565, 1.01534037902, 1.13726322817, 1.0504175249, 0.932072368428, 3.88642334655, 1.00000077987, 1.00000092593, 121.784502713, 1.01856290275, 3.19287196524, 1.02331281667, 4.10476095089, 0.870000494447, 1384.76031822, 36.1687286851, 7606.62106964, 0.268096514745
2.74448347834, 1.05420301375, 1.70730423364, 1.00000054359, 4.30310108196, 1.11552921257, 2.43433844074, 1.2600009943, 1.00000011371, 5.61858183704, 5.67516516516, 1.05582689489, 2.97443229277, 1.11253574512, 1.03415705133, 1.29667104258, 1.03237075463, 1.09988752239, 6.85988428975, 1.00000088898, 1.00000090573, 75.7600310796, 0.914653150047, 2.79009373595, 1.0550967512, 4.16552276971, 0.87000037732, 590.296885629, 21.218873236, 2323.72628943, 2.68096514745
4.52100646544, 1.2684930366, 1.50742949178, 1.00000041347, 4.8799997319, 1.11552921257, 4.9508520572, 1.2600009943, 1.00000050302, 5.1078765308, 4.48448574681, 1.05582689489, 2.52905966881, 1.08674328937, 1.04143599298, 1.1386645196, 1.05120138748, 0.964222207726, 8.33222029699, 1.00000047651, 1.00000090573, 86.7881696188, 0.939331970562, 4.22503679334, 0.960740353003, 4.16552276971, 0.870000847357, 1748.88659986, 35.4582627766, 11419.0614198, 0.0
2.69403367634, 1.08422689635, 1.54930899433, 1.00000010974, 5.67087241099, 1.08149359997, 2.58329029604, 1.26000043976, 1.00000014849, 5.70040168034, 4.50610789215, 1.09311153049, 3.15961377072, 1.08608939917, 1.01796044014, 1.47260898783, 1.01495699523, 0.982752453082, 9.52459216901, 1.00000006911, 1.0000006009, 91.7917849284, 0.923472221733, 3.43223815602, 1.03377558152, 4.08009840027, 0.870000644517, 809.467149191, 23.2780339946, 4024.87483278, 1.07238605898
5.04673514239, 1.17248775237, 1.7035987883, 1.00000000666, 5.87239757061, 1.0673714679, 3.77383941709, 1.26000040087, 1.00000056745, 5.65647529484, 4.38064314611, 1.06771346565, 1.8861331522, 1.08603816474, 1.02339865566, 1.064975773, 1.14901109369, 1.03391729384, 3.19850818264, 1.0000003054, 1.00000043165, 120.578686574, 0.945123487614, 2.76662410193, 1.05767547689, 3.52317534925, 0.870000137209, 753.214199698, 22.4360426395, 1196.78972799, 1.60857908847
5.258052471, 1.28581400953, 1.47100493053, 1.00000049604, 5.6217455873, 1.05606724489, 3.71158879466, 1.26000085229, 1.0000000986, 6.19339090239, 4.54045241859, 1.06498541141, 2.79242859715, 1.05510166527, 1.06315435307, 1.04756172729, 1.05703775206, 1.03726266397, 7.92370507438, 1.00000027527, 1.00000088723, 95.095836673, 1.01456635477, 4.0786290767, 0.991011052385, 3.7409312794, 0.87000094993, 459.153511863, 23.9776316647, 3441.91726294, 1.07238605898
4.00505875153, 1.17451693333, 1.70896960734, 1.00000075898, 4.65475701461, 1.06976139438, 1.69648480101, 1.2600007437, 1.00000044695, 5.53199815486, 6.32578695299, 1.02592835939, 3.38993461264, 1.04907574326, 1.06143461805, 1.03901575144, 1.03771290031, 1.06496669745, 6.09212130118, 1.00000035803, 1.00000045541, 121.275865158, 0.993231076812, 4.98397468767, 0.958127753521, 3.33948781273, 0.870000171357, 407.91836581, 24.367469333, 780.786115693, 0.536193029491
3.58439773387, 1.06186632431, 1.44262125781, 1.00000037855, 6.86646983929, 1.01530173136, 1.3927004153, 1.26000000175, 1.00000033947, 5.91335102717, 5.43293159284, 1.07829896963, 3.43653083946, 1.03857513327, 1.06150718943, 1.0501757526, 1.1483036369, 1.08400762921, 7.38182560211, 1.00000077452, 1.00000092426, 77.7703454528, 1.01781552196, 3.19287196524, 1.04998435934, 4.10476095089, 0.870000591488, 686.183275474, 20.9447750133, 926.829276402, 2.9490616622
5.62170299568, 1.3672690767, 1.66325415955, 1.0000004699, 4.71915957897, 1.03024923602, 5.39995172127, 1.26000081749, 1.00000031405, 5.96185895896, 3.58433081507, 1.01486666836, 3.73119585621, 1.11441705522, 1.02459451407, 1.23545700368, 1.16867988205, 1.00750031014, 4.08276029415, 1.00000078866, 1.00000089653, 100.341357534, 1.02337350614, 3.97966328068, 0.974802145506, 4.32818434607, 0.870000899792, 434.797648302, 23.467742977, 1059.93527378, 2.41286863271
5.33914699142, 1.36118749613, 1.4200478629, 1.00000047086, 5.91975725826, 1.16832684718, 1.98184486837, 1.26000055454, 1.0000009854, 6.15247317148, 7.50807356346, 1.00615758529, 2.24305195609, 1.09243748458, 1.03709173609, 1.13726322817, 1.14069800708, 0.985794275778, 3.31966129085, 1.00000050057, 1.000000696, 108.723504334, 0.963592835772, 3.11794078626, 0.964052144869, 4.08466766484, 0.870000027908, 479.523672604, 24.3620244323, 2420.46216778, 0.536193029491
2.29695508026, 1.30022660991, 1.3851887225, 1.00000018303, 5.27228048043, 1.13464921102, 4.91025949034, 1.26000090124, 1.00000057468, 6.19358776024, 6.34105952542, 1.09684363439, 1.16050066238, 1.04106660762, 1.01921294615, 1.04999050162, 1.0504175249, 0.932072368428, 3.88642334655, 1.00000001256, 1.00000092426, 121.784502713, 1.01856290275, 3.19287196524, 1.02331281667, 4.10476095089, 0.870000025709, 289.532158203, 21.2914283034, 3779.28864309, 1.60857908847
1.34405922297, 1.14482010452, 1.441632494, 1.00000058604, 5.7791723113, 1.03399436602, 1.96200647275, 1.26000070747, 1.00000038653, 5.49287571366, 7.46114861274, 1.07000994463, 1.31371646496, 1.11596145656, 1.01357693589, 1.60726423112, 1.07627234066, 0.944911411053, 5.08823976218, 1.00000009308, 1.00000049929, 114.525322566, 1.02241009516, 4.46312626426, 0.973191888903, 3.52250244427, 0.870000323655, 307.41844745, 21.5933227936, 1147.61625583, 2.14477211796
5.72882221389, 1.20874715409, 1.68170319596, 1.00000021725, 5.86164523259, 1.17647561931, 2.97128391714, 1.26000067304, 1.00000099558, 6.1551564388, 6.76447693922, 1.07377481829, 1.33632456386, 1.05072735599, 1.06827745677, 1.47702629139, 1.16030803418, 1.00699206795, 3.25365078926, 1.00000004288, 1.00000013648, 122.22091185, 0.968032404391, 3.99849903363, 0.951385733866, 4.27393715388, 0.870000393861, 394.808201532, 22.8724814836, 1093.50927407, 2.14477211796
