-1.0, -1.0, -1.0, 0.0, 1.0, 2.0, 2.0, 3.0, -1.0, -1.0, 3.0, 0.0, 1.0, 1.0, 0.0, 1.0, -1.0, 2.0, -1.0, 2.0, 1.0, 2.0, 1.0, -1.0, -1.0, 3.0, -1.0, 3.0, 3.0, -1.0, -1.0, 3.0, -1.0, 3.0, 2.0, -1.0, -1.0, 2.0, 3.0, 2.0, 2.0, -1.0, 0.0, 2.0, 2.0, 1.0, -1.0, 2.0, -1.0, 0.0, 97778.0, 451.0, 99588.0
3.0, 1.0, 1.0, 2.0, 0.0, 3.0, 1.0, 1.0, 1.0, 1.0, 0.0, 2.0, -1.0, -1.0, -1.0, 3.0, 1.0, 1.0, 1.0, 2.0, 2.0, 2.0, 0.0, 1.0, 0.0, 1.0, 3.0, 0.0, 0.0, 3.0, 3.0, 2.0, 0.0, 3.0, 0.0, -1.0, 2.0, 2.0, 0.0, 1.0, 3.0, 1.0, -1.0, 3.0, 0.0, 3.0, 0.0, 2.0, -1.0, 2.0, 96454.0, 620.0, 99409.0
-1.0, 1.0, -1.0, 0.0, 1.0, 2.0, 2.0, 3.0, -1.0, -1.0, 3.0, 0.0, 0.0, 1.0, 0.0, 1.0, -1.0, 2.0, -1.0, 2.0, 1.0, 2.0, 1.0, -1.0, -1.0, 1.0, -1.0, 3.0, 3.0, -1.0, -1.0, 3.0, -1.0, 3.0, 0.0, -1.0, 1.0, 2.0, 2.0, 2.0, 2.0, -1.0, 0.0, 2.0, 2.0, 1.0, 0.0, 2.0, 2.0, 0.0, 97201.0, 502.0, 99528.0
-1.0, -1.0, 1.0, 0.0, 1.0, 1.0, 0.0, 1.0, 2.0, -1.0, 0.0, 2.0, 0.0, 3.0, -1.0, 0.0, 2.0, 1.0, -1.0, 2.0, 1.0, 0.0, -1.0, 3.0, 0.0, -1.0, 0.0, 2.0, -1.0, 0.0, 2.0, -1.0, 1.0, 1.0, 2.0, -1.0, 3.0, 2.0, 0.0, 2.0, 3.0, 0.0, -1.0, -1.0, 0.0, 0.0, -1.0, -1.0, -1.0, 1.0, 97025.0, 497.0, 99538.0
1.0, 0.0, 0.0, 1.0, 1.0, 1.0, 0.0, 2.0, 2.0, 1.0, 0.0, -1.0, 0.0, 3.0, -1.0, 0.0, -1.0, 2.0, 0.0, 3.0, 0.0, 3.0, 2.0, -1.0, 0.0, 0.0, 1.0, 3.0, 3.0, 0.0, 2.0, 1.0, 1.0, -1.0, 2.0, -1.0, -1.0, 2.0, 1.0, -1.0, 2.0, -1.0, -1.0, 3.0, 0.0, 1.0, 3.0, 1.0, 2.0, 0.0, 96539.0, 550.0, 99468.0
-1.0, 1.0, -1.0, 0.0, 1.0, 2.0, 2.0, 3.0, -1.0, -1.0, 0.0, 0.0, 1.0, 1.0, 0.0, 1.0, -1.0, 2.0, -1.0, 2.0, 1.0, 2.0, 1.0, -1.0, -1.0, 3.0, -1.0, 3.0, 0.0, -1.0, -1.0, 3.0, -1.0, 3.0, 0.0, -1.0, -1.0, 2.0, 3.0, 2.0, 2.0, -1.0, 0.0, 2.0, 2.0, 1.0, 0.0, 2.0, 2.0, 0.0, 97240.0, 490.0, 99545.0
-1.0, -1.0, 1.0, 0.0, 1.0, 1.0, 0.0, 1.0, 2.0, -1.0, 0.0, 2.0, 0.0, 3.0, -1.0, 0.0, 2.0, 1.0, -1.0, 2.0, 1.0, 0.0, -1.0, 3.0, 0.0, -1.0, 0.0, 2.0, -1.0, 0.0, 2.0, -1.0, 1.0, 1.0, 2.0, -1.0, 3.0, 2.0, 0.0, 2.0, 3.0, 0.0, -1.0, -1.0, 0.0, 0.0, -1.0, -1.0, -1.0, 1.0, 97025.0, 497.0, 99538.0
3.0, 2.0, -1.0, 3.0, 2.0, 0.0, 0.0, 3.0, -1.0, 0.0, 3.0, 1.0, -1.0, 3.0, 0.0, -1.0, 3.0, 2.0, 2.0, 3.0, 2.0, 3.0, 3.0, 1.0, -1.0, 1.0, -1.0, -1.0, 1.0, 2.0, -1.0, 1.0, 0.0, 0.0, 1.0, 1.0, 2.0, -1.0, 1.0, -1.0, -1.0, -1.0, -1.0, 3.0, 2.0, 3.0, 2.0, 2.0, 0.0, -1.0, 97557.0, 498.0, 99532.0
2.0, 1.0, -1.0, 2.0, 2.0, 1.0, 2.0, -1.0, -1.0, 0.0, 0.0, 0.0, 0.0, 1.0, 0.0, 2.0, 1.0, 0.0, 0.0, -1.0, 2.0, 1.0, 2.0, 1.0, -1.0, 3.0, -1.0, 2.0, 1.0, 0.0, 1.0, 3.0, 2.0, 0.0, 2.0, -1.0, -1.0, 0.0, 0.0, -1.0, 1.0, -1.0, 2.0, -1.0, 2.0, 2.0, 0.0, -1.0, 2.0, 0.0, 96802.0, 521.0, 99512.0
3.0, 1.0, 0.0, 2.0, 0.0, 3.0, 1.0, 1.0, -1.0, 1.0, 0.0, 2.0, -1.0, -1.0, 1.0, 3.0, 1.0, 1.0, 1.0, 2.0, 2.0, 2.0, 0.0, 1.0, 0.0, 1.0, -1.0, 0.0, 0.0, 3.0, 3.0, 2.0, 3.0, 3.0, 0.0, -1.0, 2.0, 2.0, 0.0, 1.0, 3.0, 1.0, -1.0, 3.0, 0.0, 3.0, 0.0, 2.0, -1.0, 2.0, 96547.0, 604.0, 99425.0
-1.0, -1.0, 1.0, 0.0, 2.0, 1.0, 0.0, 1.0, 2.0, -1.0, 0.0, 2.0, 0.0, 3.0, -1.0, 0.0, 2.0, 1.0, 1.0, 2.0, 0.0, 0.0, -1.0, 3.0, 0.0, -1.0, 0.0, 2.0, 1.0, 0.0, 2.0, -1.0, 1.0, 1.0, 2.0, -1.0, 3.0, 2.0, 0.0, 2.0, 3.0, 0.0, -1.0, -1.0, 0.0, 1.0, -1.0, -1.0, -1.0, 1.0, 96816.0, 519.0, 99507.0
-1.0, 1.0, -1.0, 0.0, 1.0, 2.0, 0.0, 3.0, -1.0, -1.0, 0.0, 0.0, 1.0, 1.0, 0.0, 1.0, -1.0, 2.0, -1.0, 2.0, 1.0, 2.0, 1.0, -1.0, -1.0, 3.0, -1.0, 3.0, 3.0, -1.0, -1.0, 3.0, -1.0, 3.0, 0.0, -1.0, -1.0, 2.0, 3.0, 2.0, 2.0, -1.0, 0.0, 2.0, 2.0, 1.0, -1.0, 2.0, 2.0, 0.0, 97440.0, 477.0, 99564.0
1.0, 0.0, 0.0, 1.0, 1.0, 1.0, 0.0, 2.0, 2.0, 1.0, 0.0, -1.0, 0.0, 3.0, -1.0, 0.0, -1.0, 2.0, 0.0, 3.0, 0.0, 3.0, 2.0, -1.0, 0.0, 0.0, 1.0, 3.0, 3.0, 0.0, 2.0, 1.0, 1.0, 2.0, 2.0, -1.0, -1.0, 2.0, 1.0, -1.0, 2.0, -1.0, -1.0, 3.0, 0.0, 1.0, 3.0, 1.0, 2.0, 0.0, 96453.0, 568.0, 99449.0
-1.0, -1.0, 0.0, 0.0, 2.0, 2.0, 0.0, 1.0, -1.0, -1.0, 0.0, 1.0, 2.0, -1.0, -1.0, 0.0, 3.0, 1.0, -1.0, 1.0, 1.0, 3.0, 1.0, 0.0, -1.0, 1.0, -1.0, 0.0, 0.0, -1.0, 1.0, 2.0, 1.0, 1.0, 3.0, 3.0, 1.0, 1.0, -1.0, 0.0, -1.0, -1.0, 3.0, 1.0, 2.0, 3.0, 3.0, 0.0, 2.0, 1.0, 96916.0, 518.0, 99518.0
3.0, 2.0, -1.0, 3.0, 1.0, 0.0, 0.0, 3.0, -1.0, 0.0, 3.0, 1.0, -1.0, 3.0, 0.0, -1.0, 3.0, 2.0, 2.0, 3.0, 2.0, 2.0, 3.0, 1.0, -1.0, 1.0, 1.0, -1.0, 1.0, 2.0, -1.0, 1.0, 0.0, 0.0, 1.0, 1.0, 2.0, 2.0, 1.0, -1.0, -1.0, -1.0, -1.0, 3.0, 2.0, 3.0, 2.0, 2.0, 0.0, -1.0, 97348.0, 527.0, 99502.0
-1.0, -1.0, -1.0, 0.0, 2.0, 2.0, 2.0, 3.0, -1.0, -1.0, 3.0, 0.0, 1.0, 1.0, 0.0, 3.0, -1.0, 2.0, -1.0, 2.0, 1.0, 3.0, 1.0, -1.0, -1.0, 3.0, -1.0, 3.0, 3.0, -1.0, 0.0, 3.0, -1.0, 3.0, 2.0, -1.0, -1.0, -1.0, 3.0, 2.0, 2.0, -1.0, 0.0, 2.0, 2.0, 1.0, -1.0, 2.0, -1.0, 0.0, 97856.0, 450.0, 99596.0
1.0, 2.0, 0.0, -1.0, 1.0, 2.0, 0.0, 3.0, 1.0, 2.0, 1.0, 2.0, 3.0, 0.0, 3.0, 1.0, 0.0, 3.0, 1.0, -1.0, 1.0, 3.0, -1.0, 2.0, 0.0, 1.0, 3.0, 2.0, 2.0, 1.0, -1.0, 0.0, 1.0, 3.0, -1.0, -1.0, 3.0, 1.0, -1.0, 2.0, 0.0, 2.0, 0.0, 1.0, 2.0, 0.0, 0.0, 3.0, 3.0, 2.0, 96515.0, 617.0, 99418.0
-1.0, -1.0, -1.0, 0.0, 1.0, 2.0, 2.0, 3.0, -1.0, -1.0, 3.0, 0.0, 1.0, 1.0, 0.0, 1.0, -1.0, 2.0, -1.0, 2.0, 1.0, 2.0, 1.0, -1.0, -1.0, 3.0, -1.0, 3.0, 3.0, -1.0, -1.0, 3.0, -1.0, 3.0, 2.0, -1.0, -1.0, 2.0, 3.0, 2.0, 2.0, -1.0, 0.0, 2.0, 2.0, 1.0, -1.0, 2.0, -1.0, 0.0, 97778.0, 451.0, 99588.0
3.0, 1.0, 1.0, 2.0, 0.0, 3.0, 1.0, 1.0, 1.0, 1.0, 0.0, 2.0, -1.0, 3.0, -1.0, 3.0, 1.0, 1.0, 1.0, 2.0, 2.0, 2.0, 0.0, 1.0, 0.0, 1.0, 3.0, 0.0, 0.0, 3.0, 3.0, 2.0, 0.0, 3.0, 0.0, -1.0, 2.0, 2.0, 0.0, 1.0, 3.0, 1.0, -1.0, 3.0, 0.0, 3.0, 0.0, 2.0, -1.0, 2.0, 96393.0, 631.0, 99397.0
3.0, 1.0, 1.0, 2.0, 0.0, 3.0, 1.0, 1.0, 1.0, 1.0, 0.0, 2.0, -1.0, -1.0, -1.0, 3.0, 1.0, 1.0, 1.0, 2.0, 2.0, 2.0, 0.0, 1.0, 0.0, 1.0, 3.0, 0.0, 0.0, 3.0, 3.0, 2.0, 0.0, 3.0, 0.0, -1.0, 2.0, 2.0, 0.0, 1.0, 3.0, 1.0, -1.0, 3.0, 0.0, 3.0, 0.0, 2.0, -1.0, 2.0, 96454.0, 620.0, 99409.0
-1.0, 1.0, -1.0, 3.0, 1.0, 2.0, 2.0, 3.0, -1.0, -1.0, 3.0, 0.0, 0.0, 1.0, 0.0, 1.0, -1.0, 2.0, -1.0, 2.0, 1.0, 2.0, 1.0, 1.0, -1.0, 1.0, -1.0, 3.0, 3.0, -1.0, -1.0, 3.0, -1.0, 3.0, 0.0, -1.0, 1.0, 2.0, 2.0, 2.0, 2.0, -1.0, 0.0, 2.0, 2.0, 1.0, 0.0, 2.0, 2.0, 0.0, 97251.0, 513.0, 99520.0
-1.0, -1.0, 1.0, 0.0, 1.0, 1.0, 0.0, 1.0, 2.0, -1.0, 0.0, 2.0, 0.0, 3.0, -1.0, 0.0, 2.0, 1.0, -1.0, 2.0, 1.0, 0.0, -1.0, 3.0, 0.0, -1.0, 0.0, 2.0, -1.0, 0.0, 2.0, -1.0, 1.0, 1.0, 2.0, -1.0, 3.0, 2.0, 0.0, 2.0, 3.0, 0.0, -1.0, -1.0, 0.0, 0.0, -1.0, -1.0, -1.0, 1.0, 97025.0, 497.0, 99538.0
3.0, 1.0, 0.0, 2.0, 0.0, 3.0, 1.0, 1.0, -1.0, 1.0, 0.0, 2.0, -1.0, -1.0, 1.0, 3.0, 1.0, 1.0, 1.0, 2.0, 2.0, 2.0, 0.0, 1.0, 0.0, 1.0, -1.0, 0.0, 0.0, 3.0, 3.0, 2.0, 3.0, 3.0, 0.0, -1.0, 2.0, 2.0, 0.0, 1.0, 3.0, 1.0, -1.0, 3.0, 0.0, 3.0, 0.0, 2.0, -1.0, 2.0, 96547.0, 604.0, 99425.0
1.0, 0.0, 1.0, 0.0, -1.0, 2.0, 1.0, 0.0, -1.0, 1.0, 0.0, 2.0, -1.0, 0.0, -1.0, 0.0, -1.0, 2.0, 0.0, 1.0, 1.0, -1.0, -1.0, 0.0, 2.0, -1.0, 1.0, 2.0, 0.0, 1.0, 0.0, 3.0, 2.0, -1.0, 2.0, 2.0, 1.0, 1.0, -1.0, 0.0, 0.0, -1.0, 0.0, 2.0, 2.0, 0.0, 3.0, 2.0, 3.0, 0.0, 96576.0, 532.0, 99481.0
-1.0, -1.0, 1.0, 0.0, 1.0, 1.0, 0.0, 1.0, 2.0, -1.0, 0.0, 2.0, 0.0, 3.0, -1.0, 0.0, 2.0, 1.0, -1.0, 2.0, 1.0, 0.0, -1.0, 3.0, -1.0, -1.0, 0.0, 2.0, -1.0, 0.0, 2.0, -1.0, -1.0, 1.0, 2.0, -1.0, 3.0, 2.0, 0.0, 2.0, 3.0, 0.0, -1.0, -1.0, 0.0, 1.0, -1.0, -1.0, -1.0, 1.0, 97207.0, 460.0, 99565.0
1.0, 3.0, 0.0, 1.0, 1.0, -1.0, 2.0, 1.0, 2.0, 1.0, 0.0, -1.0, 0.0, 0.0, 1.0, -1.0, 2.0, 1.0, 2.0, 0.0, 3.0, 1.0, 1.0, -1.0, 1.0, -1.0, -1.0, 0.0, 2.0, 0.0, 3.0, 2.0, 2.0, -1.0, 2.0, 0.0, 2.0, 3.0, 0.0, 2.0, 2.0, 0.0, 3.0, 1.0, 0.0, 3.0, 3.0, 0.0, 3.0, 0.0, 96498.0, 601.0, 99437.0
3.0, 2.0, 3.0, 3.0, 2.0, 0.0, 0.0, 3.0, -1.0, 0.0, 3.0, 1.0, -1.0, 3.0, 0.0, -1.0, 3.0, 2.0, 2.0, 3.0, 2.0, 3.0, 3.0, 1.0, -1.0, 1.0, -1.0, -1.0, 1.0, 2.0, -1.0, 1.0, 0.0, 0.0, 1.0, 1.0, 2.0, -1.0, 1.0, -1.0, -1.0, -1.0, -1.0, 3.0, 2.0, 3.0, 2.0, 2.0, 0.0, -1.0, 97498.0, 514.0, 99513.0
2.0, 1.0, -1.0, 2.0, 2.0, 1.0, 2.0, -1.0, -1.0, 0.0, 0.0, 0.0, 0.0, 1.0, 0.0, 2.0, 1.0, 0.0, 0.0, -1.0, 2.0, 1.0, 2.0, 1.0, -1.0, 3.0, -1.0, 2.0, 1.0, 0.0, 1.0, 3.0, 2.0, 0.0, 2.0, -1.0, -1.0, 0.0, 0.0, -1.0, 1.0, -1.0, 2.0, -1.0, 2.0, 2.0, 0.0, -1.0, 2.0, 0.0, 96802.0, 521.0, 99512.0
-1.0, -1.0, 1.0, 0.0, 2.0, 1.0, 0.0, 1.0, 2.0, -1.0, 0.0, 2.0, 0.0, 3.0, -1.0, 0.0, 2.0, 1.0, 1.0, 2.0, 0.0, 0.0, -1.0, 3.0, 0.0, -1.0, 0.0, 2.0, 1.0, 0.0, 2.0, -1.0, 1.0, 1.0, 2.0, -1.0, 3.0, 2.0, 0.0, 2.0, 3.0, 0.0, -1.0, -1.0, 0.0, 1.0, -1.0, -1.0, -1.0, 1.0, 96816.0, 519.0, 99507.0
-1.0, 1.0, -1.0, 0.0, 1.0, 2.0, 0.0, 3.0, -1.0, -1.0, 0.0, 0.0, 1.0, 1.0, 0.0, 1.0, -1.0, 2.0, -1.0, 2.0, 1.0, 2.0, 1.0, -1.0, -1.0, 3.0, -1.0, 3.0, 3.0, -1.0, -1.0, 3.0, -1.0, 3.0, 0.0, -1.0, -1.0, 2.0, 3.0, 2.0, 2.0, -1.0, 0.0, 2.0, 2.0, 1.0, -1.0, 2.0, 2.0, 0.0, 97440.0, 477.0, 99564.0
1.0, 0.0, 0.0, 1.0, 1.0, 1.0, 0.0, 2.0, 2.0, 1.0, 0.0, -1.0, 0.0, 3.0, -1.0, 0.0, -1.0, 2.0, 0.0, 3.0, 0.0, 3.0, 2.0, -1.0, 0.0, 0.0, 1.0, 3.0, 3.0, 0.0, 2.0, 1.0, 1.0, 2.0, 2.0, -1.0, -1.0, 2.0, 1.0, -1.0, 2.0, -1.0, -1.0, 3.0, 0.0, 1.0, 3.0, 1.0, 2.0, 0.0, 96453.0, 568.0, 99449.0
3.0, -1.0, -1.0, 3.0, 1.0, 0.0, 0.0, 3.0, -1.0, 0.0, 3.0, 1.0, -1.0, 3.0, 0.0, -1.0, 3.0, 2.0, 2.0, 3.0, 2.0, 2.0, 3.0, 1.0, -1.0, 1.0, 1.0, -1.0, 1.0, 2.0, -1.0, 1.0, -1.0, 0.0, 1.0, 1.0, 2.0, 2.0, 1.0, -1.0, -1.0, -1.0, -1.0, 3.0, 2.0, 3.0, 2.0, 2.0, 0.0, -1.0, 97547.0, 493.0, 99534.0
1.0, 2.0, 0.0, -1.0, 1.0, 2.0, 0.0, 3.0, 1.0, 2.0, 1.0, 2.0, 3.0, 0.0, 3.0, 1.0, 0.0, 3.0, 1.0, -1.0, 1.0, 3.0, -1.0, 2.0, 0.0, 1.0, 3.0, 2.0, 2.0, 1.0, -1.0, 0.0, 1.0, 3.0, -1.0, -1.0, 3.0, 1.0, -1.0, 2.0, 0.0, 2.0, 0.0, 1.0, 2.0, 0.0, 0.0, 3.0, 3.0, 2.0, 96515.0, 617.0, 99418.0
