0.109703909413, 0.820352962469, 86.6499470137, 0.575703252601, 27.0551011581, 8.38363504452, 1.53866803443, 0.309723099393, 10.0626384805, 2495.02442343, 0.0476206090716, 0.0196078431373
0.778199449556, 0.820352962469, 89.1567226819, 0.644195241177, 77.1766584921, 6.44046241126, 0.295285411126, 2.62623102634, 10.0626384805, 1354.40001548, 0.0857116428355, 0.0
0.192873641886, 1.05083818737, 82.4105576549, 0.671307352102, 82.8622892108, 2.71380667987, 0.942807392695, 0.0615537614154, 18.8100520137, 7908.91044799, 0.0319453392864, 0.0
0.184102209671, 0.86377148351, 80.6519192514, 0.47675568435, 59.2530682829, 10.6071273584, 0.201061103919, 2.83816079481, 7.50848381589, 1245.39632286, 0.103716958949, 0.0
0.299713385831, 0.831369104223, 91.7618057722, 0.459703313893, 45.412375062, 4.0996840811, 0.623752753256, 3.40665915685, 9.85226260569, 1816.21606724, 0.0810789735461, 0.5
0.218329051659, 1.04428709899, 83.3768635247, 0.694382200891, 68.3610544677, 4.07406977515, 0.0638422857219, 1.65504945727, 8.09183249432, 5240.94498492, 0.0548273131054, 0.0
0.218329051659, 0.830749768733, 83.3768635247, 0.694382200891, 68.3610544677, 4.07406977515, 0.0638422857219, 1.65504945727, 8.09183249432, 2261.93267354, 0.0573756784403, 0.214285714286
0.619144936574, 0.820909481071, 86.2760731365, 0.454831639161, 6.00562445467, 5.24859248882, 1.30330878828, 0.755451595605, 9.3655919397, 3065.28451809, 0.192336622616, 0.169811320755
0.261384988662, 0.824730329593, 88.0301751936, 0.408905811198, 90.2348017723, 18.0552360552, 1.33837591539, 2.03778892748, 8.99249080424, 3571.76803073, 0.206545032081, 0.0322580645161
0.423051494333, 0.83045849452, 92.0568709956, 0.437621094774, 61.8269896726, 33.3876284296, 0.132644138838, 3.89185681265, 3.82273482344, 2686.90161796, 0.140765297022, 0.2
0.305127159755, 0.926818443424, 85.4264968564, 0.693689407899, 70.4229449236, 15.2018142294, 1.05323085457, 2.47942798729, 10.7079829556, 4774.23998629, 0.178677731266, 0.0
0.55909724046, 0.916225615355, 84.1554964125, 0.652607708015, 20.1729878671, 16.1258597041, 0.285520803104, 4.27642967106, 11.124562994, 2994.02564186, 0.227905061732, 0.0
0.540094261726, 0.891952664458, 81.3827566457, 0.581303806806, 27.666960594, 12.8452555262, 0.500121858331, 4.0745621116, 1.97067272788, 1852.18567166, 0.274738611519, 0.0
0.776165166286, 0.836954711973, 88.6896883686, 0.502334695483, 74.28865621, 48.8236940216, 0.326424771594, 1.78107606163, 12.7439388049, 1718.28086058, 0.455125141524, 0.58064516129
0.53632862077, 0.873742027361, 88.1711157293, 0.650328172438, 34.986779896, 48.1878005655, 0.605115716506, 1.09061159852, 15.8805434383, 1843.11496537, 0.505198055275, 0.0
0.352418685253, 0.956238068061, 85.9492507336, 0.532469370036, 54.1686862607, 34.1141101945, 0.0783824349917, 1.51616463111, 1.48436385584, 2122.98194016, 0.212341878545, 0.6
0.297673536794, 1.2571839694, 80.9889128216, 0.420828646539, 6.48650827414, 9.20642257626, 0.725191784875, 3.16576897717, 13.5516244087, 15895.972934, 0.100367493738, 0.0
0.267404828787, 1.12763797585, 86.5048163701, 0.491239734746, 62.926945023, 18.8933081276, 0.00804725038431, 4.07135138639, 14.4517216187, 9301.62759127, 0.102693877453, 0.125
0.267404828787, 1.12763797585, 86.2760731365, 0.491239734746, 62.926945023, 5.24859248882, 0.00804725038431, 4.07135138639, 9.3655919397, 10152.7927614, 0.0668403835996, 0.1
0.128520417321, 1.14892641791, 90.3049145727, 0.550800684541, 5.45842980989, 17.7454091698, 0.948629878956, 1.92637555509, 4.99761757064, 8601.41192399, 0.113444373741, 0.230769230769
0.147593182774, 0.903206303336, 80.9206838958, 0.453118134208, 32.7383841966, 10.4411432066, 1.95109544242, 1.03930959458, 9.88567462087, 4225.74596336, 0.0815656229258, 0.25
0.15735835252, 0.90491229748, 93.5798656988, 0.69565130868, 71.0057864141, 10.4411432066, 1.2966501926, 3.44623092935, 4.58172810093, 5706.55964651, 0.120650879249, 0.24
0.585407784583, 0.939805054141, 80.9248978768, 0.488445308903, 95.8440652896, 1.99412359901, 0.955953639989, 1.18013312347, 3.59593478448, 3914.9140809, 0.106838739911, 0.551724137931
0.464070833853, 1.00090906423, 84.2053028516, 0.699132256902, 72.7220112946, 1.44782147172, 1.01408430965, 4.13883050564, 4.82069147886, 6489.39232425, 0.0795333844484, 0.449275362319
0.432239787379, 1.03814775354, 88.92637381, 0.605950590168, 6.51130197583, 3.85674162019, 0.220016910843, 1.45220158395, 4.42103086291, 6411.83546093, 0.0744213337641, 0.619047619048
0.844771468658, 0.830106404892, 89.561301062, 0.668638779487, 81.617722598, 1.34446361796, 1.23106234244, 4.90978237526, 17.5539724879, 4042.20902342, 0.0957552376, 0.267857142857
0.636089059606, 1.00090906423, 84.2053028516, 0.699132256902, 72.7220112946, 1.44782147172, 1.01408430965, 4.13883050564, 4.82069147886, 7049.77569549, 0.065555149122, 0.396226415094
0.664374869861, 0.892065426164, 89.8914050189, 0.573167184815, 91.2951684394, 5.97048627486, 0.287831842589, 4.81059611159, 6.10162393473, 3656.2838913, 0.205335278328, 0.4
0.269372918562, 1.04291885417, 87.4041550781, 0.479229155296, 99.7198020431, 12.5051977804, 0.507117676012, 2.60997084576, 13.9868761336, 6824.73363668, 0.151406263004, 0.2
0.184102209671, 0.86377148351, 80.6519192514, 0.47675568435, 59.2530682829, 10.6071273584, 0.393773125011, 2.83816079481, 7.50848381589, 2805.76206458, 0.153266045901, 0.555555555556
0.704351456651, 0.989157710025, 92.0181609972, 0.609849694047, 78.793717852, 9.05979313457, 1.68553549638, 2.10160499155, 3.98884324275, 6355.61000442, 0.181411090503, 0.0
0.416944103769, 1.06315858863, 80.9248978768, 0.488445308903, 95.8440652896, 5.61954891818, 0.955953639989, 1.18013312347, 3.59593478448, 5968.51827882, 0.200292929447, 0.1
0.664374869861, 0.892065426164, 89.8914050189, 0.573167184815, 91.2951684394, 5.97048627486, 0.287831842589, 4.81059611159, 6.10162393473, 3363.12239011, 0.23691273835, 0.4375
0.581802389496, 0.896136828781, 87.7977675881, 0.449776612437, 92.8893983686, 19.1794970179, 0.932382895485, 3.89205302089, 13.535168313, 3716.5174769, 0.336554429978, 0.0357142857143
0.638977014175, 0.956238068061, 85.9492507336, 0.408752417726, 19.7760139907, 34.9212929449, 0.865661473848, 1.15051566481, 15.3649549798, 3969.0499951, 0.306414462757, 0.0
0.388294017827, 0.91049519846, 87.4641918663, 0.670802050984, 99.5870613401, 32.5841753036, 1.98576848045, 1.21121447665, 6.98704481582, 3787.33558461, 0.397040294068, 0.0
0.540094261726, 0.891952664458, 81.3827566457, 0.581303806806, 27.666960594, 12.8452555262, 0.500121858331, 4.0745621116, 1.97067272788, 2584.14413972, 0.31126524548, 0.2
0.683706238358, 0.823218063264, 87.5512821313, 0.566621281573, 92.2217147465, 12.6895629173, 0.690786736703, 3.05121595789, 1.05291669695, 1945.38162461, 0.345748109891, 0.4375
0.119271406872, 0.852768283453, 81.572449911, 0.46023182355, 60.0050686524, 49.4210785758, 1.4736303916, 2.50751990975, 19.5909005999, 3232.7411116, 0.330925564682, 0.0740740740741
0.261384988662, 0.824730329593, 88.0301751936, 0.408905811198, 90.2348017723, 18.0552360552, 1.33837591539, 3.1722273412, 8.99249080424, 3167.60243138, 0.283256077841, 0.297872340426
0.577534964158, 0.883917977484, 94.1164191182, 0.592490706805, 87.572242113, 31.7715793632, 0.10097854445, 4.56407093608, 9.8966924076, 2292.48081829, 0.369750953533, 0.0285714285714
0.299713385831, 0.831369104223, 92.7770402644, 0.459703313893, 71.1364786685, 26.4673095843, 0.623752753256, 3.40665915685, 9.85226260569, 2408.0084706, 0.40867646714, 0.0
0.208201228514, 0.882235246256, 90.6071611958, 0.522361381341, 22.4136575657, 32.6761066973, 1.41868909107, 2.50751990975, 19.9808286172, 5189.74195192, 0.287638085338, 0.09375
0.683706238358, 0.823218063264, 84.7303463793, 0.566621281573, 92.2217147465, 17.7152575074, 0.690786736703, 2.51660499756, 1.05291669695, 2208.87579721, 0.28381201875, 0.4
0.437552510532, 0.896010159044, 84.0362409454, 0.558968696392, 51.4497907754, 47.9186351716, 0.996886744442, 1.930831013, 1.83437194654, 2900.2192932, 0.352464205925, 0.181818181818
0.437552510532, 0.896010159044, 84.0362409454, 0.697522723378, 51.4497907754, 47.9186351716, 0.996886744442, 1.930831013, 1.83437194654, 2081.04057761, 0.634461653467, 0.416666666667
0.128520417321, 1.14892641791, 90.3049145727, 0.550800684541, 5.45842980989, 17.7454091698, 0.948629878956, 1.92637555509, 4.99761757064, 9672.99250649, 0.160428534929, 0.161290322581
0.26104760778, 1.00844873203, 92.9432406802, 0.48844933957, 93.774819531, 14.0097509548, 0.87183650051, 4.04287327975, 1.96902103418, 4561.77344358, 0.20478675175, 0.25
0.2763750474, 1.25348328849, 91.2133617938, 0.532469370036, 54.1686862607, 34.1141101945, 0.0783824349917, 1.51616463111, 1.48436385584, 19860.992366, 0.136608991541, 0.25
0.432239787379, 1.04835423563, 88.92637381, 0.605950590168, 6.51130197583, 3.85674162019, 0.220016910843, 1.45220158395, 4.42103086291, 6446.36717552, 0.0958618817915, 0.35
0.26104760778, 1.22675384773, 92.9432406802, 0.48844933957, 93.774819531, 9.92551670899, 0.87183650051, 4.04287327975, 1.96902103418, 14439.2142522, 0.117780741321, 0.333333333333
0.297673536794, 1.09147748135, 80.9889128216, 0.420828646539, 6.48650827414, 9.20642257626, 0.725191784875, 3.16576897717, 13.5516244087, 7370.30271944, 0.134948017799, 0.285714285714
0.147593182774, 0.903206303336, 80.9206838958, 0.453118134208, 81.5411994198, 9.62569794562, 1.95109544242, 1.03930959458, 2.62730491586, 4090.33294393, 0.119062956524, 0.46
0.853423405105, 1.05083818737, 82.4105576549, 0.671307352102, 90.7325979085, 2.71380667987, 0.942807392695, 0.0615537614154, 18.5113427414, 5258.0837588, 0.109935119949, 0.5
0.571435393826, 1.13706092318, 83.5819469766, 0.475638594459, 91.6485691564, 1.18888578553, 1.61018112003, 1.22559732506, 18.1707685893, 14558.1398707, 0.0678496916185, 0.56043956044
0.468003139886, 1.02693918102, 85.9571502939, 0.44589754811, 60.2915753562, 24.9885183036, 1.13249997052, 4.28635248266, 10.9993285016, 7186.28741654, 0.296769757985, 0.0
0.143613942186, 1.10411746159, 87.0606665843, 0.658949141468, 69.732827362, 36.0048283638, 1.47730729033, 2.70313229042, 5.23153231252, 7581.26844856, 0.260477615564, 0.0285714285714
0.777506029406, 1.06640382088, 88.0965641873, 0.644874530085, 36.1960162376, 3.52822187385, 1.48872742075, 1.81397547783, 3.34262826571, 8770.77561058, 0.184744794992, 0.170212765957
0.143613942186, 1.10411746159, 89.5107771498, 0.658949141468, 69.732827362, 36.0048283638, 1.47730729033, 2.70313229042, 13.0774804748, 10736.9160353, 0.2527993556, 0.0
0.221405219405, 0.995906560831, 82.3997667381, 0.655445912093, 35.9232400909, 22.0137640132, 1.94629968549, 2.37084911642, 16.3172678414, 7734.92515993, 0.263950233921, 0.0
0.506586234549, 1.07422218234, 85.3571019562, 0.633559298029, 53.4775580222, 8.43596058147, 1.49105256703, 0.931920335357, 4.52821341404, 9755.53693404, 0.214630433113, 0.093023255814
0.53632862077, 0.873742027361, 88.1711157293, 0.609996637978, 41.2812751915, 3.2176680206, 0.605115716506, 1.09061159852, 15.8805434383, 3864.59589513, 0.241992216692, 0.611111111111
0.221405219405, 0.995906560831, 82.3997667381, 0.655445912093, 35.9232400909, 22.0137640132, 1.67993234627, 2.37084911642, 16.3172678414, 6915.55431573, 0.308063516385, 0.0
0.603285736957, 0.909317017055, 80.3536357513, 0.474635496249, 74.0549207743, 22.7381311447, 1.43423788267, 0.644499475921, 14.54940446, 5430.34869395, 0.405352383013, 0.0
0.506586234549, 1.07422218234, 85.3571019562, 0.502334695483, 94.5284000903, 39.4102864282, 0.326424771594, 0.931920335357, 12.7439388049, 5917.62030822, 0.35240079917, 0.0769230769231
0.53910591212, 0.852668453667, 94.7515221716, 0.44730987832, 11.7350261405, 26.4112846587, 1.77522749704, 1.78127915408, 2.87218698804, 3747.07793789, 0.347763903404, 0.25
0.177692485944, 1.05216276441, 80.3712070106, 0.429902311047, 37.6910718687, 18.7390109997, 0.841679148193, 0.633710393554, 5.16638849132, 4547.70521391, 0.285031910246, 0.3
0.798568045641, 0.938121610896, 93.9723095332, 0.689127599712, 27.8858451611, 11.2223004453, 0.715018473922, 1.30499154738, 2.47159210244, 2812.77752497, 0.380421750712, 0.321428571429
0.55909724046, 0.916225615355, 84.1554964125, 0.652607708015, 20.1729878671, 16.1258597041, 0.285520803104, 4.27642967106, 11.124562994, 4340.02401156, 0.384306330606, 0.166666666667
0.789986235786, 0.853712256665, 81.4666201236, 0.597702129155, 63.3095643339, 35.7807204452, 0.994638570899, 2.70308821667, 15.7547405575, 2384.84130839, 0.61196457194, 0.166666666667
0.577534964158, 0.883917977484, 93.700359364, 0.653772264717, 87.572242113, 31.7715793632, 0.10097854445, 4.56407093608, 9.8966924076, 3011.08620544, 0.627216774678, 0.0
0.883794110578, 0.830106404892, 85.3653975263, 0.418776632172, 98.6492513469, 42.0677076636, 1.00270923574, 3.03757016922, 8.87146899426, 3020.87413016, 0.552536339927, 0.05
0.356189088393, 1.00939045908, 87.5512821313, 0.592741433872, 41.4637861617, 45.5442716835, 0.097470315543, 2.93521594695, 3.58440700743, 2892.91738559, 0.564379502437, 0.166666666667
0.449246903153, 0.945521413085, 83.1601237165, 0.599326818511, 76.0848033858, 24.0648032683, 0.68733092129, 1.62245631728, 7.56960843409, 3919.87713829, 0.46032545431, 0.0
0.812006374146, 0.984417584024, 80.5959442409, 0.425267591835, 23.3699906975, 29.7995140332, 0.958820547459, 3.85671954531, 13.6443679686, 5635.07098886, 0.290621585309, 0.2
0.328393048452, 0.985622254535, 94.9457785122, 0.630013241004, 17.8405984706, 20.8757155866, 0.226901070536, 1.60369922448, 5.97211143448, 4253.59844218, 0.29132964397, 0.428571428571
0.812006374146, 0.83045849452, 80.5959442409, 0.425267591835, 23.3699906975, 29.7995140332, 0.958820547459, 3.85671954531, 13.6443679686, 2211.90706531, 0.49823380852, 0.484848484848
0.119271406872, 0.852768283453, 81.572449911, 0.46023182355, 60.0050686524, 49.4210785758, 1.4736303916, 3.61371643971, 19.5909005999, 3638.4679165, 0.359337510009, 0.215384615385
0.809891093234, 0.835757250583, 88.6896883686, 0.633559298029, 74.28865621, 48.8236940216, 1.49105256703, 1.78107606163, 4.52821341404, 3067.68786673, 0.502359635208, 0.257575757576
0.323146621357, 0.914002032604, 85.0025338617, 0.489365010432, 97.3613869189, 11.6426613651, 1.42714687677, 1.76872469586, 12.7888215994, 4805.55722432, 0.205012481303, 0.25974025974
0.305127159755, 0.926818443424, 85.4264968564, 0.693689407899, 70.4229449236, 15.2018142294, 1.05323085457, 2.47942798729, 10.7079829556, 4770.67445979, 0.20743704333, 0.25
0.180007805483, 1.00844873203, 80.9499980857, 0.654176490094, 33.7805699653, 15.6431593779, 1.19035991577, 3.35198980172, 6.16391558546, 6600.1562049, 0.195404785647, 0.449275362319
0.271501349168, 1.21691974162, 94.3035192892, 0.541965461581, 35.6312892009, 3.2176680206, 1.42091118837, 4.55596826761, 7.38013685997, 19864.600409, 0.102248803465, 0.455882352941
0.109703909413, 1.15700826995, 86.6499470137, 0.6826315072, 27.0551011581, 8.38363504452, 1.53866803443, 0.309723099393, 11.0259400842, 14400.5654755, 0.105566647831, 0.485714285714
0.220722741539, 1.14409121759, 83.2030262953, 0.494709887807, 43.8212181819, 9.08954534586, 0.142856788992, 2.65549859594, 17.5833186047, 10136.9376582, 0.159931084735, 0.333333333333
0.220722741539, 1.14409121759, 83.2030262953, 0.494709887807, 43.8212181819, 9.08954534586, 0.142856788992, 2.65549859594, 17.5833186047, 11424.3707421, 0.139033571822, 0.380952380952
0.15735835252, 0.90491229748, 93.5798656988, 0.69565130868, 80.7158131473, 9.62569794562, 1.2966501926, 1.0623170373, 4.58172810093, 5028.73705493, 0.14800810935, 0.565217391304
0.288892093225, 1.16061213364, 87.0509835395, 0.646549776615, 64.5745918389, 4.0996840811, 0.694020345459, 2.43222215017, 12.0775331811, 12021.1751502, 0.136931858834, 0.529411764706
0.571435393826, 1.13706092318, 83.5819469766, 0.475638594459, 91.6485691564, 1.18888578553, 1.61018112003, 1.22559732506, 18.1707685893, 15446.9526207, 0.091727621505, 0.583941605839
0.685111493279, 1.15779086568, 83.5454984634, 0.683760624986, 19.4009315263, 9.05979313457, 1.07759004686, 4.36241696249, 15.7551847147, 13823.259494, 0.266237199498, 0.0
0.437693269132, 1.25912179367, 87.956557619, 0.449486392174, 62.0472423457, 8.64991923278, 0.280701511537, 1.71584654344, 1.19813660535, 16910.3494925, 0.216669056168, 0.222222222222
0.789986235786, 0.853712256665, 81.4666201236, 0.597702129155, 63.3095643339, 35.7807204452, 0.994638570899, 2.70308821667, 15.7547405575, 3061.39203417, 0.509538850533, 0.375
0.846582346304, 0.95212109563, 80.7500556682, 0.592490706805, 19.8548280886, 31.3829594814, 1.37594415686, 1.71487397129, 3.38238803025, 4390.07607756, 0.566725122502, 0.0
0.777506029406, 1.06640382088, 88.0965641873, 0.644874530085, 42.8613010075, 3.52822187385, 1.94841783891, 1.81397547783, 3.34262826571, 8960.48236496, 0.254398454958, 0.56
0.844771468658, 1.05137479261, 89.561301062, 0.668638779487, 81.617722598, 1.34446361796, 1.23106234244, 4.90978237526, 17.5539724879, 11566.1692604, 0.14511000122, 0.541666666667
0.395431563117, 1.09147748135, 88.3302619675, 0.680955416776, 22.7315603078, 31.9444203682, 0.0155462346834, 0.0295055632532, 3.68001207421, 4764.9566783, 0.47904677201, 0.05
0.743635112268, 1.09672531451, 90.7231528005, 0.57949263213, 78.1847592139, 4.75888023319, 1.79907300952, 1.48749961617, 13.8906419225, 12157.5679955, 0.236525353505, 0.467741935484
0.186171081933, 1.05041482041, 88.7496103894, 0.537676593569, 83.8158325392, 29.3862946205, 1.94703664458, 4.18286862249, 1.73648926154, 10227.538375, 0.274603295889, 0.34
0.655437367968, 0.91049519846, 86.4880970844, 0.670802050984, 28.9158491679, 39.9813486888, 0.485220693527, 2.83328971778, 6.98704481582, 4320.44529086, 0.50091616831, 0.166666666667
0.652177321297, 1.1050970627, 82.7695579314, 0.423515639305, 12.4794470995, 13.423548084, 0.259882075207, 2.53076689538, 11.2124821185, 6426.38208549, 0.297996085115, 0.514285714286
