0.517240807858, 0.863834698024, 5.16075001038, 0.349555443846, 16.912349018, 48.9341385707, 2.20617100755, 0.19630027296, 42.5521697114, 679.27530075, 0.636312764065, 0.0816326530612
0.688721422863, 0.849695577719, 4.82103559512, 0.35329462903, 14.6234413299, 49.3304563433, 2.16520558597, 0.0355735984247, 39.1618848052, 538.763945375, 0.601329654361, 0.0921052631579
0.694731492361, 0.873500003506, 4.5817284692, 0.202181148082, 13.0163639724, 49.2257282166, 2.14655420148, 0.745174472989, 36.6014303257, 685.783259487, 0.628358909681, 0.364102564103
0.650796059284, 0.821227635648, 7.04920543623, 0.308963059484, 31.5728394474, 48.8002843835, 2.68667617135, 1.04514956144, 43.9866117259, 660.426058546, 0.529425185464, 0.235849056604
0.543811511566, 0.928060611482, 3.70528869321, 0.480849579767, 16.2668227366, 48.8845085511, 2.52102288658, 0.293215941907, 35.3122520982, 421.271656091, 0.500741182378, 0.0
0.634956841676, 0.82466823059, 3.34617934292, 0.228934927033, 3.27460014222, 49.0114656231, 2.00335253536, 1.29614542604, 33.3472502068, 338.249564578, 0.482231706125, 0.566091954023
0.787428600763, 0.88273109356, 5.63695284589, 0.203970432828, 29.3741649664, 49.9375002926, 2.39445798047, 0.418925516835, 40.2688380568, 778.032883853, 0.678166198627, 0.329479768786
0.618655614549, 0.865418760345, 3.72435388087, 0.370463779727, 16.3412043952, 47.2847353442, 2.62798364266, 0.0785392252792, 35.5804088232, 392.491039184, 0.577584065173, 0.0656934306569
0.584658447015, 0.837293516082, 2.55991871679, 0.407442689928, 11.3835668763, 48.101123548, 2.22936665776, 0.00249393239653, 25.9335131182, 325.523182882, 0.569475604135, 0.298342541436
0.597485127212, 1.02204058285, 2.41142190817, 0.339771499523, 21.740583302, 48.5994441622, 2.24886842031, 0.21934887336, 42.6333496611, 410.769532743, 0.577616181119, 0.204724409449
0.621959778717, 0.960124202554, 3.562238362, 0.371136711194, 10.2316512159, 46.2918880679, 2.08283590924, 0.088263090404, 32.5812309056, 485.068271215, 0.609223991289, 0.225433526012
0.526930487308, 0.898135570727, 2.87715388148, 0.328705613619, 22.344198807, 47.8709217126, 2.01428606441, 1.42781955288, 42.9322919454, 381.758098501, 0.46521136132, 0.575657894737
0.51066580962, 0.994923240463, 2.37149131767, 0.417240319286, 7.01087893594, 45.1906229445, 2.23243998319, 0.773593709497, 41.7086803362, 422.048609601, 0.592285366947, 0.0119047619048
0.611380474855, 0.866725574587, 3.02426534672, 0.268651276124, 2.6199489125, 47.7904084732, 2.7552199334, 2.02977125834, 41.4411306477, 421.732271847, 0.566667094049, 0.298136645963
0.558437683581, 0.841814822125, 4.36444617766, 0.470724814574, 19.028951825, 48.7117723675, 2.8624909676, 1.76230108847, 43.6456141252, 535.969781206, 0.464844552211, 0.458333333333
0.739832610576, 0.892613776328, 4.7782447599, 0.233674350289, 36.038350709, 49.9299104529, 2.01579164964, 1.32253854442, 43.9578464313, 739.76939568, 0.445462249959, 0.556451612903
0.642229755392, 0.965129984682, 3.11590048552, 0.308995831478, 24.5916321405, 48.4344252911, 2.37410147597, 1.0150596639, 42.0991358219, 447.022220232, 0.514336302855, 0.313253012048
0.537142670578, 1.09699791356, 3.16842660176, 0.489254656585, 22.5992647089, 45.2971354476, 2.33768648266, 0.196851962955, 41.8256186177, 462.115417196, 0.616150215438, 0.105263157895
0.648916285718, 0.926936625629, 4.9535024307, 0.398144925634, 29.0906419536, 46.6071527718, 2.46976863664, 0.722237876054, 42.0964696786, 667.799291896, 0.639463742706, 0.392670157068
0.631374365761, 0.839022788935, 2.47383748979, 0.298295266148, 13.7702924952, 46.0415962652, 2.03579052693, 0.567520995255, 28.0793277675, 333.6151203, 0.563496614469, 0.427927927928
0.548862342913, 0.8622896285, 2.58043657034, 0.443426579272, 21.8082448697, 49.4161552993, 3.12513478096, 1.63212098126, 43.5239874476, 448.422265282, 0.496116242976, 0.54895489549
0.658870044441, 1.08209626945, 4.81469224814, 0.422649558094, 42.57831808, 47.7256950611, 2.14904626574, 0.363371897164, 43.0136109556, 782.380300735, 0.617157634207, 0.106796116505
0.674872465693, 0.926790720387, 3.6004910376, 0.343176366876, 19.4819795753, 49.7562948327, 2.28203506277, 1.74991543883, 43.2373133393, 551.728849744, 0.557440207387, 0.14953271028
0.640818868162, 0.893450978046, 2.33019420454, 0.319292467706, 18.3562184749, 48.13027124, 2.56422870755, 1.16200588295, 37.2798324039, 303.246135532, 0.430031103443, 0.387283236994
0.624086745185, 0.982656255766, 2.44056075331, 0.373426762344, 49.6331144525, 49.6708186084, 2.12396753082, 0.656847895894, 42.1499258984, 336.713763074, 0.565808759601, 0.0625
0.579103466453, 1.0488660018, 3.54734963881, 0.435860503365, 23.6108872558, 47.0588279357, 2.19582388229, 1.64200049285, 43.8875035391, 625.342317185, 0.446263444977, 0.405714285714
0.597175337677, 0.917488402564, 2.34012331702, 0.396206321887, 16.7687460021, 47.6416897958, 2.16406094656, 1.55519759718, 37.8150552741, 341.704625689, 0.388444707167, 0.648562300319
0.752133644771, 1.00293619571, 2.07373660864, 0.296845768843, 15.7000336881, 49.9804534244, 2.39354152341, 1.09586747624, 36.7266190972, 274.085240365, 0.615673032473, 0.147540983607
0.69092419707, 0.902577237837, 2.14310224565, 0.347010136646, 45.1387384034, 49.9889442692, 2.35865326467, 0.513225626702, 41.5820095156, 285.707156783, 0.640309926803, 0.0526315789474
0.727963012119, 1.10819107707, 2.94681547843, 0.418290146189, 29.6774252582, 48.6985437123, 2.5583577525, 0.327348745791, 42.7653739956, 447.008148959, 0.585560855433, 0.0
0.667306869339, 1.03479819241, 2.10095602361, 0.38463929626, 24.3074938963, 44.9678963748, 2.24331066753, 0.10659679975, 43.0020204597, 258.212819729, 0.57206666565, 0.141129032258
0.74718881634, 0.834729788267, 2.31386557251, 0.360006180545, 12.5910674415, 46.3173445282, 2.16501957595, 0.22617292094, 26.6621859402, 284.58873913, 0.655160491419, 0.413385826772
0.750561177237, 0.827244883848, 2.91971698788, 0.263681594094, 0.626805051265, 48.404709988, 2.28420741649, 2.4833785033, 43.335712174, 488.228804658, 0.594446282954, 0.430303030303
0.720347369277, 0.825744109565, 3.14388191579, 0.407720467624, 30.9777890354, 47.066873293, 2.5637665981, 0.361964864329, 37.9172277357, 440.337281615, 0.514126832687, 0.0247933884298
0.768518072606, 1.10947136416, 2.60243109325, 0.247175959136, 11.6256760853, 48.198235381, 2.30966995185, 1.5208540314, 40.9847489743, 502.227658181, 0.424051676312, 0.689655172414
0.670498813451, 0.968675919532, 3.585988347, 0.397300316892, 33.8361384832, 48.4598899813, 2.04988344146, 1.25675235773, 36.4966292716, 583.901189985, 0.553798819102, 0.421428571429
0.823504055787, 1.03091657216, 2.07469583282, 0.237075486534, 21.8829064031, 47.4015330039, 2.17747358924, 0.0668317328005, 32.1449150103, 304.484762361, 0.570338993754, 0.177304964539
0.60467379749, 1.12396050736, 2.44062186112, 0.458883560643, 17.9673386462, 46.4413259406, 2.17697541873, 1.28367801311, 39.0720322213, 414.639596797, 0.563458667803, 0.0
0.705596916508, 0.882696563437, 2.38480459003, 0.273811521936, 7.95754856803, 49.8124298289, 2.96898321314, 2.85460355555, 40.4674918979, 420.229888969, 0.571346757539, 0.425414364641
0.853317753212, 1.06981700314, 2.2050463059, 0.284175278167, 27.7509451249, 49.1177892805, 2.90810761259, 0.226196321906, 39.9129789229, 338.275661329, 0.657837926026, 0.139705882353
0.763726021542, 0.896559917674, 3.47550701721, 0.379208774784, 45.3842768343, 47.4493947657, 2.9280092963, 0.102917337854, 39.6032034277, 430.796450582, 0.580271509489, 0.0
0.730766429514, 1.0016122744, 3.56384007337, 0.367377886751, 47.3520757627, 46.5998532911, 2.04807110636, 0.204799309892, 38.9186378614, 705.226612018, 0.619420935928, 0.162393162393
0.792143738288, 0.875931702746, 3.6709460101, 0.378147783146, 20.1411265595, 48.189649065, 2.19589214804, 1.34112600022, 42.3021145514, 407.996247605, 0.575205045628, 0.314655172414
0.839155538174, 0.841503748925, 2.22179587382, 0.335819299081, 31.9058919649, 49.7533314886, 3.21349504173, 0.282606006587, 37.4802832818, 369.053490914, 0.626766348096, 0.0796460176991
0.635686972605, 0.92328853417, 2.3766327929, 0.370501040639, 23.2262727907, 48.1187062485, 2.49723326436, 2.06582317708, 41.6003461847, 353.236248756, 0.570448567934, 0.503571428571
0.782955679202, 0.826477722039, 5.59955517984, 0.387639621473, 47.4538796891, 49.8949126477, 2.3337075139, 1.70987393213, 42.5204499074, 597.39816658, 0.619790222566, 0.252873563218
0.80619192384, 0.850109528993, 3.11034160881, 0.358658831354, 31.9276681569, 48.8875544613, 2.18532035775, 0.82129922251, 39.9045310642, 392.533794303, 0.541886806926, 0.192513368984
0.774824510904, 0.974627420726, 3.03309183152, 0.38818460067, 22.3567540418, 48.0794882486, 2.32931822944, 0.956536909365, 38.511894649, 421.713362861, 0.6313536212, 0.327586206897
0.632535788829, 0.856432469386, 2.39121596897, 0.469945003848, 40.376155917, 48.5946923246, 2.42492546515, 0.812702222305, 29.2441780261, 317.902041674, 0.585079089236, 0.0441176470588
0.680505677222, 0.832642100401, 2.5847217541, 0.398793477176, 16.238160793, 49.3525061978, 2.30079596176, 2.35397478503, 40.6331122417, 379.962834343, 0.513193376949, 0.0
0.640495512644, 0.825692970477, 2.1187168691, 0.382089099567, 24.3720052752, 42.2808633861, 2.11810567899, 0.500796035666, 40.5892671795, 393.302166011, 0.520382660583, 0.251700680272
0.81128585976, 1.13973715123, 2.17798542583, 0.375746017492, 16.8888743197, 46.6316830105, 2.2271665239, 0.186967672934, 39.7713929623, 375.070455767, 0.590988589657, 0.2
0.835743271762, 0.895025831426, 4.31640708417, 0.270875021283, 46.0587303893, 49.0983996942, 2.01308534595, 1.3518893215, 39.4325490796, 506.401280599, 0.466623729792, 0.647619047619
0.724507523327, 1.07741617931, 2.24149035333, 0.402139294116, 32.7011456698, 46.7474879122, 2.60154994603, 0.492110183367, 39.4178695827, 339.236891682, 0.558516114999, 0.272251308901
0.70860575311, 0.832525506141, 4.85229446576, 0.495456428571, 39.7667128476, 45.5364181757, 2.02929084569, 1.08299562176, 42.3931627561, 610.045239566, 0.519829710645, 0.2890625
0.838469719531, 0.851525224184, 2.39548562435, 0.320022413214, 49.6738668944, 49.3401845235, 2.75454743106, 0.209139754463, 40.3783401928, 333.63592, 0.611808272657, 0.255208333333
0.80087203442, 0.824551507648, 2.21756702171, 0.381570509295, 29.1180073526, 48.162642754, 2.73446608236, 0.394419426319, 25.8249542199, 205.684510839, 0.682441334168, 0.0
0.755809241912, 0.860866765945, 2.83163258728, 0.480032857718, 41.3415018691, 48.0912422649, 3.18811799304, 0.38273358029, 39.4946282459, 466.15036979, 0.615900809501, 0.0489913544669
0.803529874853, 1.12571767118, 2.72827574075, 0.390942918383, 33.4710963213, 49.6780971833, 2.42115849256, 1.13266545376, 42.3243233436, 460.93743833, 0.490543893409, 0.340425531915
0.820116875227, 1.00347514158, 3.02492166168, 0.365446853231, 47.7136566417, 48.7509809736, 2.37803578507, 0.527085898213, 33.0857043127, 445.228278309, 0.595417330524, 0.136
0.715730672805, 0.832856081113, 2.81560359256, 0.453057554916, 28.6556855719, 42.9704842867, 2.35470334219, 0.139896895365, 25.8972404891, 280.075387236, 0.644482144995, 0.428571428571
0.873053871237, 0.861554728102, 3.16770883655, 0.275411207256, 24.3946087887, 46.610584995, 2.45019948325, 1.34547256198, 42.4863520068, 451.120472452, 0.527983764858, 0.40490797546
0.740925439542, 0.867653222226, 3.78379475979, 0.478553345483, 34.7731828622, 48.1108871945, 2.2755139973, 1.78025301667, 40.553065513, 587.515887456, 0.444789949866, 0.59243697479
0.800237173668, 1.10929311276, 2.77649073159, 0.484567611669, 32.5846787849, 49.6168157981, 2.78190661225, 1.31457918044, 43.8204104599, 550.074042495, 0.441941729304, 0.482926829268
0.732439289551, 0.984841341675, 2.79125910837, 0.408506472017, 36.19915682, 42.6683129559, 2.38800168326, 0.439396240592, 39.554771546, 373.732483452, 0.612095789695, 0.107784431138
0.780220861098, 0.835529038667, 2.24123572822, 0.325040884189, 36.3194688767, 41.5236060084, 2.13435674136, 0.0169614798145, 38.2150314202, 292.707754055, 0.630956600078, 0.188034188034
0.767482299891, 1.01364919918, 2.46375660901, 0.456554242959, 44.2992203026, 48.4655194009, 2.02656989039, 1.70577179112, 43.2877244435, 395.825019994, 0.556975020858, 0.289473684211
0.760746008862, 0.885765444002, 2.94075017684, 0.463718756754, 46.0706204335, 49.3424066003, 2.7596267418, 2.10298906087, 40.8561553584, 429.356581618, 0.603656863325, 0.0285714285714
0.793227765224, 0.84341568063, 2.75841832823, 0.496543127854, 43.5152374476, 48.7548598099, 2.44175819176, 1.42030620454, 33.7957591788, 330.503934728, 0.552775315141, 0.0
0.884540529274, 0.853225428962, 3.08982854689, 0.483444724882, 35.8488838569, 46.7283371333, 2.40518640835, 0.529382352264, 30.842161188, 428.795752973, 0.614937588557, 0.372222222222
0.892330968564, 0.877846752107, 2.43957056096, 0.258555472585, 31.8397960665, 48.0667827876, 2.69675773374, 2.22919772107, 35.4500023825, 271.879344946, 0.613032642375, 0.361445783133
0.765235204056, 0.948993439375, 3.69454971972, 0.456507991925, 29.9293792854, 46.0899759599, 2.46196534265, 2.56145418371, 40.4439842822, 657.203401141, 0.524665851976, 0.371621621622
0.835364578517, 0.831012848574, 3.29103683834, 0.383245493147, 34.02205547, 44.9952742452, 2.11100933269, 1.877582843, 33.4477937564, 427.559877182, 0.471927178401, 0.337931034483
0.822793406114, 0.88926766415, 2.63267936932, 0.36936923108, 33.7225522186, 41.1494662679, 2.09580583705, 1.02679447914, 38.9607658185, 311.126471121, 0.567298377587, 0.26976744186
0.764909096407, 0.879764864681, 2.40484284132, 0.441344852856, 36.5435199234, 48.3708786464, 2.63619958099, 3.19446583105, 42.2051709571, 340.993453145, 0.604675689454, 0.0535714285714
0.840444526863, 0.907730975842, 2.46349192463, 0.466384733924, 49.5635292851, 43.1033204921, 2.25649879726, 0.617803857057, 38.9489658162, 359.556928675, 0.638044937537, 0.0105263157895
0.891308213298, 0.926756884312, 2.67206740848, 0.443181533732, 31.2350420391, 44.76623318, 2.16265957764, 2.45771465177, 39.3820882182, 463.796733597, 0.564693693238, 0.0860215053763
0.882502937648, 0.88520524974, 2.05835934486, 0.475772023157, 43.5639563512, 43.3169718986, 2.22965258843, 3.45898742557, 40.1952417171, 350.917770042, 0.641909447322, 0.0
