0.122264425723, 0.972602205291, 2.03650091708, 0.504089894855, 9.84732580543, 40.2458521615, 0.0963252713874, 1.79019818479, 40.1369434114, 72.6971829177, 0.503597530178, 0.588235294118
0.500363556127, 0.89667706257, 2.18890213925, 0.528577673174, 82.122818527, 40.8239121607, 0.861366699971, 4.85834853072, 35.038958924, 84.48888569, 0.408952409888, 0.272727272727
0.113288818556, 1.09722661541, 2.1492016091, 0.499706187001, 30.5747252997, 1.2270498047, 0.772944849647, 0.0131479649853, 17.5217458501, 102.178650578, 0.00649162044182, 0.0
0.186151733171, 1.04776837226, 2.1492016091, 0.610889189012, 63.1211570171, 45.1270530783, 0.987598168077, 0.637767083268, 2.21836472007, 81.5166364679, 0.424043127078, 0.45
0.441110754656, 1.17282049815, 2.15360838818, 0.585131081792, 77.4522914332, 41.0860118953, 0.693056252789, 3.9509133495, 35.4272837586, 90.6129240975, 0.56157518313, 0.0
0.500363556127, 1.17282049815, 2.15360838818, 0.668625335889, 42.0668567172, 27.8838501427, 0.761703669177, 3.56940528067, 22.3958563831, 127.413354889, 0.0, 0.0
0.186151733171, 1.04776837226, 2.1492016091, 0.610889189012, 42.3002470561, 45.1270530783, 0.987598168077, 0.637767083268, 2.21836472007, 99.0468723205, 0.360895217258, 0.6
0.147185904175, 1.09722661541, 2.1492016091, 0.499706187001, 30.5747252997, 1.2270498047, 0.440879205046, 0.0131479649853, 41.0608556955, 105.013288147, 0.0201261071188, 0.3
0.441110754656, 0.894787555986, 2.45885136348, 0.585131081792, 77.4522914332, 27.8838501427, 0.0129537266067, 0.209002795708, 35.4272837586, 108.977567077, 0.458635596629, 0.111111111111
0.147185904175, 1.09722661541, 2.1492016091, 0.499706187001, 30.5747252997, 1.2270498047, 0.772944849647, 0.0131479649853, 17.5217458501, 128.080755622, 0.00478309593829, 0.125
0.516879411994, 1.04603741367, 2.44474463934, 0.488599126222, 99.2411820037, 40.6456094517, 0.579996772634, 2.88090419414, 30.0373633121, 136.177272363, 0.406139663929, 0.0
0.171809523404, 1.19519199738, 2.15360838818, 0.424083569523, 65.6005022889, 1.37564282292, 0.229307435634, 4.19751643396, 16.2600241769, 143.070205946, 0.00542916881949, 0.0
0.500363556127, 0.89667706257, 2.45885136348, 0.585131081792, 73.4892654641, 27.8838501427, 0.0451747872985, 1.36196834232, 35.4272837586, 128.559090535, 0.421539789379, 0.0645161290323
0.221196749883, 1.19519199738, 2.15360838818, 0.424083569523, 65.6005022889, 1.37564282292, 0.229307435634, 4.19751643396, 16.2600241769, 123.057409281, 0.0378376352754, 0.3
0.39943018444, 0.871709645623, 2.15360838818, 0.555720467505, 21.7665960106, 6.468585, 0.0946068792404, 4.87488496375, 23.8941989171, 115.243863881, 0.214769230126, 0.35
0.516879411994, 1.16974189781, 2.18890213925, 0.528577673174, 82.122818527, 40.8239121607, 0.861366699971, 4.85834853072, 25.52642367, 113.414554753, 0.563082123365, 0.272727272727
0.39943018444, 1.04603741367, 2.15360838818, 0.517520457276, 76.6286993385, 40.6456094517, 0.579996772634, 4.87488496375, 30.0373633121, 116.287486797, 0.492021577055, 0.285714285714
0.39943018444, 0.871709645623, 2.15360838818, 0.58941479363, 21.7665960106, 6.468585, 0.693056252789, 4.00272733448, 23.8941989171, 138.698412593, 0.176685192168, 0.153846153846
0.186151733171, 1.04776837226, 2.1492016091, 0.610889189012, 42.3002470561, 45.1270530783, 0.987598168077, 0.637767083268, 2.21836472007, 133.587467518, 0.109851186266, 0.285714285714
0.171809523404, 1.17964284512, 3.93727504438, 0.488599126222, 77.0819676016, 1.25889758589, 1.80691010326, 3.35351180676, 17.0571876721, 394.754401299, 0.00761979310012, 0.0
0.521672004858, 0.837217892339, 2.46130328751, 0.529356342039, 49.2172383749, 22.0337234421, 0.571409361642, 0.314773284678, 18.7524799316, 146.511243627, 0.266284270339, 0.0
0.898608462005, 0.906758467551, 5.45137097806, 0.641101558323, 88.0838030561, 2.14342270237, 0.649475101232, 0.882494464704, 17.5217458501, 171.649323333, 0.0296461049062, 0.0
0.147185904175, 1.09722661541, 2.1492016091, 0.499706187001, 30.5747252997, 1.2270498047, 0.440879205046, 0.0131479649853, 41.0608556955, 147.018603406, 0.0168568394833, 0.0909090909091
0.516879411994, 1.16974189781, 2.45885136348, 0.585131081792, 77.4522914332, 27.8838501427, 0.0451747872985, 1.36196834232, 35.4272837586, 144.130631747, 0.564530227363, 0.0
0.39943018444, 1.04603741367, 2.15360838818, 0.488599126222, 76.6286993385, 40.6456094517, 0.579996772634, 4.87488496375, 30.0373633121, 146.492028822, 0.347323525825, 0.0
0.147185904175, 1.09722661541, 2.18890213925, 0.499706187001, 30.5747252997, 1.2270498047, 0.440879205046, 0.0131479649853, 41.0608556955, 186.449926939, 0.00791642994231, 0.0
0.290233930825, 0.837217892339, 3.15894452028, 0.455757134861, 82.122818527, 40.8239121607, 0.0708379459235, 2.14128710829, 35.038958924, 155.432865154, 0.212596076371, 0.0
0.521672004858, 0.972602205291, 2.46130328751, 0.529356342039, 49.2172383749, 1.2270498047, 1.51563192844, 0.314773284678, 18.7524799316, 171.205505381, 0.0310746721388, 0.0
0.147185904175, 1.09722661541, 5.19213182437, 0.499706187001, 30.5747252997, 1.2270498047, 0.555864242868, 0.0131479649853, 41.0608556955, 571.876256886, 0.0067089679344, 0.428571428571
0.500363556127, 0.89667706257, 2.18890213925, 0.528577673174, 82.122818527, 40.8239121607, 0.861366699971, 4.85834853072, 35.038958924, 145.211558809, 0.47325066147, 0.0769230769231
0.500363556127, 0.89667706257, 2.18890213925, 0.528577673174, 78.5054553587, 40.8239121607, 0.965281844263, 4.85834853072, 35.038958924, 130.917879534, 0.488205037155, 0.0869565217391
0.441110754656, 1.09722661541, 2.1492016091, 0.499706187001, 30.5747252997, 1.2270498047, 0.772944849647, 1.81133155453, 17.5217458501, 133.60033128, 0.0650957167127, 0.454545454545
0.147185904175, 1.09722661541, 2.1492016091, 0.67397505402, 30.5747252997, 22.0337234421, 0.772944849647, 0.0131479649853, 17.5217458501, 126.617735569, 0.145819606037, 0.333333333333
0.516879411994, 1.16974189781, 2.45885136348, 0.585131081792, 77.4522914332, 27.8838501427, 0.649475101232, 1.36196834232, 35.4272837586, 124.12054404, 0.479551232164, 0.461538461538
0.147185904175, 1.09722661541, 2.03650091708, 0.499706187001, 30.5747252997, 1.2270498047, 1.07182760777, 0.0131479649853, 17.5217458501, 168.691910631, 0.0174788360101, 0.145454545455
0.147185904175, 1.09722661541, 2.1492016091, 0.67397505402, 30.5747252997, 22.0337234421, 0.772944849647, 0.0131479649853, 17.5217458501, 162.694480078, 0.159367760866, 0.111111111111
0.290233930825, 0.837217892339, 5.5936207424, 0.455757134861, 42.0668567172, 1.56548169862, 0.0708379459235, 2.14128710829, 22.3958563831, 166.351509031, 0.0177104660521, 0.125
0.779715617697, 0.826153424483, 2.93432084494, 0.425200862611, 17.2816952684, 27.1248844882, 0.330669356336, 2.99647864604, 40.1398286907, 154.1200522, 0.216039610116, 0.2
0.147185904175, 1.09722661541, 2.1492016091, 0.67397505402, 30.5747252997, 22.0337234421, 0.772944849647, 0.0131479649853, 17.5217458501, 150.125807797, 0.121134498705, 0.333333333333
0.188884315931, 1.11101335811, 3.690152212, 0.582169546415, 77.0819676016, 6.04641708551, 0.854843326431, 4.19721855158, 17.0571876721, 256.143179352, 0.0271913951527, 0.0
0.290233930825, 0.837217892339, 5.6161374585, 0.455757134861, 42.0668567172, 1.56548169862, 0.0708379459235, 2.14128710829, 22.3958563831, 190.264317795, 0.00979216863221, 0.111111111111
0.171809523404, 0.972602205291, 3.93727504438, 0.544917665308, 77.0819676016, 1.25889758589, 0.0185772683819, 4.01460298402, 18.7524799316, 266.475659647, 0.0122922009966, 0.0
0.171809523404, 1.12985189221, 3.93727504438, 0.544917665308, 77.0819676016, 1.25889758589, 0.0185772683819, 4.01460298402, 17.0571876721, 375.998734653, 0.00924480526788, 0.0
0.116291890044, 0.871709645623, 3.39429347157, 0.439613636552, 97.0071022407, 46.8134340637, 0.12600184706, 0.913233302428, 10.8097986827, 157.347241893, 0.251590000033, 0.0909090909091
0.658242576308, 1.09722661541, 2.1492016091, 0.527200787992, 30.5747252997, 22.0337234421, 0.00339852671332, 1.37589868764, 17.5217458501, 159.761789879, 0.305361220178, 0.0
0.500363556127, 0.89667706257, 2.45885136348, 0.585131081792, 73.4892654641, 27.8838501427, 0.0451747872985, 1.36196834232, 35.4272837586, 207.687539275, 0.0597392989651, 0.0
0.122264425723, 0.972602205291, 2.1492016091, 0.504089894855, 9.84732580543, 40.2458521615, 0.0963252713874, 1.79019818479, 40.1369434114, 180.065012132, 0.166082375663, 0.0
0.763539403132, 0.89667706257, 2.18890213925, 0.528577673174, 82.122818527, 40.8239121607, 0.861366699971, 4.85834853072, 35.038958924, 157.14219752, 0.496576570331, 0.166666666667
0.500363556127, 0.89667706257, 3.15894452028, 0.528577673174, 82.122818527, 40.8239121607, 0.761703669177, 4.76530801426, 35.038958924, 149.593550815, 0.539989659537, 0.111111111111
0.186151733171, 1.04776837226, 2.1492016091, 0.610889189012, 63.1211570171, 45.1270530783, 0.987598168077, 1.87767851964, 2.21836472007, 133.162654143, 0.364906754349, 0.481481481481
0.516879411994, 1.16974189781, 2.1492016091, 0.528577673174, 82.122818527, 40.8239121607, 0.861366699971, 4.85834853072, 25.52642367, 137.193440392, 0.382835374299, 0.375
0.39943018444, 0.871709645623, 2.15360838818, 0.546862265758, 21.7665960106, 6.468585, 0.693056252789, 3.9509133495, 23.8941989171, 140.262748787, 0.206003379669, 0.375
0.500363556127, 0.89667706257, 2.18890213925, 0.528577673174, 82.122818527, 40.8239121607, 0.861366699971, 0.637767083268, 35.038958924, 136.608189858, 0.498567118733, 0.375
0.122264425723, 1.15664245175, 2.10132139415, 0.504089894855, 7.76516583012, 34.2988843764, 0.0963252713874, 1.79019818479, 40.1369434114, 168.214509805, 0.226392898569, 0.277777777778
0.763539403132, 0.89667706257, 3.15894452028, 0.528577673174, 82.122818527, 40.8239121607, 0.761703669177, 4.76530801426, 35.038958924, 154.987284435, 0.400524150837, 0.307692307692
0.290233930825, 0.837217892339, 5.5936207424, 0.455757134861, 42.0668567172, 4.37747432509, 0.571409361642, 2.14128710829, 22.3958563831, 261.250952048, 0.0505994695103, 0.0
0.290233930825, 1.12985189221, 3.93727504438, 0.573490600456, 90.4602802757, 1.25889758589, 0.0185772683819, 4.23725997499, 17.0571876721, 236.568486014, 0.0331169557119, 0.2
0.290233930825, 0.837217892339, 5.5936207424, 0.455757134861, 42.0668567172, 1.56548169862, 0.0708379459235, 2.14128710829, 22.3958563831, 206.985535893, 0.053512791138, 0.5
0.147185904175, 1.09722661541, 2.1492016091, 0.499706187001, 30.5747252997, 1.2270498047, 0.440879205046, 0.0131479649853, 41.0608556955, 216.176887251, 0.0269785753391, 0.4
0.471674862593, 0.827389232978, 6.2605671671, 0.582169546415, 76.2665621695, 6.04641708551, 0.854843326431, 4.07757657289, 34.6570610261, 196.38495494, 0.0825552071934, 0.3
0.290233930825, 0.972602205291, 2.46130328751, 0.529356342039, 49.2172383749, 1.2270498047, 1.51563192844, 0.141692506443, 18.7524799316, 210.895106368, 0.0335430459548, 0.362745098039
0.171809523404, 1.17964284512, 3.93727504438, 0.544917665308, 77.0819676016, 1.25889758589, 0.0185772683819, 3.35351180676, 17.0571876721, 277.720403149, 0.0147541565387, 0.142857142857
0.171809523404, 1.17964284512, 3.93727504438, 0.544917665308, 77.0819676016, 1.25889758589, 0.0185772683819, 3.35351180676, 17.0571876721, 267.337389892, 0.0213771323159, 0.52380952381
0.171809523404, 1.17964284512, 3.93727504438, 0.544917665308, 77.0819676016, 1.25889758589, 0.0185772683819, 3.35351180676, 17.0571876721, 317.046446814, 0.0150749477441, 0.0444444444444
0.171809523404, 0.972602205291, 2.46130328751, 0.544917665308, 49.2172383749, 1.2270498047, 1.51563192844, 0.141692506443, 18.7524799316, 272.592818197, 0.0252189139952, 0.463768115942
0.171809523404, 1.17964284512, 3.93727504438, 0.544917665308, 88.0838030561, 1.25889758589, 0.712764827332, 3.35351180676, 17.5217458501, 341.908521479, 0.0131856710473, 0.153846153846
0.221196749883, 1.19519199738, 5.6161374585, 0.424083569523, 65.6005022889, 1.37564282292, 0.408436631057, 4.19751643396, 16.2600241769, 485.26071512, 0.00970623789011, 0.0
0.221196749883, 1.19519199738, 5.5936207424, 0.424083569523, 65.6005022889, 1.37564282292, 0.408436631057, 4.19751643396, 16.2600241769, 415.573957644, 0.0325463094603, 0.0
0.116291890044, 1.10953091925, 6.85529603088, 0.600099592388, 70.247485571, 2.04015478272, 1.95794231286, 0.913233302428, 38.3439847559, 1016.71135339, 0.00946135929249, 0.0
0.521672004858, 0.972602205291, 2.46130328751, 0.529356342039, 49.2172383749, 22.0337234421, 1.51563192844, 0.314773284678, 18.7524799316, 163.891539656, 0.396845900574, 0.0
0.779715617697, 0.823564601188, 2.93432084494, 0.441054258882, 32.9565328743, 14.4739368747, 0.53207632537, 3.21732367912, 40.3715561045, 164.360423479, 0.319647168192, 0.0
0.898608462005, 0.826153424483, 2.93432084494, 0.441372269278, 32.9565328743, 10.1111787508, 0.53207632537, 3.37127268119, 42.0516262533, 161.155371623, 0.318489237943, 0.363636363636
0.39943018444, 1.13420003803, 2.45885136348, 0.546862265758, 21.7665960106, 2.72097716338, 1.26160121236, 0.719845971546, 28.3590767342, 225.964414609, 0.0599047815835, 0.0
0.290233930825, 0.837217892339, 3.690152212, 0.455757134861, 42.0668567172, 2.08472805236, 0.571409361642, 1.07954788864, 22.3958563831, 214.061688206, 0.0668559950409, 0.0
0.122264425723, 1.19205550055, 2.10132139415, 0.504089894855, 9.84732580543, 40.2458521615, 0.0963252713874, 1.79019818479, 40.1369434114, 195.594735624, 0.211326038528, 0.166666666667
0.521672004858, 0.972602205291, 2.46130328751, 0.529356342039, 49.2172383749, 22.0337234421, 1.51563192844, 0.314773284678, 18.7524799316, 198.363330775, 0.258809935283, 0.0
0.39943018444, 0.871709645623, 2.15360838818, 0.624623033298, 21.7665960106, 6.468585, 1.64626321841, 4.87488496375, 23.8941989171, 195.784473121, 0.198052839257, 0.075
0.471674862593, 0.866047441804, 6.2605671671, 0.461627972868, 10.2100141863, 6.50009244502, 0.0946068792404, 0.523126566552, 5.21951998955, 141.0831177, 0.24545769309, 0.588235294118
0.15180537749, 1.10953091925, 6.85529603088, 0.600099592388, 70.247485571, 2.04015478272, 1.95794231286, 0.913233302428, 26.6235246199, 864.819714998, 0.0145765357775, 0.0
0.779715617697, 1.16974189781, 2.45885136348, 0.585131081792, 77.4522914332, 27.8838501427, 0.53207632537, 0.209002795708, 40.3715561045, 179.16428595, 0.595864290922, 0.243902439024
0.116291890044, 1.10953091925, 6.85529603088, 0.600099592388, 70.247485571, 2.04015478272, 1.95794231286, 0.913233302428, 26.6235246199, 807.225284629, 0.0148673782289, 0.0188679245283
0.430859510828, 1.10953091925, 3.04141239031, 0.439613636552, 97.0071022407, 46.8134340637, 0.12600184706, 0.549426751951, 10.8097986827, 182.02856622, 0.499753359532, 0.181818181818
0.15180537749, 1.09158484485, 5.3074745805, 0.600099592388, 70.247485571, 2.04015478272, 1.95794231286, 3.18213770324, 3.61604668941, 567.079119154, 0.0173509083706, 0.0
0.441110754656, 1.17282049815, 2.15360838818, 0.585131081792, 77.4522914332, 27.8838501427, 0.693056252789, 3.9509133495, 35.4272837586, 226.532310244, 0.186349678323, 0.333333333333
0.300747536698, 1.08089250619, 2.57044779996, 0.58941479363, 4.09970967054, 2.24745405965, 2.8272721101, 4.00272733448, 27.1690761549, 360.046954659, 0.0452679495751, 0.0705128205128
0.516879411994, 1.0998604982, 2.37086335038, 0.488599126222, 19.7151243946, 14.0280223704, 0.53207632537, 2.88090419414, 30.0373633121, 174.802671165, 0.354320410035, 0.5
0.171809523404, 1.0772459755, 3.93727504438, 0.544917665308, 76.2665621695, 1.25889758589, 0.0185772683819, 4.01460298402, 34.6570610261, 404.762343039, 0.0173457466689, 0.55
0.355214010436, 1.19519199738, 5.6161374585, 0.459614467166, 76.6338938397, 1.37564282292, 0.408436631057, 4.19751643396, 35.2755401362, 497.312602069, 0.0208786356803, 0.142857142857
0.537466654062, 1.10953091925, 2.09763376794, 0.624623033298, 21.7665960106, 6.468585, 1.64626321841, 4.01460298402, 23.8941989171, 192.754374561, 0.302555504741, 0.416666666667
0.516879411994, 1.04603741367, 2.44474463934, 0.488599126222, 76.6286993385, 40.6456094517, 0.579996772634, 2.88090419414, 30.0373633121, 159.274108274, 0.566825758956, 0.45
0.122264425723, 1.11101335811, 3.690152212, 0.461627972868, 10.2100141863, 6.50009244502, 0.0946068792404, 0.523126566552, 13.8335789335, 202.569108683, 0.0995117651075, 0.5
0.171809523404, 1.17964284512, 3.93727504438, 0.544917665308, 77.0819676016, 1.25889758589, 0.0185772683819, 3.35351180676, 17.0571876721, 269.151897063, 0.0286888134084, 0.529411764706
0.221196749883, 1.17964284512, 3.93727504438, 0.544917665308, 77.0819676016, 1.25889758589, 0.0185772683819, 3.35351180676, 13.1203469333, 328.535646379, 0.0199787996782, 0.263157894737
0.537466654062, 0.871709645623, 2.15360838818, 0.624623033298, 21.7665960106, 6.468585, 1.64626321841, 4.01460298402, 23.8941989171, 188.350786109, 0.2506779577, 0.41935483871
0.221196749883, 1.19519199738, 6.6023140445, 0.600099592388, 65.6005022889, 1.37564282292, 0.408436631057, 4.19751643396, 16.2600241769, 502.857145193, 0.0197154744741, 0.357142857143
0.39943018444, 0.871709645623, 2.15360838818, 0.624623033298, 21.7665960106, 6.468585, 1.64626321841, 4.87488496375, 23.8941989171, 205.982145251, 0.200988091234, 0.347826086957
0.113288818556, 1.17282049815, 2.15360838818, 0.585131081792, 77.4522914332, 41.0860118953, 0.693056252789, 3.9509133495, 35.4272837586, 183.162021787, 0.336716536035, 0.0
0.171809523404, 1.12985189221, 3.93727504438, 0.544917665308, 76.2665621695, 1.25889758589, 0.0185772683819, 4.01460298402, 34.6570610261, 322.953925755, 0.0352917571394, 0.454545454545
0.39943018444, 0.972602205291, 2.15360838818, 0.531955650254, 21.7665960106, 6.468585, 1.64626321841, 0.314773284678, 23.8941989171, 201.714912468, 0.223199402874, 0.175438596491
0.147185904175, 1.11101335811, 3.690152212, 0.582169546415, 77.0819676016, 6.04641708551, 0.854843326431, 4.19721855158, 17.0571876721, 252.044888482, 0.0844990227382, 0.166666666667
