0.11855661183, 0.89667706257, 3.93727504438, 0.571682689161, 77.0936586195, 1.2270498047, 0.772944849647, 0.0131479649853, 24.3981691848, 274.24312975, -2.22044604925e-16, 0.0
0.147185904175, 1.19427301578, 2.1492016091, 0.465643334212, 30.5747252997, 1.2270498047, 0.244097462829, 4.44650282531, 42.4007175268, 151.808638249, 0.00453351640821, 0.0
0.171809523404, 1.16295968103, 2.65719997819, 0.611556890096, 77.0819676016, 1.25889758589, 0.0185772683819, 1.35829333643, 17.0571876721, 136.851394031, 0.00266662108503, 0.416666666667
0.262780840217, 0.97328709114, 2.13715878379, 0.689391329265, 84.4139156716, 10.1111787508, 0.440879205046, 2.86431962569, 8.80592512651, 84.7542844884, 0.131385852466, 0.0
0.147185904175, 1.09722661541, 2.1492016091, 0.499706187001, 30.5747252997, 1.2270498047, 0.772944849647, 4.26214024814, 17.5217458501, 93.1012761533, 0.00761222840268, 0.4
0.122264425723, 1.09722661541, 2.53269708311, 0.469662780881, 9.84732580543, 1.25889758589, 0.00579793595749, 4.54139762046, 17.0571876721, 144.582872427, 0.00715649099048, 0.0
0.606111374497, 0.871709645623, 2.01814960663, 0.461627972868, 10.2100141863, 6.50009244502, 0.0946068792404, 0.0548992722777, 13.8335789335, 81.8104191402, 0.155667256859, 0.0
0.471674862593, 0.871709645623, 2.01814960663, 0.461627972868, 10.2100141863, 6.50009244502, 0.0946068792404, 2.83662112386, 13.8335789335, 71.8522220538, 0.218380513783, 0.529411764706
0.471674862593, 0.871709645623, 2.01814960663, 0.596084829723, 10.2100141863, 6.50009244502, 0.0946068792404, 0.523126566552, 13.8335789335, 89.1301195626, 0.0430935621964, 0.0
0.369209433111, 1.06944853787, 4.0731183521, 0.652979915864, 26.9331799387, 38.7283197478, 0.0585396679388, 3.3770658834, 17.0571876721, 186.047434789, 0.0, 0.0
0.147185904175, 1.09722661541, 2.1492016091, 0.499706187001, 30.5747252997, 1.2270498047, 0.772944849647, 4.26214024814, 22.3958563831, 96.8229606353, 0.0133559470482, 0.153846153846
0.11855661183, 1.09722661541, 2.53269708311, 0.636085523957, 86.3538333172, 1.25889758589, 0.0185772683819, 4.01460298402, 8.66173595229, 72.448236355, 0.026301384229, 0.416666666667
0.171809523404, 0.874449965077, 2.30862260073, 0.683392104079, 77.0819676016, 1.25889758589, 0.030784224188, 4.01460298402, 17.0571876721, 100.993955389, 0.00719718563958, 0.0
0.779715617697, 0.857393258643, 2.93432084494, 0.441372269278, 32.9565328743, 14.4739368747, 0.732642868412, 4.88200354516, 40.3715561045, 58.1803492124, 0.425736958096, 0.142857142857
0.369209433111, 0.831947372232, 4.0731183521, 0.652979915864, 26.9331799387, 38.7283197478, 0.0585396679388, 3.14649379449, 17.7325383722, 65.6772261573, 0.571077493859, 0.307692307692
0.237454168473, 0.862136737527, 2.13715878379, 0.424083569523, 96.959072153, 48.1474202811, 0.408436631057, 0.0131479649853, 6.92130510007, 81.6000163804, 0.568205373421, 0.285714285714
0.11855661183, 0.89667706257, 3.93727504438, 0.571682689161, 30.5747252997, 1.2270498047, 0.772944849647, 0.0131479649853, 32.5636154681, 216.152707956, 0.00420904770857, 0.0
0.237454168473, 0.89667706257, 2.13715878379, 0.424083569523, 96.959072153, 48.1474202811, 0.408436631057, 0.0131479649853, 6.92130510007, 83.6976878448, 0.38924331818, 0.0
0.606111374497, 0.871709645623, 2.01814960663, 0.52077756791, 9.84732580543, 6.50009244502, 0.0946068792404, 0.0548992722777, 13.8335789335, 88.8577586167, 0.137438728823, 0.0
0.221196749883, 1.12070310174, 3.15894452028, 0.424083569523, 97.466618608, 16.8728426123, 0.408436631057, 1.35829333643, 6.92130510007, 98.4905196878, 0.073450500263, 0.0
0.147185904175, 0.837217892339, 2.24857620382, 0.607904448454, 77.4522914332, 27.8838501427, 0.53207632537, 0.67136081079, 17.0571876721, 97.7107106516, 0.0895620055439, 0.0
0.147185904175, 1.09722661541, 2.1492016091, 0.499706187001, 30.5747252997, 1.2270498047, 0.772944849647, 4.44650282531, 17.5217458501, 167.931426862, 0.00543030478362, 0.333333333333
0.171809523404, 0.935610372413, 2.65719997819, 0.544917665308, 77.0819676016, 1.25889758589, 0.0185772683819, 4.01460298402, 17.0571876721, 166.394058898, 0.00682211208653, 0.0
0.606111374497, 0.871709645623, 2.01814960663, 0.455432323456, 10.2100141863, 6.50009244502, 0.0946068792404, 0.923104358792, 13.8335789335, 84.4531714439, 0.292740647932, 0.428571428571
0.237454168473, 0.971290197539, 2.13715878379, 0.424083569523, 43.7897453275, 48.1474202811, 0.408436631057, 1.35829333643, 6.92130510007, 82.9236550218, 0.295757820444, 0.428571428571
0.11855661183, 0.971290197539, 2.53269708311, 0.499706187001, 15.7383602851, 1.1807700389, 0.772944849647, 1.35829333643, 32.5636154681, 168.040146532, 0.00672990583432, 0.384615384615
0.714583869248, 0.893447782385, 3.690152212, 0.548796605588, 95.1383966825, 39.0808598201, 0.258691372347, 4.07757657289, 1.50495205431, 87.4138215943, 0.353126711558, 0.0
0.11855661183, 0.971290197539, 2.53269708311, 0.554389919691, 63.9249327176, 1.1807700389, 0.772944849647, 1.35829333643, 32.5636154681, 202.769255859, 0.00617764018216, 0.0
0.171809523404, 1.12985189221, 3.93727504438, 0.544917665308, 30.5747252997, 1.2270498047, 0.0185772683819, 4.01460298402, 17.0571876721, 196.787317719, 0.00681346416133, 0.142857142857
0.276259871915, 1.12985189221, 3.15894452028, 0.528577673174, 99.0973883969, 1.25889758589, 0.761703669177, 4.87354102679, 35.038958924, 209.860913305, 0.00608944839292, 0.0
0.139678903825, 1.09722661541, 2.1492016091, 0.499706187001, 30.5747252997, 1.2270498047, 0.772944849647, 0.0131479649853, 22.3958563831, 118.135981847, 0.00850836713334, 0.0
0.188884315931, 1.15235172479, 2.1492016091, 0.660357760586, 93.9162474519, 1.25889758589, 0.0358511497647, 1.79019818479, 4.35750287503, 103.005421606, 0.0132065838285, 0.125
0.139678903825, 1.09722661541, 2.1492016091, 0.499706187001, 30.5747252997, 1.2270498047, 0.772944849647, 0.0131479649853, 22.3958563831, 105.009761641, 0.0108461559281, 0.181818181818
0.171809523404, 0.8873564409, 2.07674435183, 0.544917665308, 77.0819676016, 11.4230224859, 0.0185772683819, 4.01460298402, 4.35750287503, 86.3466416159, 0.177446261285, 0.433333333333
0.471674862593, 0.871709645623, 2.01814960663, 0.622885672233, 10.2100141863, 6.50009244502, 0.0740724087015, 0.523126566552, 13.8335789335, 88.2960141656, 0.256704230308, 0.5
0.11855661183, 0.89667706257, 3.93727504438, 0.571682689161, 77.0936586195, 1.2270498047, 0.772944849647, 0.0131479649853, 24.3981691848, 235.624221995, 0.00454459596197, 0.0
0.237454168473, 0.971290197539, 2.13715878379, 0.424083569523, 43.7897453275, 48.1474202811, 0.408436631057, 1.35829333643, 6.92130510007, 85.939060659, 0.52674665714, 0.684210526316
0.154610807324, 1.09722661541, 2.53269708311, 0.636085523957, 77.0819676016, 1.25889758589, 0.0185772683819, 4.01460298402, 17.0571876721, 238.870880514, 0.00552450650759, 0.0
0.188884315931, 0.936007453572, 2.24857620382, 0.607904448454, 77.4522914332, 27.8838501427, 0.173170718732, 0.719845971546, 23.1194814348, 92.018084381, 0.350690573481, 0.0
0.606111374497, 0.871709645623, 2.01814960663, 0.461627972868, 23.4593852699, 6.50009244502, 0.0946068792404, 0.125731419046, 13.8335789335, 90.9770672274, 0.217232644685, 0.294117647059
0.147185904175, 1.09722661541, 2.1492016091, 0.493037662883, 28.9650807008, 1.2270498047, 0.772944849647, 0.0131479649853, 17.5217458501, 130.287021158, 0.0114838828453, 0.0
0.147185904175, 1.09722661541, 2.1492016091, 0.607904448454, 11.1972369387, 1.2270498047, 0.673956271007, 0.719845971546, 17.5217458501, 136.858875945, 0.0104153489587, 0.0769230769231
0.147185904175, 1.16409095183, 2.1492016091, 0.499706187001, 30.5747252997, 1.2270498047, 0.772944849647, 0.0131479649853, 17.5217458501, 221.208028198, 0.00643945615718, 0.466666666667
0.221196749883, 0.857393258643, 2.09781911394, 0.441372269278, 65.6005022889, 16.8728426123, 0.408436631057, 4.01460298402, 6.92130510007, 90.6951076436, 0.349283246753, 0.65
0.122264425723, 0.893447782385, 2.83563302186, 0.527656508537, 9.84732580543, 6.04641708551, 0.303652405005, 4.07757657289, 43.7473733152, 154.292727698, 0.00722919777562, 0.0
0.171809523404, 1.09722661541, 2.53269708311, 0.636085523957, 77.0819676016, 1.25889758589, 0.0185772683819, 4.01460298402, 17.0571876721, 229.239949045, 0.00707380028687, 0.0
0.122264425723, 1.10953091925, 2.83563302186, 0.600099592388, 9.84732580543, 5.16109648197, 0.303652405005, 4.54139762046, 15.663296105, 138.678866613, 0.0263783443143, 0.0
0.221196749883, 1.04589216743, 2.65719997819, 0.544917665308, 77.0819676016, 1.25889758589, 0.0185772683819, 1.35829333643, 17.0571876721, 137.338041359, 0.019870634868, 0.047619047619
0.121858341044, 1.17821519318, 2.12949136018, 0.499706187001, 30.5747252997, 1.2270498047, 0.772944849647, 4.01460298402, 22.3958563831, 134.933661284, 0.0174945004236, 0.0833333333333
0.221196749883, 0.857393258643, 2.13715878379, 0.441372269278, 95.2411271551, 16.8728426123, 0.408436631057, 4.01460298402, 6.92130510007, 93.3366305561, 0.224372619986, 0.636363636364
0.171809523404, 1.09722661541, 2.53269708311, 0.636085523957, 77.0819676016, 1.25889758589, 0.0185772683819, 4.01460298402, 17.0571876721, 115.967512259, 0.0139668014161, 0.333333333333
0.11855661183, 1.09722661541, 2.53269708311, 0.636085523957, 86.3538333172, 1.25889758589, 0.0185772683819, 4.01460298402, 8.66173595229, 150.07914022, 0.00899702336571, 0.6
0.139678903825, 1.09722661541, 2.1492016091, 0.499706187001, 30.5747252997, 1.2270498047, 0.772944849647, 0.0131479649853, 22.3958563831, 152.986357738, 0.00943322927497, 0.125
0.122264425723, 1.09722661541, 2.53269708311, 0.469662780881, 10.2100141863, 1.25889758589, 0.00181226717559, 4.54139762046, 17.0571876721, 133.908259769, 0.01226142123, 0.307692307692
0.147185904175, 1.09722661541, 2.1492016091, 0.499706187001, 23.4593852699, 1.2270498047, 0.772944849647, 0.0108055452113, 17.5217458501, 152.220586511, 0.0102634162795, 0.0
0.326630545537, 1.09722661541, 2.1492016091, 0.405710878692, 28.9650807008, 1.2270498047, 0.0185772683819, 0.0131479649853, 35.4272837586, 144.976945992, 0.0194158490867, 0.0
0.147185904175, 1.09722661541, 2.1492016091, 0.499706187001, 30.5747252997, 1.2270498047, 0.772944849647, 0.0108055452113, 17.5217458501, 130.275285703, 0.0150082569744, 0.176470588235
0.196998969332, 1.09722661541, 2.53269708311, 0.469662780881, 77.0819676016, 1.25889758589, 0.0185772683819, 4.98045987196, 17.0571876721, 120.456902686, 0.0219171941767, 0.153846153846
0.139678903825, 1.09722661541, 2.0953230278, 0.499706187001, 30.5747252997, 1.2270498047, 0.772944849647, 0.0131479649853, 13.2263491126, 111.468484629, 0.0247833944111, 0.538461538462
0.147185904175, 1.19427301578, 2.1492016091, 0.499706187001, 30.5747252997, 1.2270498047, 0.772944849647, 4.44650282531, 17.5217458501, 182.103284987, 0.00828001534596, 0.0
0.407706120343, 1.09722661541, 2.02997002632, 0.499706187001, 77.0819676016, 1.2270498047, 0.772944849647, 4.01460298402, 4.96579783321, 108.515399259, 0.0636617687765, 0.363636363636
0.139678903825, 1.09722661541, 2.1492016091, 0.499706187001, 30.5747252997, 1.2270498047, 0.772944849647, 0.0131479649853, 22.3958563831, 117.363851246, 0.0248840960703, 0.4375
0.147185904175, 1.09722661541, 2.1492016091, 0.493037662883, 28.9650807008, 1.2270498047, 0.772944849647, 0.0131479649853, 17.5217458501, 109.39399948, 0.0296046139027, 0.571428571429
0.221196749883, 0.857393258643, 2.13715878379, 0.441372269278, 65.6005022889, 16.8728426123, 0.408436631057, 4.01460298402, 6.92130510007, 105.78151463, 0.210990358507, 0.0
0.373961106814, 0.871709645623, 2.01814960663, 0.461627972868, 30.5747252997, 7.22097543433, 0.0946068792404, 0.125731419046, 12.7634794615, 100.775699153, 0.2477644376, 0.4
0.188884315931, 1.11101335811, 2.83563302186, 0.660357760586, 63.9249327176, 1.25889758589, 0.0358511497647, 1.79019818479, 4.35750287503, 189.656407654, 0.00780972261896, 0.0
0.608128604097, 1.04589216743, 2.01814960663, 0.441372269278, 8.72347738309, 2.00372955992, 0.0946068792404, 0.523126566552, 13.8335789335, 103.984889198, 0.0940173382841, 0.333333333333
0.122264425723, 0.893447782385, 2.83563302186, 0.527656508537, 9.84732580543, 6.04641708551, 0.303652405005, 4.07757657289, 43.7473733152, 147.026238598, 0.0378788409633, 0.0
0.188884315931, 0.936007453572, 2.24857620382, 0.607904448454, 73.1930591764, 27.8838501427, 0.173170718732, 0.719845971546, 23.1194814348, 110.768796942, 0.343436182503, 0.1
0.11855661183, 0.971290197539, 2.53269708311, 0.499706187001, 63.9249327176, 1.1807700389, 0.772944849647, 1.35829333643, 32.5636154681, 176.143605375, 0.00879804425524, 0.157894736842
0.500363556127, 0.89667706257, 3.15894452028, 0.528577673174, 9.84732580543, 40.8239121607, 0.761703669177, 3.95743143926, 35.038958924, 112.089018208, 0.393216911217, 0.0
0.441110754656, 0.936007453572, 2.24857620382, 0.607904448454, 51.0784412076, 42.0498037513, 0.173170718732, 0.719845971546, 35.4272837586, 112.564930743, 0.6981325617, 0.0
0.407706120343, 1.09722661541, 2.1492016091, 0.499706187001, 77.0819676016, 1.2270498047, 0.772944849647, 4.01460298402, 4.96579783321, 111.502449711, 0.0503938209434, 0.6
0.221196749883, 0.857393258643, 2.13715878379, 0.441372269278, 65.6005022889, 16.8728426123, 0.408436631057, 4.01460298402, 6.92130510007, 106.196344099, 0.10421953089, 0.285714285714
0.171809523404, 1.19519199738, 2.13715878379, 0.448420957021, 65.6005022889, 24.4611048331, 0.408436631057, 4.87488496375, 6.92130510007, 116.804575672, 0.171087624268, 0.125
0.171809523404, 1.19519199738, 2.13715878379, 0.448420957021, 79.3497008663, 16.8728426123, 0.408436631057, 4.01460298402, 6.92130510007, 104.549669372, 0.124504734222, 0.588235294118
0.147185904175, 1.09722661541, 2.1492016091, 0.499706187001, 30.5747252997, 17.2242033703, 0.772944849647, 0.0131479649853, 17.5217458501, 123.452292179, 0.15854130408, 0.0
0.188884315931, 1.11101335811, 2.83563302186, 0.660357760586, 93.9162474519, 1.25889758589, 0.0358511497647, 1.79019818479, 4.35750287503, 178.028152796, 0.0104648162906, 0.0
0.147185904175, 1.09722661541, 2.1492016091, 0.613897360507, 11.1972369387, 1.2270498047, 0.673956271007, 0.0108055452113, 17.5217458501, 120.100646238, 0.0283731060638, 0.5625
0.171809523404, 0.8873564409, 2.65719997819, 0.544917665308, 77.0819676016, 1.25889758589, 0.0185772683819, 4.01460298402, 4.35750287503, 123.659834096, 0.0317842126318, 0.5
0.147185904175, 1.16409095183, 2.1492016091, 0.499706187001, 30.5747252997, 1.2270498047, 0.772944849647, 0.0115353830757, 17.5217458501, 125.816659227, 0.0274454870568, 0.464285714286
0.606111374497, 0.871709645623, 2.01814960663, 0.461627972868, 10.2100141863, 6.50009244502, 0.0946068792404, 0.0548992722777, 13.8335789335, 122.256019614, 0.1629991522, 0.125
0.147185904175, 1.09722661541, 2.13715878379, 0.499706187001, 30.5747252997, 1.2270498047, 0.772944849647, 3.96494044309, 34.1576310276, 199.415507105, 0.0094582079101, 0.0
0.121858341044, 1.09722661541, 2.12949136018, 0.499706187001, 30.5747252997, 1.2270498047, 0.772944849647, 4.87488496375, 22.3958563831, 141.206267917, 0.0154448505574, 0.25
0.171809523404, 1.19519199738, 2.13715878379, 0.448420957021, 65.6005022889, 24.4611048331, 0.408436631057, 4.01460298402, 6.92130510007, 101.273184007, 0.260670229575, 0.625
0.221196749883, 1.19519199738, 2.13715878379, 0.424083569523, 65.6005022889, 16.8728426123, 0.408436631057, 4.01460298402, 6.92130510007, 130.687086715, 0.170480234766, 0.0769230769231
0.147185904175, 1.09722661541, 2.1492016091, 0.499706187001, 30.5747252997, 16.8728426123, 0.772944849647, 4.25885792672, 23.8575284856, 136.21644435, 0.184685250336, 0.0666666666667
0.147185904175, 1.09722661541, 2.1492016091, 0.499706187001, 28.9650807008, 1.2270498047, 0.0185772683819, 0.0131479649853, 17.0571876721, 125.116583144, 0.0320067953121, 0.684210526316
0.139678903825, 1.09722661541, 2.1492016091, 0.499706187001, 30.5747252997, 1.2270498047, 0.772944849647, 0.0131479649853, 17.5217458501, 146.527085392, 0.0134728890761, 0.277777777778
0.237454168473, 0.971290197539, 2.13715878379, 0.487975028951, 63.9249327176, 48.1474202811, 0.408436631057, 1.35829333643, 15.663296105, 105.577577953, 0.314295604274, 0.2
0.300747536698, 1.08089250619, 2.53720383389, 0.594657925026, 76.2665621695, 5.93762845303, 0.854843326431, 4.00272733448, 31.6752360726, 128.586195116, 0.129110554835, 0.315789473684
0.147185904175, 0.89667706257, 2.01336295825, 0.499706187001, 22.6133124968, 16.8728426123, 0.772944849647, 2.22361391483, 23.8575284856, 103.855094042, 0.167876634911, 0.5625
0.116279585225, 0.89667706257, 3.93727504438, 0.571682689161, 77.0936586195, 1.2270498047, 0.772944849647, 0.0131479649853, 24.3981691848, 136.388294474, 0.0172859611898, 0.454545454545
0.326630545537, 0.837217892339, 2.24857620382, 0.607904448454, 77.4522914332, 27.8838501427, 0.53207632537, 0.67136081079, 35.4272837586, 132.442201316, 0.33987002557, 0.0769230769231
0.606111374497, 0.871709645623, 2.01814960663, 0.455432323456, 10.2100141863, 6.50009244502, 0.0946068792404, 0.923104358792, 13.8335789335, 106.935716404, 0.188159545017, 0.3
0.221196749883, 1.10953091925, 2.83563302186, 0.600099592388, 9.84732580543, 5.16109648197, 0.303652405005, 4.54139762046, 15.663296105, 160.283008083, 0.0412739163158, 0.0
0.171809523404, 1.19519199738, 2.13715878379, 0.448420957021, 65.6005022889, 16.8728426123, 0.408436631057, 4.01460298402, 6.92130510007, 104.549669372, 0.158123828429, 0.666666666667
0.606111374497, 0.871709645623, 2.01814960663, 0.461627972868, 10.2100141863, 6.50009244502, 0.0946068792404, 0.0548992722777, 13.8335789335, 116.035976511, 0.312382571776, 0.230769230769
0.171809523404, 1.06944853787, 2.53269708311, 0.636085523957, 77.0819676016, 1.25889758589, 0.0185772683819, 4.01460298402, 17.0571876721, 120.582463116, 0.0511320003687, 0.571428571429
0.171809523404, 0.8873564409, 2.65719997819, 0.544917665308, 77.0819676016, 1.25889758589, 0.0185772683819, 4.01460298402, 4.35750287503, 140.689996745, 0.0215136295796, 0.25
