0.353359235647, 1.19778231751, 2.57677493824, 0.490656347116, 1.15898095076, 19.9829488751, 0.751095352649, 0.0705680718671, 24.6744006598, 227.5020935, 0.308427631855, 0.3125
0.194056551021, 1.15184799389, 4.19634969534, 0.570587295672, 1.28961920824, 28.6227853558, 0.75011583259, 0.33390851698, 29.4877953276, 313.213885449, 0.278925225224, 0.307692307692
0.536971740038, 1.18698548142, 2.17398405148, 0.532254026731, 8.30177069862, 3.25582612344, 0.054881732081, 1.7036528561, 17.3812612607, 136.531167136, 0.205256141474, 0.333333333333
0.438381053397, 1.17900100488, 4.29102136667, 0.545783508926, 3.74490117433, 16.9904719483, 1.03574836726, 1.78621868238, 20.2042929755, 530.092642728, 0.369328621866, 0.484848484848
0.136075502356, 1.17177585961, 2.0551651496, 0.497285335947, 31.5666010002, 21.9221739669, 1.1161942334, 0.664759124703, 20.4112236991, 229.483575582, 0.150203450645, 0.133333333333
0.550814362108, 1.13365979768, 3.94838824125, 0.519877371939, 1.24625531491, 11.5264469466, 0.613044880055, 1.98378699738, 16.8845313226, 377.998848312, 0.196425920269, 0.1875
0.114729820055, 1.16496396881, 3.56284426727, 0.62112857169, 3.64217602113, 17.4935137207, 1.2340251608, 0.647084766463, 10.8653431813, 382.949208634, 0.0828786203281, 0.0
0.70861884022, 1.12286669861, 2.24216622784, 0.630399455028, 5.41460686232, 12.8879014227, 0.277127850365, 1.49130024687, 18.5017981185, 139.22319703, 0.440852077311, 0.142857142857
0.253254710912, 1.15908408183, 3.38194715426, 0.628322132535, 13.1795562162, 20.8754800968, 1.19348260046, 0.047959120042, 4.77322304187, 325.199209463, 0.316331416931, 0.3125
0.225616967182, 1.18135705521, 2.77939024166, 0.456317194129, 23.0952887502, 7.23054558922, 0.692632585057, 2.18021612402, 13.166608779, 133.322234328, 0.181464155223, 0.454545454545
0.1637110234, 1.1270936338, 3.69545415655, 0.697321158538, 7.16421412258, 10.9194720736, 0.153492001295, 1.66899483914, 37.022238589, 444.902104452, 0.0752090719098, 0.2
0.545701130893, 1.1871693025, 4.19536216152, 0.666427641278, 13.8490091814, 23.7211264685, 1.63505327487, 1.49412999796, 3.46514175081, 436.595790538, 0.463289101902, 0.426229508197
0.489540729632, 1.03646840353, 4.12126580342, 0.590144311537, 2.73296746593, 11.3527197294, 0.553838452732, 1.63577362977, 9.9238056114, 281.531230451, 0.2367575226, 0.333333333333
0.532925896946, 1.18651424765, 5.54399377373, 0.631481473191, 2.91956747957, 12.8937734228, 0.720598930713, 2.20439779209, 4.88400847319, 484.174268028, 0.328641667153, 0.142857142857
0.389207052404, 1.14204401159, 4.6528558039, 0.638258753794, 5.86367268454, 4.22270959406, 0.251814131009, 2.28919305485, 11.6604727556, 321.77331518, 0.143999928942, 0.578947368421
0.417355743008, 1.18494266433, 5.51074615755, 0.550878589572, 10.3470710376, 20.0060825333, 0.197614361942, 2.69242495451, 10.4327979417, 413.625115459, 0.497030831848, 0.0
0.152509827603, 1.13477280136, 3.15867449974, 0.664165541886, 16.7467591274, 33.9414283479, 0.431321804008, 1.6696991574, 21.2132414876, 238.334861466, 0.247861744988, 0.0
0.692819224402, 1.03710763145, 5.11639012862, 0.55952220634, 4.71745727703, 15.8437704131, 0.38633834535, 2.6720365052, 10.3830162832, 286.377678624, 0.387774993191, 0.0
0.33816112411, 1.16603252269, 3.44728024335, 0.404842252159, 46.5132602609, 5.32392838329, 0.0806814650453, 2.21833685656, 2.89627718309, 217.263045466, 0.153192148824, 0.428571428571
0.274764551162, 1.12252757546, 5.55866079386, 0.697111118506, 3.85026694399, 22.1446070499, 0.935943213961, 2.49998197239, 16.1166569166, 602.553748415, 0.273283657501, 0.333333333333
0.332578753279, 1.18311324394, 2.15879323987, 0.558574053075, 34.8433683244, 7.54456829965, 0.48313117173, 3.64713079158, 16.3233018436, 164.962826314, 0.244986678705, 0.666666666667
0.288688496677, 1.10362805761, 3.05645443782, 0.65983651366, 30.5573669207, 32.4347826827, 0.0546577033813, 1.09433906585, 25.2379966017, 223.547094701, 0.261155872231, 0.0
0.4392909344, 1.07994575434, 5.2678864443, 0.554744713744, 5.76244724145, 5.18971913388, 0.855937342831, 3.6041782587, 7.37019323836, 321.482183215, 0.151837968837, 0.0769230769231
0.350544627007, 1.14795423592, 4.36495617253, 0.519472898643, 20.6606830413, 10.126359878, 0.405067468097, 2.89851432455, 4.53904441864, 222.072326548, 0.265644284786, 0.625
0.857888011287, 1.16065454842, 7.77971031664, 0.462021978761, 3.35101057526, 13.0242718394, 0.421841438959, 4.5843694214, 6.85640543607, 563.482524604, 0.344109293722, 0.25
0.163612831354, 1.14767897685, 4.48985452489, 0.659555799706, 18.5335188264, 31.9909908259, 0.830146307392, 1.18873961829, 7.78804109257, 326.184719121, 0.220348882442, 0.1875
0.155711345379, 1.13923457351, 6.90942648344, 0.643383008463, 6.35986912986, 34.0035154645, 1.87461554454, 2.01735289936, 3.94126640657, 707.778338275, 0.249932820891, 0.204545454545
0.473038827266, 1.11741426148, 2.47042130517, 0.472534505751, 13.3186737539, 10.9745891703, 0.158582161242, 4.85388308237, 14.3332090158, 127.565634675, 0.338813761542, 0.47619047619
0.315457599782, 1.18391385642, 6.04916416353, 0.656428313119, 24.6613673741, 13.0872982524, 0.0349427140899, 1.21753269542, 4.37198011498, 305.554826585, 0.374041437654, 0.0
0.20882059754, 1.19243165527, 3.30929372986, 0.541555501925, 28.7541141282, 16.8626557247, 1.62952414344, 4.02127300496, 5.38800061545, 324.41227408, 0.240797767552, 0.393442622951
0.653123399735, 0.976856818238, 5.03051029671, 0.670187541301, 9.34301473155, 22.2726864361, 0.00560612227845, 1.6256678403, 18.7736705065, 394.78780311, 0.45227821745, 0.611111111111
0.539504864461, 1.01570484303, 5.29827946686, 0.66276686753, 3.61368054291, 32.5192783164, 1.12441754095, 2.55009052898, 15.6783087024, 531.191178981, 0.491054308395, 0.346153846154
0.146422713581, 1.19212709639, 3.21904272842, 0.601896369742, 41.859513589, 33.84861153, 0.348336773024, 0.454065273467, 2.12192222746, 270.773763992, 0.309979310968, 0.357142857143
0.201459565356, 1.15553816941, 7.23492396238, 0.680445330486, 16.8909378881, 29.6189663823, 0.296289513626, 2.42418155034, 27.8193863782, 627.269248606, 0.388831893797, 0.4
0.570204541052, 1.16652770801, 3.80136881808, 0.562902465955, 17.3462500296, 27.8109026674, 0.0747084218047, 3.52963150123, 12.8577274606, 273.36094568, 0.474936752022, 0.0
0.265375555284, 1.12882859318, 2.81697805554, 0.60165628056, 26.9981291969, 3.85874268047, 0.131066723688, 2.71119468446, 5.06242192364, 108.015782296, 0.106474141446, 0.6
0.168424974397, 1.1928048305, 2.67874273208, 0.553261498763, 56.9128648183, 28.1939009085, 1.4945774531, 2.14922979639, 7.04193282011, 248.522494288, 0.218722836891, 0.0735294117647
0.408399563463, 1.18911910012, 6.49691482908, 0.582710262795, 23.2816033902, 41.761187887, 0.484010702946, 1.43161060399, 2.84696674091, 538.089219272, 0.466054519177, 0.34693877551
0.81061814666, 1.17887806839, 3.53731534084, 0.494230944633, 43.5504842794, 7.39204994498, 0.280648929586, 3.75371019013, 2.67282066341, 230.065094935, 0.25303591124, 0.655172413793
0.383841370894, 1.10855927512, 6.8891306637, 0.582870013365, 17.1787139591, 37.8172306714, 1.27070774707, 2.5680181415, 9.85672250316, 752.130704069, 0.454357165503, 0.0
0.658538329019, 1.18837532357, 6.4104525817, 0.669764034205, 19.6034223012, 45.0325481329, 0.522785016928, 1.9298013634, 8.12100587778, 651.177511818, 0.299820025908, 0.0
0.647276756537, 1.18144066664, 4.18578498462, 0.556579896626, 51.2544160838, 8.38596419981, 0.0757882594037, 2.8419536823, 7.48045593642, 215.978818247, 0.262224261244, 0.3
0.527906511746, 1.18224734671, 3.54995283501, 0.665496378957, 47.722325993, 31.575740146, 1.06522268391, 1.4280094678, 1.49309735961, 250.882886215, 0.369494979581, 0.288888888889
0.196434372628, 1.09109453714, 2.89695725821, 0.657309151815, 42.5771041006, 20.302125399, 0.700526048952, 2.27981529778, 18.1308211192, 151.062229418, 0.308693623654, 0.307692307692
0.861116525258, 1.00117927504, 2.93251244486, 0.614099965925, 29.6736983487, 4.82141964028, 0.00743631253629, 3.73491976032, 14.6225538587, 205.230010144, 0.135063106021, 0.0
0.635679727849, 1.00632701202, 4.01872985231, 0.507763200589, 29.33895701, 9.45179134342, 0.23504114366, 4.58573195393, 18.0952480193, 215.866019072, 0.361715833008, 0.5
0.447030685762, 1.0793897516, 2.20429602655, 0.578545775338, 22.0186682306, 9.39646798686, 0.149845553033, 4.84679462072, 13.4126732437, 130.458479403, 0.207725291483, 0.142857142857
0.496915144781, 1.19241247615, 4.35313222651, 0.613969793077, 26.7627387197, 41.8929677168, 0.202185463589, 2.52389082196, 4.29140694885, 329.138696626, 0.49282699972, 0.35
0.182210910923, 1.02085292989, 2.00518987419, 0.590238607946, 62.7656504244, 16.3185342599, 0.326465509663, 1.15913175436, 12.0304868316, 159.345471584, 0.235876458193, 0.0
0.417110216244, 1.12515003153, 8.51171576464, 0.555794999786, 15.4703608026, 30.3637634253, 0.802529200544, 3.21797446003, 4.76800553346, 599.392903385, 0.33812286999, 0.5
0.183375045076, 1.17117400234, 5.42696846802, 0.699488766384, 47.120358358, 35.6828421682, 1.19355760979, 1.69657327371, 8.31554088339, 415.908863177, 0.224568031469, 0.0
0.410126606479, 1.14832456181, 6.1105672124, 0.600899928989, 45.9494480757, 40.9289436618, 1.0604420859, 1.71883682592, 2.68177389803, 642.203641584, 0.410469810528, 0.31914893617
0.241886355577, 1.1791954094, 5.75037514078, 0.602380042321, 37.0056022727, 4.580221909, 0.733813200336, 4.91642879255, 13.6430664246, 337.876266948, 0.0710177018426, 0.222222222222
0.145717490685, 1.16293755398, 2.29890317795, 0.625490201731, 44.6668836226, 2.12400051113, 0.76277581916, 4.0926616845, 2.2405379557, 167.207247115, 0.04791516541, 0.703703703704
0.234347214434, 1.15712110251, 6.46839508832, 0.661893804934, 19.0072801992, 42.4178278502, 1.67911841886, 3.2044046483, 2.08167185483, 746.55358843, 0.288929908699, 0.4
0.228589074241, 0.92000520374, 3.85222756605, 0.675928731502, 20.0014291754, 14.1032854024, 0.207934903637, 2.29534467371, 11.626950299, 164.783432442, 0.172950338609, 0.214285714286
0.294592410718, 1.13638674585, 3.9450666079, 0.437068065682, 51.8096054559, 4.78867651766, 0.0505344852442, 4.59870834746, 8.28271960434, 281.951502071, 0.164680624421, 0.32
0.152535840194, 1.10593350021, 4.98232654739, 0.569421051653, 42.9897567343, 9.43984274933, 0.1419213544, 2.8395526168, 3.30331435883, 322.145540152, 0.12769655857, 0.473684210526
0.112779642343, 1.04981940054, 2.06300662248, 0.685915284942, 30.5305746201, 30.2595220303, 0.448750349, 2.69625170771, 10.4408300548, 124.896203977, 0.242794182502, 0.416666666667
0.280964077276, 1.14139559868, 2.64482442152, 0.693220648119, 15.3633583924, 41.6545631501, 0.00266114684885, 3.09534429399, 4.7536123591, 101.634170713, 0.365766448255, 0.5625
0.160722138391, 1.12148145946, 6.11316282484, 0.699903747048, 45.2822023096, 45.0353603574, 1.30863509445, 1.12783589514, 3.94327320311, 571.552752977, 0.265324194874, 0.05
0.467725698169, 1.19485977275, 6.9415701186, 0.60665229494, 41.8391994605, 29.2342682293, 0.100344583626, 3.44492487969, 9.25299582407, 751.432428419, 0.486755969935, 0.0
0.253559405513, 1.09589264742, 2.32427529295, 0.485955439604, 53.5337353578, 20.192952183, 0.209081438029, 4.60754112504, 11.9949697309, 162.502631462, 0.31960570546, 0.0
0.484277328323, 0.999626954163, 4.6778408053, 0.586481929844, 32.0830760652, 19.1767626814, 0.63379674434, 4.48558711045, 11.1250052407, 276.289615997, 0.439285056576, 0.407407407407
0.244027498603, 1.16762684666, 6.70591320026, 0.627679916431, 54.6084176264, 33.0741144787, 0.620258537518, 3.39795974195, 18.048501583, 409.446513948, 0.31691693242, 0.0
0.187763147276, 1.07352637269, 4.63394354191, 0.689181190783, 55.2911038932, 24.9543465275, 0.588651814711, 2.97908247236, 19.5609723714, 172.320021404, 0.215700442177, 0.0
0.231571434996, 1.11310998971, 3.66869728996, 0.562380870545, 60.8133015236, 34.0548777197, 0.340209589166, 2.53450883626, 4.69152601595, 210.08728583, 0.336286780701, 0.380952380952
0.150463163979, 1.05681319607, 3.29511769711, 0.597666607624, 40.9460611637, 27.49891699, 0.844435561455, 3.89997823424, 4.47758173053, 216.727899536, 0.308938280224, 0.297297297297
0.10914561445, 1.19458528787, 3.33907492456, 0.665459962627, 82.6887312708, 33.2357164166, 0.333513729411, 1.66016218386, 6.0529333715, 300.529654954, 0.134725179016, 0.0
0.453619501334, 1.11273321199, 6.14101254001, 0.59656170297, 42.8907273564, 36.7261812701, 0.0999444801327, 3.13722606612, 2.64576287747, 209.794267001, 0.32912943505, 0.0
0.619350368332, 1.10659548784, 4.79167408278, 0.594539746621, 44.9135348847, 36.1349845628, 0.0906463279452, 4.083918828, 1.30004867861, 286.321595918, 0.247120802941, 0.444444444444
0.55687325312, 1.09685578127, 9.70148163716, 0.692710560856, 27.1011413273, 32.7130875893, 0.679743187008, 4.36132813671, 2.89494009687, 650.108620972, 0.29605892577, 0.0
0.429126678776, 0.942841474353, 5.7404151867, 0.65188964839, 47.7652479793, 34.8696722323, 0.0635884036078, 3.54296333031, 14.4533232153, 340.839858833, 0.452979871292, 0.375
0.53616358259, 0.879178680603, 2.43662531728, 0.632756751369, 54.9453237221, 17.7798708519, 0.235641883456, 4.33827065216, 9.84770264618, 144.314646835, 0.494559312065, 0.52380952381
0.240604479434, 1.01243392269, 5.27917848633, 0.694412365801, 50.9601876977, 20.82926134, 0.637812229962, 4.0632644363, 4.46310007488, 264.007268797, 0.273230128173, 0.535714285714
0.33263179619, 0.873521258355, 6.65073962457, 0.699284048783, 30.236345769, 23.441487234, 0.224991501884, 3.38415894104, 5.34986789443, 240.460368129, 0.324683655439, 0.5
0.399831021663, 1.14205009992, 7.88898309337, 0.663803105559, 72.8792113575, 32.275585815, 0.367869630691, 4.10279421778, 1.56926509919, 650.06279532, 0.283911908112, 0.625
0.198064151017, 1.00867217181, 5.32903925094, 0.627587962362, 76.4424834018, 37.3874701123, 0.130033904821, 4.47613630963, 4.72560224455, 294.909102259, 0.451576794377, 0.25
