0.141253642015, 1.08876228879, 3.5135842004, 0.7269319478, 97.9313249457, 4.53838617977, 0.186285533254, 3.9659200246, 11.5881288067, 72.9188481269, 0.0360764672721, 0.0
0.109396772161, 0.883750602511, 2.16867353314, 0.933120761312, 87.2628215862, 1.61676529389, 0.169126634434, 2.3698780007, 15.0023712577, 73.301440991, 0.014733634169, 0.3
0.102962071519, 0.966818579055, 2.16867353314, 0.933120761312, 87.0087149735, 2.13835045934, 0.336510031821, 3.39947252013, 12.6670362838, 101.674175801, 0.0104820822912, 0.0
0.111572434461, 0.82375605569, 2.51631494391, 0.795165035395, 83.6822628895, 1.30851805073, 0.0339565917158, 3.91442267619, 15.4910114923, 95.4076766322, 0.0111258033822, 0.214285714286
0.118104961966, 0.826226400557, 2.16867353314, 0.753786692664, 88.281263556, 1.61676529389, 0.336510031821, 0.934166943726, 10.5284231056, 98.4916086103, 0.00851906475344, 0.1
0.102962071519, 0.844386677275, 2.16867353314, 0.933120761312, 87.0087149735, 6.95042918526, 0.336510031821, 0.934166943726, 12.6670362838, 66.2828909752, 0.0658795032793, 0.285714285714
0.102962071519, 0.83311119792, 2.16867353314, 0.933120761312, 87.0087149735, 2.38145231728, 0.992756617163, 1.21764981754, 12.6670362838, 0.0, 1.0, 0.0
0.165476674494, 0.84371684088, 2.25646196348, 0.939559570206, 84.1187544199, 2.42793625413, 0.273245037481, 2.08406324551, 14.6490627909, 101.848312754, 1.11022302463e-16, 0.0
0.153782964783, 0.84371684088, 2.25646196348, 0.939559570206, 87.8957443371, 1.30851805073, 0.273245037481, 2.08406324551, 17.8391506823, 79.8839129477, 0.0117416008461, 0.0
0.168342210394, 1.06451393845, 2.33321766215, 0.900580426656, 97.2965771958, 3.61783255634, 0.0249746369645, 3.38232635645, 16.2952863449, 52.0329283763, 0.0991575551632, 0.533333333333
0.175690875087, 0.881609238133, 2.16867353314, 0.7269319478, 87.0087149735, 3.11537367738, 0.186285533254, 3.9659200246, 11.5881288067, 48.3507161925, 0.131232999884, 0.538461538462
0.180079454295, 0.844386677275, 2.16867353314, 0.933120761312, 87.891739714, 6.95042918526, 0.260048353476, 0.934166943726, 10.5639871693, 51.8832138101, 0.219941609488, 0.4
0.118104961966, 0.826226400557, 3.91502315252, 0.729770275886, 88.281263556, 1.61676529389, 0.445171965692, 1.21764981754, 18.0275936081, 60.5322265439, 0.0332821699807, 0.647058823529
0.166881314986, 1.14238878769, 3.88372098933, 0.911024014639, 87.891739714, 5.94595466159, 0.598979924877, 0.155981761172, 15.0399206815, 521.335706481, 0.0, 0.0
0.141253642015, 0.881609238133, 2.16867353314, 0.7269319478, 87.0087149735, 4.53838617977, 0.186285533254, 3.9659200246, 11.5881288067, 79.8349034806, 0.0525317842083, 0.454545454545
0.102962071519, 0.844386677275, 2.25646196348, 0.807134960976, 99.9240552659, 1.50089567114, 0.992756617163, 2.42619129142, 13.4327059124, 77.266613901, 0.0181310135951, 0.470588235294
0.13276568832, 0.826226400557, 2.25646196348, 0.933120761312, 83.8050596205, 1.30851805073, 0.0339565917158, 1.22180130017, 12.6670362838, 100.459749086, 0.0111447282095, 0.2
0.199765507482, 0.942826709114, 2.38582445433, 0.621113759685, 81.8368343264, 2.1742703868, 0.0952941041081, 4.66310387732, 12.7076559788, 68.1484676137, 0.0712126033939, 0.526315789474
0.102962071519, 0.8269038133, 3.61614590777, 0.915421959456, 83.8050596205, 1.04877194171, 0.417580605743, 1.21764981754, 12.6670362838, 131.590789075, 0.00397635332179, 0.0
0.118104961966, 0.826226400557, 2.25646196348, 0.729770275886, 88.281263556, 1.61676529389, 0.336510031821, 0.348248217403, 13.4327059124, 117.774839022, 0.00486470147377, 0.0
0.118104961966, 0.826226400557, 4.99852298594, 0.729770275886, 88.281263556, 1.61676529389, 0.445171965692, 0.348248217403, 10.5284231056, 209.564550647, 0.00130862235581, 0.0
0.13276568832, 0.826226400557, 2.25646196348, 0.933120761312, 88.281263556, 1.30851805073, 0.0339565917158, 1.22180130017, 12.6670362838, 105.524946519, 0.00500202654871, 0.0
0.102962071519, 0.847523610592, 2.16867353314, 0.947720747673, 87.0087149735, 3.11537367738, 0.992756617163, 1.21764981754, 12.6670362838, 80.2074538141, 0.0322067066639, 0.391304347826
0.199765507482, 0.942826709114, 2.27357114923, 0.878975961844, 82.4463374437, 4.66900293433, 0.0952941041081, 4.4160147157, 12.7076559788, 82.9256890241, 0.0193907097508, 0.0
0.114730435686, 0.990755052807, 2.25646196348, 0.728535163712, 99.9240552659, 1.76747463916, 0.588640747332, 4.18347312602, 14.6490627909, 89.5034833834, 0.0167000536437, 0.0
0.180079454295, 0.844386677275, 2.16867353314, 0.933120761312, 87.0087149735, 6.95042918526, 0.260048353476, 0.934166943726, 10.5639871693, 81.5125981674, 0.0620742475143, 0.0
0.118104961966, 0.900690337723, 2.25646196348, 0.795165035395, 80.4275489971, 1.30851805073, 0.476327406225, 0.666523950092, 19.866710943, 90.855519376, 0.0165265048889, 0.428571428571
0.102962071519, 0.820084919016, 2.16867353314, 0.816270894668, 88.281263556, 3.06159451722, 0.850179027344, 0.348248217403, 12.6670362838, 81.9118029867, 0.0403949705837, 0.307692307692
0.102962071519, 0.844386677275, 2.16867353314, 0.933120761312, 87.0087149735, 6.95042918526, 0.336510031821, 0.934166943726, 12.6670362838, 79.7604121401, 0.0575587313002, 0.473684210526
0.134819408403, 0.844386677275, 2.16867353314, 0.933120761312, 87.0087149735, 7.28088741395, 0.336510031821, 0.934166943726, 12.6670362838, 79.0484847926, 0.0801782521853, 0.5
0.102962071519, 0.904464333493, 2.25646196348, 0.777702638825, 83.6822628895, 1.30851805073, 0.0339565917158, 3.91442267619, 19.866710943, 103.986985285, 0.0120664505317, 0.5
0.101375832477, 1.07855656221, 2.13119319688, 0.63308330041, 87.9461235784, 6.4681806042, 0.429850781363, 0.921762548307, 17.5117288249, 76.8466290683, 0.117196656915, 0.6
0.111871210801, 1.25608539856, 2.43325801138, 0.647305326945, 98.7969145241, 5.52154442744, 0.71411862133, 3.44438055358, 12.3485608792, 144.999828964, 0.00475900650983, 0.0
0.180079454295, 0.847523610592, 4.6822643967, 0.695556225421, 83.8050596205, 1.04877194171, 0.935648617563, 0.571560621408, 10.5639871693, 200.901711258, 0.00466583147685, 0.125
0.101375832477, 0.893648811282, 4.24449366646, 0.884591799996, 99.3972356564, 4.07096086481, 0.262861506295, 1.19080392036, 18.6742638437, 250.558207582, 0.00321214596661, 0.0
0.102962071519, 0.84188296534, 4.6822643967, 0.804146332257, 83.8050596205, 1.04877194171, 0.417580605743, 1.21764981754, 12.6670362838, 261.962392408, 0.00215634292505, 0.0
0.109396772161, 0.883750602511, 2.16867353314, 0.816270894668, 87.2628215862, 1.50089567114, 0.169126634434, 2.3698780007, 15.0023712577, 129.277086839, 0.00698255751583, 0.0
0.118104961966, 0.826226400557, 2.16867353314, 0.729770275886, 88.281263556, 1.61676529389, 0.336510031821, 0.348248217403, 13.4327059124, 114.802961066, 0.00732331054917, 0.0
0.102866784438, 0.8269038133, 2.25646196348, 0.807134960976, 83.8050596205, 1.04877194171, 0.417580605743, 0.348248217403, 13.4327059124, 136.85571054, 0.00544542854398, 0.0
0.102962071519, 0.84371684088, 2.25646196348, 0.939559570206, 84.1187544199, 2.42793625413, 0.273245037481, 2.08406324551, 14.6490627909, 107.173714729, 0.00825932695163, 0.222222222222
0.102962071519, 0.844386677275, 2.16867353314, 0.944297093635, 87.0087149735, 1.20386433918, 0.65256080324, 3.39947252013, 12.6670362838, 106.05262556, 0.00925965848272, 0.5
0.105995370926, 0.888910673752, 2.16867353314, 0.729770275886, 83.6822628895, 1.61676529389, 0.336510031821, 0.348248217403, 10.4044522467, 109.93831195, 0.00752642490268, 0.0
0.102962071519, 0.847523610592, 2.16867353314, 0.933120761312, 87.0087149735, 6.95042918526, 0.992756617163, 1.21764981754, 12.6670362838, 88.5920594396, 0.0299723143973, 0.3
0.109396772161, 0.883750602511, 2.16867353314, 0.816270894668, 87.2628215862, 1.61676529389, 0.169126634434, 2.3698780007, 15.0023712577, 84.2550085936, 0.0196611318537, 0.578947368421
0.129121712816, 0.827981962088, 2.51631494391, 0.711284710328, 99.9240552659, 2.41524086192, 0.935648617563, 3.153962883, 14.6591674936, 89.1692758844, 0.0220858929177, 0.333333333333
0.149432107872, 0.84371684088, 2.24274405995, 0.939559570206, 87.0087149735, 2.42793625413, 0.718045712912, 3.39947252013, 17.8391506823, 83.9442306837, 0.0234930907164, 0.352941176471
0.199809511725, 0.840548545171, 2.16867353314, 0.933120761312, 87.0087149735, 6.95042918526, 0.992756617163, 3.39947252013, 12.6670362838, 84.3386381182, 0.0307502158067, 0.0
0.109396772161, 0.883750602511, 2.16867353314, 0.816270894668, 87.2628215862, 1.50089567114, 0.169126634434, 2.3698780007, 15.0023712577, 106.953466173, 0.0180876103694, 0.3
0.198168473428, 1.06451393845, 2.18147197567, 0.729770275886, 88.281263556, 1.61676529389, 0.445171965692, 0.348248217403, 10.5284231056, 102.068557679, 0.0225482163019, 0.0
0.141632580856, 0.844386677275, 2.16867353314, 0.947090656525, 87.0087149735, 6.95042918526, 0.992756617163, 3.39947252013, 12.6670362838, 95.0054770644, 0.0270349651899, 0.0
0.134575900063, 0.831962366976, 3.08552207252, 0.856266553756, 99.3546556064, 6.6784201684, 0.417460103703, 0.954083212126, 18.4529348857, 93.250005501, 0.0301160815296, 0.142857142857
0.149432107872, 0.84371684088, 2.24274405995, 0.939559570206, 87.8957443371, 3.0748675557, 0.273245037481, 2.08406324551, 19.682124131, 109.927799669, 0.0223171180145, 0.0
0.100371761747, 0.966818579055, 2.16867353314, 0.933120761312, 87.0087149735, 2.13835045934, 0.336510031821, 3.39947252013, 10.902411127, 94.2129609411, 0.0186365479288, 0.111111111111
0.149432107872, 0.84371684088, 2.24274405995, 0.939559570206, 87.8957443371, 2.42793625413, 0.273245037481, 2.08406324551, 17.8391506823, 93.6942298434, 0.0213204566368, 0.333333333333
0.102962071519, 0.888910673752, 2.16867353314, 0.729770275886, 83.6822628895, 1.20386433918, 0.336510031821, 3.39947252013, 10.4044522467, 103.874950769, 0.017076091837, 0.538461538462
0.180079454295, 0.820928933961, 2.16867353314, 0.933120761312, 87.0087149735, 6.95042918526, 0.260048353476, 0.737549392393, 10.5639871693, 83.642208828, 0.138582710412, 0.333333333333
0.109396772161, 0.883750602511, 2.16867353314, 0.816270894668, 87.2628215862, 1.61676529389, 0.169126634434, 2.3698780007, 15.0023712577, 152.766866793, 0.00527778880078, 0.0
0.106166193496, 0.904464333493, 4.99332679052, 0.795165035395, 88.281263556, 1.30851805073, 0.0339565917158, 3.91442267619, 16.9819868599, 190.823263753, 0.00486932784729, 0.0
0.10779095269, 0.883750602511, 2.16867353314, 0.816270894668, 87.0087149735, 1.61676529389, 0.260048353476, 0.737549392393, 15.0023712577, 109.618973118, 0.0134030296697, 0.230769230769
0.102962071519, 0.844386677275, 2.25646196348, 0.807134960976, 99.9240552659, 1.50089567114, 0.992756617163, 1.42069894725, 13.4327059124, 108.578682856, 0.0105181109221, 0.551724137931
0.102962071519, 0.844386677275, 2.15348334126, 0.933120761312, 84.4014358899, 3.06159451722, 0.850179027344, 0.348248217403, 12.6670362838, 110.915933283, 0.0134574265521, 0.0
0.109396772161, 0.883750602511, 2.16867353314, 0.816270894668, 88.281263556, 1.50089567114, 0.169126634434, 2.3698780007, 15.0023712577, 124.97340375, 0.0112603726593, 0.0769230769231
0.148470606787, 0.845261133813, 2.63438041068, 0.768348419003, 80.5734084489, 1.77162962602, 0.588640747332, 2.75437279599, 12.8630305767, 128.606626903, 0.00937743988295, 0.0
0.109396772161, 0.883750602511, 2.16867353314, 0.816270894668, 87.2628215862, 1.61676529389, 0.854013328037, 3.41499778466, 15.0023712577, 124.234836201, 0.00826848388216, 0.117647058824
0.102962071519, 0.844386677275, 2.25646196348, 0.807134960976, 99.9240552659, 8.30594524732, 0.992756617163, 3.39947252013, 13.4327059124, 128.948256312, 0.00831487626659, 0.0
0.102962071519, 0.84371684088, 2.16867353314, 0.939559570206, 84.1187544199, 2.42793625413, 0.273245037481, 3.98408826586, 14.6490627909, 127.766819959, 0.0110211332639, 0.0
0.114730435686, 0.990755052807, 2.25646196348, 0.752602890572, 99.9240552659, 1.76747463916, 0.588640747332, 4.18347312602, 14.6490627909, 134.936980027, 0.00763088145969, 0.0
0.180079454295, 0.820928933961, 2.16867353314, 0.933120761312, 87.2628215862, 6.95042918526, 0.169126634434, 2.3698780007, 10.5639871693, 93.8624497182, 0.0420746820842, 0.0
0.180079454295, 0.844386677275, 2.16867353314, 0.933120761312, 87.0087149735, 6.95042918526, 0.260048353476, 0.934166943726, 10.5639871693, 89.2234055674, 0.0569938184481, 0.0833333333333
0.102962071519, 0.844386677275, 2.16867353314, 0.933120761312, 87.0087149735, 6.95042918526, 0.718045712912, 3.39947252013, 12.6670362838, 84.5895941969, 0.0529003316196, 0.222222222222
0.157925097467, 0.966818579055, 2.16867353314, 0.937763570679, 94.753648916, 3.6309578881, 0.336510031821, 4.71891677529, 12.6670362838, 92.3048831505, 0.038595022134, 0.0769230769231
0.105995370926, 0.888910673752, 2.16867353314, 0.729770275886, 83.6822628895, 1.61676529389, 0.336510031821, 0.348248217403, 10.4044522467, 85.8444293602, 0.0346049235034, 0.363636363636
0.165476674494, 1.25903422923, 2.25646196348, 0.870993392459, 99.9240552659, 5.3767290103, 0.0292375735619, 4.71891677529, 14.6490627909, 91.8772069944, 0.0477992851456, 0.0
0.199765507482, 0.942826709114, 2.38582445433, 0.738111290545, 82.4463374437, 8.49978331696, 0.0952941041081, 0.588182004237, 12.7076559788, 91.3479459503, 0.117913117728, 0.0
0.102962071519, 0.844386677275, 2.25646196348, 0.807134960976, 99.9240552659, 2.57421158945, 0.992756617163, 3.39947252013, 13.4327059124, 86.157391494, 0.0323931377403, 0.333333333333
0.102962071519, 0.844386677275, 2.16867353314, 0.933120761312, 87.0087149735, 7.28088741395, 0.336510031821, 0.934166943726, 12.6670362838, 104.474461489, 0.0260268247249, 0.0
0.102962071519, 0.844386677275, 2.16867353314, 0.933120761312, 87.0087149735, 6.95042918526, 0.336510031821, 3.39947252013, 12.6670362838, 98.5958003256, 0.035975521142, 0.0
0.102962071519, 0.844386677275, 2.15348334126, 0.933120761312, 87.0087149735, 3.06159451722, 0.850179027344, 0.934166943726, 12.6670362838, 108.994122558, 0.0227964385051, 0.2
0.118104961966, 0.823992356503, 2.38582445433, 0.729770275886, 88.281263556, 1.61676529389, 0.445171965692, 0.348248217403, 10.5284231056, 95.0051025919, 0.0190668071128, 0.5
0.184650252736, 0.972555616871, 4.72539263294, 0.821325161116, 97.9801104312, 2.13835045934, 0.667954527512, 0.821377574905, 19.1087663195, 266.651703506, 0.00531823907378, 0.0
0.109396772161, 0.883750602511, 4.6822643967, 0.816270894668, 98.7969145241, 1.04877194171, 0.169126634434, 1.21764981754, 15.0023712577, 276.27599308, 0.00518099684844, 0.4
0.141637330267, 1.07855656221, 2.13119319688, 0.63308330041, 92.1604906546, 6.4681806042, 0.429850781363, 0.921762548307, 17.5117288249, 84.9665180231, 0.136717565305, 0.611111111111
0.114730435686, 0.990755052807, 2.25646196348, 0.752602890572, 99.9240552659, 8.49975162243, 0.588640747332, 4.71891677529, 14.6490627909, 93.3695670177, 0.0830505715, 0.25
0.102962071519, 0.844386677275, 2.25646196348, 0.807134960976, 99.9240552659, 8.30594524732, 0.992756617163, 3.39947252013, 13.4327059124, 91.5941979357, 0.132188586882, 0.4375
0.109396772161, 0.883750602511, 5.42886359851, 0.816270894668, 87.2628215862, 1.50089567114, 0.169126634434, 2.3698780007, 15.1176868228, 217.508846396, 0.00616908391917, 0.0
0.102866784438, 0.8269038133, 4.99852298594, 0.860897349743, 83.8050596205, 1.04877194171, 0.417580605743, 0.348248217403, 12.6670362838, 181.989672381, 0.00589261974528, 0.3
0.109396772161, 0.883750602511, 2.16867353314, 0.844073418363, 87.2628215862, 1.50089567114, 0.169126634434, 2.3698780007, 15.0023712577, 97.6241918652, 0.0400827798732, 0.5625
0.102962071519, 0.8269038133, 2.89587915169, 0.695556225421, 83.8050596205, 1.04877194171, 0.417580605743, 1.21764981754, 12.6670362838, 148.578142605, 0.00978664369978, 0.5
0.102962071519, 0.844386677275, 2.16867353314, 0.795165035395, 87.0087149735, 6.95042918526, 0.992756617163, 3.39947252013, 19.866710943, 93.001428576, 0.0578268028076, 0.411764705882
0.102962071519, 0.844386677275, 2.51923988404, 0.933120761312, 87.0087149735, 9.69858378543, 0.336510031821, 3.39947252013, 12.6670362838, 94.5659582939, 0.0799073313077, 0.3
0.199809511725, 0.972555616871, 2.89587915169, 0.910172920108, 87.9461235784, 3.92181783865, 0.429850781363, 3.48673152831, 17.6482077023, 101.919647332, 0.0385735555221, 0.214285714286
0.121353826908, 0.9937958128, 3.87485551951, 0.937763570679, 92.8899067531, 2.21776835987, 0.143422482806, 0.842246814473, 17.2369340353, 155.436220552, 0.00652681364498, 0.0
0.114044910171, 0.904464333493, 2.25646196348, 0.795165035395, 83.6822628895, 1.30851805073, 0.0339565917158, 3.91442267619, 19.866710943, 115.931436297, 0.0161452572101, 0.333333333333
0.114730435686, 0.990755052807, 2.25646196348, 0.752602890572, 99.9240552659, 8.49975162243, 0.588640747332, 4.71891677529, 14.6490627909, 93.3695670177, 0.0534813437574, 0.307692307692
0.149432107872, 0.904464333493, 2.24274405995, 0.795165035395, 83.6822628895, 2.42793625413, 0.0339565917158, 3.91442267619, 19.866710943, 104.101528766, 0.0363924245114, 0.05
0.102962071519, 0.844386677275, 2.15348334126, 0.933120761312, 98.4916081418, 3.06159451722, 0.850179027344, 0.934166943726, 12.6670362838, 111.135568795, 0.0184972247947, 0.166666666667
0.119117023376, 0.883750602511, 2.16867353314, 0.933120761312, 87.2628215862, 4.53838617977, 0.169126634434, 2.3698780007, 15.0023712577, 108.064094067, 0.031497533707, 0.0769230769231
0.123887352851, 0.900690337723, 3.61614590777, 0.63308330041, 97.9171136748, 2.53431672367, 0.429850781363, 0.921762548307, 17.5117288249, 138.984499303, 0.0142605877492, 0.0
0.199809511725, 0.840548545171, 2.16867353314, 0.933120761312, 87.0087149735, 6.95042918526, 0.992756617163, 3.39947252013, 12.6670362838, 94.5662714721, 0.0536580738134, 0.0
0.102726744535, 0.844386677275, 2.15348334126, 0.933120761312, 87.0087149735, 3.06159451722, 0.850179027344, 0.934166943726, 12.6670362838, 108.466152579, 0.0309960973758, 0.133333333333
