-1.0, 0.0, 1.0, 2.0, 0.0, -1.0, -1.0, 2.0, -1.0, 0.0, 0.0, 1.0, 1.0, -1.0, -1.0, -1.0, -1.0, 2.0, 0.0, 2.0, -1.0, 2.0, 2.0, 0.0, 1.0, 2.0, -1.0, 2.0, 1.0, -1.0, 3.0, -1.0, 1.0, 1.0, -1.0, 0.0, -1.0, 0.0, 1.0, 3.0, 1.0, -1.0, 2.0, 1.0, 0.0, -1.0, 2.0, 3.0, 1.0, 2.0, 96271.0, 481.0, 99526.0
0.0, 0.0, 0.0, 0.0, 0.0, 3.0, 1.0, 2.0, 1.0, 1.0, 1.0, 2.0, 0.0, 2.0, -1.0, 3.0, 0.0, 3.0, 3.0, 1.0, 1.0, 2.0, 2.0, 2.0, 1.0, -1.0, 0.0, 3.0, 2.0, -1.0, 2.0, 3.0, 3.0, 0.0, 1.0, 1.0, 2.0, 1.0, 1.0, 3.0, 2.0, 0.0, 1.0, 1.0, 2.0, 3.0, 2.0, 0.0, 2.0, 0.0, 95374.0, 673.0, 99368.0
1.0, -1.0, 3.0, -1.0, 1.0, 3.0, -1.0, -1.0, -1.0, 1.0, 0.0, 2.0, 2.0, 0.0, 1.0, -1.0, 2.0, 0.0, 1.0, -1.0, 1.0, 1.0, 0.0, 1.0, 0.0, 1.0, 0.0, -1.0, 0.0, 2.0, -1.0, 0.0, 3.0, 2.0, 0.0, 0.0, -1.0, 3.0, 2.0, 0.0, 0.0, -1.0, 0.0, -1.0, 1.0, -1.0, -1.0, 1.0, 2.0, 0.0, 95936.0, 513.0, 99501.0
0.0, 0.0, 0.0, 0.0, 0.0, 3.0, 1.0, 2.0, 1.0, 1.0, 1.0, 2.0, 0.0, 2.0, -1.0, 3.0, 0.0, 3.0, 3.0, 1.0, 1.0, 2.0, 2.0, 2.0, 1.0, -1.0, 0.0, 3.0, 2.0, -1.0, 2.0, 3.0, 3.0, 0.0, 1.0, 1.0, 2.0, 1.0, 1.0, 3.0, 2.0, 0.0, 1.0, 1.0, 2.0, 3.0, 2.0, 0.0, 2.0, 0.0, 95374.0, 673.0, 99368.0
-1.0, 0.0, 0.0, 2.0, 0.0, -1.0, -1.0, 2.0, -1.0, 0.0, 0.0, 1.0, 1.0, -1.0, -1.0, -1.0, -1.0, 2.0, 0.0, 2.0, -1.0, 2.0, 2.0, 0.0, 1.0, 2.0, -1.0, 2.0, 1.0, 2.0, -1.0, -1.0, 1.0, 0.0, -1.0, 0.0, -1.0, 0.0, 1.0, 3.0, 1.0, 0.0, 2.0, 1.0, 0.0, 0.0, 2.0, 3.0, 1.0, 2.0, 96030.0, 500.0, 99513.0
-1.0, 0.0, 0.0, -1.0, 0.0, -1.0, -1.0, 2.0, -1.0, 0.0, 0.0, 1.0, 1.0, -1.0, -1.0, -1.0, -1.0, 2.0, 0.0, 2.0, -1.0, 2.0, 2.0, 0.0, 1.0, 2.0, -1.0, 2.0, 1.0, 2.0, -1.0, -1.0, 3.0, 0.0, -1.0, 0.0, -1.0, 0.0, 1.0, 3.0, 1.0, 0.0, 2.0, 1.0, 0.0, 0.0, 2.0, 3.0, 1.0, 2.0, 96187.0, 485.0, 99525.0
0.0, 0.0, 1.0, 2.0, 2.0, 0.0, 1.0, 0.0, 3.0, 2.0, 2.0, 1.0, 0.0, 1.0, -1.0, 2.0, 1.0, 0.0, 0.0, 2.0, 1.0, 3.0, 0.0, 2.0, 1.0, -1.0, 1.0, 0.0, 3.0, -1.0, -1.0, -1.0, 2.0, 0.0, 1.0, 2.0, -1.0, 0.0, 1.0, 2.0, 0.0, 2.0, 2.0, 1.0, 1.0, 0.0, 1.0, 1.0, 0.0, 2.0, 95318.0, 620.0, 99403.0
1.0, 0.0, 1.0, 2.0, 0.0, -1.0, -1.0, 2.0, 0.0, 0.0, 0.0, 1.0, 2.0, -1.0, -1.0, -1.0, -1.0, 2.0, 0.0, 2.0, -1.0, 2.0, 2.0, 0.0, 1.0, -1.0, -1.0, 3.0, 1.0, 2.0, 3.0, -1.0, 1.0, 1.0, -1.0, 0.0, -1.0, 3.0, 1.0, 0.0, 1.0, 0.0, 2.0, 1.0, 0.0, -1.0, 2.0, 3.0, 1.0, 2.0, 95992.0, 519.0, 99491.0
1.0, -1.0, 3.0, -1.0, 1.0, 3.0, -1.0, -1.0, -1.0, 1.0, 0.0, 2.0, 2.0, 0.0, -1.0, -1.0, 2.0, 2.0, 1.0, -1.0, 1.0, 1.0, 0.0, 1.0, 0.0, 1.0, 0.0, 1.0, 0.0, 2.0, -1.0, 0.0, 3.0, 2.0, 0.0, 1.0, 1.0, 3.0, 2.0, 0.0, 0.0, -1.0, 2.0, -1.0, 1.0, 0.0, -1.0, 1.0, 2.0, 0.0, 95856.0, 542.0, 99475.0
1.0, -1.0, 3.0, -1.0, 1.0, 3.0, -1.0, -1.0, -1.0, 1.0, 0.0, 2.0, 2.0, 0.0, 1.0, 1.0, 2.0, 0.0, 1.0, -1.0, 1.0, 1.0, 0.0, 1.0, 0.0, 1.0, 0.0, -1.0, 0.0, 2.0, -1.0, 0.0, 3.0, 2.0, 0.0, 0.0, -1.0, 3.0, 2.0, 0.0, 0.0, -1.0, 0.0, -1.0, 1.0, -1.0, -1.0, 1.0, 2.0, 0.0, 95802.0, 529.0, 99486.0
0.0, 0.0, 0.0, 0.0, 0.0, 3.0, 1.0, 2.0, 1.0, 1.0, 1.0, 2.0, 0.0, 2.0, -1.0, -1.0, 0.0, 3.0, 3.0, 1.0, 1.0, 2.0, 2.0, 0.0, 1.0, -1.0, 0.0, 3.0, 2.0, -1.0, 2.0, 3.0, 3.0, 0.0, 1.0, 1.0, 2.0, 1.0, 1.0, 3.0, 2.0, 0.0, 1.0, 1.0, 2.0, 3.0, 2.0, 0.0, 2.0, 0.0, 95372.0, 657.0, 99383.0
1.0, -1.0, 3.0, -1.0, 1.0, 3.0, -1.0, -1.0, -1.0, 1.0, 0.0, 2.0, 2.0, 0.0, -1.0, -1.0, 2.0, 2.0, 1.0, -1.0, 1.0, 1.0, 0.0, 1.0, 0.0, 1.0, 0.0, 1.0, 0.0, 2.0, -1.0, 0.0, 3.0, 2.0, 0.0, 1.0, 1.0, 3.0, 2.0, 0.0, 0.0, -1.0, 2.0, -1.0, 1.0, 0.0, -1.0, 1.0, 2.0, 0.0, 95856.0, 542.0, 99475.0
0.0, 0.0, 0.0, 0.0, 0.0, -1.0, -1.0, -1.0, 1.0, 1.0, 1.0, 2.0, 0.0, 2.0, -1.0, 3.0, 0.0, 3.0, 3.0, 1.0, 1.0, 2.0, 2.0, 2.0, 1.0, -1.0, 0.0, 3.0, 2.0, -1.0, -1.0, 3.0, 3.0, 0.0, 1.0, 0.0, 2.0, 2.0, 1.0, 3.0, 2.0, 1.0, 1.0, 1.0, 2.0, 3.0, 2.0, 0.0, 2.0, 0.0, 95613.0, 612.0, 99409.0
1.0, -1.0, 3.0, -1.0, 1.0, 3.0, -1.0, -1.0, -1.0, 1.0, 0.0, 2.0, 2.0, 0.0, 1.0, 1.0, 2.0, 0.0, 1.0, -1.0, 1.0, 1.0, 0.0, 1.0, 0.0, 1.0, 0.0, -1.0, 0.0, 2.0, -1.0, 0.0, 3.0, 2.0, 0.0, 0.0, -1.0, 3.0, 2.0, 0.0, 0.0, -1.0, 0.0, -1.0, 1.0, -1.0, -1.0, 1.0, 2.0, 0.0, 95802.0, 529.0, 99486.0
1.0, -1.0, 3.0, -1.0, 1.0, 3.0, -1.0, -1.0, -1.0, 1.0, 0.0, 2.0, 2.0, 0.0, 1.0, -1.0, 2.0, 2.0, 1.0, -1.0, 1.0, 1.0, 0.0, 1.0, 0.0, 1.0, 0.0, 1.0, 0.0, 2.0, -1.0, 0.0, 3.0, 2.0, 0.0, 2.0, 1.0, 3.0, 2.0, 0.0, 0.0, -1.0, 2.0, -1.0, 0.0, 0.0, -1.0, 1.0, 1.0, 0.0, 95761.0, 559.0, 99468.0
-1.0, 0.0, 1.0, 2.0, 0.0, -1.0, -1.0, 2.0, -1.0, 0.0, 0.0, 1.0, 1.0, -1.0, -1.0, -1.0, -1.0, 2.0, 0.0, 2.0, -1.0, 2.0, 2.0, 0.0, 1.0, 2.0, -1.0, 2.0, 1.0, -1.0, 3.0, -1.0, 1.0, 1.0, -1.0, 0.0, -1.0, 0.0, 1.0, 0.0, 1.0, 0.0, 2.0, 1.0, 0.0, -1.0, 2.0, 3.0, 1.0, 2.0, 96099.0, 493.0, 99517.0
-1.0, 0.0, 0.0, 2.0, 0.0, -1.0, -1.0, 2.0, -1.0, 0.0, 0.0, 1.0, 1.0, -1.0, -1.0, -1.0, -1.0, 2.0, 0.0, 2.0, -1.0, 2.0, 2.0, 0.0, 1.0, 2.0, -1.0, 2.0, 1.0, 2.0, -1.0, -1.0, 1.0, 1.0, -1.0, 0.0, -1.0, 0.0, 1.0, 3.0, 1.0, 0.0, 2.0, 1.0, 0.0, -1.0, 2.0, 3.0, 1.0, 2.0, 96134.0, 489.0, 99521.0
-1.0, 0.0, 1.0, 2.0, 0.0, -1.0, -1.0, 2.0, -1.0, 0.0, 0.0, 1.0, 1.0, -1.0, -1.0, -1.0, -1.0, 2.0, 0.0, 2.0, -1.0, 2.0, 2.0, 0.0, 1.0, 2.0, -1.0, 2.0, 1.0, -1.0, 3.0, -1.0, 1.0, 1.0, -1.0, 0.0, -1.0, 0.0, 1.0, 0.0, 1.0, 0.0, 2.0, 1.0, 0.0, -1.0, 2.0, 3.0, 1.0, 2.0, 96099.0, 493.0, 99517.0
0.0, 0.0, 0.0, 0.0, 0.0, -1.0, -1.0, 2.0, 1.0, 1.0, 1.0, 2.0, 0.0, 2.0, -1.0, 3.0, 0.0, 3.0, 3.0, 1.0, 1.0, 2.0, 2.0, 2.0, 1.0, 1.0, 0.0, 2.0, 2.0, -1.0, -1.0, 3.0, 3.0, 0.0, 1.0, 1.0, 2.0, 2.0, 1.0, 3.0, 2.0, 0.0, 1.0, 1.0, 2.0, 3.0, 2.0, 0.0, 2.0, 0.0, 95444.0, 641.0, 99389.0
-1.0, 0.0, 0.0, 2.0, 0.0, -1.0, -1.0, 2.0, -1.0, 0.0, 0.0, 1.0, 1.0, -1.0, -1.0, -1.0, -1.0, 2.0, 0.0, 2.0, -1.0, 2.0, 2.0, 0.0, 1.0, 2.0, -1.0, 2.0, 1.0, 2.0, -1.0, -1.0, 1.0, 1.0, -1.0, 0.0, -1.0, 0.0, 1.0, 3.0, 1.0, 0.0, 2.0, 1.0, 0.0, -1.0, 2.0, 3.0, 1.0, 2.0, 96134.0, 489.0, 99521.0
0.0, 0.0, 0.0, 0.0, 0.0, -1.0, -1.0, 2.0, 1.0, 1.0, 1.0, 2.0, 0.0, 2.0, -1.0, 3.0, 0.0, 3.0, 3.0, 1.0, 1.0, 2.0, 2.0, 2.0, 1.0, 1.0, 0.0, 2.0, 2.0, -1.0, -1.0, 3.0, 3.0, 0.0, 1.0, 1.0, 2.0, 2.0, 1.0, 3.0, 2.0, 0.0, 1.0, 1.0, 2.0, 3.0, 2.0, 0.0, 2.0, 0.0, 95444.0, 641.0, 99389.0
1.0, 0.0, 1.0, 2.0, 0.0, -1.0, -1.0, 2.0, 0.0, 0.0, 0.0, 1.0, 2.0, -1.0, -1.0, -1.0, -1.0, 2.0, 0.0, 2.0, -1.0, 2.0, 2.0, 0.0, 1.0, -1.0, -1.0, 3.0, 1.0, 2.0, 3.0, -1.0, 1.0, 1.0, -1.0, 0.0, -1.0, 3.0, 1.0, 0.0, 1.0, 0.0, 2.0, 1.0, 0.0, -1.0, 2.0, 3.0, 1.0, 2.0, 95992.0, 519.0, 99491.0
0.0, 0.0, 1.0, 0.0, 0.0, -1.0, -1.0, 2.0, 1.0, 1.0, 1.0, -1.0, 0.0, 2.0, -1.0, 3.0, 0.0, 2.0, 3.0, 1.0, 1.0, 2.0, 2.0, 2.0, 1.0, -1.0, 0.0, 3.0, 2.0, -1.0, 2.0, 3.0, 3.0, 0.0, 1.0, 1.0, 2.0, 0.0, 1.0, 3.0, 2.0, 0.0, 1.0, 1.0, 2.0, 3.0, -1.0, 0.0, 2.0, 0.0, 95521.0, 619.0, 99410.0
0.0, 0.0, 0.0, 0.0, 0.0, -1.0, -1.0, -1.0, 1.0, 1.0, 1.0, 2.0, 0.0, 2.0, -1.0, 3.0, 0.0, 3.0, 3.0, 1.0, 1.0, 2.0, 2.0, 2.0, 1.0, -1.0, 0.0, 3.0, 2.0, -1.0, -1.0, 3.0, 3.0, 0.0, 1.0, 0.0, 2.0, 2.0, 1.0, 3.0, 2.0, 1.0, 1.0, 1.0, 2.0, 3.0, 2.0, 0.0, 2.0, 0.0, 95613.0, 612.0, 99409.0
-1.0, 0.0, 1.0, 2.0, 0.0, -1.0, -1.0, 2.0, -1.0, 0.0, 0.0, 1.0, 1.0, -1.0, -1.0, -1.0, -1.0, 2.0, 0.0, 2.0, -1.0, 2.0, 2.0, 0.0, 1.0, 2.0, -1.0, 2.0, 1.0, -1.0, 3.0, -1.0, 1.0, 1.0, -1.0, 0.0, -1.0, 0.0, 1.0, 3.0, 1.0, -1.0, 2.0, 1.0, 0.0, -1.0, 2.0, 3.0, 1.0, 2.0, 96271.0, 481.0, 99526.0
0.0, 0.0, 1.0, 0.0, 0.0, -1.0, -1.0, 2.0, 1.0, 1.0, 1.0, -1.0, 0.0, 2.0, -1.0, 3.0, 0.0, 2.0, 3.0, 1.0, 1.0, 2.0, 2.0, 2.0, 1.0, -1.0, 0.0, 3.0, 2.0, -1.0, 2.0, 3.0, 3.0, 0.0, 1.0, 1.0, 2.0, 0.0, 1.0, 3.0, 2.0, 0.0, 1.0, 1.0, 2.0, 3.0, -1.0, 0.0, 2.0, 0.0, 95521.0, 619.0, 99410.0
0.0, 0.0, 0.0, 0.0, 0.0, -1.0, 1.0, 2.0, 1.0, 1.0, 1.0, 2.0, 0.0, 2.0, -1.0, 3.0, 0.0, 0.0, 3.0, 1.0, 1.0, 2.0, 2.0, 2.0, 1.0, -1.0, 0.0, 3.0, 2.0, -1.0, 2.0, 3.0, 3.0, 0.0, 1.0, 1.0, 2.0, 2.0, 1.0, 3.0, 2.0, 0.0, 1.0, 1.0, 2.0, 3.0, 2.0, 0.0, 2.0, 0.0, 95373.0, 654.0, 99381.0
0.0, 0.0, 0.0, 0.0, 0.0, -1.0, 1.0, 2.0, 1.0, 1.0, 1.0, 2.0, 0.0, 2.0, -1.0, 3.0, 0.0, 0.0, 3.0, 1.0, 1.0, 2.0, 2.0, 2.0, 1.0, -1.0, 0.0, 3.0, 2.0, -1.0, 2.0, 3.0, 3.0, 0.0, 1.0, 1.0, 2.0, 2.0, 1.0, 3.0, 2.0, 0.0, 1.0, 1.0, 2.0, 3.0, 2.0, 0.0, 2.0, 0.0, 95373.0, 654.0, 99381.0
-1.0, 0.0, 1.0, 2.0, 0.0, -1.0, -1.0, 2.0, -1.0, 0.0, 0.0, 1.0, 1.0, -1.0, -1.0, -1.0, -1.0, 2.0, 0.0, 2.0, -1.0, 2.0, 2.0, 0.0, 1.0, 2.0, -1.0, 2.0, 1.0, -1.0, 2.0, -1.0, 1.0, 1.0, -1.0, 0.0, -1.0, 0.0, 1.0, 3.0, 1.0, -1.0, 2.0, 1.0, 0.0, 0.0, 2.0, 3.0, 1.0, 2.0, 96179.0, 492.0, 99518.0
-1.0, 0.0, 1.0, 2.0, 0.0, -1.0, -1.0, 2.0, -1.0, 0.0, 0.0, 1.0, 1.0, -1.0, -1.0, -1.0, -1.0, 2.0, 0.0, 2.0, -1.0, 2.0, 2.0, 0.0, 1.0, 2.0, -1.0, 2.0, 1.0, -1.0, 2.0, -1.0, 1.0, 1.0, -1.0, 0.0, -1.0, 0.0, 1.0, 3.0, 1.0, -1.0, 2.0, 1.0, 0.0, 0.0, 2.0, 3.0, 1.0, 2.0, 96179.0, 492.0, 99518.0
-1.0, 0.0, 1.0, 2.0, 0.0, -1.0, -1.0, 2.0, -1.0, 0.0, 0.0, 1.0, 1.0, -1.0, -1.0, -1.0, -1.0, 2.0, 0.0, 2.0, -1.0, 2.0, 2.0, 0.0, 1.0, 2.0, -1.0, 2.0, 1.0, -1.0, 3.0, -1.0, 1.0, 1.0, -1.0, 0.0, -1.0, 0.0, 1.0, 0.0, 1.0, 0.0, 2.0, 1.0, 0.0, -1.0, 2.0, 3.0, 1.0, 2.0, 96099.0, 493.0, 99517.0
-1.0, 0.0, 1.0, 2.0, 0.0, -1.0, -1.0, 2.0, -1.0, 0.0, 0.0, 1.0, 1.0, -1.0, -1.0, -1.0, -1.0, 2.0, 0.0, 2.0, -1.0, 2.0, 2.0, 0.0, 1.0, 2.0, -1.0, 2.0, 1.0, -1.0, 3.0, -1.0, 1.0, 1.0, -1.0, 0.0, -1.0, 0.0, 1.0, 0.0, 1.0, 0.0, 2.0, 1.0, 0.0, -1.0, 2.0, 3.0, 1.0, 2.0, 96099.0, 493.0, 99517.0
-1.0, 0.0, 1.0, 2.0, 0.0, -1.0, -1.0, 2.0, -1.0, 0.0, 0.0, 1.0, 1.0, -1.0, -1.0, -1.0, -1.0, 2.0, 0.0, 2.0, -1.0, 2.0, 2.0, 0.0, 1.0, 2.0, -1.0, 2.0, 1.0, -1.0, 3.0, -1.0, 1.0, 1.0, -1.0, 0.0, -1.0, 0.0, 1.0, 0.0, 1.0, 0.0, 2.0, 1.0, 0.0, -1.0, 2.0, 3.0, 1.0, 2.0, 96099.0, 493.0, 99517.0
-1.0, 0.0, 1.0, 2.0, 0.0, -1.0, -1.0, 2.0, -1.0, 0.0, 0.0, 1.0, 1.0, -1.0, -1.0, -1.0, -1.0, 2.0, 0.0, 2.0, -1.0, 2.0, 2.0, 0.0, 1.0, 2.0, -1.0, 2.0, 1.0, -1.0, 3.0, -1.0, 1.0, 1.0, -1.0, 0.0, -1.0, 0.0, 1.0, 0.0, 1.0, 0.0, 2.0, 1.0, 0.0, -1.0, 2.0, 3.0, 1.0, 2.0, 96099.0, 493.0, 99517.0
-1.0, 0.0, 1.0, 2.0, 0.0, -1.0, -1.0, 2.0, -1.0, 0.0, 0.0, 1.0, 1.0, -1.0, -1.0, -1.0, -1.0, 2.0, 0.0, 2.0, -1.0, 2.0, 2.0, 0.0, 1.0, 2.0, -1.0, 2.0, 1.0, -1.0, 3.0, -1.0, 1.0, 1.0, -1.0, 0.0, -1.0, 0.0, 1.0, 0.0, 1.0, 0.0, 2.0, 1.0, 0.0, -1.0, 2.0, 3.0, 1.0, 2.0, 96099.0, 493.0, 99517.0
-1.0, 0.0, 1.0, 2.0, 0.0, -1.0, -1.0, 2.0, -1.0, 0.0, 0.0, 1.0, 1.0, -1.0, -1.0, -1.0, -1.0, 2.0, 0.0, 2.0, -1.0, 2.0, 2.0, 0.0, 1.0, 2.0, -1.0, 2.0, 1.0, -1.0, 3.0, -1.0, 1.0, 1.0, -1.0, 0.0, -1.0, 0.0, 1.0, 0.0, 1.0, 0.0, 2.0, 1.0, 0.0, -1.0, 2.0, 3.0, 1.0, 2.0, 96099.0, 493.0, 99517.0
0.0, 0.0, 0.0, 0.0, 0.0, -1.0, -1.0, 2.0, 1.0, 1.0, 1.0, 2.0, 0.0, 2.0, -1.0, 3.0, 0.0, 3.0, 3.0, 1.0, 1.0, 2.0, 2.0, 2.0, 1.0, 1.0, 0.0, 2.0, 2.0, -1.0, -1.0, 3.0, 3.0, 0.0, 1.0, 1.0, 2.0, 2.0, 1.0, 3.0, 2.0, 0.0, 1.0, 1.0, 2.0, 3.0, 2.0, 0.0, 2.0, 0.0, 95444.0, 641.0, 99389.0
0.0, 0.0, 0.0, 0.0, 0.0, -1.0, -1.0, 2.0, 1.0, 1.0, 1.0, 2.0, 0.0, 2.0, -1.0, 3.0, 0.0, 3.0, 3.0, 1.0, 1.0, 2.0, 2.0, 2.0, 1.0, 1.0, 0.0, 2.0, 2.0, -1.0, -1.0, 3.0, 3.0, 0.0, 1.0, 1.0, 2.0, 2.0, 1.0, 3.0, 2.0, 0.0, 1.0, 1.0, 2.0, 3.0, 2.0, 0.0, 2.0, 0.0, 95444.0, 641.0, 99389.0
0.0, 0.0, 0.0, 0.0, 0.0, -1.0, -1.0, 2.0, 1.0, 1.0, 1.0, 2.0, 0.0, 2.0, -1.0, 3.0, 0.0, 3.0, 3.0, 1.0, 1.0, 2.0, 2.0, 2.0, 1.0, 1.0, 0.0, 2.0, 2.0, -1.0, -1.0, 3.0, 3.0, 0.0, 1.0, 1.0, 2.0, 2.0, 1.0, 3.0, 2.0, 0.0, 1.0, 1.0, 2.0, 3.0, 2.0, 0.0, 2.0, 0.0, 95444.0, 641.0, 99389.0
0.0, 0.0, 0.0, 0.0, 0.0, -1.0, -1.0, 2.0, 1.0, 1.0, 1.0, 2.0, 0.0, 2.0, -1.0, 3.0, 0.0, 3.0, 3.0, 1.0, 1.0, 2.0, 2.0, 2.0, 1.0, 1.0, 0.0, 2.0, 2.0, -1.0, -1.0, 3.0, 3.0, 0.0, 1.0, 1.0, 2.0, 2.0, 1.0, 3.0, 2.0, 0.0, 1.0, 1.0, 2.0, 3.0, 2.0, 0.0, 2.0, 0.0, 95444.0, 641.0, 99389.0
-1.0, 0.0, 0.0, 2.0, 0.0, -1.0, -1.0, 2.0, -1.0, 0.0, 0.0, 1.0, 1.0, -1.0, -1.0, -1.0, -1.0, 2.0, 0.0, 2.0, -1.0, 2.0, 2.0, 0.0, 1.0, 2.0, -1.0, 2.0, 1.0, 2.0, -1.0, -1.0, 1.0, 1.0, -1.0, 0.0, -1.0, 0.0, 1.0, 3.0, 1.0, 0.0, 2.0, 1.0, 0.0, -1.0, 2.0, 3.0, 1.0, 2.0, 96134.0, 489.0, 99521.0
-1.0, 0.0, 0.0, 2.0, 0.0, -1.0, -1.0, 2.0, -1.0, 0.0, 0.0, 1.0, 1.0, -1.0, -1.0, -1.0, -1.0, 2.0, 0.0, 2.0, -1.0, 2.0, 2.0, 0.0, 1.0, 2.0, -1.0, 2.0, 1.0, 2.0, -1.0, -1.0, 1.0, 1.0, -1.0, 0.0, -1.0, 0.0, 1.0, 3.0, 1.0, 0.0, 2.0, 1.0, 0.0, -1.0, 2.0, 3.0, 1.0, 2.0, 96134.0, 489.0, 99521.0
-1.0, 0.0, 0.0, 2.0, 0.0, -1.0, -1.0, 2.0, -1.0, 0.0, 0.0, 1.0, 1.0, -1.0, -1.0, -1.0, -1.0, 2.0, 0.0, 2.0, -1.0, 2.0, 2.0, 0.0, 1.0, 2.0, -1.0, 2.0, 1.0, 2.0, -1.0, -1.0, 1.0, 1.0, -1.0, 0.0, -1.0, 0.0, 1.0, 3.0, 1.0, 0.0, 2.0, 1.0, 0.0, -1.0, 2.0, 3.0, 1.0, 2.0, 96134.0, 489.0, 99521.0
-1.0, 0.0, 0.0, 2.0, 0.0, -1.0, -1.0, 2.0, -1.0, 0.0, 0.0, 1.0, 1.0, -1.0, -1.0, -1.0, -1.0, 2.0, 0.0, 2.0, -1.0, 2.0, 2.0, 0.0, 1.0, 2.0, -1.0, 2.0, 1.0, 2.0, -1.0, -1.0, 1.0, 1.0, -1.0, 0.0, -1.0, 0.0, 1.0, 3.0, 1.0, 0.0, 2.0, 1.0, 0.0, -1.0, 2.0, 3.0, 1.0, 2.0, 96134.0, 489.0, 99521.0
-1.0, 0.0, 0.0, 2.0, 0.0, -1.0, -1.0, 2.0, -1.0, 0.0, 0.0, 1.0, 1.0, -1.0, -1.0, -1.0, -1.0, 2.0, 0.0, 2.0, -1.0, 2.0, 2.0, 0.0, 1.0, 2.0, -1.0, 2.0, 1.0, 2.0, -1.0, -1.0, 1.0, 1.0, -1.0, 0.0, -1.0, 0.0, 1.0, 3.0, 1.0, 0.0, 2.0, 1.0, 0.0, -1.0, 2.0, 3.0, 1.0, 2.0, 96134.0, 489.0, 99521.0
-1.0, 0.0, 0.0, 2.0, 0.0, -1.0, -1.0, 2.0, -1.0, 0.0, 0.0, 1.0, 1.0, -1.0, -1.0, -1.0, -1.0, 2.0, 0.0, 2.0, -1.0, 2.0, 2.0, 0.0, 1.0, 2.0, -1.0, 2.0, 1.0, 2.0, -1.0, -1.0, 1.0, 1.0, -1.0, 0.0, -1.0, 0.0, 1.0, 3.0, 1.0, 0.0, 2.0, 1.0, 0.0, -1.0, 2.0, 3.0, 1.0, 2.0, 96134.0, 489.0, 99521.0
-1.0, 0.0, 0.0, 2.0, 0.0, -1.0, -1.0, 2.0, -1.0, 0.0, 0.0, 1.0, 1.0, -1.0, -1.0, -1.0, -1.0, 2.0, 0.0, 2.0, -1.0, 2.0, 2.0, 0.0, 1.0, 2.0, -1.0, 2.0, 1.0, 2.0, -1.0, -1.0, 1.0, 1.0, -1.0, 0.0, -1.0, 0.0, 1.0, 3.0, 1.0, 0.0, 2.0, 1.0, 0.0, -1.0, 2.0, 3.0, 1.0, 2.0, 96134.0, 489.0, 99521.0
-1.0, 0.0, 0.0, 2.0, 0.0, -1.0, -1.0, 2.0, -1.0, 0.0, 0.0, 1.0, 1.0, -1.0, -1.0, -1.0, -1.0, 2.0, 0.0, 2.0, -1.0, 2.0, 2.0, 0.0, 1.0, 2.0, -1.0, 2.0, 1.0, 2.0, -1.0, -1.0, 1.0, 1.0, -1.0, 0.0, -1.0, 0.0, 1.0, 3.0, 1.0, 0.0, 2.0, 1.0, 0.0, -1.0, 2.0, 3.0, 1.0, 2.0, 96134.0, 489.0, 99521.0
-1.0, 0.0, 0.0, 2.0, 0.0, -1.0, -1.0, 2.0, -1.0, 0.0, 0.0, 1.0, 1.0, -1.0, -1.0, -1.0, -1.0, 2.0, 0.0, 2.0, -1.0, 2.0, 2.0, 0.0, 1.0, 2.0, -1.0, 2.0, 1.0, 2.0, -1.0, -1.0, 1.0, 1.0, -1.0, 0.0, -1.0, 0.0, 1.0, 3.0, 1.0, 0.0, 2.0, 1.0, 0.0, -1.0, 2.0, 3.0, 1.0, 2.0, 96134.0, 489.0, 99521.0
-1.0, 0.0, 0.0, 2.0, 0.0, -1.0, -1.0, 2.0, -1.0, 0.0, 0.0, 1.0, 1.0, -1.0, -1.0, -1.0, -1.0, 2.0, 0.0, 2.0, -1.0, 2.0, 2.0, 0.0, 1.0, 2.0, -1.0, 2.0, 1.0, 2.0, -1.0, -1.0, 1.0, 1.0, -1.0, 0.0, -1.0, 0.0, 1.0, 3.0, 1.0, 0.0, 2.0, 1.0, 0.0, -1.0, 2.0, 3.0, 1.0, 2.0, 96134.0, 489.0, 99521.0
-1.0, 0.0, 0.0, 2.0, 0.0, -1.0, -1.0, 2.0, -1.0, 0.0, 0.0, 1.0, 1.0, -1.0, -1.0, -1.0, -1.0, 2.0, 0.0, 2.0, -1.0, 2.0, 2.0, 0.0, 1.0, 2.0, -1.0, 2.0, 1.0, 2.0, -1.0, -1.0, 1.0, 1.0, -1.0, 0.0, -1.0, 0.0, 1.0, 3.0, 1.0, 0.0, 2.0, 1.0, 0.0, -1.0, 2.0, 3.0, 1.0, 2.0, 96134.0, 489.0, 99521.0
-1.0, 0.0, 0.0, 2.0, 0.0, -1.0, -1.0, 2.0, -1.0, 0.0, 0.0, 1.0, 1.0, -1.0, -1.0, -1.0, -1.0, 2.0, 0.0, 2.0, -1.0, 2.0, 2.0, 0.0, 1.0, 2.0, -1.0, 2.0, 1.0, 2.0, -1.0, -1.0, 1.0, 1.0, -1.0, 0.0, -1.0, 0.0, 1.0, 3.0, 1.0, 0.0, 2.0, 1.0, 0.0, -1.0, 2.0, 3.0, 1.0, 2.0, 96134.0, 489.0, 99521.0
-1.0, 0.0, 0.0, 2.0, 0.0, -1.0, -1.0, 2.0, -1.0, 0.0, 0.0, 1.0, 1.0, -1.0, -1.0, -1.0, -1.0, 2.0, 0.0, 2.0, -1.0, 2.0, 2.0, 0.0, 1.0, 2.0, -1.0, 2.0, 1.0, 2.0, -1.0, -1.0, 1.0, 1.0, -1.0, 0.0, -1.0, 0.0, 1.0, 3.0, 1.0, 0.0, 2.0, 1.0, 0.0, -1.0, 2.0, 3.0, 1.0, 2.0, 96134.0, 489.0, 99521.0
-1.0, 0.0, 0.0, 2.0, 0.0, -1.0, -1.0, 2.0, -1.0, 0.0, 0.0, 1.0, 1.0, -1.0, -1.0, -1.0, -1.0, 2.0, 0.0, 2.0, -1.0, 2.0, 2.0, 0.0, 1.0, 2.0, -1.0, 2.0, 1.0, 2.0, -1.0, -1.0, 1.0, 1.0, -1.0, 0.0, -1.0, 0.0, 1.0, 3.0, 1.0, 0.0, 2.0, 1.0, 0.0, -1.0, 2.0, 3.0, 1.0, 2.0, 96134.0, 489.0, 99521.0
-1.0, 0.0, 0.0, 2.0, 0.0, -1.0, -1.0, 2.0, -1.0, 0.0, 0.0, 1.0, 1.0, -1.0, -1.0, -1.0, -1.0, 2.0, 0.0, 2.0, -1.0, 2.0, 2.0, 0.0, 1.0, 2.0, -1.0, 2.0, 1.0, 2.0, -1.0, -1.0, 1.0, 1.0, -1.0, 0.0, -1.0, 0.0, 1.0, 3.0, 1.0, 0.0, 2.0, 1.0, 0.0, -1.0, 2.0, 3.0, 1.0, 2.0, 96134.0, 489.0, 99521.0
