-1.0, 0.0, 1.0, 2.0, 2.0, -1.0, -1.0, 2.0, -1.0, 0.0, 0.0, 1.0, 1.0, 0.0, -1.0, -1.0, -1.0, 2.0, 0.0, 0.0, 2.0, 2.0, 2.0, 0.0, 1.0, 2.0, 1.0, 2.0, 1.0, 2.0, 3.0, -1.0, 1.0, 1.0, -1.0, 0.0, -1.0, 0.0, 1.0, 3.0, 1.0, 0.0, 2.0, 1.0, 0.0, -1.0, 2.0, 3.0, 1.0, 2.0, 95817.0, 548.0, 99473.0
2.0, 3.0, 0.0, 1.0, 0.0, -1.0, -1.0, -1.0, 0.0, -1.0, 0.0, 2.0, 1.0, 1.0, -1.0, 1.0, 0.0, 2.0, 3.0, -1.0, 1.0, 0.0, 2.0, 0.0, 1.0, 2.0, -1.0, 1.0, 1.0, 3.0, 0.0, -1.0, 3.0, 2.0, 2.0, 0.0, -1.0, 1.0, 1.0, 0.0, 2.0, 1.0, 1.0, 2.0, 0.0, 3.0, 0.0, 0.0, 1.0, 2.0, 95590.0, 568.0, 99442.0
0.0, 0.0, 1.0, 2.0, 2.0, 0.0, 3.0, 0.0, 3.0, 1.0, 2.0, 1.0, 0.0, 1.0, -1.0, 2.0, 1.0, 0.0, 0.0, 2.0, -1.0, 3.0, 0.0, 2.0, 1.0, -1.0, 1.0, 0.0, 3.0, 3.0, -1.0, -1.0, 2.0, 0.0, 1.0, 2.0, 1.0, 0.0, 1.0, 2.0, 2.0, 2.0, 2.0, 3.0, 1.0, 0.0, 1.0, 3.0, 0.0, 2.0, 95417.0, 639.0, 99391.0
-1.0, 0.0, 1.0, 2.0, 2.0, -1.0, -1.0, 2.0, -1.0, 0.0, 0.0, 1.0, 1.0, -1.0, -1.0, -1.0, -1.0, 2.0, 0.0, -1.0, -1.0, 2.0, 2.0, 0.0, 1.0, 2.0, -1.0, 2.0, 1.0, 2.0, 3.0, -1.0, 1.0, 1.0, -1.0, 0.0, -1.0, 0.0, 1.0, 3.0, 1.0, 0.0, 2.0, 1.0, 0.0, -1.0, 2.0, 0.0, 1.0, 2.0, 96120.0, 491.0, 99521.0
-1.0, 0.0, 1.0, 2.0, 2.0, -1.0, -1.0, 2.0, -1.0, 0.0, 0.0, 1.0, 1.0, -1.0, -1.0, -1.0, -1.0, 2.0, 0.0, 2.0, -1.0, 2.0, 2.0, 0.0, 1.0, 2.0, -1.0, 2.0, 1.0, 2.0, 3.0, -1.0, 1.0, 1.0, 0.0, 0.0, 1.0, 0.0, 1.0, 3.0, 1.0, 0.0, 2.0, 1.0, 0.0, -1.0, 2.0, 0.0, 2.0, 2.0, 95826.0, 535.0, 99483.0
-1.0, 0.0, 1.0, 2.0, 2.0, -1.0, -1.0, 2.0, -1.0, 0.0, 0.0, 1.0, 1.0, -1.0, -1.0, -1.0, -1.0, 0.0, 0.0, 2.0, -1.0, 2.0, 2.0, 0.0, 1.0, 2.0, -1.0, 2.0, 1.0, 2.0, 3.0, -1.0, 0.0, 1.0, -1.0, 0.0, -1.0, 0.0, 1.0, 3.0, 1.0, 0.0, 2.0, 1.0, -1.0, -1.0, 3.0, 3.0, 1.0, 2.0, 96252.0, 488.0, 99526.0
-1.0, 0.0, 1.0, 2.0, 2.0, -1.0, -1.0, 2.0, -1.0, 0.0, 0.0, 1.0, 1.0, 0.0, -1.0, -1.0, -1.0, 2.0, 0.0, 0.0, 2.0, 2.0, 2.0, 0.0, 1.0, 2.0, 1.0, 2.0, 1.0, 2.0, 3.0, -1.0, 1.0, 1.0, -1.0, 0.0, -1.0, 0.0, 1.0, 3.0, 1.0, 0.0, 2.0, 1.0, 0.0, -1.0, 2.0, 3.0, 1.0, 2.0, 95817.0, 548.0, 99473.0
2.0, 3.0, 0.0, 1.0, 0.0, -1.0, -1.0, -1.0, 0.0, -1.0, 0.0, 2.0, 1.0, 1.0, -1.0, 1.0, 0.0, 2.0, 3.0, -1.0, 1.0, 0.0, 2.0, 0.0, 1.0, 2.0, -1.0, 1.0, 1.0, 3.0, 0.0, -1.0, 3.0, 2.0, 2.0, 0.0, -1.0, 1.0, 1.0, 0.0, 2.0, 1.0, 1.0, 2.0, 0.0, 3.0, 0.0, 0.0, 1.0, 2.0, 95590.0, 568.0, 99442.0
0.0, 0.0, 1.0, 2.0, 2.0, 0.0, -1.0, 0.0, 3.0, 1.0, 2.0, 1.0, 0.0, 1.0, -1.0, 2.0, 1.0, 0.0, 0.0, 2.0, 1.0, 3.0, 0.0, 2.0, 1.0, -1.0, 1.0, 0.0, 3.0, 3.0, -1.0, -1.0, 2.0, 0.0, 0.0, 2.0, 1.0, 0.0, 1.0, 2.0, 2.0, 2.0, 2.0, 3.0, 1.0, -1.0, 1.0, 3.0, 0.0, 2.0, 95439.0, 626.0, 99400.0
-1.0, 0.0, 1.0, 2.0, 2.0, -1.0, -1.0, 2.0, -1.0, 0.0, 0.0, 1.0, 1.0, -1.0, -1.0, -1.0, -1.0, 2.0, 0.0, 2.0, -1.0, 2.0, 2.0, 0.0, 1.0, -1.0, -1.0, 2.0, 1.0, 2.0, 3.0, -1.0, 1.0, 0.0, 0.0, 0.0, -1.0, 0.0, 1.0, 3.0, 2.0, 0.0, 2.0, 1.0, 0.0, -1.0, 2.0, 0.0, 0.0, 2.0, 95913.0, 501.0, 99504.0
-1.0, 0.0, 1.0, 2.0, 2.0, -1.0, -1.0, 2.0, -1.0, 0.0, 0.0, 1.0, 1.0, -1.0, -1.0, -1.0, -1.0, 2.0, 0.0, 2.0, 1.0, 2.0, 2.0, 0.0, 1.0, 2.0, -1.0, 2.0, 1.0, 2.0, 3.0, -1.0, 1.0, 1.0, -1.0, 0.0, -1.0, 0.0, 1.0, 3.0, 1.0, 0.0, 2.0, 1.0, 0.0, -1.0, 2.0, 0.0, 1.0, 2.0, 96023.0, 515.0, 99503.0
-1.0, -1.0, -1.0, 2.0, 1.0, 2.0, -1.0, -1.0, -1.0, 3.0, 3.0, 3.0, 0.0, 3.0, 1.0, 0.0, 3.0, 3.0, 1.0, 0.0, -1.0, 0.0, 2.0, 2.0, 0.0, -1.0, 0.0, 0.0, 3.0, 0.0, -1.0, 2.0, -1.0, 0.0, 3.0, 0.0, 1.0, 2.0, 0.0, -1.0, 0.0, 1.0, -1.0, 1.0, 0.0, 0.0, 3.0, 2.0, 1.0, 2.0, 96054.0, 547.0, 99482.0
-1.0, 0.0, 1.0, 2.0, 2.0, -1.0, -1.0, 2.0, -1.0, 0.0, 0.0, 1.0, 1.0, -1.0, -1.0, -1.0, -1.0, 2.0, 0.0, 2.0, -1.0, 2.0, 2.0, 0.0, 1.0, 2.0, -1.0, 2.0, 1.0, 2.0, 3.0, -1.0, 1.0, 1.0, 0.0, 0.0, 1.0, 0.0, 1.0, 3.0, 1.0, 0.0, 2.0, 1.0, 0.0, -1.0, 2.0, 0.0, 2.0, 2.0, 95826.0, 535.0, 99483.0
-1.0, 0.0, 1.0, 2.0, 2.0, -1.0, -1.0, 2.0, -1.0, 0.0, 0.0, 1.0, 1.0, -1.0, -1.0, -1.0, -1.0, 0.0, 0.0, 2.0, -1.0, 2.0, 2.0, 0.0, 1.0, 2.0, -1.0, 2.0, 1.0, 2.0, 3.0, -1.0, 0.0, 1.0, -1.0, 0.0, -1.0, 0.0, 1.0, 3.0, 1.0, 0.0, 2.0, 1.0, -1.0, -1.0, 3.0, 3.0, 1.0, 2.0, 96252.0, 488.0, 99526.0
-1.0, 0.0, 1.0, 2.0, 2.0, -1.0, -1.0, 2.0, -1.0, 0.0, 0.0, 1.0, 1.0, -1.0, -1.0, -1.0, -1.0, 2.0, 0.0, 2.0, 1.0, 2.0, 2.0, 0.0, 1.0, 2.0, -1.0, 2.0, 1.0, 2.0, 3.0, -1.0, 1.0, 1.0, -1.0, 0.0, -1.0, 0.0, 1.0, 3.0, 1.0, 0.0, 2.0, 1.0, 0.0, -1.0, 2.0, 0.0, 1.0, 2.0, 96023.0, 515.0, 99503.0
2.0, 3.0, 0.0, 1.0, 0.0, -1.0, -1.0, -1.0, 0.0, -1.0, 0.0, 2.0, 1.0, 1.0, -1.0, 1.0, 0.0, 2.0, 3.0, -1.0, 1.0, 0.0, 2.0, 0.0, 1.0, 2.0, -1.0, 1.0, 1.0, 3.0, 0.0, -1.0, 3.0, 2.0, 2.0, 0.0, -1.0, 1.0, 1.0, 0.0, 2.0, 1.0, 1.0, 2.0, 0.0, 3.0, 0.0, 0.0, 1.0, 2.0, 95590.0, 568.0, 99442.0
0.0, 0.0, 1.0, 2.0, 2.0, 0.0, 3.0, 0.0, 3.0, 1.0, 2.0, 1.0, 0.0, 1.0, -1.0, 2.0, 1.0, 0.0, 0.0, 2.0, -1.0, 3.0, 0.0, 2.0, 1.0, -1.0, 1.0, 0.0, 3.0, 3.0, -1.0, -1.0, 2.0, 0.0, 1.0, 2.0, 1.0, 0.0, 1.0, 2.0, 2.0, 2.0, 2.0, 3.0, 1.0, 0.0, 1.0, 3.0, 0.0, 2.0, 95417.0, 639.0, 99391.0
-1.0, 0.0, 1.0, 2.0, 2.0, -1.0, -1.0, 2.0, -1.0, 0.0, 0.0, 1.0, 1.0, -1.0, -1.0, -1.0, -1.0, 2.0, 0.0, 2.0, -1.0, 2.0, 1.0, 0.0, 1.0, 2.0, -1.0, 2.0, 1.0, 2.0, 3.0, -1.0, 1.0, 0.0, 0.0, 0.0, -1.0, 0.0, 1.0, 3.0, 1.0, 0.0, 2.0, 1.0, 0.0, -1.0, 2.0, 0.0, 2.0, 2.0, 95839.0, 516.0, 99493.0
-1.0, 0.0, 1.0, 2.0, 2.0, -1.0, -1.0, 2.0, -1.0, 0.0, 0.0, 1.0, 1.0, -1.0, -1.0, -1.0, -1.0, 2.0, 0.0, 2.0, 1.0, 2.0, 2.0, 0.0, 1.0, 2.0, -1.0, 2.0, 1.0, 2.0, 3.0, -1.0, 1.0, 1.0, -1.0, 0.0, -1.0, 0.0, 1.0, 3.0, 1.0, 0.0, 2.0, 1.0, 0.0, -1.0, 2.0, 0.0, 1.0, 2.0, 96023.0, 515.0, 99503.0
2.0, 3.0, 0.0, 1.0, 0.0, -1.0, 2.0, 3.0, 3.0, 0.0, 0.0, 1.0, 1.0, 2.0, -1.0, 1.0, 0.0, 3.0, 3.0, -1.0, 2.0, 0.0, 2.0, 0.0, 1.0, -1.0, -1.0, 1.0, 1.0, 3.0, 0.0, 2.0, 1.0, 2.0, 2.0, 0.0, -1.0, 1.0, 1.0, 0.0, 2.0, 1.0, 1.0, 2.0, 0.0, 3.0, 0.0, 0.0, 1.0, 2.0, 95446.0, 615.0, 99409.0
0.0, 0.0, 1.0, 2.0, 2.0, 0.0, 3.0, 0.0, 3.0, 1.0, 2.0, 1.0, 0.0, 1.0, -1.0, 2.0, 1.0, 0.0, 0.0, 2.0, 1.0, 3.0, 0.0, 2.0, 1.0, -1.0, 0.0, 1.0, 3.0, 3.0, -1.0, -1.0, 2.0, 0.0, 1.0, 2.0, 1.0, 0.0, 1.0, 2.0, 2.0, 2.0, 2.0, 3.0, 1.0, 0.0, 1.0, 3.0, 0.0, 2.0, 95390.0, 650.0, 99385.0
-1.0, -1.0, 1.0, 2.0, 2.0, -1.0, -1.0, 2.0, -1.0, 0.0, 0.0, 1.0, 1.0, -1.0, -1.0, -1.0, -1.0, 2.0, 0.0, -1.0, -1.0, 2.0, 2.0, 0.0, 1.0, 2.0, -1.0, 2.0, 1.0, 2.0, 3.0, -1.0, 1.0, 1.0, -1.0, 0.0, -1.0, 0.0, 1.0, 3.0, 1.0, 0.0, 2.0, 1.0, 0.0, -1.0, 2.0, 0.0, 1.0, 2.0, 96248.0, 476.0, 99535.0
-1.0, 0.0, 1.0, 2.0, 2.0, -1.0, -1.0, 2.0, -1.0, 0.0, 0.0, 1.0, 1.0, -1.0, -1.0, -1.0, -1.0, 2.0, 0.0, 2.0, -1.0, 2.0, 2.0, 0.0, 1.0, 2.0, -1.0, 2.0, 1.0, 2.0, 3.0, -1.0, 1.0, 1.0, 0.0, 0.0, 1.0, 0.0, 1.0, 3.0, 1.0, 0.0, 2.0, 1.0, 0.0, -1.0, 2.0, 0.0, 2.0, 2.0, 95826.0, 535.0, 99483.0
-1.0, 0.0, 1.0, 2.0, 2.0, -1.0, -1.0, 2.0, -1.0, 0.0, 0.0, 1.0, 1.0, -1.0, -1.0, -1.0, -1.0, 0.0, 0.0, 2.0, -1.0, 2.0, 2.0, 0.0, 1.0, 2.0, -1.0, 2.0, 1.0, 2.0, 3.0, -1.0, 0.0, 1.0, -1.0, 0.0, -1.0, 0.0, 1.0, 3.0, 1.0, 0.0, 2.0, 1.0, -1.0, -1.0, 3.0, 3.0, 1.0, 2.0, 96252.0, 488.0, 99526.0
-1.0, 0.0, 1.0, 2.0, 2.0, -1.0, -1.0, 2.0, -1.0, 0.0, 0.0, 1.0, 1.0, 0.0, -1.0, -1.0, -1.0, 2.0, 0.0, 0.0, 2.0, 2.0, 2.0, 0.0, 1.0, 2.0, -1.0, 1.0, 1.0, 2.0, 3.0, -1.0, 1.0, 1.0, -1.0, 0.0, -1.0, 0.0, 1.0, 3.0, 1.0, 0.0, 2.0, 1.0, 0.0, -1.0, 2.0, 3.0, 1.0, 2.0, 95903.0, 530.0, 99487.0
-1.0, 0.0, 1.0, 2.0, 2.0, -1.0, -1.0, 2.0, 0.0, 0.0, 0.0, 1.0, 1.0, 0.0, -1.0, -1.0, -1.0, 2.0, 0.0, 0.0, 2.0, 2.0, 2.0, 0.0, 1.0, 2.0, 1.0, 2.0, 1.0, 2.0, 3.0, -1.0, 1.0, 1.0, -1.0, 0.0, -1.0, 0.0, 1.0, 3.0, 1.0, 0.0, 2.0, 1.0, 0.0, -1.0, 2.0, 3.0, 1.0, 2.0, 95685.0, 567.0, 99461.0
2.0, 3.0, 0.0, 1.0, 0.0, -1.0, -1.0, -1.0, -1.0, -1.0, 0.0, 2.0, 1.0, 1.0, -1.0, 1.0, 0.0, 2.0, 3.0, -1.0, 1.0, 0.0, 2.0, 0.0, 1.0, 2.0, -1.0, 1.0, 1.0, 3.0, 0.0, -1.0, 3.0, 2.0, 2.0, 0.0, -1.0, 1.0, 1.0, 0.0, 2.0, 1.0, 1.0, 2.0, 0.0, 3.0, 0.0, 0.0, 1.0, 2.0, 95722.0, 549.0, 99454.0
1.0, 0.0, 1.0, 0.0, 1.0, -1.0, -1.0, -1.0, -1.0, 2.0, 1.0, 2.0, 1.0, 0.0, 3.0, 3.0, 3.0, 3.0, 1.0, 0.0, 1.0, 2.0, 2.0, 2.0, 1.0, 0.0, -1.0, 0.0, 2.0, 3.0, 1.0, 0.0, -1.0, 0.0, 0.0, 2.0, -1.0, 0.0, 3.0, 1.0, 0.0, 3.0, 1.0, 0.0, 0.0, 2.0, 1.0, 1.0, 0.0, 2.0, 95500.0, 595.0, 99425.0
0.0, 0.0, 1.0, 2.0, 2.0, 0.0, -1.0, 0.0, 3.0, 1.0, 2.0, 1.0, 0.0, 1.0, -1.0, 2.0, 1.0, 0.0, 0.0, 2.0, 1.0, 3.0, 0.0, 2.0, 1.0, -1.0, 1.0, 0.0, 3.0, 3.0, -1.0, -1.0, 2.0, 0.0, 0.0, 2.0, 1.0, 0.0, 1.0, 2.0, 2.0, 2.0, 2.0, 3.0, 1.0, -1.0, 1.0, 3.0, 0.0, 2.0, 95439.0, 626.0, 99400.0
-1.0, 0.0, 1.0, 2.0, 2.0, -1.0, -1.0, 2.0, -1.0, 0.0, 0.0, 1.0, 1.0, -1.0, -1.0, -1.0, -1.0, 2.0, 0.0, 2.0, -1.0, 2.0, 2.0, 0.0, 1.0, -1.0, -1.0, 2.0, 1.0, 2.0, 3.0, -1.0, 1.0, 0.0, 0.0, 0.0, -1.0, 0.0, 1.0, 3.0, 2.0, 0.0, 2.0, 1.0, 0.0, -1.0, 2.0, 0.0, 0.0, 2.0, 95913.0, 501.0, 99504.0
