1.81049064862, 1.00000070059, 1.2699574155, 1.09129776248, 2.72639199439, 0.916225906854, 1.042494463, 1.10698427329, 0.915360613847, 1.91267433746, 4.8349541206, 0.917876805278, 4.42348133789, 1.11278163292, 1.09000016943, 1.00077182448, 1.00233470126, 1.09550125103, 6.17621982103, 1.07631673249, 0.916269155648, 193.01494939, 1.09593013985, 5.24788824123, 1.07925268598, 1.89666447332, 0.970440237933, 431.031343118, 18.8429974216, 619.144422735, 1.60857908847
1.81049064862, 1.0000007006, 1.2699574155, 1.09160150563, 2.72638920727, 0.916225906854, 1.042494463, 1.1160051864, 0.916457659257, 1.96010299342, 4.83496108099, 0.931772611299, 4.42348133789, 1.11276412846, 1.09000017441, 1.00032853053, 1.00236908877, 1.09400024343, 7.1076030547, 1.07632543389, 0.916269155648, 193.01494939, 1.09592861575, 5.24788824123, 1.07925418595, 1.89666447332, 0.970394399759, 219.966987354, 19.6434698825, 272.701503846, 2.68096514745
1.81049064862, 1.00000070059, 1.27771594281, 1.11922989458, 2.72639245704, 0.916225906854, 1.042494463, 1.10698427329, 0.916465155333, 1.90757406638, 4.8349541206, 0.905475796112, 4.42348133789, 1.11278163292, 1.0900001694, 1.00077182448, 1.00233472983, 1.09550125103, 7.0050893547, 1.07631673249, 0.916269155648, 193.01494939, 1.0959308901, 5.24788824123, 1.07925268598, 1.9843947621, 0.97324813034, 45.7206994556, 8.60497797105, 105.94942231, 2.14477211796
1.81049064862, 1.00000070059, 1.27771594281, 1.11922989458, 2.72639245704, 0.916225906854, 1.042494463, 1.10698427329, 0.916465155333, 1.90757406638, 4.8349541206, 0.905475796112, 4.42348133789, 1.11278163292, 1.0900001694, 1.00077182448, 1.00233472983, 1.09550125103, 7.0050893547, 1.07631673249, 0.916269155648, 193.01494939, 1.0959308901, 5.24788824123, 1.07925268598, 1.9843947621, 0.97324813034, 45.7206994556, 8.60497797105, 105.94942231, 2.14477211796
1.81049064862, 1.00000070059, 1.27771594281, 1.11922989458, 2.72639245704, 0.916225906854, 1.042494463, 1.10698427329, 0.916465155333, 1.90757406638, 4.8349541206, 0.905475796112, 4.42348133789, 1.11278163292, 1.0900001694, 1.00077182448, 1.00233472983, 1.09550125103, 7.0050893547, 1.07631673249, 0.916269155648, 193.01494939, 1.0959308901, 5.24788824123, 1.07925268598, 1.9843947621, 0.97324813034, 45.7206994556, 8.60497797105, 105.94942231, 2.14477211796
1.81049064862, 1.0000007006, 1.27771594281, 1.11777030385, 2.7263891769, 0.916225906854, 1.042494463, 1.10698427329, 0.914620185785, 1.90757406638, 4.8349542066, 0.905475796112, 4.42348133789, 1.11278163292, 1.09000016945, 1.00076752424, 1.00233472983, 1.12954888161, 7.11080300042, 1.07631673249, 0.916269155648, 193.01494939, 1.09593086507, 5.24788824123, 1.07925421942, 1.98730971819, 0.97324813034, 63.9160737555, 9.13196036645, 278.666409081, 6.43431635389
1.81049064862, 1.0000007006, 1.27771594281, 1.11777030385, 2.7263891769, 0.916225906854, 1.042494463, 1.10698427329, 0.914620185785, 1.90757406638, 4.8349542066, 0.905475796112, 4.42348133789, 1.11278163292, 1.09000016945, 1.00076752424, 1.00233472983, 1.12954888161, 7.11080300042, 1.07631673249, 0.887061156808, 193.01494939, 1.09593086507, 5.24788824123, 1.07925421942, 1.98730971819, 0.97324813034, 38.6939719542, 7.64819080991, 26.4835266894, 2.14477211796
1.81049064862, 1.0000007006, 1.27771594281, 1.11777030385, 2.7263891769, 0.916225906854, 1.042494463, 1.10698427329, 0.914620185785, 1.90757406638, 4.8349542066, 0.905475796112, 4.42348133789, 1.11278163292, 1.09000016945, 1.00076752424, 1.00233472983, 1.12954888161, 7.11080300042, 1.07631673249, 0.887061156808, 193.01494939, 1.09593086507, 5.24788824123, 1.07925421942, 1.98730971819, 0.97324813034, 38.6939719542, 7.64819080991, 26.4835266894, 2.14477211796
1.81049064862, 1.0000007006, 1.27771594281, 1.11777030385, 2.7263891769, 0.916225906854, 1.042494463, 1.10698427329, 0.914620185785, 1.90757406638, 4.8349542066, 0.905475796112, 4.42348133789, 1.11278163292, 1.09000016945, 1.00076752424, 1.00233472983, 1.12954888161, 7.11080300042, 1.07631673249, 0.887061156808, 193.01494939, 1.09593086507, 5.24788824123, 1.07925421942, 1.98730971819, 0.97324813034, 38.6939719542, 7.64819080991, 26.4835266894, 2.14477211796
1.81049064862, 1.0000007006, 1.27771594281, 1.11777030385, 2.7263891769, 0.916225906854, 1.042494463, 1.10698427329, 0.914620185785, 1.90757406638, 4.8349542066, 0.905475796112, 4.42348133789, 1.11278163292, 1.09000016945, 1.00076752424, 1.00233472983, 1.12954888161, 7.11080300042, 1.07631673249, 0.887061156808, 193.01494939, 1.09593086507, 5.24788824123, 1.07925421942, 1.98730971819, 0.97324813034, 38.6939719542, 7.64819080991, 26.4835266894, 2.14477211796
1.81049064862, 1.00000070059, 1.27771594281, 1.10673630269, 2.72639245704, 0.916225906854, 1.042494463, 1.11574054742, 0.916442291612, 1.90755187999, 4.83135794695, 0.905475796112, 4.42348133789, 1.11278163292, 1.0900001694, 1.00077182448, 1.00233462048, 1.09550125103, 7.0050893547, 1.07632516575, 0.916269155648, 193.01494939, 1.0959308901, 5.24788824123, 1.07925268598, 1.9843947621, 0.973210893061, 30.249900106, 8.75093707985, 13.4254438918, 1.87667560322
1.81049064862, 1.00000070059, 1.27771594281, 1.10673630269, 2.72639245704, 0.916225906854, 1.042494463, 1.11574054742, 0.916442291612, 1.90755187999, 4.83135794695, 0.905475796112, 4.42348133789, 1.11278163292, 1.0900001694, 1.00077182448, 1.00233462048, 1.09550125103, 7.0050893547, 1.07632516575, 0.916269155648, 193.01494939, 1.0959308901, 5.24788824123, 1.07925268598, 1.9843947621, 0.973210893061, 30.249900106, 8.75093707985, 13.4254438918, 1.87667560322
1.81049064862, 1.00000070059, 1.27771594281, 1.10673630269, 2.72639245704, 0.916225906854, 1.042494463, 1.11574054742, 0.916442291612, 1.90755187999, 4.83135794695, 0.905475796112, 4.42348133789, 1.11278163292, 1.0900001694, 1.00077182448, 1.00233462048, 1.09550125103, 7.0050893547, 1.07632516575, 0.916269155648, 193.01494939, 1.0959308901, 5.24788824123, 1.07925268598, 1.9843947621, 0.973210893061, 30.249900106, 8.75093707985, 13.4254438918, 1.87667560322
1.81049064862, 1.00000070059, 1.27771594281, 1.10673630269, 2.72639245704, 0.916225906854, 1.042494463, 1.11574054742, 0.916442291612, 1.90755187999, 4.83135794695, 0.905475796112, 4.42348133789, 1.11278163292, 1.0900001694, 1.00077182448, 1.00233462048, 1.09550125103, 7.0050893547, 1.07632516575, 0.916269155648, 193.01494939, 1.0959308901, 5.24788824123, 1.07925268598, 1.9843947621, 0.973210893061, 30.249900106, 8.75093707985, 13.4254438918, 1.87667560322
1.81049064862, 1.00000070059, 1.27771594281, 1.10673630269, 2.72639245704, 0.916225906854, 1.042494463, 1.11574054742, 0.916442291612, 1.90755187999, 4.83135794695, 0.905475796112, 4.42348133789, 1.11278163292, 1.0900001694, 1.00077182448, 1.00233462048, 1.09550125103, 7.0050893547, 1.07632516575, 0.916269155648, 193.01494939, 1.0959308901, 5.24788824123, 1.07925268598, 1.9843947621, 0.973210893061, 30.249900106, 8.75093707985, 13.4254438918, 1.87667560322
1.81049064862, 1.00000070059, 1.27771594281, 1.10673630269, 2.72639245704, 0.916225906854, 1.042494463, 1.11574054742, 0.916442291612, 1.90755187999, 4.83135794695, 0.905475796112, 4.42348133789, 1.11278163292, 1.0900001694, 1.00077182448, 1.00233462048, 1.09550125103, 7.0050893547, 1.07632516575, 0.916269155648, 193.01494939, 1.0959308901, 5.24788824123, 1.07925268598, 1.9843947621, 0.973210893061, 30.249900106, 8.75093707985, 13.4254438918, 1.87667560322
1.81049064862, 1.00000070059, 1.27771594281, 1.10673630269, 2.72639245704, 0.916225906854, 1.042494463, 1.11574054742, 0.916442291612, 1.90755187999, 4.83135794695, 0.905475796112, 4.42348133789, 1.11278163292, 1.0900001694, 1.00077182448, 1.00233462048, 1.09550125103, 7.0050893547, 1.07632516575, 0.916269155648, 193.01494939, 1.0959308901, 5.24788824123, 1.07925268598, 1.9843947621, 0.973210893061, 30.249900106, 8.75093707985, 13.4254438918, 1.87667560322
1.81049064862, 1.00000070059, 1.27771594281, 1.10673630269, 2.72639245704, 0.916225906854, 1.042494463, 1.11574054742, 0.916442291612, 1.90755187999, 4.83135794695, 0.905475796112, 4.42348133789, 1.11278163292, 1.0900001694, 1.00077182448, 1.00233462048, 1.09550125103, 7.0050893547, 1.07632516575, 0.916269155648, 193.01494939, 1.0959308901, 5.24788824123, 1.07925268598, 1.9843947621, 0.973210893061, 30.249900106, 8.75093707985, 13.4254438918, 1.87667560322
1.81049064862, 1.00000070059, 1.27771594281, 1.10673630269, 2.72639245704, 0.916225906854, 1.042494463, 1.11574054742, 0.916442291612, 1.90755187999, 4.83135794695, 0.905475796112, 4.42348133789, 1.11278163292, 1.0900001694, 1.00077182448, 1.00233462048, 1.09550125103, 7.0050893547, 1.07632516575, 0.916269155648, 193.01494939, 1.0959308901, 5.24788824123, 1.07925268598, 1.9843947621, 0.973210893061, 30.249900106, 8.75093707985, 13.4254438918, 1.87667560322
1.81049064862, 1.00000070059, 1.27771594281, 1.10673630269, 2.72639245704, 0.916225906854, 1.042494463, 1.11574054742, 0.916442291612, 1.90755187999, 4.83135794695, 0.905475796112, 4.42348133789, 1.11278163292, 1.0900001694, 1.00077182448, 1.00233462048, 1.09550125103, 7.0050893547, 1.07632516575, 0.916269155648, 193.01494939, 1.0959308901, 5.24788824123, 1.07925268598, 1.9843947621, 0.973210893061, 30.249900106, 8.75093707985, 13.4254438918, 1.87667560322
1.81049064862, 1.00000070059, 1.27771594281, 1.10673630269, 2.72639245704, 0.916225906854, 1.042494463, 1.11574054742, 0.916442291612, 1.90755187999, 4.83135794695, 0.905475796112, 4.42348133789, 1.11278163292, 1.0900001694, 1.00077182448, 1.00233462048, 1.09550125103, 7.0050893547, 1.07632516575, 0.916269155648, 193.01494939, 1.0959308901, 5.24788824123, 1.07925268598, 1.9843947621, 0.973210893061, 30.249900106, 8.75093707985, 13.4254438918, 1.87667560322
1.81049064862, 1.00000070059, 1.27771594281, 1.10673630269, 2.72639245704, 0.916225906854, 1.042494463, 1.11574054742, 0.916442291612, 1.90755187999, 4.83135794695, 0.905475796112, 4.42348133789, 1.11278163292, 1.0900001694, 1.00077182448, 1.00233462048, 1.09550125103, 7.0050893547, 1.07632516575, 0.916269155648, 193.01494939, 1.0959308901, 5.24788824123, 1.07925268598, 1.9843947621, 0.973210893061, 30.249900106, 8.75093707985, 13.4254438918, 1.87667560322
1.81049064862, 1.00000070059, 1.27771594281, 1.10673630269, 2.72639245704, 0.916225906854, 1.042494463, 1.11574054742, 0.916442291612, 1.90755187999, 4.83135794695, 0.905475796112, 4.42348133789, 1.11278163292, 1.0900001694, 1.00077182448, 1.00233462048, 1.09550125103, 7.0050893547, 1.07632516575, 0.916269155648, 193.01494939, 1.0959308901, 5.24788824123, 1.07925268598, 1.9843947621, 0.973210893061, 30.249900106, 8.75093707985, 13.4254438918, 1.87667560322
1.81049064862, 1.00000070059, 1.27771594281, 1.10673630269, 2.72639245704, 0.916225906854, 1.042494463, 1.11574054742, 0.916442291612, 1.90755187999, 4.83135794695, 0.905475796112, 4.42348133789, 1.11278163292, 1.0900001694, 1.00077182448, 1.00233462048, 1.09550125103, 7.0050893547, 1.07632516575, 0.916269155648, 193.01494939, 1.0959308901, 5.24788824123, 1.07925268598, 1.9843947621, 0.973210893061, 30.249900106, 8.75093707985, 13.4254438918, 1.87667560322
1.81049064862, 1.00000070059, 1.27771594281, 1.10673630269, 2.72639245704, 0.916225906854, 1.042494463, 1.11574054742, 0.916442291612, 1.90755187999, 4.83135794695, 0.905475796112, 4.42348133789, 1.11278163292, 1.0900001694, 1.00077182448, 1.00233462048, 1.09550125103, 7.0050893547, 1.07632516575, 0.916269155648, 193.01494939, 1.0959308901, 5.24788824123, 1.07925268598, 1.9843947621, 0.973210893061, 30.249900106, 8.75093707985, 13.4254438918, 1.87667560322
1.81049064862, 1.00000070059, 1.27771594281, 1.1189920032, 2.72622561526, 0.916225906854, 1.042494463, 1.10189718778, 0.916465155333, 1.96197666165, 4.83495420911, 0.931750863385, 4.42348133789, 1.11278163292, 1.09000016943, 1.00076746488, 1.00236786931, 1.09540159044, 7.10417377907, 1.07631673249, 0.916269155648, 193.01494939, 1.09593088954, 5.24788824123, 1.07925268598, 1.98734022139, 0.97324813034, 96.7612652771, 19.5969532402, 188.362380697, 1.34048257373
1.81049064862, 1.00000070059, 1.2699574155, 1.09129776248, 2.70962800971, 0.916225906854, 1.042494463, 1.03968963443, 0.902349833157, 3.19318108508, 4.83136784067, 0.929336646704, 4.42348133789, 1.11278163292, 1.09000017435, 1.00077182448, 1.00232048926, 0.868583023618, 6.17621982103, 1.07673063191, 0.925775149978, 193.01494939, 1.10025214036, 5.24763847052, 1.07925268598, 1.98835154193, 1.23061392488, 28.7723833211, 10.191542934, 52.6859517744, 1.07238605898
1.81049064862, 1.00000070059, 1.2699574155, 1.09129776248, 2.70962800971, 0.916225906854, 1.042494463, 1.03968963443, 0.902349833157, 3.19318108508, 4.83136784067, 0.929336646704, 4.42348133789, 1.11278163292, 1.09000017435, 1.00077182448, 1.00232048926, 0.868583023618, 6.17621982103, 1.07673063191, 0.925775149978, 193.01494939, 1.10025214036, 5.24763847052, 1.07925268598, 1.98835154193, 1.23061392488, 28.7723833211, 10.191542934, 52.6859517744, 1.07238605898
1.81049064862, 1.00000070059, 1.2699574155, 1.09129776248, 2.70962800971, 0.916225906854, 1.042494463, 1.03968963443, 0.902349833157, 3.19318108508, 4.83136784067, 0.929336646704, 4.42348133789, 1.11278163292, 1.09000017435, 1.00077182448, 1.00232048926, 0.868583023618, 6.17621982103, 1.07673063191, 0.925775149978, 193.01494939, 1.10025214036, 5.24763847052, 1.07925268598, 1.98835154193, 1.23061392488, 28.7723833211, 10.191542934, 52.6859517744, 1.07238605898
1.81049064862, 1.00000070059, 1.2699574155, 1.09129776248, 2.70962800971, 0.916225906854, 1.042494463, 1.03968963443, 0.902349833157, 3.19318108508, 4.83136784067, 0.929336646704, 4.42348133789, 1.11278163292, 1.09000017435, 1.00077182448, 1.00232048926, 0.868583023618, 6.17621982103, 1.07673063191, 0.925775149978, 193.01494939, 1.10025214036, 5.24763847052, 1.07925268598, 1.98835154193, 1.23061392488, 28.7723833211, 10.191542934, 52.6859517744, 1.07238605898
1.81049064862, 1.00000070059, 1.2699574155, 1.09129776248, 2.70962800971, 0.916225906854, 1.042494463, 1.03968963443, 0.902349833157, 3.19318108508, 4.83136784067, 0.929336646704, 4.42348133789, 1.11278163292, 1.09000017435, 1.00077182448, 1.00232048926, 0.868583023618, 6.17621982103, 1.07673063191, 0.925775149978, 193.01494939, 1.10025214036, 5.24763847052, 1.07925268598, 1.98835154193, 1.23061392488, 28.7723833211, 10.191542934, 52.6859517744, 1.07238605898
1.81049064862, 1.00000070059, 1.2699574155, 1.09129776248, 2.70962800971, 0.916225906854, 1.042494463, 1.03968963443, 0.902349833157, 3.19318108508, 4.83136784067, 0.929336646704, 4.42348133789, 1.11278163292, 1.09000017435, 1.00077182448, 1.00232048926, 0.868583023618, 6.17621982103, 1.07673063191, 0.925775149978, 193.01494939, 1.10025214036, 5.24763847052, 1.07925268598, 1.98835154193, 1.23061392488, 28.7723833211, 10.191542934, 52.6859517744, 1.07238605898
1.81049064862, 1.00000070059, 1.2699574155, 1.09129776248, 2.70962800971, 0.916225906854, 1.042494463, 1.03968963443, 0.902349833157, 3.19318108508, 4.83136784067, 0.929336646704, 4.42348133789, 1.11278163292, 1.09000017435, 1.00077182448, 1.00232048926, 0.868583023618, 6.17621982103, 1.07673063191, 0.925775149978, 193.01494939, 1.10025214036, 5.24763847052, 1.07925268598, 1.98835154193, 1.23061392488, 28.7723833211, 10.191542934, 52.6859517744, 1.07238605898
1.81049064862, 1.00000070059, 1.2699574155, 1.09129776248, 2.70962800971, 0.916225906854, 1.042494463, 1.03968963443, 0.902349833157, 3.19318108508, 4.83136784067, 0.929336646704, 4.42348133789, 1.11278163292, 1.09000017435, 1.00077182448, 1.00232048926, 0.868583023618, 6.17621982103, 1.07673063191, 0.925775149978, 193.01494939, 1.10025214036, 5.24763847052, 1.07925268598, 1.98835154193, 1.23061392488, 28.7723833211, 10.191542934, 52.6859517744, 1.07238605898
1.81049064862, 1.00000070059, 1.2699574155, 1.09129776248, 2.70962800971, 0.916225906854, 1.042494463, 1.03968963443, 0.902349833157, 3.19318108508, 4.83136784067, 0.929336646704, 4.42348133789, 1.11278163292, 1.09000017435, 1.00077182448, 1.00232048926, 0.868583023618, 6.17621982103, 1.07673063191, 0.925775149978, 193.01494939, 1.10025214036, 5.24763847052, 1.07925268598, 1.98835154193, 1.23061392488, 28.7723833211, 10.191542934, 52.6859517744, 1.07238605898
1.81049064862, 1.00000070059, 1.2699574155, 1.09129776248, 2.70962800971, 0.916225906854, 1.042494463, 1.03968963443, 0.902349833157, 3.19318108508, 4.83136784067, 0.929336646704, 4.42348133789, 1.11278163292, 1.09000017435, 1.00077182448, 1.00232048926, 0.868583023618, 6.17621982103, 1.07673063191, 0.925775149978, 193.01494939, 1.10025214036, 5.24763847052, 1.07925268598, 1.98835154193, 1.23061392488, 28.7723833211, 10.191542934, 52.6859517744, 1.07238605898
1.81049064862, 1.00000070059, 1.2699574155, 1.09129776248, 2.70962800971, 0.916225906854, 1.042494463, 1.03968963443, 0.902349833157, 3.19318108508, 4.83136784067, 0.929336646704, 4.42348133789, 1.11278163292, 1.09000017435, 1.00077182448, 1.00232048926, 0.868583023618, 6.17621982103, 1.07673063191, 0.925775149978, 193.01494939, 1.10025214036, 5.24763847052, 1.07925268598, 1.98835154193, 1.23061392488, 28.7723833211, 10.191542934, 52.6859517744, 1.07238605898
1.81049064862, 1.00000070059, 1.27771594281, 1.10673630269, 2.72639245704, 0.916225906854, 1.042494463, 1.11574054742, 0.916442291612, 1.90755187999, 4.83135794695, 0.905475796112, 4.42348133789, 1.11278163292, 1.0900001694, 1.00077182448, 1.00233462048, 1.09550125103, 7.0050893547, 1.07632516575, 0.916269155648, 193.01494939, 1.0959308901, 5.24788824123, 1.07925268598, 1.9843947621, 0.973210893061, 7.39571853905, 9.18151638873, 18.329358966, 1.34048257373
1.81049064862, 1.00000070059, 1.27771594281, 1.10673630269, 2.72639245704, 0.916225906854, 1.042494463, 1.11574054742, 0.916442291612, 1.90755187999, 4.83135794695, 0.905475796112, 4.42348133789, 1.11278163292, 1.0900001694, 1.00077182448, 1.00233462048, 1.09550125103, 7.0050893547, 1.07632516575, 0.916269155648, 193.01494939, 1.0959308901, 5.24788824123, 1.07925268598, 1.9843947621, 0.973210893061, 7.39571853905, 9.18151638873, 18.329358966, 1.34048257373
1.81049064862, 1.00000070059, 1.27771594281, 1.10673630269, 2.72639245704, 0.916225906854, 1.042494463, 1.11574054742, 0.916442291612, 1.90755187999, 4.83135794695, 0.905475796112, 4.42348133789, 1.11278163292, 1.0900001694, 1.00077182448, 1.00233462048, 1.09550125103, 7.0050893547, 1.07632516575, 0.916269155648, 193.01494939, 1.0959308901, 5.24788824123, 1.07925268598, 1.9843947621, 0.973210893061, 7.39571853905, 9.18151638873, 18.329358966, 1.34048257373
1.81049064862, 1.00000070059, 1.27771594281, 1.10673630269, 2.72639245704, 0.916225906854, 1.042494463, 1.11574054742, 0.916442291612, 1.90755187999, 4.83135794695, 0.905475796112, 4.42348133789, 1.11278163292, 1.0900001694, 1.00077182448, 1.00233462048, 1.09550125103, 7.0050893547, 1.07632516575, 0.916269155648, 193.01494939, 1.0959308901, 5.24788824123, 1.07925268598, 1.9843947621, 0.973210893061, 7.39571853905, 9.18151638873, 18.329358966, 1.34048257373
1.81049064862, 1.00000070059, 1.27771594281, 1.10673630269, 2.72639245704, 0.916225906854, 1.042494463, 1.11574054742, 0.916442291612, 1.90755187999, 4.83135794695, 0.905475796112, 4.42348133789, 1.11278163292, 1.0900001694, 1.00077182448, 1.00233462048, 1.09550125103, 7.0050893547, 1.07632516575, 0.916269155648, 193.01494939, 1.0959308901, 5.24788824123, 1.07925268598, 1.9843947621, 0.973210893061, 7.39571853905, 9.18151638873, 18.329358966, 1.34048257373
1.81049064862, 1.00000070059, 1.27771594281, 1.10673630269, 2.72639245704, 0.916225906854, 1.042494463, 1.11574054742, 0.916442291612, 1.90755187999, 4.83135794695, 0.905475796112, 4.42348133789, 1.11278163292, 1.0900001694, 1.00077182448, 1.00233462048, 1.09550125103, 7.0050893547, 1.07632516575, 0.916269155648, 193.01494939, 1.0959308901, 5.24788824123, 1.07925268598, 1.9843947621, 0.973210893061, 7.39571853905, 9.18151638873, 18.329358966, 1.34048257373
1.81049064862, 1.00000070059, 1.27771594281, 1.10673630269, 2.72639245704, 0.916225906854, 1.042494463, 1.11574054742, 0.916442291612, 1.90755187999, 4.83135794695, 0.905475796112, 4.42348133789, 1.11278163292, 1.0900001694, 1.00077182448, 1.00233462048, 1.09550125103, 7.0050893547, 1.07632516575, 0.916269155648, 193.01494939, 1.0959308901, 5.24788824123, 1.07925268598, 1.9843947621, 0.973210893061, 7.39571853905, 9.18151638873, 18.329358966, 1.34048257373
1.81049064862, 1.00000070059, 1.27771594281, 1.10673630269, 2.72639245704, 0.916225906854, 1.042494463, 1.11574054742, 0.916442291612, 1.90755187999, 4.83135794695, 0.905475796112, 4.42348133789, 1.11278163292, 1.0900001694, 1.00077182448, 1.00233462048, 1.09550125103, 7.0050893547, 1.07632516575, 0.916269155648, 193.01494939, 1.0959308901, 5.24788824123, 1.07925268598, 1.9843947621, 0.973210893061, 7.39571853905, 9.18151638873, 18.329358966, 1.34048257373
1.81049064862, 1.00000070059, 1.27771594281, 1.10673630269, 2.72639245704, 0.916225906854, 1.042494463, 1.11574054742, 0.916442291612, 1.90755187999, 4.83135794695, 0.905475796112, 4.42348133789, 1.11278163292, 1.0900001694, 1.00077182448, 1.00233462048, 1.09550125103, 7.0050893547, 1.07632516575, 0.916269155648, 193.01494939, 1.0959308901, 5.24788824123, 1.07925268598, 1.9843947621, 0.973210893061, 7.39571853905, 9.18151638873, 18.329358966, 1.34048257373
1.81049064862, 1.00000070059, 1.27771594281, 1.10673630269, 2.72639245704, 0.916225906854, 1.042494463, 1.11574054742, 0.916442291612, 1.90755187999, 4.83135794695, 0.905475796112, 4.42348133789, 1.11278163292, 1.0900001694, 1.00077182448, 1.00233462048, 1.09550125103, 7.0050893547, 1.07632516575, 0.916269155648, 193.01494939, 1.0959308901, 5.24788824123, 1.07925268598, 1.9843947621, 0.973210893061, 7.39571853905, 9.18151638873, 18.329358966, 1.34048257373
1.81049064862, 1.00000070059, 1.27771594281, 1.10673630269, 2.72639245704, 0.916225906854, 1.042494463, 1.11574054742, 0.916442291612, 1.90755187999, 4.83135794695, 0.905475796112, 4.42348133789, 1.11278163292, 1.0900001694, 1.00077182448, 1.00233462048, 1.09550125103, 7.0050893547, 1.07632516575, 0.916269155648, 193.01494939, 1.0959308901, 5.24788824123, 1.07925268598, 1.9843947621, 0.973210893061, 7.39571853905, 9.18151638873, 18.329358966, 1.34048257373
1.81049064862, 1.00000070059, 1.27771594281, 1.10673630269, 2.72639245704, 0.916225906854, 1.042494463, 1.11574054742, 0.916442291612, 1.90755187999, 4.83135794695, 0.905475796112, 4.42348133789, 1.11278163292, 1.0900001694, 1.00077182448, 1.00233462048, 1.09550125103, 7.0050893547, 1.07632516575, 0.916269155648, 193.01494939, 1.0959308901, 5.24788824123, 1.07925268598, 1.9843947621, 0.973210893061, 7.39571853905, 9.18151638873, 18.329358966, 1.34048257373
1.81049064862, 1.00000070059, 1.27771594281, 1.10673630269, 2.72639245704, 0.916225906854, 1.042494463, 1.11574054742, 0.916442291612, 1.90755187999, 4.83135794695, 0.905475796112, 4.42348133789, 1.11278163292, 1.0900001694, 1.00077182448, 1.00233462048, 1.09550125103, 7.0050893547, 1.07632516575, 0.916269155648, 193.01494939, 1.0959308901, 5.24788824123, 1.07925268598, 1.9843947621, 0.973210893061, 7.39571853905, 9.18151638873, 18.329358966, 1.34048257373
1.81049064862, 1.00000070059, 1.27771594281, 1.10673630269, 2.72639245704, 0.916225906854, 1.042494463, 1.11574054742, 0.916442291612, 1.90755187999, 4.83135794695, 0.905475796112, 4.42348133789, 1.11278163292, 1.0900001694, 1.00077182448, 1.00233462048, 1.09550125103, 7.0050893547, 1.07632516575, 0.916269155648, 193.01494939, 1.0959308901, 5.24788824123, 1.07925268598, 1.9843947621, 0.973210893061, 7.39571853905, 9.18151638873, 18.329358966, 1.34048257373
1.81049064862, 1.00000070059, 1.27771594281, 1.10673630269, 2.72639245704, 0.916225906854, 1.042494463, 1.11574054742, 0.916442291612, 1.90755187999, 4.83135794695, 0.905475796112, 4.42348133789, 1.11278163292, 1.0900001694, 1.00077182448, 1.00233462048, 1.09550125103, 7.0050893547, 1.07632516575, 0.916269155648, 193.01494939, 1.0959308901, 5.24788824123, 1.07925268598, 1.9843947621, 0.973210893061, 7.39571853905, 9.18151638873, 18.329358966, 1.34048257373
1.81049064862, 1.00000070059, 1.27771594281, 1.10673630269, 2.72639245704, 0.916225906854, 1.042494463, 1.11574054742, 0.916442291612, 1.90755187999, 4.83135794695, 0.905475796112, 4.42348133789, 1.11278163292, 1.0900001694, 1.00077182448, 1.00233462048, 1.09550125103, 7.0050893547, 1.07632516575, 0.916269155648, 193.01494939, 1.0959308901, 5.24788824123, 1.07925268598, 1.9843947621, 0.973210893061, 7.39571853905, 9.18151638873, 18.329358966, 1.34048257373
1.81049064862, 1.00000070059, 1.27771594281, 1.10673630269, 2.72639245704, 0.916225906854, 1.042494463, 1.11574054742, 0.916442291612, 1.90755187999, 4.83135794695, 0.905475796112, 4.42348133789, 1.11278163292, 1.0900001694, 1.00077182448, 1.00233462048, 1.09550125103, 7.0050893547, 1.07632516575, 0.916269155648, 193.01494939, 1.0959308901, 5.24788824123, 1.07925268598, 1.9843947621, 0.973210893061, 7.39571853905, 9.18151638873, 18.329358966, 1.34048257373
1.81049064862, 1.00000070059, 1.27771594281, 1.10673630269, 2.72639245704, 0.916225906854, 1.042494463, 1.11574054742, 0.916442291612, 1.90755187999, 4.83135794695, 0.905475796112, 4.42348133789, 1.11278163292, 1.0900001694, 1.00077182448, 1.00233462048, 1.09550125103, 7.0050893547, 1.07632516575, 0.916269155648, 193.01494939, 1.0959308901, 5.24788824123, 1.07925268598, 1.9843947621, 0.973210893061, 7.39571853905, 9.18151638873, 18.329358966, 1.34048257373
1.81049064862, 1.00000070059, 1.27771594281, 1.10673630269, 2.72639245704, 0.916225906854, 1.042494463, 1.11574054742, 0.916442291612, 1.90755187999, 4.83135794695, 0.905475796112, 4.42348133789, 1.11278163292, 1.0900001694, 1.00077182448, 1.00233462048, 1.09550125103, 7.0050893547, 1.07632516575, 0.916269155648, 193.01494939, 1.0959308901, 5.24788824123, 1.07925268598, 1.9843947621, 0.973210893061, 7.39571853905, 9.18151638873, 18.329358966, 1.34048257373
1.81049064862, 1.00000070059, 1.27771594281, 1.10673630269, 2.72639245704, 0.916225906854, 1.042494463, 1.11574054742, 0.916442291612, 1.90755187999, 4.83135794695, 0.905475796112, 4.42348133789, 1.11278163292, 1.0900001694, 1.00077182448, 1.00233462048, 1.09550125103, 7.0050893547, 1.07632516575, 0.916269155648, 193.01494939, 1.0959308901, 5.24788824123, 1.07925268598, 1.9843947621, 0.973210893061, 7.39571853905, 9.18151638873, 18.329358966, 1.34048257373
1.81049064862, 1.00000070059, 1.27771594281, 1.11888159215, 2.72639245704, 0.916225906854, 1.02688815407, 1.11574054742, 0.916464232483, 1.90755187999, 4.83496360001, 0.905475796112, 4.42348133789, 1.11278163292, 1.0900001694, 1.00077185396, 1.00236705782, 1.09550125103, 7.0050893547, 1.07632516575, 0.916269155648, 193.01494939, 1.09593088951, 5.24788824123, 1.07925268598, 1.9843947621, 0.973210893061, 27.390425011, 10.3185717591, 145.976680068, 1.60857908847
1.81049064862, 1.00000070059, 1.27771594281, 1.11888159215, 2.72639245704, 0.916225906854, 1.02688815407, 1.11574054742, 0.916464232483, 1.90755187999, 4.83496360001, 0.905475796112, 4.42348133789, 1.11278163292, 1.0900001694, 1.00077185396, 1.00236705782, 1.09550125103, 7.0050893547, 1.07632516575, 0.916269155648, 193.01494939, 1.09593088951, 5.24788824123, 1.07925268598, 1.9843947621, 0.973210893061, 27.390425011, 10.3185717591, 145.976680068, 1.60857908847
1.81049064862, 1.00000070059, 1.27771594281, 1.11888159215, 2.72639245704, 0.916225906854, 1.02688815407, 1.11574054742, 0.916464232483, 1.90755187999, 4.83496360001, 0.905475796112, 4.42348133789, 1.11278163292, 1.0900001694, 1.00077185396, 1.00236705782, 1.09550125103, 7.0050893547, 1.07632516575, 0.916269155648, 193.01494939, 1.09593088951, 5.24788824123, 1.07925268598, 1.9843947621, 0.973210893061, 27.390425011, 10.3185717591, 145.976680068, 1.60857908847
1.81049064862, 1.00000070059, 1.27771594281, 1.11888159215, 2.72639245704, 0.916225906854, 1.02688815407, 1.11574054742, 0.916464232483, 1.90755187999, 4.83496360001, 0.905475796112, 4.42348133789, 1.11278163292, 1.0900001694, 1.00077185396, 1.00236705782, 1.09550125103, 7.0050893547, 1.07632516575, 0.916269155648, 193.01494939, 1.09593088951, 5.24788824123, 1.07925268598, 1.9843947621, 0.973210893061, 27.390425011, 10.3185717591, 145.976680068, 1.60857908847
1.81049064862, 1.00000070059, 1.27771594281, 1.11888159215, 2.72639245704, 0.916225906854, 1.02688815407, 1.11574054742, 0.916464232483, 1.90755187999, 4.83496360001, 0.905475796112, 4.42348133789, 1.11278163292, 1.0900001694, 1.00077185396, 1.00236705782, 1.09550125103, 7.0050893547, 1.07632516575, 0.916269155648, 193.01494939, 1.09593088951, 5.24788824123, 1.07925268598, 1.9843947621, 0.973210893061, 27.390425011, 10.3185717591, 145.976680068, 1.60857908847
1.81049064862, 1.00000070059, 1.27771594281, 1.11888159215, 2.72639245704, 0.916225906854, 1.02688815407, 1.11574054742, 0.916464232483, 1.90755187999, 4.83496360001, 0.905475796112, 4.42348133789, 1.11278163292, 1.0900001694, 1.00077185396, 1.00236705782, 1.09550125103, 7.0050893547, 1.07632516575, 0.916269155648, 193.01494939, 1.09593088951, 5.24788824123, 1.07925268598, 1.9843947621, 0.973210893061, 27.390425011, 10.3185717591, 145.976680068, 1.60857908847
1.81049064862, 1.00000070059, 1.27771594281, 1.11888159215, 2.72639245704, 0.916225906854, 1.02688815407, 1.11574054742, 0.916464232483, 1.90755187999, 4.83496360001, 0.905475796112, 4.42348133789, 1.11278163292, 1.0900001694, 1.00077185396, 1.00236705782, 1.09550125103, 7.0050893547, 1.07632516575, 0.916269155648, 193.01494939, 1.09593088951, 5.24788824123, 1.07925268598, 1.9843947621, 0.973210893061, 27.390425011, 10.3185717591, 145.976680068, 1.60857908847
1.81049064862, 1.00000070059, 1.27771594281, 1.09174785839, 2.70985112257, 0.916225906854, 1.042494463, 1.10698427329, 0.902557854392, 3.18206497929, 4.83141581677, 0.929789001097, 4.42348133789, 1.11278163292, 1.09000016927, 1.00077182448, 1.00233472983, 0.85941496778, 7.0050893547, 1.07631673249, 0.916269155648, 193.01494939, 1.09515924397, 5.24788824123, 1.07925268598, 1.9843947621, 0.96268212945, 68.2294985094, 11.4329916866, 60.2561454221, 1.34048257373
1.81049064862, 1.00000070059, 1.27771594281, 1.09174785839, 2.70985112257, 0.916225906854, 1.042494463, 1.10698427329, 0.902557854392, 3.18206497929, 4.83141581677, 0.929789001097, 4.42348133789, 1.11278163292, 1.09000016927, 1.00077182448, 1.00233472983, 0.85941496778, 7.0050893547, 1.07631673249, 0.916269155648, 193.01494939, 1.09515924397, 5.24788824123, 1.07925268598, 1.9843947621, 0.96268212945, 68.2294985094, 11.4329916866, 60.2561454221, 1.34048257373
1.81049064862, 1.00000070059, 1.27771594281, 1.10673630269, 2.72639245704, 0.916225906854, 1.042494463, 1.09854069518, 0.916442291612, 1.87721981857, 4.83135794695, 0.905475796112, 4.42348133789, 1.11278163292, 1.0900001694, 1.00077182448, 1.00233462048, 1.09550125103, 7.0050893547, 1.07632516575, 0.916269155648, 193.01494939, 1.0959308901, 5.24788824123, 1.07925268598, 1.9843947621, 0.973210893061, 11.1062950342, 10.7233618447, 95.9973301459, 5.09383378016
1.81049064862, 1.00000070059, 1.27771594281, 1.10673630269, 2.72639245704, 0.916225906854, 1.042494463, 1.09854069518, 0.916442291612, 1.87721981857, 4.83135794695, 0.905475796112, 4.42348133789, 1.11278163292, 1.0900001694, 1.00077182448, 1.00233462048, 1.09550125103, 7.0050893547, 1.07632516575, 0.916269155648, 193.01494939, 1.0959308901, 5.24788824123, 1.07925268598, 1.9843947621, 0.973210893061, 11.1062950342, 10.7233618447, 95.9973301459, 5.09383378016
1.81049064862, 1.00000070059, 1.27771594281, 1.10673630269, 2.72639245704, 0.916225906854, 1.042494463, 1.09854069518, 0.916442291612, 1.87721981857, 4.83135794695, 0.905475796112, 4.42348133789, 1.11278163292, 1.0900001694, 1.00077182448, 1.00233462048, 1.09550125103, 7.0050893547, 1.07632516575, 0.916269155648, 193.01494939, 1.0959308901, 5.24788824123, 1.07925268598, 1.9843947621, 0.973210893061, 11.1062950342, 10.7233618447, 95.9973301459, 5.09383378016
1.81049064862, 1.00000070059, 1.27771594281, 1.10673630269, 2.72639245704, 0.916225906854, 1.042494463, 1.09854069518, 0.916442291612, 1.87721981857, 4.83135794695, 0.905475796112, 4.42348133789, 1.11278163292, 1.0900001694, 1.00077182448, 1.00233462048, 1.09550125103, 7.0050893547, 1.07632516575, 0.916269155648, 193.01494939, 1.0959308901, 5.24788824123, 1.07925268598, 1.9843947621, 0.973210893061, 11.1062950342, 10.7233618447, 95.9973301459, 5.09383378016
1.81049064862, 1.00000070059, 1.27771594281, 1.10673630269, 2.72639245704, 0.916225906854, 1.042494463, 1.09854069518, 0.916442291612, 1.87721981857, 4.83135794695, 0.905475796112, 4.42348133789, 1.11278163292, 1.0900001694, 1.00077182448, 1.00233462048, 1.09550125103, 7.0050893547, 1.07632516575, 0.916269155648, 193.01494939, 1.0959308901, 5.24788824123, 1.07925268598, 1.9843947621, 0.973210893061, 11.1062950342, 10.7233618447, 95.9973301459, 5.09383378016
1.81049064862, 1.00000070059, 1.27771594281, 1.10673630269, 2.72639245704, 0.916225906854, 1.042494463, 1.09854069518, 0.916442291612, 1.87721981857, 4.83135794695, 0.905475796112, 4.42348133789, 1.11278163292, 1.0900001694, 1.00077182448, 1.00233462048, 1.09550125103, 7.0050893547, 1.07632516575, 0.916269155648, 193.01494939, 1.0959308901, 5.24788824123, 1.07925268598, 1.9843947621, 0.973210893061, 11.1062950342, 10.7233618447, 95.9973301459, 5.09383378016
1.81049064862, 1.00000070059, 1.27771594281, 1.10673630269, 2.72639245704, 0.916225906854, 1.042494463, 1.11574054742, 0.916442291612, 1.90755187999, 4.83135794695, 0.905475796112, 4.42348133789, 1.11278163292, 1.0900001694, 1.00077182448, 1.00233462048, 1.09550125103, 7.0050893547, 1.07632516575, 0.916269155648, 193.01494939, 1.0959308901, 5.24788824123, 1.07925268598, 1.9843947621, 0.973210893061, 27.202653651, 7.1249830274, 134.115009135, 3.21715817694
1.81049064862, 1.00000070059, 1.27771594281, 1.10673630269, 2.72639245704, 0.916225906854, 1.042494463, 1.11574054742, 0.916442291612, 1.90755187999, 4.83135794695, 0.905475796112, 4.42348133789, 1.11278163292, 1.0900001694, 1.00077182448, 1.00233462048, 1.09550125103, 7.0050893547, 1.07632516575, 0.916269155648, 193.01494939, 1.0959308901, 5.24788824123, 1.07925268598, 1.9843947621, 0.973210893061, 27.202653651, 7.1249830274, 134.115009135, 3.21715817694
1.81049064862, 1.00000070059, 1.27771594281, 1.10673630269, 2.72639245704, 0.916225906854, 1.042494463, 1.11574054742, 0.916442291612, 1.90755187999, 4.83135794695, 0.905475796112, 4.42348133789, 1.11278163292, 1.0900001694, 1.00077182448, 1.00233462048, 1.09550125103, 7.0050893547, 1.07632516575, 0.916269155648, 193.01494939, 1.0959308901, 5.24788824123, 1.07925268598, 1.9843947621, 0.973210893061, 27.202653651, 7.1249830274, 134.115009135, 3.21715817694
2.19252268437, 1.00000070059, 1.27771594281, 1.10673630269, 2.72639245704, 0.916225906854, 1.042494463, 1.11574054742, 0.916442291612, 1.90755187999, 4.83135794695, 0.905475796112, 4.42348133789, 1.11278163292, 1.0900001694, 1.00077182448, 1.00233462048, 1.09550125103, 7.0050893547, 1.07632516575, 0.916269155648, 193.01494939, 1.0959308901, 5.24788824123, 1.07925268598, 1.9843947621, 0.973210893061, 38.0565113975, 15.4575405897, 140.675215733, 1.34048257373
2.19252268437, 1.00000070059, 1.27771594281, 1.10673630269, 2.72639245704, 0.916225906854, 1.042494463, 1.11574054742, 0.916442291612, 1.90755187999, 4.83135794695, 0.905475796112, 4.42348133789, 1.11278163292, 1.0900001694, 1.00077182448, 1.00233462048, 1.09550125103, 7.0050893547, 1.07632516575, 0.916269155648, 193.01494939, 1.0959308901, 5.24788824123, 1.07925268598, 1.9843947621, 0.973210893061, 38.0565113975, 15.4575405897, 140.675215733, 1.34048257373
2.19252268437, 1.00000070059, 1.27771594281, 1.10673630269, 2.72639245704, 0.916225906854, 1.042494463, 1.11574054742, 0.916442291612, 1.90755187999, 4.83135794695, 0.905475796112, 4.42348133789, 1.11278163292, 1.0900001694, 1.00077182448, 1.00233462048, 1.09550125103, 7.0050893547, 1.07632516575, 0.916269155648, 193.01494939, 1.0959308901, 5.24788824123, 1.07925268598, 1.9843947621, 0.973210893061, 38.0565113975, 15.4575405897, 140.675215733, 1.34048257373
2.19252268437, 1.00000070059, 1.27771594281, 1.10673630269, 2.72639245704, 0.916225906854, 1.042494463, 1.11574054742, 0.916442291612, 1.90755187999, 4.83135794695, 0.905475796112, 4.42348133789, 1.11278163292, 1.0900001694, 1.00077182448, 1.00233462048, 1.09550125103, 7.0050893547, 1.07632516575, 0.916269155648, 193.01494939, 1.0959308901, 5.24788824123, 1.07925268598, 1.9843947621, 0.973210893061, 38.0565113975, 15.4575405897, 140.675215733, 1.34048257373
2.19252268437, 1.00000070059, 1.27771594281, 1.10673630269, 2.72639245704, 0.916225906854, 1.042494463, 1.11574054742, 0.916442291612, 1.90755187999, 4.83135794695, 0.905475796112, 4.42348133789, 1.11278163292, 1.0900001694, 1.00077182448, 1.00233462048, 1.09550125103, 7.0050893547, 1.07632516575, 0.916269155648, 193.01494939, 1.0959308901, 5.24788824123, 1.07925268598, 1.9843947621, 0.973210893061, 38.0565113975, 15.4575405897, 140.675215733, 1.34048257373
1.81049064862, 1.00000070059, 1.27771594281, 1.10673630269, 2.72639245704, 0.916225906854, 1.042494463, 1.11574054742, 0.916442291612, 1.90755187999, 4.83135794695, 0.894804175243, 4.42348133789, 1.11278163292, 1.0900001694, 1.00077182448, 1.00233462048, 1.09550125103, 7.0050893547, 1.07632516575, 0.916269155648, 193.01494939, 1.0959308901, 5.24788824123, 1.07925268598, 1.9843947621, 0.973210893061, 20.7538691487, 9.20656435257, 43.9515485037, 2.9490616622
1.81049064862, 1.00000070059, 1.27771594281, 1.10673630269, 2.72639245704, 0.916225906854, 1.042494463, 1.11574054742, 0.916442291612, 1.90755187999, 4.83135794695, 0.894804175243, 4.42348133789, 1.11278163292, 1.0900001694, 1.00077182448, 1.00233462048, 1.09550125103, 7.0050893547, 1.07632516575, 0.916269155648, 193.01494939, 1.0959308901, 5.24788824123, 1.07925268598, 1.9843947621, 0.973210893061, 20.7538691487, 9.20656435257, 43.9515485037, 2.9490616622
1.81049064862, 1.00000070059, 1.27771594281, 1.10673630269, 2.72639245704, 0.916225906854, 1.042494463, 1.11574054742, 0.916442291612, 1.90755187999, 4.83135794695, 0.894804175243, 4.42348133789, 1.11278163292, 1.0900001694, 1.00077182448, 1.00233462048, 1.09550125103, 7.0050893547, 1.07632516575, 0.916269155648, 193.01494939, 1.0959308901, 5.24788824123, 1.07925268598, 1.9843947621, 0.973210893061, 20.7538691487, 9.20656435257, 43.9515485037, 2.9490616622
1.81049064862, 1.00000070059, 1.27771594281, 1.10673630269, 2.72639245704, 0.916225906854, 1.042494463, 1.11574054742, 0.916442291612, 1.90755187999, 4.83135794695, 0.894804175243, 4.42348133789, 1.11278163292, 1.0900001694, 1.00077182448, 1.00233462048, 1.09550125103, 7.0050893547, 1.07632516575, 0.916269155648, 193.01494939, 1.0959308901, 5.24788824123, 1.07925268598, 1.9843947621, 0.973210893061, 20.7538691487, 9.20656435257, 43.9515485037, 2.9490616622
1.81049064862, 1.00000070059, 1.27771594281, 1.10673630269, 2.72639245704, 0.916225906854, 1.042494463, 1.11574054742, 0.916442291612, 1.90755187999, 4.83135794695, 0.894804175243, 4.42348133789, 1.11278163292, 1.0900001694, 1.00077182448, 1.00233462048, 1.09550125103, 7.0050893547, 1.07632516575, 0.916269155648, 193.01494939, 1.0959308901, 5.24788824123, 1.07925268598, 1.9843947621, 0.973210893061, 20.7538691487, 9.20656435257, 43.9515485037, 2.9490616622
1.81049064862, 1.00000070059, 1.27771594281, 1.10673630269, 2.72639245704, 0.916225906854, 1.042494463, 1.11574054742, 0.916442291612, 1.90755187999, 4.83135794695, 0.894804175243, 4.42348133789, 1.11278163292, 1.0900001694, 1.00077182448, 1.00233462048, 1.09550125103, 7.0050893547, 1.07632516575, 0.916269155648, 193.01494939, 1.0959308901, 5.24788824123, 1.07925268598, 1.9843947621, 0.973210893061, 20.7538691487, 9.20656435257, 43.9515485037, 2.9490616622
1.81049064862, 1.00000070059, 1.27771594281, 1.10673630269, 2.72639245704, 0.916225906854, 1.042494463, 1.11574054742, 0.916442291612, 1.90755187999, 4.83135794695, 0.894804175243, 4.42348133789, 1.11278163292, 1.0900001694, 1.00077182448, 1.00233462048, 1.09550125103, 7.0050893547, 1.07632516575, 0.916269155648, 193.01494939, 1.0959308901, 5.24788824123, 1.07925268598, 1.9843947621, 0.973210893061, 20.7538691487, 9.20656435257, 43.9515485037, 2.9490616622
1.81049064862, 1.00000070059, 1.27771594281, 1.10673630269, 2.72639245704, 0.916225906854, 1.042494463, 1.11574054742, 0.916442291612, 1.90755187999, 4.83135794695, 0.894804175243, 4.42348133789, 1.11278163292, 1.0900001694, 1.00077182448, 1.00233462048, 1.09550125103, 7.0050893547, 1.07632516575, 0.916269155648, 193.01494939, 1.0959308901, 5.24788824123, 1.07925268598, 1.9843947621, 0.973210893061, 20.7538691487, 9.20656435257, 43.9515485037, 2.9490616622
1.81049064862, 1.00000070059, 1.27771594281, 1.10673630269, 2.72639245704, 0.916225906854, 1.042494463, 1.11574054742, 0.916442291612, 1.90755187999, 4.83135794695, 0.894804175243, 4.42348133789, 1.11278163292, 1.0900001694, 1.00077182448, 1.00233462048, 1.09550125103, 7.0050893547, 1.07632516575, 0.916269155648, 193.01494939, 1.0959308901, 5.24788824123, 1.07925268598, 1.9843947621, 0.973210893061, 20.7538691487, 9.20656435257, 43.9515485037, 2.9490616622
1.81049064862, 1.0000007006, 1.27771594281, 1.10673630269, 2.72638915175, 0.916225906854, 1.042494463, 1.14471553165, 0.914607702275, 1.90757358325, 4.83135794695, 0.905475796112, 4.42348133789, 1.11278163292, 1.0900001694, 1.00077182448, 1.00233462048, 1.09511480417, 7.00147303057, 1.07632530401, 0.885754668866, 193.01494939, 1.09593088921, 5.24788824123, 1.07925268598, 1.98735026022, 0.973208206612, 35.4771512402, 15.5776752309, 84.771138156, 1.87667560322
1.81049064862, 1.0000007006, 1.27771594281, 1.10673630269, 2.72638915175, 0.916225906854, 1.042494463, 1.14471553165, 0.914607702275, 1.90757358325, 4.83135794695, 0.905475796112, 4.42348133789, 1.11278163292, 1.0900001694, 1.00077182448, 1.00233462048, 1.09511480417, 7.00147303057, 1.07632530401, 0.885754668866, 193.01494939, 1.09593088921, 5.24788824123, 1.07925268598, 1.98735026022, 0.973208206612, 35.4771512402, 15.5776752309, 84.771138156, 1.87667560322
1.81049064862, 1.0000007006, 1.27771594281, 1.10673630269, 2.72638915175, 0.916225906854, 1.042494463, 1.14471553165, 0.914607702275, 1.90757358325, 4.83135794695, 0.905475796112, 4.42348133789, 1.11278163292, 1.0900001694, 1.00077182448, 1.00233462048, 1.09511480417, 7.00147303057, 1.07632530401, 0.885754668866, 193.01494939, 1.09593088921, 5.24788824123, 1.07925268598, 1.98735026022, 0.973208206612, 35.4771512402, 15.5776752309, 84.771138156, 1.87667560322
1.81049064862, 1.0000007006, 1.27771594281, 1.10673630269, 2.72638915175, 0.916225906854, 1.042494463, 1.14471553165, 0.914607702275, 1.90757358325, 4.83135794695, 0.905475796112, 4.42348133789, 1.11278163292, 1.0900001694, 1.00077182448, 1.00233462048, 1.09511480417, 7.00147303057, 1.07632530401, 0.885754668866, 193.01494939, 1.09593088921, 5.24788824123, 1.07925268598, 1.98735026022, 0.973208206612, 35.4771512402, 15.5776752309, 84.771138156, 1.87667560322
1.81049064862, 1.0000007006, 1.27771594281, 1.10673630269, 2.72638915175, 0.916225906854, 1.042494463, 1.14471553165, 0.914607702275, 1.90757358325, 4.83135794695, 0.905475796112, 4.42348133789, 1.11278163292, 1.0900001694, 1.00077182448, 1.00233462048, 1.09511480417, 7.00147303057, 1.07632530401, 0.885754668866, 193.01494939, 1.09593088921, 5.24788824123, 1.07925268598, 1.98735026022, 0.973208206612, 35.4771512402, 15.5776752309, 84.771138156, 1.87667560322
1.81049064862, 1.0000007006, 1.27771594281, 1.10673630269, 2.72638915175, 0.916225906854, 1.042494463, 1.14471553165, 0.914607702275, 1.90757358325, 4.83135794695, 0.905475796112, 4.42348133789, 1.11278163292, 1.0900001694, 1.00077182448, 1.00233462048, 1.09511480417, 7.00147303057, 1.07632530401, 0.885754668866, 193.01494939, 1.09593088921, 5.24788824123, 1.07925268598, 1.98735026022, 0.973208206612, 35.4771512402, 15.5776752309, 84.771138156, 1.87667560322
1.81049064862, 1.00000070059, 1.27771594281, 1.09753973981, 2.72639240476, 0.916225906854, 1.042494463, 1.10697836669, 0.914620185785, 1.90757406638, 4.8349542066, 0.894936163578, 4.42348133789, 1.11278163292, 1.09000016945, 1.00076752424, 1.00233472983, 1.12954888161, 7.11080300042, 1.07631673249, 0.887061156808, 193.01494939, 1.09593088897, 5.24788824123, 1.07925421942, 1.98438428576, 0.973247739463, 35.3744245804, 7.87046249536, 114.47578601, 5.09383378016
1.81049064862, 1.00000070059, 1.27771594281, 1.09753973981, 2.72639240476, 0.916225906854, 1.042494463, 1.10697836669, 0.914620185785, 1.90757406638, 4.8349542066, 0.894936163578, 4.42348133789, 1.11278163292, 1.09000016945, 1.00076752424, 1.00233472983, 1.12954888161, 7.11080300042, 1.07631673249, 0.887061156808, 193.01494939, 1.09593088897, 5.24788824123, 1.07925421942, 1.98438428576, 0.973247739463, 35.3744245804, 7.87046249536, 114.47578601, 5.09383378016
1.81049064862, 1.00000070059, 1.27771594281, 1.09753973981, 2.72639240476, 0.916225906854, 1.042494463, 1.10697836669, 0.914620185785, 1.90757406638, 4.8349542066, 0.894936163578, 4.42348133789, 1.11278163292, 1.09000016945, 1.00076752424, 1.00233472983, 1.12954888161, 7.11080300042, 1.07631673249, 0.887061156808, 193.01494939, 1.09593088897, 5.24788824123, 1.07925421942, 1.98438428576, 0.973247739463, 35.3744245804, 7.87046249536, 114.47578601, 5.09383378016
1.81049064862, 1.00000070059, 1.27771594281, 1.09753973981, 2.72639240476, 0.916225906854, 1.042494463, 1.10697836669, 0.914620185785, 1.90757406638, 4.8349542066, 0.894936163578, 4.42348133789, 1.11278163292, 1.09000016945, 1.00076752424, 1.00233472983, 1.12954888161, 7.11080300042, 1.07631673249, 0.887061156808, 193.01494939, 1.09593088897, 5.24788824123, 1.07925421942, 1.98438428576, 0.973247739463, 35.3744245804, 7.87046249536, 114.47578601, 5.09383378016
1.81049064862, 1.00000070059, 1.27771594281, 1.09753973981, 2.72639240476, 0.916225906854, 1.042494463, 1.10697836669, 0.914620185785, 1.90757406638, 4.8349542066, 0.894936163578, 4.42348133789, 1.11278163292, 1.09000016945, 1.00076752424, 1.00233472983, 1.12954888161, 7.11080300042, 1.07631673249, 0.887061156808, 193.01494939, 1.09593088897, 5.24788824123, 1.07925421942, 1.98438428576, 0.973247739463, 35.3744245804, 7.87046249536, 114.47578601, 5.09383378016
