0.514804677938, 0.892144589745, 2.00337012044, 0.24164425786, 49.9800970389, 40.0837209115, 2.57839713825, 1.32511880871, 20.0580500715, 219.212540115, 0.403164882884, 0.213235294118
0.514804677938, 0.822617844746, 7.51499168384, 0.350078559776, 29.9085668169, 40.2318110918, 2.46725622209, 1.62324882065, 26.9053366732, 745.290894186, 0.386474360054, 0.322916666667
0.51304377238, 0.837034037916, 2.03373317562, 0.24164425786, 46.9594474999, 40.0423563209, 2.5884937965, 1.32511880871, 27.7325631851, 192.075199345, 0.432362969358, 0.30198019802
0.514804677938, 0.892144589745, 2.00465063117, 0.24164425786, 49.9800970389, 40.0837209115, 2.57839713825, 1.32511880871, 20.0580500715, 230.284917712, 0.391137118537, 0.616666666667
0.532100852224, 0.820531782265, 2.05055950285, 0.439970851368, 5.42373314864, 46.0943198441, 2.84474803315, 0.0891543538694, 21.1631210467, 216.941249239, 0.540684980229, 0.0
0.528466012696, 1.1579413068, 3.23521360899, 0.373744014231, 47.7969628051, 46.2559817468, 2.94749782732, 1.47079250727, 42.0210928935, 671.550941907, 0.390325697941, 0.208
0.568493249435, 0.873310518896, 2.03373317562, 0.24164425786, 46.9594474999, 40.2174306288, 2.5884937965, 1.32511880871, 20.0576583261, 200.319889293, 0.423181215057, 0.467532467532
0.808158620987, 0.93846408084, 2.1695032797, 0.423907462073, 25.7260444767, 44.5485916748, 2.18843398178, 1.07151777869, 23.0027738164, 279.381850783, 0.460810461432, 0.0
0.51304377238, 0.837034037916, 2.03373317562, 0.24164425786, 46.9594474999, 40.2318110918, 2.5884937965, 1.32511880871, 27.7325631851, 223.368488583, 0.40010357801, 0.579220779221
0.505491340998, 0.822617844746, 2.46929259606, 0.350078559776, 29.9085668169, 40.2318110918, 2.17044902841, 1.63765005994, 20.0576583261, 228.032517374, 0.46371315324, 0.0
0.526650842403, 0.892144589745, 2.16690643868, 0.24164425786, 46.9594474999, 40.0837209115, 2.19801510944, 1.32511880871, 20.0580500715, 237.446379022, 0.390246470023, 0.453815261044
0.514804677938, 0.822617844746, 2.46929259606, 0.350078559776, 29.9085668169, 40.2318110918, 2.46725622209, 1.80103163222, 26.9053366732, 308.444496459, 0.371667154909, 0.35393258427
0.521206938379, 0.837034037916, 2.15473461972, 0.245898189983, 9.44353062369, 47.5225433094, 2.84474803315, 1.26320305787, 27.7325631851, 199.199649811, 0.479202233898, 0.111940298507
0.503926864432, 0.820531782265, 2.00465063117, 0.439970851368, 7.15042410664, 46.0943198441, 2.72888688533, 0.0348526316432, 21.1631210467, 208.80739806, 0.553439878784, 0.0412371134021
0.671097375544, 0.820531782265, 2.05055950285, 0.458563406813, 5.1878529434, 45.6833015547, 2.84474803315, 0.0891543538694, 20.8949876751, 196.906681583, 0.566363306909, 0.00892857142857
0.503926864432, 0.820531782265, 2.05055950285, 0.439970851368, 14.023492135, 46.0943198441, 2.72888688533, 0.0891543538694, 21.1631210467, 221.635562731, 0.500528090023, 0.0
0.808158620987, 0.820531782265, 2.05055950285, 0.439970851368, 5.42373314864, 46.0943198441, 2.84474803315, 0.0891543538694, 21.1631210467, 190.273798678, 0.586533302203, 0.0
0.503926864432, 0.820531782265, 2.05055950285, 0.439970851368, 5.42373314864, 46.0943198441, 2.72888688533, 0.0891543538694, 21.1631210467, 218.387236537, 0.518687039601, 0.0
0.548367044111, 0.849867403769, 2.21739354095, 0.260313222839, 28.9222597616, 40.2318110918, 2.84474803315, 1.80103163222, 23.2975641241, 262.54521856, 0.396442497723, 0.441048034934
0.532100852224, 0.820531782265, 2.05055950285, 0.439970851368, 5.42373314864, 46.0943198441, 2.84474803315, 0.0891543538694, 21.1631210467, 209.43237229, 0.550127915073, 0.0
0.503382812366, 0.873310518896, 2.03373317562, 0.24164425786, 42.7282535598, 40.2174306288, 2.5884937965, 1.32511880871, 20.0576583261, 224.120905207, 0.420088965797, 0.155172413793
0.503502270211, 1.01530113489, 2.00295886849, 0.24164425786, 48.7704298172, 40.0075467499, 2.46725622209, 1.80103163222, 26.9053366732, 239.625589858, 0.445237608732, 0.109489051095
0.532100852224, 0.820531782265, 2.04438837957, 0.313712282823, 5.42373314864, 46.0943198441, 2.84474803315, 0.0891543538694, 20.8949876751, 181.973863967, 0.488080846671, 0.119318181818
0.503926864432, 0.822617844746, 2.46929259606, 0.439970851368, 29.9085668169, 40.2318110918, 2.16891580484, 1.63765005994, 20.0576583261, 292.89697471, 0.395754000446, 0.039603960396
0.51304377238, 1.01530113489, 2.02426293866, 0.24164425786, 46.9594474999, 40.2318110918, 2.5884937965, 1.32511880871, 20.0576583261, 267.741987322, 0.389101196799, 0.518828451883
0.51304377238, 1.01530113489, 2.10332548043, 0.24164425786, 46.9594474999, 40.2318110918, 2.5884937965, 1.32511880871, 26.9053366732, 276.737490534, 0.418955131653, 0.0896551724138
0.641113067155, 0.820531782265, 2.05055950285, 0.245898189983, 14.023492135, 46.0943198441, 2.84474803315, 0.0891543538694, 21.1631210467, 178.91444247, 0.570624950313, 0.0175438596491
0.503926864432, 0.820531782265, 2.05055950285, 0.439970851368, 14.023492135, 46.0943198441, 2.72888688533, 0.0891543538694, 28.0929765737, 189.138896548, 0.510611997078, 0.044776119403
0.503502270211, 1.25462017613, 4.62047398873, 0.350078559776, 46.9594474999, 40.2318110918, 2.5884937965, 1.80103163222, 26.9053366732, 956.000333292, 0.455487412586, 0.0
0.514804677938, 0.822617844746, 2.46929259606, 0.350078559776, 29.9085668169, 40.2318110918, 2.46725622209, 1.62324882065, 26.9053366732, 287.140979305, 0.446260926466, 0.045871559633
0.503926864432, 0.931398459024, 2.01122642606, 0.34754901006, 17.1766946115, 46.2801368355, 2.11641547321, 0.463090508897, 27.7325631851, 253.237878593, 0.455098087366, 0.0285714285714
0.51304377238, 1.01530113489, 2.03373317562, 0.24164425786, 46.9594474999, 40.2318110918, 2.5884937965, 1.32511880871, 20.0576583261, 239.11364722, 0.403910606464, 0.246835443038
0.526650842403, 0.822617844746, 2.15473461972, 0.335710773953, 29.9085668169, 40.2318110918, 2.46725622209, 1.80103163222, 26.9053366732, 223.059225452, 0.425300377807, 0.442379182156
0.51304377238, 0.948087197457, 2.10332548043, 0.439970851368, 46.9594474999, 40.2318110918, 2.5884937965, 1.80103163222, 20.2829423162, 247.858813607, 0.414412664034, 0.225806451613
0.588516019459, 0.822617844746, 2.46929259606, 0.309787076759, 36.7773965614, 40.2318110918, 2.84474803315, 1.80103163222, 20.8197584852, 213.892433996, 0.43112522135, 0.559556786704
0.548367044111, 0.820531782265, 2.21739354095, 0.224936569504, 10.90045277, 40.2318110918, 2.5884937965, 1.0438338141, 23.2975641241, 233.602696639, 0.412033200928, 0.611445783133
0.507427612328, 1.20585089032, 4.22508151483, 0.319931067022, 38.4145680468, 46.0708749545, 2.46320790647, 4.30574456383, 38.3355865912, 909.163830633, 0.475849689754, 0.0
0.514804677938, 0.822617844746, 2.46929259606, 0.350078559776, 29.9085668169, 40.2318110918, 2.46725622209, 1.80103163222, 26.9053366732, 250.31460311, 0.493480583019, 0.0
0.588516019459, 0.822617844746, 2.46929259606, 0.309787076759, 36.7773965614, 40.2318110918, 2.84474803315, 1.80103163222, 24.661677973, 232.102893931, 0.465086638568, 0.030303030303
0.514804677938, 0.820531782265, 2.46929259606, 0.439970851368, 29.9085668169, 49.6030054069, 2.84474803315, 1.80103163222, 21.1787112663, 286.183756881, 0.487294382547, 0.0232558139535
0.503926864432, 0.93846408084, 2.21703113068, 0.47205693, 16.1479755891, 44.5485916748, 2.18843398178, 1.78256021282, 23.0027738164, 311.786585891, 0.481232511327, 0.0
0.532100852224, 1.13566327292, 2.54103553123, 0.427509134371, 36.7773965614, 46.0943198441, 2.74849637587, 0.463090508897, 27.7325631851, 365.576317173, 0.477378872208, 0.0
0.532100852224, 0.820531782265, 2.05055950285, 0.458563406813, 5.1878529434, 46.0943198441, 2.84474803315, 0.0891543538694, 20.8949876751, 247.289708074, 0.493168546478, 0.0120481927711
0.528996919551, 0.849867403769, 2.05055950285, 0.260313222839, 29.9085668169, 46.0943198441, 2.84474803315, 1.80103163222, 23.2975641241, 238.949353298, 0.410119355152, 0.553054662379
0.521206938379, 0.837034037916, 2.15473461972, 0.245898189983, 9.44353062369, 47.5225433094, 2.81559119598, 1.26320305787, 27.7325631851, 241.377078878, 0.391614550815, 0.603878116343
0.514804677938, 0.822617844746, 2.46929259606, 0.350078559776, 29.9085668169, 40.2318110918, 2.46725622209, 1.80103163222, 26.9053366732, 319.789823675, 0.386929687459, 0.671732522796
0.526650842403, 0.931398459024, 3.14257840976, 0.34754901006, 17.1766946115, 43.9156727659, 2.11641547321, 1.80103163222, 27.7325631851, 397.542964164, 0.389918203872, 0.497991967871
0.528466012696, 1.1579413068, 2.03793130795, 0.219919216596, 1.22367564088, 42.8304066144, 2.17044902841, 1.63765005994, 42.0210928935, 431.460966882, 0.375932118624, 0.457746478873
0.51304377238, 1.01530113489, 2.02426293866, 0.24164425786, 46.9594474999, 40.2318110918, 2.5884937965, 2.18246453799, 20.0576583261, 226.375295115, 0.506066106578, 0.0460526315789
0.515672596946, 0.822617844746, 2.21703113068, 0.47205693, 16.1479755891, 45.4813035084, 2.18843398178, 1.80103163222, 23.0027738164, 228.223402031, 0.5023583785, 0.0571428571429
0.548367044111, 0.849867403769, 2.21739354095, 0.260313222839, 29.9085668169, 40.2318110918, 2.12434723756, 1.80103163222, 23.2975641241, 223.465000089, 0.505793646316, 0.0833333333333
0.808158620987, 0.820531782265, 2.05055950285, 0.439970851368, 5.42373314864, 41.939511494, 2.84474803315, 0.027819594704, 21.1631210467, 205.378928577, 0.594698221124, 0.0
0.532100852224, 0.820531782265, 2.04438837957, 0.313712282823, 5.42373314864, 46.0943198441, 2.84474803315, 0.0891543538694, 20.8949876751, 234.655288206, 0.520779589837, 0.0285714285714
0.686288340271, 0.837034037916, 2.1695032797, 0.407483729614, 7.8096787075, 47.5225433094, 2.18843398178, 0.0494879739338, 30.6002325329, 250.247098224, 0.52934500718, 0.0
0.514804677938, 0.822617844746, 2.05055950285, 0.245898189983, 14.023492135, 46.0943198441, 2.84474803315, 0.0891543538694, 21.1631210467, 226.0252786, 0.521364921151, 0.0375939849624
0.503926864432, 0.931398459024, 2.01122642606, 0.34754901006, 17.1766946115, 43.9156727659, 2.11641547321, 0.463090508897, 27.7325631851, 218.776597291, 0.546523225084, 0.00833333333333
0.503926864432, 0.93846408084, 2.21703113068, 0.47205693, 16.1479755891, 44.5485916748, 2.5884937965, 1.78256021282, 23.0027738164, 232.519453685, 0.576733569095, 0.0
0.808158620987, 0.820531782265, 2.05055950285, 0.439970851368, 5.42373314864, 40.2318110918, 2.5884937965, 0.0891543538694, 21.1631210467, 215.307137505, 0.593452985797, 0.0
0.526650842403, 0.822617844746, 2.11232502398, 0.201612835496, 46.9594474999, 40.185170569, 2.89800936193, 1.80103163222, 26.9053366732, 224.808260505, 0.459422723559, 0.386617100372
0.51304377238, 0.948087197457, 2.10332548043, 0.24164425786, 46.9594474999, 40.0491740799, 2.5884937965, 1.2439266757, 22.2323316088, 237.885344488, 0.428423821186, 0.177777777778
0.514804677938, 0.892144589745, 2.29939983192, 0.24164425786, 49.9443659469, 40.0837209115, 2.57839713825, 1.32511880871, 20.0580500715, 234.736879128, 0.461845001224, 0.278846153846
0.503926864432, 0.93846408084, 2.21703113068, 0.47205693, 16.1479755891, 44.5485916748, 2.18843398178, 1.78256021282, 23.0027738164, 232.900390934, 0.462065253668, 0.189189189189
0.51304377238, 0.837034037916, 2.03373317562, 0.24164425786, 46.9594474999, 40.2318110918, 2.5884937965, 1.32511880871, 27.7325631851, 265.540883313, 0.423721211742, 0.184210526316
0.540346748299, 0.822617844746, 2.15473461972, 0.335710773953, 29.9085668169, 40.2318110918, 2.46725622209, 1.80103163222, 26.9053366732, 271.837700297, 0.436248448418, 0.155963302752
0.52224845, 0.892144589745, 2.22012672537, 0.390469884511, 46.9594474999, 40.2318110918, 2.5884937965, 1.32511880871, 20.0580500715, 197.900062036, 0.508536390107, 0.222222222222
0.532100852224, 1.17193909539, 2.10332548043, 0.24164425786, 5.42373314864, 40.2318110918, 2.5884937965, 1.32511880871, 26.9053366732, 370.818319167, 0.403060204488, 0.452261306533
0.512392726152, 0.892144589745, 7.07451017182, 0.24164425786, 49.9800970389, 40.0837209115, 2.57839713825, 0.430511338471, 20.0208726006, 686.129590783, 0.454532970325, 0.0428571428571
0.52224845, 0.892144589745, 2.46929259606, 0.24164425786, 48.3389353585, 40.0837209115, 2.84474803315, 1.32511880871, 20.0580500715, 324.890074418, 0.396389764405, 0.459016393443
0.528466012696, 1.1579413068, 3.23521360899, 0.219919216596, 1.22367564088, 42.8304066144, 2.17044902841, 1.63765005994, 42.0210928935, 609.94076375, 0.395756713977, 0.426315789474
0.528466012696, 1.1579413068, 7.85617937783, 0.219919216596, 1.22367564088, 40.2318110918, 2.46725622209, 1.80103163222, 20.1102919534, 1297.21525404, 0.397822981496, 0.207407407407
0.514804677938, 0.822617844746, 7.51499168384, 0.350078559776, 29.9085668169, 40.2318110918, 2.46725622209, 1.62324882065, 26.9053366732, 759.037321658, 0.40572716671, 0.233333333333
0.514804677938, 0.822617844746, 2.46929259606, 0.350078559776, 29.9085668169, 40.2318110918, 2.46725622209, 1.80103163222, 26.9053366732, 275.249147216, 0.403391862492, 0.551724137931
0.548367044111, 0.849867403769, 2.21739354095, 0.260313222839, 29.9085668169, 40.2318110918, 2.84474803315, 1.80103163222, 23.2975641241, 322.845515431, 0.391323177165, 0.58606557377
0.500212659911, 1.01530113489, 2.00295886849, 0.24164425786, 48.7704298172, 40.0075467499, 2.11879300537, 1.80103163222, 26.9053366732, 280.865125901, 0.398358505349, 0.558935361217
0.51304377238, 1.20721431363, 2.04594408903, 0.427509134371, 36.7773965614, 40.2318110918, 2.5884937965, 1.80103163222, 26.9053366732, 271.991110947, 0.395962463872, 0.593137254902
0.503502270211, 1.25462017613, 2.10332548043, 0.24164425786, 46.9594474999, 40.2318110918, 2.5884937965, 1.80103163222, 26.9053366732, 309.012283646, 0.393264758967, 0.563176895307
0.526650842403, 0.822617844746, 2.46929259606, 0.350078559776, 29.9085668169, 40.2318110918, 2.46725622209, 1.80103163222, 26.9053366732, 329.443833678, 0.389793580977, 0.537549407115
0.503502270211, 1.25462017613, 2.10332548043, 0.24164425786, 46.9594474999, 40.2318110918, 2.5884937965, 1.80103163222, 26.9053366732, 309.789824048, 0.43160876818, 0.156862745098
0.514804677938, 0.93846408084, 2.46929259606, 0.350078559776, 25.7260444767, 44.5485916748, 2.46725622209, 1.80103163222, 28.2601917082, 367.820928593, 0.441829867834, 0.144144144144
0.51304377238, 0.931398459024, 3.70353935351, 0.24164425786, 46.9594474999, 44.6456762245, 2.5884937965, 1.72281125413, 26.9053366732, 458.002790419, 0.422757907529, 0.214285714286
0.51304377238, 0.931398459024, 3.70353935351, 0.475816518598, 46.9594474999, 44.6456762245, 2.5884937965, 1.72281125413, 26.9053366732, 493.748815939, 0.421645712847, 0.0978260869565
0.528466012696, 1.1579413068, 3.23521360899, 0.219919216596, 1.22367564088, 40.2318110918, 2.17044902841, 1.63765005994, 20.0576583261, 432.265644817, 0.422763603687, 0.20325203252
0.521206938379, 0.837034037916, 2.15473461972, 0.449191297237, 9.44353062369, 46.0943198441, 2.81559119598, 4.0875624796, 26.1249090577, 186.579205031, 0.593754972073, 0.340909090909
0.503926864432, 0.820531782265, 2.05055950285, 0.439970851368, 14.023492135, 46.0943198441, 2.72888688533, 0.0891543538694, 28.0929765737, 205.494024258, 0.588571038716, 0.056
0.521206938379, 0.837034037916, 2.15473461972, 0.449191297237, 9.44353062369, 47.5225433094, 2.81559119598, 0.463090508897, 27.7325631851, 207.197890074, 0.579490986545, 0.0666666666667
0.532100852224, 0.820531782265, 2.05055950285, 0.439970851368, 5.42373314864, 46.0943198441, 2.84474803315, 0.0891543538694, 21.1631210467, 221.841106018, 0.524915538161, 0.0588235294118
0.532100852224, 0.820531782265, 2.05055950285, 0.439970851368, 5.42373314864, 46.0943198441, 2.84474803315, 0.0891543538694, 21.1631210467, 197.637168953, 0.566702207696, 0.0745341614907
0.532100852224, 0.820531782265, 2.05055950285, 0.439970851368, 5.42373314864, 46.0943198441, 2.84474803315, 0.00667247629417, 21.1631210467, 217.626803761, 0.536135409362, 0.11320754717
0.503502270211, 1.25462017613, 2.10332548043, 0.24164425786, 46.9594474999, 40.0075467499, 2.46725622209, 1.80103163222, 26.9053366732, 349.782810382, 0.453805863431, 0.129496402878
0.503502270211, 1.25462017613, 2.10332548043, 0.24164425786, 46.9594474999, 40.0075467499, 2.46725622209, 1.80103163222, 26.9053366732, 366.168732087, 0.458495022377, 0.126984126984
0.503926864432, 0.891186048409, 6.10490970045, 0.430065131868, 20.2119568769, 49.7033380841, 2.12434723756, 2.80244914999, 42.4025545398, 922.940349413, 0.457144998201, 0.0344827586207
0.548367044111, 0.849867403769, 2.21739354095, 0.260313222839, 29.9085668169, 40.2318110918, 2.84474803315, 1.80103163222, 23.2975641241, 261.40968131, 0.46218325409, 0.0661157024793
0.51304377238, 0.948087197457, 2.10332548043, 0.439970851368, 46.9594474999, 40.2318110918, 2.5884937965, 1.80103163222, 22.2323316088, 269.101004771, 0.459939283108, 0.168918918919
0.526650842403, 0.892144589745, 2.16690643868, 0.24164425786, 46.9594474999, 40.0491740799, 2.19801510944, 1.32511880871, 20.0580500715, 254.981182737, 0.460245640346, 0.0740740740741
0.51304377238, 1.01530113489, 2.10332548043, 0.350078559776, 43.2743326851, 42.3140188737, 2.42361066729, 1.72281125413, 26.9053366732, 319.060938472, 0.483849052618, 0.0
0.642709101044, 0.822617844746, 2.46929259606, 0.309787076759, 46.9594474999, 40.2318110918, 2.84474803315, 1.80103163222, 26.9053366732, 250.681816617, 0.409366763441, 0.651260504202
0.528466012696, 1.1579413068, 3.23521360899, 0.373744014231, 11.7813168947, 46.2559817468, 2.94749782732, 1.63765005994, 42.0210928935, 542.766122816, 0.377193554096, 0.510869565217
0.808158620987, 0.820531782265, 2.05055950285, 0.439970851368, 13.5032977957, 46.0943198441, 2.84474803315, 0.0891543538694, 21.1631210467, 214.109344065, 0.620846868746, 0.0178571428571
0.503502270211, 1.25462017613, 4.62047398873, 0.350078559776, 46.9594474999, 40.2318110918, 2.5884937965, 1.80103163222, 26.9053366732, 896.528046394, 0.453533009931, 0.1
0.808158620987, 0.820531782265, 2.05055950285, 0.439970851368, 13.5032977957, 49.9238823674, 2.18709071223, 0.0891543538694, 20.7341864471, 200.472675585, 0.597963885416, 0.180995475113
