0.102962071519, 0.844386677275, 2.05629198035, 0.933120761312, 87.0087149735, 6.95042918526, 0.336510031821, 0.934166943726, 12.6670362838, 99.9848063393, 0.0281299183324, 0.0
0.119988035502, 0.898548334262, 5.28970515699, 0.786251477358, 97.9171136748, 1.18993824931, 0.783365475623, 2.05779547949, 13.3630102563, 269.60164785, 0.00555944498917, 0.0
0.162021605418, 0.934448365656, 7.0742448113, 0.914768445331, 95.5995810668, 5.4947764055, 0.861973148871, 4.73920310844, 11.2809410258, 0.0, 1.0, 0.0
0.102962071519, 0.844386677275, 2.16867353314, 0.933120761312, 87.0087149735, 6.95042918526, 0.336510031821, 0.934166943726, 12.6670362838, 83.7574713232, 0.0364684044036, 0.153846153846
0.109396772161, 0.883750602511, 5.42886359851, 0.816270894668, 87.2628215862, 1.50089567114, 0.169126634434, 2.3698780007, 15.0023712577, 275.508388148, 0.00279066249195, 0.0
0.141637330267, 0.893648811282, 2.13119319688, 0.796935321618, 94.283804712, 4.55450308828, 0.429850781363, 3.89177985971, 18.4757333339, 159.988375982, 0.0128806080652, 0.0
0.160614349091, 0.897164336542, 3.3936487181, 0.748449347151, 85.5592268173, 4.15106675905, 0.101644814651, 0.0702860811369, 18.5927671922, 110.365316013, 0.0384800569895, 0.0
0.148758454338, 1.25608539856, 2.57854819986, 0.647305326945, 98.7969145241, 5.52154442744, 0.71411862133, 3.44438055358, 15.4859348376, 95.4213518328, 0.105094451685, 0.357142857143
0.186398017898, 1.0776597221, 5.35206386296, 0.709920465467, 85.9320396019, 1.56366345155, 0.568972985984, 0.501269847675, 18.5363992783, 453.109409722, 0.0120409116317, 0.0
0.180079454295, 0.847523610592, 4.6822643967, 0.695556225421, 83.8050596205, 1.04877194171, 0.935648617563, 1.21764981754, 10.5639871693, 186.852640541, 0.0151658893255, 0.45
0.119241207529, 0.954525413644, 7.50135742987, 0.836020621079, 90.6338565852, 2.37585611931, 0.51165803702, 2.65845251925, 12.9078936562, 257.397668722, 0.0146403490674, 0.0666666666667
0.149432107872, 0.84371684088, 5.66138982896, 0.939559570206, 98.0487357421, 3.26915792386, 0.917899791698, 2.34535595184, 17.8391506823, 188.102188052, 0.0230476152262, 0.0
0.180079454295, 0.847523610592, 4.6822643967, 0.695556225421, 83.8050596205, 1.04877194171, 0.935648617563, 1.21764981754, 10.5639871693, 253.801865998, 0.0179978762145, 0.391304347826
0.111780468796, 0.896674108317, 4.60895832389, 0.801643648554, 90.3287288938, 1.94605904539, 0.83728293141, 0.93322493469, 15.1880537083, 168.58668429, 0.0209437029326, 0.357142857143
0.102932905334, 1.24560572512, 3.69898464645, 0.676788364924, 83.5326310276, 3.57874191914, 0.33662485924, 4.52299146179, 19.2167961837, 293.465385734, 0.0155274461017, 0.0
0.109396772161, 0.883750602511, 5.42886359851, 0.816270894668, 96.0518006039, 1.50089567114, 0.169126634434, 2.3698780007, 15.0023712577, 226.865515222, 0.0151638095291, 0.566666666667
0.101375832477, 1.07855656221, 2.13119319688, 0.63308330041, 87.9461235784, 6.4681806042, 0.429850781363, 0.921762548307, 17.5117288249, 159.604537296, 0.0500104283143, 0.0
0.114730435686, 0.858432376259, 2.25646196348, 0.706796909121, 95.7425303081, 8.49975162243, 0.588640747332, 4.71891677529, 17.5727950224, 131.730298635, 0.106505059366, 0.0833333333333
0.134575900063, 1.10559081467, 3.08552207252, 0.856266553756, 99.3546556064, 4.10680730445, 0.417460103703, 0.954083212126, 18.4529348857, 180.278821837, 0.0395832336192, 0.0
0.153387052191, 0.890521780557, 5.67308956669, 0.929917183242, 87.3305598392, 8.7068708604, 0.258974663675, 0.431649517903, 14.2861931578, 145.24120567, 0.0699743470894, 0.0
0.138990483627, 0.855791217361, 4.99221556284, 0.937763570679, 94.4513749014, 2.21776835987, 1.7179787616, 4.18347312602, 17.2369340353, 468.988537732, 0.0123279727695, 0.0
0.114044910171, 0.904464333493, 4.99332679052, 0.795165035395, 83.6822628895, 1.30851805073, 0.0339565917158, 3.91442267619, 16.9819868599, 196.989904234, 0.0207791211086, 0.590909090909
0.138878546889, 0.855791217361, 4.99221556284, 0.937763570679, 94.4513749014, 2.21776835987, 0.143422482806, 4.18347312602, 17.2369340353, 250.651019858, 0.023428036278, 0.2
0.149432107872, 0.84371684088, 5.66138982896, 0.939559570206, 87.8957443371, 3.26915792386, 0.917899791698, 2.34535595184, 17.8391506823, 225.627624558, 0.0245310556587, 0.0
0.113354091559, 1.10559081467, 3.08552207252, 0.856266553756, 99.3546556064, 4.10680730445, 0.417460103703, 0.954083212126, 18.4529348857, 218.078186046, 0.0252886591819, 0.0833333333333
0.136942908477, 0.826226400557, 4.99852298594, 0.729770275886, 88.281263556, 1.61676529389, 0.445171965692, 0.348248217403, 10.5284231056, 185.846941029, 0.0345512161229, 0.5
0.136942908477, 0.826226400557, 4.99852298594, 0.810774438131, 88.281263556, 1.61676529389, 0.445171965692, 0.348248217403, 19.4355296986, 266.845728238, 0.0210360125644, 0.421052631579
0.177724140864, 0.973560628881, 6.16736845873, 0.63763202191, 82.6964889045, 2.1722073468, 0.615867021023, 1.45125418333, 16.525701279, 372.164532603, 0.0165128569837, 0.0
0.123887352851, 0.900690337723, 5.08848451742, 0.680220892385, 99.4169571616, 2.53431672367, 0.469139847254, 0.493483121874, 14.0659142406, 332.573998695, 0.0168343796576, 0.0909090909091
0.114730435686, 0.990755052807, 2.25646196348, 0.752602890572, 99.9240552659, 8.49975162243, 0.588640747332, 4.71891677529, 14.6490627909, 166.189492723, 0.0508846415723, 0.0
0.148758454338, 1.25608539856, 2.43325801138, 0.647305326945, 98.7969145241, 5.52154442744, 0.71411862133, 3.44438055358, 15.4859348376, 164.207333855, 0.0560216929723, 0.0
0.199765507482, 0.942826709114, 2.38582445433, 0.621113759685, 82.4463374437, 4.66900293433, 0.0952941041081, 0.842246814473, 12.7076559788, 144.160876046, 0.11805391399, 0.260869565217
0.111871210801, 1.24433445289, 2.43325801138, 0.691441910975, 95.5938390279, 7.37086633497, 0.893354588054, 2.5177000285, 12.3485608792, 215.783137077, 0.0402254419104, 0.411764705882
0.199765507482, 0.942826709114, 2.38582445433, 0.621113759685, 82.4463374437, 4.66900293433, 0.0952941041081, 0.842246814473, 12.7076559788, 180.60793885, 0.0476603813391, 0.333333333333
0.119988035502, 0.898548334262, 5.28970515699, 0.786251477358, 99.4169571616, 1.18993824931, 1.40521067236, 2.05779547949, 13.3630102563, 489.058120921, 0.0125827915481, 0.268292682927
0.12066907951, 1.09496560993, 2.24274405995, 0.670968942906, 83.7028674528, 2.89994958217, 1.98319179555, 3.52098049152, 16.5626891743, 237.985277867, 0.0249160777359, 0.0454545454545
0.115237842562, 1.01806500032, 4.88737873352, 0.644360264682, 91.8445705712, 3.03491018154, 0.0636583836579, 0.00309558801393, 17.825552071, 279.068702315, 0.0281175827219, 0.0
0.101735092523, 0.903942013714, 4.92878002142, 0.867162394615, 92.8715658889, 8.69184041687, 1.85468933063, 3.87960587305, 18.8396319109, 319.459067734, 0.0276009238609, 0.0
0.100235614079, 0.989673418666, 5.57831333747, 0.8028683979, 91.3559038229, 6.10311913052, 0.897120401097, 2.82821920712, 13.8882306757, 230.200493225, 0.0309548523571, 0.0
0.123887352851, 0.900690337723, 5.08848451742, 0.692188635301, 97.9171136748, 2.53431672367, 0.469139847254, 0.493483121874, 14.0659142406, 206.912502982, 0.0367385887493, 0.6
0.104067552596, 1.22260052602, 4.91723217989, 0.774919632946, 82.0431981848, 1.42418036215, 0.84619188989, 1.69516626503, 10.9889229428, 512.630810757, 0.0170289823575, 0.0
0.109014597605, 1.17729536576, 7.56385447324, 0.714667051982, 87.9769809113, 4.1100002398, 0.201082363355, 4.32485946232, 15.3629626679, 511.494782768, 0.0205616561416, 0.0
0.191616872579, 1.0776597221, 5.35206386296, 0.709920465467, 86.0989193805, 1.56366345155, 0.568972985984, 0.501269847675, 18.5363992783, 401.684634344, 0.0182905196869, 0.0714285714286
0.106049987469, 1.08914412915, 4.95152233056, 0.898610191447, 90.2071379552, 5.35057792598, 1.71003729455, 1.52045710154, 19.42425201, 467.547055435, 0.0265124243171, 0.0
0.199757126976, 0.972555616871, 6.50545582572, 0.910172920108, 89.2472036273, 3.92181783865, 0.372120493689, 3.48673152831, 17.6482077023, 435.415738399, 0.0177307221382, 0.142857142857
0.119241207529, 0.954525413644, 7.50135742987, 0.836020621079, 90.6338565852, 2.37585611931, 0.51165803702, 2.65845251925, 12.9078936562, 335.687112819, 0.0221375570418, 0.5
0.160440363646, 0.835501295562, 2.55344224861, 0.928435796771, 87.8945713914, 9.21529674939, 1.65789871185, 0.883619355068, 12.0576628241, 169.702358467, 0.107006038884, 0.107142857143
0.199716731571, 0.853020221288, 3.65951048903, 0.641617899837, 90.0991609791, 2.99662606233, 0.674642684368, 3.44646083894, 19.2072882942, 200.039077296, 0.0759713179627, 0.190476190476
0.186180151057, 0.921443891225, 3.11803773092, 0.679960561644, 97.8133446328, 5.2239348923, 0.706406475031, 1.77925948, 17.1038274705, 168.450535304, 0.0638209056958, 0.25
0.111871210801, 1.24433445289, 2.57854819986, 0.691441910975, 89.1911936706, 9.54679374761, 0.893354588054, 2.5177000285, 12.3485608792, 187.794974322, 0.0830456822755, 0.1
0.153387052191, 0.890521780557, 5.67544650884, 0.929917183242, 90.1248471972, 8.7068708604, 0.258974663675, 1.10588299714, 14.2861931578, 219.861400141, 0.0562583045866, 0.166666666667
0.168342210394, 0.835849751719, 2.83545212008, 0.826360198329, 94.2973660615, 9.54442427221, 0.0253245614147, 2.73649257053, 15.6673195704, 167.950166534, 0.186216844968, 0.444444444444
0.119914967929, 0.982510224334, 2.00258818683, 0.946191708719, 86.1465517278, 5.05213774408, 1.06854017774, 1.2739862415, 16.1387233322, 186.77765521, 0.0608718740681, 0.490566037736
0.184650252736, 1.04351215197, 2.89587915169, 0.821325161116, 96.1675831259, 5.21650862851, 0.439474594999, 0.821377574905, 13.1642165429, 195.0197954, 0.056399917624, 0.4
0.186180151057, 0.921443891225, 3.11803773092, 0.679960561644, 97.8133446328, 5.2239348923, 0.706406475031, 1.77925948, 13.3602299077, 191.892334717, 0.0612855956046, 0.461538461538
0.197834337646, 1.1999331647, 2.32621277014, 0.768348419003, 82.1499989564, 1.76747463916, 1.22104581171, 2.42415113415, 18.1716787318, 208.804744575, 0.0526838829113, 0.464912280702
0.197834337646, 1.1999331647, 2.32621277014, 0.88522677267, 82.1499989564, 1.76747463916, 1.22104581171, 2.42415113415, 18.1716787318, 238.567836175, 0.025936734323, 0.046511627907
0.194370590659, 1.10351802821, 4.94619909978, 0.758738728967, 99.1075245923, 3.92962879221, 0.874428282049, 4.23065929774, 13.2310714629, 230.48879932, 0.0390840867471, 0.333333333333
0.149692731015, 1.05116202583, 4.83908095736, 0.763858943557, 94.8842744568, 5.10521395208, 0.52756245893, 2.80613275541, 17.7211529958, 332.325660152, 0.0652758997702, 0.0
0.199716731571, 0.820761870733, 4.9674536978, 0.641617899837, 90.0991609791, 2.3648021305, 0.674642684368, 3.44646083894, 19.2072882942, 232.779870153, 0.0316604646591, 0.423076923077
0.133561123762, 0.94073306657, 4.85343896169, 0.90478734836, 92.8899067531, 6.45363277174, 1.73966920082, 1.50712758637, 16.8852834415, 351.439472705, 0.0319962233326, 0.0
0.166462991405, 1.08829967861, 3.48747252327, 0.892861012504, 95.9925849339, 2.78733695262, 1.41781033099, 0.648765243756, 14.42879185, 316.230862603, 0.0338730384366, 0.0408163265306
0.128443491956, 1.02866380487, 7.8205847695, 0.892435032585, 91.3690636252, 2.65800567933, 1.09490791389, 0.796542817936, 17.4340830995, 578.421286225, 0.0205228077081, 0.0196078431373
0.12066907951, 1.09496560993, 5.53936642557, 0.670968942906, 83.7028674528, 2.89994958217, 1.98319179555, 4.4544960009, 16.5626891743, 585.813792851, 0.0179276792995, 0.0
0.103582750524, 0.958182992631, 6.32748576972, 0.647168779442, 85.8304913367, 2.40039276239, 1.57921524745, 4.79335711985, 19.0389281409, 538.995387545, 0.017196141348, 0.0980392156863
0.141687216972, 1.22882110607, 5.97255809399, 0.694437783484, 84.7215727268, 1.35719685877, 0.683012355547, 2.51853359801, 11.7008110053, 496.846960082, 0.0222146356415, 0.3
0.111213652913, 1.15287966605, 4.99332679052, 0.664259468969, 96.4897103129, 1.30851805073, 1.17865665607, 0.449886625016, 16.9554471015, 538.973610323, 0.0210341692368, 0.342105263158
0.199757126976, 0.972555616871, 2.89587915169, 0.910172920108, 89.2472036273, 3.92181783865, 0.372120493689, 3.48673152831, 17.6482077023, 174.719395426, 0.0976836523369, 0.416666666667
0.166881314986, 1.12142518902, 3.88372098933, 0.884620140994, 87.891739714, 7.62051774142, 0.598979924877, 0.155981761172, 15.0399206815, 211.131712437, 0.230189667387, 0.25
0.168342210394, 0.835849751719, 6.01836891675, 0.826360198329, 94.2973660615, 9.54442427221, 0.0253245614147, 3.237005909, 13.0508104452, 225.831547296, 0.159361316141, 0.2
0.160614349091, 0.897164336542, 3.3936487181, 0.748449347151, 85.5592268173, 4.15106675905, 0.101644814651, 0.109058801822, 18.5927671922, 198.231917467, 0.0727774483458, 0.538461538462
0.143216099015, 0.856846294827, 4.08074815175, 0.707901829128, 94.241460691, 8.28605949768, 0.943658232902, 3.02565849589, 16.1643441399, 213.404547684, 0.0700416326473, 0.541666666667
0.111780468796, 0.896674108317, 6.42850793504, 0.801643648554, 85.8015875801, 1.94605904539, 0.83728293141, 0.93322493469, 15.1880537083, 242.164783588, 0.0283880083604, 0.352941176471
0.133954408018, 1.06451393845, 3.94784822002, 0.900580426656, 88.2375327418, 3.61783255634, 0.154665277282, 4.43138848443, 16.2952863449, 289.509528785, 0.029610243002, 0.133333333333
0.129345177435, 1.18580046123, 3.92949351847, 0.762396154975, 82.3269692218, 2.57245459223, 1.9705778518, 1.3740484247, 12.9258047007, 454.958147516, 0.0293935150267, 0.347222222222
0.140013788197, 0.910771011794, 6.78780931453, 0.774209167504, 97.4753646766, 4.70268147555, 0.406853909408, 0.157778577468, 12.4720576859, 300.851091302, 0.0330657917081, 0.0714285714286
0.165476674494, 1.25903422923, 2.4891544994, 0.870993392459, 99.9471690543, 5.3767290103, 0.0292375735619, 0.280374750414, 19.9164781165, 247.467443966, 0.05880266461, 0.0769230769231
0.189543593319, 0.963411981422, 2.4891544994, 0.88696813477, 80.6262239939, 3.07900138861, 1.03162541612, 3.54414010332, 11.4091911817, 242.650384943, 0.0359150814809, 0.307692307692
0.133954408018, 1.06451393845, 3.94784822002, 0.900580426656, 88.2375327418, 3.61783255634, 0.154665277282, 4.43138848443, 16.2952863449, 283.253361621, 0.0353945643975, 0.153846153846
0.162937676324, 0.858432376259, 6.98886732029, 0.706796909121, 95.7425303081, 9.34235198605, 0.52370341182, 0.883948458062, 17.5727950224, 347.516838396, 0.132858922274, 0.0
0.132175695381, 1.09981185316, 3.57631785162, 0.647849349108, 93.3161978757, 8.92200835591, 1.20564244415, 0.539343363156, 14.9627102216, 339.530875341, 0.0702960060596, 0.0322580645161
0.134680276752, 0.8584135054, 7.43720823288, 0.745036445979, 94.4214764074, 5.37804592712, 1.46094106891, 4.15236408586, 19.3163881811, 443.453792022, 0.0418828853059, 0.0
0.166881314986, 1.14238878769, 3.88372098933, 0.884620140994, 87.891739714, 7.62051774142, 0.598979924877, 0.155981761172, 15.0399206815, 374.918018704, 0.0487694992705, 0.0
0.134680276752, 0.8584135054, 7.49961346545, 0.745036445979, 94.4214764074, 5.37804592712, 1.46094106891, 0.279581314727, 19.3163881811, 489.13853361, 0.0381387310909, 0.0
0.140137541674, 0.953395439625, 5.17245142887, 0.815488239895, 86.8600199727, 8.67832770192, 1.09560051915, 2.37264338013, 14.9627102216, 425.072980258, 0.0455674961686, 0.0
0.189543593319, 0.963411981422, 6.53226065221, 0.88696813477, 80.6262239939, 3.07900138861, 1.03162541612, 3.54414010332, 11.4091911817, 728.944175095, 0.0227544759523, 0.0
0.140013788197, 1.19131301017, 6.78780931453, 0.774209167504, 82.0431981848, 1.12350911631, 0.490730248938, 1.0390192803, 19.2317343038, 704.574535559, 0.021815816905, 0.53125
0.111766983539, 0.836485196384, 4.68288786378, 0.789106724401, 94.241460691, 8.28605949768, 0.174914362656, 4.18552975695, 12.6690532248, 220.550769338, 0.143621711299, 0.428571428571
0.109800189786, 0.917345712885, 6.57052360139, 0.800109365607, 97.9977603853, 7.19321980941, 0.567034812214, 2.15214151074, 13.7349462812, 198.808019844, 0.085427132214, 0.611111111111
0.172636602454, 1.14990647959, 6.43877221454, 0.793640901772, 83.4275434029, 7.16181255547, 0.211052677423, 2.72292653128, 19.4834274825, 722.155501044, 0.046362411948, 0.0
0.111213652913, 1.15287966605, 7.32245016197, 0.664259468969, 96.4897103129, 3.67749992538, 1.17865665607, 0.449886625016, 16.9554471015, 1044.39964828, 0.0272584738157, 0.170731707317
0.138990483627, 1.12604701704, 6.75245216657, 0.915408835211, 96.8902453233, 2.77278788902, 1.35200819825, 2.81980088341, 10.4859802149, 738.61857668, 0.0289028717964, 0.0363636363636
0.101102400939, 0.958182992631, 6.32748576972, 0.647168779442, 85.8304913367, 2.40039276239, 1.57921524745, 4.79335711985, 19.0389281409, 681.868391293, 0.0304956579461, 0.4375
0.168053820932, 0.925995244985, 6.86745860683, 0.612279285584, 91.0170039954, 9.93518357582, 0.468510438081, 3.77684738564, 19.4402500503, 315.611141764, 0.10800281018, 0.111111111111
0.180680303417, 0.871107103111, 5.35557879106, 0.664574206409, 95.4687563006, 9.42710794314, 0.306902757892, 0.507177626725, 19.3475220915, 262.361132658, 0.141391723156, 0.227272727273
0.194033216692, 0.947066846496, 6.1348158574, 0.710601322868, 95.8946227202, 7.26420834934, 0.461838211758, 1.41996039569, 13.4221496202, 241.576603547, 0.113657286867, 0.588235294118
0.181010697805, 1.09033660941, 3.86944271483, 0.91970831936, 95.9230647282, 9.6494301685, 1.33205242118, 1.93211140671, 17.0503526939, 398.370407136, 0.114850955916, 0.0212765957447
0.111766983539, 1.09177192841, 4.68288786378, 0.789106724401, 81.2086786556, 9.70766934875, 0.174914362656, 3.3467674896, 12.6690532248, 373.298178219, 0.06796297847, 0.166666666667
0.109800189786, 0.917345712885, 6.57052360139, 0.800109365607, 97.9977603853, 7.19321980941, 0.896914066628, 2.15214151074, 13.7349462812, 288.07222679, 0.0549681062901, 0.266666666667
0.102932905334, 1.24560572512, 3.69898464645, 0.676788364924, 83.5326310276, 3.57874191914, 0.33662485924, 4.52299146179, 19.2167961837, 308.58171999, 0.0391030999002, 0.318181818182
