-1.0, 0.0, 0.0, 1.0, 2.0, 2.0, 2.0, 3.0, 0.0, 0.0, -1.0, -1.0, 0.0, -1.0, -1.0, 0.0, -1.0, 2.0, 2.0, -1.0, -1.0, 1.0, 3.0, 3.0, 3.0, 1.0, 3.0, 0.0, 2.0, 3.0, 1.0, 1.0, 1.0, 3.0, 2.0, 2.0, 1.0, 0.0, 3.0, 0.0, 2.0, 2.0, 1.0, 0.0, 0.0, 2.0, 1.0, 0.0, -1.0, 1.0, 96937.0, 621.0, 99448.0
-1.0, 0.0, 0.0, 1.0, 2.0, 2.0, 2.0, 3.0, 0.0, 0.0, -1.0, -1.0, 0.0, -1.0, -1.0, 0.0, -1.0, 2.0, 2.0, -1.0, -1.0, 1.0, 3.0, 3.0, 3.0, 1.0, 3.0, 0.0, 2.0, 3.0, 1.0, 1.0, 1.0, 3.0, 2.0, 2.0, 1.0, 0.0, 3.0, 0.0, 2.0, 2.0, 1.0, 0.0, 0.0, 2.0, 1.0, 0.0, -1.0, 1.0, 96937.0, 621.0, 99448.0
2.0, 0.0, -1.0, 3.0, 0.0, 2.0, 1.0, 0.0, 2.0, -1.0, -1.0, 0.0, 0.0, 3.0, 3.0, -1.0, 0.0, 2.0, 0.0, 2.0, -1.0, 1.0, 3.0, 1.0, 2.0, 1.0, -1.0, 1.0, 2.0, 1.0, 3.0, 3.0, 0.0, -1.0, -1.0, 1.0, 1.0, 1.0, 0.0, 1.0, 3.0, 0.0, 3.0, 0.0, 2.0, 3.0, -1.0, -1.0, 3.0, -1.0, 97271.0, 567.0, 99477.0
3.0, 2.0, 0.0, 2.0, 0.0, 3.0, 1.0, 0.0, 2.0, -1.0, -1.0, 3.0, 2.0, -1.0, -1.0, -1.0, 3.0, 0.0, 1.0, 2.0, 0.0, 3.0, 3.0, -1.0, -1.0, 1.0, 0.0, 0.0, -1.0, 2.0, -1.0, 0.0, 1.0, 2.0, 0.0, 2.0, 0.0, 2.0, 1.0, 1.0, 1.0, -1.0, 1.0, 2.0, 1.0, 0.0, 1.0, -1.0, 1.0, -1.0, 97237.0, 552.0, 99496.0
3.0, 2.0, 0.0, 2.0, 0.0, 3.0, 1.0, 0.0, 2.0, -1.0, -1.0, 3.0, 2.0, -1.0, -1.0, -1.0, 3.0, 0.0, 1.0, 2.0, 0.0, 3.0, 3.0, -1.0, -1.0, 1.0, 0.0, 0.0, -1.0, 2.0, -1.0, 0.0, 1.0, 2.0, 0.0, 2.0, 0.0, 2.0, 1.0, 1.0, 1.0, -1.0, 1.0, 2.0, 1.0, 0.0, 1.0, -1.0, 1.0, -1.0, 97237.0, 552.0, 99496.0
-1.0, 3.0, 0.0, 2.0, 3.0, 2.0, -1.0, 1.0, 1.0, 0.0, -1.0, 3.0, 2.0, 2.0, -1.0, 1.0, 1.0, 1.0, 2.0, -1.0, -1.0, 3.0, 2.0, 0.0, -1.0, 0.0, 3.0, 0.0, 2.0, -1.0, 0.0, 1.0, 1.0, 1.0, 3.0, 0.0, 1.0, 2.0, 2.0, 1.0, 0.0, 0.0, 3.0, 2.0, -1.0, 0.0, 0.0, 2.0, 3.0, 1.0, 97045.0, 604.0, 99442.0
-1.0, 3.0, 0.0, 2.0, 3.0, 2.0, -1.0, 1.0, 1.0, 0.0, -1.0, 3.0, 2.0, 2.0, -1.0, 1.0, 1.0, 1.0, 2.0, -1.0, -1.0, 3.0, 2.0, 0.0, -1.0, 0.0, 3.0, 0.0, 2.0, -1.0, 0.0, 1.0, 1.0, 1.0, 3.0, 0.0, 1.0, 2.0, 2.0, 1.0, 0.0, 0.0, 3.0, 2.0, -1.0, 0.0, 0.0, 2.0, 3.0, 1.0, 97045.0, 604.0, 99442.0
3.0, 2.0, 1.0, 1.0, 2.0, -1.0, 2.0, -1.0, 0.0, 3.0, 2.0, 1.0, 1.0, 3.0, -1.0, 0.0, 3.0, 3.0, 2.0, 3.0, 3.0, 0.0, 2.0, -1.0, 3.0, 1.0, -1.0, 0.0, 3.0, 0.0, 1.0, -1.0, 0.0, 0.0, 1.0, 0.0, 2.0, 2.0, 0.0, -1.0, 1.0, -1.0, 3.0, 0.0, 1.0, 1.0, 2.0, 3.0, 1.0, 1.0, 96999.0, 602.0, 99446.0
-1.0, 3.0, 2.0, -1.0, 0.0, 2.0, 2.0, 2.0, 1.0, 1.0, 1.0, 1.0, 0.0, -1.0, -1.0, 1.0, 3.0, 0.0, -1.0, 2.0, 3.0, -1.0, 2.0, -1.0, -1.0, 2.0, 2.0, -1.0, 0.0, -1.0, 1.0, -1.0, 1.0, 1.0, 1.0, 0.0, 0.0, 3.0, -1.0, 1.0, -1.0, 2.0, 3.0, 1.0, 3.0, 0.0, 0.0, 0.0, 3.0, 3.0, 97285.0, 532.0, 99515.0
-1.0, 3.0, 2.0, -1.0, 0.0, 2.0, 2.0, 2.0, 1.0, 1.0, 1.0, 1.0, 0.0, -1.0, -1.0, 1.0, 3.0, 1.0, 3.0, 2.0, 3.0, -1.0, 2.0, -1.0, -1.0, 2.0, 2.0, -1.0, 0.0, -1.0, 1.0, -1.0, 1.0, 1.0, 1.0, 0.0, 0.0, 3.0, -1.0, 1.0, -1.0, 2.0, 3.0, 1.0, 3.0, 0.0, 0.0, 0.0, 3.0, 3.0, 97277.0, 543.0, 99503.0
1.0, 2.0, 2.0, 0.0, 2.0, -1.0, 2.0, 0.0, -1.0, 1.0, 0.0, 1.0, -1.0, -1.0, -1.0, 0.0, 2.0, -1.0, -1.0, 3.0, -1.0, 1.0, -1.0, 0.0, 1.0, -1.0, -1.0, -1.0, 2.0, 1.0, -1.0, 1.0, -1.0, -1.0, 2.0, 0.0, 1.0, 2.0, 1.0, 2.0, 0.0, 0.0, 3.0, -1.0, 2.0, 0.0, 1.0, 0.0, 3.0, -1.0, 97223.0, 494.0, 99547.0
1.0, 2.0, 2.0, 0.0, 2.0, -1.0, 2.0, 0.0, -1.0, 1.0, 0.0, 1.0, -1.0, -1.0, -1.0, 0.0, 2.0, -1.0, -1.0, 3.0, -1.0, 1.0, -1.0, 0.0, 1.0, -1.0, -1.0, -1.0, 2.0, 1.0, -1.0, 1.0, -1.0, -1.0, 2.0, 0.0, 1.0, 2.0, 1.0, 2.0, 0.0, 0.0, 3.0, -1.0, 2.0, 0.0, 1.0, 0.0, 3.0, -1.0, 97223.0, 494.0, 99547.0
0.0, 1.0, 3.0, 1.0, 1.0, 2.0, -1.0, -1.0, 3.0, 1.0, 2.0, 1.0, 1.0, 3.0, -1.0, 2.0, -1.0, -1.0, 1.0, -1.0, 1.0, 3.0, 2.0, 0.0, 0.0, 0.0, -1.0, 0.0, 3.0, -1.0, 1.0, -1.0, 1.0, 2.0, 1.0, 2.0, 1.0, 1.0, 3.0, 0.0, 0.0, -1.0, -1.0, 3.0, -1.0, 3.0, -1.0, -1.0, 2.0, 3.0, 97518.0, 512.0, 99532.0
0.0, 2.0, -1.0, 3.0, 0.0, 3.0, -1.0, 2.0, 2.0, 2.0, 0.0, 3.0, 2.0, 0.0, -1.0, 3.0, 0.0, 3.0, 2.0, -1.0, 3.0, -1.0, 2.0, 1.0, 2.0, 1.0, -1.0, 2.0, 1.0, -1.0, 1.0, 1.0, -1.0, -1.0, 3.0, 3.0, 0.0, 1.0, 1.0, 2.0, 2.0, 1.0, 0.0, -1.0, 0.0, -1.0, 0.0, 0.0, 0.0, 1.0, 97148.0, 560.0, 99480.0
2.0, 3.0, -1.0, -1.0, 1.0, 0.0, 1.0, 0.0, 2.0, 0.0, 1.0, 0.0, 1.0, 1.0, -1.0, 0.0, 1.0, 0.0, 2.0, -1.0, 0.0, 1.0, 2.0, -1.0, 3.0, 3.0, -1.0, 1.0, 1.0, 3.0, 1.0, 2.0, -1.0, 2.0, 0.0, 0.0, 1.0, -1.0, -1.0, 2.0, 0.0, 3.0, -1.0, 1.0, 2.0, 2.0, 3.0, 3.0, 2.0, 2.0, 97252.0, 571.0, 99470.0
1.0, 3.0, 3.0, 2.0, 0.0, 0.0, 2.0, 2.0, -1.0, -1.0, 0.0, -1.0, 2.0, 2.0, -1.0, 1.0, 1.0, 0.0, 1.0, 1.0, -1.0, 1.0, 3.0, -1.0, 0.0, 2.0, -1.0, 3.0, 3.0, 3.0, 2.0, 1.0, 3.0, -1.0, 0.0, -1.0, -1.0, 2.0, 3.0, 2.0, 3.0, 0.0, 2.0, -1.0, 0.0, 0.0, 1.0, 0.0, 0.0, 1.0, 97030.0, 587.0, 99464.0
1.0, 2.0, 2.0, 0.0, 2.0, 2.0, 3.0, 2.0, 0.0, 1.0, -1.0, 0.0, 3.0, 0.0, 0.0, 2.0, 3.0, 1.0, 1.0, -1.0, -1.0, -1.0, 2.0, 3.0, 2.0, 0.0, 1.0, -1.0, 3.0, -1.0, 3.0, 1.0, 2.0, 0.0, 0.0, -1.0, 0.0, 0.0, 1.0, 3.0, -1.0, 1.0, 2.0, -1.0, 0.0, 0.0, 3.0, 1.0, 1.0, -1.0, 96973.0, 598.0, 99455.0
1.0, 2.0, 2.0, 0.0, 2.0, 2.0, 3.0, 2.0, 0.0, 1.0, -1.0, 0.0, 3.0, 0.0, 0.0, 2.0, 3.0, 1.0, 1.0, -1.0, -1.0, -1.0, 2.0, 3.0, 2.0, 0.0, 1.0, -1.0, 3.0, -1.0, 3.0, 1.0, 2.0, 0.0, 0.0, -1.0, 0.0, 0.0, 1.0, 3.0, -1.0, 1.0, 2.0, -1.0, 0.0, 0.0, 3.0, 1.0, 1.0, -1.0, 96973.0, 598.0, 99455.0
2.0, 1.0, 1.0, 3.0, 3.0, 3.0, 3.0, 1.0, 1.0, -1.0, 2.0, 2.0, 1.0, -1.0, 2.0, 2.0, 2.0, -1.0, 2.0, 0.0, 1.0, 2.0, 0.0, 0.0, 1.0, 3.0, 3.0, 1.0, 2.0, 1.0, 3.0, 0.0, 0.0, 1.0, 0.0, 1.0, 2.0, -1.0, 0.0, 1.0, -1.0, -1.0, 0.0, 3.0, 2.0, 0.0, 3.0, 0.0, 2.0, -1.0, 96884.0, 626.0, 99427.0
0.0, 0.0, 2.0, -1.0, -1.0, -1.0, 3.0, 2.0, 1.0, 1.0, 3.0, 0.0, 1.0, -1.0, 1.0, -1.0, 2.0, 0.0, 1.0, 2.0, 0.0, 2.0, 0.0, -1.0, 1.0, 1.0, 2.0, 2.0, 2.0, 0.0, 1.0, -1.0, 0.0, 3.0, -1.0, 0.0, 1.0, -1.0, 2.0, 1.0, 2.0, 1.0, 3.0, 0.0, 2.0, 0.0, -1.0, 1.0, -1.0, 3.0, 97126.0, 566.0, 99491.0
-1.0, 0.0, 0.0, 2.0, 3.0, 3.0, 3.0, 3.0, 3.0, -1.0, 0.0, 2.0, 2.0, -1.0, -1.0, 1.0, 0.0, 0.0, 2.0, -1.0, 2.0, 0.0, -1.0, 0.0, 2.0, 0.0, -1.0, 2.0, 1.0, 1.0, 1.0, 2.0, 2.0, 3.0, 2.0, 3.0, 0.0, 2.0, 1.0, 2.0, 0.0, 1.0, -1.0, -1.0, 0.0, 1.0, -1.0, 1.0, 1.0, 3.0, 96964.0, 573.0, 99465.0
-1.0, 0.0, 0.0, 2.0, 3.0, 3.0, 3.0, 3.0, 3.0, -1.0, 0.0, 2.0, 2.0, -1.0, -1.0, 1.0, 0.0, 0.0, 2.0, -1.0, 2.0, 0.0, -1.0, 0.0, 2.0, 0.0, -1.0, 2.0, 1.0, 1.0, 1.0, 2.0, 2.0, 3.0, 2.0, 3.0, 0.0, 2.0, 1.0, 2.0, 0.0, 1.0, -1.0, -1.0, 0.0, 1.0, -1.0, 1.0, 1.0, 3.0, 96964.0, 573.0, 99465.0
0.0, 1.0, 3.0, 1.0, 1.0, 2.0, -1.0, 2.0, 2.0, 1.0, 2.0, 1.0, 1.0, 3.0, -1.0, 2.0, -1.0, -1.0, 1.0, -1.0, 1.0, 3.0, 2.0, 0.0, 0.0, 0.0, -1.0, 0.0, 3.0, -1.0, 1.0, -1.0, 1.0, 2.0, 1.0, 2.0, 1.0, 1.0, 3.0, 0.0, 0.0, -1.0, -1.0, 3.0, -1.0, 3.0, -1.0, -1.0, 2.0, 3.0, 97477.0, 530.0, 99519.0
0.0, 1.0, 1.0, 0.0, 2.0, 0.0, 0.0, 3.0, 0.0, 2.0, 3.0, 3.0, 3.0, -1.0, -1.0, 0.0, 3.0, 0.0, -1.0, 3.0, -1.0, 3.0, 1.0, 2.0, -1.0, 0.0, 1.0, 0.0, 1.0, -1.0, 2.0, -1.0, 2.0, 2.0, 1.0, -1.0, 1.0, 1.0, 0.0, 1.0, 2.0, 2.0, 1.0, -1.0, 1.0, 3.0, -1.0, 2.0, 3.0, -1.0, 97137.0, 569.0, 99475.0
1.0, 0.0, -1.0, -1.0, -1.0, 1.0, -1.0, -1.0, -1.0, -1.0, 3.0, 0.0, 3.0, 0.0, -1.0, -1.0, 0.0, 3.0, 1.0, 2.0, 0.0, 0.0, 3.0, 3.0, 1.0, 2.0, -1.0, 1.0, 0.0, -1.0, 0.0, 2.0, 3.0, 2.0, 0.0, 0.0, 2.0, 2.0, 2.0, 2.0, -1.0, 2.0, 1.0, 0.0, 2.0, 1.0, 1.0, 3.0, 0.0, 1.0, 97250.0, 549.0, 99489.0
1.0, 0.0, -1.0, -1.0, -1.0, 1.0, -1.0, -1.0, -1.0, -1.0, 3.0, 0.0, 3.0, 0.0, -1.0, -1.0, 0.0, 3.0, 1.0, 2.0, 0.0, 0.0, 3.0, 3.0, 1.0, 2.0, -1.0, 1.0, 0.0, -1.0, 0.0, 2.0, 3.0, 2.0, 0.0, 0.0, 2.0, 2.0, 2.0, 2.0, -1.0, 2.0, 1.0, 0.0, 2.0, 1.0, 1.0, 3.0, 0.0, 1.0, 97250.0, 549.0, 99489.0
0.0, 1.0, -1.0, 2.0, 2.0, 1.0, -1.0, -1.0, 3.0, 0.0, 3.0, 1.0, 1.0, 2.0, -1.0, -1.0, 1.0, 0.0, 3.0, 2.0, 0.0, 3.0, 3.0, 3.0, 2.0, 2.0, 1.0, 2.0, -1.0, 1.0, 3.0, 2.0, 3.0, 1.0, 0.0, 3.0, 1.0, 0.0, 0.0, 1.0, 3.0, 0.0, 1.0, -1.0, 2.0, -1.0, 2.0, 0.0, 1.0, -1.0, 97188.0, 591.0, 99459.0
3.0, 2.0, -1.0, -1.0, 1.0, 1.0, -1.0, 2.0, 1.0, 2.0, -1.0, 0.0, 1.0, 0.0, -1.0, 0.0, -1.0, -1.0, 1.0, 1.0, 3.0, 2.0, -1.0, 0.0, 0.0, -1.0, 0.0, -1.0, 0.0, 1.0, -1.0, -1.0, -1.0, 3.0, 3.0, -1.0, -1.0, 0.0, 2.0, 2.0, 2.0, 2.0, -1.0, 0.0, 1.0, 0.0, 1.0, -1.0, 1.0, 1.0, 97597.0, 493.0, 99578.0
2.0, 0.0, -1.0, 3.0, 0.0, 2.0, 1.0, 1.0, 2.0, -1.0, -1.0, 0.0, 0.0, 3.0, 3.0, -1.0, 0.0, 2.0, 0.0, 2.0, -1.0, 1.0, 3.0, 1.0, 2.0, 1.0, -1.0, 1.0, 2.0, 1.0, 3.0, 3.0, 0.0, -1.0, -1.0, 1.0, 1.0, 1.0, 0.0, 1.0, 3.0, 0.0, 3.0, 0.0, 2.0, 3.0, -1.0, 0.0, 3.0, -1.0, 97114.0, 579.0, 99460.0
3.0, 0.0, 0.0, 3.0, 0.0, -1.0, 2.0, -1.0, 3.0, 0.0, 2.0, 2.0, 3.0, 1.0, 2.0, 0.0, 2.0, -1.0, 1.0, 1.0, 0.0, 3.0, -1.0, 2.0, 1.0, 0.0, 2.0, 2.0, 2.0, -1.0, -1.0, -1.0, 1.0, 3.0, -1.0, 2.0, -1.0, 3.0, 1.0, 2.0, 1.0, 0.0, 3.0, 1.0, 1.0, 0.0, 1.0, 0.0, 1.0, 3.0, 97023.0, 595.0, 99463.0
3.0, 0.0, 0.0, 3.0, 0.0, -1.0, 2.0, -1.0, 3.0, 0.0, 2.0, 2.0, 3.0, 1.0, 2.0, 0.0, 2.0, -1.0, 1.0, 1.0, 0.0, 3.0, -1.0, 2.0, 1.0, 0.0, 2.0, 2.0, 2.0, -1.0, -1.0, -1.0, 1.0, 3.0, -1.0, 2.0, -1.0, 3.0, 1.0, 2.0, 1.0, 0.0, 3.0, 1.0, 1.0, 0.0, 1.0, 0.0, 1.0, 3.0, 97023.0, 595.0, 99463.0
0.0, 3.0, 2.0, 3.0, 0.0, -1.0, 2.0, -1.0, 0.0, 2.0, 0.0, -1.0, 3.0, -1.0, -1.0, -1.0, 2.0, 3.0, -1.0, 2.0, 1.0, 0.0, 1.0, 3.0, -1.0, 2.0, 3.0, -1.0, 0.0, 3.0, 1.0, 2.0, 0.0, 2.0, 1.0, -1.0, 0.0, -1.0, 1.0, 0.0, 3.0, 0.0, 2.0, -1.0, 2.0, 3.0, 1.0, -1.0, 1.0, -1.0, 97330.0, 531.0, 99515.0
0.0, 3.0, 2.0, 3.0, 0.0, -1.0, 2.0, -1.0, 0.0, 2.0, 0.0, -1.0, 3.0, -1.0, -1.0, -1.0, 2.0, 3.0, -1.0, 2.0, 1.0, 0.0, 1.0, 3.0, -1.0, 2.0, 3.0, -1.0, 0.0, 3.0, 1.0, 2.0, 0.0, 2.0, 1.0, -1.0, 0.0, -1.0, 1.0, 0.0, 3.0, 0.0, 2.0, -1.0, 2.0, 3.0, 1.0, -1.0, 1.0, -1.0, 97330.0, 531.0, 99515.0
1.0, 1.0, 2.0, 1.0, 2.0, 1.0, -1.0, 1.0, 1.0, -1.0, -1.0, 3.0, 0.0, 3.0, 1.0, 3.0, 0.0, -1.0, 2.0, 3.0, 0.0, -1.0, 3.0, 2.0, 0.0, 2.0, -1.0, 3.0, 2.0, 3.0, -1.0, 1.0, 0.0, 0.0, 2.0, 1.0, -1.0, 3.0, 2.0, 2.0, 2.0, 0.0, 3.0, 2.0, 0.0, 0.0, 1.0, 0.0, 0.0, -1.0, 97050.0, 597.0, 99449.0
1.0, 2.0, -1.0, -1.0, 3.0, -1.0, 2.0, 0.0, 3.0, 1.0, 0.0, -1.0, 1.0, 0.0, 1.0, 3.0, 0.0, 3.0, 0.0, -1.0, 1.0, 3.0, 1.0, 3.0, -1.0, 3.0, 2.0, 2.0, 2.0, -1.0, -1.0, 3.0, 1.0, 1.0, -1.0, 2.0, 2.0, 2.0, 2.0, 3.0, 1.0, 1.0, 0.0, 0.0, 0.0, 2.0, 2.0, 0.0, 3.0, 1.0, 97203.0, 601.0, 99448.0
1.0, 2.0, -1.0, -1.0, 3.0, -1.0, 2.0, 0.0, 3.0, 1.0, 0.0, -1.0, 1.0, 0.0, 1.0, 3.0, 0.0, 3.0, 0.0, -1.0, 1.0, 3.0, 1.0, 3.0, -1.0, 3.0, 2.0, 2.0, 2.0, -1.0, -1.0, 3.0, 1.0, 1.0, -1.0, 2.0, 2.0, 2.0, 2.0, 3.0, 1.0, 1.0, 0.0, 0.0, 0.0, 2.0, 2.0, 0.0, 3.0, 1.0, 97203.0, 601.0, 99448.0
3.0, 2.0, 1.0, 1.0, 2.0, -1.0, 2.0, -1.0, 0.0, 3.0, 2.0, 2.0, 1.0, 3.0, -1.0, 0.0, 3.0, 3.0, 2.0, 3.0, 3.0, 0.0, 2.0, -1.0, 3.0, 1.0, -1.0, 0.0, 3.0, 0.0, 1.0, -1.0, 0.0, 0.0, 1.0, 0.0, 2.0, 2.0, 0.0, -1.0, 1.0, -1.0, 3.0, 0.0, 1.0, 1.0, 2.0, 3.0, 1.0, 1.0, 97024.0, 602.0, 99446.0
-1.0, 1.0, -1.0, 3.0, -1.0, 3.0, 0.0, -1.0, 1.0, -1.0, -1.0, 2.0, -1.0, 0.0, -1.0, -1.0, 3.0, 1.0, -1.0, 0.0, 1.0, 0.0, 1.0, 0.0, 0.0, 2.0, 3.0, -1.0, 3.0, 1.0, -1.0, 2.0, 2.0, 1.0, 2.0, 1.0, 2.0, -1.0, 0.0, 2.0, 0.0, 1.0, 2.0, 0.0, 2.0, -1.0, -1.0, -1.0, 2.0, 2.0, 97708.0, 505.0, 99559.0
1.0, 3.0, 3.0, 2.0, 0.0, 0.0, 2.0, 2.0, -1.0, -1.0, 0.0, -1.0, 2.0, 2.0, -1.0, 1.0, 1.0, 0.0, 1.0, 1.0, -1.0, 1.0, 3.0, -1.0, 0.0, 2.0, -1.0, 3.0, 3.0, 3.0, 2.0, 1.0, 3.0, -1.0, 0.0, -1.0, -1.0, 2.0, 3.0, 3.0, 3.0, 0.0, 2.0, -1.0, 1.0, 0.0, 1.0, 0.0, 0.0, 1.0, 97085.0, 587.0, 99464.0
3.0, 0.0, -1.0, 3.0, 0.0, 2.0, 2.0, -1.0, 0.0, -1.0, 1.0, 1.0, 1.0, 2.0, 2.0, 1.0, -1.0, 3.0, 1.0, 2.0, 2.0, 0.0, 3.0, 3.0, -1.0, 0.0, 0.0, 0.0, 3.0, 1.0, 2.0, 0.0, 2.0, 0.0, 1.0, -1.0, 1.0, 2.0, 2.0, 3.0, 0.0, 3.0, 1.0, 0.0, 2.0, 3.0, 1.0, -1.0, 3.0, 1.0, 96967.0, 635.0, 99428.0
3.0, 0.0, -1.0, 3.0, 0.0, 2.0, 2.0, -1.0, 0.0, -1.0, 1.0, 1.0, 1.0, 2.0, 2.0, 1.0, -1.0, 3.0, 1.0, 2.0, 2.0, 0.0, 3.0, 3.0, -1.0, 0.0, 0.0, 0.0, 3.0, 1.0, 2.0, 0.0, 2.0, 0.0, 1.0, -1.0, 1.0, 2.0, 2.0, 3.0, 0.0, 3.0, 1.0, 0.0, 2.0, 3.0, 1.0, -1.0, 3.0, 1.0, 96967.0, 635.0, 99428.0
0.0, 0.0, 2.0, -1.0, -1.0, -1.0, 3.0, 2.0, 1.0, 1.0, 3.0, 0.0, 1.0, -1.0, 1.0, -1.0, 2.0, 0.0, 3.0, 3.0, 0.0, 2.0, 0.0, -1.0, 1.0, 1.0, 2.0, 2.0, 2.0, 0.0, 1.0, -1.0, 0.0, 3.0, -1.0, 0.0, 1.0, -1.0, 2.0, 1.0, 2.0, 1.0, 3.0, 0.0, 2.0, 0.0, -1.0, 1.0, -1.0, 3.0, 97168.0, 566.0, 99491.0
0.0, 2.0, -1.0, 3.0, 0.0, 3.0, 3.0, 2.0, 2.0, 2.0, 0.0, 3.0, 2.0, 0.0, -1.0, 3.0, 0.0, 3.0, 2.0, -1.0, 3.0, -1.0, 2.0, 1.0, 2.0, 1.0, -1.0, 2.0, 1.0, -1.0, 1.0, 1.0, -1.0, -1.0, 3.0, 3.0, 0.0, 1.0, 1.0, 2.0, 2.0, 1.0, 0.0, -1.0, 0.0, -1.0, 0.0, 0.0, 0.0, 1.0, 97132.0, 577.0, 99470.0
0.0, -1.0, 0.0, 2.0, 1.0, -1.0, -1.0, 2.0, 0.0, 2.0, 2.0, 1.0, 0.0, 1.0, 3.0, 1.0, 0.0, 2.0, 1.0, -1.0, -1.0, 0.0, -1.0, 3.0, -1.0, -1.0, 3.0, 1.0, 2.0, 1.0, 3.0, 3.0, 1.0, 3.0, 3.0, -1.0, 3.0, 2.0, 0.0, 1.0, 0.0, 2.0, 1.0, -1.0, 3.0, 0.0, 0.0, 3.0, 3.0, 1.0, 97068.0, 586.0, 99466.0
0.0, 3.0, 3.0, -1.0, 1.0, 0.0, -1.0, 2.0, 3.0, 0.0, 2.0, 0.0, 1.0, 2.0, 3.0, 3.0, 0.0, 2.0, 2.0, 1.0, 2.0, -1.0, 1.0, -1.0, 3.0, 0.0, 0.0, 0.0, 1.0, -1.0, 2.0, -1.0, 2.0, 1.0, 1.0, -1.0, 2.0, -1.0, 1.0, 0.0, 1.0, 3.0, 0.0, 2.0, 2.0, 0.0, 1.0, 1.0, -1.0, -1.0, 97055.0, 580.0, 99470.0
2.0, 2.0, -1.0, 2.0, 1.0, 0.0, -1.0, 3.0, -1.0, 0.0, 1.0, 1.0, 1.0, 0.0, -1.0, -1.0, 1.0, 0.0, 0.0, 2.0, -1.0, 1.0, 3.0, 3.0, 2.0, 3.0, 0.0, 3.0, 3.0, 2.0, 2.0, 0.0, 2.0, -1.0, 0.0, 1.0, 3.0, -1.0, 1.0, 1.0, 1.0, -1.0, 0.0, 2.0, 1.0, 3.0, -1.0, 0.0, -1.0, 2.0, 97149.0, 570.0, 99479.0
2.0, 2.0, -1.0, 2.0, 1.0, 0.0, -1.0, 3.0, -1.0, 0.0, 1.0, 1.0, 1.0, 0.0, -1.0, -1.0, 1.0, 0.0, 0.0, 2.0, -1.0, 1.0, 3.0, 3.0, 2.0, 3.0, 0.0, 3.0, 3.0, 2.0, 2.0, 0.0, 2.0, -1.0, 0.0, 1.0, 3.0, -1.0, 1.0, 1.0, 1.0, -1.0, 0.0, 2.0, 1.0, 3.0, -1.0, 0.0, -1.0, 2.0, 97149.0, 570.0, 99479.0
1.0, 0.0, 2.0, -1.0, 2.0, 0.0, 1.0, 1.0, -1.0, -1.0, 0.0, 3.0, 0.0, 0.0, 1.0, 3.0, 1.0, 1.0, 3.0, 0.0, 2.0, 1.0, 3.0, -1.0, 2.0, 3.0, -1.0, 2.0, 2.0, 2.0, 0.0, 3.0, 3.0, -1.0, 1.0, 0.0, -1.0, 1.0, 2.0, 3.0, 2.0, 0.0, 3.0, -1.0, 0.0, -1.0, -1.0, 0.0, 0.0, -1.0, 97211.0, 569.0, 99476.0
0.0, 1.0, 1.0, 0.0, 2.0, 0.0, 0.0, 3.0, 0.0, 2.0, 3.0, 3.0, 3.0, -1.0, -1.0, 0.0, 3.0, 0.0, -1.0, 3.0, -1.0, 3.0, 1.0, 2.0, -1.0, -1.0, 1.0, 0.0, 1.0, -1.0, 2.0, -1.0, 2.0, 2.0, 1.0, -1.0, 1.0, 1.0, 0.0, 1.0, 2.0, 2.0, 1.0, -1.0, 1.0, 3.0, -1.0, 2.0, 3.0, -1.0, 97264.0, 553.0, 99489.0
-1.0, 1.0, 1.0, 2.0, 2.0, 1.0, -1.0, 1.0, 2.0, 0.0, 0.0, 0.0, 3.0, 1.0, 1.0, -1.0, -1.0, 2.0, -1.0, 2.0, 2.0, 3.0, 0.0, 0.0, 0.0, 3.0, 1.0, 2.0, 2.0, 1.0, 1.0, -1.0, 3.0, 0.0, -1.0, 0.0, 1.0, -1.0, 0.0, 0.0, 3.0, -1.0, 0.0, 2.0, 2.0, 2.0, -1.0, 2.0, -1.0, -1.0, 97270.0, 552.0, 99502.0
1.0, -1.0, 1.0, 0.0, 0.0, -1.0, 1.0, 2.0, 0.0, -1.0, 0.0, 0.0, 0.0, 2.0, 1.0, 1.0, 2.0, 0.0, 2.0, -1.0, 2.0, 2.0, 3.0, 0.0, 1.0, 3.0, 2.0, 0.0, 2.0, 3.0, 3.0, 2.0, -1.0, -1.0, 3.0, 2.0, 0.0, 2.0, -1.0, 0.0, 3.0, 3.0, 3.0, 1.0, 0.0, 0.0, 3.0, 1.0, 1.0, 3.0, 96879.0, 631.0, 99438.0
-1.0, 1.0, 0.0, 2.0, 2.0, 0.0, 0.0, -1.0, 1.0, 2.0, 2.0, 3.0, -1.0, -1.0, -1.0, 0.0, 1.0, -1.0, 0.0, -1.0, 3.0, 1.0, 2.0, -1.0, 1.0, 3.0, 3.0, 1.0, 2.0, -1.0, -1.0, 2.0, 1.0, 1.0, 0.0, 3.0, -1.0, 1.0, -1.0, 1.0, 0.0, -1.0, 2.0, 1.0, 0.0, 1.0, 0.0, 0.0, -1.0, 2.0, 97249.0, 521.0, 99522.0
-1.0, 0.0, 3.0, 2.0, 1.0, 1.0, 3.0, 1.0, 0.0, 1.0, 1.0, -1.0, 2.0, -1.0, 2.0, 1.0, 0.0, 1.0, 2.0, -1.0, 2.0, -1.0, -1.0, 3.0, -1.0, 0.0, 0.0, 1.0, 3.0, 0.0, 2.0, 2.0, 3.0, -1.0, 2.0, 2.0, 0.0, 0.0, -1.0, 3.0, 2.0, -1.0, 2.0, 1.0, 0.0, -1.0, 0.0, 2.0, 1.0, -1.0, 97367.0, 542.0, 99516.0
1.0, 0.0, 2.0, 2.0, -1.0, -1.0, 2.0, 0.0, 0.0, 2.0, 3.0, 0.0, 0.0, 1.0, 1.0, -1.0, 2.0, 3.0, 1.0, 3.0, 3.0, 0.0, 2.0, 1.0, 1.0, -1.0, 1.0, 2.0, 3.0, -1.0, 0.0, 3.0, 1.0, 2.0, 0.0, 2.0, 3.0, 2.0, 1.0, 0.0, 0.0, 3.0, -1.0, 2.0, 3.0, 1.0, 0.0, -1.0, 3.0, -1.0, 96979.0, 611.0, 99447.0
1.0, 0.0, 2.0, 2.0, -1.0, -1.0, 2.0, 0.0, 0.0, 2.0, 3.0, 0.0, 0.0, 1.0, 1.0, -1.0, 2.0, 3.0, 1.0, 3.0, 3.0, 0.0, 2.0, 1.0, 1.0, -1.0, 1.0, 2.0, 3.0, -1.0, 0.0, 3.0, 1.0, 2.0, 0.0, 2.0, 3.0, 2.0, 1.0, 0.0, 0.0, 3.0, -1.0, 2.0, 3.0, 1.0, 0.0, -1.0, 3.0, -1.0, 96979.0, 611.0, 99447.0
0.0, 2.0, 3.0, 3.0, 2.0, -1.0, 1.0, 3.0, 3.0, -1.0, 2.0, 1.0, 3.0, 0.0, 2.0, 1.0, 2.0, -1.0, 1.0, 0.0, 3.0, 0.0, 3.0, 0.0, -1.0, 1.0, 0.0, 1.0, 2.0, -1.0, 2.0, 2.0, -1.0, 2.0, -1.0, 3.0, 0.0, -1.0, 0.0, 3.0, 3.0, 2.0, 3.0, 1.0, 1.0, 2.0, 1.0, 0.0, 1.0, 0.0, 97020.0, 610.0, 99434.0
2.0, 3.0, -1.0, 1.0, 0.0, 2.0, 2.0, 0.0, -1.0, 2.0, 1.0, -1.0, 0.0, -1.0, -1.0, 0.0, 3.0, 3.0, 1.0, 3.0, 0.0, 1.0, 1.0, 1.0, 1.0, 0.0, -1.0, -1.0, 0.0, 0.0, 2.0, -1.0, 2.0, 3.0, 0.0, 3.0, -1.0, 1.0, 2.0, 1.0, 0.0, 3.0, 1.0, 2.0, -1.0, 3.0, 0.0, 2.0, 3.0, 2.0, 97077.0, 598.0, 99461.0
-1.0, 0.0, 0.0, 1.0, 2.0, 1.0, 1.0, 1.0, 2.0, 0.0, 2.0, 1.0, 1.0, 2.0, -1.0, 3.0, 2.0, -1.0, 1.0, 2.0, 2.0, 0.0, 2.0, 1.0, 2.0, 3.0, -1.0, -1.0, 3.0, -1.0, 0.0, 0.0, 0.0, 3.0, 0.0, 0.0, 2.0, 3.0, 2.0, 0.0, 3.0, 1.0, 3.0, -1.0, 3.0, -1.0, 1.0, -1.0, 1.0, 0.0, 97112.0, 601.0, 99460.0
-1.0, 0.0, 0.0, 1.0, 2.0, 1.0, 1.0, 1.0, 2.0, 0.0, 2.0, 1.0, 1.0, 2.0, -1.0, 3.0, 2.0, -1.0, 1.0, 2.0, 2.0, 0.0, 2.0, 1.0, 2.0, 3.0, -1.0, -1.0, 3.0, -1.0, 0.0, 0.0, 0.0, 3.0, 0.0, 0.0, 2.0, 3.0, 2.0, 0.0, 3.0, 1.0, 3.0, -1.0, 3.0, -1.0, 1.0, -1.0, 1.0, 0.0, 97112.0, 601.0, 99460.0
0.0, -1.0, 2.0, 3.0, -1.0, 1.0, 3.0, -1.0, 3.0, 3.0, 0.0, 1.0, 2.0, -1.0, 1.0, 1.0, 0.0, 3.0, 2.0, 2.0, 3.0, 2.0, 1.0, -1.0, 0.0, 2.0, -1.0, 0.0, 3.0, 3.0, -1.0, 2.0, 0.0, 3.0, 0.0, 2.0, 2.0, 1.0, 1.0, -1.0, 2.0, 1.0, 0.0, 3.0, 0.0, 0.0, 3.0, 0.0, 2.0, -1.0, 97073.0, 602.0, 99455.0
0.0, -1.0, 2.0, 3.0, -1.0, 1.0, 3.0, -1.0, 3.0, 3.0, 0.0, 1.0, 2.0, -1.0, 1.0, 1.0, 0.0, 3.0, 2.0, 2.0, 3.0, 2.0, 1.0, -1.0, 0.0, 2.0, -1.0, 0.0, 3.0, 3.0, -1.0, 2.0, 0.0, 3.0, 0.0, 2.0, 2.0, 1.0, 1.0, -1.0, 2.0, 1.0, 0.0, 3.0, 0.0, 0.0, 3.0, 0.0, 2.0, -1.0, 97073.0, 602.0, 99455.0
1.0, 0.0, -1.0, 1.0, 2.0, 2.0, 2.0, 2.0, 0.0, 2.0, 0.0, 0.0, 0.0, -1.0, 3.0, -1.0, 3.0, 0.0, 1.0, -1.0, 0.0, 1.0, 2.0, 0.0, 1.0, 3.0, -1.0, -1.0, 2.0, 3.0, 1.0, 3.0, 0.0, 3.0, -1.0, 3.0, 3.0, 1.0, 3.0, 0.0, 1.0, 1.0, 2.0, 0.0, 1.0, -1.0, 2.0, 2.0, -1.0, 1.0, 97032.0, 603.0, 99446.0
1.0, 0.0, -1.0, 1.0, 2.0, 2.0, 2.0, 2.0, 0.0, 2.0, 0.0, 0.0, 0.0, -1.0, 3.0, -1.0, 3.0, 0.0, 1.0, -1.0, 0.0, 1.0, 2.0, 0.0, 1.0, 3.0, -1.0, -1.0, 2.0, 3.0, 1.0, 3.0, 0.0, 3.0, -1.0, 3.0, 3.0, 1.0, 3.0, 0.0, 1.0, 1.0, 2.0, 0.0, 1.0, -1.0, 2.0, 2.0, -1.0, 1.0, 97032.0, 603.0, 99446.0
-1.0, 2.0, -1.0, 2.0, 2.0, 0.0, 2.0, 2.0, 1.0, 3.0, -1.0, 2.0, 0.0, 2.0, 0.0, 1.0, 1.0, 0.0, 1.0, 3.0, 3.0, 3.0, 2.0, -1.0, -1.0, 1.0, 3.0, 0.0, 0.0, 3.0, 0.0, 1.0, -1.0, 1.0, 3.0, 0.0, 3.0, 1.0, 2.0, 3.0, 3.0, 0.0, -1.0, 1.0, 2.0, -1.0, -1.0, 0.0, 3.0, 1.0, 97360.0, 591.0, 99465.0
-1.0, 2.0, -1.0, 2.0, 2.0, 0.0, 2.0, 2.0, 1.0, 3.0, -1.0, 2.0, 0.0, 2.0, 0.0, 1.0, 1.0, 0.0, 1.0, 3.0, 3.0, 3.0, 2.0, -1.0, -1.0, 1.0, 3.0, 0.0, 0.0, 3.0, 0.0, 1.0, -1.0, 1.0, 3.0, 0.0, 3.0, 1.0, 2.0, 3.0, 3.0, 0.0, -1.0, 1.0, 2.0, -1.0, -1.0, 0.0, 3.0, 1.0, 97360.0, 591.0, 99465.0
0.0, 1.0, 1.0, 0.0, -1.0, 3.0, 3.0, 3.0, 2.0, -1.0, 1.0, 2.0, 1.0, -1.0, 1.0, 3.0, -1.0, 0.0, 1.0, 2.0, 0.0, 0.0, 2.0, 0.0, 3.0, 1.0, -1.0, 2.0, 0.0, 2.0, 2.0, 3.0, 1.0, 0.0, 3.0, 0.0, 3.0, 1.0, -1.0, -1.0, 2.0, 1.0, 2.0, 0.0, 2.0, 3.0, 2.0, 1.0, 2.0, 0.0, 96987.0, 639.0, 99435.0
-1.0, -1.0, 0.0, 2.0, 1.0, 2.0, 2.0, 0.0, -1.0, -1.0, 3.0, 2.0, 1.0, -1.0, 2.0, 2.0, 1.0, 2.0, 1.0, -1.0, 1.0, 0.0, 0.0, 3.0, 3.0, 1.0, 0.0, 1.0, 1.0, -1.0, 0.0, 3.0, 2.0, 0.0, 3.0, -1.0, 1.0, 2.0, -1.0, -1.0, -1.0, 1.0, 3.0, 0.0, 1.0, -1.0, 1.0, 0.0, 2.0, 0.0, 97237.0, 567.0, 99503.0
-1.0, 1.0, 2.0, 0.0, 3.0, 0.0, 1.0, 2.0, 2.0, 0.0, 0.0, 2.0, 1.0, 2.0, 1.0, 0.0, 0.0, -1.0, 3.0, -1.0, 2.0, -1.0, 0.0, 1.0, 1.0, 3.0, -1.0, 0.0, 1.0, 3.0, 1.0, 2.0, 2.0, 0.0, 0.0, -1.0, 3.0, 2.0, 1.0, 3.0, 3.0, -1.0, 2.0, 0.0, 1.0, -1.0, 3.0, 3.0, -1.0, -1.0, 97224.0, 579.0, 99474.0
-1.0, 1.0, 2.0, 0.0, 3.0, 0.0, 1.0, 2.0, 2.0, 0.0, 0.0, 2.0, 1.0, 2.0, 1.0, 0.0, 0.0, -1.0, 3.0, -1.0, 2.0, -1.0, 0.0, 1.0, 1.0, 3.0, -1.0, 0.0, 1.0, 3.0, 1.0, 2.0, 2.0, 0.0, 0.0, -1.0, 3.0, 2.0, 1.0, 3.0, 3.0, -1.0, 2.0, 0.0, 1.0, -1.0, 3.0, 3.0, -1.0, -1.0, 97224.0, 579.0, 99474.0
0.0, -1.0, 0.0, 2.0, 1.0, -1.0, -1.0, 2.0, 0.0, 2.0, 2.0, 1.0, 0.0, 1.0, 3.0, 1.0, 0.0, 2.0, 1.0, -1.0, -1.0, 0.0, -1.0, 3.0, -1.0, -1.0, 3.0, 1.0, 2.0, 1.0, 3.0, 3.0, 1.0, 3.0, 3.0, -1.0, 3.0, 2.0, 0.0, 1.0, 0.0, 2.0, 1.0, -1.0, 3.0, 2.0, 0.0, 3.0, 3.0, 1.0, 97130.0, 586.0, 99466.0
0.0, 3.0, 3.0, -1.0, 1.0, 0.0, -1.0, 2.0, 3.0, 0.0, 2.0, 0.0, 1.0, 3.0, 3.0, 3.0, 0.0, 2.0, 2.0, 1.0, 2.0, -1.0, 1.0, -1.0, 3.0, 0.0, 0.0, 0.0, 1.0, -1.0, 2.0, -1.0, 2.0, 1.0, 1.0, -1.0, 2.0, -1.0, 1.0, 0.0, 1.0, 3.0, 0.0, 2.0, 2.0, 0.0, 1.0, 1.0, -1.0, -1.0, 97068.0, 580.0, 99470.0
-1.0, 2.0, 3.0, 1.0, 2.0, 3.0, -1.0, -1.0, 0.0, 1.0, 1.0, 0.0, 2.0, 0.0, 3.0, 1.0, 1.0, 0.0, -1.0, -1.0, 3.0, 1.0, 2.0, 1.0, 1.0, 0.0, 2.0, 0.0, 3.0, -1.0, -1.0, -1.0, 0.0, 0.0, 1.0, 1.0, 3.0, -1.0, 2.0, 1.0, 0.0, 2.0, 3.0, 0.0, -1.0, -1.0, -1.0, 3.0, 3.0, 2.0, 97269.0, 556.0, 99502.0
-1.0, 2.0, 3.0, 1.0, 2.0, 3.0, -1.0, -1.0, 0.0, 1.0, 1.0, 0.0, 2.0, 0.0, 3.0, 1.0, 1.0, 0.0, -1.0, -1.0, 3.0, 1.0, 2.0, 1.0, 1.0, 0.0, 2.0, 0.0, 3.0, -1.0, -1.0, -1.0, 0.0, 0.0, 1.0, 1.0, 3.0, -1.0, 2.0, 1.0, 0.0, 2.0, 3.0, 0.0, -1.0, -1.0, -1.0, 3.0, 3.0, 2.0, 97269.0, 556.0, 99502.0
0.0, 0.0, -1.0, 0.0, -1.0, 0.0, 1.0, 3.0, 1.0, -1.0, 1.0, 0.0, 1.0, 2.0, 2.0, 3.0, 0.0, 1.0, 2.0, 2.0, 1.0, 3.0, -1.0, 3.0, 2.0, 1.0, 1.0, 0.0, 2.0, -1.0, -1.0, 2.0, -1.0, 1.0, 3.0, 1.0, 1.0, -1.0, -1.0, 0.0, 0.0, 3.0, 3.0, 2.0, 3.0, 2.0, -1.0, 0.0, 1.0, -1.0, 97298.0, 563.0, 99493.0
0.0, 0.0, -1.0, 0.0, -1.0, 0.0, 1.0, 3.0, 1.0, -1.0, 1.0, 0.0, 1.0, 2.0, 2.0, 3.0, 0.0, 1.0, 2.0, 2.0, 1.0, 3.0, -1.0, 3.0, 2.0, 1.0, 1.0, 0.0, 2.0, -1.0, -1.0, 2.0, -1.0, 1.0, 3.0, 1.0, 1.0, -1.0, -1.0, 0.0, 0.0, 3.0, 3.0, 2.0, 3.0, 2.0, -1.0, 0.0, 1.0, -1.0, 97298.0, 563.0, 99493.0
1.0, -1.0, 2.0, -1.0, 2.0, 0.0, 1.0, 1.0, -1.0, -1.0, 0.0, 3.0, 0.0, 0.0, 1.0, 3.0, 1.0, 1.0, 3.0, 0.0, 2.0, 1.0, 3.0, -1.0, 2.0, 3.0, -1.0, 2.0, 2.0, 2.0, 0.0, 3.0, 3.0, -1.0, 1.0, 0.0, -1.0, 1.0, 2.0, 3.0, 2.0, 0.0, 3.0, -1.0, 0.0, -1.0, -1.0, 0.0, 0.0, -1.0, 97374.0, 554.0, 99496.0
0.0, -1.0, 2.0, 2.0, -1.0, 0.0, -1.0, -1.0, 0.0, 1.0, 2.0, -1.0, 0.0, -1.0, 3.0, 0.0, 0.0, 1.0, 1.0, 0.0, 2.0, 1.0, 3.0, 2.0, 2.0, -1.0, 1.0, 2.0, 0.0, -1.0, 2.0, 3.0, 3.0, -1.0, 2.0, 1.0, -1.0, 1.0, 1.0, 0.0, 0.0, -1.0, 1.0, -1.0, 3.0, 2.0, -1.0, 0.0, 0.0, 3.0, 97328.0, 543.0, 99525.0
-1.0, 1.0, -1.0, 3.0, -1.0, 3.0, 0.0, -1.0, 1.0, -1.0, -1.0, 2.0, -1.0, 0.0, -1.0, -1.0, 3.0, 1.0, -1.0, 0.0, 1.0, 0.0, 1.0, 0.0, 0.0, 2.0, 3.0, -1.0, 3.0, 1.0, -1.0, 2.0, 2.0, 1.0, 2.0, 1.0, 2.0, 1.0, 0.0, 2.0, 0.0, 1.0, 2.0, 0.0, 2.0, -1.0, -1.0, -1.0, 2.0, 2.0, 97672.0, 521.0, 99548.0
-1.0, 0.0, 2.0, -1.0, 2.0, 3.0, 1.0, 2.0, 3.0, 1.0, 0.0, -1.0, 3.0, -1.0, 0.0, 2.0, 0.0, 3.0, 0.0, -1.0, 0.0, 2.0, 2.0, -1.0, -1.0, 1.0, -1.0, 0.0, 1.0, 2.0, -1.0, 0.0, 2.0, 0.0, -1.0, -1.0, 3.0, -1.0, 1.0, 2.0, 3.0, 1.0, 0.0, 2.0, 0.0, 1.0, -1.0, -1.0, 1.0, 3.0, 97443.0, 528.0, 99522.0
0.0, -1.0, 2.0, 2.0, -1.0, 0.0, -1.0, -1.0, 0.0, 1.0, 2.0, -1.0, 0.0, -1.0, 3.0, 0.0, 0.0, 1.0, 1.0, 0.0, 2.0, 1.0, 3.0, 2.0, 2.0, -1.0, -1.0, 2.0, 0.0, -1.0, 2.0, 3.0, 3.0, -1.0, 2.0, 1.0, -1.0, 1.0, 1.0, 0.0, 0.0, -1.0, 1.0, -1.0, 3.0, 2.0, -1.0, 0.0, 0.0, 3.0, 97396.0, 524.0, 99535.0
1.0, 1.0, 2.0, 1.0, 2.0, 1.0, 3.0, 1.0, 1.0, -1.0, -1.0, 3.0, 0.0, 3.0, 1.0, 3.0, 0.0, -1.0, 2.0, 3.0, 0.0, -1.0, 3.0, 2.0, 0.0, 2.0, -1.0, 3.0, 2.0, 3.0, -1.0, 1.0, 0.0, 0.0, 2.0, 1.0, -1.0, 3.0, 2.0, 2.0, 2.0, 0.0, 3.0, 2.0, 0.0, 0.0, 1.0, 0.0, 0.0, -1.0, 97034.0, 614.0, 99439.0
3.0, 3.0, 2.0, 0.0, 1.0, -1.0, 0.0, 1.0, -1.0, 0.0, 2.0, 3.0, -1.0, 2.0, 2.0, 2.0, -1.0, 2.0, 2.0, 2.0, -1.0, 3.0, 1.0, -1.0, 1.0, -1.0, -1.0, 2.0, 0.0, -1.0, 0.0, 1.0, -1.0, -1.0, 3.0, 2.0, 0.0, 1.0, 3.0, 3.0, 2.0, 3.0, 1.0, 1.0, 0.0, -1.0, -1.0, -1.0, 0.0, 1.0, 97680.0, 535.0, 99525.0
0.0, -1.0, 3.0, -1.0, -1.0, -1.0, 1.0, 1.0, 3.0, 0.0, -1.0, 1.0, 0.0, 3.0, -1.0, 1.0, 1.0, 2.0, 1.0, 2.0, 2.0, 2.0, -1.0, 3.0, 2.0, 3.0, -1.0, 0.0, 2.0, 0.0, 3.0, 3.0, -1.0, -1.0, -1.0, 2.0, 0.0, 1.0, 1.0, -1.0, 2.0, 0.0, -1.0, 0.0, 0.0, 1.0, 2.0, 0.0, -1.0, 3.0, 97549.0, 535.0, 99539.0
1.0, 3.0, 3.0, 2.0, -1.0, 2.0, 1.0, 0.0, 1.0, 3.0, 2.0, 3.0, 0.0, -1.0, 1.0, 3.0, 3.0, 1.0, -1.0, 2.0, 2.0, 1.0, 3.0, 3.0, -1.0, -1.0, 2.0, 3.0, 2.0, 1.0, -1.0, 0.0, 2.0, 1.0, 0.0, 1.0, 3.0, 3.0, -1.0, 0.0, 0.0, 0.0, 0.0, 0.0, 1.0, 0.0, 2.0, 1.0, 0.0, 2.0, 97057.0, 637.0, 99440.0
2.0, 1.0, 1.0, 1.0, 0.0, 3.0, 0.0, 2.0, 2.0, -1.0, 2.0, -1.0, -1.0, -1.0, 1.0, -1.0, 2.0, 2.0, -1.0, 0.0, -1.0, -1.0, 1.0, 0.0, 0.0, 2.0, 2.0, 2.0, 3.0, 1.0, 2.0, 0.0, -1.0, 1.0, -1.0, 1.0, -1.0, 0.0, 2.0, 0.0, 0.0, 1.0, -1.0, -1.0, 3.0, 3.0, -1.0, 1.0, 3.0, 3.0, 97537.0, 541.0, 99527.0
2.0, -1.0, 1.0, 3.0, -1.0, 0.0, 1.0, 0.0, 1.0, -1.0, -1.0, 2.0, 2.0, 3.0, 2.0, 0.0, 1.0, 0.0, 2.0, -1.0, 0.0, -1.0, 0.0, 1.0, 3.0, 1.0, 2.0, 3.0, 2.0, -1.0, -1.0, 0.0, 0.0, 1.0, 2.0, 0.0, 1.0, -1.0, -1.0, 1.0, 1.0, -1.0, 1.0, 2.0, 0.0, -1.0, 3.0, 0.0, 2.0, 3.0, 97303.0, 554.0, 99519.0
-1.0, 2.0, 3.0, 2.0, 3.0, 0.0, 3.0, -1.0, 0.0, 3.0, 0.0, 2.0, 1.0, 2.0, 1.0, -1.0, 3.0, 2.0, 0.0, 0.0, 0.0, 3.0, 3.0, 1.0, 3.0, -1.0, 2.0, 0.0, 1.0, 0.0, 0.0, 3.0, 0.0, -1.0, 1.0, 0.0, -1.0, 2.0, 1.0, 1.0, 1.0, 2.0, 0.0, 2.0, 1.0, 2.0, 1.0, 1.0, -1.0, -1.0, 97069.0, 617.0, 99441.0
2.0, 2.0, -1.0, 3.0, 1.0, 3.0, 1.0, 3.0, 0.0, 0.0, 0.0, -1.0, 2.0, 0.0, 0.0, 0.0, -1.0, 0.0, 3.0, 1.0, 0.0, 3.0, 3.0, -1.0, -1.0, 1.0, -1.0, 3.0, -1.0, 0.0, -1.0, 2.0, 1.0, 3.0, 2.0, 1.0, -1.0, 1.0, 0.0, 2.0, -1.0, 1.0, 3.0, 2.0, 3.0, 2.0, -1.0, 0.0, 2.0, 1.0, 97309.0, 577.0, 99479.0
