0.136062580602, 1.08876228879, 4.9303601724, 0.7269319478, 85.6090748992, 4.53838617977, 0.955043436969, 3.9659200246, 11.5881288067, 188.510501893, 0.0307059871794, 0.0
0.100235614079, 0.989673418666, 5.57831333747, 0.8028683979, 91.3559038229, 6.10311913052, 0.897120401097, 2.82821920712, 13.8882306757, 522.893087103, 0.0, 0.0
0.114730435686, 0.990755052807, 2.25646196348, 0.752602890572, 99.9240552659, 8.49975162243, 0.588640747332, 4.71891677529, 14.6490627909, 126.048915474, 0.0423438764246, 0.0
0.109396772161, 0.883750602511, 5.42886359851, 0.816270894668, 87.2628215862, 1.50089567114, 0.169126634434, 2.3698780007, 15.0023712577, 268.386402604, 0.00844043404434, 0.0
0.197834337646, 1.1999331647, 2.32621277014, 0.768348419003, 82.1499989564, 1.76747463916, 1.22104581171, 2.42415113415, 18.1716787318, 206.370975738, 0.0183155758523, 0.0
0.119988035502, 0.898548334262, 5.28970515699, 0.786251477358, 99.4169571616, 1.18993824931, 1.40521067236, 2.05779547949, 13.3630102563, 409.298875554, 0.00546296053283, 0.0
0.136942908477, 0.826226400557, 4.99852298594, 0.729770275886, 88.281263556, 1.61676529389, 0.445171965692, 0.348248217403, 10.5284231056, 222.106058504, 0.00934561170851, 0.0
0.181010697805, 1.09033660941, 3.86944271483, 0.945346991625, 95.9230647282, 2.37585611931, 0.51165803702, 1.93211140671, 17.0503526939, 316.797547584, 0.00832313712419, 0.142857142857
0.114044910171, 0.904464333493, 4.99332679052, 0.664259468969, 83.6822628895, 1.30851805073, 0.0339565917158, 3.91442267619, 16.9819868599, 286.308308017, 0.00777651090389, 0.416666666667
0.102962071519, 0.844386677275, 2.16867353314, 0.933120761312, 81.0293929148, 6.95042918526, 0.758935820445, 0.934166943726, 12.6670362838, 78.557500415, 0.073284988169, 0.0526315789474
0.141637330267, 0.893648811282, 4.24449366646, 0.793887407911, 94.0917593359, 4.07096086481, 0.262861506295, 1.69133598013, 18.4757333339, 214.940364653, 0.0113328341792, 0.0
0.109396772161, 0.942826709114, 5.42886359851, 0.816270894668, 82.4463374437, 1.50089567114, 0.169126634434, 2.3698780007, 15.0023712577, 397.255425344, 0.00508341646975, 0.142857142857
0.184857834145, 0.835849751719, 2.83545212008, 0.826360198329, 97.8577119657, 9.54442427221, 0.0253245614147, 2.73649257053, 15.6673195704, 182.777227786, 0.0396748102405, 0.0
0.186180151057, 0.921443891225, 3.11803773092, 0.679960561644, 97.8133446328, 5.2239348923, 0.706406475031, 1.77925948, 13.3602299077, 145.215820867, 0.0316062818218, 0.3
0.136942908477, 0.826226400557, 4.99852298594, 0.783881492651, 88.281263556, 1.61676529389, 0.125641392535, 0.452155314302, 10.5284231056, 203.051057856, 0.0179133497736, 0.166666666667
0.184650252736, 0.972555616871, 2.89587915169, 0.910172920108, 89.2472036273, 3.92181783865, 0.372120493689, 3.48673152831, 17.6482077023, 105.802300563, 0.0428421386038, 0.0
0.102962071519, 0.844386677275, 2.16867353314, 0.933120761312, 87.0087149735, 6.95042918526, 0.336510031821, 0.934166943726, 12.6670362838, 87.7459223386, 0.0899663785953, 0.416666666667
0.114730435686, 0.858432376259, 2.25646196348, 0.752602890572, 95.7425303081, 8.49975162243, 0.588640747332, 4.71891677529, 14.6490627909, 89.3066865068, 0.110641085197, 0.333333333333
0.199765507482, 0.942826709114, 2.38582445433, 0.621113759685, 82.4463374437, 4.66900293433, 0.0952941041081, 0.842246814473, 12.7076559788, 99.1777698889, 0.173480744408, 0.5
0.138878546889, 0.855791217361, 4.99221556284, 0.937763570679, 94.4513749014, 2.21776835987, 0.143422482806, 4.18347312602, 17.2369340353, 204.80748416, 0.030262344428, 0.5
0.12066907951, 1.09496560993, 2.24274405995, 0.670968942906, 83.7028674528, 2.89994958217, 1.98319179555, 3.52098049152, 18.4414308515, 197.862436386, 0.0317614016604, 0.185185185185
0.101375832477, 1.07855656221, 2.13119319688, 0.63308330041, 87.9461235784, 6.4681806042, 0.429850781363, 0.921762548307, 17.5117288249, 108.22187999, 0.104070987675, 0.6
0.199765507482, 0.883750602511, 2.38582445433, 0.621113759685, 97.9138906882, 4.66900293433, 0.0952941041081, 0.842246814473, 12.7076559788, 120.420993938, 0.115248233185, 0.5
0.111871210801, 1.24433445289, 2.43325801138, 0.691441910975, 95.5938390279, 7.37086633497, 0.893354588054, 2.5177000285, 12.3485608792, 156.395482731, 0.0692172632304, 0.0
0.101375832477, 1.07855656221, 2.13119319688, 0.63308330041, 87.9461235784, 6.4681806042, 0.429850781363, 0.921762548307, 17.5117288249, 145.963123852, 0.10004548528, 0.0
0.148758454338, 1.24433445289, 2.43325801138, 0.691441910975, 95.5938390279, 7.37086633497, 0.421524694045, 2.5177000285, 11.1032969755, 160.216641778, 0.050880453963, 0.125
0.111871210801, 1.25608539856, 2.01100898077, 0.647305326945, 98.7969145241, 5.52154442744, 0.881210169607, 3.44438055358, 15.4859348376, 143.608000946, 0.0626708139668, 0.428571428571
0.160614349091, 0.916436620297, 3.3936487181, 0.748449347151, 85.5592268173, 8.2225446662, 0.101644814651, 0.109058801822, 18.5927671922, 162.998252058, 0.0575392703188, 0.0
0.124536866113, 1.19131301017, 4.91723217989, 0.774209167504, 82.0431981848, 1.12350911631, 0.490730248938, 1.0390192803, 12.4720576859, 545.245182247, 0.00881171922605, 0.0
0.168342210394, 0.835849751719, 2.83545212008, 0.826360198329, 94.2973660615, 9.54442427221, 0.0253245614147, 2.73649257053, 15.6673195704, 131.340804391, 0.104999435234, 0.166666666667
0.115237842562, 1.01806500032, 4.88737873352, 0.644360264682, 91.8445705712, 3.03491018154, 0.0636583836579, 0.00309558801393, 12.0576628241, 199.394614158, 0.0339455511861, 0.461538461538
0.129121712816, 0.864226559159, 5.18807560744, 0.651890450637, 83.0701870649, 2.41524086192, 0.546416323535, 0.985307505466, 14.6591674936, 162.379078824, 0.0473195262463, 0.466666666667
0.181217568652, 0.847523610592, 4.6822643967, 0.695556225421, 83.8050596205, 1.04877194171, 0.935648617563, 1.21764981754, 19.4402500503, 216.946786231, 0.0202444380998, 0.0555555555556
0.199716731571, 0.853020221288, 3.65951048903, 0.641617899837, 87.8495303027, 2.99662606233, 0.674642684368, 3.44646083894, 19.2072882942, 236.878334852, 0.0136072032764, 0.0
0.186180151057, 0.921443891225, 3.11803773092, 0.679960561644, 97.8133446328, 5.2239348923, 0.706406475031, 1.77925948, 13.3602299077, 159.017324503, 0.07609882898, 0.153846153846
0.148758454338, 1.25608539856, 2.57854819986, 0.647305326945, 98.7969145241, 5.52154442744, 0.71411862133, 3.44438055358, 15.4859348376, 147.665621388, 0.0962850445987, 0.333333333333
0.111780468796, 0.896674108317, 6.42850793504, 0.801643648554, 85.8015875801, 1.94605904539, 0.83728293141, 0.93322493469, 15.1880537083, 293.200032712, 0.0128395080338, 0.1
0.177724140864, 1.01616856008, 6.16736845873, 0.63763202191, 82.6964889045, 2.1722073468, 0.615867021023, 1.45125418333, 15.7771363293, 359.649545374, 0.0123413016468, 0.111111111111
0.143216099015, 0.856846294827, 4.08074815175, 0.707901829128, 94.241460691, 8.28605949768, 0.943658232902, 3.02565849589, 16.1643441399, 261.158780224, 0.0167705692581, 0.0
0.128443491956, 1.02866380487, 7.8205847695, 0.91959853771, 91.3690636252, 2.65800567933, 1.09490791389, 0.796542817936, 17.4340830995, 962.852388096, 0.0113229196137, 0.0
0.129345177435, 1.18580046123, 3.92949351847, 0.762396154975, 82.3269692218, 2.57245459223, 1.9705778518, 1.3740484247, 12.9258047007, 505.158382963, 0.0126716029741, 0.0
0.129345177435, 1.18580046123, 3.92949351847, 0.762396154975, 82.3269692218, 2.57245459223, 1.9705778518, 1.3740484247, 12.9258047007, 462.942904386, 0.0132789361961, 0.0
0.141687216972, 1.22882110607, 5.97255809399, 0.694437783484, 84.7215727268, 1.35719685877, 0.683012355547, 2.51853359801, 11.7008110053, 533.055088219, 0.00986755163644, 0.181818181818
0.114044910171, 0.904464333493, 4.99332679052, 0.795165035395, 83.6822628895, 1.30851805073, 0.0339565917158, 3.91442267619, 16.9819868599, 272.714359175, 0.0137794982586, 0.292682926829
0.165476674494, 1.25903422923, 2.4891544994, 0.870993392459, 99.9471690543, 5.3767290103, 0.0292375735619, 0.280374750414, 19.9164781165, 213.504958209, 0.0510061208248, 0.0
0.180079454295, 0.847523610592, 4.6822643967, 0.695556225421, 83.8050596205, 1.04877194171, 0.935648617563, 1.21764981754, 10.5639871693, 222.82786778, 0.0292405025247, 0.307692307692
0.199757126976, 0.972555616871, 2.89587915169, 0.910172920108, 89.2472036273, 3.92181783865, 0.372120493689, 3.48673152831, 17.6482077023, 202.603904999, 0.0659082644338, 0.421052631579
0.199716731571, 0.853020221288, 3.65951048903, 0.641617899837, 90.0991609791, 2.99662606233, 0.674642684368, 3.44646083894, 19.2072882942, 185.423354091, 0.0971620522271, 0.518518518519
0.149432107872, 0.84371684088, 5.66138982896, 0.939559570206, 87.8957443371, 3.26915792386, 0.917899791698, 2.34535595184, 17.8391506823, 303.053525195, 0.0214079588039, 0.0
0.102932905334, 1.24560572512, 3.69898464645, 0.676788364924, 83.5326310276, 3.57874191914, 0.33662485924, 4.52299146179, 19.2167961837, 272.540804817, 0.0222723115003, 0.0
0.123887352851, 0.900690337723, 5.08848451742, 0.692188635301, 97.9171136748, 2.53431672367, 0.469139847254, 0.493483121874, 14.0659142406, 268.032998443, 0.0245745559649, 0.470588235294
0.168413792751, 0.906250878749, 5.66982233859, 0.723451167451, 84.2246049517, 2.63216269638, 1.31486485148, 4.36478193487, 12.7907647116, 371.388010008, 0.021879770429, 0.0
0.129121712816, 0.864226559159, 5.18807560744, 0.651890450637, 83.0701870649, 2.41524086192, 0.546416323535, 0.985307505466, 14.6591674936, 271.483223921, 0.0215026155953, 0.117647058824
0.109800189786, 0.917345712885, 6.57052360139, 0.800109365607, 97.9977603853, 7.19321980941, 0.896914066628, 2.15214151074, 13.7349462812, 279.855733724, 0.0285846858971, 0.0
0.180680303417, 1.04152477725, 3.97284593712, 0.652765880894, 88.8409147255, 3.52743907461, 1.72862950954, 2.38117352075, 11.9767802389, 285.87707183, 0.0242193526035, 0.0
0.141637330267, 0.893648811282, 4.24449366646, 0.796935321618, 94.283804712, 4.07096086481, 0.262861506295, 1.69133598013, 18.4757333339, 225.09648154, 0.0396742780853, 0.368421052632
0.138878546889, 0.855791217361, 4.99221556284, 0.915408835211, 94.4513749014, 2.21776835987, 0.143422482806, 4.18347312602, 17.2369340353, 233.98064324, 0.0352548354209, 0.384615384615
0.119988035502, 0.898548334262, 5.28970515699, 0.786251477358, 99.4169571616, 1.04665705916, 1.40521067236, 2.05779547949, 13.3630102563, 422.78657661, 0.0159502088911, 0.532467532468
0.138990483627, 1.12604701704, 2.47132457, 0.937763570679, 96.8902453233, 2.77278788902, 1.35200819825, 2.81980088341, 10.4859802149, 244.27504967, 0.0343075660836, 0.303571428571
0.134575900063, 1.10559081467, 3.08552207252, 0.856266553756, 99.3546556064, 4.10680730445, 0.417460103703, 0.954083212126, 18.4529348857, 220.471362299, 0.0444808079155, 0.307692307692
0.12499356654, 0.900690337723, 5.08848451742, 0.692188635301, 97.9171136748, 2.53431672367, 0.469139847254, 0.493483121874, 14.0659142406, 219.168644273, 0.0476391371607, 0.382352941176
0.160614349091, 0.897164336542, 3.3936487181, 0.748449347151, 85.5592268173, 4.15106675905, 0.101644814651, 0.109058801822, 18.5927671922, 233.905554967, 0.0443516609766, 0.25
0.119241207529, 0.954525413644, 7.50135742987, 0.836020621079, 90.6338565852, 2.37585611931, 0.51165803702, 2.65845251925, 12.9078936562, 629.694953241, 0.0217256890048, 0.0
0.113354091559, 0.853150318606, 7.56978380536, 0.722105281051, 85.3859392967, 3.14447201454, 1.73169665323, 2.99625239289, 12.6942174906, 416.415734866, 0.0233846763401, 0.0169491525424
0.153387052191, 0.890521780557, 5.67544650884, 0.929917183242, 90.1248471972, 8.7068708604, 0.258974663675, 1.10588299714, 14.2861931578, 257.46446172, 0.0719161044955, 0.0
0.102932905334, 1.24560572512, 3.69898464645, 0.676788364924, 83.5326310276, 3.57874191914, 0.33662485924, 4.52299146179, 19.2167961837, 405.32625923, 0.0278964251268, 0.0
0.155891134581, 1.18955354035, 2.59182077534, 0.665894167216, 90.7871337564, 6.00150051003, 1.60509283967, 1.20478253905, 12.6027900159, 264.079244797, 0.0491344764131, 0.16
0.186398017898, 1.0776597221, 5.35206386296, 0.709920465467, 85.9320396019, 1.56366345155, 0.568972985984, 0.501269847675, 18.5363992783, 252.552785747, 0.0356086093762, 0.533333333333
0.133561123762, 0.94073306657, 4.85343896169, 0.90478734836, 92.8899067531, 6.45363277174, 1.73966920082, 1.50712758637, 16.8852834415, 448.891329093, 0.0247435394352, 0.0
0.122133845471, 0.897164336542, 6.66645300424, 0.923606472747, 92.2014163257, 4.15106675905, 0.360453071872, 4.88754324075, 11.3505204319, 391.23383, 0.0245173535322, 0.0769230769231
0.144045074006, 0.84371684088, 5.66138982896, 0.939559570206, 87.8957443371, 3.26915792386, 0.917899791698, 2.34535595184, 17.8391506823, 330.920516018, 0.0379116253123, 0.0526315789474
0.115237842562, 1.01806500032, 4.88737873352, 0.644360264682, 91.8445705712, 3.03491018154, 0.0636583836579, 0.00309558801393, 17.825552071, 306.30905332, 0.0229657045829, 0.181818181818
0.100235614079, 0.989673418666, 5.57831333747, 0.8028683979, 91.3559038229, 6.10311913052, 0.897120401097, 2.82821920712, 13.8882306757, 327.127016688, 0.041710567462, 0.0
0.108404966515, 0.871419200616, 5.21565317624, 0.84147522923, 96.0976820166, 4.35802623685, 0.211052677423, 1.18901874344, 17.1391642207, 271.839138404, 0.0329138596366, 0.529411764706
0.103582750524, 0.958182992631, 6.32748576972, 0.647168779442, 85.8304913367, 2.40039276239, 1.57921524745, 4.79335711985, 19.0389281409, 491.213650478, 0.0210803212914, 0.333333333333
0.134680276752, 0.8584135054, 7.43720823288, 0.647282236328, 86.6410840784, 5.37804592712, 1.46094106891, 4.15236408586, 19.3163881811, 585.15522546, 0.0247514901607, 0.0
0.144629974813, 1.10559081467, 3.08552207252, 0.856266553756, 99.3546556064, 4.10680730445, 0.417460103703, 0.954083212126, 18.4529348857, 243.270639637, 0.0671252454554, 0.272727272727
0.162937676324, 0.858432376259, 6.98886732029, 0.706796909121, 95.7425303081, 9.34235198605, 0.52370341182, 0.883948458062, 17.5727950224, 223.136771812, 0.204428677987, 0.2
0.182945158033, 1.15750752018, 7.01672119871, 0.825787566636, 80.945328453, 4.92862227615, 1.92567225308, 2.41405504065, 15.7487712658, 985.278492988, 0.027233324226, 0.0
0.162021605418, 0.934448365656, 7.0742448113, 0.914768445331, 95.5995810668, 5.4947764055, 0.861973148871, 4.73920310844, 11.2809410258, 276.951911206, 0.0409515505351, 0.3
0.186398017898, 1.0776597221, 5.35206386296, 0.912374510139, 85.9320396019, 1.56366345155, 0.568972985984, 0.501269847675, 18.5363992783, 234.513301051, 0.0533171670453, 0.588235294118
0.153387052191, 0.890521780557, 5.67544650884, 0.929917183242, 90.1248471972, 8.7068708604, 0.258974663675, 1.10588299714, 14.2861931578, 219.861400141, 0.124654126077, 0.545454545455
0.172636602454, 1.14990647959, 3.73113320752, 0.793640901772, 83.4275434029, 7.16181255547, 1.12374825485, 2.72292653128, 18.0897923404, 342.821915241, 0.0502136268734, 0.0
0.133954408018, 1.06451393845, 3.94784822002, 0.900580426656, 88.2375327418, 3.61783255634, 0.154665277282, 4.43138848443, 16.2952863449, 272.931285049, 0.0420003073384, 0.333333333333
0.190107732106, 1.15966315595, 3.67621482074, 0.836433896537, 95.6467778459, 8.13176255749, 1.73961979196, 0.654857480824, 10.7173004274, 324.882839865, 0.0577353963413, 0.0
0.177724140864, 1.01616856008, 6.16736845873, 0.63763202191, 82.6964889045, 2.1722073468, 0.615867021023, 1.45125418333, 13.9629628679, 361.356735232, 0.025159845586, 0.533333333333
0.171984366612, 1.21181913617, 5.52023320163, 0.647282236328, 83.1452854247, 4.60408224581, 1.66239322335, 0.414505636306, 11.5040995183, 693.673198586, 0.0379822381797, 0.0
0.149692731015, 1.05116202583, 4.83908095736, 0.709920465467, 94.8842744568, 5.10521395208, 0.52756245893, 0.94889065813, 17.7211529958, 328.850159676, 0.0642642632022, 0.0434782608696
0.166881314986, 1.14238878769, 3.88372098933, 0.884620140994, 87.891739714, 7.62051774142, 0.598979924877, 0.155981761172, 15.0399206815, 296.409544702, 0.0396597471505, 0.307692307692
0.133954408018, 1.06451393845, 3.94784822002, 0.900580426656, 88.2375327418, 3.61783255634, 0.154665277282, 4.43138848443, 16.2952863449, 351.340115761, 0.0377160481226, 0.2
0.196073038701, 0.953395439625, 3.57631785162, 0.815488239895, 86.8600199727, 6.52200827348, 1.20564244415, 0.539343363156, 14.9627102216, 291.60588037, 0.0770221418156, 0.075
0.180696870553, 1.15426237956, 5.91292847404, 0.914768445331, 98.1877412469, 9.91458437326, 1.2419042086, 1.34298100478, 18.1092558737, 767.266695401, 0.041630936796, 0.0
0.111780468796, 0.896674108317, 6.42850793504, 0.769957931614, 85.8015875801, 1.94605904539, 0.83728293141, 0.93322493469, 15.1880537083, 403.949049807, 0.026580744407, 0.53125
0.199757126976, 1.04351215197, 6.50545582572, 0.821325161116, 96.1675831259, 5.21650862851, 0.667954527512, 0.821377574905, 13.1642165429, 342.39268067, 0.0946642100114, 0.0
0.194033216692, 0.947066846496, 6.1348158574, 0.710601322868, 95.8946227202, 7.26420834934, 0.461838211758, 1.41996039569, 13.4221496202, 362.249649307, 0.0720938066874, 0.0
0.140013788197, 1.19131301017, 6.78780931453, 0.774209167504, 82.0431981848, 1.12350911631, 0.490730248938, 1.0390192803, 19.2317343038, 576.470074548, 0.022520872718, 0.470588235294
0.136062580602, 1.08876228879, 4.9303601724, 0.704009860252, 87.876800523, 4.53838617977, 0.955043436969, 3.9659200246, 11.5881288067, 347.897996264, 0.053526764965, 0.1
0.162937676324, 0.990755052807, 6.98886732029, 0.706796909121, 99.9240552659, 9.34235198605, 0.52370341182, 0.883948458062, 17.5727950224, 457.953277358, 0.0510868009226, 0.0
0.109014597605, 1.17729536576, 4.92878002142, 0.714667051982, 87.9769809113, 4.1100002398, 0.201082363355, 4.32485946232, 18.3529688126, 446.726640726, 0.0378877681761, 0.142857142857
0.155891134581, 1.18955354035, 2.59182077534, 0.665894167216, 90.7871337564, 6.00150051003, 1.60509283967, 1.20478253905, 12.6027900159, 243.187840578, 0.124146167187, 0.622047244094
