4.83094972569, 1.16010286731, 0.804741507153, 1.02484539123, 7.00227565242, 0.730877838571, 2.87989012462, 0.854426589728, 0.947419431793, 3.49659382246, 5.6561838006, 0.84390150082, 1.22360217682, 0.99124784005, 1.09000086729, 1.03681602206, 1.01494847175, 1.09311607056, 7.90783806696, 1.03475268628, 0.942799539186, 189.179095827, 1.0285802547, 3.32956254585, 1.15920415359, 4.15668160871, 1.02444070293, 14.5098033275, 5.90239993549, 136.648877933, 7.23860589812
2.25159711772, 1.35839254174, 0.811614712567, 1.00526974455, 5.51621510397, 0.880480922265, 5.55131575291, 0.902714092692, 0.938515388666, 4.0908045312, 4.99839002596, 0.862415352007, 3.83082540247, 0.814403462935, 1.09000087654, 1.02101029713, 1.04892059708, 1.16058247244, 5.81109838724, 1.07850293112, 0.798985239413, 166.242255088, 1.07551395761, 3.54178343761, 1.18593746871, 1.85240080667, 0.904126182, 81.1584705376, 14.3340649701, 259.980056283, 1.87667560322
4.79956591658, 1.17336565141, 0.89501583906, 1.13911027688, 3.21088173648, 0.955599284288, 4.86660807982, 0.991502170503, 0.980172217211, 5.16373971574, 1.66389767904, 0.842819127406, 2.37170388936, 1.2493883683, 1.09000076013, 1.06313676384, 1.01856121594, 1.11131853134, 8.19655716034, 1.17380513935, 0.998890025291, 178.966620012, 1.11648865238, 5.45934096397, 1.00356054107, 1.24683734281, 1.23155066768, 1192.4505168, 42.9538188468, 1795.50383208, 0.0
4.17662951707, 1.42859460663, 1.05834205964, 1.21331975713, 6.8399543285, 0.724120613288, 4.30740201953, 0.908319944985, 0.901397720385, 3.35336747749, 4.65246545648, 1.0297972947, 3.0491633106, 0.861218038508, 1.09000080309, 1.02527081674, 1.00117985506, 1.22459418711, 3.80517189767, 1.14078910207, 0.923448941187, 326.600231179, 0.982653886015, 3.09046414093, 1.01468341263, 1.28627569592, 0.993064532847, 34.2868427571, 14.7687732093, 101.1574945, 2.14477211796
4.17662951707, 1.42859460663, 1.05834205964, 1.21331975713, 6.8399543285, 0.724120613288, 4.30740201953, 0.908319944985, 0.901397720385, 3.35336747749, 4.65246545648, 1.0297972947, 3.0491633106, 0.861218038508, 1.09000080309, 1.02527081674, 1.00117985506, 1.22459418711, 3.80517189767, 1.14078910207, 0.923448941187, 326.600231179, 0.982653886015, 3.09046414093, 1.01468341263, 1.28627569592, 0.993064532847, 34.2868427571, 14.7687732093, 101.1574945, 2.14477211796
4.17662951707, 1.42859460663, 1.05834205964, 1.21331975713, 6.8399543285, 0.724120613288, 4.30740201953, 0.908319944985, 0.901397720385, 3.35336747749, 4.65246545648, 1.0297972947, 3.0491633106, 0.861218038508, 1.09000080309, 1.02527081674, 1.00117985506, 1.22459418711, 3.80517189767, 1.14078910207, 0.923448941187, 326.600231179, 0.982653886015, 3.09046414093, 1.01468341263, 1.28627569592, 0.993064532847, 34.2868427571, 14.7687732093, 101.1574945, 2.14477211796
4.17662951707, 1.42859460663, 1.05834205964, 1.21331975713, 6.8399543285, 0.724120613288, 4.30740201953, 0.908319944985, 0.901397720385, 3.35336747749, 4.65246545648, 1.0297972947, 3.0491633106, 0.861218038508, 1.09000080309, 1.02527081674, 1.00117985506, 1.22459418711, 3.80517189767, 1.14078910207, 0.923448941187, 326.600231179, 0.982653886015, 3.09046414093, 1.01468341263, 1.28627569592, 0.993064532847, 34.2868427571, 14.7687732093, 101.1574945, 2.14477211796
4.17662951707, 1.42859460663, 1.05834205964, 1.21331975713, 6.8399543285, 0.724120613288, 4.30740201953, 0.908319944985, 0.901397720385, 3.35336747749, 4.65246545648, 1.0297972947, 3.0491633106, 0.861218038508, 1.09000080309, 1.02527081674, 1.00117985506, 1.22459418711, 3.80517189767, 1.14078910207, 0.923448941187, 326.600231179, 0.982653886015, 3.09046414093, 1.01468341263, 1.28627569592, 0.993064532847, 34.2868427571, 14.7687732093, 101.1574945, 2.14477211796
4.17662951707, 1.42859460663, 1.05834205964, 1.21331975713, 6.8399543285, 0.724120613288, 4.30740201953, 0.908319944985, 0.901397720385, 3.35336747749, 4.65246545648, 1.0297972947, 3.0491633106, 0.861218038508, 1.09000080309, 1.02527081674, 1.00117985506, 1.22459418711, 3.80517189767, 1.14078910207, 0.923448941187, 326.600231179, 0.982653886015, 3.09046414093, 1.01468341263, 1.28627569592, 0.993064532847, 34.2868427571, 14.7687732093, 101.1574945, 2.14477211796
4.17662951707, 1.42859460663, 1.05834205964, 1.21331975713, 6.8399543285, 0.724120613288, 4.30740201953, 0.908319944985, 0.901397720385, 3.35336747749, 4.65246545648, 1.0297972947, 3.0491633106, 0.861218038508, 1.09000080309, 1.02527081674, 1.00117985506, 1.22459418711, 3.80517189767, 1.14078910207, 0.923448941187, 326.600231179, 0.982653886015, 3.09046414093, 1.01468341263, 1.28627569592, 0.993064532847, 34.2868427571, 14.7687732093, 101.1574945, 2.14477211796
4.17662951707, 1.42859460663, 1.05834205964, 1.21331975713, 6.8399543285, 0.724120613288, 4.30740201953, 0.908319944985, 0.901397720385, 3.35336747749, 4.65246545648, 1.0297972947, 3.0491633106, 0.861218038508, 1.09000080309, 1.02527081674, 1.00117985506, 1.22459418711, 3.80517189767, 1.14078910207, 0.923448941187, 326.600231179, 0.982653886015, 3.09046414093, 1.01468341263, 1.28627569592, 0.993064532847, 34.2868427571, 14.7687732093, 101.1574945, 2.14477211796
4.17662951707, 1.42859460663, 1.05834205964, 1.21331975713, 6.8399543285, 0.724120613288, 4.30740201953, 0.908319944985, 0.901397720385, 3.35336747749, 4.65246545648, 1.0297972947, 3.0491633106, 0.861218038508, 1.09000080309, 1.02527081674, 1.00117985506, 1.22459418711, 3.80517189767, 1.14078910207, 0.923448941187, 326.600231179, 0.982653886015, 3.09046414093, 1.01468341263, 1.28627569592, 0.993064532847, 34.2868427571, 14.7687732093, 101.1574945, 2.14477211796
4.17662951707, 1.42859460663, 1.05834205964, 1.21331975713, 6.8399543285, 0.724120613288, 4.30740201953, 0.908319944985, 0.901397720385, 3.35336747749, 4.65246545648, 1.0297972947, 3.0491633106, 0.861218038508, 1.09000080309, 1.02527081674, 1.00117985506, 1.22459418711, 3.80517189767, 1.14078910207, 0.923448941187, 326.600231179, 0.982653886015, 3.09046414093, 1.01468341263, 1.28627569592, 0.993064532847, 34.2868427571, 14.7687732093, 101.1574945, 2.14477211796
4.17662951707, 1.42859460663, 1.05834205964, 1.21331975713, 6.8399543285, 0.724120613288, 4.30740201953, 0.908319944985, 0.901397720385, 3.35336747749, 4.65246545648, 1.0297972947, 3.0491633106, 0.861218038508, 1.09000080309, 1.02527081674, 1.00117985506, 1.22459418711, 3.80517189767, 1.14078910207, 0.923448941187, 326.600231179, 0.982653886015, 3.09046414093, 1.01468341263, 1.28627569592, 0.993064532847, 34.2868427571, 14.7687732093, 101.1574945, 2.14477211796
4.17662951707, 1.42859460663, 1.05834205964, 1.21331975713, 6.8399543285, 0.724120613288, 4.30740201953, 0.908319944985, 0.901397720385, 3.35336747749, 4.65246545648, 1.0297972947, 3.0491633106, 0.861218038508, 1.09000080309, 1.02527081674, 1.00117985506, 1.22459418711, 3.80517189767, 1.14078910207, 0.923448941187, 326.600231179, 0.982653886015, 3.09046414093, 1.01468341263, 1.28627569592, 0.993064532847, 34.2868427571, 14.7687732093, 101.1574945, 2.14477211796
4.17662951707, 1.42859460663, 1.05834205964, 1.21331975713, 6.8399543285, 0.724120613288, 4.30740201953, 0.908319944985, 0.901397720385, 3.35336747749, 4.65246545648, 1.0297972947, 3.0491633106, 0.861218038508, 1.09000080309, 1.02527081674, 1.00117985506, 1.22459418711, 3.80517189767, 1.14078910207, 0.923448941187, 326.600231179, 0.982653886015, 3.09046414093, 1.01468341263, 1.28627569592, 0.993064532847, 34.2868427571, 14.7687732093, 101.1574945, 2.14477211796
4.17662951707, 1.42859460663, 1.05834205964, 1.21331975713, 6.8399543285, 0.724120613288, 4.30740201953, 0.908319944985, 0.901397720385, 3.35336747749, 4.65246545648, 1.0297972947, 3.0491633106, 0.861218038508, 1.09000080309, 1.02527081674, 1.00117985506, 1.22459418711, 3.80517189767, 1.14078910207, 0.923448941187, 326.600231179, 0.982653886015, 3.09046414093, 1.01468341263, 1.28627569592, 0.993064532847, 34.2868427571, 14.7687732093, 101.1574945, 2.14477211796
4.16864401571, 1.42721852662, 1.03979240942, 1.21331975713, 5.8907098386, 0.723082995399, 3.40650483395, 0.860133582619, 0.901397720385, 4.32171925649, 4.75467226178, 1.05456844125, 3.0500159129, 0.861218038508, 1.09000080309, 1.08745617686, 1.0152254606, 1.22459418711, 3.4932508193, 1.16862854408, 0.923448941187, 326.408869951, 0.981968197572, 3.46718346558, 1.2234071566, 1.28627569592, 0.993064532847, 70.4280645146, 19.2278590872, 505.730760758, 0.536193029491
4.17416242793, 1.42333961282, 1.02187917224, 1.18044924249, 6.85944428969, 0.725142571048, 4.32471593622, 1.08204469567, 0.917266317262, 3.31650820372, 4.08162726326, 0.9210289541, 4.77384832056, 1.18016564166, 1.09000097996, 1.02333717877, 1.02862600204, 1.22311747368, 4.64513562316, 1.14078774535, 0.938089813879, 323.255944155, 1.13517151902, 4.82171390023, 1.05829725033, 2.24816206339, 1.20515227179, 19.6421602888, 9.15538276817, 61.35476462, 0.804289544236
4.17416242793, 1.42333961282, 1.02187917224, 1.18044924249, 6.85944428969, 0.725142571048, 4.32471593622, 1.08204469567, 0.917266317262, 3.31650820372, 4.08162726326, 0.9210289541, 4.77384832056, 1.18016564166, 1.09000097996, 1.02333717877, 1.02862600204, 1.22311747368, 4.64513562316, 1.14078774535, 0.938089813879, 323.255944155, 1.13517151902, 4.82171390023, 1.05829725033, 2.24816206339, 1.20515227179, 19.6421602888, 9.15538276817, 61.35476462, 0.804289544236
4.17416242793, 1.42333961282, 1.02187917224, 1.18044924249, 6.85944428969, 0.725142571048, 4.32471593622, 1.08204469567, 0.917266317262, 3.31650820372, 4.08162726326, 0.9210289541, 4.77384832056, 1.18016564166, 1.09000097996, 1.02333717877, 1.02862600204, 1.22311747368, 4.64513562316, 1.14078774535, 0.938089813879, 323.255944155, 1.13517151902, 4.82171390023, 1.05829725033, 2.24816206339, 1.20515227179, 19.6421602888, 9.15538276817, 61.35476462, 0.804289544236
4.17416242793, 1.42333961282, 1.02187917224, 1.18044924249, 6.85944428969, 0.725142571048, 4.32471593622, 1.08204469567, 0.917266317262, 3.31650820372, 4.08162726326, 0.9210289541, 4.77384832056, 1.18016564166, 1.09000097996, 1.02333717877, 1.02862600204, 1.22311747368, 4.64513562316, 1.14078774535, 0.938089813879, 323.255944155, 1.13517151902, 4.82171390023, 1.05829725033, 2.24816206339, 1.20515227179, 19.6421602888, 9.15538276817, 61.35476462, 0.804289544236
4.17634267014, 1.42859460663, 1.03860312033, 1.21331975713, 6.8399543285, 0.724120613288, 4.32448839688, 0.909465227729, 0.901397720385, 4.30858062494, 4.75965771761, 1.0539827347, 3.0491633106, 0.861218038508, 1.09000080309, 1.02527081674, 1.01520779204, 1.22459418711, 3.80517189767, 1.16853531573, 0.923448941187, 342.308856655, 0.982653886015, 3.47074233965, 1.01471285049, 1.28627569592, 0.993064532847, 61.8697513933, 12.79248409, 166.917938926, 1.60857908847
4.17419535784, 1.42859460663, 0.988776522482, 1.21331975713, 6.86006342833, 0.724120613288, 4.32471143056, 0.909465227729, 0.916857296031, 4.43546653326, 4.79468398057, 0.921562055213, 4.69879173246, 1.17514113827, 1.0900009772, 1.02527081674, 1.01520779204, 1.22459418711, 4.69257109568, 1.1691924202, 0.923448941187, 342.308856655, 0.982653886015, 3.46458419857, 1.01471415595, 1.26149705925, 0.993064532847, 31.9020799931, 9.00428754711, 157.993797165, 2.9490616622
4.17419535784, 1.42859460663, 0.988776522482, 1.21331975713, 6.86006342833, 0.724120613288, 4.32471143056, 0.909465227729, 0.916857296031, 4.43546653326, 4.79468398057, 0.921562055213, 4.69879173246, 1.17514113827, 1.0900009772, 1.02527081674, 1.01520779204, 1.22459418711, 4.69257109568, 1.1691924202, 0.923448941187, 342.308856655, 0.982653886015, 3.46458419857, 1.01471415595, 1.26149705925, 0.993064532847, 31.9020799931, 9.00428754711, 157.993797165, 2.9490616622
4.17419535784, 1.42859460663, 0.988776522482, 1.21331975713, 6.86006342833, 0.724120613288, 4.32471143056, 0.909465227729, 0.916857296031, 4.43546653326, 4.79468398057, 0.921562055213, 4.69879173246, 1.17514113827, 1.0900009772, 1.02527081674, 1.01520779204, 1.22459418711, 4.69257109568, 1.1691924202, 0.923448941187, 342.308856655, 0.982653886015, 3.46458419857, 1.01471415595, 1.26149705925, 0.993064532847, 31.9020799931, 9.00428754711, 157.993797165, 2.9490616622
4.17416242793, 1.42333961282, 1.02187917224, 1.21325593667, 6.85944428969, 0.725169233708, 4.32471593622, 1.08204469567, 0.917297348511, 3.31650820372, 4.08162726326, 0.9210289541, 3.07484994146, 1.17603960435, 1.09000097208, 1.02333717877, 1.01538720237, 1.22460083334, 4.64513562316, 1.14078774535, 0.938089813879, 323.121432144, 0.98481223118, 4.82171390023, 1.0561617608, 2.24816206339, 1.20515227179, 299.774609293, 14.4895971443, 1170.94484415, 4.82573726542
4.2993707763, 1.42859460663, 1.05834205964, 1.21331975713, 6.8399543285, 0.724120613288, 4.68986041456, 0.908319944985, 0.902029642897, 3.42209126542, 4.65246545648, 1.0297972947, 3.0491633106, 0.861218038508, 1.09000080309, 1.02527081674, 1.00117985506, 1.22459418711, 3.80189958954, 1.14078910207, 0.923448941187, 339.247398722, 0.982653886015, 3.09046414093, 1.01468341263, 1.28627569592, 0.993064532847, 40.2536357653, 7.69892174672, 110.702654299, 5.36193029491
4.17662951707, 1.42322659141, 1.05834205964, 1.180696852, 6.85915252974, 0.724120613288, 4.30740201953, 1.07930895031, 0.901397720385, 3.35336747749, 4.65246545648, 1.0297972947, 3.06920597454, 0.861218038508, 1.09000080426, 1.02527081674, 1.0308452707, 1.19988980606, 4.64392202344, 1.14078910207, 0.938082820558, 323.290362712, 1.13697498012, 3.09046414093, 1.01468341263, 1.28391561709, 0.993064532847, 66.1325139754, 11.1057726377, 320.221636782, 2.68096514745
4.17662951707, 1.42322659141, 1.05834205964, 1.180696852, 6.85915252974, 0.724120613288, 4.30740201953, 1.07930895031, 0.901397720385, 3.35336747749, 4.65246545648, 1.0297972947, 3.06920597454, 0.861218038508, 1.09000080426, 1.02527081674, 1.0308452707, 1.19988980606, 4.64392202344, 1.14078910207, 0.938082820558, 323.290362712, 1.13697498012, 3.09046414093, 1.01468341263, 1.28391561709, 0.993064532847, 66.1325139754, 11.1057726377, 320.221636782, 2.68096514745
4.17662951707, 1.42322659141, 1.05834205964, 1.180696852, 6.85915252974, 0.724120613288, 4.30740201953, 1.07930895031, 0.901397720385, 3.35336747749, 4.65246545648, 1.0297972947, 3.06920597454, 0.861218038508, 1.09000080426, 1.02527081674, 1.0308452707, 1.19988980606, 4.64392202344, 1.14078910207, 0.938082820558, 323.290362712, 1.13697498012, 3.09046414093, 1.01468341263, 1.28391561709, 0.993064532847, 66.1325139754, 11.1057726377, 320.221636782, 2.68096514745
4.17662951707, 1.42322659141, 1.05834205964, 1.180696852, 6.85915252974, 0.724120613288, 4.30740201953, 1.07930895031, 0.901397720385, 3.35336747749, 4.65246545648, 1.0297972947, 3.06920597454, 0.861218038508, 1.09000080426, 1.02527081674, 1.0308452707, 1.19988980606, 4.64392202344, 1.14078910207, 0.938082820558, 323.290362712, 1.13697498012, 3.09046414093, 1.01468341263, 1.28391561709, 0.993064532847, 66.1325139754, 11.1057726377, 320.221636782, 2.68096514745
4.17654966831, 1.42859460663, 1.05834205964, 1.21331975713, 6.8399543285, 0.724120613288, 4.30740201953, 1.09094111483, 0.901397720385, 3.46126849356, 4.65246545648, 1.0297972947, 2.9918627622, 0.860610735343, 1.09000080309, 1.01932826217, 1.00117985506, 1.22459418711, 3.80517189767, 1.14078909848, 0.923448941187, 326.600231179, 0.982653886015, 3.09046414093, 1.01468341263, 1.28627569592, 1.20789101127, 457.762283859, 33.9786680969, 1206.97900012, 2.9490616622
4.17631325605, 1.42334800911, 1.0386143306, 1.21134603754, 6.85959761634, 0.725142571048, 4.32447886153, 1.08204469567, 0.901000628114, 4.30408417363, 4.08162726326, 1.04911927818, 4.77384832056, 1.18128797385, 1.09000080544, 1.02523575386, 1.02892057072, 1.22313861591, 4.64513562316, 1.14078774535, 0.938089813879, 323.255944155, 1.13517151902, 4.82171390023, 1.05829725033, 2.24816206339, 1.20515227179, 485.236460065, 31.5045384142, 930.758769192, 0.268096514745
4.2993707763, 1.42337999419, 1.05834205964, 1.21239117457, 6.84013041207, 0.724120613288, 4.69853765674, 0.908319944985, 0.926177503164, 3.31780008178, 4.08473839437, 1.0297972947, 4.76167664508, 1.15246391281, 1.09000079359, 1.01869942508, 1.00117985506, 1.22310984837, 3.78994594026, 1.14792303898, 0.938125186776, 322.623552824, 1.1307446756, 3.09046414093, 1.01468341263, 1.28627569592, 0.995371564331, 23.1474945645, 6.57727646526, 43.5498755064, 2.68096514745
4.2993707763, 1.42337999419, 1.05834205964, 1.21239117457, 6.84013041207, 0.724120613288, 4.69853765674, 0.908319944985, 0.926177503164, 3.31780008178, 4.08473839437, 1.0297972947, 4.76167664508, 1.15246391281, 1.09000079359, 1.01869942508, 1.00117985506, 1.22310984837, 3.78994594026, 1.14792303898, 0.938125186776, 322.623552824, 1.1307446756, 3.09046414093, 1.01468341263, 1.28627569592, 0.995371564331, 23.1474945645, 6.57727646526, 43.5498755064, 2.68096514745
4.2993707763, 1.42337999419, 1.05834205964, 1.21239117457, 6.84013041207, 0.724120613288, 4.69853765674, 0.908319944985, 0.926177503164, 3.31780008178, 4.08473839437, 1.0297972947, 4.76167664508, 1.15246391281, 1.09000079359, 1.01869942508, 1.00117985506, 1.22310984837, 3.78994594026, 1.14792303898, 0.938125186776, 322.623552824, 1.1307446756, 3.09046414093, 1.01468341263, 1.28627569592, 0.995371564331, 23.1474945645, 6.57727646526, 43.5498755064, 2.68096514745
4.2993707763, 1.42337999419, 1.05834205964, 1.21239117457, 6.84013041207, 0.724120613288, 4.69853765674, 0.908319944985, 0.926177503164, 3.31780008178, 4.08473839437, 1.0297972947, 4.76167664508, 1.15246391281, 1.09000079359, 1.01869942508, 1.00117985506, 1.22310984837, 3.78994594026, 1.14792303898, 0.938125186776, 322.623552824, 1.1307446756, 3.09046414093, 1.01468341263, 1.28627569592, 0.995371564331, 23.1474945645, 6.57727646526, 43.5498755064, 2.68096514745
4.2993707763, 1.42337999419, 1.05834205964, 1.21239117457, 6.84013041207, 0.724120613288, 4.69853765674, 0.908319944985, 0.926177503164, 3.31780008178, 4.08473839437, 1.0297972947, 4.76167664508, 1.15246391281, 1.09000079359, 1.01869942508, 1.00117985506, 1.22310984837, 3.78994594026, 1.14792303898, 0.938125186776, 322.623552824, 1.1307446756, 3.09046414093, 1.01468341263, 1.28627569592, 0.995371564331, 23.1474945645, 6.57727646526, 43.5498755064, 2.68096514745
4.2993707763, 1.42337999419, 1.05834205964, 1.21239117457, 6.84013041207, 0.724120613288, 4.69853765674, 0.908319944985, 0.926177503164, 3.31780008178, 4.08473839437, 1.0297972947, 4.76167664508, 1.15246391281, 1.09000079359, 1.01869942508, 1.00117985506, 1.22310984837, 3.78994594026, 1.14792303898, 0.938125186776, 322.623552824, 1.1307446756, 3.09046414093, 1.01468341263, 1.28627569592, 0.995371564331, 23.1474945645, 6.57727646526, 43.5498755064, 2.68096514745
4.2993707763, 1.42337999419, 1.05834205964, 1.21239117457, 6.84013041207, 0.724120613288, 4.69853765674, 0.908319944985, 0.926177503164, 3.31780008178, 4.08473839437, 1.0297972947, 4.76167664508, 1.15246391281, 1.09000079359, 1.01869942508, 1.00117985506, 1.22310984837, 3.78994594026, 1.14792303898, 0.938125186776, 322.623552824, 1.1307446756, 3.09046414093, 1.01468341263, 1.28627569592, 0.995371564331, 23.1474945645, 6.57727646526, 43.5498755064, 2.68096514745
4.2993707763, 1.42337999419, 1.05834205964, 1.21239117457, 6.84013041207, 0.724120613288, 4.69853765674, 0.908319944985, 0.926177503164, 3.31780008178, 4.08473839437, 1.0297972947, 4.76167664508, 1.15246391281, 1.09000079359, 1.01869942508, 1.00117985506, 1.22310984837, 3.78994594026, 1.14792303898, 0.938125186776, 322.623552824, 1.1307446756, 3.09046414093, 1.01468341263, 1.28627569592, 0.995371564331, 23.1474945645, 6.57727646526, 43.5498755064, 2.68096514745
4.2993707763, 1.42337999419, 1.05834205964, 1.21239117457, 6.84013041207, 0.724120613288, 4.69853765674, 0.908319944985, 0.926177503164, 3.31780008178, 4.08473839437, 1.0297972947, 4.76167664508, 1.15246391281, 1.09000079359, 1.01869942508, 1.00117985506, 1.22310984837, 3.78994594026, 1.14792303898, 0.938125186776, 322.623552824, 1.1307446756, 3.09046414093, 1.01468341263, 1.28627569592, 0.995371564331, 23.1474945645, 6.57727646526, 43.5498755064, 2.68096514745
4.2993707763, 1.42337999419, 1.05834205964, 1.21239117457, 6.84013041207, 0.724120613288, 4.69853765674, 0.908319944985, 0.926177503164, 3.31780008178, 4.08473839437, 1.0297972947, 4.76167664508, 1.15246391281, 1.09000079359, 1.01869942508, 1.00117985506, 1.22310984837, 3.78994594026, 1.14792303898, 0.938125186776, 322.623552824, 1.1307446756, 3.09046414093, 1.01468341263, 1.28627569592, 0.995371564331, 23.1474945645, 6.57727646526, 43.5498755064, 2.68096514745
4.2993707763, 1.42337999419, 1.05834205964, 1.21239117457, 6.84013041207, 0.724120613288, 4.69853765674, 0.908319944985, 0.926177503164, 3.31780008178, 4.08473839437, 1.0297972947, 4.76167664508, 1.15246391281, 1.09000079359, 1.01869942508, 1.00117985506, 1.22310984837, 3.78994594026, 1.14792303898, 0.938125186776, 322.623552824, 1.1307446756, 3.09046414093, 1.01468341263, 1.28627569592, 0.995371564331, 23.1474945645, 6.57727646526, 43.5498755064, 2.68096514745
4.2993707763, 1.42337999419, 1.05834205964, 1.21239117457, 6.84013041207, 0.724120613288, 4.69853765674, 0.908319944985, 0.926177503164, 3.31780008178, 4.08473839437, 1.0297972947, 4.76167664508, 1.15246391281, 1.09000079359, 1.01869942508, 1.00117985506, 1.22310984837, 3.78994594026, 1.14792303898, 0.938125186776, 322.623552824, 1.1307446756, 3.09046414093, 1.01468341263, 1.28627569592, 0.995371564331, 23.1474945645, 6.57727646526, 43.5498755064, 2.68096514745
4.2993707763, 1.42337999419, 1.05834205964, 1.21239117457, 6.84013041207, 0.724120613288, 4.69853765674, 0.908319944985, 0.926177503164, 3.31780008178, 4.08473839437, 1.0297972947, 4.76167664508, 1.15246391281, 1.09000079359, 1.01869942508, 1.00117985506, 1.22310984837, 3.78994594026, 1.14792303898, 0.938125186776, 322.623552824, 1.1307446756, 3.09046414093, 1.01468341263, 1.28627569592, 0.995371564331, 23.1474945645, 6.57727646526, 43.5498755064, 2.68096514745
4.17416242793, 1.42721867465, 1.0397652617, 1.21394741664, 6.85944428969, 0.724330887852, 4.03409982242, 1.09334122724, 0.901410306719, 3.31650820372, 4.66921817333, 0.914919170056, 4.69566658684, 1.18016564166, 1.09000097631, 1.02353743915, 1.02862600204, 1.22311747368, 3.51110447799, 1.14078774535, 0.922990972603, 323.259083895, 1.1402041777, 4.78033679485, 1.05843570597, 2.26938166308, 0.993138335682, 171.453843469, 24.8181953238, 236.765926391, 2.68096514745
4.17416242793, 1.42721867465, 1.0397652617, 1.21394741664, 6.85944428969, 0.724330887852, 4.03409982242, 1.09334122724, 0.901410306719, 3.31650820372, 4.66921817333, 0.914919170056, 4.69566658684, 1.18016564166, 1.09000097631, 1.02353743915, 1.02862600204, 1.22311747368, 3.51110447799, 1.14078774535, 0.922990972603, 323.259083895, 1.1402041777, 4.78033679485, 1.05843570597, 2.26938166308, 0.993138335682, 171.453843469, 24.8181953238, 236.765926391, 2.68096514745
4.17416242793, 1.42847397482, 1.02189611281, 1.18044924249, 6.85944428969, 0.725142571048, 4.30683541694, 1.08204469567, 0.917266317262, 3.31650820372, 4.08162726326, 0.921446237695, 3.05930186116, 0.857429467761, 1.09000097996, 1.02523117267, 1.00133993611, 1.22311747368, 4.64513562316, 1.14078774535, 0.937657424872, 323.255944155, 1.13517151902, 4.82171390023, 1.05829725033, 2.24816206339, 1.20444398422, 52.4541944191, 10.2449853167, 398.758249864, 2.9490616622
4.17416242793, 1.42847397482, 1.02189611281, 1.18044924249, 6.85944428969, 0.725142571048, 4.30683541694, 1.08204469567, 0.917266317262, 3.31650820372, 4.08162726326, 0.921446237695, 3.05930186116, 0.857429467761, 1.09000097996, 1.02523117267, 1.00133993611, 1.22311747368, 4.64513562316, 1.14078774535, 0.937657424872, 323.255944155, 1.13517151902, 4.82171390023, 1.05829725033, 2.24816206339, 1.20444398422, 52.4541944191, 10.2449853167, 398.758249864, 2.9490616622
4.17416242793, 1.42847397482, 1.02189611281, 1.18044924249, 6.85944428969, 0.725142571048, 4.30683541694, 1.08204469567, 0.917266317262, 3.31650820372, 4.08162726326, 0.921446237695, 3.05930186116, 0.857429467761, 1.09000097996, 1.02523117267, 1.00133993611, 1.22311747368, 4.64513562316, 1.14078774535, 0.937657424872, 323.255944155, 1.13517151902, 4.82171390023, 1.05829725033, 2.24816206339, 1.20444398422, 52.4541944191, 10.2449853167, 398.758249864, 2.9490616622
4.17416242793, 1.42847397482, 1.02189611281, 1.18044924249, 6.85944428969, 0.725142571048, 4.30683541694, 1.08204469567, 0.917266317262, 3.31650820372, 4.08162726326, 0.921446237695, 3.05930186116, 0.857429467761, 1.09000097996, 1.02523117267, 1.00133993611, 1.22311747368, 4.64513562316, 1.14078774535, 0.937657424872, 323.255944155, 1.13517151902, 4.82171390023, 1.05829725033, 2.24816206339, 1.20444398422, 52.4541944191, 10.2449853167, 398.758249864, 2.9490616622
4.30398673433, 1.42333840722, 1.02215006373, 1.21203936413, 6.85869989085, 0.72412217634, 4.32471593622, 1.07891433925, 0.92631066023, 3.31650820372, 4.08482062779, 1.02759902524, 4.77384832056, 1.15273000811, 1.09000097996, 1.02333717877, 1.02867461178, 1.22311747368, 4.64513562316, 1.14076353884, 0.93812495411, 323.255944155, 1.13517151902, 4.82171390023, 1.05829725033, 2.24816206339, 1.21673550284, 35.1436124523, 7.99653038772, 126.752730412, 5.8981233244
4.17634267014, 1.42858732271, 1.03860312033, 1.21331975713, 6.8399543285, 0.724227507862, 4.3417740783, 0.908773641183, 0.901397720385, 4.30858062494, 4.75974221585, 1.0539827347, 3.0491633106, 0.861218038508, 1.09000080309, 1.02541383765, 1.015207723, 1.22459418711, 3.78439703954, 1.16853531573, 0.923448941187, 326.543101444, 0.981965152269, 3.46708288844, 1.01471285049, 1.28627569592, 0.993064532847, 140.858722719, 13.4064432348, 322.531621605, 0.536193029491
4.17634267014, 1.42858732271, 1.03860312033, 1.21331975713, 6.8399543285, 0.724227507862, 4.3417740783, 0.908773641183, 0.901397720385, 4.30858062494, 4.75974221585, 1.0539827347, 3.0491633106, 0.861218038508, 1.09000080309, 1.02541383765, 1.015207723, 1.22459418711, 3.78439703954, 1.16853531573, 0.923448941187, 326.543101444, 0.981965152269, 3.46708288844, 1.01471285049, 1.28627569592, 0.993064532847, 140.858722719, 13.4064432348, 322.531621605, 0.536193029491
4.17662951707, 1.42859615342, 1.03166007961, 1.21331975713, 6.86023592765, 0.724120613288, 4.30741431168, 0.908319944985, 0.901397720385, 3.35383028788, 4.65246545648, 1.02869273136, 3.0491633106, 0.861218038508, 1.09000097657, 1.02527081674, 1.00117985506, 1.22459418711, 3.80517189767, 1.14078910207, 0.923160426418, 323.187178099, 1.13601690768, 3.09046414093, 1.01468341263, 2.23795752037, 0.983419393868, 212.162057859, 26.9601325434, 996.473594017, 0.0
4.17662951707, 1.42859460663, 1.05834205964, 1.21331975713, 6.8399543285, 0.724120613288, 4.30740201953, 0.908319944985, 0.901397720385, 3.35336747749, 4.65246545648, 1.0297972947, 3.0491633106, 0.861218038508, 1.09000080309, 1.02527081674, 1.00117985506, 1.22459418711, 3.80517189767, 1.14078910207, 0.923448941187, 326.600231179, 0.982653886015, 3.09046414093, 1.01468341263, 1.28627569592, 0.993064532847, 68.3923864042, 17.7742167466, 446.253536466, 2.68096514745
4.17662951707, 1.42859460663, 1.05834205964, 1.21331975713, 6.8399543285, 0.724120613288, 4.30740201953, 0.908319944985, 0.901397720385, 3.35336747749, 4.65246545648, 1.0297972947, 3.0491633106, 0.861218038508, 1.09000080309, 1.02527081674, 1.00117985506, 1.22459418711, 3.80517189767, 1.14078910207, 0.923448941187, 326.600231179, 0.982653886015, 3.09046414093, 1.01468341263, 1.28627569592, 0.993064532847, 68.3923864042, 17.7742167466, 446.253536466, 2.68096514745
4.84321867191, 1.42859460663, 0.807258714248, 1.21331975713, 7.00217218377, 0.730689083326, 4.35969691549, 0.909465227729, 0.901397720385, 4.30858062494, 4.75965771761, 1.0539827347, 3.0491633106, 0.862595997447, 1.09000086164, 1.02527081674, 1.01521115835, 1.22459418711, 7.88688604053, 1.16853531573, 0.923448941187, 342.308856655, 0.982653886015, 3.47074233965, 1.01471285049, 1.29324926644, 1.01258518078, 84.4996304101, 9.96329304758, 78.7505877599, 3.48525469169
4.84321867191, 1.42859460663, 0.807258714248, 1.21331975713, 7.00217218377, 0.730689083326, 4.35969691549, 0.909465227729, 0.901397720385, 4.30858062494, 4.75965771761, 1.0539827347, 3.0491633106, 0.862595997447, 1.09000086164, 1.02527081674, 1.01521115835, 1.22459418711, 7.88688604053, 1.16853531573, 0.923448941187, 342.308856655, 0.982653886015, 3.47074233965, 1.01471285049, 1.29324926644, 1.01258518078, 84.4996304101, 9.96329304758, 78.7505877599, 3.48525469169
4.17416242793, 1.42333961282, 1.02187917224, 1.18044924249, 6.85944428969, 0.725142571048, 4.32471593622, 1.08204469567, 0.917266317262, 3.31650820372, 4.08162726326, 0.9210289541, 4.77384832056, 1.18016564166, 1.09000097996, 1.02333717877, 1.02862600204, 1.22311747368, 4.64513562316, 1.14078774535, 0.938089813879, 323.255944155, 1.13517151902, 4.82171390023, 1.05829725033, 2.24816206339, 1.20515227179, 8.44902664865, 9.56230434895, 50.6060446913, 3.21715817694
4.17416242793, 1.42333961282, 1.02187917224, 1.18044924249, 6.85944428969, 0.725142571048, 4.32471593622, 1.08204469567, 0.917266317262, 3.31650820372, 4.08162726326, 0.9210289541, 4.77384832056, 1.18016564166, 1.09000097996, 1.02333717877, 1.02862600204, 1.22311747368, 4.64513562316, 1.14078774535, 0.938089813879, 323.255944155, 1.13517151902, 4.82171390023, 1.05829725033, 2.24816206339, 1.20515227179, 8.44902664865, 9.56230434895, 50.6060446913, 3.21715817694
4.17416242793, 1.42333961282, 1.02187917224, 1.18044924249, 6.85944428969, 0.725142571048, 4.32471593622, 1.08204469567, 0.917266317262, 3.31650820372, 4.08162726326, 0.9210289541, 4.77384832056, 1.18016564166, 1.09000097996, 1.02333717877, 1.02862600204, 1.22311747368, 4.64513562316, 1.14078774535, 0.938089813879, 323.255944155, 1.13517151902, 4.82171390023, 1.05829725033, 2.24816206339, 1.20515227179, 8.44902664865, 9.56230434895, 50.6060446913, 3.21715817694
4.17416242793, 1.42333961282, 1.02187917224, 1.18044924249, 6.85944428969, 0.725142571048, 4.32471593622, 1.08204469567, 0.917266317262, 3.31650820372, 4.08162726326, 0.9210289541, 4.77384832056, 1.18016564166, 1.09000097996, 1.02333717877, 1.02862600204, 1.22311747368, 4.64513562316, 1.14078774535, 0.938089813879, 323.255944155, 1.13517151902, 4.82171390023, 1.05829725033, 2.24816206339, 1.20515227179, 8.44902664865, 9.56230434895, 50.6060446913, 3.21715817694
4.17416242793, 1.42333961282, 1.02187917224, 1.18044924249, 6.85944428969, 0.725142571048, 4.32471593622, 1.08204469567, 0.917266317262, 3.31650820372, 4.08162726326, 0.9210289541, 4.77384832056, 1.18016564166, 1.09000097996, 1.02333717877, 1.02862600204, 1.22311747368, 4.64513562316, 1.14078774535, 0.938089813879, 323.255944155, 1.13517151902, 4.82171390023, 1.05829725033, 2.24816206339, 1.20515227179, 8.44902664865, 9.56230434895, 50.6060446913, 3.21715817694
4.17416242793, 1.42333961282, 1.02187917224, 1.18044924249, 6.85944428969, 0.725142571048, 4.32471593622, 1.08204469567, 0.917266317262, 3.31650820372, 4.08162726326, 0.9210289541, 4.77384832056, 1.18016564166, 1.09000097996, 1.02333717877, 1.02862600204, 1.22311747368, 4.64513562316, 1.14078774535, 0.938089813879, 323.255944155, 1.13517151902, 4.82171390023, 1.05829725033, 2.24816206339, 1.20515227179, 8.44902664865, 9.56230434895, 50.6060446913, 3.21715817694
4.17416242793, 1.42333961282, 1.02187917224, 1.18044924249, 6.85944428969, 0.725142571048, 4.32471593622, 1.08204469567, 0.917266317262, 3.31650820372, 4.08162726326, 0.9210289541, 4.77384832056, 1.18016564166, 1.09000097996, 1.02333717877, 1.02862600204, 1.22311747368, 4.64513562316, 1.14078774535, 0.938089813879, 323.255944155, 1.13517151902, 4.82171390023, 1.05829725033, 2.24816206339, 1.20515227179, 8.44902664865, 9.56230434895, 50.6060446913, 3.21715817694
4.17416242793, 1.42333961282, 1.02187917224, 1.18044924249, 6.85944428969, 0.725142571048, 4.32471593622, 1.08204469567, 0.917266317262, 3.31650820372, 4.08162726326, 0.9210289541, 4.77384832056, 1.18016564166, 1.09000097996, 1.02333717877, 1.02862600204, 1.22311747368, 4.64513562316, 1.14078774535, 0.938089813879, 323.255944155, 1.13517151902, 4.82171390023, 1.05829725033, 2.24816206339, 1.20515227179, 8.44902664865, 9.56230434895, 50.6060446913, 3.21715817694
4.17416242793, 1.42333961282, 1.02187917224, 1.18044924249, 6.85944428969, 0.725142571048, 4.32471593622, 1.08204469567, 0.917266317262, 3.31650820372, 4.08162726326, 0.9210289541, 4.77384832056, 1.18016564166, 1.09000097996, 1.02333717877, 1.02862600204, 1.22311747368, 4.64513562316, 1.14078774535, 0.938089813879, 323.255944155, 1.13517151902, 4.82171390023, 1.05829725033, 2.24816206339, 1.20515227179, 8.44902664865, 9.56230434895, 50.6060446913, 3.21715817694
4.17416242793, 1.42333961282, 1.02187917224, 1.18044924249, 6.85944428969, 0.725142571048, 4.32471593622, 1.08204469567, 0.917266317262, 3.31650820372, 4.08162726326, 0.9210289541, 4.77384832056, 1.18016564166, 1.09000097996, 1.02333717877, 1.02862600204, 1.22311747368, 4.64513562316, 1.14078774535, 0.938089813879, 323.255944155, 1.13517151902, 4.82171390023, 1.05829725033, 2.24816206339, 1.20515227179, 8.44902664865, 9.56230434895, 50.6060446913, 3.21715817694
4.17416242793, 1.42333961282, 1.02187917224, 1.18044924249, 6.85944428969, 0.725142571048, 4.32471593622, 1.08204469567, 0.917266317262, 3.31650820372, 4.08162726326, 0.9210289541, 4.77384832056, 1.18016564166, 1.09000097996, 1.02333717877, 1.02862600204, 1.22311747368, 4.64513562316, 1.14078774535, 0.938089813879, 323.255944155, 1.13517151902, 4.82171390023, 1.05829725033, 2.24816206339, 1.20515227179, 8.44902664865, 9.56230434895, 50.6060446913, 3.21715817694
4.17416242793, 1.42333961282, 1.02187917224, 1.18044924249, 6.85944428969, 0.725142571048, 4.32471593622, 1.08204469567, 0.917266317262, 3.31650820372, 4.08162726326, 0.9210289541, 4.77384832056, 1.18016564166, 1.09000097996, 1.02333717877, 1.02862600204, 1.22311747368, 4.64513562316, 1.14078774535, 0.938089813879, 323.255944155, 1.13517151902, 4.82171390023, 1.05829725033, 2.24816206339, 1.20515227179, 8.44902664865, 9.56230434895, 50.6060446913, 3.21715817694
4.17416242793, 1.42333961282, 1.02187917224, 1.18044924249, 6.85944428969, 0.725142571048, 4.32471593622, 1.08204469567, 0.917266317262, 3.31650820372, 4.08162726326, 0.9210289541, 4.77384832056, 1.18016564166, 1.09000097996, 1.02333717877, 1.02862600204, 1.22311747368, 4.64513562316, 1.14078774535, 0.938089813879, 323.255944155, 1.13517151902, 4.82171390023, 1.05829725033, 2.24816206339, 1.20515227179, 8.44902664865, 9.56230434895, 50.6060446913, 3.21715817694
4.17416242793, 1.42333961282, 1.02187917224, 1.18044924249, 6.85944428969, 0.725142571048, 4.32471593622, 1.08204469567, 0.917266317262, 3.31650820372, 4.08162726326, 0.9210289541, 4.77384832056, 1.18016564166, 1.09000097996, 1.02333717877, 1.02862600204, 1.22311747368, 4.64513562316, 1.14078774535, 0.938089813879, 323.255944155, 1.13517151902, 4.82171390023, 1.05829725033, 2.24816206339, 1.20515227179, 8.44902664865, 9.56230434895, 50.6060446913, 3.21715817694
4.17416242793, 1.42333961282, 1.02187917224, 1.18044924249, 6.85944428969, 0.725142571048, 4.32471593622, 1.08204469567, 0.917266317262, 3.31650820372, 4.08162726326, 0.9210289541, 4.77384832056, 1.18016564166, 1.09000097996, 1.02333717877, 1.02862600204, 1.22311747368, 4.64513562316, 1.14078774535, 0.938089813879, 323.255944155, 1.13517151902, 4.82171390023, 1.05829725033, 2.24816206339, 1.20515227179, 8.44902664865, 9.56230434895, 50.6060446913, 3.21715817694
4.17416242793, 1.42333961282, 1.02187917224, 1.18044924249, 6.85944428969, 0.725142571048, 4.32471593622, 1.08204469567, 0.917266317262, 3.31650820372, 4.08162726326, 0.9210289541, 4.77384832056, 1.18016564166, 1.09000097996, 1.02333717877, 1.02862600204, 1.22311747368, 4.64513562316, 1.14078774535, 0.938089813879, 323.255944155, 1.13517151902, 4.82171390023, 1.05829725033, 2.24816206339, 1.20515227179, 8.44902664865, 9.56230434895, 50.6060446913, 3.21715817694
4.17416242793, 1.42333961282, 1.02187917224, 1.18044924249, 6.85944428969, 0.725142571048, 4.32471593622, 1.08204469567, 0.917266317262, 3.31650820372, 4.08162726326, 0.9210289541, 4.77384832056, 1.18016564166, 1.09000097996, 1.02333717877, 1.02862600204, 1.22311747368, 4.64513562316, 1.14078774535, 0.938089813879, 323.255944155, 1.13517151902, 4.82171390023, 1.05829725033, 2.24816206339, 1.20515227179, 8.44902664865, 9.56230434895, 50.6060446913, 3.21715817694
4.17416242793, 1.42333961282, 1.02187917224, 1.18044924249, 6.85944428969, 0.725142571048, 4.32471593622, 1.08204469567, 0.917266317262, 3.31650820372, 4.08162726326, 0.9210289541, 4.77384832056, 1.18016564166, 1.09000097996, 1.02333717877, 1.02862600204, 1.22311747368, 4.64513562316, 1.14078774535, 0.938089813879, 323.255944155, 1.13517151902, 4.82171390023, 1.05829725033, 2.24816206339, 1.20515227179, 8.44902664865, 9.56230434895, 50.6060446913, 3.21715817694
4.17416242793, 1.42862451159, 1.02217897622, 1.18019948781, 6.85944428969, 0.725218175288, 4.32471593622, 1.08204469567, 0.917266317262, 3.28977367834, 4.0574345216, 1.05377955313, 3.06125935648, 0.845906367098, 1.09000085782, 1.02333717877, 1.02862600204, 1.22311747368, 4.64513562316, 1.14078774535, 0.929328461403, 323.559201192, 1.13517151902, 4.94212773898, 1.05829725033, 2.21535622332, 1.20515227179, 153.946661477, 11.8007064484, 490.818408841, 2.14477211796
4.84639998417, 1.42854698247, 1.04977615758, 1.21334359328, 7.00217245166, 0.724185196625, 4.35969691549, 0.909465227729, 0.901397720385, 4.28853525659, 4.75681801718, 1.03855062151, 3.0491633106, 0.862595997447, 1.09000086092, 1.02527081674, 1.00138925213, 1.22459418711, 7.88688604053, 1.14811531065, 0.938096208557, 342.308856655, 1.13184135016, 3.47074233965, 1.01471285049, 1.286151317, 0.995152817787, 18.3630859454, 8.92626759318, 36.0243076858, 0.804289544236
4.84639998417, 1.42854698247, 1.04977615758, 1.21334359328, 7.00217245166, 0.724185196625, 4.35969691549, 0.909465227729, 0.901397720385, 4.28853525659, 4.75681801718, 1.03855062151, 3.0491633106, 0.862595997447, 1.09000086092, 1.02527081674, 1.00138925213, 1.22459418711, 7.88688604053, 1.14811531065, 0.938096208557, 342.308856655, 1.13184135016, 3.47074233965, 1.01471285049, 1.286151317, 0.995152817787, 18.3630859454, 8.92626759318, 36.0243076858, 0.804289544236
4.84639998417, 1.42854698247, 1.04977615758, 1.21334359328, 7.00217245166, 0.724185196625, 4.35969691549, 0.909465227729, 0.901397720385, 4.28853525659, 4.75681801718, 1.03855062151, 3.0491633106, 0.862595997447, 1.09000086092, 1.02527081674, 1.00138925213, 1.22459418711, 7.88688604053, 1.14811531065, 0.938096208557, 342.308856655, 1.13184135016, 3.47074233965, 1.01471285049, 1.286151317, 0.995152817787, 18.3630859454, 8.92626759318, 36.0243076858, 0.804289544236
4.84639998417, 1.42854698247, 1.04977615758, 1.21334359328, 7.00217245166, 0.724185196625, 4.35969691549, 0.909465227729, 0.901397720385, 4.28853525659, 4.75681801718, 1.03855062151, 3.0491633106, 0.862595997447, 1.09000086092, 1.02527081674, 1.00138925213, 1.22459418711, 7.88688604053, 1.14811531065, 0.938096208557, 342.308856655, 1.13184135016, 3.47074233965, 1.01471285049, 1.286151317, 0.995152817787, 18.3630859454, 8.92626759318, 36.0243076858, 0.804289544236
4.84639998417, 1.42854698247, 1.04977615758, 1.21334359328, 7.00217245166, 0.724185196625, 4.35969691549, 0.909465227729, 0.901397720385, 4.28853525659, 4.75681801718, 1.03855062151, 3.0491633106, 0.862595997447, 1.09000086092, 1.02527081674, 1.00138925213, 1.22459418711, 7.88688604053, 1.14811531065, 0.938096208557, 342.308856655, 1.13184135016, 3.47074233965, 1.01471285049, 1.286151317, 0.995152817787, 18.3630859454, 8.92626759318, 36.0243076858, 0.804289544236
4.84639998417, 1.42854698247, 1.04977615758, 1.21334359328, 7.00217245166, 0.724185196625, 4.35969691549, 0.909465227729, 0.901397720385, 4.28853525659, 4.75681801718, 1.03855062151, 3.0491633106, 0.862595997447, 1.09000086092, 1.02527081674, 1.00138925213, 1.22459418711, 7.88688604053, 1.14811531065, 0.938096208557, 342.308856655, 1.13184135016, 3.47074233965, 1.01471285049, 1.286151317, 0.995152817787, 18.3630859454, 8.92626759318, 36.0243076858, 0.804289544236
4.84639998417, 1.42854698247, 1.04977615758, 1.21334359328, 7.00217245166, 0.724185196625, 4.35969691549, 0.909465227729, 0.901397720385, 4.28853525659, 4.75681801718, 1.03855062151, 3.0491633106, 0.862595997447, 1.09000086092, 1.02527081674, 1.00138925213, 1.22459418711, 7.88688604053, 1.14811531065, 0.938096208557, 342.308856655, 1.13184135016, 3.47074233965, 1.01471285049, 1.286151317, 0.995152817787, 18.3630859454, 8.92626759318, 36.0243076858, 0.804289544236
4.84639998417, 1.42854698247, 1.04977615758, 1.21334359328, 7.00217245166, 0.724185196625, 4.35969691549, 0.909465227729, 0.901397720385, 4.28853525659, 4.75681801718, 1.03855062151, 3.0491633106, 0.862595997447, 1.09000086092, 1.02527081674, 1.00138925213, 1.22459418711, 7.88688604053, 1.14811531065, 0.938096208557, 342.308856655, 1.13184135016, 3.47074233965, 1.01471285049, 1.286151317, 0.995152817787, 18.3630859454, 8.92626759318, 36.0243076858, 0.804289544236
4.84639998417, 1.42854698247, 1.04977615758, 1.21334359328, 7.00217245166, 0.724185196625, 4.35969691549, 0.909465227729, 0.901397720385, 4.28853525659, 4.75681801718, 1.03855062151, 3.0491633106, 0.862595997447, 1.09000086092, 1.02527081674, 1.00138925213, 1.22459418711, 7.88688604053, 1.14811531065, 0.938096208557, 342.308856655, 1.13184135016, 3.47074233965, 1.01471285049, 1.286151317, 0.995152817787, 18.3630859454, 8.92626759318, 36.0243076858, 0.804289544236
4.84639998417, 1.42854698247, 1.04977615758, 1.21334359328, 7.00217245166, 0.724185196625, 4.35969691549, 0.909465227729, 0.901397720385, 4.28853525659, 4.75681801718, 1.03855062151, 3.0491633106, 0.862595997447, 1.09000086092, 1.02527081674, 1.00138925213, 1.22459418711, 7.88688604053, 1.14811531065, 0.938096208557, 342.308856655, 1.13184135016, 3.47074233965, 1.01471285049, 1.286151317, 0.995152817787, 18.3630859454, 8.92626759318, 36.0243076858, 0.804289544236
4.84639998417, 1.42854698247, 1.04977615758, 1.21334359328, 7.00217245166, 0.724185196625, 4.35969691549, 0.909465227729, 0.901397720385, 4.28853525659, 4.75681801718, 1.03855062151, 3.0491633106, 0.862595997447, 1.09000086092, 1.02527081674, 1.00138925213, 1.22459418711, 7.88688604053, 1.14811531065, 0.938096208557, 342.308856655, 1.13184135016, 3.47074233965, 1.01471285049, 1.286151317, 0.995152817787, 18.3630859454, 8.92626759318, 36.0243076858, 0.804289544236
4.84639998417, 1.42854698247, 1.04977615758, 1.21334359328, 7.00217245166, 0.724185196625, 4.35969691549, 0.909465227729, 0.901397720385, 4.28853525659, 4.75681801718, 1.03855062151, 3.0491633106, 0.862595997447, 1.09000086092, 1.02527081674, 1.00138925213, 1.22459418711, 7.88688604053, 1.14811531065, 0.938096208557, 342.308856655, 1.13184135016, 3.47074233965, 1.01471285049, 1.286151317, 0.995152817787, 18.3630859454, 8.92626759318, 36.0243076858, 0.804289544236
4.84639998417, 1.42854698247, 1.04977615758, 1.21334359328, 7.00217245166, 0.724185196625, 4.35969691549, 0.909465227729, 0.901397720385, 4.28853525659, 4.75681801718, 1.03855062151, 3.0491633106, 0.862595997447, 1.09000086092, 1.02527081674, 1.00138925213, 1.22459418711, 7.88688604053, 1.14811531065, 0.938096208557, 342.308856655, 1.13184135016, 3.47074233965, 1.01471285049, 1.286151317, 0.995152817787, 18.3630859454, 8.92626759318, 36.0243076858, 0.804289544236
4.84639998417, 1.42854698247, 1.04977615758, 1.21334359328, 7.00217245166, 0.724185196625, 4.35969691549, 0.909465227729, 0.901397720385, 4.28853525659, 4.75681801718, 1.03855062151, 3.0491633106, 0.862595997447, 1.09000086092, 1.02527081674, 1.00138925213, 1.22459418711, 7.88688604053, 1.14811531065, 0.938096208557, 342.308856655, 1.13184135016, 3.47074233965, 1.01471285049, 1.286151317, 0.995152817787, 18.3630859454, 8.92626759318, 36.0243076858, 0.804289544236
4.84639998417, 1.42854698247, 1.04977615758, 1.21334359328, 7.00217245166, 0.724185196625, 4.35969691549, 0.909465227729, 0.901397720385, 4.28853525659, 4.75681801718, 1.03855062151, 3.0491633106, 0.862595997447, 1.09000086092, 1.02527081674, 1.00138925213, 1.22459418711, 7.88688604053, 1.14811531065, 0.938096208557, 342.308856655, 1.13184135016, 3.47074233965, 1.01471285049, 1.286151317, 0.995152817787, 18.3630859454, 8.92626759318, 36.0243076858, 0.804289544236
4.84639998417, 1.42854698247, 1.04977615758, 1.21334359328, 7.00217245166, 0.724185196625, 4.35969691549, 0.909465227729, 0.901397720385, 4.28853525659, 4.75681801718, 1.03855062151, 3.0491633106, 0.862595997447, 1.09000086092, 1.02527081674, 1.00138925213, 1.22459418711, 7.88688604053, 1.14811531065, 0.938096208557, 342.308856655, 1.13184135016, 3.47074233965, 1.01471285049, 1.286151317, 0.995152817787, 18.3630859454, 8.92626759318, 36.0243076858, 0.804289544236
4.84639998417, 1.42854698247, 1.04977615758, 1.21334359328, 7.00217245166, 0.724185196625, 4.35969691549, 0.909465227729, 0.901397720385, 4.28853525659, 4.75681801718, 1.03855062151, 3.0491633106, 0.862595997447, 1.09000086092, 1.02527081674, 1.00138925213, 1.22459418711, 7.88688604053, 1.14811531065, 0.938096208557, 342.308856655, 1.13184135016, 3.47074233965, 1.01471285049, 1.286151317, 0.995152817787, 18.3630859454, 8.92626759318, 36.0243076858, 0.804289544236
4.84639998417, 1.42854698247, 1.04977615758, 1.21334359328, 7.00217245166, 0.724185196625, 4.35969691549, 0.909465227729, 0.901397720385, 4.28853525659, 4.75681801718, 1.03855062151, 3.0491633106, 0.862595997447, 1.09000086092, 1.02527081674, 1.00138925213, 1.22459418711, 7.88688604053, 1.14811531065, 0.938096208557, 342.308856655, 1.13184135016, 3.47074233965, 1.01471285049, 1.286151317, 0.995152817787, 18.3630859454, 8.92626759318, 36.0243076858, 0.804289544236
4.84639998417, 1.42854698247, 1.04977615758, 1.21334359328, 7.00217245166, 0.724185196625, 4.35969691549, 0.909465227729, 0.901397720385, 4.28853525659, 4.75681801718, 1.03855062151, 3.0491633106, 0.862595997447, 1.09000086092, 1.02527081674, 1.00138925213, 1.22459418711, 7.88688604053, 1.14811531065, 0.938096208557, 342.308856655, 1.13184135016, 3.47074233965, 1.01471285049, 1.286151317, 0.995152817787, 18.3630859454, 8.92626759318, 36.0243076858, 0.804289544236
4.84639998417, 1.42854698247, 1.04977615758, 1.21334359328, 7.00217245166, 0.724185196625, 4.35969691549, 0.909465227729, 0.901397720385, 4.28853525659, 4.75681801718, 1.03855062151, 3.0491633106, 0.862595997447, 1.09000086092, 1.02527081674, 1.00138925213, 1.22459418711, 7.88688604053, 1.14811531065, 0.938096208557, 342.308856655, 1.13184135016, 3.47074233965, 1.01471285049, 1.286151317, 0.995152817787, 18.3630859454, 8.92626759318, 36.0243076858, 0.804289544236
