0.856892782312, 1.14655719681, 2.56528744416, 0.259115026531, 18.9799917211, 41.8788127341, 2.17550049551, 4.95380381993, 22.7480516431, 389.654698908, 0.629064004187, 0.424107142857
0.893163732507, 1.22553924428, 2.77049559317, 0.350127441442, 15.5077916238, 42.3917721907, 2.6179855951, 3.69381061484, 24.7270443493, 494.829913295, 0.561456882781, 0.307262569832
0.820120721224, 1.01270569143, 3.63791706658, 0.414765510122, 15.8714003145, 40.3307301595, 2.06409548174, 4.57535544239, 23.846327126, 627.939172919, 0.597426515968, 0.186274509804
0.728613076089, 1.19422769381, 3.88885207822, 0.403659323611, 38.8146719778, 43.7889696996, 2.1971702556, 4.46929969563, 21.7917659755, 716.114113634, 0.617177468409, 0.0337078651685
0.788847359797, 1.05207781112, 2.62055710984, 0.370441096244, 26.7848675914, 40.2938628661, 2.49679536887, 4.89660612919, 34.9641506464, 388.2751782, 0.60285139962, 0.120967741935
0.729795727024, 1.17741191484, 2.8771208231, 0.359654957193, 3.04067446984, 40.6034774355, 3.14635927168, 4.5369677098, 25.4216785476, 565.08511865, 0.563279926875, 0.0349462365591
0.767859017784, 1.12005850504, 2.52924604085, 0.378969469016, 12.8461384483, 40.2510550098, 2.3140535773, 3.25099788001, 23.016460534, 351.614004005, 0.555123944588, 0.446215139442
0.815844258141, 1.053778521, 3.50859351382, 0.422076864414, 15.0047006152, 40.2325600185, 2.79739793574, 4.72771170384, 21.8947389069, 464.668807421, 0.58728828939, 0.28323699422
0.749794533934, 1.15607674448, 3.15697171038, 0.410093806517, 34.8403377011, 40.2148600078, 2.71526655793, 4.91847809838, 20.076314797, 523.324204324, 0.608513297344, 0.439130434783
0.670338873956, 1.13416109613, 3.67418082077, 0.41806994823, 33.9382460115, 42.8490852274, 2.30564184034, 4.08821823743, 21.5164559248, 457.816990329, 0.614804334274, 0.21645021645
0.87596147441, 1.01504953902, 4.73437558705, 0.472951801282, 9.5371489756, 40.6280727368, 2.59256441187, 3.81586728921, 30.623637877, 770.142645681, 0.581625486796, 0.255172413793
0.798771673058, 1.21959791742, 2.77852451263, 0.471073531394, 32.8822845457, 42.1332675063, 2.37659936485, 4.01503341653, 25.7714058517, 428.848400442, 0.627876390002, 0.0
0.838073610292, 0.972519572832, 2.21114038925, 0.445195413216, 42.589997616, 42.5099615444, 2.21237630226, 3.83979755167, 23.0315173568, 291.660288682, 0.569662173652, 0.316129032258
0.657146117082, 1.1272818865, 2.35988829812, 0.40193111774, 34.1098203487, 41.4882841334, 2.26526824994, 4.46190156629, 31.9565648762, 420.509396983, 0.568669389672, 0.245283018868
0.656267328085, 1.08658978477, 6.01168778692, 0.488178560269, 18.0834657313, 41.5215029234, 2.33101784274, 4.53455704006, 20.1463719511, 963.510486642, 0.561898079645, 0.145833333333
0.806883351507, 1.13245779827, 2.09836350451, 0.482682638311, 38.9266255646, 47.3148198197, 2.30592480297, 3.6458397027, 26.3780669897, 337.502009654, 0.590423946178, 0.453744493392
0.772225712927, 1.22365156017, 2.80295109865, 0.4916473911, 9.51386107854, 40.5030586615, 2.28606450967, 3.21883726441, 22.5028856924, 434.976249716, 0.448166940874, 0.120805369128
0.845540850657, 0.978243961596, 3.67294359062, 0.457219042745, 39.8074466177, 40.965509396, 2.33866804851, 3.99837592162, 27.8050904286, 453.095173159, 0.561484561831, 0.384937238494
0.777700357151, 1.23527328503, 2.71196393897, 0.455668810301, 46.9881854527, 44.9211777421, 2.83965620486, 4.34139388262, 22.2690019012, 485.907344677, 0.583085428412, 0.291666666667
0.786005585377, 0.930112892326, 3.17023977673, 0.485396695082, 25.0162403717, 43.0881029755, 2.34682142191, 4.37391545204, 30.5003178573, 457.350482969, 0.645928384729, 0.0144927536232
0.69918030244, 1.13659611687, 2.17978235394, 0.400642558402, 37.395331052, 40.871467154, 2.85737412916, 4.55917699199, 24.9653082076, 338.028137793, 0.628550502313, 0.316062176166
0.647387111527, 1.08769914917, 2.78987127564, 0.435475494354, 40.7320439051, 42.5588580567, 2.24973131558, 4.4891200076, 27.1968208447, 386.169004397, 0.574807379932, 0.257281553398
0.802508430188, 1.12626731792, 2.03947634075, 0.438589011993, 30.844130073, 42.9940204531, 2.551862263, 2.74739201308, 22.0896868823, 336.885075376, 0.598367259005, 0.304964539007
0.592583543084, 1.13524683075, 4.19487538314, 0.465521681763, 46.923370349, 43.7240739542, 2.2468108701, 4.77571625779, 23.5039151422, 644.168289817, 0.550449317725, 0.0338983050847
0.795205775871, 1.13934295216, 4.43831637857, 0.478823795607, 15.8647583128, 42.9318565111, 3.00676642824, 4.07265243186, 35.5219094531, 1111.4812279, 0.590433897903, 0.31320754717
0.849924866974, 1.14259910525, 3.66891465996, 0.481280103365, 16.9117384948, 41.6947425513, 2.77888863042, 3.20851883768, 30.8854319359, 663.278024122, 0.57509972943, 0.525641025641
0.678976878075, 0.916356081759, 2.6409560946, 0.430363176329, 27.337288046, 42.417239322, 2.67643816463, 4.33930062168, 24.269009115, 321.738707894, 0.628870382159, 0.164473684211
0.806477723538, 1.04302777009, 2.13284915169, 0.484572891695, 14.0414287344, 40.535090233, 2.95204744023, 4.82471972872, 38.1829129324, 319.275248712, 0.614832890219, 0.349823321555
0.76663998666, 1.19185875279, 3.27231569572, 0.494833442272, 9.53690203729, 41.896553219, 3.14985309646, 3.88811214769, 24.0352024095, 684.610789794, 0.567731515371, 0.160243407708
0.745540503333, 0.950238024531, 3.49430461875, 0.487681826819, 48.6514304871, 43.2350857158, 2.02900661575, 4.1040992753, 29.9669150223, 429.681219358, 0.590994553934, 0.333333333333
0.674637117396, 1.13196593526, 2.86752620994, 0.453430015572, 17.9496967575, 40.4819856948, 2.88046821913, 4.66190222754, 34.5517169989, 499.998139574, 0.554331569363, 0.0
0.799533693972, 1.03757496948, 4.37621190439, 0.493318618105, 21.1973187503, 40.4987798246, 3.13765939132, 4.74564617082, 29.4743758754, 826.327744474, 0.588997928015, 0.2224
0.755035562751, 0.983420313226, 5.22848285484, 0.483706789435, 35.1214960931, 41.2613368987, 2.41484731697, 3.81554283606, 26.5970408208, 646.22279635, 0.58130799443, 0.300518134715
0.811477721793, 0.962341316894, 2.16571881744, 0.394720455815, 31.2502950932, 41.0572003655, 2.46254835785, 1.91930943266, 24.9418303895, 272.201123906, 0.483558756335, 0.464912280702
0.726100602054, 0.950128778387, 2.1616169868, 0.421501780534, 24.312955715, 42.3788974097, 2.8429142608, 3.41978390951, 25.1791938032, 299.277135001, 0.475728104418, 0.21875
0.840087748426, 0.918552254277, 3.665371642, 0.48185188591, 1.98688302022, 40.5145583687, 2.87549199308, 2.95589935847, 27.8274584221, 456.065538112, 0.511939555118, 0.420212765957
0.791535285589, 0.938666822923, 2.16898876186, 0.433672453765, 19.4208548403, 40.7572217537, 3.08801883775, 3.97369037043, 33.8986706762, 361.064604835, 0.557190083841, 0.499446290144
0.771492775097, 1.0934435672, 2.46698675481, 0.483887866814, 24.3358121928, 44.4602969907, 2.83499985139, 3.22034703498, 26.3717298029, 326.4201953, 0.590241408753, 0.452554744526
0.730694684071, 1.04465770331, 2.00903901909, 0.469562265568, 49.149664593, 40.7750706858, 2.38258001055, 4.93818003389, 41.4893305745, 293.828339526, 0.612511675386, 0.2
0.743332794014, 1.13606721121, 4.95751476862, 0.461947212899, 10.477621437, 40.2281649728, 3.44867339792, 3.93383558173, 25.5250329944, 1037.88307475, 0.557125422895, 0.23476702509
0.654895794203, 1.16891574232, 2.20785600073, 0.378181216443, 44.3886601492, 42.4915048333, 2.51193407393, 2.32310027648, 22.131250138, 333.009944284, 0.487652539077, 0.056
0.724323775681, 0.878924432128, 2.03346287834, 0.498156167282, 8.34473929971, 44.0630323959, 3.05398610537, 4.46343229264, 28.552826469, 300.877143269, 0.57792131444, 0.147403685092
0.600726648273, 1.20185862773, 2.57937062584, 0.467841730101, 33.4586675524, 40.0713827279, 2.11356910949, 3.03840383708, 21.0583162105, 407.607695297, 0.568077604901, 0.462809917355
0.579054372578, 1.1102344421, 3.84688963447, 0.462539461878, 39.5121713403, 42.0689984913, 2.3623554946, 3.92258300331, 24.1439864295, 546.671293687, 0.572727640847, 0.38785046729
0.678142207675, 1.21924272495, 2.07257243471, 0.464311503814, 47.2374218144, 46.6421717786, 2.51880390457, 2.75662342487, 21.6436241807, 304.151975221, 0.601257206351, 0.257142857143
0.654235611739, 1.10963603572, 3.20645008953, 0.416822960093, 45.737695968, 42.2519179593, 2.7434164409, 4.05896164664, 36.7791300465, 461.712344129, 0.585891173017, 0.111675126904
0.642209019158, 1.10590091802, 2.96336376197, 0.442156988793, 44.4310610797, 44.0450719644, 2.95631197784, 3.93466393571, 23.8480282686, 417.094885553, 0.519941909029, 0.00847457627119
0.505808795802, 1.24052645371, 2.71373250829, 0.499805531283, 38.150567534, 46.05718198, 2.79535824056, 4.92342245569, 26.2873160017, 541.114908553, 0.465724842933, 0.029702970297
0.603398282367, 1.01476559491, 2.96762259863, 0.45723139557, 2.15357524604, 41.1711322254, 3.80444808273, 4.97730499292, 21.7442557661, 516.791477393, 0.526925780538, 0.0824742268041
0.640826920277, 1.00004622884, 2.61122419415, 0.497133339413, 13.8490626708, 40.5381279527, 2.74094258941, 4.29967065141, 31.7428939385, 319.616977264, 0.528961107017, 0.162303664921
0.767839395981, 1.19851732506, 2.46762613374, 0.476555109641, 4.5020437456, 42.4593461499, 3.44189752586, 2.71758368273, 28.9401466403, 568.223361218, 0.587154979078, 0.0945558739255
0.691209663182, 0.875556021538, 2.99204367623, 0.452113477665, 30.4690899171, 42.4921931277, 2.58684241006, 2.74901026657, 20.1845683274, 350.982138031, 0.511915975058, 0.121739130435
0.883629859587, 1.05526339553, 2.35753025703, 0.490610156311, 12.0862956854, 41.6989666577, 3.18649693357, 2.54212439603, 35.60837407, 486.585496717, 0.589811712942, 0.180672268908
0.733664112629, 0.971921046823, 4.5404257732, 0.495819749665, 37.7764317285, 40.030372077, 2.0571079168, 2.2532541423, 22.3164398772, 514.579635815, 0.49804588099, 0.510971786834
0.68264797806, 1.14485040643, 3.7818689873, 0.442512982605, 32.3332625801, 41.1749971013, 3.16816969799, 3.84327638706, 36.1095125242, 895.061461578, 0.540423492922, 0.0224358974359
0.663466335044, 0.912675186946, 3.61612597514, 0.494654189953, 47.019024876, 43.1465981986, 2.59064948011, 4.97917824773, 40.0096052618, 566.918250967, 0.590951041681, 0.375
0.628036940392, 1.22508146147, 3.47213524036, 0.379625125903, 39.7184759932, 41.3906639238, 2.84505105107, 1.93223201307, 25.3355310783, 549.270251141, 0.432623440744, 0.534246575342
0.636031225916, 0.879912844796, 2.07651681048, 0.422743968326, 41.3994928677, 41.2474707727, 2.89165425238, 4.62078406427, 37.768080173, 289.295237404, 0.465415757297, 0.0
0.639785508623, 1.05762147329, 4.33043516998, 0.452085200904, 42.0226643657, 42.1830879558, 2.84035425277, 3.69592932919, 31.9306864016, 690.316720179, 0.506707811467, 0.350515463918
0.570957487396, 1.04208259688, 3.13478319678, 0.458869973418, 14.9541981193, 40.3270267027, 3.74445194139, 4.96363889884, 20.6544598176, 487.921814331, 0.514915896613, 0.00716845878136
0.531491417651, 1.04257077897, 4.27782257996, 0.441973359805, 42.0979917555, 40.9506391008, 2.88503367829, 4.55218961287, 28.0839166078, 609.206863253, 0.515837571441, 0.0291262135922
0.823866809388, 1.24387190152, 2.460362971, 0.452507823699, 28.104530211, 43.4103221791, 2.9897759786, 1.04595520796, 29.4276790242, 388.163985316, 0.525810061077, 0.216049382716
0.601518418851, 1.24189032071, 2.06653479501, 0.452277082267, 38.7963314249, 42.3926179401, 2.74792245664, 2.90259336429, 25.2791259377, 388.606364426, 0.561092896641, 0.0943396226415
0.567085969223, 0.965125800957, 2.69401823875, 0.382917670552, 43.9591912087, 40.4820450904, 2.65445325215, 2.83248874389, 21.8038522989, 308.738851782, 0.556330450631, 0.393665158371
0.521420727407, 0.981807254423, 2.24631396309, 0.404366194064, 48.6710204208, 40.6933441945, 2.78670039163, 4.36225465776, 29.2565051433, 284.592450372, 0.564374730674, 0.285714285714
0.628521037061, 1.02169970566, 2.27879051067, 0.491960367036, 32.9829162621, 45.0601065023, 2.95226310306, 3.58422539267, 22.9425758284, 332.897189471, 0.600666647636, 0.0
0.716639659023, 1.02485703661, 2.10097849476, 0.445711939015, 19.5748648026, 40.2950276481, 3.27339254747, 3.40840100684, 36.0706266997, 398.905621009, 0.552423495715, 0.0211480362538
0.588914953436, 1.09891415191, 2.07367664704, 0.470869406042, 48.4398464112, 41.3971370899, 2.70320797107, 4.53296483598, 33.8204024414, 354.573077788, 0.624041091154, 0.0493827160494
0.570652196336, 0.971972505263, 2.28878829052, 0.426951117595, 48.7213246263, 41.8064794963, 2.83315565431, 4.26921759299, 30.7416070197, 282.287715166, 0.589683951506, 0.34347826087
0.580761823389, 0.913980027674, 2.07443428391, 0.497117255011, 9.93441159845, 43.3141311524, 3.26433214222, 3.98028181805, 23.7085333926, 322.337119652, 0.493338966723, 0.0709219858156
0.647309091868, 1.13606381859, 2.20738527198, 0.480874393448, 39.7803378175, 42.4853339887, 2.53094324862, 2.24171197491, 28.0109825236, 357.284371239, 0.441039557984, 0.131944444444
0.50912016989, 1.05411228027, 5.72485857393, 0.474286577842, 41.0519519822, 41.5229024094, 3.06209362075, 4.06787311784, 20.6192808359, 1111.79894394, 0.532566283559, 0.339373970346
0.538776042352, 0.89661869278, 5.06248775365, 0.497944385777, 48.9405079554, 42.1359249455, 2.73779043033, 4.81490287613, 30.299697402, 635.044239953, 0.563892562054, 0.09375
0.783546036187, 1.18731539927, 3.71670852496, 0.492435113536, 9.60558047534, 40.7380581579, 3.36587276969, 1.87370257623, 35.4367281122, 813.332056908, 0.523462958315, 0.0
0.521327259894, 1.13640049135, 4.86416222898, 0.484320829141, 18.2981382975, 42.2957407853, 3.60879788131, 4.19731781953, 26.5844654344, 986.390231737, 0.531347120312, 0.103686635945
0.611673142986, 1.24375273728, 2.47543411051, 0.445081909355, 36.1675454695, 41.6814203494, 2.91477067905, 1.62223507989, 24.8261285877, 434.464462879, 0.515849321844, 0.321637426901
0.74423782857, 0.993549919439, 2.19520305458, 0.467322260544, 39.66814212, 40.1703730263, 2.59254659922, 1.2699937705, 27.7032509237, 282.938781627, 0.476943992662, 0.638961038961
0.64633706298, 1.20608642334, 3.37875188515, 0.473471941266, 48.6632696448, 41.2843010732, 3.38067214137, 3.2224682576, 30.1733031163, 747.769897674, 0.544202620125, 0.362701908957
0.617198611857, 1.19416186185, 2.6823933637, 0.4565042971, 49.5522900951, 43.9063537222, 3.38103752755, 2.66485713386, 26.6599302424, 599.191710542, 0.548500546849, 0.00687285223368
0.548720683435, 1.22812417226, 2.50865223444, 0.477011520803, 48.2849099533, 43.2612867771, 2.68218985383, 1.85591177786, 25.5215036267, 443.369200054, 0.469947383881, 0.600682593857
0.542477286177, 1.03517085596, 2.15074941467, 0.454651945218, 31.8252565294, 41.4135222875, 3.5983475941, 3.45101524481, 23.5763676686, 376.584841183, 0.514950922674, 0.0289855072464
0.557147705855, 0.957483634064, 3.5904446326, 0.469825362592, 24.2837373771, 40.0051188456, 3.36230964619, 2.78245239509, 22.5749813358, 572.288397486, 0.525077466332, 0.2156133829
0.705163815126, 1.17204926092, 2.54731841759, 0.488858793248, 6.04067550156, 40.4224415283, 3.6582583528, 1.20024912294, 31.937579284, 538.195264703, 0.493466141362, 0.43253968254
0.534908334629, 1.18307766825, 4.26766018466, 0.467668807226, 40.8861585881, 42.698273078, 3.42635527892, 2.14324808469, 20.3474452226, 888.404849072, 0.548139691456, 0.356338028169
0.69737678773, 0.884689778845, 2.00161782165, 0.493877768966, 6.47004479877, 40.0846042634, 3.77080185825, 2.63229402669, 36.0556243749, 324.076239852, 0.540764011379, 0.457142857143
0.588707401239, 1.12919315268, 2.23878860387, 0.455970223994, 36.7935225194, 42.1341894614, 3.65266393831, 2.07904611606, 23.3357293649, 419.4359918, 0.541845447024, 0.457888493476
0.51412000156, 1.22891865818, 3.63285323324, 0.4469665801, 43.9970651145, 44.6510564577, 3.3615495744, 1.31521973661, 20.6547112228, 765.68486571, 0.510604162666, 0.133171912833
0.574697829107, 1.05710260058, 2.23123914361, 0.485992105944, 39.8318120482, 40.2242949975, 3.58324723852, 0.363551662667, 27.8193983679, 391.315829143, 0.525734033047, 0.137724550898
