0.172582270112, 0.909564986582, 3.54524221358, 0.718430732527, 96.6955372308, 5.71194973303, 0.536701648974, 1.7603494653, 11.3869033269, 93.9519423311, 0.0270818220758, 0.0
0.172582270112, 0.909564986582, 3.54524221358, 0.718430732527, 96.6955372308, 5.71194973303, 0.536701648974, 1.7603494653, 11.3869033269, 93.9519423311, 0.0270818220758, 0.0
0.172582270112, 0.909564986582, 3.54524221358, 0.718430732527, 96.6955372308, 5.71194973303, 0.536701648974, 1.7603494653, 11.3869033269, 93.9519423311, 0.0270818220758, 0.0
0.172582270112, 0.909564986582, 3.54524221358, 0.718430732527, 96.6955372308, 5.71194973303, 0.536701648974, 1.7603494653, 11.3869033269, 93.9519423311, 0.0270818220758, 0.0
0.172582270112, 0.909564986582, 3.54524221358, 0.718430732527, 96.6955372308, 5.71194973303, 0.536701648974, 1.7603494653, 11.3869033269, 93.9519423311, 0.0270818220758, 0.0
0.172582270112, 0.909564986582, 3.54524221358, 0.718430732527, 96.6955372308, 5.71194973303, 0.536701648974, 1.7603494653, 11.3869033269, 93.9519423311, 0.0270818220758, 0.0
0.172582270112, 0.909564986582, 3.54524221358, 0.718430732527, 96.6955372308, 5.71194973303, 0.536701648974, 1.7603494653, 11.3869033269, 93.9519423311, 0.0270818220758, 0.0
0.172582270112, 0.909564986582, 3.54524221358, 0.718430732527, 96.6955372308, 5.71194973303, 0.536701648974, 1.7603494653, 11.3869033269, 93.9519423311, 0.0270818220758, 0.0
0.172582270112, 0.909564986582, 3.54524221358, 0.718430732527, 96.6955372308, 5.71194973303, 0.536701648974, 1.7603494653, 11.3869033269, 93.9519423311, 0.0270818220758, 0.0
0.172582270112, 0.909564986582, 3.54524221358, 0.718430732527, 80.3288237165, 5.71194973303, 0.536701648974, 1.68036725475, 11.4543986138, 93.812752742, 0.0191148653686, 0.0
0.172582270112, 0.909564986582, 3.54524221358, 0.718430732527, 80.3288237165, 5.71194973303, 0.536701648974, 1.68036725475, 11.4543986138, 93.812752742, 0.0191148653686, 0.0
0.172582270112, 0.909564986582, 3.54524221358, 0.718430732527, 80.3288237165, 5.71194973303, 0.536701648974, 1.68036725475, 11.4543986138, 93.812752742, 0.0191148653686, 0.0
0.172582270112, 0.909564986582, 3.54524221358, 0.718430732527, 80.3288237165, 5.71194973303, 0.536701648974, 1.68036725475, 11.4543986138, 93.812752742, 0.0191148653686, 0.0
0.172582270112, 0.909564986582, 3.54524221358, 0.718430732527, 80.3288237165, 5.71194973303, 0.536701648974, 1.68036725475, 11.4543986138, 93.812752742, 0.0191148653686, 0.0
0.172582270112, 0.909564986582, 3.54524221358, 0.718430732527, 80.3288237165, 5.71194973303, 0.536701648974, 1.68036725475, 11.4543986138, 93.812752742, 0.0191148653686, 0.0
0.172582270112, 0.909564986582, 3.54524221358, 0.718430732527, 80.3288237165, 5.71194973303, 0.536701648974, 1.68036725475, 11.4543986138, 93.812752742, 0.0191148653686, 0.0
0.172582270112, 0.909564986582, 3.54524221358, 0.718430732527, 80.3288237165, 5.71194973303, 0.536701648974, 1.68036725475, 11.4543986138, 93.812752742, 0.0191148653686, 0.0
0.172582270112, 0.909564986582, 3.54524221358, 0.718430732527, 80.3288237165, 5.71194973303, 0.536701648974, 1.68036725475, 11.4543986138, 93.812752742, 0.0191148653686, 0.0
0.170185587307, 0.909564986582, 3.57926854882, 0.718430732527, 96.8560234365, 5.71194973303, 0.536701648974, 1.90148274666, 11.4543986138, 107.55914447, 0.0941126168506, 0.65
0.170185587307, 0.909564986582, 3.57926854882, 0.718430732527, 96.8560234365, 5.71194973303, 0.536701648974, 1.90148274666, 11.4543986138, 107.55914447, 0.0941126168506, 0.65
0.170185587307, 0.909564986582, 3.57926854882, 0.718430732527, 96.8560234365, 5.71194973303, 0.536701648974, 1.90148274666, 11.4543986138, 107.55914447, 0.0941126168506, 0.65
0.170185587307, 0.909564986582, 3.57926854882, 0.718430732527, 96.8560234365, 5.71194973303, 0.536701648974, 1.90148274666, 11.4543986138, 107.55914447, 0.0941126168506, 0.65
0.185531190571, 0.908153407071, 2.28604059929, 0.865380368259, 96.3292189233, 5.71085602172, 0.541206322341, 1.75781114428, 10.9741724774, 100.496883936, 0.0790387367322, 0.0
0.185531190571, 0.908153407071, 2.28604059929, 0.865380368259, 96.3292189233, 5.71085602172, 0.541206322341, 1.75781114428, 10.9741724774, 100.496883936, 0.0790387367322, 0.0
0.185531190571, 0.908153407071, 2.28604059929, 0.865380368259, 96.3292189233, 5.71085602172, 0.541206322341, 1.75781114428, 10.9741724774, 100.496883936, 0.0790387367322, 0.0
0.185531190571, 0.908153407071, 2.28604059929, 0.865380368259, 96.3292189233, 5.71085602172, 0.541206322341, 1.75781114428, 10.9741724774, 100.496883936, 0.0790387367322, 0.0
0.185531190571, 0.908153407071, 2.28604059929, 0.865380368259, 96.3292189233, 5.71085602172, 0.541206322341, 1.75781114428, 10.9741724774, 100.496883936, 0.0790387367322, 0.0
0.185531190571, 0.908153407071, 2.28604059929, 0.865380368259, 96.3292189233, 5.71085602172, 0.541206322341, 1.75781114428, 10.9741724774, 100.496883936, 0.0790387367322, 0.0
0.176811452955, 0.891511248654, 3.58155621679, 0.718430732527, 80.3288237165, 5.71194973303, 0.668250608367, 1.67039943637, 11.3872791323, 122.908952379, 0.0412223216545, 0.0
0.176811452955, 0.924973571705, 3.58161204033, 0.718430732527, 80.3288237165, 5.71194973303, 0.666240178133, 1.67039943637, 11.3872791323, 81.2078810566, 0.137859921782, 0.0
0.176811452955, 0.924973571705, 3.58161204033, 0.718430732527, 80.3288237165, 5.71194973303, 0.666240178133, 1.67039943637, 11.3872791323, 81.2078810566, 0.137859921782, 0.0
0.176811452955, 0.924973571705, 3.58161204033, 0.718430732527, 80.3288237165, 5.71194973303, 0.666240178133, 1.67039943637, 11.3872791323, 81.2078810566, 0.137859921782, 0.0
0.176811452955, 0.924973571705, 3.58161204033, 0.718430732527, 80.3288237165, 5.71194973303, 0.666240178133, 1.67039943637, 11.3872791323, 81.2078810566, 0.137859921782, 0.0
0.176811452955, 0.924973571705, 3.58161204033, 0.718430732527, 80.3288237165, 5.71194973303, 0.666240178133, 1.67039943637, 11.3872791323, 81.2078810566, 0.137859921782, 0.0
0.176811452955, 0.924973571705, 3.58161204033, 0.718430732527, 80.3288237165, 5.71194973303, 0.666240178133, 1.67039943637, 11.3872791323, 81.2078810566, 0.137859921782, 0.0
0.176811452955, 0.924973571705, 3.58161204033, 0.718430732527, 80.3288237165, 5.71194973303, 0.666240178133, 1.67039943637, 11.3872791323, 81.2078810566, 0.137859921782, 0.0
0.176811452955, 0.924973571705, 3.58161204033, 0.718430732527, 80.3288237165, 5.71194973303, 0.666240178133, 1.67039943637, 11.3872791323, 81.2078810566, 0.137859921782, 0.0
0.176811452955, 0.924973571705, 3.58161204033, 0.718430732527, 80.3288237165, 5.71194973303, 0.666240178133, 1.67039943637, 11.3872791323, 81.2078810566, 0.137859921782, 0.0
0.176811452955, 0.924973571705, 3.58161204033, 0.718430732527, 80.3288237165, 5.71194973303, 0.666240178133, 1.67039943637, 11.3872791323, 81.2078810566, 0.137859921782, 0.0
0.176811452955, 0.924973571705, 3.58161204033, 0.718430732527, 80.3288237165, 5.71194973303, 0.666240178133, 1.67039943637, 11.3872791323, 81.2078810566, 0.137859921782, 0.0
0.176811452955, 0.924973571705, 3.58161204033, 0.718430732527, 80.3288237165, 5.71194973303, 0.666240178133, 1.67039943637, 11.3872791323, 81.2078810566, 0.137859921782, 0.0
0.176811452955, 0.924973571705, 3.58161204033, 0.718430732527, 80.3288237165, 5.71194973303, 0.666240178133, 1.67039943637, 11.3872791323, 81.2078810566, 0.137859921782, 0.0
0.176811452955, 0.924973571705, 3.58161204033, 0.718430732527, 80.3288237165, 5.71194973303, 0.666240178133, 1.67039943637, 11.3872791323, 81.2078810566, 0.137859921782, 0.0
0.176811452955, 0.924973571705, 3.58161204033, 0.718430732527, 80.3288237165, 5.71194973303, 0.666240178133, 1.67039943637, 11.3872791323, 81.2078810566, 0.137859921782, 0.0
0.176811452955, 0.924973571705, 3.58161204033, 0.718430732527, 80.3288237165, 5.71194973303, 0.666240178133, 1.67039943637, 11.3872791323, 81.2078810566, 0.137859921782, 0.0
0.176811452955, 0.924973571705, 3.58161204033, 0.718430732527, 80.3288237165, 5.71194973303, 0.666240178133, 1.67039943637, 11.3872791323, 81.2078810566, 0.137859921782, 0.0
0.176811452955, 0.924973571705, 3.58161204033, 0.718430732527, 80.3288237165, 5.71194973303, 0.666240178133, 1.67039943637, 11.3872791323, 81.2078810566, 0.137859921782, 0.0
0.176811452955, 0.924973571705, 3.58161204033, 0.718430732527, 80.3288237165, 5.71194973303, 0.666240178133, 1.67039943637, 11.3872791323, 81.2078810566, 0.137859921782, 0.0
0.176811452955, 0.924973571705, 3.58161204033, 0.718430732527, 80.3288237165, 5.71194973303, 0.666240178133, 1.67039943637, 11.3872791323, 81.2078810566, 0.137859921782, 0.0
0.185531190571, 0.908171026318, 2.28604059929, 0.858046379701, 96.3292189233, 5.2201369257, 0.306488185331, 1.68193526733, 10.9741724774, 116.051663741, 0.0718120480691, 0.548387096774
0.185531190571, 0.853554060748, 3.55749879037, 0.871839746351, 94.179566859, 5.71085602172, 0.664824432441, 1.75781114428, 10.9741724774, 101.193353719, 0.0569843727411, 0.0
0.185531190571, 0.853554060748, 3.55749879037, 0.871839746351, 94.179566859, 5.71085602172, 0.664824432441, 1.75781114428, 10.9741724774, 101.193353719, 0.0569843727411, 0.0
0.176844475055, 0.909659198047, 3.54524221358, 0.718430732527, 80.1579455189, 5.71194973303, 0.538790978499, 1.7603494653, 11.3869033269, 78.9003510364, 0.0, 0.0
0.176844475055, 0.909659198047, 3.54524221358, 0.718430732527, 80.1579455189, 5.71194973303, 0.538790978499, 1.7603494653, 11.3869033269, 78.9003510364, 0.0, 0.0
0.176844475055, 0.909659198047, 3.54524221358, 0.718430732527, 80.1579455189, 5.71194973303, 0.538790978499, 1.7603494653, 11.3869033269, 78.9003510364, 0.0, 0.0
0.176844475055, 0.909659198047, 3.54524221358, 0.718430732527, 80.1579455189, 5.71194973303, 0.538790978499, 1.7603494653, 11.3869033269, 78.9003510364, 0.0, 0.0
0.176844475055, 0.909659198047, 3.54524221358, 0.718430732527, 80.1579455189, 5.71194973303, 0.538790978499, 1.7603494653, 11.3869033269, 78.9003510364, 0.0, 0.0
0.176844475055, 0.909659198047, 3.54524221358, 0.718430732527, 80.1579455189, 5.71194973303, 0.538790978499, 1.7603494653, 11.3869033269, 78.9003510364, 0.0, 0.0
0.176844475055, 0.909659198047, 3.54524221358, 0.718430732527, 80.1579455189, 5.71194973303, 0.538790978499, 1.7603494653, 11.3869033269, 78.9003510364, 0.0, 0.0
0.176844475055, 0.909659198047, 3.54524221358, 0.718430732527, 80.1579455189, 5.71194973303, 0.538790978499, 1.7603494653, 11.3869033269, 78.9003510364, 0.0, 0.0
0.176844475055, 0.909659198047, 3.54524221358, 0.718430732527, 80.1579455189, 5.71194973303, 0.538790978499, 1.7603494653, 11.3869033269, 78.9003510364, 0.0, 0.0
0.176844475055, 0.909659198047, 3.54524221358, 0.718430732527, 80.1579455189, 5.71194973303, 0.538790978499, 1.7603494653, 11.3869033269, 78.9003510364, 0.0, 0.0
0.176844475055, 0.909659198047, 3.54524221358, 0.718430732527, 80.1579455189, 5.71194973303, 0.538790978499, 1.7603494653, 11.3869033269, 78.9003510364, 0.0, 0.0
0.176844475055, 0.909659198047, 3.54524221358, 0.718430732527, 80.1579455189, 5.71194973303, 0.538790978499, 1.7603494653, 11.3869033269, 78.9003510364, 0.0, 0.0
0.176844475055, 0.909659198047, 3.54524221358, 0.718430732527, 80.1579455189, 5.71194973303, 0.538790978499, 1.7603494653, 11.3869033269, 78.9003510364, 0.0, 0.0
0.176844475055, 0.909659198047, 3.54524221358, 0.718430732527, 80.1579455189, 5.71194973303, 0.538790978499, 1.7603494653, 11.3869033269, 78.9003510364, 0.0, 0.0
0.176844475055, 0.909659198047, 3.54524221358, 0.718430732527, 80.1579455189, 5.71194973303, 0.538790978499, 1.7603494653, 11.3869033269, 78.9003510364, 0.0, 0.0
0.176844475055, 0.909659198047, 3.54524221358, 0.718430732527, 80.1579455189, 5.71194973303, 0.538790978499, 1.7603494653, 11.3869033269, 78.9003510364, 0.0, 0.0
0.176844475055, 0.909659198047, 3.54524221358, 0.718430732527, 80.1579455189, 5.71194973303, 0.538790978499, 1.7603494653, 11.3869033269, 78.9003510364, 0.0, 0.0
0.176844475055, 0.909659198047, 3.54524221358, 0.718430732527, 80.1579455189, 5.71194973303, 0.538790978499, 1.7603494653, 11.3869033269, 78.9003510364, 0.0, 0.0
0.176844475055, 0.909659198047, 3.54524221358, 0.718430732527, 80.1579455189, 5.71194973303, 0.538790978499, 1.7603494653, 11.3869033269, 78.9003510364, 0.0, 0.0
0.176844475055, 0.909659198047, 3.54524221358, 0.718430732527, 80.1579455189, 5.71194973303, 0.538790978499, 1.7603494653, 11.3869033269, 78.9003510364, 0.0, 0.0
0.185749595266, 0.909734704836, 2.29997477096, 0.857927315954, 80.0871001823, 5.99752589902, 0.538884410818, 1.91729496434, 11.3869033269, 92.4274966196, 0.0479975909214, 0.5
0.185749595266, 0.909734704836, 2.29997477096, 0.857927315954, 80.0871001823, 5.99752589902, 0.538884410818, 1.91729496434, 11.3869033269, 92.4274966196, 0.0479975909214, 0.5
0.185749595266, 0.909734704836, 2.29997477096, 0.857927315954, 80.0871001823, 5.99752589902, 0.538884410818, 1.91729496434, 11.3869033269, 92.4274966196, 0.0479975909214, 0.5
0.185749595266, 0.909734704836, 2.29997477096, 0.857927315954, 80.0871001823, 5.99752589902, 0.538884410818, 1.91729496434, 11.3869033269, 92.4274966196, 0.0479975909214, 0.5
0.185749595266, 0.909734704836, 2.29997477096, 0.857927315954, 80.0871001823, 5.99752589902, 0.538884410818, 1.91729496434, 11.3869033269, 92.4274966196, 0.0479975909214, 0.5
0.185749595266, 0.909734704836, 2.29997477096, 0.857927315954, 80.0871001823, 5.99752589902, 0.538884410818, 1.91729496434, 11.3869033269, 92.4274966196, 0.0479975909214, 0.5
0.185749595266, 0.909734704836, 2.29997477096, 0.857927315954, 80.0871001823, 5.99752589902, 0.538884410818, 1.91729496434, 11.3869033269, 92.4274966196, 0.0479975909214, 0.5
0.185749595266, 0.909734704836, 2.29997477096, 0.857927315954, 80.0871001823, 5.99752589902, 0.538884410818, 1.91729496434, 11.3869033269, 92.4274966196, 0.0479975909214, 0.5
0.185749595266, 0.909734704836, 2.29997477096, 0.857927315954, 80.0871001823, 5.99752589902, 0.538884410818, 1.91729496434, 11.3869033269, 92.4274966196, 0.0479975909214, 0.5
0.185749595266, 0.909734704836, 2.29997477096, 0.857927315954, 80.0871001823, 5.99752589902, 0.538884410818, 1.91729496434, 11.3869033269, 92.4274966196, 0.0479975909214, 0.5
0.185749595266, 0.909734704836, 2.29997477096, 0.857927315954, 80.0871001823, 5.99752589902, 0.538884410818, 1.91729496434, 11.3869033269, 92.4274966196, 0.0479975909214, 0.5
0.185749595266, 0.909734704836, 2.29997477096, 0.857927315954, 80.0871001823, 5.99752589902, 0.538884410818, 1.91729496434, 11.3869033269, 92.4274966196, 0.0479975909214, 0.5
0.185749595266, 0.909734704836, 2.29997477096, 0.857927315954, 80.0871001823, 5.99752589902, 0.538884410818, 1.91729496434, 11.3869033269, 92.4274966196, 0.0479975909214, 0.5
0.185749595266, 0.909734704836, 2.29997477096, 0.857927315954, 80.0871001823, 5.99752589902, 0.538884410818, 1.91729496434, 11.3869033269, 92.4274966196, 0.0479975909214, 0.5
0.185749595266, 0.909734704836, 2.29997477096, 0.857927315954, 80.0871001823, 5.99752589902, 0.538884410818, 1.91729496434, 11.3869033269, 92.4274966196, 0.0479975909214, 0.5
0.185749595266, 0.909734704836, 2.29997477096, 0.857927315954, 80.0871001823, 5.99752589902, 0.538884410818, 1.91729496434, 11.3869033269, 92.4274966196, 0.0479975909214, 0.5
0.185749595266, 0.909734704836, 2.29997477096, 0.857927315954, 80.0871001823, 5.99752589902, 0.538884410818, 1.91729496434, 11.3869033269, 92.4274966196, 0.0479975909214, 0.5
0.185531190571, 0.908153407071, 2.3037827805, 0.865380368259, 96.3292189233, 5.71085602172, 0.541206322341, 1.75981858402, 11.4496296778, 98.8009970404, 0.0774149212191, 0.117647058824
0.185531190571, 0.908153407071, 2.3037827805, 0.865380368259, 96.3292189233, 5.71085602172, 0.541206322341, 1.75981858402, 11.4496296778, 98.8009970404, 0.0774149212191, 0.117647058824
0.185531190571, 0.908153407071, 2.3037827805, 0.865380368259, 96.3292189233, 5.71085602172, 0.541206322341, 1.75981858402, 11.4496296778, 98.8009970404, 0.0774149212191, 0.117647058824
0.185531190571, 0.908153407071, 2.3037827805, 0.865380368259, 96.3292189233, 5.71085602172, 0.541206322341, 1.75981858402, 11.4496296778, 98.8009970404, 0.0774149212191, 0.117647058824
0.185531190571, 0.908153407071, 2.3037827805, 0.865380368259, 96.3292189233, 5.71085602172, 0.541206322341, 1.75981858402, 11.4496296778, 98.8009970404, 0.0774149212191, 0.117647058824
0.185531190571, 0.908153407071, 2.3037827805, 0.865380368259, 96.3292189233, 5.71085602172, 0.541206322341, 1.75981858402, 11.4496296778, 98.8009970404, 0.0774149212191, 0.117647058824
0.185749595266, 0.909734704836, 2.29997477096, 0.857927315954, 80.0904641521, 5.99752589902, 0.538884410818, 1.67394869566, 11.3869033269, 101.621854922, 0.0613405547987, 0.285714285714
0.176955252857, 0.909669716598, 2.2637624802, 0.867928251927, 80.3788160454, 5.71193304193, 0.538790978499, 1.76032431848, 11.3869033269, 114.468480612, 0.0416644436051, 0.0
0.185531190571, 0.908153407071, 2.28604059929, 0.865380368259, 80.4666875803, 5.71085656365, 0.541206322341, 1.75410689521, 10.9741724774, 130.007873663, 0.0397445457338, 0.0
0.185835226524, 0.909734704836, 2.11981777573, 0.861539671526, 80.0904641521, 5.70351343107, 0.536400720352, 1.67045306622, 11.3869033269, 116.819202045, 0.0565931708416, 0.636363636364
0.185835226524, 0.909734704836, 2.11981777573, 0.861539671526, 80.0904641521, 5.70351343107, 0.536400720352, 1.67045306622, 11.3869033269, 116.819202045, 0.0565931708416, 0.636363636364
