-1.0, 1.0, 3.0, -1.0, 1.0, 3.0, -1.0, 3.0, 0.0, 1.0, -1.0, -1.0, 2.0, -1.0, 1.0, -1.0, 2.0, 2.0, -1.0, 2.0, 2.0, -1.0, -1.0, -1.0, 0.0, 1.0, -1.0, -1.0, 2.0, 0.0, -1.0, 2.0, 3.0, 2.0, -1.0, 1.0, -1.0, 3.0, 0.0, 0.0, 1.0, 2.0, 2.0, -1.0, -1.0, -1.0, 0.0, -1.0, 1.0, 0.0, 96474.0, 400.0, 99605.0
1.0, 1.0, 2.0, -1.0, 3.0, 1.0, 1.0, -1.0, 1.0, 0.0, -1.0, 1.0, 0.0, -1.0, 2.0, -1.0, 3.0, -1.0, 0.0, 1.0, -1.0, -1.0, 1.0, 3.0, -1.0, -1.0, 0.0, 1.0, -1.0, 1.0, 0.0, -1.0, 2.0, 0.0, 0.0, -1.0, 2.0, 1.0, -1.0, 2.0, -1.0, 0.0, -1.0, -1.0, 0.0, 2.0, -1.0, -1.0, 0.0, 3.0, 96013.0, 417.0, 99580.0
1.0, 1.0, 2.0, -1.0, 3.0, 1.0, 1.0, -1.0, 1.0, 0.0, -1.0, 1.0, 0.0, -1.0, 2.0, -1.0, 3.0, -1.0, 0.0, 1.0, 0.0, -1.0, 1.0, 3.0, -1.0, -1.0, 0.0, 1.0, -1.0, 1.0, 0.0, -1.0, 2.0, 0.0, 0.0, -1.0, 2.0, 1.0, 2.0, -1.0, -1.0, 0.0, -1.0, -1.0, 0.0, 2.0, -1.0, -1.0, 0.0, 3.0, 95847.0, 433.0, 99565.0
0.0, 2.0, 3.0, 2.0, 1.0, -1.0, 1.0, 0.0, 0.0, 3.0, 1.0, 0.0, 0.0, 1.0, 3.0, -1.0, 1.0, 1.0, 3.0, -1.0, -1.0, -1.0, 2.0, -1.0, -1.0, 1.0, 2.0, 1.0, 1.0, 2.0, 0.0, 0.0, -1.0, 2.0, 3.0, -1.0, 2.0, -1.0, -1.0, 2.0, 1.0, -1.0, 1.0, 2.0, 0.0, 3.0, -1.0, -1.0, 2.0, 0.0, 95536.0, 470.0, 99519.0
-1.0, 1.0, 2.0, -1.0, 1.0, 0.0, 1.0, 0.0, 0.0, 0.0, -1.0, -1.0, 2.0, -1.0, 1.0, -1.0, 2.0, 2.0, -1.0, -1.0, 2.0, -1.0, -1.0, 2.0, 0.0, 1.0, -1.0, -1.0, 2.0, 3.0, -1.0, 2.0, 3.0, 2.0, 0.0, 1.0, -1.0, -1.0, 0.0, 0.0, 1.0, 0.0, 2.0, -1.0, -1.0, 0.0, 0.0, 1.0, -1.0, 1.0, 95975.0, 415.0, 99589.0
-1.0, 1.0, 1.0, 1.0, 1.0, 0.0, -1.0, 3.0, 0.0, 0.0, -1.0, -1.0, 1.0, -1.0, 1.0, -1.0, 2.0, 2.0, -1.0, -1.0, 2.0, -1.0, -1.0, 2.0, 0.0, 1.0, -1.0, -1.0, 0.0, 0.0, -1.0, 2.0, 1.0, 2.0, 1.0, 2.0, -1.0, 3.0, 0.0, 0.0, 1.0, 0.0, 2.0, -1.0, -1.0, 0.0, 0.0, -1.0, -1.0, 1.0, 95791.0, 420.0, 99584.0
0.0, 2.0, 3.0, 2.0, 1.0, -1.0, 1.0, 0.0, 0.0, 3.0, -1.0, 0.0, 0.0, -1.0, 3.0, -1.0, 1.0, 2.0, 3.0, -1.0, 0.0, -1.0, 2.0, -1.0, -1.0, 1.0, 2.0, 1.0, 1.0, 2.0, 0.0, 0.0, 0.0, 2.0, 3.0, -1.0, 2.0, -1.0, -1.0, 2.0, 1.0, -1.0, 1.0, 2.0, 0.0, 3.0, -1.0, -1.0, 2.0, 0.0, 95497.0, 472.0, 99517.0
1.0, 2.0, 2.0, -1.0, 3.0, 1.0, 1.0, -1.0, 1.0, 0.0, -1.0, -1.0, 0.0, -1.0, 0.0, -1.0, 3.0, -1.0, -1.0, 1.0, 0.0, -1.0, 1.0, 3.0, -1.0, 3.0, 0.0, -1.0, -1.0, 1.0, 0.0, -1.0, 2.0, 0.0, 0.0, -1.0, 2.0, 1.0, -1.0, -1.0, -1.0, 0.0, 0.0, -1.0, 0.0, 2.0, -1.0, -1.0, 0.0, 3.0, 96256.0, 401.0, 99602.0
-1.0, 1.0, 2.0, -1.0, 1.0, -1.0, 1.0, 3.0, 0.0, 0.0, -1.0, -1.0, 2.0, -1.0, 1.0, -1.0, 2.0, 2.0, -1.0, -1.0, 2.0, -1.0, -1.0, 2.0, 0.0, 1.0, -1.0, -1.0, 2.0, 3.0, -1.0, 2.0, 3.0, 2.0, 0.0, 1.0, 2.0, -1.0, 0.0, 0.0, 1.0, 0.0, 2.0, -1.0, -1.0, 0.0, 0.0, 1.0, -1.0, 1.0, 96115.0, 414.0, 99584.0
-1.0, 1.0, 3.0, -1.0, 1.0, 0.0, -1.0, 3.0, 0.0, 1.0, -1.0, -1.0, 2.0, -1.0, 1.0, -1.0, 2.0, 2.0, -1.0, 2.0, 2.0, -1.0, -1.0, 1.0, 0.0, 1.0, -1.0, -1.0, 2.0, 0.0, -1.0, 2.0, 3.0, 2.0, -1.0, 1.0, -1.0, 3.0, -1.0, 0.0, 1.0, -1.0, 2.0, -1.0, -1.0, -1.0, 0.0, -1.0, 1.0, 0.0, 96574.0, 386.0, 99615.0
0.0, 2.0, 3.0, 2.0, 1.0, -1.0, 1.0, 0.0, 1.0, 3.0, 3.0, 0.0, 0.0, -1.0, 3.0, -1.0, 1.0, 1.0, 1.0, -1.0, -1.0, -1.0, 2.0, -1.0, -1.0, 1.0, 2.0, 1.0, 1.0, 2.0, 0.0, 0.0, 0.0, 2.0, 3.0, -1.0, -1.0, -1.0, -1.0, 2.0, 1.0, -1.0, 1.0, 2.0, -1.0, 3.0, -1.0, -1.0, 2.0, 0.0, 95784.0, 440.0, 99548.0
1.0, 1.0, 2.0, -1.0, 3.0, 1.0, 1.0, -1.0, 1.0, 0.0, -1.0, 1.0, 0.0, -1.0, 2.0, -1.0, 3.0, -1.0, 0.0, 1.0, -1.0, -1.0, 1.0, 3.0, -1.0, -1.0, 0.0, 1.0, -1.0, 1.0, 0.0, -1.0, 2.0, 0.0, 2.0, -1.0, 2.0, 1.0, 0.0, 2.0, -1.0, 0.0, -1.0, -1.0, 0.0, 2.0, -1.0, -1.0, 0.0, 3.0, 95846.0, 429.0, 99566.0
-1.0, 1.0, 3.0, -1.0, 1.0, 0.0, -1.0, 3.0, 0.0, 1.0, -1.0, -1.0, 2.0, -1.0, 1.0, -1.0, 2.0, 2.0, -1.0, 2.0, 2.0, -1.0, -1.0, 1.0, 0.0, 1.0, -1.0, -1.0, 2.0, 0.0, -1.0, 2.0, 0.0, 2.0, 3.0, 1.0, -1.0, 3.0, -1.0, 0.0, 1.0, -1.0, 2.0, -1.0, -1.0, -1.0, 0.0, -1.0, 1.0, 0.0, 96432.0, 396.0, 99606.0
0.0, 0.0, 2.0, 1.0, 1.0, -1.0, -1.0, 0.0, 0.0, -1.0, -1.0, -1.0, 2.0, 3.0, 1.0, -1.0, 2.0, 2.0, 2.0, 1.0, 1.0, -1.0, 3.0, 0.0, 3.0, 1.0, 0.0, 0.0, 0.0, 3.0, 2.0, 2.0, -1.0, -1.0, 1.0, 1.0, 2.0, -1.0, 0.0, 0.0, 2.0, 1.0, -1.0, -1.0, 1.0, 0.0, -1.0, -1.0, 2.0, 0.0, 95163.0, 476.0, 99512.0
1.0, 1.0, 2.0, -1.0, 3.0, 1.0, 1.0, -1.0, 1.0, 0.0, -1.0, 1.0, 0.0, -1.0, 2.0, -1.0, 3.0, -1.0, 0.0, 1.0, 0.0, -1.0, 1.0, -1.0, -1.0, -1.0, 0.0, 1.0, -1.0, 1.0, 0.0, -1.0, 2.0, 0.0, 0.0, -1.0, 2.0, 1.0, 2.0, -1.0, -1.0, 0.0, -1.0, -1.0, 0.0, 2.0, -1.0, -1.0, 0.0, 3.0, 95883.0, 422.0, 99574.0
0.0, 2.0, 3.0, 2.0, 1.0, -1.0, 1.0, 0.0, 0.0, 3.0, 1.0, 0.0, 0.0, 1.0, 3.0, -1.0, 1.0, 1.0, 3.0, -1.0, -1.0, -1.0, 2.0, 3.0, -1.0, 1.0, 2.0, 1.0, 1.0, 2.0, 0.0, 0.0, -1.0, 2.0, 3.0, -1.0, 2.0, -1.0, -1.0, 2.0, 1.0, -1.0, 1.0, 2.0, 0.0, 3.0, -1.0, -1.0, 2.0, 0.0, 95500.0, 481.0, 99510.0
-1.0, 1.0, 1.0, 1.0, 1.0, 0.0, -1.0, 3.0, 0.0, 0.0, -1.0, -1.0, 1.0, -1.0, 1.0, -1.0, 2.0, 2.0, 3.0, -1.0, 2.0, -1.0, -1.0, 2.0, 0.0, 1.0, -1.0, -1.0, 0.0, 0.0, -1.0, 2.0, 1.0, 2.0, 1.0, 2.0, -1.0, 3.0, 0.0, 0.0, 1.0, 0.0, 2.0, -1.0, -1.0, 0.0, 0.0, -1.0, -1.0, 1.0, 95708.0, 437.0, 99567.0
-1.0, 1.0, 2.0, -1.0, 1.0, -1.0, 1.0, 3.0, -1.0, 0.0, -1.0, -1.0, 2.0, -1.0, 1.0, -1.0, 2.0, 2.0, -1.0, -1.0, 2.0, -1.0, -1.0, 2.0, 0.0, 1.0, -1.0, -1.0, 2.0, 3.0, -1.0, 2.0, 3.0, 2.0, 0.0, 1.0, 2.0, -1.0, 0.0, 0.0, 1.0, 0.0, 2.0, -1.0, -1.0, 0.0, 0.0, 1.0, -1.0, 1.0, 96216.0, 404.0, 99593.0
-1.0, 1.0, 3.0, -1.0, 3.0, 3.0, -1.0, 3.0, 0.0, 1.0, -1.0, -1.0, 2.0, -1.0, 1.0, -1.0, 2.0, -1.0, -1.0, 2.0, 2.0, -1.0, -1.0, -1.0, 0.0, 1.0, -1.0, -1.0, 2.0, 0.0, -1.0, 2.0, 3.0, 2.0, -1.0, 1.0, -1.0, 3.0, 0.0, 0.0, 1.0, 2.0, 2.0, -1.0, -1.0, -1.0, 0.0, -1.0, 1.0, 0.0, 96668.0, 382.0, 99617.0
0.0, 2.0, 3.0, 2.0, 1.0, -1.0, 1.0, 0.0, 0.0, 3.0, 1.0, 0.0, 0.0, 1.0, 3.0, -1.0, 1.0, 1.0, 3.0, -1.0, -1.0, -1.0, 2.0, -1.0, 0.0, 1.0, 2.0, 1.0, 1.0, 2.0, 0.0, 0.0, -1.0, -1.0, 3.0, -1.0, 2.0, -1.0, -1.0, 2.0, 1.0, -1.0, 1.0, 2.0, 0.0, 3.0, -1.0, -1.0, 2.0, 0.0, 95536.0, 465.0, 99521.0
-1.0, 1.0, 2.0, -1.0, 1.0, 0.0, 1.0, 0.0, 0.0, 0.0, -1.0, -1.0, 2.0, -1.0, 1.0, -1.0, 2.0, 2.0, -1.0, -1.0, 2.0, -1.0, -1.0, 2.0, 0.0, 1.0, 0.0, -1.0, 2.0, 3.0, -1.0, 2.0, 3.0, 2.0, 0.0, 1.0, -1.0, -1.0, 0.0, 0.0, 1.0, 0.0, 2.0, -1.0, -1.0, 0.0, 0.0, 1.0, -1.0, 1.0, 95782.0, 426.0, 99578.0
-1.0, 1.0, 3.0, -1.0, 1.0, -1.0, -1.0, 3.0, 0.0, 1.0, -1.0, -1.0, 2.0, -1.0, 1.0, -1.0, 2.0, 2.0, -1.0, 2.0, 2.0, -1.0, -1.0, 1.0, 0.0, 1.0, -1.0, -1.0, 2.0, 0.0, -1.0, 2.0, 3.0, 2.0, -1.0, 1.0, -1.0, 3.0, -1.0, 0.0, 1.0, -1.0, 2.0, -1.0, -1.0, -1.0, 0.0, -1.0, 1.0, 0.0, 96723.0, 368.0, 99628.0
0.0, 2.0, 1.0, 2.0, 1.0, -1.0, 1.0, 0.0, 0.0, 3.0, 3.0, 0.0, 0.0, -1.0, 3.0, -1.0, 1.0, 2.0, 3.0, -1.0, 0.0, -1.0, 2.0, -1.0, -1.0, 1.0, 2.0, 1.0, 1.0, 2.0, 0.0, 0.0, 0.0, 2.0, 3.0, -1.0, 2.0, -1.0, -1.0, 2.0, 1.0, -1.0, 1.0, 2.0, 0.0, 3.0, -1.0, -1.0, 2.0, 0.0, 95338.0, 486.0, 99504.0
-1.0, 1.0, 3.0, -1.0, 1.0, 0.0, -1.0, 0.0, 0.0, 1.0, -1.0, -1.0, 2.0, -1.0, 1.0, -1.0, 2.0, 2.0, -1.0, 2.0, 0.0, -1.0, -1.0, 1.0, 0.0, 1.0, -1.0, -1.0, 2.0, 0.0, -1.0, 2.0, 3.0, 2.0, -1.0, 1.0, -1.0, 3.0, 0.0, 0.0, 1.0, 2.0, 2.0, -1.0, -1.0, -1.0, 0.0, -1.0, 1.0, 0.0, 96129.0, 411.0, 99596.0
0.0, 2.0, 3.0, 2.0, 1.0, -1.0, 1.0, 0.0, 0.0, 3.0, 3.0, 0.0, 0.0, -1.0, 3.0, -1.0, 1.0, 1.0, 1.0, -1.0, -1.0, -1.0, 2.0, -1.0, -1.0, 1.0, 2.0, 1.0, 1.0, 2.0, 0.0, 0.0, 0.0, 2.0, 3.0, -1.0, -1.0, -1.0, -1.0, 2.0, 1.0, -1.0, 1.0, 2.0, 0.0, 3.0, -1.0, -1.0, 2.0, 0.0, 95581.0, 455.0, 99535.0
