2.62777333173, 1.12438301113, 0.946308158754, 0.97282578924, 4.14820461754, 0.729817934226, 3.48112002141, 1.03194276382, 0.993613391486, 3.23604077458, 6.01318654161, 0.948300708799, 3.420478051, 0.868814004503, 1.09000018675, 1.03291058796, 1.04813243534, 0.953475610812, 6.20921805929, 1.17761978479, 0.990256334098, 217.096247504, 0.920512182867, 3.19679270927, 1.02866326766, 4.55878646622, 1.26722603122, 59.6378622573, 13.3452062478, 173.352271596, 1.60857908847
2.62777333173, 1.12438301113, 0.946308158754, 0.97282578924, 4.1677161511, 0.729817934226, 3.48112002141, 1.03194276382, 0.993613391486, 3.23604077458, 6.01318654161, 0.948300708799, 3.420478051, 0.868814004503, 1.09000018675, 1.03291058796, 1.04813243534, 0.953475610812, 6.20921805929, 1.17761978479, 0.990256334098, 217.096247504, 0.920512182867, 3.19679270927, 1.02866326766, 4.55878646622, 1.26722603122, 109.55296052, 12.5804896302, 126.344251286, 0.268096514745
2.62777333173, 1.12438301113, 0.946308158754, 0.97282578924, 4.1677161511, 0.729817934226, 3.48112002141, 1.03194276382, 0.993613391486, 3.23604077458, 6.01318654161, 0.948300708799, 3.420478051, 0.868814004503, 1.09000018675, 1.03291058796, 1.04813243534, 0.953475610812, 6.20921805929, 1.17761978479, 0.990256334098, 217.096247504, 0.920512182867, 3.19679270927, 1.02866326766, 4.55878646622, 1.26722603122, 109.55296052, 12.5804896302, 126.344251286, 0.268096514745
2.62777333173, 1.12438301113, 0.946308158754, 0.97282578924, 4.1677161511, 0.729817934226, 3.48112002141, 1.03194276382, 0.993613391486, 3.23604077458, 6.01318654161, 0.948300708799, 3.420478051, 0.868814004503, 1.09000018675, 1.03291058796, 1.04813243534, 0.953475610812, 6.20921805929, 1.17761978479, 0.990256334098, 217.096247504, 0.920512182867, 3.19679270927, 1.02866326766, 4.55878646622, 1.26722603122, 109.55296052, 12.5804896302, 126.344251286, 0.268096514745
2.62777333173, 1.12438301113, 0.946308158754, 0.97282578924, 4.1677161511, 0.729817934226, 3.48112002141, 1.03194276382, 0.993613391486, 3.23604077458, 6.01318654161, 0.948300708799, 3.420478051, 0.868814004503, 1.09000018675, 1.03291058796, 1.04813243534, 0.953475610812, 6.20921805929, 1.17761978479, 0.990256334098, 217.096247504, 0.920512182867, 3.19679270927, 1.02866326766, 4.55878646622, 1.26722603122, 109.55296052, 12.5804896302, 126.344251286, 0.268096514745
2.62777333173, 1.12438301113, 0.946308158754, 0.97282578924, 4.1677161511, 0.729817934226, 3.48112002141, 1.03194276382, 0.993613391486, 3.23604077458, 6.01318654161, 0.948300708799, 3.420478051, 0.868814004503, 1.09000018675, 1.03291058796, 1.04813243534, 0.953475610812, 6.20921805929, 1.17761978479, 0.990256334098, 217.096247504, 0.920512182867, 3.19679270927, 1.02866326766, 4.55878646622, 1.26722603122, 109.55296052, 12.5804896302, 126.344251286, 0.268096514745
2.62777333173, 1.12438301113, 0.946308158754, 0.97282578924, 4.1677161511, 0.729817934226, 3.48112002141, 1.03194276382, 0.993613391486, 3.23604077458, 6.01318654161, 0.948300708799, 3.420478051, 0.868814004503, 1.09000018675, 1.03291058796, 1.04813243534, 0.953475610812, 6.20921805929, 1.17761978479, 0.990256334098, 217.096247504, 0.920512182867, 3.19679270927, 1.02866326766, 4.55878646622, 1.26722603122, 109.55296052, 12.5804896302, 126.344251286, 0.268096514745
2.62777333173, 1.12438301113, 0.946308158754, 0.97282578924, 4.1677161511, 0.729817934226, 3.48112002141, 1.03194276382, 0.993613391486, 3.23604077458, 6.01318654161, 0.948300708799, 3.420478051, 0.868814004503, 1.09000018675, 1.03291058796, 1.04813243534, 0.953475610812, 6.20921805929, 1.17761978479, 0.990256334098, 217.096247504, 0.920512182867, 3.19679270927, 1.02866326766, 4.55878646622, 1.26722603122, 109.55296052, 12.5804896302, 126.344251286, 0.268096514745
2.62777333173, 1.12438301113, 0.946308158754, 0.97282578924, 4.1677161511, 0.729817934226, 3.48112002141, 1.03194276382, 0.993613391486, 3.23604077458, 6.01318654161, 0.948300708799, 3.420478051, 0.868814004503, 1.09000018675, 1.03291058796, 1.04813243534, 0.953475610812, 6.20921805929, 1.17761978479, 0.990256334098, 217.096247504, 0.920512182867, 3.19679270927, 1.02866326766, 4.55878646622, 1.26722603122, 109.55296052, 12.5804896302, 126.344251286, 0.268096514745
2.62777333173, 1.12438301113, 0.946308158754, 0.97282578924, 4.1677161511, 0.729817934226, 3.48112002141, 1.03194276382, 0.993613391486, 3.23604077458, 6.01318654161, 0.948300708799, 3.420478051, 0.868814004503, 1.09000018675, 1.03291058796, 1.04813243534, 0.953475610812, 6.20921805929, 1.17761978479, 0.990256334098, 217.096247504, 0.920512182867, 3.19679270927, 1.02866326766, 4.55878646622, 1.26722603122, 109.55296052, 12.5804896302, 126.344251286, 0.268096514745
2.62777333173, 1.12438301113, 0.946308158754, 0.97282578924, 4.14820461754, 0.729817934226, 3.48112002141, 1.03194276382, 0.993613391486, 3.23604077458, 6.01318654161, 0.948300708799, 3.420478051, 0.868814004503, 1.09000018675, 1.03291058796, 1.04813243534, 0.953475610812, 6.20921805929, 1.17761978479, 0.990256334098, 217.096247504, 0.920512182867, 3.19679270927, 1.02866326766, 4.55878646622, 1.26722603122, 41.33627895, 9.44651516555, 122.646810059, 2.41286863271
2.62777333173, 1.12438301113, 0.946308158754, 0.97282578924, 4.14820461754, 0.729817934226, 3.48112002141, 1.03194276382, 0.993613391486, 3.23604077458, 6.01318654161, 0.948300708799, 3.420478051, 0.868814004503, 1.09000018675, 1.03291058796, 1.04813243534, 0.953475610812, 6.20921805929, 1.17761978479, 0.990256334098, 217.096247504, 0.920512182867, 3.19679270927, 1.02866326766, 4.55878646622, 1.26722603122, 41.33627895, 9.44651516555, 122.646810059, 2.41286863271
2.62777333173, 1.12438301113, 0.946308158754, 0.97282578924, 4.14820461754, 0.729817934226, 3.48112002141, 1.03194276382, 0.993613391486, 3.23604077458, 6.01318654161, 0.948300708799, 3.420478051, 0.868814004503, 1.09000018675, 1.03291058796, 1.04813243534, 0.953475610812, 6.20921805929, 1.17761978479, 0.990256334098, 217.096247504, 0.920512182867, 3.19679270927, 1.02866326766, 4.55878646622, 1.26722603122, 41.33627895, 9.44651516555, 122.646810059, 2.41286863271
2.62777333173, 1.12438301113, 0.946308158754, 0.97282578924, 4.14820461754, 0.729817934226, 3.48112002141, 1.03194276382, 0.993613391486, 3.23604077458, 6.01318654161, 0.948300708799, 3.420478051, 0.868814004503, 1.09000018675, 1.03291058796, 1.04813243534, 0.953475610812, 6.20921805929, 1.17761978479, 0.990256334098, 217.096247504, 0.920512182867, 3.19679270927, 1.02866326766, 4.55878646622, 1.26722603122, 41.33627895, 9.44651516555, 122.646810059, 2.41286863271
2.62777333173, 1.12438301113, 0.946308158754, 0.97282578924, 4.14820461754, 0.729817934226, 3.48112002141, 1.03194276382, 0.993613391486, 3.23604077458, 6.01318654161, 0.948300708799, 3.420478051, 0.868814004503, 1.09000018675, 1.03291058796, 1.04813243534, 0.953475610812, 6.20921805929, 1.17761978479, 0.990256334098, 217.096247504, 0.920512182867, 3.19679270927, 1.02866326766, 4.55878646622, 1.26722603122, 41.33627895, 9.44651516555, 122.646810059, 2.41286863271
2.62777333173, 1.12438301113, 0.946308158754, 0.97282578924, 4.14820461754, 0.729817934226, 3.48112002141, 1.03194276382, 0.993613391486, 3.23604077458, 6.01318654161, 0.948300708799, 3.420478051, 0.868814004503, 1.09000018675, 1.03291058796, 1.04813243534, 0.953475610812, 6.20921805929, 1.17761978479, 0.990256334098, 217.096247504, 0.920512182867, 3.19679270927, 1.02866326766, 4.55878646622, 1.26722603122, 41.33627895, 9.44651516555, 122.646810059, 2.41286863271
2.62777333173, 1.12438301113, 0.946308158754, 0.97282578924, 4.14820461754, 0.729817934226, 3.48112002141, 1.03194276382, 0.993613391486, 3.23604077458, 6.01318654161, 0.948300708799, 3.420478051, 0.868814004503, 1.09000018675, 1.03291058796, 1.04813243534, 0.953475610812, 6.20921805929, 1.17761978479, 0.990256334098, 217.096247504, 0.920512182867, 3.19679270927, 1.02866326766, 4.55878646622, 1.26722603122, 41.33627895, 9.44651516555, 122.646810059, 2.41286863271
2.62777333173, 1.12438301113, 0.946308158754, 0.97282578924, 4.14820461754, 0.729817934226, 3.48112002141, 1.03194276382, 0.993613391486, 3.23604077458, 6.01318654161, 0.948300708799, 3.420478051, 0.868814004503, 1.09000018675, 1.03291058796, 1.04813243534, 0.953475610812, 6.20921805929, 1.17761978479, 0.990256334098, 217.096247504, 0.920512182867, 3.19679270927, 1.02866326766, 4.55878646622, 1.26722603122, 41.33627895, 9.44651516555, 122.646810059, 2.41286863271
2.67807043002, 1.12438301113, 0.944856396074, 1.2110963697, 4.14820461754, 0.730415507379, 4.94494493298, 1.02850756666, 0.993613391486, 3.23604077458, 6.01318654161, 0.956491104914, 3.40612545909, 0.868814004503, 1.09000018639, 1.03291058796, 1.04813243534, 0.953864608318, 6.17614295403, 1.17761978479, 0.990256334098, 217.096247504, 0.923481268104, 3.13711413459, 1.02866326766, 4.6258367814, 1.20521977014, 46.8116935129, 16.3220423397, 61.141599987, 0.536193029491
2.67807043002, 1.12438301113, 0.944856396074, 1.2110963697, 4.14820461754, 0.730415507379, 4.94494493298, 1.02850756666, 0.993613391486, 3.23604077458, 6.01318654161, 0.956491104914, 3.40612545909, 0.868814004503, 1.09000018639, 1.03291058796, 1.04813243534, 0.953864608318, 6.17614295403, 1.17761978479, 0.990256334098, 217.096247504, 0.923481268104, 3.13711413459, 1.02866326766, 4.6258367814, 1.20521977014, 46.8116935129, 16.3220423397, 61.141599987, 0.536193029491
2.67807043002, 1.12438301113, 0.944856396074, 1.2110963697, 4.14820461754, 0.730415507379, 4.94494493298, 1.02850756666, 0.993613391486, 3.23604077458, 6.01318654161, 0.956491104914, 3.40612545909, 0.868814004503, 1.09000018639, 1.03291058796, 1.04813243534, 0.953864608318, 6.17614295403, 1.17761978479, 0.990256334098, 217.096247504, 0.923481268104, 3.13711413459, 1.02866326766, 4.6258367814, 1.20521977014, 46.8116935129, 16.3220423397, 61.141599987, 0.536193029491
2.67807043002, 1.12438301113, 0.944856396074, 1.2110963697, 4.14820461754, 0.730415507379, 4.94494493298, 1.02850756666, 0.993613391486, 3.23604077458, 6.01318654161, 0.956491104914, 3.40612545909, 0.868814004503, 1.09000018639, 1.03291058796, 1.04813243534, 0.953864608318, 6.17614295403, 1.17761978479, 0.990256334098, 217.096247504, 0.923481268104, 3.13711413459, 1.02866326766, 4.6258367814, 1.20521977014, 46.8116935129, 16.3220423397, 61.141599987, 0.536193029491
2.67807043002, 1.12438301113, 0.944856396074, 1.2110963697, 4.14820461754, 0.730415507379, 4.94494493298, 1.02850756666, 0.993613391486, 3.23604077458, 6.01318654161, 0.956491104914, 3.40612545909, 0.868814004503, 1.09000018639, 1.03291058796, 1.04813243534, 0.953864608318, 6.17614295403, 1.17761978479, 0.990256334098, 217.096247504, 0.923481268104, 3.13711413459, 1.02866326766, 4.6258367814, 1.20521977014, 46.8116935129, 16.3220423397, 61.141599987, 0.536193029491
2.67807043002, 1.12438301113, 0.944856396074, 1.2110963697, 4.14820461754, 0.730415507379, 4.94494493298, 1.02850756666, 0.993613391486, 3.23604077458, 6.01318654161, 0.956491104914, 3.40612545909, 0.868814004503, 1.09000018639, 1.03291058796, 1.04813243534, 0.953864608318, 6.17614295403, 1.17761978479, 0.990256334098, 217.096247504, 0.923481268104, 3.13711413459, 1.02866326766, 4.6258367814, 1.20521977014, 46.8116935129, 16.3220423397, 61.141599987, 0.536193029491
2.67807043002, 1.12438301113, 0.944856396074, 1.2110963697, 4.14820461754, 0.730415507379, 4.94494493298, 1.02850756666, 0.993613391486, 3.23604077458, 6.01318654161, 0.956491104914, 3.40612545909, 0.868814004503, 1.09000018639, 1.03291058796, 1.04813243534, 0.953864608318, 6.17614295403, 1.17761978479, 0.990256334098, 217.096247504, 0.923481268104, 3.13711413459, 1.02866326766, 4.6258367814, 1.20521977014, 46.8116935129, 16.3220423397, 61.141599987, 0.536193029491
2.67807043002, 1.12438301113, 0.944856396074, 1.2110963697, 4.14820461754, 0.730415507379, 4.94494493298, 1.02850756666, 0.993613391486, 3.23604077458, 6.01318654161, 0.956491104914, 3.40612545909, 0.868814004503, 1.09000018639, 1.03291058796, 1.04813243534, 0.953864608318, 6.17614295403, 1.17761978479, 0.990256334098, 217.096247504, 0.923481268104, 3.13711413459, 1.02866326766, 4.6258367814, 1.20521977014, 46.8116935129, 16.3220423397, 61.141599987, 0.536193029491
2.67807043002, 1.12438301113, 0.944856396074, 1.2110963697, 4.14820461754, 0.730415507379, 4.94494493298, 1.02850756666, 0.993613391486, 3.23604077458, 6.01318654161, 0.956491104914, 3.40612545909, 0.868814004503, 1.09000018639, 1.03291058796, 1.04813243534, 0.953864608318, 6.17614295403, 1.17761978479, 0.990256334098, 217.096247504, 0.923481268104, 3.13711413459, 1.02866326766, 4.6258367814, 1.20521977014, 46.8116935129, 16.3220423397, 61.141599987, 0.536193029491
2.67807043002, 1.12438301113, 0.944856396074, 1.2110963697, 4.14820461754, 0.730415507379, 4.94494493298, 1.02850756666, 0.993613391486, 3.23604077458, 6.01318654161, 0.956491104914, 3.40612545909, 0.868814004503, 1.09000018639, 1.03291058796, 1.04813243534, 0.953864608318, 6.17614295403, 1.17761978479, 0.990256334098, 217.096247504, 0.923481268104, 3.13711413459, 1.02866326766, 4.6258367814, 1.20521977014, 46.8116935129, 16.3220423397, 61.141599987, 0.536193029491
2.67807043002, 1.12438301113, 0.944856396074, 1.2110963697, 4.14820461754, 0.730415507379, 4.94494493298, 1.02850756666, 0.993613391486, 3.23604077458, 6.01318654161, 0.956491104914, 3.40612545909, 0.868814004503, 1.09000018639, 1.03291058796, 1.04813243534, 0.953864608318, 6.17614295403, 1.17761978479, 0.990256334098, 217.096247504, 0.923481268104, 3.13711413459, 1.02866326766, 4.6258367814, 1.20521977014, 46.8116935129, 16.3220423397, 61.141599987, 0.536193029491
2.62777333173, 1.12438301113, 0.946308158754, 0.97282578924, 4.14642413469, 0.729817934226, 3.48112002141, 1.03194276382, 0.993613391486, 3.23604077458, 6.01318654161, 0.948300708799, 3.420478051, 0.868814004503, 1.09000018675, 1.03291058796, 1.04813243534, 0.953475610812, 6.20921805929, 1.17761978479, 0.990256334098, 217.096247504, 0.920512182867, 3.19679270927, 1.02866326766, 4.55878646622, 1.26722603122, 28.058385505, 8.34074334848, 88.3829789376, 1.60857908847
2.62777333173, 1.12438301113, 0.946308158754, 0.97282578924, 4.14642413469, 0.729817934226, 3.48112002141, 1.03194276382, 0.993613391486, 3.23604077458, 6.01318654161, 0.948300708799, 3.420478051, 0.868814004503, 1.09000018675, 1.03291058796, 1.04813243534, 0.953475610812, 6.20921805929, 1.17761978479, 0.990256334098, 217.096247504, 0.920512182867, 3.19679270927, 1.02866326766, 4.55878646622, 1.26722603122, 28.058385505, 8.34074334848, 88.3829789376, 1.60857908847
2.62777333173, 1.12438301113, 0.946308158754, 0.97282578924, 4.14642413469, 0.729817934226, 3.48112002141, 1.03194276382, 0.993613391486, 3.23604077458, 6.01318654161, 0.948300708799, 3.420478051, 0.868814004503, 1.09000018675, 1.03291058796, 1.04813243534, 0.953475610812, 6.20921805929, 1.17761978479, 0.990256334098, 217.096247504, 0.920512182867, 3.19679270927, 1.02866326766, 4.55878646622, 1.26722603122, 28.058385505, 8.34074334848, 88.3829789376, 1.60857908847
2.62777333173, 1.12438301113, 0.946308158754, 0.97282578924, 4.14642413469, 0.729817934226, 3.48112002141, 1.03194276382, 0.993613391486, 3.23604077458, 6.01318654161, 0.948300708799, 3.420478051, 0.868814004503, 1.09000018675, 1.03291058796, 1.04813243534, 0.953475610812, 6.20921805929, 1.17761978479, 0.990256334098, 217.096247504, 0.920512182867, 3.19679270927, 1.02866326766, 4.55878646622, 1.26722603122, 28.058385505, 8.34074334848, 88.3829789376, 1.60857908847
2.62777333173, 1.12438301113, 0.946308158754, 0.97282578924, 4.14642413469, 0.729817934226, 3.48112002141, 1.03194276382, 0.993613391486, 3.23604077458, 6.01318654161, 0.948300708799, 3.420478051, 0.868814004503, 1.09000018675, 1.03291058796, 1.04813243534, 0.953475610812, 6.20921805929, 1.17761978479, 0.990256334098, 217.096247504, 0.920512182867, 3.19679270927, 1.02866326766, 4.55878646622, 1.26722603122, 28.058385505, 8.34074334848, 88.3829789376, 1.60857908847
2.62777333173, 1.12438301113, 0.946308158754, 0.97282578924, 4.14642413469, 0.729817934226, 3.48112002141, 1.03194276382, 0.993613391486, 3.23604077458, 6.01318654161, 0.948300708799, 3.420478051, 0.868814004503, 1.09000018675, 1.03291058796, 1.04813243534, 0.953475610812, 6.20921805929, 1.17761978479, 0.990256334098, 217.096247504, 0.920512182867, 3.19679270927, 1.02866326766, 4.55878646622, 1.26722603122, 28.058385505, 8.34074334848, 88.3829789376, 1.60857908847
2.62777333173, 1.12438301113, 0.946308158754, 0.97282578924, 4.14642413469, 0.729817934226, 3.48112002141, 1.03194276382, 0.993613391486, 3.23604077458, 6.01318654161, 0.948300708799, 3.420478051, 0.868814004503, 1.09000018675, 1.03291058796, 1.04813243534, 0.953475610812, 6.20921805929, 1.17761978479, 0.990256334098, 217.096247504, 0.920512182867, 3.19679270927, 1.02866326766, 4.55878646622, 1.26722603122, 28.058385505, 8.34074334848, 88.3829789376, 1.60857908847
2.62777333173, 1.12438301113, 0.946308158754, 0.97282578924, 4.14642413469, 0.729817934226, 3.48112002141, 1.03194276382, 0.993613391486, 3.23604077458, 6.01318654161, 0.948300708799, 3.420478051, 0.868814004503, 1.09000018675, 1.03291058796, 1.04813243534, 0.953475610812, 6.20921805929, 1.17761978479, 0.990256334098, 217.096247504, 0.920512182867, 3.19679270927, 1.02866326766, 4.55878646622, 1.26722603122, 28.058385505, 8.34074334848, 88.3829789376, 1.60857908847
2.62777333173, 1.12438301113, 0.946308158754, 0.97282578924, 4.14642413469, 0.729817934226, 3.48112002141, 1.03194276382, 0.993613391486, 3.23604077458, 6.01318654161, 0.948300708799, 3.420478051, 0.868814004503, 1.09000018675, 1.03291058796, 1.04813243534, 0.953475610812, 6.20921805929, 1.17761978479, 0.990256334098, 217.096247504, 0.920512182867, 3.19679270927, 1.02866326766, 4.55878646622, 1.26722603122, 28.058385505, 8.34074334848, 88.3829789376, 1.60857908847
2.62777333173, 1.12438301113, 0.946308158754, 0.97282578924, 4.14642413469, 0.729817934226, 3.48112002141, 1.03194276382, 0.993613391486, 3.23604077458, 6.01318654161, 0.948300708799, 3.420478051, 0.868814004503, 1.09000018675, 1.03291058796, 1.04813243534, 0.953475610812, 6.20921805929, 1.17761978479, 0.990256334098, 217.096247504, 0.920512182867, 3.19679270927, 1.02866326766, 4.55878646622, 1.26722603122, 28.058385505, 8.34074334848, 88.3829789376, 1.60857908847
2.62777333173, 1.12438301113, 0.946308158754, 0.97282578924, 4.14642413469, 0.729817934226, 3.48112002141, 1.03194276382, 0.993613391486, 3.23604077458, 6.01318654161, 0.948300708799, 3.420478051, 0.868814004503, 1.09000018675, 1.03291058796, 1.04813243534, 0.953475610812, 6.20921805929, 1.17761978479, 0.990256334098, 217.096247504, 0.920512182867, 3.19679270927, 1.02866326766, 4.55878646622, 1.26722603122, 28.058385505, 8.34074334848, 88.3829789376, 1.60857908847
2.62777333173, 1.12438301113, 0.946308158754, 0.97282578924, 4.14642413469, 0.729817934226, 3.48112002141, 1.03194276382, 0.993613391486, 3.23604077458, 6.01318654161, 0.948300708799, 3.420478051, 0.868814004503, 1.09000018675, 1.03291058796, 1.04813243534, 0.953475610812, 6.20921805929, 1.17761978479, 0.990256334098, 217.096247504, 0.920512182867, 3.19679270927, 1.02866326766, 4.55878646622, 1.26722603122, 28.058385505, 8.34074334848, 88.3829789376, 1.60857908847
2.62777333173, 1.12438301113, 0.946308158754, 0.97282578924, 4.14642413469, 0.729817934226, 3.48112002141, 1.03194276382, 0.993613391486, 3.23604077458, 6.01318654161, 0.948300708799, 3.420478051, 0.868814004503, 1.09000018675, 1.03291058796, 1.04813243534, 0.953475610812, 6.20921805929, 1.17761978479, 0.990256334098, 217.096247504, 0.920512182867, 3.19679270927, 1.02866326766, 4.55878646622, 1.26722603122, 28.058385505, 8.34074334848, 88.3829789376, 1.60857908847
2.62777333173, 1.12438301113, 0.946308158754, 0.97282578924, 4.14642413469, 0.729817934226, 3.48112002141, 1.03194276382, 0.993613391486, 3.23604077458, 6.01318654161, 0.948300708799, 3.420478051, 0.868814004503, 1.09000018675, 1.03291058796, 1.04813243534, 0.953475610812, 6.20921805929, 1.17761978479, 0.990256334098, 217.096247504, 0.920512182867, 3.19679270927, 1.02866326766, 4.55878646622, 1.26722603122, 28.058385505, 8.34074334848, 88.3829789376, 1.60857908847
2.62777333173, 1.12438301113, 0.946308158754, 0.97282578924, 4.14642413469, 0.729817934226, 3.48112002141, 1.03194276382, 0.993613391486, 3.23604077458, 6.01318654161, 0.948300708799, 3.420478051, 0.868814004503, 1.09000018675, 1.03291058796, 1.04813243534, 0.953475610812, 6.20921805929, 1.17761978479, 0.990256334098, 217.096247504, 0.920512182867, 3.19679270927, 1.02866326766, 4.55878646622, 1.26722603122, 28.058385505, 8.34074334848, 88.3829789376, 1.60857908847
2.80466412221, 1.12438301113, 0.946308158754, 0.97282578924, 4.14820758425, 0.729817934226, 3.48112002141, 1.03194276382, 0.993613391486, 3.23604077458, 6.01318654161, 0.948300708799, 3.420478051, 0.868814004503, 1.09000018675, 1.03291058796, 1.04813243534, 0.953475610812, 6.0649646298, 1.17761978479, 0.990256334098, 217.096247504, 0.962183837542, 3.19679270927, 1.02866326766, 4.55878646622, 1.26722603122, 163.278449533, 17.3180779256, 133.467561118, 1.34048257373
2.62777333173, 1.11874771106, 0.946308158754, 0.989633095739, 4.58730966066, 0.987000438846, 3.48770611319, 1.03151593395, 0.993613391486, 2.15423977178, 6.01318654161, 0.948300708799, 3.41190548671, 0.868814004503, 1.09000018675, 1.03958819184, 1.04813243534, 0.953475610812, 5.3268666984, 1.17761978479, 0.990256334098, 217.096247504, 0.920512182867, 3.14024636699, 1.02866326766, 1.66517573994, 1.26722603122, 25.7814220558, 7.15370292813, 130.718250229, 6.97050938338
2.62777333173, 1.11874771106, 0.946308158754, 0.989633095739, 4.58730966066, 0.987000438846, 3.48770611319, 1.03151593395, 0.993613391486, 2.15423977178, 6.01318654161, 0.948300708799, 3.41190548671, 0.868814004503, 1.09000018675, 1.03958819184, 1.04813243534, 0.953475610812, 5.3268666984, 1.17761978479, 0.990256334098, 217.096247504, 0.920512182867, 3.14024636699, 1.02866326766, 1.66517573994, 1.26722603122, 25.7814220558, 7.15370292813, 130.718250229, 6.97050938338
2.62777333173, 1.12438301113, 0.946308158754, 0.97282578924, 4.14642413469, 0.729817934226, 3.48112002141, 1.03194276382, 0.993613391486, 3.23604077458, 6.01318654161, 0.948300708799, 3.420478051, 0.868814004503, 1.09000018675, 1.03291058796, 1.04873006691, 0.953475610812, 6.20921805929, 1.17761978479, 0.990256334098, 217.096247504, 0.920512182867, 3.19679270927, 1.02866326766, 4.55878646622, 1.26722603122, 54.2284779698, 9.96387915378, 91.5103143289, 1.87667560322
2.62777333173, 1.12438301113, 0.946308158754, 0.97282578924, 4.14820461754, 0.729817934226, 3.48112002141, 1.03194276382, 0.993613391486, 3.23604077458, 6.01318654161, 0.948300708799, 3.420478051, 0.868814004503, 1.09000018675, 1.03291058796, 1.04813243534, 0.953475610812, 6.20921805929, 1.16323444661, 0.990256334098, 183.39643301, 0.920512182867, 3.19679270927, 1.02866326766, 4.55878646622, 1.26722603122, 280.747257771, 14.042250875, 885.863010048, 1.87667560322
5.42931287702, 1.11502930185, 0.944755926063, 0.97357405328, 4.59354438211, 0.723725278279, 4.91437299388, 1.03154068784, 0.983402919215, 3.20152502304, 5.6719949189, 0.948300708799, 3.41180111447, 0.86628301849, 1.09000018923, 1.04675458248, 1.01184014048, 0.818844105877, 6.51913553926, 1.07093316264, 0.826607382832, 217.425936412, 0.920512182867, 3.19679270927, 1.02866326766, 1.63192674695, 1.26722603122, 62.904701824, 10.9629531137, 157.946314685, 3.48525469169
5.42931287702, 1.11502930185, 0.944755926063, 0.97357405328, 4.59354438211, 0.723725278279, 4.91437299388, 1.03154068784, 0.983402919215, 3.20152502304, 5.6719949189, 0.948300708799, 3.41180111447, 0.86628301849, 1.09000018923, 1.04675458248, 1.01184014048, 0.818844105877, 6.51913553926, 1.07093316264, 0.826607382832, 217.425936412, 0.920512182867, 3.19679270927, 1.02866326766, 1.63192674695, 1.26722603122, 62.904701824, 10.9629531137, 157.946314685, 3.48525469169
5.42931287702, 1.11502930185, 0.944755926063, 0.97357405328, 4.59354438211, 0.723725278279, 4.91437299388, 1.03154068784, 0.983402919215, 3.20152502304, 5.6719949189, 0.948300708799, 3.41180111447, 0.86628301849, 1.09000018923, 1.04675458248, 1.01184014048, 0.818844105877, 6.51913553926, 1.07093316264, 0.826607382832, 217.425936412, 0.920512182867, 3.19679270927, 1.02866326766, 1.63192674695, 1.26722603122, 62.904701824, 10.9629531137, 157.946314685, 3.48525469169
5.42931287702, 1.11502930185, 0.944755926063, 0.97357405328, 4.59354438211, 0.723725278279, 4.91437299388, 1.03154068784, 0.983402919215, 3.20152502304, 5.6719949189, 0.948300708799, 3.41180111447, 0.86628301849, 1.09000018923, 1.04675458248, 1.01184014048, 0.818844105877, 6.51913553926, 1.07093316264, 0.826607382832, 217.425936412, 0.920512182867, 3.19679270927, 1.02866326766, 1.63192674695, 1.26722603122, 62.904701824, 10.9629531137, 157.946314685, 3.48525469169
2.62777333173, 1.11874771106, 0.946330177184, 1.20638364855, 4.12996563578, 0.72608311942, 3.46771210736, 1.02848621215, 0.993613391486, 2.13765632917, 6.01318654161, 0.948300708799, 3.41190548671, 0.868814004503, 1.09000018638, 1.03948255308, 1.04813243534, 0.953475610812, 6.13772112451, 1.17761978479, 0.990256334098, 217.096247504, 0.920521950596, 3.14010601289, 1.02866326766, 1.66517573994, 1.26722603122, 209.944846148, 25.5485997221, 455.568376511, 1.07238605898
2.62777333173, 1.12438301113, 0.946308158754, 0.97282578924, 4.1677161511, 0.729817934226, 3.48112002141, 1.03194276382, 0.993613391486, 3.23604077458, 6.01318654161, 0.948300708799, 3.420478051, 0.868814004503, 1.09000018675, 1.03291058796, 1.04813243534, 0.953475610812, 6.38530337871, 1.17761978479, 0.990256334098, 217.096247504, 0.920512182867, 3.19679270927, 1.02866326766, 4.26641559589, 1.26722603122, 37.052881103, 9.52629164312, 172.960869062, 2.41286863271
2.62777333173, 1.12438301113, 0.946308158754, 0.97282578924, 4.14820461754, 0.729817934226, 3.48112002141, 1.03194276382, 0.993613391486, 3.23604077458, 6.01318654161, 0.948300708799, 3.420478051, 0.868814004503, 1.09000018675, 1.03291058796, 1.04813243534, 0.953475610812, 6.20921805929, 1.17761978479, 0.990256334098, 217.096247504, 0.920512182867, 3.19679270927, 1.02866326766, 4.55878646622, 1.26722603122, 29.0257774636, 8.27392771651, 275.72098239, 4.02144772118
2.62777333173, 1.12438301113, 0.946308158754, 0.97282578924, 4.14820461754, 0.729817934226, 3.48112002141, 1.03194276382, 0.993613391486, 3.23604077458, 6.01318654161, 0.948300708799, 3.420478051, 0.868814004503, 1.09000018675, 1.03291058796, 1.04813243534, 0.953475610812, 6.20921805929, 1.17761978479, 0.990256334098, 217.096247504, 0.920512182867, 3.19679270927, 1.02866326766, 4.55878646622, 1.26722603122, 29.0257774636, 8.27392771651, 275.72098239, 4.02144772118
2.62777333173, 1.12438301113, 0.946308158754, 0.97282578924, 4.14820461754, 0.729817934226, 3.48112002141, 1.03194276382, 0.993613391486, 3.23604077458, 6.01318654161, 0.948300708799, 3.420478051, 0.868814004503, 1.09000018675, 1.03291058796, 1.04813243534, 0.953475610812, 6.20921805929, 1.17761978479, 0.990256334098, 217.096247504, 0.920512182867, 3.19679270927, 1.02866326766, 4.55878646622, 1.26722603122, 29.0257774636, 8.27392771651, 275.72098239, 4.02144772118
2.62777333173, 1.12438301113, 0.946308158754, 0.97282578924, 4.14643499528, 0.729817934226, 3.48112002141, 1.04875211504, 0.993613391486, 3.23604077458, 6.01318654161, 0.948300708799, 3.420478051, 0.868814004503, 1.09000018675, 1.03291058796, 1.04813243534, 0.968459762737, 6.20921805929, 1.17761978479, 0.990256334098, 217.096247504, 0.920512182867, 3.19679270927, 1.02866326766, 4.55878646622, 1.26722603122, 22.5232522801, 13.0319847033, 127.347619045, 3.48525469169
2.62777333173, 1.12438301113, 0.946308158754, 0.97282578924, 4.14643499528, 0.729817934226, 3.48112002141, 1.04875211504, 0.993613391486, 3.23604077458, 6.01318654161, 0.948300708799, 3.420478051, 0.868814004503, 1.09000018675, 1.03291058796, 1.04813243534, 0.968459762737, 6.20921805929, 1.17761978479, 0.990256334098, 217.096247504, 0.920512182867, 3.19679270927, 1.02866326766, 4.55878646622, 1.26722603122, 22.5232522801, 13.0319847033, 127.347619045, 3.48525469169
2.62777333173, 1.12438301113, 0.946308158754, 0.97282578924, 4.14643499528, 0.729817934226, 3.48112002141, 1.04875211504, 0.993613391486, 3.23604077458, 6.01318654161, 0.948300708799, 3.420478051, 0.868814004503, 1.09000018675, 1.03291058796, 1.04813243534, 0.968459762737, 6.20921805929, 1.17761978479, 0.990256334098, 217.096247504, 0.920512182867, 3.19679270927, 1.02866326766, 4.55878646622, 1.26722603122, 22.5232522801, 13.0319847033, 127.347619045, 3.48525469169
2.62777333173, 1.12438301113, 0.946308158754, 0.97282578924, 4.14643499528, 0.729817934226, 3.48112002141, 1.04875211504, 0.993613391486, 3.23604077458, 6.01318654161, 0.948300708799, 3.420478051, 0.868814004503, 1.09000018675, 1.03291058796, 1.04813243534, 0.968459762737, 6.20921805929, 1.17761978479, 0.990256334098, 217.096247504, 0.920512182867, 3.19679270927, 1.02866326766, 4.55878646622, 1.26722603122, 22.5232522801, 13.0319847033, 127.347619045, 3.48525469169
2.62777333173, 1.12438301113, 0.946308158754, 0.97282578924, 4.1677161511, 0.729817934226, 3.48112002141, 1.03194276382, 0.993613391486, 3.23604077458, 6.01318654161, 0.948300708799, 3.420478051, 0.868814004503, 1.09000018675, 1.03291058796, 1.04813243534, 0.953475610812, 6.20921805929, 1.17761978479, 0.990256334098, 217.096247504, 0.920512182867, 3.19679270927, 1.02866326766, 4.55878646622, 1.26722603122, 15.162849437, 6.85780278094, 50.3441537386, 2.68096514745
2.62777333173, 1.12438301113, 0.946308158754, 0.97282578924, 4.1677161511, 0.729817934226, 3.48112002141, 1.03194276382, 0.993613391486, 3.23604077458, 6.01318654161, 0.948300708799, 3.420478051, 0.868814004503, 1.09000018675, 1.03291058796, 1.04813243534, 0.953475610812, 6.20921805929, 1.17761978479, 0.990256334098, 217.096247504, 0.920512182867, 3.19679270927, 1.02866326766, 4.55878646622, 1.26722603122, 15.162849437, 6.85780278094, 50.3441537386, 2.68096514745
2.62777333173, 1.12438301113, 0.946308158754, 0.97282578924, 4.1677161511, 0.729817934226, 3.48112002141, 1.03194276382, 0.993613391486, 3.23604077458, 6.01318654161, 0.948300708799, 3.420478051, 0.868814004503, 1.09000018675, 1.03291058796, 1.04813243534, 0.953475610812, 6.20921805929, 1.17761978479, 0.990256334098, 217.096247504, 0.920512182867, 3.19679270927, 1.02866326766, 4.55878646622, 1.26722603122, 15.162849437, 6.85780278094, 50.3441537386, 2.68096514745
2.62777333173, 1.12438301113, 0.946308158754, 0.97282578924, 4.1677161511, 0.729817934226, 3.48112002141, 1.03194276382, 0.993613391486, 3.23604077458, 6.01318654161, 0.948300708799, 3.420478051, 0.868814004503, 1.09000018675, 1.03291058796, 1.04813243534, 0.953475610812, 6.20921805929, 1.17761978479, 0.990256334098, 217.096247504, 0.920512182867, 3.19679270927, 1.02866326766, 4.55878646622, 1.26722603122, 15.162849437, 6.85780278094, 50.3441537386, 2.68096514745
2.62777333173, 1.12438301113, 0.946308158754, 0.97282578924, 4.1677161511, 0.729817934226, 3.48112002141, 1.03194276382, 0.993613391486, 3.23604077458, 6.01318654161, 0.948300708799, 3.420478051, 0.868814004503, 1.09000018675, 1.03291058796, 1.04813243534, 0.953475610812, 6.20921805929, 1.17761978479, 0.990256334098, 217.096247504, 0.920512182867, 3.19679270927, 1.02866326766, 4.55878646622, 1.26722603122, 15.162849437, 6.85780278094, 50.3441537386, 2.68096514745
2.62777333173, 1.12438301113, 0.946308158754, 0.97282578924, 4.1677161511, 0.729817934226, 3.48112002141, 1.03194276382, 0.993613391486, 3.23604077458, 6.01318654161, 0.948300708799, 3.420478051, 0.868814004503, 1.09000018675, 1.03291058796, 1.04813243534, 0.953475610812, 6.20921805929, 1.17761978479, 0.990256334098, 217.096247504, 0.920512182867, 3.19679270927, 1.02866326766, 4.55878646622, 1.26722603122, 15.162849437, 6.85780278094, 50.3441537386, 2.68096514745
2.62777333173, 1.12438301113, 0.946308158754, 0.97282578924, 4.1677161511, 0.729817934226, 3.48112002141, 1.03194276382, 0.993613391486, 3.23604077458, 6.01318654161, 0.948300708799, 3.420478051, 0.868814004503, 1.09000018675, 1.03291058796, 1.04813243534, 0.953475610812, 6.20921805929, 1.17761978479, 0.990256334098, 217.096247504, 0.920512182867, 3.19679270927, 1.02866326766, 4.55878646622, 1.26722603122, 15.162849437, 6.85780278094, 50.3441537386, 2.68096514745
2.62777333173, 1.12438301113, 0.946308158754, 0.97282578924, 4.1677161511, 0.729817934226, 3.48112002141, 1.03194276382, 0.993613391486, 3.23604077458, 6.01318654161, 0.948300708799, 3.420478051, 0.868814004503, 1.09000018675, 1.03291058796, 1.04813243534, 0.953475610812, 6.20921805929, 1.17761978479, 0.990256334098, 217.096247504, 0.920512182867, 3.19679270927, 1.02866326766, 4.55878646622, 1.26722603122, 15.162849437, 6.85780278094, 50.3441537386, 2.68096514745
2.62777333173, 1.12438301113, 0.946308158754, 0.97282578924, 4.1677161511, 0.729817934226, 3.48112002141, 1.03194276382, 0.993613391486, 3.23604077458, 6.01318654161, 0.948300708799, 3.420478051, 0.868814004503, 1.09000018675, 1.03291058796, 1.04813243534, 0.953475610812, 6.20921805929, 1.17761978479, 0.990256334098, 217.096247504, 0.920512182867, 3.19679270927, 1.02866326766, 4.55878646622, 1.26722603122, 15.162849437, 6.85780278094, 50.3441537386, 2.68096514745
2.62777333173, 1.12438301113, 0.946308158754, 0.97282578924, 4.1677161511, 0.729817934226, 3.48112002141, 1.03194276382, 0.993613391486, 3.23604077458, 6.01318654161, 0.948300708799, 3.420478051, 0.868814004503, 1.09000018675, 1.03291058796, 1.04813243534, 0.953475610812, 6.20921805929, 1.17761978479, 0.990256334098, 217.096247504, 0.920512182867, 3.19679270927, 1.02866326766, 4.55878646622, 1.26722603122, 15.162849437, 6.85780278094, 50.3441537386, 2.68096514745
2.62777333173, 1.12438301113, 0.946308158754, 0.97282578924, 4.1677161511, 0.729817934226, 3.48112002141, 1.03194276382, 0.993613391486, 3.23604077458, 6.01318654161, 0.948300708799, 3.420478051, 0.868814004503, 1.09000018675, 1.03291058796, 1.04813243534, 0.953475610812, 6.20921805929, 1.17761978479, 0.990256334098, 217.096247504, 0.920512182867, 3.19679270927, 1.02866326766, 4.55878646622, 1.26722603122, 15.162849437, 6.85780278094, 50.3441537386, 2.68096514745
2.62777333173, 1.12438301113, 0.946308158754, 0.97282578924, 4.1677161511, 0.729817934226, 3.48112002141, 1.03194276382, 0.993613391486, 3.23604077458, 6.01318654161, 0.948300708799, 3.420478051, 0.868814004503, 1.09000018675, 1.03291058796, 1.04813243534, 0.953475610812, 6.20921805929, 1.17761978479, 0.990256334098, 217.096247504, 0.920512182867, 3.19679270927, 1.02866326766, 4.55878646622, 1.26722603122, 15.162849437, 6.85780278094, 50.3441537386, 2.68096514745
2.62777333173, 1.12438301113, 0.946308158754, 0.97282578924, 4.1677161511, 0.729817934226, 3.48112002141, 1.03194276382, 0.993613391486, 3.23604077458, 6.01318654161, 0.948300708799, 3.420478051, 0.868814004503, 1.09000018675, 1.03291058796, 1.04813243534, 0.953475610812, 6.20921805929, 1.17761978479, 0.990256334098, 217.096247504, 0.920512182867, 3.19679270927, 1.02866326766, 4.55878646622, 1.26722603122, 15.162849437, 6.85780278094, 50.3441537386, 2.68096514745
2.62777333173, 1.12438301113, 0.946308158754, 0.97282578924, 4.1677161511, 0.729817934226, 3.48112002141, 1.03194276382, 0.993613391486, 3.23604077458, 6.01318654161, 0.948300708799, 3.420478051, 0.868814004503, 1.09000018675, 1.03291058796, 1.04813243534, 0.953475610812, 6.20921805929, 1.17761978479, 0.990256334098, 217.096247504, 0.920512182867, 3.19679270927, 1.02866326766, 4.55878646622, 1.26722603122, 15.162849437, 6.85780278094, 50.3441537386, 2.68096514745
2.62777333173, 1.12438301113, 0.946308158754, 0.97282578924, 4.1677161511, 0.729817934226, 3.48112002141, 1.03194276382, 0.993613391486, 3.23604077458, 6.01318654161, 0.948300708799, 3.420478051, 0.868814004503, 1.09000018675, 1.03291058796, 1.04813243534, 0.953475610812, 6.20921805929, 1.17761978479, 0.990256334098, 217.096247504, 0.920512182867, 3.19679270927, 1.02866326766, 4.55878646622, 1.26722603122, 15.162849437, 6.85780278094, 50.3441537386, 2.68096514745
2.62777333173, 1.12438301113, 0.946308158754, 0.97282578924, 4.1677161511, 0.729817934226, 3.48112002141, 1.03194276382, 0.993613391486, 3.23604077458, 6.01318654161, 0.948300708799, 3.420478051, 0.868814004503, 1.09000018675, 1.03291058796, 1.04813243534, 0.953475610812, 6.20921805929, 1.17761978479, 0.990256334098, 217.096247504, 0.920512182867, 3.19679270927, 1.02866326766, 4.55878646622, 1.26722603122, 15.162849437, 6.85780278094, 50.3441537386, 2.68096514745
2.62777333173, 1.12438301113, 0.946308158754, 0.97282578924, 4.1677161511, 0.729817934226, 3.48112002141, 1.03194276382, 0.993613391486, 3.23604077458, 6.01318654161, 0.948300708799, 3.420478051, 0.868814004503, 1.09000018675, 1.03291058796, 1.04813243534, 0.953475610812, 6.20921805929, 1.17761978479, 0.990256334098, 217.096247504, 0.920512182867, 3.19679270927, 1.02866326766, 4.55878646622, 1.26722603122, 15.162849437, 6.85780278094, 50.3441537386, 2.68096514745
2.62777333173, 1.12438301113, 0.946308158754, 0.97282578924, 4.1677161511, 0.729817934226, 3.48112002141, 1.03194276382, 0.993613391486, 3.23604077458, 6.01318654161, 0.948300708799, 3.420478051, 0.868814004503, 1.09000018675, 1.03291058796, 1.04813243534, 0.953475610812, 6.20921805929, 1.17761978479, 0.990256334098, 217.096247504, 0.920512182867, 3.19679270927, 1.02866326766, 4.55878646622, 1.26722603122, 15.162849437, 6.85780278094, 50.3441537386, 2.68096514745
2.62777333173, 1.12438301113, 0.946308158754, 0.97282578924, 4.1677161511, 0.729817934226, 3.48112002141, 1.03194276382, 0.993613391486, 3.23604077458, 6.01318654161, 0.948300708799, 3.420478051, 0.868814004503, 1.09000018675, 1.03291058796, 1.04813243534, 0.953475610812, 6.20921805929, 1.17761978479, 0.990256334098, 217.096247504, 0.920512182867, 3.19679270927, 1.02866326766, 4.55878646622, 1.26722603122, 15.162849437, 6.85780278094, 50.3441537386, 2.68096514745
2.62777333173, 1.12438301113, 0.946308158754, 0.97282578924, 4.1677161511, 0.729817934226, 3.48112002141, 1.03194276382, 0.993613391486, 3.23604077458, 6.01318654161, 0.948300708799, 3.420478051, 0.868814004503, 1.09000018675, 1.03291058796, 1.04813243534, 0.953475610812, 6.20921805929, 1.17761978479, 0.990256334098, 217.096247504, 0.920512182867, 3.19679270927, 1.02866326766, 4.55878646622, 1.26722603122, 15.162849437, 6.85780278094, 50.3441537386, 2.68096514745
2.62777333173, 1.12438301113, 0.946217086127, 0.97282578924, 4.16751378519, 0.729817934226, 4.93663210212, 1.03194276382, 0.993613391486, 3.23604077458, 6.01318654161, 0.948111750601, 3.420478051, 0.868814004503, 1.09000018675, 1.03291058796, 1.04813243534, 0.953475610812, 6.20921805929, 1.17761978479, 0.990256334098, 217.096247504, 0.920512182867, 3.1361680063, 1.02866326766, 4.55878646622, 1.26722603122, 103.13732305, 15.4787039533, 402.578590295, 3.48525469169
2.62777333173, 1.11422076201, 0.946308158754, 0.97282578924, 4.1677161511, 0.729817934226, 3.48112002141, 1.03194276382, 0.993613391486, 3.23604077458, 6.01318654161, 0.948300708799, 3.420478051, 0.868814004503, 1.09000018675, 1.03291058796, 1.04813243534, 0.953475610812, 6.20921805929, 1.17761978479, 0.990256334098, 217.096247504, 0.920512182867, 3.19679270927, 1.02866326766, 4.09299647782, 1.26722603122, 15.8048927723, 12.1904425468, 55.7877926923, 0.0
2.62777333173, 1.11422076201, 0.946308158754, 0.97282578924, 4.1677161511, 0.729817934226, 3.48112002141, 1.03194276382, 0.993613391486, 3.23604077458, 6.01318654161, 0.948300708799, 3.420478051, 0.868814004503, 1.09000018675, 1.03291058796, 1.04813243534, 0.953475610812, 6.20921805929, 1.17761978479, 0.990256334098, 217.096247504, 0.920512182867, 3.19679270927, 1.02866326766, 4.09299647782, 1.26722603122, 15.8048927723, 12.1904425468, 55.7877926923, 0.0
2.62777333173, 1.11422076201, 0.946308158754, 0.97282578924, 4.1677161511, 0.729817934226, 3.48112002141, 1.03194276382, 0.993613391486, 3.23604077458, 6.01318654161, 0.948300708799, 3.420478051, 0.868814004503, 1.09000018675, 1.03291058796, 1.04813243534, 0.953475610812, 6.20921805929, 1.17761978479, 0.990256334098, 217.096247504, 0.920512182867, 3.19679270927, 1.02866326766, 4.09299647782, 1.26722603122, 15.8048927723, 12.1904425468, 55.7877926923, 0.0
2.62777333173, 1.11422076201, 0.946308158754, 0.97282578924, 4.1677161511, 0.729817934226, 3.48112002141, 1.03194276382, 0.993613391486, 3.23604077458, 6.01318654161, 0.948300708799, 3.420478051, 0.868814004503, 1.09000018675, 1.03291058796, 1.04813243534, 0.953475610812, 6.20921805929, 1.17761978479, 0.990256334098, 217.096247504, 0.920512182867, 3.19679270927, 1.02866326766, 4.09299647782, 1.26722603122, 15.8048927723, 12.1904425468, 55.7877926923, 0.0
2.62777333173, 1.11422076201, 0.946308158754, 0.97282578924, 4.1677161511, 0.729817934226, 3.48112002141, 1.03194276382, 0.993613391486, 3.23604077458, 6.01318654161, 0.948300708799, 3.420478051, 0.868814004503, 1.09000018675, 1.03291058796, 1.04813243534, 0.953475610812, 6.20921805929, 1.17761978479, 0.990256334098, 217.096247504, 0.920512182867, 3.19679270927, 1.02866326766, 4.09299647782, 1.26722603122, 15.8048927723, 12.1904425468, 55.7877926923, 0.0
2.62777333173, 1.11422076201, 0.946308158754, 0.97282578924, 4.1677161511, 0.729817934226, 3.48112002141, 1.03194276382, 0.993613391486, 3.23604077458, 6.01318654161, 0.948300708799, 3.420478051, 0.868814004503, 1.09000018675, 1.03291058796, 1.04813243534, 0.953475610812, 6.20921805929, 1.17761978479, 0.990256334098, 217.096247504, 0.920512182867, 3.19679270927, 1.02866326766, 4.09299647782, 1.26722603122, 15.8048927723, 12.1904425468, 55.7877926923, 0.0
2.62777333173, 1.11422076201, 0.946308158754, 0.97282578924, 4.1677161511, 0.729817934226, 3.48112002141, 1.03194276382, 0.993613391486, 3.23604077458, 6.01318654161, 0.948300708799, 3.420478051, 0.868814004503, 1.09000018675, 1.03291058796, 1.04813243534, 0.953475610812, 6.20921805929, 1.17761978479, 0.990256334098, 217.096247504, 0.920512182867, 3.19679270927, 1.02866326766, 4.09299647782, 1.26722603122, 15.8048927723, 12.1904425468, 55.7877926923, 0.0
2.62777333173, 1.11422076201, 0.946308158754, 0.97282578924, 4.1677161511, 0.729817934226, 3.48112002141, 1.03194276382, 0.993613391486, 3.23604077458, 6.01318654161, 0.948300708799, 3.420478051, 0.868814004503, 1.09000018675, 1.03291058796, 1.04813243534, 0.953475610812, 6.20921805929, 1.17761978479, 0.990256334098, 217.096247504, 0.920512182867, 3.19679270927, 1.02866326766, 4.09299647782, 1.26722603122, 15.8048927723, 12.1904425468, 55.7877926923, 0.0
2.62777333173, 1.11422076201, 0.946308158754, 0.97282578924, 4.1677161511, 0.729817934226, 3.48112002141, 1.03194276382, 0.993613391486, 3.23604077458, 6.01318654161, 0.948300708799, 3.420478051, 0.868814004503, 1.09000018675, 1.03291058796, 1.04813243534, 0.953475610812, 6.20921805929, 1.17761978479, 0.990256334098, 217.096247504, 0.920512182867, 3.19679270927, 1.02866326766, 4.09299647782, 1.26722603122, 15.8048927723, 12.1904425468, 55.7877926923, 0.0
2.62777333173, 1.11422076201, 0.946308158754, 0.97282578924, 4.1677161511, 0.729817934226, 3.48112002141, 1.03194276382, 0.993613391486, 3.23604077458, 6.01318654161, 0.948300708799, 3.420478051, 0.868814004503, 1.09000018675, 1.03291058796, 1.04813243534, 0.953475610812, 6.20921805929, 1.17761978479, 0.990256334098, 217.096247504, 0.920512182867, 3.19679270927, 1.02866326766, 4.09299647782, 1.26722603122, 15.8048927723, 12.1904425468, 55.7877926923, 0.0
2.62777333173, 1.11422076201, 0.946308158754, 0.97282578924, 4.1677161511, 0.729817934226, 3.48112002141, 1.03194276382, 0.993613391486, 3.23604077458, 6.01318654161, 0.948300708799, 3.420478051, 0.868814004503, 1.09000018675, 1.03291058796, 1.04813243534, 0.953475610812, 6.20921805929, 1.17761978479, 0.990256334098, 217.096247504, 0.920512182867, 3.19679270927, 1.02866326766, 4.09299647782, 1.26722603122, 15.8048927723, 12.1904425468, 55.7877926923, 0.0
2.62777333173, 1.11422076201, 0.946308158754, 0.97282578924, 4.1677161511, 0.729817934226, 3.48112002141, 1.03194276382, 0.993613391486, 3.23604077458, 6.01318654161, 0.948300708799, 3.420478051, 0.868814004503, 1.09000018675, 1.03291058796, 1.04813243534, 0.953475610812, 6.20921805929, 1.17761978479, 0.990256334098, 217.096247504, 0.920512182867, 3.19679270927, 1.02866326766, 4.09299647782, 1.26722603122, 15.8048927723, 12.1904425468, 55.7877926923, 0.0
2.62777333173, 1.11422076201, 0.946308158754, 0.97282578924, 4.1677161511, 0.729817934226, 3.48112002141, 1.03194276382, 0.993613391486, 3.23604077458, 6.01318654161, 0.948300708799, 3.420478051, 0.868814004503, 1.09000018675, 1.03291058796, 1.04813243534, 0.953475610812, 6.20921805929, 1.17761978479, 0.990256334098, 217.096247504, 0.920512182867, 3.19679270927, 1.02866326766, 4.09299647782, 1.26722603122, 15.8048927723, 12.1904425468, 55.7877926923, 0.0
2.62777333173, 1.11422076201, 0.946308158754, 0.97282578924, 4.1677161511, 0.729817934226, 3.48112002141, 1.03194276382, 0.993613391486, 3.23604077458, 6.01318654161, 0.948300708799, 3.420478051, 0.868814004503, 1.09000018675, 1.03291058796, 1.04813243534, 0.953475610812, 6.20921805929, 1.17761978479, 0.990256334098, 217.096247504, 0.920512182867, 3.19679270927, 1.02866326766, 4.09299647782, 1.26722603122, 15.8048927723, 12.1904425468, 55.7877926923, 0.0
2.62777333173, 1.11422076201, 0.946308158754, 0.97282578924, 4.1677161511, 0.729817934226, 3.48112002141, 1.03194276382, 0.993613391486, 3.23604077458, 6.01318654161, 0.948300708799, 3.420478051, 0.868814004503, 1.09000018675, 1.03291058796, 1.04813243534, 0.953475610812, 6.20921805929, 1.17761978479, 0.990256334098, 217.096247504, 0.920512182867, 3.19679270927, 1.02866326766, 4.09299647782, 1.26722603122, 15.8048927723, 12.1904425468, 55.7877926923, 0.0
2.62777333173, 1.12438301113, 0.946331362563, 0.97282578924, 4.1677161511, 0.730417816007, 3.48112002141, 1.03196238608, 0.993613391486, 3.23604077458, 6.01318654161, 0.948300708799, 3.40598772067, 0.868814004503, 1.09000018672, 1.03291058796, 1.04813243534, 0.953475610812, 6.20984599356, 1.17761978479, 0.990256334098, 217.096247504, 0.920512182867, 3.13764130746, 1.02866326766, 4.55878646622, 1.20531530013, 52.0074406085, 10.336133301, 394.8284162, 4.55764075067
2.62777333173, 1.12438301113, 0.946331362563, 0.97282578924, 4.1677161511, 0.730417816007, 3.48112002141, 1.03196238608, 0.993613391486, 3.23604077458, 6.01318654161, 0.948300708799, 3.40598772067, 0.868814004503, 1.09000018672, 1.03291058796, 1.04813243534, 0.953475610812, 6.20984599356, 1.17761978479, 0.990256334098, 217.096247504, 0.920512182867, 3.13764130746, 1.02866326766, 4.55878646622, 1.20531530013, 52.0074406085, 10.336133301, 394.8284162, 4.55764075067
