2.0, -1.0, 1.0, 2.0, 2.0, -1.0, -1.0, 2.0, 3.0, 0.0, 0.0, 1.0, 3.0, 0.0, -1.0, 0.0, 1.0, 3.0, -1.0, 2.0, 1.0, -1.0, 0.0, 1.0, 3.0, 0.0, 1.0, 1.0, 3.0, 1.0, 0.0, 0.0, 2.0, 3.0, 2.0, 0.0, 2.0, -1.0, 3.0, 2.0, 0.0, 0.0, 0.0, 2.0, 0.0, -1.0, 2.0, 2.0, 3.0, 1.0, 95832.0, 598.0, 99439.0
-1.0, 2.0, -1.0, -1.0, 0.0, 3.0, -1.0, 0.0, 2.0, 1.0, 2.0, 2.0, 0.0, -1.0, 1.0, -1.0, 1.0, 3.0, 1.0, -1.0, 0.0, 0.0, 3.0, 2.0, 2.0, -1.0, -1.0, 1.0, 2.0, 0.0, 3.0, 1.0, 0.0, 1.0, 3.0, 0.0, 1.0, 0.0, 1.0, 0.0, 0.0, 3.0, 3.0, -1.0, 3.0, -1.0, 0.0, 1.0, 1.0, -1.0, 96157.0, 542.0, 99491.0
-1.0, 2.0, -1.0, -1.0, 0.0, 3.0, -1.0, 0.0, 2.0, 1.0, 2.0, 2.0, 0.0, -1.0, 1.0, -1.0, 1.0, 3.0, 1.0, -1.0, 0.0, 0.0, 3.0, 2.0, 2.0, -1.0, -1.0, 1.0, 2.0, 0.0, 3.0, 1.0, 0.0, 1.0, 3.0, 0.0, 1.0, 0.0, 1.0, 0.0, 0.0, 3.0, 3.0, -1.0, 3.0, -1.0, 0.0, 1.0, 1.0, -1.0, 96157.0, 542.0, 99491.0
-1.0, 0.0, 1.0, 2.0, 2.0, -1.0, -1.0, 2.0, -1.0, 0.0, 0.0, 1.0, 1.0, -1.0, -1.0, -1.0, -1.0, 2.0, 0.0, 2.0, -1.0, 2.0, 2.0, 0.0, 1.0, 2.0, -1.0, 2.0, 1.0, 2.0, 3.0, -1.0, 1.0, 1.0, -1.0, 0.0, -1.0, 0.0, 1.0, 3.0, 1.0, 0.0, 2.0, 1.0, 0.0, -1.0, 2.0, 3.0, 1.0, 2.0, 96186.0, 504.0, 99509.0
2.0, -1.0, 1.0, 2.0, 2.0, -1.0, -1.0, 2.0, 3.0, 0.0, 0.0, 1.0, 3.0, 0.0, -1.0, 0.0, 1.0, 3.0, -1.0, 2.0, 1.0, -1.0, 0.0, 1.0, 3.0, 0.0, 1.0, 1.0, 3.0, 1.0, 0.0, 0.0, 2.0, 3.0, 2.0, 0.0, 2.0, -1.0, 3.0, 2.0, 0.0, 0.0, 0.0, 2.0, 0.0, -1.0, 2.0, 2.0, 3.0, 1.0, 95832.0, 598.0, 99439.0
3.0, -1.0, 0.0, -1.0, -1.0, 1.0, -1.0, 1.0, 1.0, 0.0, 3.0, 2.0, 1.0, 2.0, 0.0, 2.0, 1.0, 2.0, 0.0, 0.0, -1.0, 1.0, 3.0, 0.0, -1.0, 0.0, 2.0, -1.0, 0.0, 0.0, 2.0, 1.0, 2.0, 3.0, 2.0, 2.0, 1.0, 1.0, 1.0, 1.0, 0.0, 2.0, 0.0, 1.0, 0.0, -1.0, 0.0, 2.0, 2.0, -1.0, 95730.0, 591.0, 99442.0
-1.0, 0.0, 1.0, 2.0, 2.0, -1.0, -1.0, 2.0, -1.0, 0.0, 0.0, 1.0, 1.0, -1.0, -1.0, -1.0, -1.0, 2.0, 0.0, 2.0, -1.0, 2.0, 2.0, 0.0, 1.0, 2.0, -1.0, 2.0, 1.0, 2.0, 3.0, -1.0, 1.0, 1.0, -1.0, 0.0, -1.0, 0.0, 1.0, 3.0, 1.0, 0.0, 2.0, 1.0, 0.0, -1.0, 2.0, 3.0, 1.0, 2.0, 96186.0, 504.0, 99509.0
-1.0, 2.0, -1.0, -1.0, 0.0, 3.0, -1.0, 0.0, 2.0, 1.0, 2.0, 2.0, 0.0, -1.0, 1.0, -1.0, 1.0, 3.0, 1.0, -1.0, 0.0, 0.0, 3.0, 2.0, 2.0, -1.0, -1.0, 1.0, 2.0, 0.0, 3.0, 1.0, 0.0, 1.0, 3.0, 0.0, 1.0, 0.0, 1.0, 0.0, 0.0, 3.0, 3.0, -1.0, 3.0, -1.0, 0.0, 1.0, 1.0, -1.0, 96157.0, 542.0, 99491.0
0.0, 1.0, 0.0, 2.0, 1.0, 0.0, 0.0, 2.0, 1.0, -1.0, -1.0, 0.0, 3.0, 0.0, -1.0, 1.0, 1.0, 1.0, 3.0, 0.0, 2.0, 3.0, 3.0, 3.0, 2.0, 2.0, 0.0, 1.0, 3.0, -1.0, 3.0, 3.0, 0.0, 0.0, 0.0, 3.0, -1.0, 2.0, 1.0, 2.0, 1.0, 1.0, 3.0, 2.0, -1.0, 0.0, 2.0, 0.0, 2.0, 1.0, 95679.0, 620.0, 99418.0
0.0, -1.0, 2.0, 0.0, 2.0, 0.0, -1.0, 2.0, 1.0, 0.0, 0.0, -1.0, 1.0, 0.0, 2.0, 1.0, 3.0, 3.0, 1.0, 1.0, 1.0, 1.0, 3.0, 2.0, 0.0, 0.0, 2.0, 2.0, 2.0, 3.0, 2.0, 2.0, 3.0, 0.0, 3.0, -1.0, -1.0, 3.0, 1.0, -1.0, 0.0, 1.0, 1.0, 1.0, 2.0, 2.0, -1.0, 1.0, 0.0, 3.0, 95630.0, 623.0, 99416.0
-1.0, -1.0, 1.0, 3.0, 3.0, 2.0, -1.0, -1.0, 1.0, -1.0, 0.0, 3.0, 3.0, 1.0, -1.0, 0.0, 2.0, 2.0, 2.0, 1.0, 0.0, 1.0, 2.0, -1.0, -1.0, 0.0, 1.0, 0.0, 1.0, 1.0, 3.0, 2.0, 1.0, -1.0, 3.0, 0.0, -1.0, 3.0, 0.0, 1.0, 2.0, -1.0, 0.0, 0.0, 3.0, 0.0, 0.0, 0.0, 1.0, 1.0, 96029.0, 561.0, 99471.0
1.0, 3.0, 0.0, 2.0, 0.0, -1.0, 1.0, -1.0, 0.0, 2.0, -1.0, 1.0, -1.0, 1.0, -1.0, 2.0, 1.0, -1.0, 3.0, -1.0, 3.0, 0.0, 0.0, 0.0, 0.0, 0.0, 3.0, 0.0, 0.0, 0.0, -1.0, -1.0, 3.0, 3.0, 1.0, 1.0, 1.0, 2.0, 1.0, 2.0, 0.0, 1.0, 1.0, 3.0, 2.0, 0.0, 1.0, 0.0, -1.0, 1.0, 95828.0, 560.0, 99474.0
-1.0, 0.0, 1.0, 2.0, 2.0, -1.0, -1.0, 2.0, -1.0, 0.0, 0.0, 1.0, 1.0, -1.0, -1.0, -1.0, -1.0, 2.0, 0.0, 2.0, -1.0, 2.0, 2.0, 0.0, 1.0, 2.0, -1.0, 2.0, 1.0, 2.0, 3.0, -1.0, 1.0, 1.0, -1.0, 0.0, -1.0, 0.0, 1.0, 3.0, 1.0, 0.0, 2.0, 1.0, 0.0, -1.0, 2.0, 3.0, 1.0, 2.0, 96186.0, 504.0, 99509.0
-1.0, 0.0, 1.0, 2.0, 2.0, -1.0, -1.0, 2.0, -1.0, 0.0, 0.0, 1.0, 1.0, -1.0, -1.0, -1.0, -1.0, 2.0, 0.0, 2.0, -1.0, 2.0, 2.0, 0.0, 1.0, 2.0, -1.0, 2.0, 1.0, 2.0, 3.0, -1.0, 1.0, 1.0, -1.0, 0.0, -1.0, 0.0, 1.0, 3.0, 1.0, 0.0, 2.0, 1.0, 0.0, -1.0, 2.0, 3.0, 1.0, 2.0, 96186.0, 504.0, 99509.0
-1.0, 2.0, -1.0, -1.0, 0.0, 3.0, -1.0, 0.0, 2.0, 1.0, 2.0, 2.0, 0.0, -1.0, 1.0, -1.0, 1.0, 3.0, 1.0, -1.0, 0.0, 0.0, 3.0, 2.0, 2.0, -1.0, -1.0, 1.0, 2.0, 0.0, 3.0, 1.0, 0.0, 1.0, 3.0, 0.0, 1.0, 0.0, 1.0, 0.0, 0.0, 3.0, 3.0, -1.0, 3.0, -1.0, 0.0, 1.0, 1.0, -1.0, 96157.0, 542.0, 99491.0
1.0, -1.0, 3.0, 2.0, 1.0, 3.0, -1.0, -1.0, -1.0, 1.0, 0.0, 2.0, 2.0, 0.0, 1.0, 2.0, 2.0, 2.0, 1.0, -1.0, 1.0, 1.0, 0.0, 2.0, 0.0, 1.0, 0.0, -1.0, 0.0, 2.0, 0.0, 0.0, 3.0, 2.0, 0.0, 2.0, 1.0, 3.0, 2.0, 0.0, 0.0, -1.0, 2.0, -1.0, 1.0, 0.0, -1.0, 0.0, 2.0, 0.0, 95603.0, 589.0, 99444.0
0.0, 1.0, 0.0, 1.0, 1.0, 0.0, 0.0, 2.0, 1.0, -1.0, 1.0, 0.0, 3.0, 0.0, -1.0, 1.0, 0.0, 1.0, 3.0, 0.0, 2.0, 3.0, 3.0, 3.0, 2.0, 2.0, 0.0, 1.0, 1.0, -1.0, 3.0, 3.0, 0.0, 0.0, 0.0, 3.0, -1.0, 2.0, 1.0, 2.0, 1.0, 1.0, 3.0, 2.0, -1.0, 0.0, 2.0, 0.0, 2.0, 1.0, 95446.0, 637.0, 99399.0
0.0, -1.0, 2.0, 0.0, 2.0, 0.0, -1.0, 2.0, -1.0, 0.0, 0.0, -1.0, 1.0, 0.0, 2.0, 1.0, 3.0, 3.0, 1.0, 1.0, 1.0, 1.0, 3.0, 2.0, 0.0, 0.0, 2.0, 2.0, 2.0, 3.0, 2.0, 2.0, 1.0, 0.0, 3.0, -1.0, -1.0, 1.0, 1.0, -1.0, 0.0, 1.0, 0.0, 1.0, 2.0, 2.0, -1.0, 1.0, 1.0, 3.0, 95608.0, 604.0, 99428.0
-1.0, 2.0, -1.0, -1.0, 0.0, 3.0, -1.0, 0.0, 2.0, 1.0, 2.0, 2.0, 0.0, -1.0, 1.0, -1.0, 1.0, 3.0, 1.0, -1.0, 0.0, 0.0, 3.0, 2.0, 2.0, -1.0, -1.0, 1.0, 2.0, 0.0, 3.0, 1.0, 0.0, 1.0, 3.0, 0.0, 1.0, 0.0, 1.0, 0.0, 0.0, 3.0, 3.0, -1.0, 3.0, -1.0, 0.0, 1.0, 1.0, -1.0, 96157.0, 542.0, 99491.0
1.0, 0.0, 1.0, 0.0, 1.0, -1.0, -1.0, 0.0, -1.0, 2.0, 1.0, 2.0, 1.0, 0.0, 3.0, 3.0, 3.0, 3.0, 3.0, 0.0, 1.0, 2.0, 2.0, 2.0, 1.0, 1.0, -1.0, 0.0, 2.0, 3.0, 1.0, -1.0, -1.0, 2.0, 2.0, 2.0, 3.0, 0.0, 3.0, 1.0, -1.0, 3.0, 0.0, 0.0, 0.0, 2.0, 1.0, 1.0, 0.0, 2.0, 95864.0, 599.0, 99432.0
-1.0, 0.0, 1.0, 2.0, 2.0, -1.0, -1.0, 2.0, -1.0, 0.0, 0.0, 1.0, 1.0, -1.0, -1.0, -1.0, -1.0, 2.0, 0.0, 2.0, -1.0, 2.0, 2.0, 0.0, 1.0, 2.0, -1.0, 2.0, 1.0, 2.0, 3.0, -1.0, 1.0, 1.0, -1.0, 0.0, -1.0, 0.0, 1.0, 3.0, 1.0, 0.0, 2.0, 1.0, 0.0, -1.0, 2.0, 3.0, 1.0, 2.0, 96186.0, 504.0, 99509.0
2.0, -1.0, 1.0, 2.0, 2.0, -1.0, -1.0, 2.0, 3.0, 0.0, 0.0, 1.0, 3.0, 0.0, -1.0, 0.0, 1.0, 3.0, -1.0, 2.0, 1.0, -1.0, 0.0, 1.0, 3.0, 0.0, 1.0, 1.0, 3.0, 1.0, 0.0, 0.0, 2.0, 3.0, 2.0, 0.0, 2.0, -1.0, 3.0, 2.0, 0.0, 0.0, 0.0, 2.0, 0.0, -1.0, 2.0, 2.0, 3.0, 1.0, 95832.0, 598.0, 99439.0
3.0, -1.0, 0.0, -1.0, -1.0, 1.0, -1.0, 1.0, 1.0, 0.0, 3.0, 2.0, 1.0, 2.0, 0.0, 2.0, 1.0, 2.0, 0.0, 0.0, -1.0, 1.0, 3.0, 0.0, -1.0, 0.0, 2.0, -1.0, 0.0, 0.0, 2.0, 1.0, 2.0, 3.0, 2.0, 2.0, 1.0, 1.0, 1.0, 1.0, 0.0, 2.0, 0.0, 1.0, 0.0, -1.0, 0.0, 2.0, 2.0, -1.0, 95730.0, 591.0, 99442.0
-1.0, 0.0, 1.0, 2.0, 2.0, -1.0, -1.0, 2.0, -1.0, 0.0, 0.0, 1.0, 1.0, -1.0, -1.0, -1.0, -1.0, 2.0, 0.0, 2.0, -1.0, 2.0, 2.0, 0.0, 1.0, 2.0, -1.0, 2.0, 1.0, 2.0, 3.0, -1.0, 1.0, 1.0, -1.0, 0.0, -1.0, 0.0, 1.0, 3.0, 1.0, 0.0, 2.0, 1.0, 0.0, -1.0, 2.0, 3.0, 1.0, 2.0, 96186.0, 504.0, 99509.0
-1.0, 2.0, -1.0, -1.0, 0.0, 3.0, -1.0, 0.0, 2.0, 1.0, 2.0, 2.0, 0.0, -1.0, 1.0, -1.0, 1.0, 3.0, 1.0, -1.0, 0.0, 0.0, 3.0, 2.0, 2.0, -1.0, -1.0, 1.0, 2.0, 0.0, 3.0, 1.0, 0.0, 1.0, 3.0, 0.0, 1.0, 0.0, 1.0, 0.0, 0.0, 3.0, 3.0, -1.0, 3.0, -1.0, 0.0, 1.0, 1.0, -1.0, 96157.0, 542.0, 99491.0
0.0, 1.0, 0.0, 2.0, 1.0, 0.0, 0.0, 2.0, 1.0, -1.0, -1.0, 0.0, 3.0, 0.0, -1.0, 1.0, 1.0, 1.0, 3.0, 0.0, 2.0, 3.0, 3.0, 3.0, 2.0, 2.0, 0.0, 1.0, 3.0, -1.0, 3.0, 3.0, 0.0, 0.0, 0.0, 3.0, -1.0, 2.0, 1.0, 2.0, 1.0, 1.0, 3.0, 2.0, -1.0, 0.0, 2.0, 0.0, 2.0, 1.0, 95679.0, 620.0, 99418.0
0.0, 0.0, 1.0, 2.0, 2.0, 0.0, -1.0, 0.0, 3.0, 1.0, 2.0, 1.0, 0.0, 1.0, -1.0, 2.0, 1.0, 0.0, 0.0, 2.0, 1.0, 3.0, 0.0, 2.0, 1.0, -1.0, 1.0, 0.0, 3.0, -1.0, -1.0, -1.0, 2.0, 0.0, 1.0, 2.0, 1.0, 0.0, 1.0, 2.0, 2.0, 2.0, 2.0, 3.0, 1.0, 0.0, 1.0, 3.0, 0.0, 2.0, 95449.0, 626.0, 99400.0
-1.0, -1.0, 1.0, 3.0, 3.0, 2.0, -1.0, -1.0, 1.0, -1.0, 0.0, 3.0, 3.0, 1.0, -1.0, 0.0, 2.0, 2.0, 2.0, 1.0, 0.0, 1.0, 2.0, -1.0, -1.0, 0.0, 1.0, 0.0, 1.0, 1.0, 3.0, 2.0, 1.0, -1.0, 3.0, 0.0, -1.0, 3.0, 0.0, 1.0, 2.0, -1.0, 0.0, 0.0, 3.0, 0.0, 0.0, 0.0, 1.0, 1.0, 96029.0, 561.0, 99471.0
3.0, -1.0, 0.0, 2.0, 2.0, -1.0, -1.0, 0.0, 1.0, 1.0, 2.0, 3.0, 2.0, -1.0, -1.0, -1.0, -1.0, 0.0, 1.0, 2.0, 0.0, 2.0, 1.0, 2.0, 2.0, 1.0, -1.0, 0.0, 2.0, 1.0, 0.0, 1.0, 3.0, 3.0, 1.0, 1.0, -1.0, 2.0, 1.0, 3.0, 2.0, 0.0, 0.0, 0.0, -1.0, 1.0, 0.0, -1.0, 1.0, 1.0, 96214.0, 544.0, 99489.0
1.0, 3.0, 0.0, 2.0, 0.0, -1.0, 1.0, -1.0, 0.0, 2.0, -1.0, 1.0, -1.0, 1.0, -1.0, 2.0, 1.0, -1.0, 3.0, -1.0, 3.0, 0.0, 0.0, 0.0, 0.0, 0.0, 3.0, 0.0, 0.0, 0.0, -1.0, -1.0, 3.0, 3.0, 1.0, 1.0, 1.0, 2.0, 1.0, 2.0, 0.0, 1.0, 1.0, 3.0, 2.0, 0.0, 1.0, 0.0, -1.0, 1.0, 95828.0, 560.0, 99474.0
2.0, -1.0, 1.0, 2.0, 2.0, -1.0, -1.0, 2.0, 3.0, 0.0, 0.0, 1.0, 3.0, 0.0, -1.0, 0.0, 1.0, -1.0, -1.0, 2.0, 1.0, -1.0, 0.0, 1.0, 3.0, 0.0, 1.0, 1.0, 3.0, 1.0, 0.0, 0.0, 2.0, 3.0, 2.0, 0.0, 2.0, -1.0, 3.0, 2.0, 0.0, 0.0, 0.0, 2.0, 0.0, -1.0, 2.0, 2.0, 3.0, 1.0, 95877.0, 585.0, 99452.0
1.0, 1.0, 0.0, 2.0, 0.0, -1.0, 1.0, -1.0, 0.0, 2.0, -1.0, 1.0, -1.0, 1.0, -1.0, 2.0, 1.0, 3.0, 3.0, -1.0, 3.0, 0.0, 0.0, 0.0, 0.0, 0.0, 3.0, 0.0, 0.0, 0.0, -1.0, -1.0, 3.0, 3.0, 1.0, 1.0, 1.0, 2.0, 1.0, -1.0, 0.0, 1.0, 1.0, 3.0, 2.0, 0.0, 1.0, 3.0, -1.0, 1.0, 95935.0, 563.0, 99471.0
-1.0, 2.0, -1.0, -1.0, 0.0, 3.0, -1.0, 0.0, 2.0, 1.0, 2.0, 2.0, 0.0, -1.0, 1.0, -1.0, 1.0, 3.0, 1.0, -1.0, 0.0, 0.0, 3.0, 2.0, 2.0, -1.0, -1.0, 1.0, 2.0, 0.0, 3.0, 1.0, 0.0, 1.0, 3.0, 0.0, 1.0, 0.0, 1.0, 0.0, 0.0, 3.0, 3.0, -1.0, 3.0, -1.0, 0.0, 1.0, 1.0, -1.0, 96157.0, 542.0, 99491.0
2.0, -1.0, 0.0, 1.0, 0.0, -1.0, 2.0, 3.0, 0.0, -1.0, 0.0, 2.0, 1.0, 2.0, 1.0, 1.0, 0.0, 3.0, 3.0, -1.0, 2.0, 0.0, 2.0, 0.0, 1.0, 2.0, -1.0, 1.0, 1.0, 3.0, 0.0, 2.0, 2.0, 2.0, 2.0, 0.0, -1.0, 1.0, 1.0, 0.0, 2.0, 1.0, 1.0, 2.0, 0.0, 3.0, 0.0, 0.0, 1.0, 2.0, 95475.0, 616.0, 99420.0
-1.0, 2.0, -1.0, -1.0, 0.0, 3.0, -1.0, 0.0, 2.0, 1.0, 2.0, 2.0, 0.0, -1.0, 1.0, -1.0, 1.0, 3.0, 1.0, -1.0, 0.0, 0.0, 3.0, 2.0, 2.0, -1.0, -1.0, 1.0, 2.0, 0.0, 3.0, 1.0, 0.0, 1.0, 3.0, 0.0, 1.0, 0.0, 1.0, 0.0, 0.0, 3.0, 3.0, -1.0, 3.0, -1.0, 0.0, 1.0, 1.0, -1.0, 96157.0, 542.0, 99491.0
-1.0, 0.0, 1.0, 2.0, 2.0, -1.0, -1.0, 2.0, -1.0, 0.0, 0.0, 1.0, 1.0, -1.0, -1.0, -1.0, -1.0, 2.0, 0.0, 2.0, -1.0, 2.0, 2.0, 0.0, 1.0, 2.0, -1.0, 2.0, 1.0, 2.0, 3.0, -1.0, 1.0, 1.0, -1.0, 0.0, -1.0, 0.0, 1.0, 3.0, 1.0, 0.0, 2.0, 1.0, 0.0, -1.0, 2.0, 3.0, 1.0, 2.0, 96186.0, 504.0, 99509.0
2.0, -1.0, 1.0, 2.0, 2.0, -1.0, -1.0, 2.0, 3.0, 0.0, 0.0, 1.0, 3.0, 0.0, -1.0, 0.0, 1.0, 3.0, -1.0, 2.0, 1.0, -1.0, 0.0, 1.0, 3.0, 0.0, 1.0, 1.0, 3.0, 1.0, 0.0, 0.0, 2.0, 3.0, 2.0, 0.0, 2.0, -1.0, 3.0, 2.0, 0.0, 0.0, 0.0, 2.0, 0.0, -1.0, 2.0, 2.0, 3.0, 1.0, 95832.0, 598.0, 99439.0
1.0, 0.0, 1.0, 0.0, 1.0, -1.0, -1.0, 0.0, -1.0, 2.0, 1.0, 2.0, 1.0, 0.0, 3.0, 3.0, 3.0, 3.0, 3.0, 0.0, 1.0, 1.0, 2.0, 2.0, 1.0, 0.0, -1.0, 0.0, 2.0, 3.0, 1.0, 0.0, -1.0, 2.0, 2.0, 2.0, 3.0, 0.0, 3.0, 1.0, -1.0, 3.0, 0.0, 0.0, 0.0, 2.0, 1.0, 1.0, 0.0, 2.0, 95692.0, 618.0, 99419.0
3.0, -1.0, 0.0, -1.0, -1.0, 1.0, -1.0, 1.0, 1.0, 0.0, 3.0, 2.0, 1.0, 2.0, 0.0, 2.0, 1.0, 2.0, 0.0, 0.0, -1.0, 1.0, 3.0, 0.0, -1.0, 0.0, 2.0, -1.0, 0.0, 0.0, 2.0, 1.0, 2.0, 3.0, 2.0, 2.0, 1.0, 1.0, 1.0, 1.0, 0.0, 2.0, 0.0, 1.0, 0.0, -1.0, 0.0, 2.0, 2.0, -1.0, 95730.0, 591.0, 99442.0
-1.0, 0.0, 1.0, 2.0, 2.0, -1.0, -1.0, 2.0, -1.0, 0.0, 0.0, 1.0, 1.0, -1.0, -1.0, -1.0, -1.0, 2.0, 0.0, 2.0, -1.0, 2.0, 2.0, 0.0, 1.0, 2.0, -1.0, 2.0, 1.0, 2.0, 3.0, -1.0, 1.0, 1.0, -1.0, 0.0, -1.0, 0.0, 1.0, 3.0, 1.0, 0.0, 2.0, 1.0, 0.0, -1.0, 2.0, 3.0, 1.0, 2.0, 96186.0, 504.0, 99509.0
-1.0, 2.0, -1.0, -1.0, 0.0, 3.0, -1.0, 0.0, 2.0, 1.0, 2.0, 2.0, 0.0, -1.0, 1.0, -1.0, 1.0, 3.0, 1.0, -1.0, 0.0, 0.0, 3.0, 2.0, 2.0, -1.0, -1.0, 1.0, 2.0, 0.0, 3.0, 1.0, 0.0, 1.0, 3.0, 0.0, 1.0, -1.0, 1.0, 0.0, 0.0, 3.0, 3.0, -1.0, 3.0, -1.0, 0.0, 1.0, 1.0, -1.0, 96285.0, 530.0, 99502.0
0.0, 0.0, 1.0, 2.0, 2.0, 0.0, 3.0, 0.0, 3.0, 1.0, 2.0, 1.0, 0.0, 1.0, -1.0, 2.0, 1.0, 0.0, 0.0, 2.0, 1.0, 3.0, 0.0, 2.0, 1.0, -1.0, 1.0, 0.0, 3.0, -1.0, -1.0, -1.0, 2.0, 0.0, 1.0, 2.0, 1.0, 0.0, 1.0, 2.0, 2.0, 2.0, 2.0, 3.0, 1.0, 0.0, -1.0, 1.0, 0.0, 2.0, 95393.0, 628.0, 99404.0
-1.0, -1.0, 1.0, 3.0, 3.0, 2.0, -1.0, -1.0, 1.0, -1.0, 0.0, 3.0, 3.0, 1.0, -1.0, 0.0, 2.0, 2.0, 2.0, 1.0, 0.0, 1.0, 2.0, -1.0, -1.0, 0.0, 1.0, 0.0, 1.0, 1.0, 3.0, 2.0, 1.0, -1.0, 3.0, 0.0, -1.0, 3.0, 0.0, 1.0, 2.0, -1.0, 0.0, 0.0, 3.0, 0.0, 0.0, 0.0, 1.0, 1.0, 96029.0, 561.0, 99471.0
3.0, -1.0, 0.0, 2.0, 2.0, -1.0, -1.0, 0.0, 1.0, 0.0, 2.0, 3.0, 2.0, -1.0, -1.0, -1.0, -1.0, 0.0, 1.0, 2.0, 1.0, 2.0, 1.0, 2.0, 2.0, 1.0, -1.0, 0.0, 2.0, 1.0, 0.0, 1.0, 3.0, 3.0, 1.0, 1.0, -1.0, 2.0, 1.0, 3.0, 2.0, 0.0, 0.0, 0.0, 2.0, 1.0, 0.0, -1.0, 1.0, 1.0, 96109.0, 560.0, 99472.0
1.0, 3.0, 0.0, 2.0, 0.0, -1.0, 1.0, -1.0, 0.0, 2.0, -1.0, 1.0, -1.0, 1.0, -1.0, 2.0, 1.0, -1.0, 3.0, -1.0, 3.0, 0.0, 0.0, 0.0, 0.0, 0.0, 3.0, 0.0, 0.0, 0.0, -1.0, -1.0, 3.0, 3.0, 1.0, 1.0, 1.0, 2.0, 1.0, 2.0, 0.0, 1.0, 1.0, 3.0, 2.0, 0.0, 1.0, 0.0, -1.0, 1.0, 95828.0, 560.0, 99474.0
0.0, 1.0, 0.0, 0.0, 2.0, 1.0, 2.0, 0.0, 0.0, 1.0, 3.0, -1.0, 1.0, 2.0, -1.0, 0.0, 2.0, 1.0, 1.0, 3.0, 1.0, 1.0, 3.0, -1.0, 0.0, 2.0, 0.0, 2.0, 2.0, 1.0, 3.0, 0.0, 2.0, 1.0, 1.0, 2.0, -1.0, -1.0, 0.0, 1.0, 3.0, 1.0, 0.0, -1.0, 2.0, 2.0, -1.0, 0.0, 2.0, 0.0, 95531.0, 615.0, 99420.0
-1.0, 0.0, 1.0, 2.0, 2.0, -1.0, -1.0, 2.0, -1.0, 0.0, 0.0, 1.0, 1.0, -1.0, -1.0, -1.0, -1.0, 2.0, 0.0, 2.0, -1.0, 2.0, 2.0, 0.0, 1.0, 2.0, -1.0, 2.0, 1.0, 2.0, 3.0, -1.0, 1.0, 1.0, -1.0, 0.0, -1.0, 0.0, 1.0, 3.0, 1.0, 0.0, 2.0, 1.0, 0.0, -1.0, 2.0, 3.0, 1.0, 2.0, 96186.0, 504.0, 99509.0
3.0, 3.0, 2.0, 1.0, 0.0, -1.0, 3.0, 1.0, 0.0, 1.0, 0.0, 3.0, 0.0, 0.0, 2.0, 3.0, 2.0, 0.0, 0.0, -1.0, 3.0, 0.0, 3.0, 2.0, 1.0, 3.0, 2.0, 0.0, 2.0, 0.0, 2.0, 3.0, 2.0, 0.0, 3.0, 2.0, 1.0, 1.0, 1.0, 1.0, 1.0, 2.0, 1.0, 1.0, 2.0, 3.0, 0.0, 0.0, 3.0, 1.0, 95271.0, 684.0, 99367.0
-1.0, 0.0, 1.0, 2.0, 2.0, -1.0, -1.0, 2.0, -1.0, 0.0, 0.0, 1.0, 1.0, -1.0, -1.0, -1.0, -1.0, 2.0, 0.0, 2.0, -1.0, 2.0, 2.0, 0.0, 1.0, 2.0, -1.0, 2.0, 1.0, 2.0, 3.0, -1.0, 1.0, 1.0, -1.0, 0.0, -1.0, 0.0, 1.0, 3.0, 1.0, 0.0, 2.0, 1.0, 0.0, -1.0, 2.0, 3.0, 1.0, 2.0, 96186.0, 504.0, 99509.0
-1.0, 2.0, -1.0, -1.0, 0.0, 3.0, -1.0, 0.0, 2.0, 2.0, 2.0, 2.0, 0.0, -1.0, 1.0, -1.0, 1.0, 3.0, 1.0, -1.0, 0.0, 0.0, 3.0, 2.0, 2.0, -1.0, -1.0, 1.0, 2.0, 0.0, 3.0, 1.0, 0.0, 1.0, 3.0, 0.0, 1.0, 0.0, 1.0, -1.0, 0.0, 3.0, 3.0, -1.0, 3.0, -1.0, 0.0, 1.0, 1.0, -1.0, 96296.0, 532.0, 99501.0
1.0, -1.0, 3.0, 2.0, 1.0, 3.0, -1.0, -1.0, -1.0, 1.0, 0.0, 2.0, 2.0, 0.0, 1.0, 2.0, 2.0, 2.0, 1.0, -1.0, 1.0, 1.0, 0.0, 2.0, 0.0, 1.0, 0.0, -1.0, 0.0, 2.0, 0.0, 0.0, 3.0, 2.0, 0.0, 2.0, 1.0, 3.0, 2.0, 0.0, 0.0, -1.0, 2.0, -1.0, 1.0, 0.0, -1.0, 0.0, 2.0, 0.0, 95603.0, 589.0, 99444.0
0.0, 1.0, 0.0, 1.0, 1.0, 0.0, 0.0, 2.0, 1.0, -1.0, 1.0, 0.0, 3.0, 0.0, -1.0, 1.0, 0.0, 1.0, 3.0, 0.0, 2.0, 3.0, 3.0, 3.0, 2.0, 2.0, 0.0, 1.0, 1.0, -1.0, 3.0, 3.0, 0.0, 0.0, 0.0, 3.0, -1.0, 2.0, 1.0, 2.0, 1.0, 1.0, 3.0, 2.0, -1.0, 0.0, 2.0, 0.0, 2.0, 1.0, 95446.0, 637.0, 99399.0
0.0, -1.0, 2.0, 0.0, 2.0, 0.0, -1.0, 2.0, -1.0, 0.0, 0.0, -1.0, 1.0, 0.0, 2.0, 1.0, 3.0, 3.0, 1.0, 1.0, 1.0, 1.0, 3.0, 2.0, 0.0, 0.0, 2.0, 2.0, 2.0, 3.0, 2.0, 2.0, 1.0, 0.0, 3.0, -1.0, -1.0, 1.0, 1.0, -1.0, 0.0, 1.0, 0.0, 1.0, 2.0, 2.0, -1.0, 1.0, 1.0, 3.0, 95608.0, 604.0, 99428.0
1.0, 0.0, 1.0, 0.0, 1.0, -1.0, -1.0, 0.0, -1.0, 2.0, 1.0, 2.0, 1.0, 0.0, 3.0, 3.0, 3.0, 3.0, 3.0, 0.0, 1.0, 2.0, 2.0, 2.0, 1.0, 1.0, -1.0, 0.0, 2.0, 3.0, 1.0, -1.0, -1.0, 2.0, 2.0, 2.0, 3.0, 0.0, 3.0, 1.0, -1.0, 3.0, 0.0, 0.0, 0.0, 2.0, 1.0, 1.0, 0.0, 2.0, 95864.0, 599.0, 99432.0
-1.0, 0.0, 1.0, 2.0, 2.0, -1.0, -1.0, 2.0, -1.0, 0.0, 0.0, 1.0, 1.0, -1.0, -1.0, -1.0, -1.0, 2.0, 0.0, 2.0, -1.0, 2.0, 2.0, 0.0, 1.0, 2.0, -1.0, 2.0, 1.0, 2.0, 3.0, -1.0, 1.0, 1.0, -1.0, 0.0, -1.0, 0.0, 1.0, 3.0, 1.0, 0.0, 2.0, 1.0, 0.0, -1.0, 2.0, 3.0, 1.0, 2.0, 96186.0, 504.0, 99509.0
2.0, -1.0, 1.0, 2.0, 2.0, -1.0, -1.0, 2.0, 3.0, 0.0, 0.0, 1.0, 3.0, 0.0, -1.0, 0.0, 1.0, 3.0, -1.0, 2.0, 1.0, -1.0, 0.0, 1.0, 3.0, 0.0, 1.0, 1.0, 3.0, 1.0, 0.0, 0.0, 2.0, 3.0, 2.0, 0.0, 2.0, -1.0, 3.0, 2.0, 0.0, 0.0, 0.0, 2.0, 0.0, -1.0, 2.0, 2.0, 3.0, 1.0, 95832.0, 598.0, 99439.0
3.0, -1.0, 0.0, -1.0, -1.0, 1.0, -1.0, 1.0, 1.0, 0.0, 2.0, 2.0, 1.0, 2.0, 0.0, 2.0, 1.0, 2.0, 0.0, 0.0, 1.0, 1.0, 3.0, 0.0, -1.0, 0.0, 2.0, -1.0, 0.0, 0.0, 2.0, 1.0, 2.0, 3.0, 2.0, 2.0, 1.0, 1.0, 1.0, 2.0, 0.0, 2.0, 0.0, 1.0, 0.0, -1.0, 0.0, 2.0, 2.0, -1.0, 95692.0, 602.0, 99436.0
0.0, 0.0, 1.0, 2.0, 2.0, 0.0, 3.0, 0.0, 3.0, 1.0, 3.0, 1.0, 0.0, 1.0, -1.0, 2.0, 1.0, 0.0, 0.0, 2.0, -1.0, 3.0, 0.0, 2.0, 1.0, -1.0, 1.0, 0.0, 3.0, -1.0, -1.0, -1.0, 2.0, 0.0, 1.0, 2.0, 1.0, 0.0, 1.0, 1.0, 2.0, 2.0, 2.0, 3.0, 1.0, 0.0, 1.0, 3.0, 0.0, 2.0, 95470.0, 628.0, 99399.0
-1.0, 0.0, 1.0, 2.0, 2.0, -1.0, -1.0, 2.0, -1.0, 0.0, 0.0, 1.0, 1.0, -1.0, -1.0, -1.0, -1.0, 2.0, 0.0, 2.0, -1.0, 2.0, 2.0, 0.0, 1.0, 2.0, -1.0, 2.0, 1.0, 2.0, 3.0, -1.0, 1.0, 1.0, -1.0, 0.0, -1.0, 0.0, 1.0, 3.0, 1.0, 0.0, 2.0, 1.0, 0.0, -1.0, 2.0, 3.0, 1.0, 2.0, 96186.0, 504.0, 99509.0
-1.0, 2.0, -1.0, -1.0, 0.0, 3.0, -1.0, 0.0, 2.0, 1.0, 2.0, 2.0, 0.0, -1.0, 1.0, -1.0, 1.0, 3.0, 1.0, -1.0, 0.0, 0.0, 3.0, 2.0, 2.0, -1.0, -1.0, 1.0, 2.0, 0.0, 3.0, 1.0, 0.0, 1.0, 3.0, 0.0, 1.0, 0.0, 1.0, 0.0, 0.0, 3.0, 3.0, -1.0, 3.0, -1.0, 0.0, 1.0, 1.0, -1.0, 96157.0, 542.0, 99491.0
3.0, 3.0, 2.0, 0.0, 1.0, 1.0, 1.0, 0.0, 1.0, 2.0, 2.0, 2.0, 0.0, 2.0, -1.0, 1.0, 1.0, 3.0, 2.0, -1.0, 2.0, 0.0, 1.0, 2.0, 1.0, 3.0, 3.0, -1.0, 1.0, 3.0, -1.0, 3.0, 3.0, 1.0, 1.0, 2.0, 0.0, 3.0, 2.0, 2.0, 0.0, 2.0, 2.0, 1.0, 0.0, 0.0, 0.0, 3.0, 1.0, 0.0, 95713.0, 655.0, 99388.0
0.0, 0.0, 1.0, 2.0, 2.0, 0.0, -1.0, 0.0, 3.0, 1.0, 2.0, 1.0, 0.0, 1.0, -1.0, 2.0, 1.0, 0.0, 0.0, 2.0, 1.0, 3.0, 0.0, 2.0, 1.0, -1.0, 1.0, 0.0, 3.0, -1.0, -1.0, -1.0, 2.0, 0.0, 1.0, 2.0, 1.0, 0.0, 1.0, 2.0, 2.0, 2.0, 2.0, 3.0, 1.0, 0.0, 1.0, 3.0, 0.0, 2.0, 95449.0, 626.0, 99400.0
3.0, 3.0, 2.0, 1.0, -1.0, -1.0, 3.0, 1.0, 0.0, 1.0, 0.0, 3.0, 0.0, 0.0, 2.0, 3.0, 2.0, 0.0, 0.0, 2.0, 3.0, 1.0, 3.0, 2.0, 1.0, 3.0, 2.0, 0.0, 2.0, 0.0, 2.0, 3.0, 2.0, 0.0, 3.0, 2.0, 1.0, 1.0, 1.0, 1.0, 1.0, 2.0, 1.0, 1.0, 2.0, 3.0, 0.0, 0.0, 1.0, 1.0, 95366.0, 681.0, 99371.0
-1.0, -1.0, 1.0, 3.0, 3.0, 2.0, -1.0, -1.0, 1.0, -1.0, 0.0, 3.0, 3.0, 1.0, -1.0, 0.0, 2.0, 2.0, 2.0, 1.0, 0.0, 1.0, 2.0, -1.0, -1.0, 0.0, 1.0, 0.0, 1.0, 1.0, 3.0, 2.0, 1.0, -1.0, 3.0, 0.0, -1.0, 3.0, 0.0, 1.0, 2.0, -1.0, 0.0, 0.0, 3.0, 0.0, 0.0, 0.0, 1.0, 1.0, 96029.0, 561.0, 99471.0
3.0, -1.0, 0.0, 2.0, 2.0, -1.0, -1.0, 0.0, 1.0, 1.0, 2.0, 3.0, 2.0, -1.0, -1.0, -1.0, -1.0, 0.0, 1.0, 2.0, 0.0, 2.0, 1.0, 2.0, 2.0, 1.0, -1.0, 0.0, 2.0, 1.0, 0.0, 1.0, 3.0, 3.0, 1.0, 1.0, -1.0, 2.0, 1.0, 3.0, 2.0, 0.0, 0.0, 0.0, -1.0, 1.0, 0.0, -1.0, 1.0, 1.0, 96214.0, 544.0, 99489.0
2.0, -1.0, 1.0, 2.0, 2.0, -1.0, -1.0, 2.0, 3.0, -1.0, 0.0, 1.0, 3.0, 0.0, -1.0, 0.0, 1.0, 3.0, -1.0, 2.0, 1.0, 3.0, 0.0, 0.0, 3.0, 0.0, 1.0, 1.0, 3.0, 1.0, 0.0, 0.0, 2.0, 3.0, 2.0, 0.0, 2.0, -1.0, 3.0, 2.0, 0.0, 0.0, 0.0, 2.0, 0.0, -1.0, 2.0, 2.0, 3.0, 1.0, 95862.0, 595.0, 99435.0
3.0, 2.0, 0.0, 0.0, -1.0, 3.0, 0.0, -1.0, 3.0, -1.0, 2.0, 2.0, 1.0, 2.0, -1.0, 0.0, 2.0, 3.0, 0.0, 0.0, 1.0, 1.0, 0.0, -1.0, 3.0, 1.0, 2.0, 2.0, 1.0, 3.0, 0.0, 2.0, 1.0, 1.0, 3.0, 0.0, 1.0, 1.0, -1.0, 1.0, 0.0, 0.0, 1.0, 0.0, 2.0, 2.0, 0.0, 2.0, 0.0, -1.0, 95706.0, 602.0, 99433.0
2.0, 0.0, 1.0, 2.0, 1.0, 1.0, -1.0, 1.0, 0.0, 1.0, 2.0, 1.0, 2.0, 2.0, 0.0, 3.0, 1.0, 0.0, -1.0, 2.0, 2.0, 3.0, 3.0, 1.0, -1.0, 3.0, 2.0, -1.0, 1.0, 3.0, 2.0, 0.0, 0.0, 2.0, 2.0, 3.0, -1.0, 0.0, 2.0, 2.0, 1.0, 0.0, 2.0, -1.0, 0.0, 0.0, 0.0, 0.0, 1.0, -1.0, 95813.0, 608.0, 99427.0
