0.199765507482, 0.942826709114, 2.38582445433, 0.621113759685, 82.4463374437, 4.66900293433, 0.0952941041081, 0.842246814473, 12.7076559788, 58.0711942113, 0.0669417089559, 0.0
0.199765507482, 0.942826709114, 2.38582445433, 0.741935937537, 82.4463374437, 7.37086633497, 0.0952941041081, 0.109058801822, 12.7076559788, 68.5109594627, 0.0, 0.0
0.139226931307, 0.94073306657, 4.08074815175, 0.90478734836, 92.3488022795, 6.45363277174, 0.664629267491, 2.69212958428, 16.8852834415, 0.0, 1.0, 0.0
0.199765507482, 0.942826709114, 2.38582445433, 0.741935937537, 82.4463374437, 4.66900293433, 0.0952941041081, 0.109058801822, 12.7076559788, 113.858689774, 0.0308482295266, 0.384615384615
0.102962071519, 0.844386677275, 2.16867353314, 0.621113759685, 87.0087149735, 6.95042918526, 0.336510031821, 0.934166943726, 12.6670362838, 115.492916093, 0.0289185500403, 0.0
0.149432107872, 0.84371684088, 5.66138982896, 0.939559570206, 87.8957443371, 3.26915792386, 0.917899791698, 2.34535595184, 17.8391506823, 223.931176253, 0.00632909171789, 0.0
0.138878546889, 0.855791217361, 4.99221556284, 0.937763570679, 87.4748269866, 2.21776835987, 0.143422482806, 4.18347312602, 17.2369340353, 285.097461338, 0.002326730504, 0.0
0.149432107872, 0.84371684088, 5.66138982896, 0.939559570206, 87.8957443371, 3.26915792386, 0.917899791698, 2.34535595184, 18.442114032, 295.63476217, 0.0, 0.0
0.141637330267, 0.893648811282, 2.23599513785, 0.796935321618, 82.8375295748, 1.22086763054, 0.262861506295, 4.18347312602, 18.4757333339, 151.09620506, 0.00997493146953, 0.0
0.102962071519, 0.844386677275, 2.16867353314, 0.933120761312, 80.1002408016, 6.95042918526, 0.3523567326, 0.934166943726, 12.7076559788, 69.2576220494, 0.0590307353576, 0.333333333333
0.138878546889, 0.835849751719, 4.99221556284, 0.937763570679, 96.8902453233, 2.13031426302, 0.143422482806, 0.842246814473, 17.2369340353, 237.881975594, 0.00391125545469, 0.0
0.114730435686, 0.990755052807, 2.25646196348, 0.752602890572, 99.9240552659, 2.41524086192, 0.588640747332, 4.71891677529, 14.6490627909, 118.499110641, 0.0121170939468, 0.0
0.168342210394, 0.835849751719, 2.83545212008, 0.826360198329, 94.2973660615, 9.54442427221, 0.0253245614147, 2.73649257053, 15.6673195704, 107.563589803, 0.0440237908751, 0.0
0.147894320683, 1.10559081467, 3.08552207252, 0.856266553756, 99.3546556064, 4.10680730445, 0.417460103703, 0.954083212126, 14.5197420346, 176.017586006, 0.0067845752209, 0.0
0.180079454295, 0.847523610592, 4.6822643967, 0.677068878972, 83.8050596205, 1.04877194171, 0.935648617563, 1.21764981754, 17.8391506823, 132.095106808, 0.0116445047597, 0.5
0.102962071519, 0.844386677275, 2.16867353314, 0.711156427238, 87.0087149735, 5.3767290103, 0.336510031821, 0.934166943726, 12.6670362838, 94.3742114361, 0.0591499265498, 0.533333333333
0.109396772161, 1.07855656221, 2.13119319688, 0.63308330041, 87.9461235784, 6.4681806042, 0.429850781363, 0.921762548307, 15.0023712577, 69.1970708891, 0.0670177660899, 0.0
0.122133845471, 0.897164336542, 2.16867353314, 0.677639108013, 90.7871337564, 4.79995265816, 0.336510031821, 1.20478253905, 15.663605366, 108.175190318, 0.0499088636727, 0.230769230769
0.141637330267, 0.893648811282, 2.23599513785, 0.796935321618, 87.9461235784, 4.07096086481, 0.262861506295, 1.69133598013, 18.4757333339, 114.657026283, 0.0464542207591, 0.578947368421
0.199765507482, 0.942826709114, 2.38582445433, 0.621113759685, 82.4463374437, 4.66900293433, 0.0952941041081, 0.842246814473, 12.7076559788, 97.9731815906, 0.113500510281, 0.434782608696
0.199985532723, 0.972555616871, 2.83545212008, 0.910172920108, 96.8942177935, 3.92181783865, 0.372120493689, 3.48673152831, 15.7380376142, 102.890123075, 0.0947336313484, 0.52380952381
0.199765507482, 0.834143379002, 2.38582445433, 0.621113759685, 82.4463374437, 4.66900293433, 0.0952941041081, 0.842246814473, 12.7076559788, 104.481743275, 0.117188387319, 0.357142857143
0.102962071519, 0.844386677275, 2.16867353314, 0.933120761312, 80.1002408016, 6.95042918526, 0.336510031821, 2.56450010785, 12.6670362838, 99.7399692769, 0.0939443681944, 0.5625
0.165476674494, 0.963411981422, 2.4891544994, 0.870993392459, 99.9471690543, 5.3767290103, 0.0292375735619, 0.280374750414, 19.9164781165, 125.431175524, 0.0142317990483, 0.0
0.199757126976, 0.972555616871, 2.89587915169, 0.857519064614, 89.2472036273, 3.92181783865, 0.372120493689, 3.48673152831, 17.6482077023, 150.331479814, 0.0134286350399, 0.0
0.136942908477, 0.826226400557, 4.99852298594, 0.723945130306, 86.5486168085, 1.61676529389, 0.445171965692, 0.348248217403, 10.5284231056, 235.229128217, 0.00745088232875, 0.111111111111
0.122133845471, 0.897164336542, 2.21457231157, 0.677639108013, 90.7871337564, 6.51719121394, 0.869202345402, 1.20478253905, 15.663605366, 136.977998917, 0.0177019880557, 0.0
0.111871210801, 1.24433445289, 2.43325801138, 0.691441910975, 95.5938390279, 7.37086633497, 0.893354588054, 2.5177000285, 12.3485608792, 169.717074106, 0.0131397841819, 0.0
0.131454551284, 1.22882110607, 5.97255809399, 0.796935321618, 94.283804712, 1.35719685877, 0.683012355547, 1.57021857965, 11.7008110053, 506.345504907, 0.0063617500103, 0.0
0.168413792751, 0.990755052807, 2.25646196348, 0.723451167451, 95.7425303081, 8.79590161063, 0.588640747332, 3.52336404861, 14.6490627909, 121.059479236, 0.0616880076585, 0.0
0.199765507482, 0.942826709114, 2.38582445433, 0.744544825087, 82.4463374437, 1.74469476855, 0.0952941041081, 0.842246814473, 12.7076559788, 133.88998935, 0.0366822137751, 0.0909090909091
0.102962071519, 0.844386677275, 2.21457231157, 0.933120761312, 87.0087149735, 6.95042918526, 0.869202345402, 0.17879659341, 12.6670362838, 121.437893092, 0.0541688759515, 0.529411764706
0.111871210801, 1.24433445289, 2.43325801138, 0.691441910975, 98.7969145241, 8.43536631283, 0.893354588054, 3.44438055358, 12.101832897, 142.108482098, 0.0275026453981, 0.0625
0.102962071519, 0.844386677275, 2.16867353314, 0.933120761312, 87.0087149735, 6.95042918526, 0.336510031821, 0.934166943726, 12.6670362838, 120.192975635, 0.0596397560413, 0.411764705882
0.111213652913, 0.904174128902, 4.99332679052, 0.795165035395, 83.6822628895, 1.30851805073, 0.0339565917158, 3.91442267619, 16.9819868599, 324.881691239, 0.00835594197388, 0.0
0.111780468796, 0.896674108317, 6.42850793504, 0.801643648554, 85.8015875801, 1.94605904539, 0.83728293141, 0.441356864756, 17.2636976513, 365.413708607, 0.00779846048288, 0.0
0.111780468796, 0.896674108317, 4.99793003086, 0.801643648554, 86.8135204817, 1.94605904539, 0.83728293141, 2.15999630211, 11.7634475976, 264.163444871, 0.0111804829905, 0.0833333333333
0.160614349091, 0.897164336542, 3.3936487181, 0.748449347151, 85.5592268173, 4.15106675905, 0.101644814651, 0.842246814473, 12.9302045061, 130.192100667, 0.0457781144974, 0.2
0.104067552596, 1.24152514239, 6.01920906677, 0.774209167504, 82.0431981848, 1.12350911631, 0.490730248938, 1.0390192803, 19.7168625505, 459.226581461, 0.00833404661868, 0.0
0.165476674494, 1.06322273487, 2.23599513785, 0.870993392459, 99.9471690543, 5.3767290103, 0.0292375735619, 0.280374750414, 19.9164781165, 121.647719416, 0.11185827526, 0.285714285714
0.114730435686, 0.990755052807, 2.25646196348, 0.752602890572, 99.9240552659, 8.49975162243, 0.588640747332, 4.71891677529, 14.6490627909, 140.754622279, 0.0435769254935, 0.0
0.111780468796, 1.09885012616, 6.42850793504, 0.801643648554, 85.8015875801, 1.94605904539, 0.83728293141, 0.441356864756, 17.2636976513, 381.218265266, 0.00756655587366, 0.2
0.115237842562, 1.01806500032, 4.88737873352, 0.644360264682, 91.8445705712, 3.03491018154, 0.0636583836579, 0.00309558801393, 17.825552071, 288.83242878, 0.0115695533176, 0.0
0.12066907951, 0.853020221288, 2.78889985724, 0.641617899837, 95.8466785568, 2.99662606233, 0.674642684368, 2.15075190867, 19.2072882942, 155.499299052, 0.0174877196018, 0.117647058824
0.119988035502, 0.898548334262, 5.28970515699, 0.786251477358, 99.4169571616, 1.18993824931, 1.40521067236, 2.14563052199, 13.3630102563, 369.165565704, 0.00842854218223, 0.142857142857
0.111780468796, 0.896674108317, 6.42850793504, 0.801643648554, 99.9240552659, 1.94605904539, 0.83728293141, 0.441356864756, 17.2636976513, 382.475349687, 0.00837565555932, 0.133333333333
0.160614349091, 0.897164336542, 3.3936487181, 0.748449347151, 85.5592268173, 4.15106675905, 0.101644814651, 0.109058801822, 18.5927671922, 122.222746659, 0.0773203347123, 0.444444444444
0.102962071519, 0.844386677275, 2.16867353314, 0.933120761312, 80.1002408016, 6.95042918526, 0.336510031821, 0.934166943726, 12.6670362838, 123.875358467, 0.0998242513998, 0.444444444444
0.102932905334, 0.828362022729, 5.35557879106, 0.676788364924, 95.4687563006, 3.57874191914, 0.306902757892, 0.507177626725, 19.2167961837, 358.484034355, 0.0111966694442, 0.0
0.140013788197, 1.19131301017, 6.78780931453, 0.717788227076, 99.9240552659, 1.04129017394, 0.490730248938, 0.67983034053, 17.2452904684, 671.498105483, 0.00966371114392, 0.166666666667
0.136942908477, 0.826226400557, 4.99852298594, 0.729770275886, 88.281263556, 1.61676529389, 0.445171965692, 0.348248217403, 10.5284231056, 191.15685363, 0.0136954700992, 0.222222222222
0.119988035502, 0.898548334262, 5.28970515699, 0.786251477358, 99.4169571616, 1.18993824931, 1.40521067236, 2.05779547949, 13.3630102563, 377.59925464, 0.0107399136422, 0.0
0.199765507482, 0.942826709114, 2.38582445433, 0.744544825087, 82.4463374437, 1.74469476855, 0.336510031821, 0.842246814473, 12.6670362838, 156.768472443, 0.0244222618203, 0.0
0.114044910171, 0.904464333493, 4.99332679052, 0.795165035395, 83.6822628895, 1.30851805073, 0.0339565917158, 3.91442267619, 16.9819868599, 316.896802463, 0.0113935046511, 0.333333333333
0.140013788197, 1.19131301017, 6.78780931453, 0.717788227076, 82.0431981848, 1.06595723439, 0.490730248938, 1.0390192803, 19.2317343038, 625.843668896, 0.0102701156476, 0.0
0.106049987469, 1.02866380487, 7.8205847695, 0.892435032585, 91.3690636252, 2.65800567933, 1.09490791389, 0.796542817936, 17.4340830995, 549.849856718, 0.0110228915165, 0.0
0.168342210394, 0.825153548832, 2.83545212008, 0.865414239765, 94.2973660615, 9.54442427221, 0.0253245614147, 2.73649257053, 15.6673195704, 133.313871202, 0.139158916653, 0.333333333333
0.119988035502, 0.898548334262, 5.28970515699, 0.842893882538, 99.4169571616, 1.18993824931, 1.40521067236, 2.14563052199, 13.3630102563, 422.889259511, 0.0100948579924, 0.125
0.18540917523, 1.25903422923, 2.4891544994, 0.870993392459, 99.9471690543, 5.3767290103, 0.0292375735619, 0.280374750414, 19.9164781165, 136.220611357, 0.092962580238, 0.25
0.101375832477, 1.07855656221, 2.13119319688, 0.63308330041, 87.9461235784, 6.4681806042, 0.429850781363, 0.921762548307, 17.5117288249, 158.543538472, 0.0280864609643, 0.0
0.114730435686, 0.990755052807, 2.25646196348, 0.706796909121, 95.7425303081, 8.79590161063, 0.588640747332, 3.52336404861, 14.6490627909, 137.8660013, 0.0782891657139, 0.142857142857
0.119988035502, 0.898548334262, 5.28970515699, 0.786251477358, 99.4169571616, 1.18993824931, 1.40521067236, 2.05779547949, 13.3630102563, 486.308786246, 0.0100761947258, 0.179487179487
0.144045074006, 0.84371684088, 5.71857241644, 0.941485582826, 83.7028674528, 1.36627638919, 0.917899791698, 2.34535595184, 17.8391506823, 307.892472671, 0.0129276595865, 0.0
0.180079454295, 0.847523610592, 4.6822643967, 0.695556225421, 83.8050596205, 1.04877194171, 0.935648617563, 1.21764981754, 10.5639871693, 195.032171617, 0.0148414930663, 0.0
0.149692731015, 1.0776597221, 4.83908095736, 0.709920465467, 85.9320396019, 1.56366345155, 0.683012355547, 0.186332667405, 18.5363992783, 442.661238653, 0.011176365401, 0.5625
0.111766983539, 0.921443891225, 3.11803773092, 0.707901829128, 91.3166161878, 8.28605949768, 0.943658232902, 1.77925948, 12.6690532248, 132.242314763, 0.108563592494, 0.5
0.100170799364, 0.989673418666, 4.24449366646, 0.8028683979, 91.3559038229, 6.10311913052, 0.897120401097, 3.7291967454, 13.8882306757, 132.185529314, 0.0919729649097, 0.666666666667
0.199765507482, 0.942826709114, 2.38582445433, 0.621113759685, 80.6448807768, 4.66900293433, 0.0952941041081, 0.842246814473, 12.7076559788, 131.242763161, 0.139422038551, 0.5625
0.12066907951, 0.853020221288, 2.78889985724, 0.620158876044, 95.8466785568, 2.99662606233, 0.674642684368, 2.15075190867, 19.2072882942, 173.53957082, 0.0237356891427, 0.230769230769
0.138878546889, 0.835849751719, 4.99221556284, 0.937763570679, 96.8902453233, 2.21776835987, 0.143422482806, 4.59926859153, 17.2369340353, 275.132192075, 0.0139985314127, 0.0
0.138878546889, 0.855791217361, 4.99221556284, 0.937763570679, 96.8902453233, 2.21776835987, 0.143422482806, 4.76271475985, 16.1387233322, 205.970635068, 0.0147347919536, 0.3
0.111871210801, 1.24433445289, 2.43325801138, 0.691441910975, 98.7969145241, 8.43536631283, 0.893354588054, 3.44438055358, 12.101832897, 133.970449088, 0.112213097447, 0.448979591837
0.165476674494, 1.10211191498, 2.23599513785, 0.870993392459, 94.5425124244, 5.3767290103, 0.0292375735619, 0.280374750414, 19.9164781165, 150.150111594, 0.113110725029, 0.166666666667
0.133954408018, 1.24433445289, 2.12682806758, 0.691441910975, 87.9461235784, 3.61783255634, 0.206841478631, 0.921762548307, 16.2952863449, 161.854729163, 0.0378029578903, 0.0
0.148758454338, 1.25608539856, 2.57854819986, 0.628166196275, 98.7969145241, 5.52154442744, 0.154665277282, 3.44438055358, 15.4859348376, 162.149569898, 0.0301019555717, 0.0
0.199976746224, 0.836778252706, 3.65951048903, 0.641617899837, 90.0991609791, 2.99662606233, 0.674642684368, 3.44646083894, 19.2072882942, 191.240188011, 0.0208567361752, 0.0
0.109396772161, 0.898787520234, 5.42886359851, 0.816270894668, 87.2628215862, 1.50089567114, 0.169126634434, 2.3698780007, 15.0023712577, 322.979182285, 0.0123932957414, 0.407407407407
0.104067552596, 1.24152514239, 5.12643720563, 0.774209167504, 82.0431981848, 1.12350911631, 0.490730248938, 1.0390192803, 19.2317343038, 543.285282481, 0.0112551589299, 0.625
0.168413792751, 0.906250878749, 5.66982233859, 0.723451167451, 84.2246049517, 2.63216269638, 1.31486485148, 4.36478193487, 12.7907647116, 435.532693319, 0.0123026956396, 0.0
0.107048272301, 1.07855656221, 2.43325801138, 0.610622504719, 98.7969145241, 8.43536631283, 0.893354588054, 3.44438055358, 12.101832897, 164.63361561, 0.0371763492178, 0.0
0.113257953942, 1.12091538335, 5.0401958929, 0.711053862696, 99.5041373798, 2.78733695262, 1.22847783766, 3.443116525, 16.0716445139, 603.946833611, 0.0123554423645, 0.0
0.165476674494, 1.15988323095, 2.4891544994, 0.870993392459, 99.9471690543, 5.3767290103, 0.0292375735619, 0.280374750414, 19.9164781165, 170.158093542, 0.0290950645678, 0.0
0.101375832477, 1.24433445289, 2.12682806758, 0.691441910975, 87.9461235784, 6.4681806042, 0.429850781363, 0.921762548307, 17.5117288249, 137.504311763, 0.117647494891, 0.5
0.114730435686, 0.990755052807, 2.25646196348, 0.706796909121, 95.7425303081, 8.79590161063, 0.588640747332, 3.52336404861, 14.6490627909, 146.83823313, 0.167517491295, 0.333333333333
0.102962071519, 0.942826709114, 2.16867353314, 0.933120761312, 80.1002408016, 6.95042918526, 0.336510031821, 0.242414140867, 12.6670362838, 151.706066722, 0.0503381195803, 0.2
0.199985532723, 0.972555616871, 2.89587915169, 0.910172920108, 89.2472036273, 3.92181783865, 0.372120493689, 3.48673152831, 15.7380376142, 222.046606052, 0.0210739022175, 0.0
0.123670137825, 1.06451393845, 3.94784822002, 0.900580426656, 88.2375327418, 3.61783255634, 0.154665277282, 4.43138848443, 18.4276351499, 170.097240261, 0.0326127484349, 0.0
0.111871210801, 1.07855656221, 2.43325801138, 0.610622504719, 98.7969145241, 8.43536631283, 0.893354588054, 3.44438055358, 12.101832897, 150.927949924, 0.110471363961, 0.2
0.129121712816, 0.864226559159, 5.18807560744, 0.651890450637, 83.0701870649, 2.41524086192, 0.546416323535, 0.985307505466, 14.6591674936, 245.426889009, 0.0161577729286, 0.0
0.180079454295, 0.847523610592, 4.6822643967, 0.695556225421, 83.8050596205, 1.04877194171, 0.935648617563, 1.21764981754, 10.5639871693, 231.888918005, 0.015958547048, 0.4
0.136942908477, 0.826226400557, 4.99852298594, 0.729770275886, 88.281263556, 1.61676529389, 0.445171965692, 0.348248217403, 10.5284231056, 228.781377202, 0.0202167073484, 0.0
0.109396772161, 0.883750602511, 5.42886359851, 0.816270894668, 87.2628215862, 1.50089567114, 0.0561243406194, 2.3698780007, 15.0023712577, 237.899306591, 0.0145410071784, 0.357142857143
0.145028655228, 0.990755052807, 2.25646196348, 0.61562562262, 85.8015875801, 8.49975162243, 0.588640747332, 4.71891677529, 14.6490627909, 140.820272756, 0.165099377325, 0.529411764706
0.123887352851, 0.900690337723, 5.08848451742, 0.692188635301, 97.9171136748, 2.53431672367, 0.469139847254, 0.493483121874, 17.0325429567, 222.471912021, 0.018754666087, 0.285714285714
0.143979981231, 0.847523610592, 6.50545582572, 0.695556225421, 83.8050596205, 1.04877194171, 0.935648617563, 1.21764981754, 10.5639871693, 305.142573935, 0.0135618659848, 0.368421052632
0.161347486388, 0.990755052807, 2.25646196348, 0.795165035395, 97.6131520771, 8.79590161063, 0.588640747332, 4.75205339625, 14.6490627909, 152.017326301, 0.102119664136, 0.1
0.199757126976, 0.972555616871, 2.89587915169, 0.910172920108, 89.2472036273, 4.59907208673, 0.852173555664, 3.48673152831, 17.6482077023, 166.468757308, 0.0484945727125, 0.0
0.136942908477, 1.0921780752, 2.83545212008, 0.729770275886, 90.9639322096, 1.47285868389, 0.445171965692, 0.226689739185, 10.5284231056, 214.456368258, 0.0192961164848, 0.529411764706
0.168342210394, 0.835849751719, 2.83545212008, 0.826360198329, 94.2973660615, 9.54442427221, 0.0253245614147, 2.73649257053, 15.6673195704, 145.64830581, 0.203297736165, 0.541666666667
0.168342210394, 0.835849751719, 2.83545212008, 0.826360198329, 94.2973660615, 9.54442427221, 0.0253245614147, 2.73649257053, 15.6673195704, 150.494671698, 0.143914628668, 0.428571428571
