0.437552510532, 0.896010159044, 84.0362409454, 0.558968696392, 51.4497907754, 48.4221924174, 0.996886744442, 3.89185681265, 1.83437194654, 1949.52500207, 0.0, 0.0
0.164549062892, 0.821206894996, 92.0568709956, 0.644195241177, 22.6278723468, 4.0996840811, 0.955953639989, 4.98787656695, 1.05291669695, 1755.67348174, 0.0039238238153, 0.774193548387
0.303713896705, 0.820352962469, 91.7618057722, 0.459703313893, 45.412375062, 4.0996840811, 0.628046340221, 4.66444790446, 9.85226260569, 922.472140296, 0.0806622452301, 0.461538461538
0.778199449556, 0.820352962469, 80.9248978768, 0.566621281573, 77.1766584921, 1.05028405594, 0.628046340221, 2.62623102634, 10.0626384805, 1162.83661893, 0.0173295473077, 0.0
0.299713385831, 0.831369104223, 80.6519192514, 0.483115712822, 11.4778375938, 8.55560178757, 0.605115716506, 2.83816079481, 9.85226260569, 582.657759256, 0.175863558284, 0.461538461538
0.303713896705, 0.820352962469, 89.1567226819, 0.644195241177, 27.0551011581, 6.44046241126, 0.628046340221, 2.62623102634, 10.0626384805, 2470.34932401, -2.22044604925e-16, 0.0
0.416944103769, 0.831369104223, 84.2053028516, 0.688764991312, 72.7220112946, 5.61954891818, 0.955953639989, 3.17600218224, 3.54167216015, 1103.65671046, 0.153987969141, 0.416666666667
0.299713385831, 0.831369104223, 84.7303463793, 0.593128274063, 72.0895908059, 4.0996840811, 0.131490856455, 2.27850546334, 3.82273482344, 1764.33669981, 0.0064804836574, 0.0
0.437552510532, 0.896010159044, 84.0362409454, 0.558968696392, 6.51130197583, 3.85674162019, 0.996886744442, 2.83816079481, 1.83437194654, 2039.7807892, 0.00328074417534, 0.0
0.664374869861, 0.83045849452, 92.0568709956, 0.573167184815, 98.9117709131, 33.3876284296, 0.132644138838, 3.89185681265, 3.82273482344, 2100.36384273, 0.0, 0.0
0.224419898963, 0.831369104223, 91.7618057722, 0.459703313893, 84.9487678096, 2.60203260445, 0.960548738521, 4.39741280626, 9.85226260569, 1545.37682914, 0.0288340921098, 0.142857142857
0.683706238358, 0.823218063264, 87.5512821313, 0.566621281573, 78.8608651197, 17.7152575074, 0.690786736703, 3.10526017906, 1.05291669695, 1276.44730019, 0.343294081787, 0.142857142857
0.164549062892, 0.82186484857, 91.7618057722, 0.636817772235, 45.412375062, 4.0996840811, 0.960548738521, 2.83816079481, 1.05291669695, 1323.87395494, 0.0565841518874, 0.428571428571
0.683706238358, 0.831369104223, 84.7303463793, 0.449776612437, 92.2217147465, 29.8420764673, 0.690786736703, 2.51660499756, 7.50848381589, 1195.28388286, 0.57286707655, 0.0
0.815545344265, 0.823218063264, 84.7303463793, 0.558968696392, 92.2217147465, 17.7152575074, 0.690786736703, 2.51660499756, 1.83437194654, 1184.68377243, 0.425410045876, 0.0833333333333
0.778199449556, 0.820352962469, 89.1567226819, 0.69622114948, 77.1766584921, 1.05028405594, 0.295285411126, 2.62623102634, 19.0346234003, 1745.67808239, 0.0222576030386, 0.0
0.299713385831, 0.820352962469, 91.7618057722, 0.459703313893, 11.4778375938, 4.0996840811, 0.628046340221, 4.66444790446, 7.5590178548, 1434.73582612, 0.0641103707317, 0.181818181818
0.299713385831, 0.831369104223, 91.7618057722, 0.459703313893, 72.0895908059, 4.0996840811, 0.623752753256, 3.40665915685, 9.85226260569, 1297.29719089, 0.134988491065, 0.125
0.224419898963, 0.827392452798, 93.0026890087, 0.459703313893, 84.9487678096, 2.60203260445, 0.960548738521, 4.39741280626, 9.85226260569, 1477.45782701, 0.0545119640299, 0.0
0.778199449556, 0.820352962469, 84.0362409454, 0.644195241177, 77.1766584921, 6.44046241126, 0.0420097254496, 2.62623102634, 10.0626384805, 1432.26593216, 0.139767536614, 0.0
0.449246903153, 0.820352962469, 81.4666201236, 0.566621281573, 63.3095643339, 36.2120150988, 0.628046340221, 3.29078757455, 15.7547405575, 1350.93101276, 0.507935745805, 0.0
0.683706238358, 0.823218063264, 84.7303463793, 0.644195241177, 60.0050686524, 17.7152575074, 0.690786736703, 2.51660499756, 1.04843081691, 870.677737317, 0.237024860524, 0.741935483871
0.789986235786, 0.83045849452, 81.4666201236, 0.573167184815, 61.8269896726, 4.07406977515, 0.132644138838, 1.65504945727, 3.52805030132, 756.539566432, 0.267685469358, 0.705882352941
0.299713385831, 0.831369104223, 91.7618057722, 0.459703313893, 72.0895908059, 4.0996840811, 0.628046340221, 3.40665915685, 9.85226260569, 1222.19051141, 0.156872248125, 0.5
0.778199449556, 0.820352962469, 89.1567226819, 0.609842949476, 92.2217147465, 6.44046241126, 0.295285411126, 2.62623102634, 10.0626384805, 1211.68285162, 0.312803453755, 0.5
0.128520417321, 0.83045849452, 92.0568709956, 0.532469370036, 45.412375062, 1.44782147172, 0.68733092129, 4.23084038958, 7.56960843409, 1765.23300197, 0.0122432190419, 0.285714285714
0.437552510532, 0.820352962469, 84.0362409454, 0.558968696392, 20.1729878671, 1.05028405594, 0.628046340221, 1.49887277319, 1.83437194654, 1923.49726441, 0.0166450398903, 0.142857142857
0.778199449556, 0.945521413085, 89.1567226819, 0.635875326892, 77.1766584921, 43.0288810958, 0.295285411126, 1.62245631728, 10.0626384805, 5023.41672928, 0.0, 0.0
0.683706238358, 0.873742027361, 84.7303463793, 0.609996637978, 41.2812751915, 3.2176680206, 0.690786736703, 1.09061159852, 7.38013685997, 3396.61234635, 0.00358675409359, 0.0
0.190889500429, 0.830045888009, 89.561301062, 0.668638779487, 81.617722598, 1.00335054603, 0.108409222103, 4.98735090172, 10.0626384805, 2146.63415167, 0.0129426514004, 0.0
0.119271406872, 0.852768283453, 84.2053028516, 0.699132256902, 60.0050686524, 1.39478497502, 0.295285411126, 3.28707920866, 17.1194759331, 2324.98111968, 0.00547990373055, 0.0
0.303713896705, 0.820909481071, 86.2760731365, 0.47675568435, 77.9284549449, 5.24859248882, 0.393773125011, 2.83816079481, 7.50848381589, 2247.18408871, 0.00557188338202, 0.0
0.224419898963, 0.831369104223, 91.7618057722, 0.459703313893, 84.9487678096, 2.60203260445, 0.960548738521, 4.39741280626, 9.85226260569, 1625.03542858, 0.0374397674709, 0.285714285714
0.128520417321, 0.823218063264, 91.7618057722, 0.415442734614, 86.7172773347, 4.0996840811, 0.960548738521, 3.40665915685, 1.05291669695, 1570.03761092, 0.0336403641311, 0.666666666667
0.663392879513, 0.821256095224, 84.8554170737, 0.668638779487, 60.0050686524, 1.44782147172, 0.974953459514, 4.05127411779, 10.7571626581, 1621.01444616, 0.0443056771806, 0.25
0.164549062892, 0.82186484857, 91.7618057722, 0.636817772235, 45.412375062, 4.0996840811, 0.960548738521, 3.40665915685, 1.05276108349, 1388.39639008, 0.0707248305264, 0.65
0.449246903153, 0.820352962469, 81.4666201236, 0.566621281573, 63.3095643339, 36.2120150988, 0.628046340221, 3.29078757455, 15.7547405575, 1237.74490088, 0.713443226181, 0.0
0.224419898963, 0.831369104223, 91.7618057722, 0.459703313893, 84.9487678096, 2.60203260445, 0.960548738521, 4.74624589517, 9.85226260569, 1834.13925212, 0.0253785069317, 0.0
0.778199449556, 0.831369104223, 80.6519192514, 0.69622114948, 77.1766584921, 1.05028405594, 0.0204259374856, 2.62623102634, 10.9550874517, 2099.23394878, 0.0223800418591, 0.0
0.299713385831, 0.823218063264, 91.7618057722, 0.459703313893, 45.412375062, 7.62439430364, 0.132644138838, 3.40665915685, 1.05291669695, 1467.22568456, 0.109740442352, 0.608695652174
0.423051494333, 0.820352962469, 82.1854512663, 0.437621094774, 49.986230753, 33.3876284296, 0.132644138838, 4.73627880877, 3.82273482344, 1378.13213172, 0.320118520513, 0.125
0.393665843515, 0.823218063264, 84.7303463793, 0.558968696392, 92.2217147465, 17.7152575074, 0.682941480402, 2.51660499756, 1.83437194654, 1322.89687921, 0.158844582479, 0.428571428571
0.683706238358, 0.823218063264, 84.7303463793, 0.632772041686, 92.2217147465, 17.7152575074, 0.690786736703, 2.51660499756, 1.04843081691, 1514.9513118, 0.0608522978837, 0.740740740741
0.437552510532, 0.823218063264, 88.6852909702, 0.459703313893, 81.617722598, 3.85674162019, 0.602580961293, 0.750927381998, 1.04843081691, 1638.70825511, 0.0983652931935, 0.0
0.53632862077, 0.873742027361, 88.1711157293, 0.609996637978, 41.2812751915, 3.2176680206, 0.605115716506, 1.09061159852, 7.38013685997, 1667.22514453, 0.076342554918, 0.0
0.393665843515, 0.823218063264, 84.7303463793, 0.558968696392, 92.2217147465, 17.7152575074, 0.682941480402, 2.51660499756, 1.83437194654, 1490.7270803, 0.13044617403, 0.0
0.778199449556, 0.83045849452, 81.4666201236, 0.573167184815, 61.8269896726, 4.07406977515, 0.132644138838, 1.62245631728, 3.52805030132, 1478.87388651, 0.105806035713, 0.428571428571
0.423051494333, 0.820352962469, 82.1854512663, 0.437621094774, 49.3688202607, 10.4809462651, 0.132644138838, 0.0367890915768, 3.82273482344, 1470.37807279, 0.273379453282, 0.285714285714
0.778199449556, 0.820352962469, 89.1567226819, 0.69622114948, 77.1766584921, 18.2205218976, 0.295285411126, 2.62623102634, 15.7547405575, 1391.7830478, 0.528148774093, 0.0
0.303713896705, 0.820909481071, 86.2760731365, 0.47675568435, 77.9284549449, 5.24859248882, 0.393773125011, 2.83816079481, 7.50848381589, 1322.34657078, 0.232275864533, 0.533333333333
0.683706238358, 0.823218063264, 81.4666201236, 0.566621281573, 78.8608651197, 17.7152575074, 0.690786736703, 1.66257265266, 1.05291669695, 1250.31811576, 0.281211793697, 0.736842105263
0.299713385831, 0.820352962469, 80.9248978768, 0.483115712822, 78.7203308743, 1.0523324628, 0.605115716506, 2.83816079481, 9.85226260569, 1886.88786998, 0.0242296759138, 0.285714285714
0.16662013188, 0.820352962469, 84.1572708117, 0.69622114948, 77.1766584921, 1.05028405594, 0.0204259374856, 2.62623102634, 10.0626384805, 1798.93321453, 0.026829815955, 0.428571428571
0.119271406872, 0.823218063264, 93.3199191548, 0.459703313893, 45.412375062, 4.0996840811, 0.960548738521, 3.40665915685, 1.05291669695, 2134.4555188, 0.016639727417, 0.578947368421
0.164549062892, 1.00328733477, 84.0362409454, 0.644195241177, 22.6278723468, 49.5138640307, 0.955953639989, 4.98787656695, 1.05291669695, 5438.5998997, 0.0, 0.0
0.11517014443, 0.831369104223, 89.561301062, 0.630457181528, 86.7172773347, 1.34446361796, 0.812675590709, 4.90978237526, 19.3067085254, 2189.37078196, 0.0191066065964, 0.5
0.16662013188, 0.820352962469, 80.9248978768, 0.69622114948, 77.1766584921, 1.05028405594, 0.0204259374856, 2.62623102634, 10.0626384805, 2209.68322158, 0.0209048093038, 0.333333333333
0.119271406872, 0.852768283453, 84.2053028516, 0.69622114948, 60.0050686524, 1.44782147172, 0.295285411126, 4.05801530953, 17.1194759331, 2792.08457726, 0.00709682406495, 0.0
0.190889500429, 0.830045888009, 89.561301062, 0.668638779487, 81.617722598, 1.25776676859, 0.108409222103, 4.90978237526, 10.0626384805, 2484.96236035, 0.0109334988708, 0.0
0.128520417321, 0.823218063264, 91.7618057722, 0.415442734614, 86.7172773347, 4.0996840811, 0.960548738521, 3.40665915685, 1.05291669695, 2307.0498798, 0.0187646649561, 0.0
0.11517014443, 0.831369104223, 89.561301062, 0.630457181528, 86.7172773347, 1.34446361796, 0.812675590709, 4.90978237526, 19.3067085254, 2385.52255337, 0.0133371140083, 0.0
0.437552510532, 0.830045888009, 84.0362409454, 0.527381314582, 81.617722598, 3.85674162019, 0.602580961293, 0.750927381998, 1.04843081691, 1642.51886913, 0.0434086084357, 0.428571428571
0.778199449556, 0.820352962469, 80.9248978768, 0.566621281573, 6.51130197583, 1.05028405594, 0.996886744442, 2.62623102634, 10.0626384805, 1744.2549284, 0.0539874857616, 0.363636363636
0.778199449556, 0.820352962469, 80.9248978768, 0.69622114948, 77.1766584921, 1.05028405594, 0.0204259374856, 2.62623102634, 10.0626384805, 1839.00457883, 0.0486210485943, 0.117647058824
0.164549062892, 0.82186484857, 91.7618057722, 0.636817772235, 45.412375062, 4.0996840811, 0.960548738521, 3.40665915685, 1.05291669695, 1851.19853868, 0.0340125401063, 0.0
0.16662013188, 0.827392452798, 84.0362409454, 0.644195241177, 97.5315693921, 6.44046241126, 0.0420097254496, 2.62623102634, 10.0626384805, 2038.57065637, 0.0293573933731, 0.0
0.299713385831, 0.831369104223, 80.6519192514, 0.483115712822, 11.4778375938, 1.0523324628, 0.605115716506, 2.83816079481, 9.85226260569, 2192.42870536, 0.0266689135585, 0.166666666667
0.437552510532, 0.820352962469, 84.0362409454, 0.558968696392, 20.1729878671, 1.05028405594, 0.628046340221, 1.00226642109, 1.83437194654, 2293.89709901, 0.0288949216994, 0.0
0.423051494333, 0.820352962469, 82.1854512663, 0.437621094774, 49.3688202607, 10.4809462651, 0.132644138838, 0.43035606093, 3.82273482344, 1424.67187608, 0.402790827694, 0.333333333333
0.299713385831, 0.823218063264, 91.7618057722, 0.422382877, 45.412375062, 4.0996840811, 0.960548738521, 3.40665915685, 1.05291669695, 1552.12843665, 0.0889160204378, 0.758620689655
0.303713896705, 0.820909481071, 86.2760731365, 0.47675568435, 77.9284549449, 5.24859248882, 0.68733092129, 2.83816079481, 7.50848381589, 1669.53802202, 0.118599037223, 0.333333333333
0.292318680026, 0.820352962469, 89.1567226819, 0.644195241177, 27.0551011581, 6.44046241126, 0.628046340221, 2.62623102634, 10.0626384805, 1735.9211466, 0.104983512374, 0.125
0.53632862077, 0.873742027361, 88.1711157293, 0.609996637978, 41.2812751915, 3.2176680206, 0.605115716506, 1.09061159852, 7.38013685997, 1742.08015102, 0.0885429670035, 0.0
0.416944103769, 0.831369104223, 82.2057591206, 0.488445308903, 95.8440652896, 5.61954891818, 0.955953639989, 1.18013312347, 3.54167216015, 1637.12446152, 0.152105405723, 0.269230769231
0.778199449556, 0.820352962469, 89.1567226819, 0.609842949476, 92.2217147465, 6.44046241126, 0.295285411126, 4.90570789383, 10.0626384805, 1697.76903349, 0.168115172139, 0.125
0.299713385831, 0.824538148792, 91.7618057722, 0.459703313893, 45.412375062, 20.7742527524, 0.623752753256, 4.66444790446, 9.85226260569, 1522.67373462, 0.212066199189, 0.0
0.423051494333, 0.83045849452, 92.0568709956, 0.437621094774, 49.986230753, 33.3876284296, 0.132644138838, 3.89185681265, 3.82273482344, 1491.4817713, 0.417838650799, 0.0
0.303713896705, 0.820909481071, 86.2760731365, 0.644195241177, 49.8891336359, 6.44046241126, 0.68733092129, 2.83816079481, 7.50848381589, 1589.23112982, 0.172195505391, 0.333333333333
0.299713385831, 0.831369104223, 84.7303463793, 0.459703313893, 72.0895908059, 4.0996840811, 0.628046340221, 3.40665915685, 9.85226260569, 1610.2820443, 0.112513133596, 0.571428571429
0.423051494333, 0.820352962469, 81.9829986272, 0.437621094774, 49.3688202607, 3.85674162019, 0.132644138838, 0.43035606093, 3.82273482344, 1480.7158395, 0.123739664844, 0.5
0.527489217079, 0.83045849452, 92.0568709956, 0.437621094774, 49.986230753, 9.62569794562, 0.132644138838, 1.09061159852, 2.62730491586, 1473.22047306, 0.294814576791, 0.52
0.423051494333, 0.820352962469, 82.1854512663, 0.437621094774, 49.3688202607, 3.85674162019, 0.132644138838, 0.43035606093, 3.82273482344, 1322.5622877, 0.242040077276, 0.736842105263
0.299713385831, 0.831369104223, 81.3860650713, 0.483115712822, 11.4778375938, 10.6071273584, 0.393773125011, 4.05801530953, 9.85226260569, 1353.95437709, 0.263908299593, 0.545454545455
0.53632862077, 0.823218063264, 88.1711157293, 0.622556831372, 92.2217147465, 17.7152575074, 0.605115716506, 2.51660499756, 1.04843081691, 1981.32065616, 0.0265894047336, 0.333333333333
0.184102209671, 0.982453131879, 84.4179991211, 0.689845353719, 64.5745918389, 1.34446361796, 0.623752753256, 4.90978237526, 19.2030227416, 5145.08283474, 0.00803431964002, 0.0
0.119271406872, 0.852768283453, 84.2053028516, 0.69622114948, 60.0050686524, 1.44782147172, 0.295285411126, 4.05801530953, 17.1194759331, 2882.39459054, 0.0076156500231, 0.3
0.449246903153, 0.820352962469, 81.77014875, 0.566621281573, 63.3095643339, 48.4221924174, 0.996886744442, 3.29078757455, 11.5606266517, 1510.17480463, 0.670239882959, 0.125
0.416944103769, 0.831369104223, 80.9248978768, 0.409541027998, 72.7220112946, 5.61954891818, 0.960548738521, 1.18013312347, 3.54167216015, 1486.87225255, 0.251578083832, 0.684210526316
0.423051494333, 0.83045849452, 92.0568709956, 0.437621094774, 49.986230753, 33.3876284296, 0.132644138838, 3.89185681265, 3.2464418591, 1460.70362782, 0.27767053113, 0.545454545455
0.683706238358, 0.823218063264, 87.5512821313, 0.566621281573, 78.8608651197, 17.7152575074, 0.690786736703, 1.66257265266, 1.05291669695, 1554.51849681, 0.35080315456, 0.0
0.184102209671, 0.840776816333, 89.561301062, 0.668763840011, 91.3886722503, 1.34446361796, 1.4736303916, 4.92745570379, 19.2030227416, 5123.12209526, 0.00962370067597, 0.037037037037
0.184102209671, 0.823337755651, 89.561301062, 0.625596677274, 91.3886722503, 1.34446361796, 1.23106234244, 4.90978237526, 19.3067085254, 3469.3731661, 0.0098491744975, 0.0
0.119271406872, 0.821256095224, 84.8554170737, 0.668638779487, 60.0050686524, 1.44782147172, 1.23106234244, 4.05127411779, 19.4663016856, 3285.3608819, 0.0123013454878, 0.0576923076923
0.683706238358, 0.823218063264, 87.5512821313, 0.636722823589, 78.8608651197, 17.7152575074, 0.690786736703, 4.39741280626, 1.05291669695, 1716.67085726, 0.202626871075, 0.166666666667
0.683706238358, 0.822843169764, 84.7303463793, 0.644195241177, 60.0050686524, 17.7152575074, 0.690786736703, 0.0555229043713, 1.04843081691, 1845.89259763, 0.0568695798161, 0.6
0.664374869861, 0.83045849452, 92.0568709956, 0.573167184815, 49.986230753, 33.3876284296, 0.132644138838, 3.89185681265, 3.82273482344, 1876.92088074, 0.0847355790741, 0.2
0.164549062892, 0.82186484857, 91.7618057722, 0.636817772235, 45.412375062, 4.0996840811, 0.960548738521, 3.40665915685, 1.05291669695, 2057.78625439, 0.0437892931282, 0.266666666667
0.778199449556, 0.827392452798, 84.0362409454, 0.644195241177, 97.5315693921, 6.44046241126, 0.0420097254496, 2.62623102634, 10.0626384805, 1506.81188239, 0.334788319907, 0.5
0.303713896705, 0.855797200624, 89.1567226819, 0.644195241177, 27.0551011581, 6.44046241126, 0.994638570899, 2.62623102634, 10.0626384805, 1655.84566209, 0.154515024273, 0.352941176471
0.184102209671, 0.820352962469, 89.1567226819, 0.644195241177, 64.5745918389, 1.34446361796, 0.393773125011, 4.90978237526, 10.0626384805, 2274.09716641, 0.0253547344756, 0.47619047619
