2.17281323257, 1.38898607394, 0.978895827104, 1.18482683333, 3.62002742853, 0.741583298339, 3.14322015274, 1.09709009826, 0.92807369527, 5.06349003015, 4.66493599137, 1.07208799433, 1.88586464135, 1.28338237699, 1.09000083283, 1.05871631838, 1.01345665712, 1.01621881078, 3.72046037847, 1.04295578736, 0.998386844861, 328.294749349, 0.992535029088, 2.3466896502, 1.04236033747, 4.63039892167, 1.0442877666, 195.229063573, 14.8630462429, 960.801429136, 1.34048257373
2.20161008865, 1.37489227483, 1.01145623375, 0.829389405821, 2.54905205126, 0.891583994708, 5.80519745982, 0.911572089412, 0.971207956919, 2.69157470241, 7.0936188897, 0.995147145392, 3.17655333624, 1.02837279526, 1.09000027766, 1.06525594833, 1.04962104699, 1.02427016423, 9.99638690937, 1.02696522231, 0.999963159611, 108.924265278, 0.977976608715, 5.89570413807, 0.999217525187, 4.83419751535, 0.968880579274, 99.9254183801, 21.1498629448, 750.12042038, 0.536193029491
5.65365990005, 1.0697222053, 0.735361167141, 0.916347743809, 4.23303037883, 0.926915782826, 4.44180314671, 0.918876897345, 0.934394508011, 1.59751905609, 6.99442096811, 1.06410147118, 3.29267579083, 1.01639018434, 1.09000079268, 1.06114211752, 1.01656895728, 1.11409048384, 5.02884125498, 1.05167780464, 0.796305477064, 84.4358026551, 1.12135912659, 5.16847431311, 1.04500500154, 1.58286119286, 0.937691962566, 104.331423844, 15.4435373943, 1111.0923316, 1.07238605898
1.91870251214, 1.39825671023, 0.810323584625, 0.956951604452, 5.77634733498, 0.894641743697, 2.75419659776, 1.0208849625, 0.901924329962, 5.10475800665, 5.45855111286, 0.820082590016, 1.24040696992, 1.19591006881, 1.09000089468, 1.01968585437, 1.01506122952, 0.907749282855, 5.81959864835, 1.09577979908, 0.80131198651, 97.6388488275, 1.13987563346, 1.6016605266, 1.10554950416, 2.09786688778, 0.878036006401, 235.449520468, 13.3820336521, 238.957149379, 1.60857908847
4.37582209458, 1.33939064076, 1.0641333176, 1.13914376014, 1.41312684998, 0.793176244562, 3.22993364213, 0.860974765648, 0.988530008407, 5.46496969212, 6.32112230299, 0.881928475041, 1.59112726133, 1.1334248251, 1.09000050476, 1.05205954309, 1.01560288271, 1.0430906223, 4.06391529642, 0.91693507415, 0.821431347016, 377.590295457, 1.0290500158, 4.32465011865, 1.03596125354, 2.53471313347, 1.11022961041, 43.7882715874, 7.9564524568, 115.543121119, 2.68096514745
2.42321548163, 1.22414613257, 0.818998028054, 0.869044124297, 7.04599019956, 0.909554787815, 5.73403102063, 0.850836701764, 0.933199912892, 5.83656233406, 1.57536442946, 0.878627767088, 1.59513062516, 1.00169237658, 1.09000075526, 1.04741795593, 1.0098913274, 0.976792068415, 7.76438573979, 0.940303139995, 0.878904928783, 245.168152732, 0.926309616712, 2.72968021196, 0.975447977536, 3.35672671148, 1.16011832538, 740.177196229, 27.5950219537, 2077.21615082, 0.0
1.38329201772, 1.21641079646, 0.958278268975, 0.871865319169, 2.30460470155, 0.724868685913, 5.710366479, 0.953284213322, 0.918535416102, 5.38259043377, 4.40169993503, 1.05114229171, 1.85987727153, 0.987665973561, 1.09000034662, 1.08321209222, 1.02878027418, 1.20752828282, 6.21841616513, 0.935188426059, 0.857540081808, 85.1282585042, 1.13916682501, 4.8129201815, 1.00875726969, 5.4018655864, 0.882761577873, 824.378828343, 28.3482712644, 1882.5222066, 0.0
2.82026472394, 1.31602055756, 0.949050386693, 1.14560938318, 6.68972802019, 0.809542593946, 3.34814486351, 0.878203941319, 0.91054747124, 1.90754558949, 7.49456163878, 0.873454551816, 1.74679797023, 1.12232510443, 1.09000036144, 1.00347765692, 1.04017594037, 0.899676655093, 9.50126745877, 1.17889738384, 0.797078550094, 281.934023462, 1.04663420155, 1.20718127534, 0.987771007869, 3.94792006097, 1.23230661744, 80.7357781563, 14.5511828405, 1223.73631894, 1.07238605898
4.19052182568, 1.38515983757, 1.16580224168, 1.19894901474, 2.55776966641, 0.97007988682, 4.61536003562, 0.986825736531, 0.980654690697, 1.49163192851, 4.15682419279, 1.01382562179, 3.8836452725, 1.21429744967, 1.09000003662, 1.03984259069, 1.04590360963, 1.01365532537, 5.67933662892, 1.15020672246, 0.794068187999, 309.479766667, 1.15862264927, 1.31061394844, 1.18911435722, 3.91819890199, 1.19053062476, 20.4311374042, 6.38358423315, 44.5189081465, 5.36193029491
5.01429079914, 1.02118398254, 0.944557829682, 0.820331518517, 6.21713598934, 0.956317295816, 1.38905880088, 0.956889045818, 0.938564141935, 4.57515504749, 3.37866806599, 0.888460350814, 5.04811307775, 1.03746780226, 1.09000004417, 1.04504222755, 1.00423498815, 0.822948288014, 3.89786077385, 1.01929154295, 0.818799668114, 43.4678397939, 1.00311291988, 4.13921344514, 1.06872067841, 3.0354935421, 1.28457390168, 794.156412552, 20.4802225205, 1982.99618489, 0.0
1.42075870653, 1.0154626391, 0.897594721596, 1.01804399934, 2.5959418494, 0.969117401075, 2.65319579784, 0.860952010709, 0.912505088553, 3.46615892128, 2.81563591682, 1.06737206107, 3.26646930763, 0.976059042738, 1.09000010538, 1.0816454814, 1.04959546267, 0.813521801466, 9.83331934662, 0.98434061581, 0.91433320297, 138.219239347, 0.990350539308, 5.48210188368, 1.07950960884, 1.37903153888, 1.08748621325, 105.024566269, 15.435115088, 176.813614728, 0.536193029491
3.21364786737, 1.0777617185, 1.01605540505, 1.21592560522, 6.26747668306, 0.742542181742, 1.87613332511, 1.01352581308, 0.954606417837, 4.44704702726, 3.00987462277, 0.961176477991, 5.04789566433, 1.1482103919, 1.0900000955, 1.07873666828, 1.00067265053, 1.03683000671, 7.65914111728, 1.11941157055, 0.767903346786, 367.843822249, 1.00626129293, 1.46344273125, 1.18876287171, 5.17348010678, 1.07369993027, 64.5321428463, 18.4338632557, 196.697896283, 2.41286863271
2.20161008865, 1.41694960129, 1.01145623375, 0.926327121834, 2.54905205126, 0.899655700929, 5.80519745982, 0.911572089412, 0.959985071406, 2.69157470241, 7.79402418507, 1.05757634127, 4.58806056793, 1.02837279526, 1.09000027766, 1.06525594833, 1.04926031548, 1.02427016423, 9.99638690937, 1.02696522231, 0.999963159611, 233.729843392, 0.977976608715, 5.7689461635, 0.999217525187, 4.83419751535, 0.968880579274, 123.487093155, 15.8386831856, 155.232155065, 0.536193029491
5.59803785081, 1.01709670235, 0.933269334294, 0.946197654888, 1.65624413046, 0.756686669425, 3.10966009861, 1.01838075649, 0.953874908705, 4.03563972736, 5.58609184557, 1.05979457339, 2.25973081034, 1.09588216643, 1.09000011262, 1.07436226796, 1.004257379, 0.910884143645, 3.6801397809, 1.01515488406, 0.881934640321, 359.485402476, 1.04694863199, 2.22380311359, 1.0766021671, 1.85131213844, 1.261876607, 297.174953652, 28.9781184609, 3815.88002633, 0.268096514745
1.90217533879, 1.1620142435, 1.10472239334, 1.21951363488, 3.35131712781, 0.765706380872, 1.08941426993, 0.876331252056, 0.944567806347, 4.44307252118, 5.82190830974, 1.08083510285, 4.22282854588, 1.03465221727, 1.09000041445, 1.039161108, 1.0142321421, 0.870086745809, 3.2392310447, 1.14123383635, 0.980809293877, 222.932603371, 1.10257727305, 1.41206271328, 1.09564818973, 1.08750289878, 0.893601713644, 340.028791438, 30.4589190265, 2168.57983908, 0.268096514745
3.65538067671, 1.24986507189, 1.00196584376, 1.1425586638, 4.3887030873, 0.845992454117, 1.08989894308, 0.935890418391, 0.998859697475, 2.33267270261, 5.85612530405, 0.854565760876, 4.53965584107, 1.25027623836, 1.09000095526, 1.10415215559, 1.00598181594, 0.819433938388, 7.16282110993, 0.940549869442, 0.790850524754, 255.549954799, 1.09262456392, 2.10741762498, 1.18558439102, 3.55984054554, 1.02619329865, 132.550682486, 13.0361114075, 342.696035039, 1.60857908847
5.65365990005, 1.0697222053, 0.847057671803, 0.916347743809, 4.23303037883, 0.926915782826, 4.44180314671, 0.918876897345, 0.953266539501, 1.59751905609, 6.99442096811, 1.06410147118, 3.29267579083, 1.01639018434, 1.09000079268, 1.06114211752, 1.01656895728, 1.11409048384, 5.02884125498, 1.04295578736, 0.825896800373, 84.4358026551, 1.13899129475, 5.16847431311, 1.04500500154, 1.24978140346, 0.937691962566, 358.611036003, 29.7982741542, 343.584560471, 0.0
4.29446839466, 1.10310803916, 1.12049642695, 0.811480825218, 6.03349039608, 0.730778921053, 3.75075102809, 0.901634468424, 0.924414881769, 4.51400780804, 3.60513929815, 0.831545139007, 3.66410466207, 1.21670850997, 1.09000032756, 1.02893599055, 1.02351883905, 0.95132531158, 8.91014458449, 0.98887236384, 0.815832938311, 218.963507424, 0.932906731885, 3.79250418715, 1.15917100632, 4.79348879443, 0.978908610808, 210.058574046, 12.8431577248, 626.848147627, 2.14477211796
3.66457324549, 1.36311138418, 1.06682600083, 0.890791113885, 6.02063467417, 0.896540512734, 2.01286215333, 1.01565269332, 0.917676910815, 3.42356416198, 5.6104911643, 1.02365374584, 2.40375917538, 1.21088590604, 1.09000089385, 1.08605354892, 1.0308935406, 0.901983308126, 6.76604169358, 0.928310196057, 0.762837455284, 250.779166715, 0.934685746525, 4.402967307, 1.21221722361, 2.30443461982, 1.17977361143, 88.9035550032, 11.7888585777, 1625.98059943, 1.34048257373
5.64917487667, 1.37604093759, 0.99785518213, 0.948369248181, 6.326341258, 0.77443330503, 1.97882033736, 0.909669586449, 0.977731618314, 4.25175766993, 2.04248662147, 1.05626468336, 4.09589825877, 0.862199723211, 1.09000079148, 1.09483033012, 1.04133943783, 1.17116565434, 7.55630820386, 1.11889289118, 0.785657216838, 352.498828026, 1.13839308653, 3.60776617625, 1.03943453444, 1.2173072464, 0.930461037721, 72.2830491199, 9.4490892286, 911.941529456, 4.02144772118
2.20161008865, 1.37489227483, 1.01145623375, 0.926327121834, 2.09279370475, 0.891583994708, 5.80519745982, 0.911572089412, 0.915762395056, 2.69157470241, 5.33177136471, 0.995147145392, 3.17655333624, 1.02837279526, 1.09000027766, 1.06525594833, 1.04926031548, 1.02427016423, 9.99638690937, 1.02696522231, 0.945270199065, 233.729843392, 0.984273980092, 5.7689461635, 0.999217525187, 4.83419751535, 0.968880579274, 69.7862100175, 11.4540276753, 223.145197857, 5.09383378016
3.93394412755, 1.42222984354, 1.05270830067, 1.17397004161, 4.23261044887, 0.817172130302, 5.81182224121, 0.890163815664, 0.986774027955, 3.6419941015, 5.71053757162, 0.960975353579, 3.98953326447, 0.82264407757, 1.09000024443, 1.00143807993, 1.01051996193, 1.15458903404, 3.81653334247, 0.912792996084, 0.831627088527, 390.557265658, 0.915843556231, 5.70644642918, 0.953148318283, 1.19541682603, 1.1784591319, 87.8843873039, 12.0792165357, 532.607527222, 4.02144772118
4.25920732915, 1.0579284701, 0.933428974383, 0.811480825218, 4.12278334466, 0.940093109946, 1.88429996763, 0.883212718242, 0.924414881769, 2.61630415515, 2.39660864934, 0.93130838871, 2.68101921032, 1.18134897571, 1.09000066113, 1.01144455229, 1.00475477296, 1.10337676586, 6.72223327502, 1.02945606579, 0.7827339697, 61.9905347506, 1.15335350733, 1.1089774863, 0.989542162139, 4.42133871874, 0.905016898106, 67.3977938629, 11.0336286007, 788.88899385, 3.21715817694
5.06520930943, 1.20432830236, 1.04207344262, 0.920316968184, 2.99783933644, 0.778962493996, 1.17646635315, 1.06762596828, 0.959985071406, 2.52880967099, 7.0936188897, 0.857416638427, 3.70021989643, 0.956997095369, 1.09000098278, 1.10946031594, 1.02136749041, 0.85059853712, 5.30548264553, 1.0509174409, 0.999963159611, 59.8856951739, 1.05717304887, 2.01936696309, 1.23887350198, 1.63853439264, 1.07608596876, 742.711576669, 28.2230855262, 2551.4372258, 0.0
3.91542015971, 1.42053279915, 1.06805629811, 0.936269388626, 6.21378956215, 0.956556978969, 3.67171702201, 1.02037121981, 0.924292634608, 3.79276726144, 5.88010379609, 0.949067056978, 3.98809475153, 1.10278689768, 1.09000014938, 1.0793568067, 1.04975194236, 1.2289843691, 6.91192921983, 0.924449454589, 0.958415253787, 74.2127017684, 1.00971151858, 5.02524509543, 1.23070134013, 2.8933521472, 1.26149333368, 56.0053934343, 9.13841006696, 261.815238816, 6.70241286863
4.94842089907, 1.21067105199, 0.847835680193, 1.14381360461, 5.02947437242, 0.843119325893, 1.31532117746, 0.924288093888, 0.997703481439, 1.57162807548, 4.28610087233, 1.02645510882, 4.37427369834, 0.866067576139, 1.09000035411, 1.09047933955, 1.00000181734, 1.22195249891, 4.42296609368, 1.07917831969, 0.935433822177, 133.18389029, 1.03502525924, 1.77290762603, 1.03924467263, 2.15163343746, 0.94395259938, 185.715838575, 15.467613916, 1197.3026169, 0.804289544236
5.46388850423, 1.03231300725, 0.780890536541, 1.21870970182, 5.8241500296, 0.811702864449, 2.29238088243, 1.0651436691, 0.958754445743, 3.23413479036, 3.3894645519, 0.888091910653, 1.48776390411, 0.890530172209, 1.09000019121, 1.04462629931, 1.04899392992, 0.959209474638, 3.51985049201, 0.98434061581, 0.765415093399, 169.837392341, 1.14744746726, 4.13204188944, 1.23841126437, 5.29840883832, 0.945268355773, 437.131975023, 22.3434696221, 3457.74115693, 0.536193029491
5.15606804467, 1.00735264906, 1.1570780217, 1.12013517483, 3.84176196715, 0.76633755978, 1.04400537791, 0.955894729278, 0.92584977446, 1.41147708835, 2.7124876703, 1.01989545299, 3.94470548307, 0.815163488227, 1.09000036992, 1.07669407245, 1.04747969217, 1.00908277135, 5.64057942321, 0.923077807795, 0.9827506545, 169.795746684, 0.983421942405, 4.23991271958, 0.96051801649, 4.7523267046, 1.20333663583, 327.628055051, 17.7748080802, 464.276187086, 1.34048257373
1.66607860506, 1.12113303282, 1.05733466327, 1.05160985999, 4.16600535589, 0.724868685913, 1.18050095119, 0.820881938182, 0.918535416102, 5.24040205132, 2.78521320282, 0.910191371255, 4.72975780809, 1.05310936416, 1.09000098598, 1.09534469746, 1.04447113594, 1.14458412046, 8.86205848438, 1.16482689846, 0.83924440102, 97.0873338773, 1.11686081607, 2.64222028302, 1.18531894628, 1.28221160594, 0.921953933813, 373.820978795, 22.8863459256, 3804.3925724, 0.536193029491
4.0556895293, 1.34048329341, 0.798169691923, 0.808089853128, 5.10959630335, 0.946273327452, 2.57260089775, 0.893336081293, 0.93084201524, 1.70342836083, 2.03791435647, 0.95911757377, 2.42042771756, 1.13746422029, 1.09000091782, 1.03851037162, 1.04019935388, 0.822972223068, 5.78743669284, 0.920889384006, 0.928511245702, 298.983931211, 1.07228505444, 2.11209884986, 1.11438063328, 4.13991163578, 1.01072456007, 231.648838331, 16.0076185212, 280.114421387, 1.60857908847
4.43674260982, 1.0697222053, 0.745934334202, 1.10215041482, 4.24157657785, 0.927282962344, 5.50889298546, 1.01376177994, 0.96855250273, 1.59751905609, 5.20720276687, 0.884904942675, 2.03535206766, 1.06086510417, 1.09000088212, 1.08996482856, 1.00505596832, 1.16292259096, 7.80703927432, 1.17855473662, 0.858930249077, 319.189634216, 1.15894720322, 5.93557341687, 1.11932067303, 3.45452910281, 0.938355235548, 449.72577547, 31.4294668722, 197.295341692, 0.536193029491
1.59403780607, 1.03879481754, 1.0543781866, 1.18020602902, 3.53733797561, 0.83670573057, 5.41516272921, 1.08006685013, 0.995928035981, 1.57162807548, 3.80388723118, 0.913308733807, 4.24231451662, 1.20920299808, 1.0900004252, 1.0627907832, 1.04569055744, 0.824415966637, 9.65293727446, 1.00183542543, 0.857626441351, 243.344978329, 0.986835895256, 1.00549278049, 1.07452429805, 1.59445938503, 0.990627141779, 260.457350884, 20.1409538721, 588.855185437, 1.07238605898
2.78721058535, 1.30899942314, 0.837223992891, 0.916224799564, 4.93079284902, 0.726642564337, 3.37079479495, 1.00382184082, 0.937210882679, 5.72268375348, 4.49756689937, 0.81073402562, 1.15182121221, 0.818114604618, 1.0900006979, 1.05832457789, 1.04943187, 0.878391668908, 8.72226014142, 1.0273981512, 0.987508731237, 371.984789217, 0.938770272445, 5.45489767158, 1.10431575824, 4.21780959547, 0.883044264675, 128.393108781, 16.3468511947, 351.791955187, 2.41286863271
4.25920732915, 1.0579284701, 0.933428974383, 0.98310352914, 4.12278334466, 0.940093109946, 1.88429996763, 1.00694810994, 0.946038046886, 1.73865072763, 2.39660864934, 0.93130838871, 2.68101921032, 1.18134897571, 1.09000066837, 1.04949570122, 1.00475477296, 1.10337676586, 6.72223327502, 1.03488381997, 0.7827339697, 61.9905347506, 1.15335350733, 1.1089774863, 0.989542162139, 4.42133871874, 0.905016898106, 299.554973224, 28.001494918, 967.8626621, 0.536193029491
5.52461744163, 1.18412173803, 0.858819211239, 0.908225866898, 2.48734869566, 0.782168874373, 5.99652249343, 1.06693286779, 0.960230315729, 2.57377051014, 5.12521034358, 1.00555555402, 4.70818665559, 0.975686034103, 1.09000047622, 1.03481105238, 1.0066082666, 1.06912341764, 8.58945495603, 0.934903115281, 0.761393333399, 298.983931211, 1.1226717073, 3.36662885042, 1.07242962378, 3.16874793992, 0.891103855332, 242.147337479, 13.9608460512, 510.067980671, 2.68096514745
1.45604722776, 1.328034614, 1.02558171213, 1.19406708308, 2.94033082714, 0.906281357283, 1.01220715921, 0.959506359367, 0.943323283674, 3.05320164916, 7.02022620531, 1.06614717322, 4.74210826487, 1.12952194263, 1.09000094105, 1.01533395133, 1.00944663129, 0.817574770513, 7.98765518454, 1.04315888482, 0.831276312972, 125.032773021, 1.12777168747, 4.66278005688, 1.10673745951, 3.00965979754, 1.13519569159, 410.6427544, 31.0958491859, 4157.9752632, 0.0
1.66607860506, 1.12113303282, 1.05733466327, 1.04304925973, 4.16600535589, 0.865218179483, 1.18050095119, 0.893336081293, 0.918535416102, 1.70342836083, 2.15446491184, 0.910191371255, 4.72975780809, 1.05310936416, 1.09000098598, 1.03851037162, 1.04447113594, 1.01187409297, 4.91143001997, 1.16482689846, 0.83924440102, 97.0873338773, 1.11686081607, 2.64222028302, 1.18531894628, 1.28221160594, 0.921953933813, 409.495268807, 31.2880122161, 883.590343897, 0.0
3.93394412755, 1.42222984354, 1.05270830067, 1.17397004161, 4.23261044887, 0.817172130302, 5.81182224121, 0.911591771003, 0.986774027955, 3.6419941015, 5.71053757162, 0.960975353579, 3.98953326447, 0.833683752856, 1.09000029506, 1.00154037577, 1.01051996193, 1.15458903404, 3.81653334247, 0.912792996084, 0.894301096364, 390.557265658, 1.03623381495, 5.70644642918, 0.953148318283, 1.19541682603, 1.13938395251, 126.977563731, 16.3846426134, 1685.29025827, 2.14477211796
2.54194884834, 1.41847729212, 0.962458296819, 1.19406708308, 1.95376799452, 0.932055488043, 1.59633444449, 0.957900340326, 0.933668584895, 2.73579366891, 4.64242321252, 1.0675741611, 1.81735122157, 1.25967208628, 1.09000092236, 1.09970657848, 1.01184854652, 1.10082755429, 8.54846163831, 1.01007217691, 0.879686912305, 82.3255298574, 1.14027267516, 5.65485983517, 1.01158634214, 3.82281192099, 1.01680394173, 233.218794748, 13.3729667427, 1311.2411515, 5.8981233244
4.36657732988, 1.39018829612, 0.955680859159, 0.985102729611, 2.44766871112, 0.997776976378, 4.51471525415, 1.07163502514, 0.995496107976, 5.57026589299, 6.5886715918, 1.05426765029, 4.24769267423, 0.824913470573, 1.09000008718, 1.01633648838, 1.00025376641, 1.19151478009, 6.8796913277, 1.18417231004, 0.874167301572, 222.733118384, 0.988531909867, 4.40789637517, 0.974373091071, 1.04272728915, 1.28495359724, 819.813914099, 28.6644578302, 3863.72011472, 0.0
5.46388850423, 1.03231300725, 0.780890536541, 1.21870970182, 5.8241500296, 0.811702864449, 2.29238088243, 1.0651436691, 0.958754445743, 3.23413479036, 3.3894645519, 0.888091910653, 1.48776390411, 0.890530172209, 1.09000019121, 1.04462629931, 1.04899392992, 0.959209474638, 3.51985049201, 0.98434061581, 0.765415093399, 169.837392341, 1.02688102799, 4.13204188944, 1.15192492244, 5.29840883832, 0.904993339005, 216.076681066, 13.6016051136, 351.531513176, 8.3109919571
2.54194884834, 1.41569805609, 0.744371808211, 1.19406708308, 1.95376799452, 0.932055488043, 1.59633444449, 1.081904916, 0.933668584895, 2.73579366891, 3.61606790992, 0.955568939548, 3.42938251286, 1.06038703945, 1.09000092236, 1.09970657848, 1.01184854652, 1.10082755429, 8.54846163831, 0.923077807795, 0.879421587726, 82.3255298574, 1.14027267516, 5.65485983517, 1.0072621662, 3.82281192099, 1.01680394173, 216.9200282, 16.367130752, 4511.69861368, 2.14477211796
1.90217533879, 1.1620142435, 1.10472239334, 1.21951363488, 4.3887030873, 0.765706380872, 1.08941426993, 0.843364647959, 0.944567806347, 4.44307252118, 5.82190830974, 1.08083510285, 4.22282854588, 1.01547251708, 1.09000041445, 1.039161108, 1.04095490691, 0.870086745809, 3.2392310447, 1.14123383635, 0.980809293877, 281.92607525, 1.10257727305, 1.41206271328, 1.09564818973, 1.08750289878, 0.893601713644, 246.860312064, 16.6507264455, 1570.74869307, 0.804289544236
4.89326978223, 1.09949974511, 0.926450256351, 0.89226196039, 4.09735341748, 0.736685215696, 2.26801784204, 0.932564913991, 0.998687200836, 3.18900497177, 5.17122805815, 0.916189213453, 4.86396253038, 0.958474168469, 1.09000036733, 1.10072707882, 1.02973286755, 1.14068986568, 7.03644406672, 0.927235449701, 0.859610284632, 386.99591499, 1.03506641797, 3.55933019581, 1.07242962378, 1.29223315378, 1.27326209215, 226.41314669, 19.0200649064, 2681.46747847, 1.60857908847
5.73841833805, 1.38898607394, 0.978895827104, 0.95683690035, 3.62002742853, 0.824620009707, 5.94155577226, 0.979814204784, 0.983280373702, 1.29911960608, 4.66493599137, 1.07208799433, 4.36449743701, 1.28338237699, 1.09000073791, 1.05871631838, 1.01345665712, 1.01621881078, 3.72046037847, 1.04295578736, 0.998386844861, 51.9857761606, 0.992535029088, 4.42079903046, 1.04236033747, 4.63039892167, 1.01425976626, 909.107230558, 24.8854370161, 4567.16900412, 0.536193029491
3.7716993516, 1.21148458232, 1.05344178707, 0.942629246041, 2.65223856193, 0.979717232838, 4.49575725004, 0.993016209742, 0.919710762028, 3.77910770443, 7.7555267975, 0.874771218027, 1.08472371848, 0.931009909219, 1.09000073264, 1.06556194517, 1.02689254438, 1.13912258092, 5.01775424059, 0.960871458483, 0.974457590209, 222.733118384, 1.10664403145, 1.08975532014, 1.17739562658, 3.16460656364, 1.08082785775, 242.300186613, 20.5129404794, 528.870793119, 1.87667560322
4.43674260982, 1.2067898052, 0.745934334202, 1.10215041482, 4.24157657785, 0.878606649008, 3.94097400796, 0.985780116616, 0.96855250273, 4.49095583544, 5.20720276687, 0.884904942675, 2.03535206766, 1.06086510417, 1.09000088212, 1.08996482856, 1.00505596832, 1.05616431835, 7.80703927432, 1.17855473662, 0.858930249077, 319.189634216, 0.9605183675, 5.93557341687, 1.11932067303, 3.45452910281, 0.938355235548, 337.326817555, 21.5426140463, 1427.53084175, 1.34048257373
4.41496522105, 1.06551547657, 0.849244813688, 1.10014029133, 4.6462929202, 0.820497157265, 4.3100629687, 0.979754828658, 0.978487144784, 3.64214360306, 5.2584959663, 0.825272965955, 2.62346964252, 0.887833858719, 1.0900004691, 1.07798610974, 1.01836671233, 1.1696634584, 4.10222379158, 1.13140432235, 0.76137865624, 357.148513224, 1.13042083479, 1.88683246597, 1.18834752343, 1.62085939402, 1.12577276577, 234.777518988, 19.2692214088, 765.115192176, 4.28954423592
2.2201597707, 1.11948946269, 1.02096453004, 0.988796422049, 4.71841115353, 0.897798060557, 4.48259218599, 1.06821628165, 0.92465336457, 4.85001160642, 6.55933375039, 0.839923141249, 2.5954180249, 1.03699925106, 1.09000027717, 1.09386508555, 1.03669389731, 1.08158598605, 8.21379870551, 1.15466229342, 0.787546654179, 379.208357421, 1.15300750907, 1.81933165998, 1.05296665676, 5.15767151465, 0.961125833147, 164.572623609, 17.4203459864, 1098.01830366, 4.28954423592
5.38137453734, 1.0438172146, 0.827817124954, 0.910186903989, 3.13695929857, 0.752214590509, 2.20510056187, 1.0020555221, 0.956066774113, 5.99709017674, 4.10711319829, 0.912012555038, 3.26020615054, 1.15290003902, 1.090000328, 1.06081921269, 1.02213099047, 0.848395864735, 6.20365697675, 0.916482146825, 0.862840922011, 252.173688544, 0.913931692196, 3.16871116777, 1.06073459477, 4.30042372772, 1.29989263053, 313.865503621, 29.9339784761, 1288.42379197, 0.536193029491
2.50368676379, 1.3263481155, 1.04207344262, 1.21679895832, 2.24147313867, 0.741583298339, 1.73300243047, 1.07162485627, 0.9799306789, 5.69781181264, 7.0936188897, 1.01563886544, 4.98638108015, 0.852649203503, 1.09000027743, 1.00273875642, 1.00657485264, 0.949176423312, 6.1507798244, 0.916668759102, 0.970344080998, 14.8781224383, 1.19136064215, 5.2521573285, 1.07252797533, 3.13565092245, 1.02365158844, 834.120136834, 29.0515154443, 3502.68177282, 0.536193029491
2.20161008865, 1.37489227483, 1.01145623375, 0.926327121834, 2.54905205126, 0.891583994708, 5.80519745982, 0.911572089412, 0.959985071406, 2.69157470241, 7.0936188897, 0.995147145392, 3.17655333624, 1.02837279526, 1.09000027766, 1.06525594833, 1.04926031548, 1.02427016423, 9.99638690937, 1.02696522231, 0.999963159611, 233.729843392, 0.977976608715, 5.7689461635, 0.999217525187, 4.83419751535, 0.968880579274, 429.288246034, 16.3516127009, 583.589581138, 3.48525469169
3.35871878797, 1.27569227183, 0.816570955104, 0.865542830945, 2.05468246296, 0.982518727699, 4.62639957937, 1.01044495978, 0.902947829303, 5.38073835199, 6.07184329928, 1.07533173874, 2.71762748701, 1.26538898615, 1.09000083173, 1.07605685404, 1.03434315292, 1.20332976723, 6.19277193368, 1.01388117475, 0.887775490641, 389.158883235, 1.06020537997, 4.69704451608, 1.14371941706, 4.79877425669, 1.08706498228, 252.44522118, 16.2368526, 1484.52649638, 5.09383378016
5.15606804467, 1.00735264906, 1.1570780217, 1.07930889029, 3.84176196715, 0.76633755978, 1.04400537791, 0.955894729278, 0.92584977446, 3.0267542782, 2.7124876703, 1.01989545299, 3.94470548307, 0.815163488227, 1.09000036992, 1.07669407245, 1.01051996193, 1.15458903404, 5.64057942321, 0.925450543456, 0.9827506545, 169.795746684, 0.983421942405, 4.23991271958, 0.96051801649, 4.7523267046, 1.20333663583, 302.645468092, 14.7957744181, 1496.62087227, 5.63002680965
2.17886157481, 1.07928337063, 0.957268767802, 1.10817409073, 4.66290540829, 0.917116236697, 2.45215875722, 1.03016188422, 0.995496107976, 3.5979867119, 3.7607411189, 0.865465196858, 3.86293651274, 0.848769223782, 1.0900001831, 1.10800328882, 1.01868870615, 1.08584169873, 3.76659464515, 0.919880081864, 0.957348768917, 219.119302201, 1.1282409665, 1.13929932469, 1.04216351031, 4.80610995772, 1.16747098933, 288.292827753, 16.2748212533, 806.039753672, 5.36193029491
5.52461744163, 1.18412173803, 0.858819211239, 0.908225866898, 2.48734869566, 0.782168874373, 5.99652249343, 1.06693286779, 0.960230315729, 2.57377051014, 5.12521034358, 1.00555555402, 4.70818665559, 0.975686034103, 1.09000047622, 1.03481105238, 1.0066082666, 1.06912341764, 8.58945495603, 0.920889384006, 0.761393333399, 298.983931211, 1.1226717073, 3.36662885042, 0.974303370523, 3.16874793992, 0.891103855332, 375.287328261, 15.7597622511, 1186.17249442, 2.68096514745
1.25721862389, 1.37489227483, 1.01145623375, 0.98297654683, 4.62983420031, 0.729685775447, 5.80519745982, 0.911572089412, 0.915762395056, 2.69157470241, 2.56577660591, 0.815354252047, 3.17655333624, 1.02837279526, 1.09000027766, 1.06525594833, 1.04926031548, 1.02427016423, 9.99638690937, 1.08015821039, 0.945270199065, 233.729843392, 0.984273980092, 5.7689461635, 0.994057398143, 4.83419751535, 0.968880579274, 712.994562775, 38.7198084746, 3375.47733642, 0.0
5.27472256474, 1.21641079646, 0.958278268975, 0.939853291996, 2.30460470155, 0.724868685913, 5.710366479, 0.843247404606, 0.912663107284, 5.38259043377, 4.40169993503, 0.885219654126, 1.85987727153, 0.987665973561, 1.09000034662, 1.08321209222, 1.04963768494, 1.0430906223, 6.21841616513, 0.972692204579, 0.857540081808, 85.1282585042, 1.13916682501, 5.67579900578, 0.987106279204, 5.4018655864, 1.27077649051, 1798.32164701, 32.8891288211, 2647.00801705, 0.0
5.59803785081, 1.01709670235, 0.933269334294, 0.946197654888, 1.65624413046, 0.756686669425, 3.10966009861, 1.01838075649, 0.953874908705, 4.03563972736, 5.58609184557, 1.05979457339, 2.25973081034, 1.09588216643, 1.09000011262, 1.07436226796, 1.004257379, 0.910884143645, 3.6801397809, 1.01515488406, 0.881934640321, 359.485402476, 1.04694863199, 2.22380311359, 1.0766021671, 1.85131213844, 1.261876607, 919.363208962, 40.3684400796, 1280.45537386, 0.804289544236
3.93394412755, 1.42222984354, 1.05270830067, 1.17397004161, 4.23261044887, 0.843547631636, 5.81182224121, 0.911591771003, 0.986774027955, 3.6419941015, 5.71053757162, 0.960975353579, 3.98953326447, 0.824913470573, 1.09000008718, 1.00154037577, 1.00025376641, 1.15458903404, 3.81653334247, 0.912792996084, 0.894301096364, 390.557265658, 1.03623381495, 5.70644642918, 0.953148318283, 1.19541682603, 1.13938395251, 801.809971018, 38.2073572392, 2890.17574413, 0.0
2.97717979116, 1.18128984463, 1.14892276055, 0.853821881985, 6.27339846586, 0.945715321764, 1.41535200004, 0.886467358872, 0.969105619566, 1.75976612461, 1.611454266, 0.844455260471, 4.23464265902, 1.15010511716, 1.09000054798, 1.10657724215, 1.03504976814, 0.856499684156, 9.20724512046, 1.15412004447, 0.974907590292, 65.6255870726, 1.02317570071, 5.08476145741, 0.976143063651, 4.5686118957, 1.19148676711, 431.239894495, 32.2016339824, 1474.09695863, 0.268096514745
3.07612597066, 1.21067105199, 0.847835680193, 1.14381360461, 5.02947437242, 0.843119325893, 1.31532117746, 0.924288093888, 0.936305562059, 5.06555875328, 6.77675825064, 1.02645510882, 4.37427369834, 0.866067576139, 1.09000035411, 1.09047933955, 1.00000181734, 1.22195249891, 5.66517820132, 1.07917831969, 0.935433822177, 133.18389029, 1.04571284162, 1.77290762603, 1.17285800583, 2.15163343746, 0.94395259938, 137.21586009, 23.423287537, 2676.40969044, 2.68096514745
2.21383149716, 1.40941157181, 0.824725546378, 1.12013517483, 2.43061874332, 0.878164075968, 4.00955317936, 1.0516699084, 0.979701813336, 3.5105858648, 4.73090143072, 0.968781550134, 4.99772452072, 0.84639884124, 1.09000045832, 1.04536250527, 1.02592864247, 1.00908277135, 8.98176014155, 0.931506759224, 0.901641997084, 391.361970682, 1.10555395228, 3.85737134961, 1.06156116044, 4.28134905867, 1.15157172775, 153.873695057, 24.8016612677, 1963.17911638, 2.68096514745
2.54194884834, 1.41847729212, 1.07432112732, 1.19406708308, 1.95376799452, 0.932055488043, 1.59633444449, 1.07589720639, 0.933668584895, 2.73579366891, 4.64242321252, 1.06381986634, 1.81735122157, 1.25967208628, 1.09000092236, 1.09970657848, 1.01184854652, 1.10082755429, 8.54846163831, 1.01007217691, 0.879686912305, 82.3255298574, 1.14027267516, 5.65485983517, 1.01158634214, 3.82281192099, 1.01680394173, 282.189948816, 14.2548357392, 5054.77096605, 8.04289544236
4.89326978223, 1.04628909755, 0.926450256351, 0.89226196039, 4.09735341748, 0.736685215696, 2.26801784204, 0.932564913991, 0.998687200836, 3.18900497177, 5.17122805815, 0.894048655085, 4.86396253038, 0.958474168469, 1.09000036733, 1.10072707882, 1.02973286755, 1.14068986568, 7.03644406672, 0.927235449701, 0.859610284632, 386.99591499, 1.03506641797, 3.55933019581, 0.974303370523, 1.29223315378, 1.27326209215, 1492.47101301, 35.1198536749, 14231.7489176, 0.0
3.78371140645, 1.02148648073, 1.11842359745, 0.919804479496, 1.85886891443, 0.842117040914, 5.3821119759, 0.852491422324, 0.92807369527, 5.06349003015, 2.87587161872, 0.980747611819, 3.25915259311, 1.28951141049, 1.09000023114, 1.0855480317, 1.00615273938, 1.16074817336, 6.23741291915, 1.17104726605, 0.797162916998, 250.779166715, 1.16743695848, 2.1971343692, 1.00427885352, 1.3945805241, 1.29670675042, 286.622077496, 15.1323423164, 3595.99010277, 8.3109919571
4.37582209458, 1.33939064076, 1.0641333176, 1.13914376014, 1.41312684998, 0.793176244562, 3.22993364213, 0.860974765648, 0.988530008407, 5.46496969212, 6.32112230299, 0.881928475041, 1.59112726133, 1.1334248251, 1.09000050476, 1.05205954309, 1.01560288271, 1.0430906223, 4.06391529642, 0.91693507415, 0.831276312972, 377.590295457, 1.0290500158, 5.51437189681, 1.03596125354, 2.53471313347, 1.11022961041, 1850.08996148, 30.7442795825, 801.311562246, 3.21715817694
1.183494293, 1.07928337063, 0.957268767802, 1.10817409073, 4.66290540829, 0.917116236697, 2.45215875722, 1.03016188422, 0.995496107976, 3.5979867119, 3.7607411189, 0.865465196858, 3.86293651274, 0.848769223782, 1.0900001831, 1.10800328882, 1.01868870615, 1.08584169873, 3.76659464515, 0.919880081864, 0.957348768917, 219.119302201, 1.08450019973, 1.19924226195, 1.04216351031, 4.80610995772, 1.16747098933, 235.628278073, 26.3758693231, 1064.30889365, 5.09383378016
1.38329201772, 1.21641079646, 0.958278268975, 1.00713609656, 2.30460470155, 0.931059027679, 2.31029458302, 0.953284213322, 0.939745836871, 4.48652399485, 4.40169993503, 1.05114229171, 3.46869919833, 0.987665973561, 1.09000034662, 1.08321209222, 1.02878027418, 1.15054003481, 6.21841616513, 0.935188426059, 0.837099142951, 85.1282585042, 1.13916682501, 4.8129201815, 1.00875726969, 5.4018655864, 0.882761577873, 2350.83776179, 42.4974883359, 5026.84698239, 0.0
5.06520930943, 1.20432830236, 1.04207344262, 0.920316968184, 2.99783933644, 0.940093109946, 1.17646635315, 1.06762596828, 0.959985071406, 2.52880967099, 7.0936188897, 0.857416638427, 3.70021989643, 0.956997095369, 1.09000098278, 1.10946031594, 1.02136749041, 0.85059853712, 5.30548264553, 1.0509174409, 0.999999451245, 59.8856951739, 1.05717304887, 1.1089774863, 0.989542162139, 1.63853439264, 1.07608596876, 1693.23220809, 48.2905185877, 3059.77312382, 0.0
5.65365990005, 1.0697222053, 0.735361167141, 0.916347743809, 4.23303037883, 0.926915782826, 4.44180314671, 0.918876897345, 0.953266539501, 1.59751905609, 6.99442096811, 1.06410147118, 3.29267579083, 1.01639018434, 1.09000079268, 1.06114211752, 1.01656895728, 1.11409048384, 5.02884125498, 1.05167780464, 0.822284789954, 84.4358026551, 1.12135912659, 5.16847431311, 1.04500500154, 1.58286119286, 0.937691962566, 301.937326146, 15.1386573497, 11332.924233, 7.77479892761
2.04167513998, 1.33939064076, 1.0641333176, 1.13914376014, 1.41312684998, 0.793176244562, 3.22993364213, 0.860974765648, 0.988530008407, 5.46496969212, 6.32112230299, 0.881928475041, 1.59112726133, 1.1334248251, 1.09000050476, 1.05205954309, 1.01560288271, 1.0430906223, 4.06391529642, 0.91693507415, 0.831276312972, 377.590295457, 1.0290500158, 5.51437189681, 1.02998668997, 2.53471313347, 1.11022961041, 1864.74157618, 29.7444488536, 7986.93606764, 0.0
1.12595187198, 1.000848942, 0.906990721867, 1.09176845389, 4.44614421653, 0.811068244091, 5.6861487396, 1.04225473167, 0.993646207574, 5.86486781416, 4.24614229362, 0.885219654126, 4.67612590814, 0.825537024385, 1.09000063154, 1.00132523051, 1.0141255266, 0.903642176082, 7.59016898572, 1.13908866128, 0.829838333464, 363.647488435, 1.14765160466, 1.1341549055, 1.15657043523, 1.53108836744, 0.930413954876, 820.817511752, 29.21842632, 10777.1418084, 0.268096514745
1.66607860506, 1.39217182507, 1.05733466327, 1.07398540752, 4.16600535589, 0.945715321764, 1.18050095119, 0.820881938182, 0.939745836871, 5.24040205132, 4.10047356296, 0.910191371255, 4.72975780809, 1.05310936416, 1.09000098598, 1.10877593358, 1.0424900776, 0.856499684156, 8.86205848438, 1.16482689846, 0.83924440102, 97.0873338773, 1.11686081607, 1.14186413284, 1.18531894628, 1.28221160594, 0.921953933813, 1434.75654938, 35.8846116806, 8723.27807611, 0.0
2.2201597707, 1.42222984354, 1.05270830067, 1.17397004161, 4.23261044887, 0.973637657769, 5.81182224121, 0.911591771003, 0.986774027955, 3.88752136502, 5.71053757162, 0.960975353579, 3.98953326447, 0.824913470573, 1.09000008718, 1.00154037577, 1.00025376641, 1.15458903404, 4.88739039711, 0.912792996084, 0.894301096364, 390.557265658, 1.03623381495, 1.81933165998, 0.953148318283, 1.19541682603, 1.13938395251, 385.568773169, 16.2504507125, 2048.82021867, 5.36193029491
3.78371140645, 1.35656016063, 1.11842359745, 0.919804479496, 1.85886891443, 0.833942402094, 5.3821119759, 0.852491422324, 0.983280373702, 2.19222806447, 2.87587161872, 0.980747611819, 3.25915259311, 1.28951141049, 1.09000023114, 1.09743890234, 1.00615273938, 1.16074817336, 6.23741291915, 1.17104726605, 0.797162916998, 250.779166715, 1.16743695848, 2.1971343692, 1.00427885352, 1.3945805241, 1.29670675042, 986.461547533, 40.5811434949, 1688.23946238, 0.536193029491
3.82349854985, 1.33254232726, 0.902131397295, 0.855724023042, 5.5255411335, 0.924980422919, 5.63640742332, 1.06359427751, 0.960674144435, 2.48957172584, 6.20965360938, 0.909181512106, 1.31832267689, 0.868943682036, 1.09000017962, 1.01311275444, 1.02120409925, 0.840997396769, 7.56266594429, 1.10712189833, 0.990221263719, 300.48936785, 1.12662895199, 4.60845655227, 0.967007842431, 3.33940588803, 1.12607287225, 1655.05238936, 33.2720810702, 6152.267323, 0.0
1.66607860506, 1.39217182507, 1.05733466327, 1.07398540752, 2.44766871112, 0.787331721805, 1.18050095119, 0.820881938182, 0.939745836871, 5.24040205132, 3.05231710787, 0.910191371255, 4.72975780809, 1.05310936416, 1.09000098598, 1.09534469746, 1.04353381739, 1.14458412046, 8.86205848438, 1.16482689846, 0.83924440102, 117.54081818, 1.11686081607, 2.64222028302, 1.18531894628, 1.28221160594, 0.921953933813, 1118.25686206, 44.0517017155, 1554.1177818, 1.34048257373
5.52461744163, 1.18412173803, 0.858819211239, 0.908225866898, 2.48734869566, 0.782168874373, 5.99652249343, 1.06693286779, 0.960230315729, 2.57377051014, 5.12521034358, 1.00555555402, 4.70818665559, 0.975686034103, 1.09000047622, 1.03481105238, 1.0066082666, 1.06912341764, 8.58945495603, 1.08290095843, 0.761393333399, 116.621315427, 1.1226717073, 2.66852725449, 1.02077676603, 2.12865409484, 0.891103855332, 1120.46953683, 26.3084607084, 4661.85000697, 0.536193029491
1.12738695389, 1.03879481754, 1.0543781866, 1.18020602902, 3.53733797561, 0.83670573057, 5.41516272921, 1.08006685013, 0.995928035981, 1.57162807548, 3.80388723118, 0.913308733807, 4.24231451662, 1.20920299808, 1.0900004252, 1.0627907832, 1.00505596832, 0.824415966637, 9.65293727446, 1.00183542543, 0.857626441351, 243.344978329, 0.986835895256, 1.00549278049, 1.07452429805, 1.59445938503, 0.990627141779, 620.815257467, 21.231953892, 3771.86026156, 1.60857908847
2.17886157481, 1.31166970525, 0.952300347231, 0.928995994583, 1.86402034969, 0.767476077686, 3.52024866227, 0.905609284939, 0.975436896247, 6.08018289108, 6.41317517782, 0.813756055215, 3.94851023497, 1.01014315242, 1.09000026914, 1.04111289394, 1.02478971109, 0.843606363858, 7.40865406604, 0.91497792849, 0.944945807539, 277.839315884, 1.10383746154, 5.85650654264, 1.12900146874, 4.46713790248, 1.16317623425, 403.275607202, 23.8503101155, 8801.56889162, 2.14477211796
3.65538067671, 1.24986507189, 1.00196584376, 1.1425586638, 4.3887030873, 0.845992454117, 2.24644087277, 0.935890418391, 0.998859697475, 2.33267270261, 5.85612530405, 0.854565760876, 4.53965584107, 1.25027623836, 1.09000095526, 1.09843616058, 1.00598181594, 0.819433938388, 7.16282110993, 0.940549869442, 0.857540081808, 255.549954799, 1.09262456392, 2.10741762498, 1.18558439102, 2.46444471242, 1.02619329865, 338.91738675, 18.1224939425, 2403.04102474, 4.02144772118
1.3803171021, 1.14082528697, 1.11404412151, 0.988796422049, 4.71841115353, 0.711754672464, 2.65405156861, 1.05736585631, 0.929159669367, 4.94941452787, 5.54748127872, 1.07673935326, 2.33249052998, 1.08640028852, 1.09000064974, 1.01211434143, 1.01058668004, 1.22961371134, 4.30073949669, 0.9428265472, 0.978339615568, 274.523047552, 1.19018713528, 2.55374507781, 1.10467389578, 2.3505951222, 1.08298462721, 542.667616833, 17.9983384216, 5171.17715036, 2.9490616622
3.78371140645, 1.05127939589, 1.11842359745, 0.919804479496, 1.85886891443, 0.833942402094, 5.3821119759, 0.852491422324, 0.983280373702, 2.19222806447, 2.87587161872, 0.980747611819, 3.25915259311, 1.28951141049, 1.09000023114, 1.09743890234, 1.00615273938, 1.16074817336, 6.23741291915, 1.17104726605, 0.797162916998, 250.779166715, 1.16743695848, 2.1971343692, 1.00427885352, 1.3945805241, 1.29670675042, 371.148285712, 18.6113680188, 1098.57763848, 4.82573726542
5.28918154501, 1.37604093759, 0.99785518213, 0.948369248181, 6.326341258, 0.77443330503, 1.97882033736, 0.909669586449, 0.977731618314, 4.25175766993, 2.04248662147, 1.05626468336, 4.09589825877, 0.969741243974, 1.09000079148, 1.09483033012, 1.04133943783, 1.17116565434, 7.55630820386, 1.11889289118, 0.785657216838, 352.498828026, 1.13839308653, 3.60776617625, 1.03943453444, 3.65413426079, 0.930461037721, 419.326179796, 16.7873236899, 10932.0991306, 2.41286863271
5.87508822551, 1.09949974511, 0.858819211239, 0.908225866898, 2.74948137446, 0.782168874373, 5.99652249343, 1.07820707674, 0.94129827261, 2.57377051014, 5.12521034358, 1.00555555402, 4.70818665559, 0.943710535269, 1.09000036733, 1.01731764224, 1.04963768494, 1.06912341764, 7.03644406672, 1.08290095843, 0.761393333399, 386.99591499, 1.1226717073, 2.66852725449, 1.02077676603, 2.12865409484, 0.891103855332, 664.364565036, 21.7845578125, 1124.29317812, 2.14477211796
4.36657732988, 1.33254232726, 0.843000938615, 0.985102729611, 2.44766871112, 0.996849271243, 4.51471525415, 1.07163502514, 0.934477721657, 5.75260446879, 6.5886715918, 1.05426765029, 4.24769267423, 0.824913470573, 1.09000008718, 1.01633648838, 1.00025376641, 1.19151478009, 6.8796913277, 1.18417231004, 0.874167301572, 222.733118384, 0.988531909867, 4.40789637517, 0.974373091071, 1.04272728915, 1.28495359724, 721.920099804, 19.3581034667, 1473.50395041, 3.21715817694
5.65365990005, 1.0697222053, 0.847057671803, 0.916347743809, 4.82433661597, 0.926915782826, 4.44180314671, 0.918876897345, 0.953266539501, 1.59751905609, 6.99442096811, 1.06410147118, 3.29267579083, 1.01639018434, 1.09000079268, 1.06114211752, 1.01656895728, 1.15714991347, 5.02884125498, 1.04295578736, 0.825896800373, 84.4358026551, 1.13899129475, 5.16847431311, 1.04500500154, 1.24978140346, 0.937691962566, 565.636002876, 25.4965320503, 2211.24753242, 1.07238605898
1.7994309558, 1.04093647383, 1.11865068322, 0.98297654683, 2.34565346615, 0.870670685984, 4.30248454704, 1.09870756285, 0.940008857597, 4.52003965654, 5.56559108844, 0.905270919092, 1.89957925978, 0.865808839515, 1.09000029506, 1.05923479617, 1.03231189744, 0.89035482894, 9.48193527009, 1.12956835042, 0.836385356151, 102.037102058, 1.03623381495, 3.29662931351, 1.01228397379, 2.58129550721, 1.28424344223, 402.420480596, 20.4273844197, 2533.04086442, 2.68096514745
4.25920732915, 1.0579284701, 0.838928206741, 0.98310352914, 3.87417861975, 0.940093109946, 1.88429996763, 1.00694810994, 0.946038046886, 1.73865072763, 2.39660864934, 0.93130838871, 2.68101921032, 1.18134897571, 1.09000012954, 1.06525594833, 1.00475477296, 1.10337676586, 6.72223327502, 1.03488381997, 0.7827339697, 25.8123300465, 1.15335350733, 1.1089774863, 0.994057398143, 4.42133871874, 0.905016898106, 414.406889634, 23.6776725994, 1658.84601206, 1.60857908847
5.46388850423, 1.03231300725, 0.780890536541, 1.21870970182, 5.8241500296, 0.811702864449, 2.29238088243, 1.0651436691, 0.958754445743, 3.23413479036, 3.3894645519, 0.888091910653, 1.48776390411, 0.890530172209, 1.09000019121, 1.04462629931, 1.04899392992, 0.959209474638, 3.51985049201, 0.98434061581, 0.765415093399, 169.837392341, 1.02688102799, 5.73129687655, 1.15192492244, 5.29840883832, 0.904993339005, 469.9101189, 24.8350459666, 2472.62126149, 0.804289544236
2.17281323257, 1.38898607394, 1.1402291534, 0.95683690035, 3.62002742853, 0.829653900209, 3.14322015274, 1.09709009826, 0.92807369527, 5.06349003015, 3.66791702104, 1.07208799433, 1.88586464135, 1.28338237699, 1.090000693, 1.05871631838, 1.01345665712, 1.01621881078, 3.72046037847, 1.04295578736, 0.998386844861, 328.294749349, 0.992535029088, 5.40539079816, 1.04236033747, 2.74076033634, 1.0442877666, 447.414926814, 32.7972829641, 1838.47294458, 0.268096514745
5.06520930943, 1.20432830236, 0.785730436276, 0.920316968184, 2.99783933644, 0.778962493996, 1.17646635315, 1.06762596828, 0.959985071406, 2.52880967099, 3.13742728549, 0.857416638427, 3.70021989643, 0.956997095369, 1.09000098278, 1.10946031594, 1.02136749041, 0.85059853712, 5.30548264553, 1.0509174409, 0.999963159611, 59.8856951739, 1.05717304887, 2.01936696309, 1.23887350198, 1.63853439264, 1.07608596876, 415.886199738, 31.1809925777, 1286.62750172, 2.68096514745
2.4996772436, 1.38898607394, 0.978895827104, 0.95683690035, 3.62002742853, 0.824620009707, 5.94155577226, 0.979814204784, 0.92807369527, 5.06349003015, 4.66493599137, 1.07208799433, 4.36449743701, 1.28338237699, 1.09000073791, 1.05871631838, 1.01345665712, 1.01621881078, 3.72046037847, 1.04295578736, 0.998386844861, 328.294749349, 0.992535029088, 4.42079903046, 1.04236033747, 4.63039892167, 1.01425976626, 466.570474181, 18.1325341869, 1586.79703956, 3.75335120643
5.87508822551, 1.09949974511, 0.858819211239, 0.908225866898, 2.48734869566, 0.782168874373, 5.99652249343, 1.06693286779, 0.9165624249, 2.57377051014, 5.12521034358, 1.00555555402, 4.70818665559, 0.975686034103, 1.09000036733, 1.03481105238, 1.0066082666, 1.06912341764, 7.03644406672, 1.08290095843, 0.761393333399, 386.99591499, 1.1226717073, 2.66852725449, 1.02077676603, 2.12865409484, 0.891103855332, 433.959125416, 32.0287025008, 2771.38123843, 0.536193029491
1.25721862389, 1.37489227483, 1.01145623375, 0.990598485787, 4.62983420031, 0.891583994708, 5.80519745982, 0.911572089412, 0.915762395056, 2.69157470241, 5.33177136471, 0.815354252047, 3.17655333624, 1.02837279526, 1.09000027766, 1.06525594833, 1.04926031548, 1.02427016423, 9.99638690937, 1.02696522231, 0.945270199065, 233.729843392, 0.984273980092, 5.7689461635, 0.999217525187, 4.83419751535, 0.968880579274, 491.584448119, 18.3995091104, 2112.83115794, 3.48525469169
3.01338396025, 1.0154626391, 0.897594721596, 1.01804399934, 2.5959418494, 0.969117401075, 2.65319579784, 0.860952010709, 0.912505088553, 3.46615892128, 2.81563591682, 1.06737206107, 3.26646930763, 0.976059042738, 1.09000010538, 1.0816454814, 1.03643530421, 0.813521801466, 9.83331934662, 1.01936060558, 0.91433320297, 138.219239347, 0.990350539308, 5.48210188368, 1.07950960884, 1.37903153888, 1.08748621325, 408.972005302, 23.8888254669, 2682.59232089, 0.804289544236
2.96769866155, 1.41847729212, 1.07707409615, 1.19406708308, 1.44082022589, 0.932055488043, 1.59633444449, 0.957900340326, 0.933668584895, 2.73579366891, 4.64242321252, 1.0675741611, 1.81735122157, 1.25967208628, 1.09000092236, 1.09970657848, 1.01184854652, 1.10082755429, 8.54846163831, 0.925450543456, 0.879686912305, 82.3255298574, 1.14027267516, 5.65485983517, 1.01158634214, 3.82281192099, 1.01680394173, 687.567432227, 19.2793923389, 2227.20032788, 1.07238605898
1.59403780607, 1.03879481754, 1.0543781866, 1.18020602902, 3.53733797561, 0.83670573057, 5.41516272921, 1.08006685013, 0.995928035981, 1.57162807548, 3.80388723118, 0.913308733807, 4.24231451662, 1.20920299808, 1.09000009072, 1.0627907832, 1.04569055744, 0.824415966637, 9.65293727446, 1.00183542543, 0.857626441351, 243.344978329, 0.986835895256, 1.00549278049, 1.07452429805, 1.59445938503, 0.990627141779, 387.91326774, 19.0519694475, 1882.53552014, 3.48525469169
2.39625153244, 1.40941157181, 0.824725546378, 1.14381360461, 2.43061874332, 0.878164075968, 4.00955317936, 1.0516699084, 0.979701813336, 3.5105858648, 4.73090143072, 0.952453162506, 5.01101499429, 0.84639884124, 1.09000045832, 1.04536250527, 1.02592864247, 1.00908277135, 8.98176014155, 0.931506759224, 0.901641997084, 391.361970682, 1.10555395228, 3.85737134961, 1.06156116044, 4.82647627741, 1.15157172775, 656.521351918, 18.348715373, 5146.15705359, 2.9490616622
