2.19613838366, 1.08893173692, 1.44776836566, 0.966668010099, 2.83000073927, 0.984537297392, 4.64464660141, 1.26000019422, 1.14000007718, 2.869278839, 2.12210757372, 1.08734973546, 3.04000065337, 1.03863464983, 0.976066440311, 1.0000009257, 1.00000088095, 1.08513148168, 7.7389954948, 0.936626894404, 1.00000051671, 104.18103882, 0.935835410182, 3.30636889675, 1.01402073253, 3.2900003641, 1.00000019476, 393.830223662, 31.9677502633, 634.514975696, 0.804289544236
3.47439512138, 1.03918415493, 1.38522100994, 0.944795643184, 2.83000036584, 0.898512866199, 2.8151566914, 1.26000086922, 1.14000024008, 3.4340683491, 3.00755408499, 0.911062563815, 3.04000088399, 1.00583696365, 0.952602039626, 1.00000088574, 1.00000017398, 1.04731347997, 3.22778170042, 0.950487501783, 1.00000048465, 83.3787211529, 0.953812807311, 1.13373400826, 1.06291603504, 3.29000047031, 1.00000043761, 57.8465222449, 10.6347609217, 800.443897447, 2.41286863271
3.72209631188, 1.11581569058, 1.645165411, 0.881634877083, 2.83000094271, 1.13711204891, 2.68310015957, 1.26000057579, 1.14000058666, 3.69215056929, 1.80775931247, 1.09305599803, 3.04000000949, 1.04251664485, 0.844242053965, 1.00000074497, 1.00000038827, 1.04979813092, 8.90828832738, 0.916315508543, 1.00000097673, 92.1609232258, 0.981825261924, 2.3625472891, 1.04183677281, 3.29000098093, 1.0000003959, 475.096218417, 24.3177105374, 958.784344583, 0.0
5.88641017114, 1.08334954317, 1.6092170742, 0.803283464337, 2.8300008435, 1.0737897954, 4.44572005654, 1.26000072911, 1.14000006226, 3.09383523623, 2.95336744046, 0.997804711781, 3.04000010442, 1.08483134696, 0.941412857057, 1.00000048495, 1.00000036395, 1.06523642709, 4.92789376951, 0.992293672366, 1.00000077684, 106.953075174, 1.03756597345, 2.78326266947, 0.955856870602, 3.29000017889, 1.00000017206, 28.466160784, 8.06893703086, 112.12013884, 3.75335120643
1.13331231404, 1.00704679534, 1.73973188132, 0.820143996277, 2.83000071589, 0.977560895725, 4.20996446905, 1.2600001005, 1.14000076601, 3.60315468592, 2.46594261209, 1.05854142797, 3.04000091296, 1.03248155837, 0.996867676518, 1.00000015007, 1.00000079951, 1.06879917562, 4.47783291523, 0.984989398055, 1.00000067445, 120.023775151, 0.972070229137, 4.25078597079, 1.0190380144, 3.29000042855, 1.00000015385, 105.572784783, 10.6429691695, 131.027581382, 2.68096514745
1.73536351334, 1.05574709408, 1.38389031869, 0.865720225015, 2.83000064768, 1.0455299337, 4.48864970147, 1.26000072151, 1.14000068139, 1.63194484255, 1.85438559244, 0.88443358954, 3.0400002549, 1.1027665371, 1.00633981005, 1.00000031439, 1.00000056773, 1.00304555275, 7.35177140105, 0.968120873643, 1.00000079477, 110.633212728, 0.844711394778, 1.40303668841, 1.06409257209, 3.29000069753, 1.00000029931, 26.0787865977, 13.4768101252, 246.818505439, 3.75335120643
4.2284101671, 1.01084429147, 1.4990385883, 0.845241218337, 2.83000004565, 1.13741579913, 3.90967652362, 1.26000095545, 1.1400000635, 2.79633977083, 2.12062836107, 1.0722159895, 3.04000099478, 1.10818106731, 0.997018529197, 1.00000074104, 1.00000007153, 1.05972425144, 7.85862930553, 0.971414552302, 1.00000006141, 119.545842246, 0.845072698714, 2.56799430844, 0.967831575928, 3.29000005404, 1.00000001865, 60.2344773353, 17.1949059067, 360.282616299, 1.60857908847
2.62320320833, 1.05487307831, 1.4783887293, 0.974753122182, 2.83000086386, 0.985907897854, 3.94535497967, 1.26000027039, 1.14000065287, 1.35063273119, 1.61233173287, 1.06163677976, 3.04000050875, 1.06514577125, 1.06056131578, 1.00000056952, 1.00000097839, 1.08771411935, 9.88508402976, 0.926482408317, 1.00000041188, 83.3214127596, 0.972526960674, 3.83373750993, 1.01640555087, 3.29000093093, 1.00000050906, 74.0870119096, 19.5532884909, 666.884445593, 0.536193029491
4.25080963132, 1.062756261, 1.59791064937, 0.801158129695, 2.83000035537, 1.12885804541, 1.76304918401, 1.26000060638, 1.14000029014, 3.26125017601, 2.55351060411, 1.05215508703, 3.04000022215, 1.11318659947, 1.04004463453, 1.00000038401, 1.00000051996, 1.00955397207, 7.15283294787, 0.974884624903, 1.0000006622, 105.211884078, 0.846441098667, 5.70707035276, 1.05134036328, 3.29000078904, 1.00000020571, 94.6876972217, 14.9128148403, 519.5506857, 2.14477211796
1.13331231404, 1.00704679534, 1.73973188132, 0.820143996277, 2.83000071589, 0.977560895725, 4.20996446905, 1.26000001167, 1.14000076601, 2.82738449289, 2.46594261209, 1.05854142797, 3.04000091296, 1.03248155837, 0.996867676518, 1.00000015007, 1.00000079951, 1.06879917562, 8.37027122116, 0.984989398055, 1.00000067445, 93.8425677673, 0.972070229137, 4.25078597079, 1.0190380144, 3.29000042855, 1.00000015385, 66.5319978121, 11.2592116147, 607.439683626, 1.07238605898
1.55426728562, 1.04118335648, 1.58577068287, 0.812321077971, 2.83000068876, 0.977353178699, 5.86674519679, 1.26000012008, 1.14000043088, 1.55255388982, 1.86237235769, 0.898669819223, 3.04000062592, 1.02624361275, 0.814470672545, 1.00000059348, 1.00000021979, 1.04903730213, 8.59265039269, 0.956046452973, 1.00000064597, 106.26738514, 0.846607053445, 5.41513587408, 1.02816243279, 3.29000022989, 1.00000019242, 99.1565081825, 10.3387876875, 799.246199492, 3.21715817694
3.85001442587, 1.13377146763, 1.58241179955, 0.804621635293, 2.83000096295, 0.956205546632, 2.07365954933, 1.26000057791, 1.14000038718, 1.76043305346, 2.03685509705, 1.05415433276, 3.04000045885, 1.04253452319, 0.839629195111, 1.00000037753, 1.00000030051, 1.01071217623, 9.02139340345, 0.961140635516, 1.00000004004, 118.388886696, 0.912643162466, 3.4884998554, 1.00488526952, 3.29000098629, 1.00000004139, 1136.56101205, 30.8213428865, 4225.3143538, 0.0
3.51901516442, 1.0490669175, 1.3651505682, 0.956156166279, 2.83000055666, 1.0963550959, 5.12419894837, 1.26000036247, 1.14000077343, 1.484429613, 3.08399618592, 1.05560588645, 3.04000007467, 1.06376364203, 0.964242747939, 1.00000041425, 1.00000067497, 1.02670552098, 3.04572620064, 0.984857049164, 1.00000077872, 82.7197863606, 1.08388095222, 1.11797707102, 1.0238812956, 3.29000044821, 1.00000029888, 936.270610373, 43.3564831514, 2421.03084206, 0.0
5.49833785372, 1.11717403666, 1.63137044406, 0.964931208435, 2.83000091427, 1.15685460228, 1.41682500974, 1.26000050674, 1.14000073816, 3.35536318077, 1.79942534796, 0.905826880289, 3.04000002894, 1.0692463637, 1.04285027862, 1.00000060334, 1.00000035016, 1.04774742151, 3.1639008283, 0.926539297952, 1.00000034183, 92.9718382649, 0.991362324269, 5.32345348342, 0.95759804455, 3.29000041778, 1.00000018992, 696.922888036, 35.0298220069, 3080.58864868, 0.0
1.38902842074, 1.01829407147, 1.44869709767, 0.838342514469, 2.8300003003, 1.00339529883, 4.22318241605, 1.26000074796, 1.1400001588, 2.20148061097, 2.93679194584, 1.05236314637, 3.04000054283, 1.00386329044, 0.892473635606, 1.00000065888, 1.00000067718, 1.09639012073, 9.49566129149, 0.952420696867, 1.00000043025, 124.615229904, 1.083445703, 5.00358174946, 1.00946710977, 3.29000096411, 1.0000001111, 849.809571939, 29.2976398242, 5356.70120852, 0.0
4.54531272664, 1.10806055323, 1.39864366201, 0.807890684017, 2.83000046357, 0.891700121724, 5.88172164997, 1.26000032117, 1.14000017378, 2.93627695001, 2.68295440793, 0.913538700112, 3.04000089205, 1.10285990504, 0.914431733027, 1.00000096152, 1.00000012152, 1.08134123652, 8.44069321234, 0.915627722965, 1.00000006493, 81.8814957622, 0.997566469372, 5.22588684739, 1.02797200831, 3.29000076905, 1.00000021528, 794.391640253, 28.4940605051, 5057.4356118, 0.268096514745
2.62320320833, 1.07971075024, 1.7276210136, 0.974753122182, 2.83000015637, 0.962155797556, 3.94535497967, 1.26000027039, 1.14000065287, 1.35063273119, 1.61233173287, 1.06163677976, 3.04000050875, 1.06514577125, 0.946622904408, 1.00000056952, 1.00000025915, 1.06641874968, 9.88508402976, 0.919302890363, 1.00000041188, 83.3214127596, 0.970885537005, 4.09393650541, 1.01115629812, 3.29000092006, 1.00000050906, 1147.74596046, 40.5899212385, 2851.729115, 0.0
3.85001442587, 1.13377146763, 1.58241179955, 0.804621635293, 2.83000091365, 0.956205546632, 2.07365954933, 1.26000057791, 1.14000038718, 1.76043305346, 2.03685509705, 1.05415433276, 3.04000045885, 1.04253452319, 0.799060781543, 1.00000037753, 1.00000030051, 1.01071217623, 9.02139340345, 0.961140635516, 1.00000004004, 118.388886696, 0.912643162466, 3.4884998554, 0.964515450766, 3.29000099923, 1.00000004139, 1933.16131456, 29.8385461247, 4286.29383825, 0.0
1.19840098544, 1.05888242537, 1.72798736128, 0.8336066422, 2.83000054008, 1.1064360238, 5.87657623426, 1.26000072754, 1.14000059868, 2.1038265481, 2.03908849895, 1.08648715363, 3.04000029311, 1.01483547839, 0.830579586253, 1.00000093279, 1.00000069399, 1.04940822307, 8.96257449258, 0.999307398101, 1.0000009912, 93.3326247996, 0.98253970076, 1.15232035911, 1.05788331753, 3.29000033227, 1.00000026909, 80.3646262484, 9.8553835287, 668.538013276, 5.36193029491
4.48486752314, 1.04452611932, 1.7339944536, 0.810218754971, 2.83000095532, 1.10539718807, 4.96541271902, 1.26000061976, 1.14000044217, 2.94157486931, 2.30534318186, 0.893018395973, 3.04000019561, 1.00810834528, 0.991871856053, 1.00000094802, 1.00000009908, 1.07797859468, 6.73748383582, 0.993208882721, 1.00000034561, 108.317233069, 0.904625269273, 5.38630046385, 1.01886286683, 3.29000078012, 1.0000002212, 193.774667579, 12.778649449, 243.460775868, 5.8981233244
4.17043690649, 1.04990167469, 1.40465368176, 0.822188690262, 2.83000045318, 1.1409954729, 5.37349069333, 1.26000036736, 1.14000091813, 2.9463479415, 2.6938147489, 1.05448691019, 3.0400003883, 1.08785125135, 0.902776911134, 1.00000083672, 1.00000060836, 1.05727147679, 3.85857117631, 0.945986148902, 1.00000093581, 94.4898012764, 1.06596089906, 5.9409367016, 0.952070526468, 3.29000058999, 1.00000019111, 130.50026866, 13.9186195443, 408.592374505, 10.1876675603
4.17869326375, 1.07942417733, 1.68285155865, 0.904413693535, 2.83000025619, 0.935622317475, 3.85796222521, 1.26000095098, 1.1400008986, 1.99087626988, 3.07368260036, 0.937353583414, 3.04000042403, 1.0329008208, 0.829134794582, 1.00000091538, 1.00000041649, 1.02614622032, 3.63135949253, 0.985323868811, 1.00000042767, 76.8674139984, 1.01067254738, 4.1047601798, 0.961962445869, 3.29000087822, 1.0000000115, 376.958458264, 23.0760424568, 891.096401159, 0.536193029491
4.64658142756, 1.12121325946, 1.60016969626, 0.845241218337, 2.83000048556, 1.08826372469, 3.90967652362, 1.26000037749, 1.14000055283, 1.88734578054, 2.47101921621, 1.0722159895, 3.0400002951, 1.10009889597, 0.954625182782, 1.00000048795, 1.00000065964, 1.05972425144, 8.02033665333, 0.986242686255, 1.00000015218, 113.567983357, 1.0431326373, 2.10114827019, 0.956539543885, 3.29000074632, 1.0000009871, 158.973641711, 14.38204569, 627.232592365, 1.34048257373
2.82386887584, 1.13092519976, 1.48091810951, 0.937466900355, 2.83000080686, 0.93799487384, 1.52868276216, 1.26000007327, 1.14000060957, 2.93055569568, 2.85953831673, 1.01229070907, 3.04000000713, 1.04148053212, 0.847576920724, 1.00000051771, 1.00000016536, 1.03787726332, 9.4365097564, 0.92328370606, 1.00000052233, 116.296420689, 1.08603183782, 2.39993807868, 1.00481261831, 3.290000405, 1.00000004209, 264.892801405, 14.2148476736, 1101.04241041, 2.68096514745
5.68590118043, 1.05823123254, 1.35128370366, 0.9761278561, 2.83000030468, 1.15064164424, 1.77285921127, 1.26000085776, 1.1400008544, 2.93724951327, 2.84180301919, 0.976403428181, 3.04000068216, 1.05227294399, 0.987590989237, 1.00000079236, 1.00000031384, 1.00028824087, 3.37833966996, 0.918231081465, 1.00000009149, 87.0313131811, 1.03329219618, 4.00128400479, 1.00152212317, 3.29000034057, 1.00000032521, 562.026882527, 21.4337004816, 2298.26604645, 1.07238605898
3.47439512138, 1.03918415493, 1.38522100994, 0.944795643184, 2.83000036584, 0.898512866199, 2.8151566914, 1.26000086922, 1.14000024008, 3.12748608144, 2.49302490727, 0.911062563815, 3.04000088399, 1.00583696365, 0.952602039626, 1.00000088574, 1.00000009202, 1.00357330028, 3.22778170042, 0.950487501783, 1.00000048465, 94.4898012764, 0.953812807311, 1.13373400826, 1.06291603504, 3.29000047031, 1.00000043761, 1087.01179231, 41.0346276828, 3889.15949746, 0.268096514745
3.84699743932, 1.04655289187, 1.68033805391, 0.965145223259, 2.8300001638, 1.10190538699, 2.36988040533, 1.26000038869, 1.14000028191, 1.90151081394, 2.33795247908, 0.955064503509, 3.04000010901, 1.05795034555, 1.02356631511, 1.00000024501, 1.0000009318, 1.10082494841, 6.6420118843, 0.947192287262, 1.00000070116, 83.467385827, 0.862411507332, 3.23488130616, 0.969726283072, 3.29000077019, 1.00000046786, 1645.46992345, 36.3855070505, 14121.3209897, 0.0
1.50535832731, 1.07823950853, 1.36650080315, 0.828225157383, 2.83000056952, 1.1459476665, 1.67684750736, 1.26000030253, 1.14000050752, 3.12748608144, 2.70189877477, 0.901904523291, 3.04000090832, 1.08469491526, 1.03889910001, 1.00000049332, 1.00000022427, 1.10098508381, 3.40149565146, 0.94396867327, 1.00000096344, 84.1254358708, 0.907624308233, 5.36450043971, 1.0027269061, 3.29000004955, 1.00000003701, 1271.40019301, 34.4091989118, 11944.8293294, 0.268096514745
3.30360948913, 1.11900133617, 1.46089392181, 0.848747585385, 2.83000005437, 0.877494569553, 2.22805642721, 1.26000067444, 1.14000024996, 1.39352514168, 3.04110650623, 1.06272185049, 3.040000751, 1.06031234194, 0.936580738433, 1.00000011576, 1.00000008356, 1.02570522275, 4.62417784876, 0.979723660215, 1.00000092951, 91.3002607073, 0.928920938027, 5.4719532292, 1.02347502219, 3.29000023111, 1.00000005002, 978.166899563, 41.3979007315, 7111.57238976, 0.268096514745
5.11691014598, 1.12885826821, 1.47481666884, 0.938471209039, 2.83000058507, 1.04423209598, 3.56758355257, 1.26000063742, 1.14000092078, 3.04313817212, 2.59457781489, 0.903671942859, 3.04000090804, 1.08559055138, 0.918377371064, 1.00000087349, 1.00000038827, 1.07785491331, 8.00012016404, 0.995594615137, 1.00000098053, 87.4082350089, 1.07524909176, 5.26269052846, 0.984789228336, 3.2900008864, 1.00000072655, 1336.26749413, 43.250882828, 3489.71089449, 0.0
4.4722489318, 1.13531941559, 1.63788489006, 0.914047539175, 2.83000010695, 0.903313137219, 2.49940529783, 1.26000096853, 1.14000013239, 2.4492259877, 2.96148095195, 0.990202803086, 3.04000028141, 1.04351462342, 0.927271857677, 1.00000046464, 1.00000057366, 1.05373383595, 9.24084288844, 0.970309817466, 1.00000070961, 120.066978829, 0.966170235861, 2.21851836696, 1.04012502183, 3.29000072133, 1.00000012844, 1948.74303649, 36.3197051519, 9103.12260564, 0.0
3.80214666858, 1.1206722803, 1.68439649364, 0.88091659894, 2.83000064359, 0.935529887322, 5.38093894585, 1.26000032924, 1.14000058134, 1.94056843893, 1.81161902195, 1.06292702197, 3.04000063896, 1.04197439802, 0.97997650831, 1.00000052157, 1.00000068256, 1.0169881668, 4.76587584568, 0.955882579439, 1.00000011839, 115.302969765, 0.980565252605, 1.02294271196, 0.977923161014, 3.29000069522, 1.00000056145, 144.132887288, 12.058995041, 2435.32696887, 7.23860589812
1.56865891379, 1.02996046407, 1.51032868345, 0.854498592889, 2.83000063897, 1.05258310313, 1.1438803624, 1.26000038523, 1.14000038515, 3.20811422442, 2.71113312374, 0.994378877524, 3.04000083954, 1.03199238875, 0.94926622603, 1.00000039739, 1.00000041145, 1.10791584467, 8.68116783793, 0.996797622753, 1.00000069261, 124.198364701, 0.861459062997, 3.51459282852, 1.05056882078, 3.29000039987, 1.00000040451, 184.926375271, 12.5936354034, 1136.09341978, 6.43431635389
5.81010600449, 1.05337778706, 1.35913952871, 0.944024622639, 2.83000039783, 0.984188962294, 1.16466878251, 1.26000061453, 1.14000087433, 3.32906492878, 2.91018952511, 0.885706791301, 3.04000019207, 1.05929289328, 0.987089707144, 1.00000098805, 1.00000095797, 1.05766987152, 8.34474854063, 0.930105105272, 1.00000069314, 98.9089602275, 0.899248311103, 3.60921175696, 1.04375386961, 3.29000039034, 1.00000012311, 261.767227231, 13.5959754049, 742.072771301, 6.16621983914
3.80214666858, 1.1206722803, 1.68439649364, 0.88091659894, 2.83000064359, 0.935529887322, 4.51006798267, 1.26000032924, 1.14000058134, 3.20119473398, 1.81161902195, 1.06292702197, 3.04000063896, 1.04197439802, 0.97997650831, 1.0000003522, 1.00000068256, 1.00548966647, 4.76587584568, 0.955882579439, 1.00000056621, 115.302969765, 1.00784583021, 3.47448981703, 0.977923161014, 3.29000069522, 1.00000056145, 1177.78885446, 26.1282229184, 38933.4464718, 0.536193029491
4.8180446268, 1.02760128017, 1.44860623328, 0.865887858789, 2.83000012468, 1.13342241959, 4.48824714749, 1.26000070437, 1.14000045834, 1.34269790879, 3.04116792, 1.0109985375, 3.04000060683, 1.11893205907, 0.880265936118, 1.00000053956, 1.00000066205, 1.01792604358, 4.26153943211, 0.97350161192, 1.00000055441, 110.477503972, 0.900865352651, 1.57002847592, 0.997411514281, 3.29000049487, 1.00000053165, 565.102426123, 25.0993358845, 895.894143873, 0.804289544236
3.56769605684, 1.1108687842, 1.59417660522, 0.973364596164, 2.83000041546, 1.16303437604, 5.65469821289, 1.26000022097, 1.14000069243, 1.72234939081, 2.07780200458, 0.992078564153, 3.04000003844, 1.05368953606, 1.00367547055, 1.00000044756, 1.0000003318, 1.05608293017, 7.47104020153, 0.972892244622, 1.00000010972, 118.743280202, 0.959549661811, 2.96029837987, 1.00069927734, 3.29000099485, 1.00000067229, 2450.13233316, 54.2753491751, 2855.82037098, 0.536193029491
4.2284101671, 1.01084429147, 1.4990385883, 0.899028323646, 2.83000012818, 1.13741579913, 5.98757076536, 1.26000095545, 1.1400000635, 2.79633977083, 2.12062836107, 1.07901033741, 3.04000041884, 1.10818106731, 0.997018529197, 1.00000074104, 1.00000007153, 1.01056637165, 7.85862930553, 0.971414552302, 1.00000006141, 119.545842246, 0.845206158247, 2.56799430844, 0.967831575928, 3.29000005404, 1.00000025822, 492.688158943, 24.7495515915, 2551.87366178, 1.07238605898
2.69858154697, 1.12232977844, 1.41568720339, 0.90656687446, 2.83000067892, 1.03289832171, 3.86250770406, 1.26000007919, 1.14000081193, 2.82738449289, 1.61764597256, 0.944446114964, 3.04000087077, 1.05006786164, 1.01440115305, 1.00000092631, 1.00000059234, 1.00042653354, 8.37027122116, 0.929052683401, 1.00000081198, 93.8425677673, 0.873902820369, 1.7081587144, 1.03246120877, 3.29000002419, 1.00000023906, 794.850684602, 27.7826061745, 4283.59168696, 0.536193029491
3.51901516442, 1.0490669175, 1.3651505682, 0.824540373909, 2.83000055666, 1.0963550959, 5.12419894837, 1.26000036247, 1.14000067991, 1.61241312879, 3.08399618592, 1.05560588645, 3.04000007467, 1.06376364203, 0.964242747939, 1.00000041425, 1.00000067497, 1.02670552098, 3.04572620064, 0.984857049164, 1.00000077872, 82.7197863606, 1.08388095222, 1.11797707102, 1.0238812956, 3.29000044821, 1.00000029888, 766.963011089, 27.3535854041, 4826.60558868, 0.536193029491
2.12212644655, 1.00357664383, 1.63619588487, 0.802944920897, 2.83000055856, 1.0549692697, 2.96804010259, 1.26000034491, 1.14000039007, 2.94728095326, 2.47036880172, 1.04569753334, 3.04000084638, 1.07500509422, 0.82915180445, 1.00000074776, 1.00000080267, 1.07206064573, 8.03375536936, 0.931015176895, 1.00000060867, 84.8258593165, 0.938657838637, 1.0334858658, 1.03080813838, 3.29000035008, 1.00000045363, 476.556492298, 25.1590090968, 1957.67195203, 0.804289544236
3.03392327754, 1.09891901514, 1.62971812777, 0.96823618275, 2.8300006848, 1.11872581235, 4.68552521721, 1.2600002958, 1.14000035179, 2.73919613184, 2.14392389377, 1.09181055967, 3.04000079418, 1.01730911033, 0.979302581943, 1.00000031519, 1.00000040725, 1.00664419225, 3.43002296221, 0.999757051789, 1.00000001974, 91.9516085656, 1.08804844396, 1.92818445105, 1.06403303811, 3.29000083008, 1.00000004613, 1206.90271452, 27.590688167, 4314.8922166, 0.536193029491
5.65947952394, 1.07967530969, 1.50561452173, 0.838675067909, 2.83000072643, 0.957910785422, 1.17570973998, 1.26000039339, 1.14000078723, 2.97104516889, 2.30637399232, 0.970148040143, 3.04000072883, 1.03268919854, 0.857822069564, 1.00000096734, 1.00000080794, 1.05665057755, 3.91937200696, 0.916762837079, 1.0000006814, 98.4481921419, 0.993415248956, 1.3323221773, 0.964515450766, 3.29000061119, 1.00000077742, 686.287405471, 37.8479702407, 10033.0102223, 0.536193029491
4.4722489318, 1.13531941559, 1.63788489006, 0.840239534573, 2.83000010695, 0.903313137219, 2.49940529783, 1.26000096853, 1.14000013239, 2.4492259877, 2.96148095195, 0.990202803086, 3.04000028141, 1.04351462342, 0.927271857677, 1.00000046464, 1.00000057366, 1.05373383595, 9.24084288844, 0.971367740555, 1.00000070961, 120.066978829, 0.966170235861, 2.21851836696, 1.04012502183, 3.29000085534, 1.00000012844, 290.016487426, 27.7343723272, 766.792973897, 3.21715817694
1.32553688028, 1.11883602067, 1.56525040834, 0.916190298429, 2.83000026976, 1.1307969148, 1.41733624627, 1.26000046022, 1.14000083129, 3.06940524222, 2.55646158104, 0.99360397362, 3.04000085412, 1.01961940029, 1.08101168436, 1.00000030082, 1.00000078863, 1.06485006959, 9.08408974468, 0.94774884863, 1.00000070216, 112.347817024, 0.915842164897, 1.44358880398, 0.958924073131, 3.29000063452, 1.0000002681, 217.477299964, 26.3754220115, 1384.60957205, 2.14477211796
4.4722489318, 1.13531941559, 1.56525040834, 0.840239534573, 2.83000027954, 0.903313137219, 2.49940529783, 1.26000096853, 1.14000013239, 2.4492259877, 2.86410373968, 0.990202803086, 3.04000042454, 1.04351462342, 0.806836490352, 1.00000046464, 1.00000057366, 1.05373383595, 9.24084288844, 0.998993171467, 1.00000070961, 120.066978829, 0.966170235861, 4.0944108966, 1.04012502183, 3.29000096338, 1.00000012844, 526.986634669, 17.0517534436, 702.189029851, 1.87667560322
3.60452464043, 1.04067005413, 1.73148017195, 0.815032107589, 2.83000063361, 0.929734561366, 3.3911656236, 1.26000015211, 1.14000021072, 1.84054610889, 2.94220067059, 0.999202338945, 3.04000055606, 1.025425994, 1.02781697386, 1.00000027631, 1.00000087091, 1.08204956197, 3.19487823615, 0.985948951183, 1.00000025468, 80.4613406361, 0.872725849925, 3.23264077877, 0.985985620845, 3.29000057551, 1.00000020958, 243.890404415, 16.5780886939, 1987.26702071, 4.55764075067
5.922797126, 1.10325632788, 1.59763191339, 0.979608514411, 2.8300006054, 0.976624245864, 1.90014623997, 1.26000036083, 1.14000022766, 3.50849546512, 1.93915172252, 0.975398422523, 3.04000048574, 1.07780701205, 1.03010262205, 1.00000009497, 1.00000047636, 1.0933040047, 3.07743309251, 0.92420092191, 1.000000793, 108.995241275, 0.870285780892, 1.14829365541, 1.05123790917, 3.29000087504, 1.00000002724, 293.641881849, 18.3425223736, 2387.98354495, 2.41286863271
5.96380332607, 1.08827445754, 1.40148114236, 0.846987486909, 2.83000055747, 1.09842995239, 2.40531108808, 1.26000022123, 1.14000018903, 1.87033911931, 2.99385083969, 0.909672324296, 3.04000087544, 1.09349606416, 0.851631699515, 1.00000014116, 1.00000008235, 1.10529579591, 3.18762672392, 0.942981682874, 1.00000050175, 82.7404171729, 0.997837461337, 4.85001230355, 1.00055915258, 3.29000042148, 1.00000001375, 197.270629555, 25.7717812692, 742.522814978, 4.28954423592
3.56769605684, 1.13148847777, 1.59417660522, 0.973364596164, 2.83000041546, 1.16303437604, 5.65469821289, 1.26000022097, 1.14000069243, 1.72234939081, 2.07780200458, 0.992078564153, 3.04000003844, 1.05368953606, 0.983183465942, 1.00000044756, 1.0000003318, 1.05608293017, 7.47104020153, 0.972892244622, 1.00000010972, 118.743280202, 0.959549661811, 2.96029837987, 1.00069927734, 3.29000099485, 1.00000085692, 496.681080604, 24.6548634701, 1377.19503709, 2.14477211796
1.19368264023, 1.01585537831, 1.51909894879, 0.946099413513, 2.83000090877, 1.01338304024, 3.27623137262, 1.26000034493, 1.14000019618, 3.6299876074, 2.08358305647, 0.886240620764, 3.0400009889, 1.04568320237, 0.98252117473, 1.00000084024, 1.00000029376, 1.00590580796, 3.83481844061, 0.964642998384, 1.00000086092, 103.961489751, 0.919051840924, 4.43585057917, 0.953807462372, 3.29000027959, 1.00000048123, 410.169349192, 31.2165289109, 1677.87104509, 1.87667560322
1.02794233836, 1.1260517022, 1.62115133347, 0.899013834917, 2.8300005185, 1.03736507517, 5.33408897376, 1.2600002026, 1.14000015474, 1.89972808064, 2.49286042791, 1.02941456623, 3.04000068244, 1.00382226726, 1.03836176586, 1.00000044034, 1.00000051711, 1.08001335533, 9.51843510929, 0.943573858831, 1.00000046829, 118.494779969, 0.963557220095, 2.39886082576, 1.04690940686, 3.2900003768, 1.00000001618, 446.457531532, 32.582664428, 4774.41854204, 1.34048257373
1.50535832731, 1.04675497778, 1.36650080315, 0.828225157383, 2.83000056952, 1.1459476665, 1.67684750736, 1.26000030253, 1.14000050752, 3.12748608144, 2.70189877477, 0.901904523291, 3.04000090832, 1.08469491526, 1.03889910001, 1.00000049332, 1.00000022427, 1.10098508381, 3.40149565146, 0.94396867327, 1.00000096344, 84.1254358708, 0.907624308233, 5.36450043971, 1.0027269061, 3.29000004955, 1.00000013797, 351.701440369, 15.0156133111, 711.208931413, 3.75335120643
1.38902842074, 1.01829407147, 1.48608104133, 0.838342514469, 2.8300003003, 0.876261818135, 4.22318241605, 1.26000074796, 1.1400001588, 2.20148061097, 2.93679194584, 1.05236314637, 3.04000054283, 1.00386329044, 0.892473635606, 1.00000087783, 1.00000067718, 1.0860554642, 9.49566129149, 0.952420696867, 1.00000043025, 124.615229904, 1.083445703, 5.00358174946, 0.979149523828, 3.29000096411, 1.0000001111, 319.736977965, 16.9395609763, 935.417593002, 2.68096514745
1.86711415134, 1.11010749467, 1.37625966801, 0.968242925291, 2.83000008563, 0.902318017117, 3.70954150811, 1.26000036196, 1.14000070254, 1.3676760545, 1.92803912768, 0.948238868473, 3.04000071047, 1.04315902669, 0.887977740215, 1.00000072526, 1.00000035492, 1.05673543698, 3.71933449281, 0.988165954901, 1.00000013371, 111.59750164, 1.0863761327, 3.53466292607, 0.982933818681, 3.29000097205, 1.00000012461, 283.409430089, 16.9831050367, 2860.8061103, 2.68096514745
2.8967004389, 1.09962176861, 1.68115815254, 0.868332159292, 2.83000022002, 1.01303820827, 2.6309618726, 1.2600001618, 1.14000086324, 2.89517889517, 2.41285899704, 0.914647645112, 3.04000032941, 1.10671334011, 0.881801723297, 1.00000000014, 1.00000081816, 1.05884762607, 8.51009492416, 0.966666025323, 1.0000006247, 89.0209447297, 0.950501345768, 3.19730053323, 0.989354085192, 3.29000088814, 1.00000079065, 365.224034746, 14.8269578026, 4360.91866772, 3.48525469169
4.09504737581, 1.11900133617, 1.46089392181, 0.848747585385, 2.83000005437, 1.15603846431, 2.22805642721, 1.26000067444, 1.14000024996, 1.36528684339, 3.04110650623, 1.07451319523, 3.040000751, 1.03315138129, 0.936580738433, 1.00000011576, 1.00000018973, 1.02570522275, 6.34180899356, 0.979723660215, 1.00000092951, 91.3002607073, 0.912611630485, 5.4719532292, 1.02347502219, 3.29000023111, 1.00000005002, 2959.35019238, 42.239518855, 3975.94856013, 0.536193029491
3.16158670148, 1.0875851055, 1.52865326999, 0.893543131951, 2.83000054412, 1.10512755868, 3.11342302256, 1.2600002994, 1.14000017692, 1.70074458584, 2.38372109408, 1.07519002074, 3.04000066759, 1.01663197561, 0.96498978651, 1.00000000099, 1.0000007554, 1.00924141144, 5.57549747303, 0.945215410719, 1.00000055507, 105.211884078, 0.972526960674, 2.75652808159, 0.984692831928, 3.29000066638, 1.00000094416, 1392.30513887, 45.0400120184, 6300.74908536, 0.0
3.60452464043, 1.04067005413, 1.73148017195, 0.815032107589, 2.83000063361, 0.929734561366, 3.3911656236, 1.26000015211, 1.14000021072, 1.84054610889, 2.94220067059, 0.999202338945, 3.04000055606, 1.025425994, 1.02781697386, 1.00000027631, 1.00000087091, 1.08204956197, 3.19487823615, 0.985948951183, 1.00000025468, 80.4613406361, 0.872725849925, 3.23264077877, 0.985985620845, 3.29000057551, 1.00000020958, 2758.53017241, 39.7134206535, 9212.49820065, 0.0
5.94894565641, 1.03620939862, 1.66540830007, 0.822511978489, 2.83000071184, 1.04764148015, 1.42371716696, 1.2600008795, 1.14000074644, 2.43501221865, 2.25035091829, 1.02338942136, 3.04000069067, 1.10591043795, 0.967654227425, 1.00000018909, 1.00000082282, 1.0460994409, 7.08733529733, 0.992527772495, 1.00000045505, 121.314223429, 0.956414553544, 2.54842823307, 0.978329042903, 3.2900003858, 1.0000002244, 324.158140301, 15.5138077869, 3876.13441537, 13.4048257373
1.39359074335, 1.13654278615, 1.34141889251, 0.941527019775, 2.8300006384, 1.05719318825, 1.50612750096, 1.26000059238, 1.14000047849, 1.45376547114, 1.56766092571, 1.01436341304, 3.04000099509, 1.11770351197, 0.869889480659, 1.00000066416, 1.00000033255, 1.06066631726, 9.57895891602, 0.934825708069, 1.00000065584, 83.4858196846, 1.04998019526, 1.79623837344, 1.03436464541, 3.29000057953, 1.0000002154, 673.505027605, 27.7207898449, 1824.23405036, 0.804289544236
2.12212644655, 1.00357664383, 1.63619588487, 0.802944920897, 2.83000067195, 1.0549692697, 2.96804010259, 1.26000034491, 1.14000039007, 2.94728095326, 2.47036880172, 1.04569753334, 3.04000022215, 1.11532772559, 0.82915180445, 1.00000074776, 1.00000096321, 1.07206064573, 8.03375536936, 0.931015176895, 1.00000060867, 84.8258593165, 1.00294967808, 1.0334858658, 1.03080813838, 3.29000078904, 1.00000021025, 1591.07955698, 27.3369502202, 3158.33263654, 1.60857908847
1.38902842074, 1.05775930792, 1.44869709767, 0.838342514469, 2.8300003003, 1.00339529883, 4.22318241605, 1.26000074796, 1.1400001588, 2.20148061097, 2.93679194584, 1.05236314637, 3.04000054283, 1.00386329044, 0.954778008255, 1.00000065888, 1.00000067718, 1.09451001638, 9.49566129149, 0.952420696867, 1.00000043025, 124.615229904, 1.083445703, 5.00358174946, 1.00946710977, 3.29000096411, 1.0000001111, 1535.1688779, 26.9769347377, 5716.74100915, 1.34048257373
5.86172996339, 1.10325632788, 1.59763191339, 0.979608514411, 2.8300006054, 0.976624245864, 1.90014623997, 1.26000036083, 1.14000022766, 3.50849546512, 1.93915172252, 0.975398422523, 3.04000048574, 1.06841900394, 1.03010262205, 1.00000009497, 1.00000047636, 1.0933040047, 3.07743309251, 0.94827619425, 1.000000793, 87.8494628388, 0.870285780892, 1.14829365541, 1.05123790917, 3.29000087504, 1.00000002724, 652.980497468, 37.1065209796, 8881.90248326, 1.07238605898
3.82178685726, 1.02359187551, 1.4073518932, 0.978064295901, 2.83000017228, 1.02911482749, 2.02139072767, 1.26000024499, 1.14000049932, 2.15142780458, 2.73839428086, 0.984214353648, 3.04000097034, 1.05356024431, 0.917101387882, 1.00000024571, 1.00000076408, 1.02861108953, 7.88907988072, 0.973215052443, 1.00000012056, 84.3460863669, 1.00187314382, 3.75667029856, 1.00629442969, 3.29000048528, 1.00000075939, 1925.29008868, 52.3212729982, 5144.13148285, 0.536193029491
4.65694981026, 1.12350983533, 1.61648289595, 0.918604335141, 2.83000070956, 1.16488676945, 3.45843019843, 1.2600006055, 1.14000067535, 2.88059935351, 1.77305985462, 1.091434425, 3.0400000152, 1.0231475287, 0.870304343517, 1.00000010109, 1.0000001513, 1.02296432526, 5.40382053036, 0.94827619425, 1.00000015378, 87.8494628388, 0.931400854438, 4.03065092597, 1.04187311903, 3.29000008623, 1.00000019634, 1175.39498895, 43.0788110318, 11455.8400652, 0.536193029491
5.09365568312, 1.09129676007, 1.61222061702, 0.975875752724, 2.83000034328, 0.923689976514, 1.67622981353, 1.26000063078, 1.1400008811, 3.23189461948, 2.71558062746, 1.07471461641, 3.04000074542, 1.00385684217, 0.896884971501, 1.0000000147, 1.00000066205, 1.06909017692, 3.68288660068, 0.955248198787, 1.00000023704, 82.7645453099, 1.08409386625, 4.7032387173, 1.02212345717, 3.29000014506, 1.00000023846, 1996.71390086, 39.9546694283, 28353.1607347, 0.536193029491
4.54531272664, 1.10806055323, 1.39864366201, 0.807890684017, 2.83000046357, 0.891700121724, 4.61680621214, 1.26000032117, 1.14000017378, 2.93627695001, 2.68295440793, 0.913538700112, 3.04000089205, 1.10285990504, 0.804467212468, 1.00000096152, 1.00000012152, 1.05060605532, 8.44069321234, 0.915627722965, 1.00000006493, 81.8814957622, 0.997566469372, 5.22588684739, 1.02797200831, 3.29000076905, 1.00000021528, 397.777241891, 32.0868938014, 5203.91879245, 2.14477211796
2.12571764503, 1.12069330777, 1.69987517367, 0.998380447294, 2.83000023338, 0.99833649946, 5.9726242887, 1.26000006903, 1.14000061933, 3.12925644636, 2.60531521032, 0.993487154771, 3.04000099758, 1.03821521677, 0.873006107105, 1.00000079801, 1.00000096113, 1.07758209975, 4.75079503325, 0.963562502719, 1.00000071878, 110.881884986, 0.985882030996, 1.35520106353, 1.02905685933, 3.29000078668, 1.00000099685, 413.925812898, 28.9537806984, 5408.58891415, 2.14477211796
4.25080963132, 1.062756261, 1.59791064937, 0.801158129695, 2.83000035537, 1.12885804541, 1.76304918401, 1.26000060638, 1.14000029014, 3.26125017601, 2.55351060411, 1.05215508703, 3.04000022215, 1.11318659947, 0.979554433815, 1.00000056156, 1.00000045672, 1.10402531024, 7.15283294787, 0.974884624903, 1.0000006622, 106.001575758, 0.846441098667, 5.70707035276, 1.03486630202, 3.29000078904, 1.00000020571, 580.771565105, 21.940432522, 3473.8529207, 2.14477211796
1.55426728562, 1.04118335648, 1.58577068287, 0.812321077971, 2.83000092215, 0.977353178699, 3.27623137262, 1.26000012008, 1.14000043088, 1.55255388982, 1.86237235769, 0.898669819223, 3.04000062592, 1.06145461626, 0.887119411573, 1.00000059348, 1.00000087617, 1.04903730213, 8.59265039269, 0.956046452973, 1.00000064597, 106.26738514, 0.846607053445, 5.50911516361, 1.02816243279, 3.29000022989, 1.00000098426, 686.22648022, 19.716741175, 4156.49276302, 2.14477211796
1.44002097356, 1.07455039028, 1.4039304045, 0.954132206495, 2.83000087885, 0.868532099101, 5.63024112858, 1.26000025957, 1.14000053961, 3.10221730468, 1.96449875594, 0.925378857001, 3.04000031721, 1.04529351592, 0.782475587512, 1.00000016497, 1.00000054608, 1.05916123038, 9.55786215049, 0.953080411003, 1.00000024609, 94.674886856, 1.08253042067, 4.82484693863, 0.986831798527, 3.29000017117, 1.00000096085, 897.795099625, 22.6116660796, 2651.70603847, 1.87667560322
1.79387551933, 1.06372837383, 1.57089152173, 0.920293667039, 2.83000021591, 1.06920862211, 2.12117515465, 1.26000040855, 1.1400003612, 3.41720349399, 2.89546832195, 1.08883488991, 3.04000001361, 1.06834148941, 0.977550722009, 1.00000090259, 1.00000061614, 1.06764556769, 3.60060302638, 0.921731799584, 1.00000074578, 120.005907532, 1.04273609005, 4.85599682039, 1.06322007501, 3.29000082841, 1.00000021869, 649.267764542, 21.9452918449, 2677.75491685, 2.14477211796
1.7891012134, 1.05457453336, 1.46378940787, 0.97776508311, 2.83000001245, 0.896116791615, 5.12952776396, 1.2600006252, 1.14000030846, 1.33602701111, 2.39842712541, 0.927716324206, 3.0400008644, 1.08670636734, 0.87861207365, 1.00000004229, 1.00000060058, 1.08166767854, 6.23282499797, 0.974601081408, 1.00000035976, 104.703453187, 1.06176147732, 5.75091886771, 1.02036696979, 3.29000078064, 1.00000088532, 614.523184368, 21.0906628229, 6083.48226731, 2.14477211796
1.92837180241, 1.13092519976, 1.48091810951, 0.937466900355, 2.83000080686, 0.93799487384, 1.52868276216, 1.26000007327, 1.14000060957, 2.93055569568, 2.52075153804, 1.01229070907, 3.04000000713, 1.04148053212, 0.847576920724, 1.00000051771, 1.00000016536, 1.03787726332, 9.4365097564, 0.92328370606, 1.00000052233, 116.296420689, 1.08603183782, 2.39993807868, 1.00481261831, 3.290000405, 1.00000004021, 436.889027884, 20.0790020795, 4648.39103302, 2.41286863271
4.10532530923, 1.04742123354, 1.34963994717, 0.971305014301, 2.83000024082, 0.903220443672, 2.44645877082, 1.26000044362, 1.14000025742, 3.67399442277, 2.28340088166, 1.00378585282, 3.04000013319, 1.07466495985, 0.941215748883, 1.00000016723, 1.00000020815, 1.04436858528, 9.19238532067, 0.998068472197, 1.00000088536, 102.959594785, 0.887450038341, 1.90022492803, 0.993900459155, 3.29000099325, 1.00000093296, 314.528510893, 30.5005947923, 4124.53408496, 2.41286863271
3.09455270846, 1.11198505262, 1.51513790645, 0.873182306051, 2.83000015786, 1.13326053109, 5.07308439893, 1.26000078685, 1.1400008019, 3.4945864165, 2.90476616173, 1.01575464758, 3.0400004446, 1.09288197451, 0.945817749147, 1.00000065711, 1.00000096632, 1.03264795333, 5.90853061239, 0.92134777772, 1.00000079269, 76.8743646539, 0.880310533603, 1.76452517957, 0.989656296253, 3.29000031123, 1.00000080251, 564.003126006, 32.597164598, 2262.82083351, 1.87667560322
5.09365568312, 1.09129676007, 1.61222061702, 0.900308297798, 2.83000007593, 1.05001041158, 1.67622981353, 1.26000063078, 1.1400008811, 3.23189461948, 2.71558062746, 1.07471461641, 3.04000074542, 1.00385684217, 0.896884971501, 1.0000000147, 1.00000066205, 1.09430148305, 3.68288660068, 0.955248198787, 1.00000023704, 82.7645453099, 1.08409386625, 4.7032387173, 1.02212345717, 3.29000014506, 1.00000004428, 463.762964335, 33.1201890966, 3882.1250205, 2.41286863271
1.79387551933, 1.06372837383, 1.57089152173, 0.920293667039, 2.83000021591, 1.06920862211, 2.12117515465, 1.26000040855, 1.1400003612, 3.41720349399, 2.89546832195, 1.08883488991, 3.04000001361, 1.06834148941, 0.977550722009, 1.00000090259, 1.00000061614, 1.06764556769, 3.60060302638, 0.921731799584, 1.00000074578, 120.005907532, 1.04273609005, 4.85599682039, 1.06322007501, 3.29000082841, 1.00000021869, 557.377688506, 33.90549094, 1980.61434887, 1.87667560322
4.10532530923, 1.03428744213, 1.57369569623, 0.971305014301, 2.83000090113, 0.903220443672, 2.44645877082, 1.26000044362, 1.14000025742, 3.67399442277, 2.28340088166, 1.00378585282, 3.04000006407, 1.01375706248, 0.941215748883, 1.00000016723, 1.00000020815, 1.04436858528, 9.31435675886, 0.998068472197, 1.00000045051, 95.9612877162, 0.887450038341, 2.0398103915, 0.993900459155, 3.29000099325, 1.00000093296, 582.442256308, 18.0730791289, 1690.42839059, 2.9490616622
3.51901516442, 1.0490669175, 1.40059931342, 0.824540373909, 2.83000055666, 1.01177529841, 5.12419894837, 1.26000036247, 1.14000067991, 1.61241312879, 2.67211395114, 1.05560588645, 3.04000007467, 1.06376364203, 0.964242747939, 1.00000041425, 1.00000067497, 1.02670552098, 3.04572620064, 0.984857049164, 1.00000071918, 82.7197863606, 1.08388095222, 1.11797707102, 1.0238812956, 3.29000044821, 1.00000029888, 425.798577304, 23.1105173323, 1113.33149988, 3.75335120643
3.84699743932, 1.04655289187, 1.68033805391, 0.965145223259, 2.83000048201, 1.10190538699, 1.54422545608, 1.26000038869, 1.14000028191, 3.41624265948, 2.33795247908, 0.955064503509, 3.04000010901, 1.05795034555, 1.02356631511, 1.00000024501, 1.00000095644, 1.04288578804, 6.6420118843, 0.947192287262, 1.00000070116, 83.467385827, 0.862411507332, 3.23488130616, 0.953315914411, 3.29000096435, 1.00000017873, 1045.88333893, 22.0402092174, 2381.9313416, 2.68096514745
1.00286002045, 1.04962225697, 1.3723247062, 0.808649043861, 2.83000039667, 0.968393288747, 2.18369443548, 1.26000032373, 1.14000023492, 2.78951315649, 2.53829699615, 1.08056933437, 3.04000085629, 1.04698258601, 1.00893871705, 1.00000028258, 1.00000057312, 1.0077575364, 6.68975177127, 0.923465461916, 1.00000007707, 101.481815108, 0.958376956258, 2.29679434593, 1.06635877865, 3.2900002717, 1.00000010468, 356.256374788, 30.0375507745, 1958.07341118, 2.68096514745
1.1447584029, 1.08564887683, 1.64441108406, 0.975700942263, 2.83000074296, 1.14989351589, 1.53536093823, 1.26000036185, 1.14000093364, 2.14201465996, 2.19502337167, 1.01640638607, 3.04000019682, 1.11984229652, 0.896571282938, 1.0000005655, 1.00000007955, 1.02758728271, 9.82946446613, 0.92755828945, 1.0000000481, 99.3083283217, 1.04271649055, 3.9339262453, 0.986811029542, 3.29000070789, 1.00000016581, 3114.22812168, 58.2930773941, 7205.18603219, 0.0
2.62320320833, 1.05487307831, 1.4783887293, 0.974753122182, 2.83000086386, 0.962155797556, 3.94535497967, 1.26000027039, 1.14000065287, 1.35063273119, 1.61233173287, 1.06163677976, 3.04000050875, 1.06514577125, 1.06056131578, 1.00000056952, 1.00000097839, 1.08771411935, 9.88508402976, 0.926482408317, 1.00000041188, 83.3214127596, 0.974906534639, 4.09393650541, 0.990472316409, 3.29000092006, 1.00000050906, 4788.84400129, 42.6999113832, 23209.5627629, 0.536193029491
2.12571764503, 1.12069330777, 1.58253768749, 0.998380447294, 2.83000023338, 0.99833649946, 5.9726242887, 1.26000006903, 1.14000061933, 2.89791225246, 2.60531521032, 0.993487154771, 3.04000099758, 1.03821521677, 0.873006107105, 1.00000079801, 1.00000096113, 1.07758209975, 4.75079503325, 0.963562502719, 1.00000071878, 110.881884986, 0.985882030996, 1.35520106353, 1.02905685933, 3.29000078668, 1.00000099685, 2775.24404977, 39.9290282494, 33274.7935044, 0.536193029491
3.66105177314, 1.06688295206, 1.57167957233, 0.817006584638, 2.83000031758, 0.991081791223, 2.7382454914, 1.26000015672, 1.14000043282, 1.26425971826, 1.81719465085, 1.08079729933, 3.04000053299, 1.10504085428, 0.870318833322, 1.00000030801, 1.00000030316, 1.09955823106, 9.55998738511, 0.916976401192, 1.00000076132, 106.460735189, 0.888132783971, 2.87531364032, 0.960830176031, 3.29000079464, 1.00000029677, 2711.0358729, 40.6240053624, 2215.95394071, 0.804289544236
4.55257770674, 1.1148658407, 1.4900580157, 0.813547615514, 2.83000023216, 0.864929389868, 5.92638769186, 1.2600006289, 1.14000037995, 1.77043359246, 2.01003707285, 0.922125100772, 3.04000099308, 1.0155752629, 1.00946954299, 1.00000040634, 1.00000025712, 1.10237062213, 8.78056796563, 0.960643881716, 1.00000082587, 100.805352873, 0.900381545376, 3.10881951403, 0.97924273807, 3.29000055357, 1.00000065438, 599.277550898, 35.60196116, 15865.8903057, 1.87667560322
2.48364183124, 1.09445218732, 1.54862116817, 0.826476746126, 2.83000086893, 0.896138825155, 5.32232979465, 1.26000033325, 1.1400006595, 3.28050737546, 2.10033599611, 0.990205300853, 3.04000031179, 1.06406798014, 1.06081896403, 1.00000090011, 1.00000094313, 1.01998713509, 7.80362325094, 0.987842745273, 1.00000053835, 121.778418236, 0.951103250394, 2.86584769252, 0.985211464743, 3.29000027009, 1.00000063085, 1021.33314512, 22.1201067909, 3590.29013991, 7.50670241287
1.19368264023, 1.01585537831, 1.51909894879, 0.946099413513, 2.83000068876, 1.01338304024, 5.86674519679, 1.2600000688, 1.14000019618, 3.6299876074, 2.08358305647, 0.900472304934, 3.0400009889, 1.04568320237, 0.98252117473, 1.00000084024, 1.00000029376, 1.00590580796, 3.83481844061, 0.96146031016, 1.00000086092, 103.961489751, 0.938987814086, 4.43585057917, 0.953807462372, 3.29000027959, 1.00000048123, 754.411234776, 20.439010327, 7312.55652475, 6.16621983914
3.30360948913, 1.00490069673, 1.44747537058, 0.801030383092, 2.83000050961, 1.02215783444, 4.72055270776, 1.26000048856, 1.14000022287, 3.19853693595, 2.4148874193, 1.06272185049, 3.04000046895, 1.07787152759, 0.782937927296, 1.00000092205, 1.00000055804, 1.10734202412, 5.15934489858, 0.947349498173, 1.00000059036, 102.509921235, 0.904732796812, 5.05737975567, 1.06847503703, 3.29000075833, 1.00000009195, 3745.58956124, 45.5929135578, 17108.3022352, 0.0
3.84699743932, 1.04655289187, 1.68033805391, 0.965145223259, 2.8300001638, 1.10190538699, 1.54422545608, 1.26000038869, 1.14000028191, 1.90151081394, 2.33795247908, 0.955064503509, 3.04000010901, 1.05795034555, 1.02356631511, 1.00000024501, 1.00000095644, 1.04288578804, 6.6420118843, 0.947192287262, 1.00000070116, 83.467385827, 0.862411507332, 3.23488130616, 0.954804105263, 3.29000077019, 1.00000017873, 2565.77755258, 57.1063154074, 20886.3442619, 0.0
4.8180446268, 1.02760128017, 1.44860623328, 0.865887858789, 2.83000052759, 1.13342241959, 4.48824714749, 1.26000070437, 1.14000045834, 1.37891917438, 3.04116792, 1.0109985375, 3.0400005291, 1.11893205907, 0.880265936118, 1.00000053956, 1.00000062995, 1.01792604358, 4.11280899775, 0.97350161192, 1.00000055441, 110.477503972, 0.900865352651, 4.81304371593, 0.997411514281, 3.29000049487, 1.00000053165, 2122.1752812, 51.1042712042, 9933.56870739, 0.536193029491
1.1447584029, 1.05853645645, 1.48509168343, 0.941113390881, 2.83000025791, 1.05386133177, 2.15155669942, 1.26000099995, 1.14000027366, 2.14201465996, 2.44199747678, 0.984013528402, 3.04000081912, 1.0807086824, 1.05422731559, 1.00000024135, 1.00000003187, 1.04223425389, 3.76459920767, 0.930348692159, 1.00000046085, 75.5179713931, 0.924853385565, 5.50619346374, 1.01662004782, 3.29000010006, 1.00000089389, 1155.41519521, 21.3913022982, 4302.95414854, 5.63002680965
1.5735113978, 1.12723735004, 1.482660496, 0.964431755295, 2.83000001315, 1.16512057779, 5.13994936979, 1.26000058607, 1.14000088835, 2.81802888026, 2.21629503302, 0.965702722691, 3.04000079219, 1.11199538062, 0.839912479468, 1.00000098293, 1.00000055554, 1.05424738574, 8.08514557677, 0.9164225503, 1.00000005399, 116.466321685, 1.0328504805, 1.9679962747, 1.06964361478, 3.29000086729, 1.0000003959, 1778.5464894, 53.6700619778, 11739.4131795, 0.536193029491
5.922797126, 1.10325632788, 1.59763191339, 0.979608514411, 2.8300006054, 0.976624245864, 1.90014623997, 1.26000036083, 1.14000022766, 3.50849546512, 1.93915172252, 0.975398422523, 3.04000048574, 1.07780701205, 1.06354186625, 1.00000009497, 1.00000047636, 1.0933040047, 3.07743309251, 0.92420092191, 1.000000793, 108.995241275, 0.870285780892, 1.14829365541, 1.05123790917, 3.29000087504, 1.00000002724, 1495.11184806, 22.3032651862, 4357.71157008, 4.02144772118
5.80967789762, 1.07280686156, 1.62736014131, 0.842741327164, 2.83000048201, 1.0279859021, 5.24892719791, 1.26000042582, 1.14000078777, 2.71567345067, 2.73011307467, 1.02169472422, 3.04000056675, 1.10283473256, 0.995833056408, 1.00000023298, 1.00000098133, 1.06604966342, 8.28996007312, 0.942436537026, 1.00000079422, 99.5282143941, 0.993435843717, 5.60866203393, 0.99651624561, 3.29000088719, 1.0000001756, 1303.67924178, 27.0630727813, 17901.2731879, 2.14477211796
1.73536351334, 1.05574709408, 1.38389031869, 0.865720225015, 2.83000064768, 1.0455299337, 4.48864970147, 1.26000072151, 1.14000068139, 1.63194484255, 2.02149314593, 0.88443358954, 3.0400002549, 1.1027665371, 1.00633981005, 1.00000031439, 1.00000056773, 1.00304555275, 7.35177140105, 0.968120873643, 1.00000079477, 110.633212728, 0.844711394778, 1.40303668841, 1.06593473306, 3.29000069753, 1.00000029931, 1826.32808163, 34.1841282937, 4997.53590821, 1.34048257373
2.8967004389, 1.09962176861, 1.68115815254, 0.868332159292, 2.83000025223, 1.01303820827, 2.6309618726, 1.2600001618, 1.14000086324, 2.89517889517, 2.41285899704, 0.914647645112, 3.04000032941, 1.10671334011, 0.881801723297, 1.00000020391, 1.00000081816, 1.05884762607, 8.51009492416, 0.966666025323, 1.0000006247, 89.0209447297, 0.860804075608, 3.19730053323, 0.989354085192, 3.29000088814, 1.00000079065, 1004.06305618, 20.5015010078, 4080.09721948, 6.70241286863
3.84699743932, 1.04655289187, 1.46378940787, 0.965145223259, 2.8300001638, 0.912317963702, 2.36988040533, 1.26000038869, 1.14000028191, 1.90151081394, 2.33795247908, 0.955064503509, 3.04000010901, 1.05795034555, 1.02220331675, 1.00000024501, 1.0000009318, 1.10082494841, 6.6420118843, 0.947192287262, 1.00000070116, 81.2401460157, 0.862411507332, 3.23488130616, 0.969726283072, 3.29000077019, 1.00000046786, 732.822465381, 23.3585176192, 8824.10387874, 3.48525469169
