0.300747536698, 1.08089250619, 2.76499572685, 0.594657925026, 4.09970967054, 5.93762845303, 2.8272721101, 4.00272733448, 31.6752360726, 435.631981454, 0.087387800814, 0.0
0.147185904175, 1.09722661541, 2.1492016091, 0.499706187001, 30.5747252997, 1.2270498047, 0.772944849647, 0.0131479649853, 17.5217458501, 148.903853548, 0.0150858689511, 0.0588235294118
0.521672004858, 0.972602205291, 2.46130328751, 0.529356342039, 49.2172383749, 22.0337234421, 1.51563192844, 0.314773284678, 18.7524799316, 146.401621618, 0.36184756177, 0.0
0.39943018444, 1.07517172389, 2.15360838818, 0.624623033298, 51.4965711135, 6.468585, 1.64626321841, 4.87488496375, 29.2307066294, 221.740928066, 0.132533450858, 0.0
0.147185904175, 1.09722661541, 2.1492016091, 0.499706187001, 30.5747252997, 10.1111787508, 0.772944849647, 0.0131479649853, 17.5217458501, 123.147597094, 0.0985329388243, 0.266666666667
0.116097149219, 1.19205550055, 2.83563302186, 0.527656508537, 9.84732580543, 40.2458521615, 0.854843326431, 1.23278860924, 34.6570610261, 181.715983287, 0.340130103492, 0.0
0.252722052827, 1.06877837135, 5.5936207424, 0.455757134861, 42.0668567172, 4.37747432509, 0.571409361642, 2.14128710829, 22.3958563831, 468.992017028, 0.0645543504986, 0.0
0.147185904175, 1.09722661541, 2.1492016091, 0.499706187001, 30.5747252997, 1.2270498047, 0.772944849647, 0.0131479649853, 17.5217458501, 143.99664045, 0.0179317565012, 0.4
0.385025946572, 0.871709645623, 2.15360838818, 0.624623033298, 21.7665960106, 31.5021453736, 0.691168976902, 4.87488496375, 13.0911689973, 129.814116188, 0.24692433891, 0.111111111111
0.258412811406, 1.08089250619, 2.76499572685, 0.594657925026, 4.09970967054, 5.93762845303, 2.8272721101, 4.00272733448, 31.6752360726, 456.132464521, 0.0746311461344, 0.0
0.890323020077, 0.943221347109, 4.24805532589, 0.676157107642, 17.5635438238, 4.02518669182, 1.15648659858, 4.87354102679, 16.2786327546, 417.969057438, 0.117371664571, 0.0
0.135221952079, 1.04343866934, 6.17787073038, 0.682299209426, 41.8370679374, 3.38391638588, 2.01114674078, 1.46449364352, 12.1171333048, 709.249268559, 0.0211684556679, 0.0
0.471674862593, 0.918992035075, 4.27880542449, 0.619457480842, 10.2100141863, 23.546083282, 0.0946068792404, 0.523126566552, 1.09848263312, 144.861175073, 0.0620100656706, 0.791666666667
0.262780840217, 1.05944687681, 4.35429779958, 0.602299185201, 25.4930059621, 7.98930268717, 1.72913969435, 3.79341263796, 35.2755401362, 450.84689285, 0.0965753876784, 0.0
0.829907768172, 1.10540536595, 5.65347440017, 0.673282596753, 41.1380054477, 2.66720367389, 1.70724717091, 4.25924342544, 11.226640874, 665.419490608, 0.0675553626216, 0.0
0.300747536698, 1.08089250619, 2.76499572685, 0.594657925026, 4.09970967054, 5.93762845303, 2.8272721101, 4.00272733448, 31.6752360726, 480.753635084, 0.0696986442425, 0.0
0.364824721067, 1.17989729687, 6.77258342353, 0.692049098365, 44.0324591648, 3.38391638588, 1.89306734295, 4.29422723269, 20.099201321, 1074.7384617, 0.0661304064457, 0.0
0.171809523404, 1.12985189221, 3.93727504438, 0.544917665308, 77.0819676016, 1.25889758589, 0.0185772683819, 4.01460298402, 17.0571876721, 278.07585885, 0.0398417976528, 0.307692307692
0.290233930825, 0.837217892339, 5.5936207424, 0.455757134861, 42.0668567172, 4.37747432509, 0.571409361642, 2.14128710829, 22.3958563831, 253.929649989, 0.0702829159082, 0.1875
0.147185904175, 1.09722661541, 2.83563302186, 0.527656508537, 30.5747252997, 10.1111787508, 0.772944849647, 0.0131479649853, 17.5217458501, 172.883089838, 0.10480147121, 0.2
0.116097149219, 1.1922885687, 2.1492016091, 0.499706187001, 9.84732580543, 40.2458521615, 0.854843326431, 2.95682786755, 34.6570610261, 174.491628816, 0.27338200939, 0.105263157895
0.221196749883, 1.16056710368, 2.01447376511, 0.659717036103, 31.9681578237, 16.8728426123, 2.49989799006, 2.25775696908, 3.07805280199, 201.031949949, 0.210281297676, 0.153846153846
0.135643688303, 0.979895182541, 8.62223860185, 0.669232372485, 80.8145989938, 7.73139574825, 1.52426817547, 2.25775696908, 3.07805280199, 697.015970944, 0.0504386947314, 0.166666666667
0.505002010793, 1.09158484485, 5.3074745805, 0.439613636552, 97.0071022407, 21.103790821, 0.12600184706, 3.18213770324, 16.2728847196, 333.267938763, 0.288231375836, 0.0
0.672405980851, 1.16056710368, 2.13715878379, 0.659717036103, 31.9681578237, 16.8728426123, 2.49989799006, 3.60579850782, 8.80592512651, 284.374493343, 0.321025915133, 0.0
0.672405980851, 1.19519199738, 5.6161374585, 0.424083569523, 65.6005022889, 4.92338631868, 0.408436631057, 3.60579850782, 12.2382377342, 342.72527649, 0.137004268193, 0.0
0.521672004858, 0.972602205291, 2.46130328751, 0.529356342039, 49.2172383749, 22.0337234421, 1.51563192844, 0.314773284678, 18.7524799316, 198.013152896, 0.473361516713, 0.0166666666667
0.385025946572, 1.15844243846, 5.17033866697, 0.660158069588, 64.8494644392, 46.038719119, 0.691168976902, 0.792523137948, 13.0911689973, 183.228953326, 0.539530864997, 0.0
0.116291890044, 1.17266180393, 6.85529603088, 0.600099592388, 77.0819676016, 2.04015478272, 1.95794231286, 0.913233302428, 26.6235246199, 951.078633504, 0.0263711213699, 0.272727272727
0.400339284231, 1.12985189221, 4.4057121595, 0.544917665308, 77.0819676016, 1.13523768143, 0.0185772683819, 4.01460298402, 17.0571876721, 375.603783829, 0.0488429320352, 0.357142857143
0.221196749883, 1.19519199738, 5.6161374585, 0.424083569523, 65.6005022889, 1.37564282292, 0.408436631057, 4.19751643396, 16.2600241769, 531.274573166, 0.0262335295951, 0.5
0.171809523404, 1.12985189221, 4.4057121595, 0.544917665308, 77.0819676016, 1.17431751108, 0.0185772683819, 4.01460298402, 17.0571876721, 285.444621297, 0.0398133191631, 0.444444444444
0.171809523404, 1.12985189221, 3.93727504438, 0.544917665308, 70.247485571, 1.25889758589, 0.0185772683819, 4.01460298402, 17.0571876721, 237.980835184, 0.0359312160581, 0.555555555556
0.221196749883, 1.19519199738, 5.6161374585, 0.424083569523, 65.6005022889, 1.37564282292, 0.408436631057, 4.19751643396, 16.2600241769, 544.512506301, 0.0197714845753, 0.411764705882
0.39943018444, 0.972602205291, 2.46130328751, 0.529356342039, 17.7124020813, 22.0337234421, 1.51563192844, 0.314773284678, 18.7524799316, 224.324130948, 0.359193164567, 0.0
0.107377636404, 0.904185370081, 4.65227365528, 0.468073531853, 51.7624180244, 34.107405476, 0.0585396679388, 0.440560326788, 35.9660515032, 349.639409495, 0.229033345923, 0.0
0.399515300524, 0.94740903974, 2.93432084494, 0.446219044632, 73.9456787066, 1.92286895761, 1.90022320543, 1.54000475682, 34.871791283, 360.708634768, 0.0682384049667, 0.439393939394
0.116291890044, 1.10953091925, 6.85529603088, 0.600099592388, 70.247485571, 2.04015478272, 1.95794231286, 0.913233302428, 26.6235246199, 736.285790702, 0.0336898312891, 0.413043478261
0.364824721067, 1.17989729687, 6.77258342353, 0.689383378469, 44.0324591648, 5.74769919718, 1.89306734295, 0.708398013278, 20.099201321, 664.411356705, 0.0858561510691, 0.0
0.116291890044, 1.10953091925, 6.85529603088, 0.600099592388, 70.247485571, 2.04015478272, 1.95794231286, 0.913233302428, 26.6235246199, 857.319432035, 0.0349653759289, 0.453488372093
0.135221952079, 0.89667706257, 3.02607761437, 0.682299209426, 86.6383722053, 15.7866447661, 1.51380233054, 3.90062957988, 5.01525646325, 221.073653247, 0.150957440393, 0.31914893617
0.135027668412, 1.05610751561, 5.6320803612, 0.456936221057, 17.3263676567, 46.8715997051, 1.40781831072, 2.07509635567, 1.09848263312, 393.953580862, 0.240194623604, 0.0
0.39943018444, 0.871709645623, 2.15360838818, 0.624623033298, 21.7665960106, 6.468585, 1.64626321841, 4.87488496375, 23.8941989171, 169.21651711, 0.258419262422, 0.488636363636
0.238589640818, 0.993069394292, 2.37086335038, 0.619457480842, 86.6746329463, 40.6456094517, 0.770569016267, 1.88358778723, 30.0373633121, 161.126494409, 0.356631444889, 0.578947368421
0.829907768172, 1.10540536595, 5.65347440017, 0.673282596753, 41.1380054477, 2.66720367389, 1.70724717091, 4.25924342544, 11.226640874, 562.361399739, 0.0875772674225, 0.0
0.447567132238, 1.09680057229, 3.80660217672, 0.425702274343, 41.6664695499, 3.48442412224, 3.17481785714, 0.143166601705, 41.1236171547, 877.254514062, 0.0813978490283, 0.0
0.237454168473, 0.936007453572, 4.63733106626, 0.528604331194, 43.0196782816, 48.1474202811, 0.53900477823, 1.41197270033, 18.994074754, 190.338397942, 0.316521123406, 0.222222222222
0.516879411994, 1.0998604982, 2.37086335038, 0.488599126222, 86.6746329463, 40.6456094517, 1.20149656244, 2.88090419414, 30.0373633121, 228.155869688, 0.471301332274, 0.0
0.238589640818, 0.940628499847, 6.2605671671, 0.416256870558, 34.8741996417, 1.91371956975, 0.770569016267, 0.360644287121, 41.3455927632, 373.327270585, 0.0784159650224, 0.533333333333
0.718674105617, 1.1709403097, 4.86628246407, 0.489942110648, 4.36970834715, 15.4204363819, 0.854174749434, 4.29422723269, 17.4364007764, 243.445001588, 0.516490879001, 0.0
0.500363556127, 0.89667706257, 3.15894452028, 0.528577673174, 82.122818527, 40.8239121607, 0.761703669177, 4.76530801426, 35.038958924, 150.584236582, 0.472005421325, 0.647058823529
0.186151733171, 1.04776837226, 5.19213182437, 0.610889189012, 42.3002470561, 45.1270530783, 0.987598168077, 3.0897493849, 24.8960014525, 288.966817947, 0.350173366928, 0.1
0.135221952079, 0.89667706257, 3.02607761437, 0.682299209426, 86.6383722053, 15.7866447661, 1.51380233054, 3.90062957988, 5.01525646325, 246.987703142, 0.172604987284, 0.288888888889
0.122264425723, 1.19205550055, 2.83563302186, 0.527656508537, 9.84732580543, 40.2458521615, 0.0963252713874, 1.79019818479, 40.1369434114, 186.914924331, 0.326805257781, 0.421052631579
0.188884315931, 1.11101335811, 3.690152212, 0.582169546415, 76.2665621695, 6.04641708551, 0.854843326431, 4.07757657289, 34.6570610261, 278.336533876, 0.114785350947, 0.464285714286
0.290233930825, 0.837217892339, 5.5936207424, 0.455757134861, 23.0492003924, 4.37747432509, 0.571409361642, 0.00349199529045, 26.1408560708, 239.547506005, 0.147933392866, 0.428571428571
0.441110754656, 1.16974189781, 2.45885136348, 0.585131081792, 77.4522914332, 27.8838501427, 1.56248200214, 0.719845971546, 35.5926956546, 348.804047475, 0.331956620243, 0.0816326530612
0.135643688303, 1.03702740968, 8.62223860185, 0.60739128481, 80.8145989938, 7.73139574825, 2.02183200894, 2.25775696908, 3.07805280199, 1080.32068871, 0.0741029342916, 0.232394366197
0.188884315931, 1.11101335811, 3.690152212, 0.582169546415, 76.2665621695, 6.04641708551, 0.854843326431, 4.07757657289, 34.6570610261, 330.399482659, 0.166583836107, 0.28
0.159977590459, 0.943221347109, 4.97834157351, 0.676157107642, 17.5635438238, 34.851391844, 1.15648659858, 4.87354102679, 16.2786327546, 394.505963758, 0.279146068046, 0.0645161290323
0.364824721067, 1.17989729687, 6.77258342353, 0.517786394139, 44.0324591648, 3.38391638588, 1.89306734295, 0.708398013278, 20.099201321, 966.935949336, 0.0850605106237, 0.142857142857
0.262780840217, 0.938119028123, 4.35429779958, 0.459614467166, 25.4930059621, 7.98930268717, 1.72913969435, 3.79341263796, 25.9789081841, 357.66266576, 0.17288687274, 0.265306122449
0.262780840217, 1.05944687681, 4.35429779958, 0.602299185201, 25.4930059621, 7.98930268717, 1.72913969435, 3.79341263796, 35.2755401362, 439.693814617, 0.2149087163, 0.138461538462
0.478634770422, 1.09680057229, 2.93552211004, 0.540873883811, 41.6664695499, 3.48442412224, 3.17481785714, 4.00855769502, 23.0731007501, 498.212914539, 0.107802754339, 0.0801526717557
0.785407186792, 0.936007453572, 4.63733106626, 0.528604331194, 65.5224328876, 48.1474202811, 0.53900477823, 1.41197270033, 39.1005720116, 278.530318106, 0.556940959682, 0.0833333333333
0.221196749883, 1.16056710368, 2.01447376511, 0.659717036103, 31.9681578237, 16.8728426123, 2.49989799006, 4.19751643396, 8.80592512651, 272.320877216, 0.236317648593, 0.27972027972
0.556121623736, 0.872355986767, 2.689193607, 0.572047036942, 62.9103653913, 21.2693778682, 1.13022709424, 2.85239005257, 42.9035711932, 346.357941244, 0.387968152085, 0.0
0.722245341225, 1.04776837226, 3.690152212, 0.610889189012, 76.2665621695, 6.04641708551, 0.0963252713874, 4.07757657289, 23.4234024034, 223.006300352, 0.226960914687, 0.428571428571
0.898608462005, 0.906758467551, 5.45137097806, 0.689391329265, 84.4139156716, 1.2270498047, 0.440879205046, 0.882494464704, 41.0608556955, 332.831970191, 0.165940638692, 0.333333333333
0.355214010436, 1.04343866934, 6.17787073038, 0.689383378469, 41.8370679374, 5.74769919718, 2.01114674078, 1.46449364352, 12.1171333048, 761.884411944, 0.10326000849, 0.0
0.447567132238, 1.09680057229, 2.93552211004, 0.540873883811, 41.6664695499, 3.48442412224, 3.17481785714, 4.00855769502, 23.0731007501, 581.570373816, 0.10307077814, 0.125
0.300747536698, 1.08089250619, 2.76499572685, 0.594657925026, 4.09970967054, 5.93762845303, 2.8272721101, 4.00272733448, 31.6752360726, 393.321852447, 0.179397522415, 0.267782426778
0.447567132238, 1.09680057229, 2.46130328751, 0.425702274343, 41.6664695499, 3.48442412224, 3.96978513609, 2.86638370802, 41.1236171547, 556.045088121, 0.107954356901, 0.198807157058
0.369209433111, 0.997707350963, 4.0731183521, 0.652979915864, 26.9331799387, 38.7283197478, 0.0585396679388, 3.3770658834, 17.7325383722, 234.771763171, 0.414393511081, 0.181818181818
0.355214010436, 1.04343866934, 6.17787073038, 0.689383378469, 41.8370679374, 5.74769919718, 0.53207632537, 2.99647864604, 12.1171333048, 343.199531747, 0.179141151302, 0.294117647059
0.779715617697, 0.826153424483, 2.93432084494, 0.441372269278, 32.9565328743, 14.4739368747, 0.53207632537, 2.99647864604, 40.3715561045, 257.000842147, 0.54923830289, 0.125
0.186151733171, 1.04776837226, 5.19213182437, 0.610889189012, 42.3002470561, 45.1270530783, 0.987598168077, 3.0897493849, 24.8960014525, 311.163989717, 0.377811767095, 0.142857142857
0.107377636404, 0.904185370081, 4.65227365528, 0.468073531853, 88.9610540798, 34.107405476, 0.0585396679388, 1.48120920526, 35.9660515032, 257.942425397, 0.248651419775, 0.333333333333
0.441110754656, 1.16974189781, 2.45885136348, 0.585131081792, 77.4522914332, 27.8838501427, 1.56248200214, 0.719845971546, 35.4272837586, 276.917101703, 0.505510008405, 0.156862745098
0.146513776418, 1.12611217449, 4.97834157351, 0.530379294674, 13.029605943, 42.6625909459, 0.126223982889, 4.92726016115, 6.66931003846, 269.541427811, 0.30151823244, 0.3125
0.500363556127, 0.89667706257, 3.15894452028, 0.456936221057, 82.122818527, 13.8564261408, 0.761703669177, 4.76530801426, 35.038958924, 201.604553582, 0.46318128476, 0.529411764706
0.476829105834, 0.945026935953, 5.36281734981, 0.440733124055, 64.9034850902, 26.0086031475, 1.61120551379, 2.83061681035, 26.2363475437, 409.127346487, 0.422352493064, 0.0
0.116291890044, 1.10953091925, 6.85529603088, 0.424083569523, 62.7373138898, 4.92338631868, 1.95794231286, 0.913233302428, 26.6235246199, 1112.66549663, 0.0705858121404, 0.536231884058
0.521672004858, 0.972602205291, 3.80660217672, 0.529356342039, 49.2172383749, 22.0337234421, 0.394449692364, 0.314773284678, 18.7524799316, 306.158445067, 0.477185130086, 0.142857142857
0.779715617697, 0.826153424483, 2.29133738515, 0.441372269278, 32.9565328743, 14.4739368747, 0.53207632537, 2.99647864604, 40.3715561045, 209.293958946, 0.504094781238, 0.529411764706
0.30695119929, 1.05390355674, 8.59844448547, 0.41319768305, 75.4672375762, 8.73463122486, 3.14374621336, 0.266962566161, 17.3039473589, 1361.97067257, 0.129001912844, 0.00712589073634
0.30695119929, 1.05390355674, 8.59844448547, 0.41319768305, 75.4672375762, 8.73463122486, 3.14374621336, 0.266962566161, 17.3039473589, 1533.30837988, 0.13144106383, 0.014367816092
0.652940593311, 0.917883687139, 6.80536292235, 0.607010764008, 18.1028372827, 3.6786968316, 1.38149780943, 1.88358778723, 15.663296105, 433.716285929, 0.153317472645, 0.333333333333
0.53860090918, 0.907624862876, 8.20393872769, 0.468807478981, 67.1172167455, 31.6897878974, 0.875039243275, 0.0911815307633, 30.0966204723, 358.341682554, 0.3494609988, 0.142857142857
0.730224981649, 1.12611217449, 4.24805532589, 0.552885056007, 49.2603467626, 6.48797350208, 3.91764835696, 4.98390977477, 2.26713568425, 571.679579359, 0.168856117017, 0.0437158469945
0.505002010793, 1.11326630557, 5.3074745805, 0.439613636552, 97.0071022407, 21.103790821, 0.12600184706, 3.18213770324, 16.2728847196, 371.359496187, 0.381279573034, 0.0909090909091
0.516879411994, 1.0998604982, 2.37086335038, 0.488599126222, 86.6746329463, 40.6456094517, 1.20149656244, 2.88090419414, 30.0373633121, 363.858124112, 0.458950717231, 0.0588235294118
0.898608462005, 0.906758467551, 5.45137097806, 0.689391329265, 84.4139156716, 1.2270498047, 0.440879205046, 0.882494464704, 41.0608556955, 455.361397669, 0.130754287646, 0.485714285714
0.66715657351, 0.94740903974, 9.9116675996, 0.446219044632, 73.9456787066, 1.92286895761, 1.90022320543, 1.54000475682, 34.871791283, 956.245407561, 0.0844522745678, 0.524590163934
0.272437640912, 0.868039478668, 3.50184405575, 0.682733935347, 82.5571795415, 31.0864422203, 3.14421890251, 0.525507179414, 11.6302245987, 419.098769227, 0.356419783269, 0.0990783410138
0.272437640912, 0.868039478668, 3.50184405575, 0.682733935347, 82.5571795415, 31.0864422203, 3.14421890251, 4.07347115445, 11.6302245987, 476.176201491, 0.309434519449, 0.0109289617486
0.155941717964, 0.984725464166, 6.83366133482, 0.420296558813, 12.9421990458, 17.4014102694, 2.28260629486, 1.0498648793, 32.4296238631, 1014.04506333, 0.114459666285, 0.144329896907
0.530835313761, 0.864904916468, 2.11876910765, 0.634212805913, 33.416763737, 46.4885601497, 3.83189648279, 0.781721927608, 30.8093393762, 321.793751961, 0.555772939656, 0.177777777778
0.785920560225, 1.15844243846, 7.08385685235, 0.556679338564, 71.0353493676, 18.4901598067, 0.691168976902, 0.792523137948, 13.0911689973, 527.235778264, 0.263462525824, 0.0
0.146513776418, 0.943221347109, 4.97834157351, 0.676157107642, 17.5635438238, 34.851391844, 1.15648659858, 4.87354102679, 16.2786327546, 513.97178039, 0.19367507212, 0.0769230769231
