0.833304141891, 1.08785964923, 2.05376009686, 0.589568814559, 67.2568693118, 15.6231000539, 0.501086289614, 4.43469891558, 30.3835786991, 95.0679045048, 0.54910101311, 0.571428571429
0.154510288137, 0.972756413456, 2.05295710537, 0.589899075591, 31.2742617898, 15.5952590348, 0.391339153294, 0.20353953765, 30.4599839289, 123.306303125, 0.195479985472, 0.277777777778
0.154510288137, 0.972756413456, 2.05295710537, 0.589899075591, 31.2742617898, 15.5952590348, 0.391339153294, 0.20353953765, 30.4599839289, 123.306303125, 0.195479985472, 0.277777777778
0.154510288137, 0.972756413456, 2.05295710537, 0.589899075591, 31.2742617898, 15.5952590348, 0.184202393936, 0.20353953765, 33.756717614, 110.134088849, 0.246826136357, 0.533333333333
0.154510288137, 0.972756413456, 2.05295710537, 0.57717671521, 31.2742617898, 17.1996423394, 0.184202393936, 0.20353953765, 33.756717614, 93.6541704444, 0.115832090808, 0.0
0.154510288137, 0.972756413456, 2.05295710537, 0.57717671521, 31.2742617898, 17.1996423394, 0.184202393936, 0.20353953765, 33.756717614, 93.6541704444, 0.115832090808, 0.0
0.154510288137, 0.972756413456, 2.05295710537, 0.57717671521, 31.2742617898, 17.1996423394, 0.184202393936, 0.20353953765, 33.756717614, 93.6541704444, 0.115832090808, 0.0
0.154510288137, 0.972756413456, 2.05295710537, 0.57717671521, 31.2742617898, 17.1996423394, 0.184202393936, 0.20353953765, 33.756717614, 93.6541704444, 0.115832090808, 0.0
0.833304141891, 1.08785964923, 2.05376009686, 0.589568814559, 72.7535019744, 15.6231000539, 0.501086289614, 4.87935554505, 30.3835786991, 110.293623586, 0.3528852999, 0.0
0.154510288137, 1.08350934112, 2.05375052401, 0.589899075591, 31.5687047297, 15.5952590348, 0.487729795986, 0.127187860296, 33.756717614, 93.7331413371, 0.302503042277, 0.384615384615
0.154510288137, 1.08350934112, 2.05375052401, 0.589899075591, 31.5687047297, 15.5952590348, 0.487729795986, 0.127187860296, 33.756717614, 93.7331413371, 0.302503042277, 0.384615384615
0.154510288137, 1.08350934112, 2.05375052401, 0.589899075591, 31.5687047297, 15.5952590348, 0.487729795986, 0.127187860296, 33.756717614, 93.7331413371, 0.302503042277, 0.384615384615
0.154510288137, 1.08350934112, 2.05375052401, 0.589899075591, 31.5687047297, 15.5952590348, 0.487729795986, 0.127187860296, 33.756717614, 93.7331413371, 0.302503042277, 0.384615384615
0.154510288137, 1.08350934112, 2.05375052401, 0.589899075591, 31.5687047297, 15.5952590348, 0.487729795986, 0.127187860296, 33.756717614, 93.7331413371, 0.302503042277, 0.384615384615
0.154510288137, 1.08577393304, 2.05375052401, 0.589899075591, 31.2712350224, 15.5952590348, 0.515746937903, 0.201874450858, 32.973584003, 85.936452608, 0.172118565101, 0.6
0.154510288137, 1.08577393304, 2.05375052401, 0.589899075591, 31.2712350224, 15.5952590348, 0.515746937903, 0.201874450858, 32.973584003, 85.936452608, 0.172118565101, 0.6
0.154510288137, 1.08577393304, 2.05375052401, 0.589899075591, 31.2712350224, 15.5952590348, 0.515746937903, 0.201874450858, 32.973584003, 85.936452608, 0.172118565101, 0.6
0.154510288137, 1.08577393304, 2.05375052401, 0.589899075591, 31.2712350224, 15.5952590348, 0.515746937903, 0.201874450858, 32.973584003, 85.936452608, 0.172118565101, 0.6
0.154510288137, 1.08577393304, 2.05375052401, 0.589899075591, 31.2712350224, 15.5952590348, 0.515746937903, 0.201874450858, 32.973584003, 85.936452608, 0.172118565101, 0.6
0.154510288137, 1.08577393304, 2.05375052401, 0.589899075591, 31.2712350224, 15.5952590348, 0.515746937903, 0.201874450858, 32.973584003, 85.936452608, 0.172118565101, 0.6
0.154510288137, 1.08577393304, 2.05375052401, 0.589899075591, 31.2712350224, 15.5952590348, 0.515746937903, 0.201874450858, 32.973584003, 85.936452608, 0.172118565101, 0.6
0.154510288137, 1.08577393304, 2.05375052401, 0.589899075591, 31.2712350224, 15.5952590348, 0.515746937903, 0.201874450858, 32.973584003, 85.936452608, 0.172118565101, 0.6
0.154510288137, 1.08577393304, 2.05375052401, 0.589899075591, 31.2712350224, 15.5952590348, 0.515746937903, 0.201874450858, 32.973584003, 85.936452608, 0.172118565101, 0.6
0.154510288137, 1.08577393304, 2.05375052401, 0.589899075591, 31.2712350224, 15.5952590348, 0.515746937903, 0.201874450858, 32.973584003, 85.936452608, 0.172118565101, 0.6
0.154510288137, 1.08577393304, 2.05375052401, 0.589899075591, 31.2712350224, 15.5952590348, 0.515746937903, 0.201874450858, 32.973584003, 85.936452608, 0.172118565101, 0.6
0.154510288137, 1.08577393304, 2.05375052401, 0.589899075591, 31.2712350224, 15.5952590348, 0.515746937903, 0.201874450858, 32.973584003, 85.936452608, 0.172118565101, 0.6
0.154510288137, 1.08577393304, 2.05375052401, 0.589899075591, 31.2712350224, 15.5952590348, 0.515746937903, 0.201874450858, 32.973584003, 85.936452608, 0.172118565101, 0.6
0.154510288137, 1.08577393304, 2.05375052401, 0.589899075591, 31.2712350224, 15.5952590348, 0.515746937903, 0.201874450858, 32.973584003, 85.936452608, 0.172118565101, 0.6
0.154510288137, 1.08577393304, 2.05375052401, 0.589899075591, 31.2712350224, 15.5952590348, 0.515746937903, 0.201874450858, 32.973584003, 85.936452608, 0.172118565101, 0.6
0.154510288137, 1.08577393304, 2.05375052401, 0.589899075591, 31.2712350224, 15.5952590348, 0.515746937903, 0.201874450858, 32.973584003, 85.936452608, 0.172118565101, 0.6
0.154510288137, 1.08577393304, 2.05375052401, 0.589899075591, 31.2712350224, 15.5952590348, 0.515746937903, 0.201874450858, 32.973584003, 85.936452608, 0.172118565101, 0.6
0.154510288137, 1.08577393304, 2.05375052401, 0.589899075591, 31.2712350224, 15.5952590348, 0.515746937903, 0.201874450858, 32.973584003, 85.936452608, 0.172118565101, 0.6
0.154510288137, 1.08577393304, 2.05375052401, 0.589899075591, 31.2712350224, 15.5952590348, 0.515746937903, 0.201874450858, 32.973584003, 85.936452608, 0.172118565101, 0.6
0.154510288137, 0.972756413456, 2.03612615434, 0.589899075591, 31.2742617898, 15.5952590348, 0.390338516026, 0.20353953765, 33.8477003411, 144.455767412, 0.177317073776, 0.0
0.154510288137, 1.04946308871, 2.04486088106, 0.590207278352, 31.2742617898, 18.3259619784, 0.391339153294, 0.20353953765, 30.4599839289, 86.9997565377, 0.303065898114, 0.5
0.154510288137, 1.04946308871, 2.04486088106, 0.590207278352, 31.2742617898, 18.3259619784, 0.391339153294, 0.20353953765, 30.4599839289, 86.9997565377, 0.303065898114, 0.5
0.154510288137, 1.04946308871, 2.04486088106, 0.590207278352, 31.2742617898, 18.3259619784, 0.391339153294, 0.20353953765, 30.4599839289, 86.9997565377, 0.303065898114, 0.5
0.154510288137, 1.04946308871, 2.04486088106, 0.590207278352, 31.2742617898, 18.3259619784, 0.391339153294, 0.20353953765, 30.4599839289, 86.9997565377, 0.303065898114, 0.5
0.154510288137, 1.04946308871, 2.04486088106, 0.590207278352, 31.2742617898, 18.3259619784, 0.391339153294, 0.20353953765, 30.4599839289, 86.9997565377, 0.303065898114, 0.5
0.154510288137, 1.04946308871, 2.04486088106, 0.590207278352, 31.2742617898, 18.3259619784, 0.391339153294, 0.20353953765, 30.4599839289, 86.9997565377, 0.303065898114, 0.5
0.154510288137, 1.04946308871, 2.04486088106, 0.590207278352, 31.2742617898, 18.3259619784, 0.391339153294, 0.20353953765, 30.4599839289, 86.9997565377, 0.303065898114, 0.5
0.154510288137, 1.04946308871, 2.04486088106, 0.590207278352, 31.2742617898, 18.3259619784, 0.391339153294, 0.20353953765, 30.4599839289, 86.9997565377, 0.303065898114, 0.5
0.154510288137, 1.04946308871, 2.04486088106, 0.590207278352, 31.2742617898, 18.3259619784, 0.391339153294, 0.20353953765, 30.4599839289, 86.9997565377, 0.303065898114, 0.5
0.154510288137, 1.04946308871, 2.04486088106, 0.590207278352, 31.2742617898, 18.3259619784, 0.391339153294, 0.20353953765, 30.4599839289, 86.9997565377, 0.303065898114, 0.5
0.154510288137, 1.04946308871, 2.04486088106, 0.590207278352, 31.2742617898, 18.3259619784, 0.391339153294, 0.20353953765, 30.4599839289, 86.9997565377, 0.303065898114, 0.5
0.154510288137, 1.04946308871, 2.04486088106, 0.590207278352, 31.2742617898, 18.3259619784, 0.391339153294, 0.20353953765, 30.4599839289, 86.9997565377, 0.303065898114, 0.5
0.154510288137, 1.04946308871, 2.04486088106, 0.590207278352, 31.2742617898, 18.3259619784, 0.391339153294, 0.20353953765, 30.4599839289, 86.9997565377, 0.303065898114, 0.5
0.154510288137, 1.04946308871, 2.04486088106, 0.590207278352, 31.2742617898, 18.3259619784, 0.391339153294, 0.20353953765, 30.4599839289, 86.9997565377, 0.303065898114, 0.5
0.154510288137, 1.04946308871, 2.04486088106, 0.590207278352, 31.2742617898, 18.3259619784, 0.391339153294, 0.20353953765, 30.4599839289, 86.9997565377, 0.303065898114, 0.5
0.154510288137, 1.04946308871, 2.04486088106, 0.590207278352, 31.2742617898, 18.3259619784, 0.391339153294, 0.20353953765, 30.4599839289, 86.9997565377, 0.303065898114, 0.5
0.154510288137, 1.04946308871, 2.04486088106, 0.590207278352, 31.2742617898, 18.3259619784, 0.391339153294, 0.20353953765, 30.4599839289, 86.9997565377, 0.303065898114, 0.5
0.154510288137, 1.04946308871, 2.04486088106, 0.590207278352, 31.2742617898, 18.3259619784, 0.391339153294, 0.20353953765, 30.4599839289, 86.9997565377, 0.303065898114, 0.5
0.154510288137, 1.04946308871, 2.04486088106, 0.590207278352, 31.2742617898, 18.3259619784, 0.391339153294, 0.20353953765, 30.4599839289, 86.9997565377, 0.303065898114, 0.5
0.154510288137, 1.04946308871, 2.04486088106, 0.590207278352, 31.2742617898, 18.3259619784, 0.391339153294, 0.20353953765, 30.4599839289, 86.9997565377, 0.303065898114, 0.5
0.833304141891, 1.08785964923, 2.05376009686, 0.589568814559, 72.7535019744, 15.6231000539, 0.501086289614, 4.87935554505, 30.3835786991, 92.097032489, 0.437906662832, 0.533333333333
0.833304141891, 1.08785964923, 2.05376009686, 0.589568814559, 72.7535019744, 15.6231000539, 0.501086289614, 4.87935554505, 30.3835786991, 92.097032489, 0.437906662832, 0.533333333333
0.833304141891, 1.08785964923, 2.05376009686, 0.589568814559, 72.7535019744, 15.6231000539, 0.501086289614, 4.87935554505, 30.3835786991, 92.097032489, 0.437906662832, 0.533333333333
0.833304141891, 1.08785964923, 2.05376009686, 0.589568814559, 72.7535019744, 15.6231000539, 0.501086289614, 4.87935554505, 30.3835786991, 92.097032489, 0.437906662832, 0.533333333333
0.833304141891, 1.08785964923, 2.05376009686, 0.589568814559, 72.7535019744, 15.6231000539, 0.501086289614, 4.87935554505, 30.3835786991, 92.097032489, 0.437906662832, 0.533333333333
0.833304141891, 1.08785964923, 2.05376009686, 0.589568814559, 72.7535019744, 15.6231000539, 0.501086289614, 4.87935554505, 30.3835786991, 92.097032489, 0.437906662832, 0.533333333333
0.833304141891, 1.08785964923, 2.05376009686, 0.589568814559, 72.7535019744, 15.6231000539, 0.501086289614, 4.87935554505, 30.3835786991, 92.097032489, 0.437906662832, 0.533333333333
0.833304141891, 1.08785964923, 2.05376009686, 0.589568814559, 72.7535019744, 15.6231000539, 0.501086289614, 4.87935554505, 30.3835786991, 92.097032489, 0.437906662832, 0.533333333333
0.833304141891, 1.08785964923, 2.05376009686, 0.589568814559, 72.7535019744, 15.6231000539, 0.501086289614, 4.87935554505, 30.3835786991, 92.097032489, 0.437906662832, 0.533333333333
0.833304141891, 1.08785964923, 2.05376009686, 0.589568814559, 72.7535019744, 15.6231000539, 0.501086289614, 4.87935554505, 30.3835786991, 92.097032489, 0.437906662832, 0.533333333333
0.833304141891, 1.08785964923, 2.05376009686, 0.589568814559, 72.7535019744, 15.6231000539, 0.501086289614, 4.87935554505, 30.3835786991, 92.097032489, 0.437906662832, 0.533333333333
0.833304141891, 1.08785964923, 2.05376009686, 0.589568814559, 72.7535019744, 15.6231000539, 0.501086289614, 4.87935554505, 30.3835786991, 92.097032489, 0.437906662832, 0.533333333333
0.833304141891, 1.08785964923, 2.05376009686, 0.589568814559, 72.7535019744, 15.6231000539, 0.501086289614, 4.87935554505, 30.3835786991, 92.097032489, 0.437906662832, 0.533333333333
0.833304141891, 1.08785964923, 2.05376009686, 0.589568814559, 72.7535019744, 15.6231000539, 0.501086289614, 4.87935554505, 30.3835786991, 92.097032489, 0.437906662832, 0.533333333333
0.833304141891, 1.08785964923, 2.05376009686, 0.589568814559, 72.7535019744, 15.6231000539, 0.501086289614, 4.87935554505, 30.3835786991, 92.097032489, 0.437906662832, 0.533333333333
0.833304141891, 1.08785964923, 2.05376009686, 0.589568814559, 72.7535019744, 15.6231000539, 0.501086289614, 4.87935554505, 30.3835786991, 92.097032489, 0.437906662832, 0.533333333333
0.833304141891, 1.08785964923, 2.05376009686, 0.589568814559, 72.7535019744, 15.6231000539, 0.501086289614, 4.87935554505, 30.3835786991, 92.097032489, 0.437906662832, 0.533333333333
0.833304141891, 1.08785964923, 2.05376009686, 0.589568814559, 72.7535019744, 15.6231000539, 0.501086289614, 4.87935554505, 30.3835786991, 90.9829554831, 0.496946816028, 0.466666666667
0.833304141891, 1.08785964923, 2.05376009686, 0.589568814559, 72.7535019744, 15.6231000539, 0.501086289614, 4.87935554505, 30.3835786991, 90.9829554831, 0.496946816028, 0.466666666667
0.833304141891, 1.08785964923, 2.05376009686, 0.589568814559, 72.7535019744, 15.6231000539, 0.501086289614, 4.87935554505, 30.3835786991, 90.9829554831, 0.496946816028, 0.466666666667
0.833304141891, 1.08785964923, 2.05376009686, 0.589568814559, 72.7535019744, 15.6231000539, 0.501086289614, 4.87935554505, 30.3835786991, 90.9829554831, 0.496946816028, 0.466666666667
0.833304141891, 1.08785964923, 2.05376009686, 0.589568814559, 72.7535019744, 15.6231000539, 0.501086289614, 4.87935554505, 30.3835786991, 90.9829554831, 0.496946816028, 0.466666666667
0.833304141891, 1.08785964923, 2.05376009686, 0.589568814559, 72.7535019744, 15.6231000539, 0.501086289614, 4.87935554505, 30.3835786991, 90.9829554831, 0.496946816028, 0.466666666667
0.833304141891, 1.08785964923, 2.05376009686, 0.589568814559, 72.7535019744, 15.6231000539, 0.501086289614, 4.87935554505, 30.3835786991, 90.9829554831, 0.496946816028, 0.466666666667
0.833304141891, 1.08785964923, 2.05376009686, 0.589568814559, 72.7535019744, 15.6231000539, 0.501086289614, 4.87935554505, 30.3835786991, 90.9829554831, 0.496946816028, 0.466666666667
0.833304141891, 1.08785964923, 2.05376009686, 0.589568814559, 72.7535019744, 15.6231000539, 0.501086289614, 4.87935554505, 30.3835786991, 90.9829554831, 0.496946816028, 0.466666666667
0.833304141891, 1.08785964923, 2.05376009686, 0.589568814559, 72.7535019744, 15.6231000539, 0.501086289614, 4.87935554505, 30.3835786991, 90.9829554831, 0.496946816028, 0.466666666667
0.833304141891, 1.08785964923, 2.05376009686, 0.589568814559, 72.7535019744, 15.6231000539, 0.501086289614, 4.87935554505, 30.3835786991, 90.9829554831, 0.496946816028, 0.466666666667
0.833304141891, 1.08785964923, 2.05376009686, 0.589568814559, 72.7535019744, 15.6231000539, 0.501086289614, 4.87935554505, 30.3835786991, 90.9829554831, 0.496946816028, 0.466666666667
0.833304141891, 1.08785964923, 2.05376009686, 0.589568814559, 72.7535019744, 15.6231000539, 0.501086289614, 4.87935554505, 30.3835786991, 90.9829554831, 0.496946816028, 0.466666666667
0.833304141891, 1.08785964923, 2.05376009686, 0.589568814559, 72.7535019744, 15.6231000539, 0.501086289614, 4.87935554505, 30.3835786991, 90.9829554831, 0.496946816028, 0.466666666667
0.833304141891, 1.08785964923, 2.05376009686, 0.589568814559, 72.7535019744, 15.6231000539, 0.501086289614, 4.87935554505, 30.3835786991, 90.9829554831, 0.496946816028, 0.466666666667
0.833304141891, 1.08785964923, 2.05376009686, 0.589568814559, 72.7535019744, 15.6231000539, 0.501086289614, 4.87935554505, 30.3835786991, 90.9829554831, 0.496946816028, 0.466666666667
0.833304141891, 1.08785964923, 2.05376009686, 0.589568814559, 72.7535019744, 15.6231000539, 0.501086289614, 4.87935554505, 30.3835786991, 90.9829554831, 0.496946816028, 0.466666666667
0.833304141891, 1.08785964923, 2.05376009686, 0.589568814559, 72.7535019744, 15.6231000539, 0.501086289614, 4.87935554505, 30.3835786991, 90.9829554831, 0.496946816028, 0.466666666667
0.833304141891, 1.08785964923, 2.05376009686, 0.589568814559, 72.7535019744, 15.6231000539, 0.501086289614, 4.87935554505, 30.3835786991, 90.9829554831, 0.496946816028, 0.466666666667
0.833304141891, 1.08785964923, 2.05376009686, 0.589568814559, 72.7535019744, 15.6231000539, 0.501086289614, 4.87935554505, 30.3835786991, 90.9829554831, 0.496946816028, 0.466666666667
0.833304141891, 1.08785964923, 2.05376009686, 0.589568814559, 72.7535019744, 15.6231000539, 0.501086289614, 4.87935554505, 30.3835786991, 161.541165858, 0.3479924896, 0.111111111111
0.155229802198, 0.973335017165, 2.05295710537, 0.577055350185, 31.2742617898, 17.1996423394, 0.170313966229, 4.91130456289, 33.756717614, 93.5926262994, 0.136732729879, 0.2
0.155229802198, 0.973335017165, 2.05295710537, 0.577055350185, 31.2742617898, 17.1996423394, 0.170313966229, 4.91130456289, 33.756717614, 93.5926262994, 0.136732729879, 0.2
0.155229802198, 0.973335017165, 2.05295710537, 0.577055350185, 31.2742617898, 17.1996423394, 0.170313966229, 4.91130456289, 33.756717614, 93.5926262994, 0.136732729879, 0.2
0.155229802198, 0.973335017165, 2.05295710537, 0.577055350185, 31.2742617898, 17.1996423394, 0.170313966229, 4.91130456289, 33.756717614, 93.5926262994, 0.136732729879, 0.2
0.155229802198, 0.973335017165, 2.05295710537, 0.577055350185, 31.2742617898, 17.1996423394, 0.170313966229, 4.91130456289, 33.756717614, 93.5926262994, 0.136732729879, 0.2
0.143873510723, 1.08577393304, 2.05296955699, 0.589420064171, 31.2743065643, 15.6030846099, 0.175016645725, 0.201874450858, 33.7492407148, 163.650160231, 0.177069250251, 0.428571428571
0.833304141891, 1.08785964923, 2.05086277133, 0.589568814559, 72.7535019744, 15.6231000539, 0.501086289614, 4.87935554505, 32.3729598176, 103.457329884, 0.478219838965, 0.461538461538
0.154510288137, 0.972756413456, 2.04495125509, 0.64190018558, 31.2742617898, 18.3196436966, 0.396601351023, 0.20353953765, 33.5840642744, 121.951715035, 0.265086575231, 0.222222222222
