0.849888926552, 0.820475960076, 89.3079224252, 0.660896631365, 73.6136050538, 5.21561912951, 0.136168627375, 2.90673551156, 17.5277613135, 1727.35579904, 0.355248604436, 0.541666666667
0.782400469915, 0.840305691589, 90.155952802, 0.645039406291, 59.7489061558, 2.17447146086, 0.237276888513, 4.85342260088, 12.2326787109, 1932.88029263, 0.116344466906, 0.3125
0.864869994112, 0.859935739958, 93.4040110928, 0.595478598044, 84.10052846, 4.7817775459, 0.268970877316, 4.02589168116, 10.1841227366, 3590.61409768, 0.27644618104, 0.48275862069
0.823960658503, 0.843248241538, 90.8157498699, 0.549809312169, 78.0702331226, 3.29798158076, 0.73356585655, 4.66925640224, 5.8913274852, 2668.15635046, 0.112070061842, 0.230769230769
0.853359957468, 0.890498717933, 92.4143669602, 0.583952233174, 62.9816940572, 14.6199938615, 0.0657678079885, 4.50862307569, 11.7859654317, 2424.66280466, 0.474718349672, 0.541666666667
0.893956454706, 0.833363686878, 85.822432793, 0.597867592614, 47.4872675491, 8.87665809557, 1.06473281157, 2.58099993383, 17.4650536441, 3039.68370939, 0.370079426158, 0.313253012048
0.752672288887, 0.870674386473, 87.1652790697, 0.647725898393, 31.7079084769, 7.03964674763, 0.971274065363, 3.12494249763, 18.6604836007, 3513.47360206, 0.53593005858, 0.4375
0.748680504382, 0.827432151639, 90.2583062925, 0.583173860527, 33.2499278879, 2.35809209303, 0.732434172239, 3.56090858139, 16.4624438435, 2994.7966768, 0.0670454817584, 0.181818181818
0.835924267031, 0.846039787151, 84.1462923473, 0.606446655262, 17.7959270802, 33.368453005, 0.298241869245, 4.22356534608, 9.02971030403, 2117.23511715, 0.534759506727, 0.0625
0.587396212878, 0.883330346434, 91.7274834319, 0.673792221237, 18.5027365032, 20.0374077041, 0.457411004398, 2.58203090452, 15.8715058303, 2964.21790651, 0.441877724018, 0.428571428571
0.811613091737, 0.824505822844, 85.1669625011, 0.504229447631, 51.0626939395, 4.95163104893, 0.354652239639, 3.41692887419, 14.0190984585, 2354.01991216, 0.28517254294, 0.428571428571
0.435731929422, 0.82810513946, 91.2706446901, 0.58909701986, 24.3729924276, 6.75727357213, 0.0974363419539, 4.22182510503, 3.06048110444, 2191.74192476, 0.258967369081, 0.457831325301
0.487855612756, 0.831197720334, 89.184113085, 0.601809380622, 12.4436823712, 7.34224201841, 0.664647202564, 4.47722601378, 6.42551224072, 2989.40200751, 0.0959501851223, 0.0
0.707411815088, 0.851224404975, 88.2368659831, 0.603623579675, 18.5375455398, 9.9137677259, 1.1607327636, 3.6469735389, 12.054327413, 3927.3275713, 0.392941544765, 0.328767123288
0.894527226253, 0.836633452524, 87.1092538317, 0.545720311955, 22.3737501972, 24.469763469, 1.01566941501, 4.92266460841, 5.45383509238, 3531.58683059, 0.491967827867, 0.214285714286
0.801473580862, 0.87307886473, 83.184763325, 0.586482143755, 16.1427935021, 4.12568425396, 0.0268690550767, 4.28300169299, 7.95430369954, 2297.00430712, 0.209785055101, 0.142857142857
0.834270343144, 0.841861228959, 87.0583012623, 0.624251722351, 9.48369638895, 12.7811743122, 1.12516182961, 2.50072014582, 16.6083628446, 5286.96037571, 0.226099689281, 0.0434782608696
0.727161745696, 0.88385273683, 94.7840363874, 0.6220548568, 27.2922971932, 7.64070166779, 1.01903929979, 2.6275576138, 15.5369837707, 4330.91089074, 0.323893571155, 0.290909090909
0.807166519682, 0.848872348314, 87.8972331566, 0.553159383999, 19.0608889967, 2.23550025348, 0.990705582896, 3.87409234906, 15.5088677546, 2554.50118037, 0.221365272205, 0.2
0.846176506761, 0.826375889508, 81.5502029117, 0.553137924445, 24.114418259, 17.5567831038, 0.576469653616, 1.59634666927, 17.9973159422, 2547.11192537, 0.0445470625255, 0.25
0.72018253229, 0.826400926098, 91.5808482853, 0.562625774373, 39.7695398755, 16.7093109993, 0.849653096538, 1.81877705071, 7.24475498854, 2110.86386885, 0.424709094341, 0.557692307692
0.838030665821, 0.910242183989, 87.8188622029, 0.585579752069, 31.2164921459, 9.90561139235, 0.104147666158, 3.7821310115, 5.22398317498, 3799.16941825, 0.380982588492, 0.565217391304
0.84229251655, 0.931755029631, 87.9843392402, 0.603581454877, 6.78101124355, 7.02427424263, 0.343802541829, 4.90568728999, 10.5974627453, 3858.26444846, 0.35259422141, 0.4
0.809825782076, 0.897247422535, 88.8122707785, 0.663215870312, 10.5418837954, 5.97523051846, 0.476801187147, 1.11636166126, 19.8349742439, 3070.9582354, 0.296112605568, 0.571428571429
0.850718552021, 0.850944138389, 90.1952706731, 0.5491366961, 26.4921848623, 19.9965432321, 1.24594811384, 3.3412798615, 7.82166936209, 3811.14944604, 0.432162926267, 0.210526315789
0.36084730276, 0.880808913649, 93.9089872642, 0.619885592443, 6.83766867903, 5.18376730299, 0.254889898403, 2.88438967555, 14.9346772224, 3197.83975704, 0.146250429998, 0.3
0.73313235851, 0.895116128411, 86.2294941958, 0.577117175432, 13.5794713447, 8.85125038476, 0.132632888848, 3.41587390311, 13.9641956641, 3190.84643933, 0.539415231273, 0.533333333333
0.790558411213, 0.931726492188, 85.8551855396, 0.597067736107, 10.0271655056, 10.4663030344, 0.906939581421, 4.9659568028, 6.559266019, 3548.69497668, 0.224866130628, 0.25
0.861421110579, 0.848023755433, 86.3958284882, 0.551029086355, 20.99985965, 26.2191041913, 0.46021978148, 1.76154855335, 14.6291684379, 2725.95207921, 0.542948266365, 0.25
0.890303407733, 0.831005766152, 92.0010959065, 0.444473348592, 87.4469393008, 20.7110152197, 0.101788485852, 0.788577539978, 1.98333224988, 2686.4424895, 0.422256819246, 0.25
0.839252891116, 0.834340878569, 80.1219628465, 0.458013799961, 28.3727686734, 10.5404292989, 0.135310902722, 2.60702413205, 19.7276944961, 1958.44138619, 0.499369851023, 0.111111111111
0.57303837262, 0.86129787015, 91.0374098889, 0.520133906184, 27.515308691, 1.48162092582, 0.420608443791, 2.74975508731, 15.7125372769, 2607.28382307, 0.0791791824185, 0.421052631579
0.820958407163, 0.879165663242, 84.3973469802, 0.483118458522, 42.5911748211, 9.2646542124, 0.115584002949, 3.26261490383, 6.42138051466, 2687.70223776, 0.465197691809, 0.558823529412
0.780127665854, 0.823093522082, 80.8192137472, 0.549036200784, 2.36844777996, 24.4379777478, 0.361664679352, 1.97699673382, 10.1155987753, 2447.22483216, 0.397366902802, 0.48
0.651238022289, 0.857325453975, 85.7420215547, 0.527348361817, 2.68842012662, 10.5098813324, 0.523002599592, 3.79981180539, 11.7043975175, 2319.93741774, 0.203281059061, 0.0
0.708696908432, 0.887538648729, 89.4870255506, 0.617324690658, 12.4845945494, 8.77436954311, 0.24856466729, 0.497155789746, 19.3534566047, 3527.38335396, 0.380180393671, 0.269230769231
0.87625846221, 0.943832852219, 91.2578761119, 0.537115081257, 17.3299581147, 6.42911327934, 0.418537047833, 4.65813457678, 12.7131455207, 2349.78652942, 0.496959908466, 0.631578947368
0.735764185658, 0.882637213162, 88.8223168962, 0.475235032302, 28.2644864039, 3.3259238601, 0.46271064669, 4.67100447248, 3.18890132897, 2388.19983768, 0.101312336996, 0.333333333333
0.8005404994, 0.935507972673, 93.2575442931, 0.610801675406, 24.6567968614, 7.75253162049, 1.42781135678, 1.60741787594, 13.7477893313, 7171.19995496, 0.228737801205, 0.205128205128
0.852060851836, 0.908263901754, 91.9602737492, 0.493122156551, 46.7267182696, 7.28283167443, 0.65701208173, 1.61646330972, 9.60260764863, 3679.09202165, 0.313728477966, 0.4
0.838840115951, 0.876597519894, 85.5959664983, 0.440255879746, 39.1596214626, 7.87245094114, 0.532055240001, 2.36562704826, 9.56848268857, 2701.50602573, 0.400877885527, 0.527777777778
0.781579600635, 0.890129874812, 94.3894093107, 0.48174221054, 30.5021663506, 1.6301262202, 0.53052417433, 2.15344226927, 15.3396075171, 4467.17515824, 0.101168232399, 0.2
0.793290693567, 0.985266289201, 93.1326659884, 0.613115476774, 19.6035062485, 4.11408949264, 0.301119150938, 1.17450243199, 18.15623502, 2643.66109799, 0.172385738078, 0.0
0.755600127521, 0.856399735525, 84.4891267563, 0.446261480898, 23.4095395792, 3.57560132908, 0.568077073337, 3.15981832331, 4.68107256745, 1919.41935729, 0.00340760822225, 0.125
0.527341267289, 0.882062140506, 94.2905391773, 0.501518456033, 13.8818479453, 7.59920572805, 0.0199300320552, 2.39613752783, 13.4203699152, 3168.31459309, 0.0172889637408, 0.0
0.752127827009, 0.890340442947, 85.257716682, 0.462688947669, 21.1983451882, 11.4538153603, 0.269849246775, 3.22323611188, 7.46676079259, 3686.57237063, 0.208138001767, 0.5
0.896006417324, 0.929405265295, 83.6413146211, 0.51274892803, 10.0147403822, 26.0453358944, 0.318143388194, 3.48864682957, 5.92927711938, 2824.48055687, 0.505278334868, 0.363636363636
0.843517026593, 0.896901237, 86.1668638457, 0.461715632742, 22.0473392222, 13.4197959865, 0.234477698152, 2.42841005716, 16.851475408, 3431.125796, 0.366042822298, 0.0
0.724364029438, 0.829115336272, 93.9067264085, 0.49834923845, 9.61151358988, 9.6640608191, 0.719167893676, 1.21197244911, 16.722917766, 2556.60619148, 0.450864493168, 0.0
0.558872000295, 0.824282209707, 92.6733414778, 0.474487951374, 21.1056204859, 11.3531687309, 0.429121281386, 0.787290363822, 15.4272547032, 2413.0238977, 0.338424910751, 0.571428571429
0.728069406521, 0.895414336754, 85.6937374071, 0.402629116574, 35.2052688848, 11.0043852677, 0.165559342572, 4.55231268377, 1.1986642004, 2275.95984097, 0.139775664847, 0.631578947368
0.804804577609, 0.821990082022, 87.798939958, 0.410840344309, 41.0972212372, 20.2797831713, 0.437676268668, 1.5636520992, 4.02710458816, 2545.81088454, 0.466141392371, 0.444444444444
0.80959705244, 0.951285763068, 84.3487103087, 0.460278292988, 35.1873533476, 5.50569785938, 0.140656121321, 3.39733216853, 7.75050087759, 4586.48295627, 0.277656721631, 0.512820512821
0.883715093925, 0.907698314888, 92.8163309697, 0.531600228168, 34.2409769711, 18.7266946851, 0.980799754233, 0.446573956251, 10.8714478446, 3081.69762715, 0.480881181274, 0.0
0.885897954552, 0.915919909876, 84.6105893752, 0.462758379978, 11.4811063362, 2.53225526127, 0.438742827979, 3.03808993835, 18.8860035066, 5270.34609828, 0.204769372944, 0.535714285714
0.655902155368, 0.82199122555, 88.397215159, 0.430609201298, 7.11645152263, 6.07232609081, 0.606911630086, 3.44486054727, 4.17147431248, 2396.53813277, 0.301839528104, 0.551724137931
0.661430010082, 0.845921543524, 89.6405284903, 0.45275563026, 21.762714058, 20.9274157952, 0.646827336944, 2.34466338798, 1.15120776901, 3507.07676657, 0.455658810631, 0.25
0.856214042483, 0.87642141726, 89.0679205697, 0.454261461583, 21.3334606358, 25.9610466036, 0.0490076974078, 2.13699041384, 6.04967452311, 2403.76290746, 0.529452614687, 0.555555555556
0.607689320678, 0.854308091869, 93.177938331, 0.463730157727, 34.0702588526, 11.3175941216, 0.131541172532, 0.358120414837, 7.50141923698, 2641.50862124, 0.366308658898, 0.3
0.838344274453, 1.00130394825, 92.2036586052, 0.5171748645, 42.6756581679, 4.94007814163, 0.161731436064, 1.61568306396, 12.6350864138, 7805.08720103, 0.195490883911, 0.428571428571
0.829470411055, 0.889506081592, 93.8639820894, 0.445902500587, 13.8388826908, 1.48224536148, 0.563851841934, 3.88813578536, 3.98375513463, 2022.76686021, 0.0544650861337, 0.333333333333
0.837164198269, 0.904073866084, 94.3403095304, 0.422621929462, 60.5660958429, 2.47498784948, 0.664569245478, 1.37084663363, 4.47747608612, 2953.60967369, 0.125969990537, 0.272727272727
0.884857595774, 0.929529327739, 87.5769063861, 0.403501390481, 34.6421270552, 9.29056395821, 0.680791481114, 3.97656845722, 2.17713451002, 3045.42130455, 0.407184554518, 0.558823529412
0.523258794779, 0.888209705252, 93.8621484726, 0.465603434761, 7.30268560548, 7.53613587588, 0.333643232703, 2.41851936933, 10.9123660779, 2980.4835011, 0.25118034183, 0.2
0.868425161772, 0.86345562954, 87.6673888754, 0.407774817457, 4.86995283301, 7.01417030403, 0.538270548477, 2.92738017997, 11.5001645056, 2988.51890146, 0.41022902036, 0.565217391304
0.667701539389, 0.900903205177, 93.9959801014, 0.465160798884, 26.075939526, 1.38612729244, 1.35344560399, 2.10408779198, 5.29796966164, 4830.60433351, 0.114123207581, 0.555555555556
0.834268961395, 1.01594523019, 89.0107895674, 0.508311791154, 24.8136615794, 1.43608292566, 0.327395924416, 2.55765257725, 10.4538545229, 5756.09730363, 0.0949458827517, 0.0
0.864690657815, 0.936053261736, 83.7115032061, 0.473617804453, 20.3777640258, 39.356040283, 0.334349732799, 1.39645293047, 4.39364148034, 4057.50970642, 0.261876819285, 0.0
0.656503059615, 0.909067912279, 91.3948388089, 0.480348228339, 3.00850011995, 14.8234776593, 0.139330982558, 0.929834072013, 16.8102315761, 4591.41381373, 0.436414581528, 0.526315789474
0.701741883474, 0.890220710722, 93.7756440029, 0.43533994533, 15.5096197454, 17.0458069583, 0.0241418447818, 1.41890455857, 8.20712787947, 2675.82183743, 0.534353875511, 0.0
0.790340516121, 0.928916238549, 94.0715580141, 0.466475225241, 13.9100456251, 7.4356069344, 1.17709514137, 1.9897720027, 8.7110402411, 6783.40660916, 0.369547127188, 0.546875
0.882868037599, 0.921791313791, 88.6726067904, 0.429881445439, 3.52266183039, 10.7233964815, 1.26747559692, 3.68212152138, 4.62518475634, 4333.51299995, 0.428141894442, 0.486842105263
0.89690237499, 0.933797258781, 93.7374309203, 0.47406240357, 18.6336545412, 13.0972927215, 1.5101350992, 1.04987959056, 8.5131193126, 5786.29417259, 0.462328725689, 0.52380952381
0.724326418169, 0.884670028464, 92.5938208322, 0.421011674859, 22.7556627081, 3.60739657778, 1.25275686114, 1.07684666816, 5.72492553716, 4885.54060665, 0.19392721545, 0.481012658228
0.753307360579, 0.895085258127, 87.4201244253, 0.462408245528, 1.96547691973, 28.7307159862, 0.676151374868, 0.346011343893, 6.73786924523, 2380.91045925, 0.56989359661, 0.4375
0.839937298971, 0.976079824053, 87.6863577518, 0.426853229898, 16.5561969863, 6.21778974149, 0.0798912501029, 2.1221661009, 3.42524958012, 3021.04823029, 0.222808038426, 0.5
0.817552609485, 0.942961318505, 88.7932454603, 0.442709479439, 9.7830094398, 24.5857694009, 1.00637503432, 1.03023194573, 4.47108711381, 5433.52488815, 0.429618821835, 0.223880597015
0.846763231339, 1.14844438176, 90.78989663, 0.417403725761, 11.6360281748, 2.75055857287, 0.247193901229, 0.51832268578, 13.6992022971, 10752.9001255, 0.147635237451, 0.25
