2.26604309018, 1.00000099375, 1.16311351196, 0.828607300068, 5.9344712169, 0.862355632858, 3.94005578335, 1.00094977341, 0.945816677907, 3.75772840574, 5.8688770574, 1.03143074692, 3.67135495945, 0.824571432809, 1.09000067795, 1.10803362522, 1.00551469695, 1.03106912337, 5.35234406759, 1.18975628146, 0.99825856496, 600.023835935, 1.02674189213, 5.57737203955, 1.01947166034, 4.44683626295, 1.23177971924, 22.4758459913, 6.65489162902, 59.8998005807, 6.70241286863
2.93315680066, 1.00000039949, 1.44843654792, 1.11039151934, 3.66281342696, 0.932774758308, 5.26724399738, 1.17631043393, 0.94925422736, 4.70239910957, 6.20098938183, 1.11985495772, 3.59924504038, 1.14649743022, 1.0900000455, 1.04726146225, 1.01390327281, 1.02039758574, 9.47141187998, 1.14457437548, 0.967648465106, 140.77972685, 1.07510289041, 5.59095511749, 1.01926245814, 2.01786864225, 0.903854913832, 7.87920301889, 9.2176590419, 23.7620908286, 1.34048257373
4.50730494703, 1.00000095603, 1.69504203978, 1.0770542847, 5.71098667856, 0.857088612754, 1.02382410088, 1.10140958161, 0.947636676283, 2.29129079506, 6.11304720073, 0.847442456155, 1.47294886127, 0.996853322014, 1.09000030715, 1.09184175591, 1.03190392411, 1.07948359037, 9.7444387944, 1.06209517143, 0.89140722814, 992.973727689, 1.10167529569, 4.91690541723, 0.985999902608, 5.41073344094, 1.27039815008, 10.4055071006, 5.47484800748, 148.725406511, 8.04289544236
2.552667973, 1.00000067941, 1.66709468326, 0.880942701784, 2.20384060036, 0.799147499724, 5.50598005344, 1.06540368113, 0.922588791635, 1.25568057757, 5.05765849628, 0.938399886225, 4.23587049683, 1.08284153465, 1.09000004869, 1.08625997184, 1.00138200769, 1.18050562642, 5.02639678851, 1.10835561715, 0.854109264291, 400.307300503, 1.03239058675, 5.64607145829, 1.00787629124, 4.9833790967, 0.894746830769, 22.6829754287, 9.53279585972, 37.9754441751, 0.804289544236
4.85360095347, 1.00000093679, 1.45631665189, 0.984605553732, 5.67094712348, 0.82975556272, 1.39461343391, 1.1449815956, 0.923858987881, 5.77117525027, 5.87017955143, 0.934908619357, 4.04539702447, 1.08284153465, 1.09000057514, 1.02362317141, 1.01928911692, 0.978134008319, 4.40437864254, 1.05919607609, 0.945817087714, 400.307300503, 0.948088500049, 1.16432625518, 1.00232773507, 1.05248641367, 1.1992564647, 19.9117082384, 6.34683163206, 66.2204425511, 4.55764075067
3.40930995737, 1.00000076704, 1.13087432413, 0.89516489509, 5.85012659183, 0.833382343712, 2.54942728554, 1.12092899296, 0.947636676283, 4.53437048567, 6.18826009924, 1.0185435536, 2.48908214475, 1.03526717535, 1.09000054543, 1.09327357529, 1.00408827868, 0.937621112427, 4.58751632434, 1.01401933425, 0.934549410842, 287.001544753, 1.10562440778, 4.11749238467, 1.14860166064, 1.32994060836, 1.16505212187, 24.1793731859, 7.98090206767, 131.784696185, 2.14477211796
2.70189882302, 1.00000020167, 1.72224724996, 0.987919189894, 1.68290767004, 0.954875631189, 3.93017462999, 1.10140958161, 0.953855219628, 1.86676668923, 4.78777534659, 0.820135185973, 2.28299340483, 0.815975513076, 1.09000067457, 1.08597205432, 1.04934273013, 0.96638104983, 3.32723382359, 0.972165189877, 0.796823116755, 972.822161679, 1.05225542793, 4.73022338468, 1.04460724352, 1.52400605605, 1.2917513913, 26.2097835529, 8.33202000445, 65.6640599001, 0.0
2.552667973, 1.0000001926, 1.24685796517, 0.938072868422, 2.20384060036, 0.799147499724, 3.09296305309, 1.06540368113, 0.922588791635, 1.25568057757, 5.05765849628, 0.938399886225, 4.23587049683, 1.08284153465, 1.09000004869, 1.08625997184, 1.03185834691, 1.18050562642, 5.02639678851, 1.10835561715, 0.854109264291, 400.307300503, 1.03239058675, 5.64607145829, 1.00787629124, 4.9833790967, 0.894746830769, 25.1997266902, 8.12553778343, 66.1426029459, 2.68096514745
5.81418679281, 1.00000083813, 1.65841202245, 0.853865664434, 2.00401681893, 0.818157061721, 3.6892679731, 1.041073189, 0.938281604657, 2.83599936742, 5.49194537012, 0.944057136771, 5.01212145493, 1.19522701781, 1.09000065262, 1.02410958269, 1.04375876457, 1.04689345917, 5.48578494922, 1.17647071651, 0.914556410387, 881.927891936, 0.988101135716, 3.69165435391, 1.18193589464, 3.81074165503, 1.02581152042, 32.8373582512, 7.41998720495, 155.35976645, 10.7238605898
4.21561690801, 1.00000025126, 1.55865765936, 1.03121732043, 3.36052484344, 0.981892835155, 3.55686262318, 1.25426140061, 0.967470856717, 1.67279819576, 4.96084241442, 1.03969468055, 2.38873907538, 0.997075728077, 1.09000068381, 1.00323924361, 1.00200119451, 1.00703751948, 6.01056211016, 0.970974262979, 0.854109264291, 616.59087094, 0.940643044555, 4.09871294414, 1.10446636, 3.26165414088, 0.892482122992, 26.1891129435, 8.12059705609, 132.382681235, 2.14477211796
5.19940971053, 1.00000072824, 1.42152226318, 1.10458566413, 2.71216811822, 0.911397164188, 4.81618738518, 1.2462259445, 0.972125061611, 3.14878707667, 4.9842619646, 0.894359661531, 2.01225170267, 0.897940997246, 1.09000093262, 1.07614572452, 1.00010731141, 0.96921226674, 4.65197713451, 0.949143360519, 0.761192355742, 592.420359235, 0.92475566406, 1.18866490164, 1.11494079412, 1.2900310445, 0.874420829371, 46.9604280419, 9.37208461527, 35.0190582997, 2.68096514745
5.33766670834, 1.00000023163, 1.36013454883, 1.20595595167, 6.63257772698, 0.93325571883, 3.91052855488, 1.04241937735, 0.957889849147, 5.89279656663, 6.02906559491, 0.958290950879, 3.20372600509, 1.01458828064, 1.09000003539, 1.04169863002, 1.03562298786, 0.825753931354, 9.82515588293, 1.10120834305, 0.966195741028, 469.89009654, 0.927524428958, 1.67235819941, 1.12719128505, 4.87935144633, 1.20384514586, 15.1970648935, 11.2810218049, 54.0143733641, 1.60857908847
4.50730494703, 1.00000040916, 1.69504203978, 1.0770542847, 5.71098667856, 0.736972327335, 1.02382410088, 1.10140958161, 0.906201070928, 2.29129079506, 6.20601302482, 1.0185435536, 1.47294886127, 0.996853322014, 1.09000030715, 1.03795413498, 1.03190392411, 1.07948359037, 9.7444387944, 1.06209517143, 0.89140722814, 980.20051943, 1.17320817522, 4.91690541723, 0.985999902608, 5.41073344094, 1.27039815008, 77.1701830318, 18.194670811, 71.9739397174, 0.268096514745
2.70189882302, 1.00000020167, 1.72224724996, 0.987919189894, 1.68290767004, 0.954875631189, 3.93017462999, 1.25937169645, 0.953855219628, 2.58960850817, 4.78777534659, 0.820135185973, 2.28299340483, 0.815975513076, 1.09000067457, 1.08597205432, 1.04934273013, 1.09782706517, 3.32723382359, 0.972165189877, 0.958235454952, 972.822161679, 1.05225542793, 4.73022338468, 1.04460724352, 1.52400605605, 1.2917513913, 76.1136145661, 19.7314913539, 206.522997211, 0.0
4.11754463721, 1.00000078473, 1.21974326809, 1.03726095753, 5.79511967296, 0.864875094574, 3.53329955526, 1.02155599615, 0.998060325318, 4.28136093586, 5.49194537012, 1.04641423879, 2.70477492385, 1.1496962632, 1.09000096994, 1.06390629914, 1.02057608038, 1.22969590056, 6.21811642718, 1.11289586314, 0.868228598705, 11.0353192415, 0.96251220538, 5.37475653137, 1.17723394387, 3.70791992154, 1.17546261955, 35.6658659701, 10.6499061567, 224.281583836, 0.536193029491
5.67593975061, 1.00000087455, 1.5060908672, 0.884030255957, 2.04901892423, 0.87102456006, 4.48965870605, 1.03051603844, 0.935683179989, 4.72450080062, 4.87755456498, 0.857337451328, 2.37902261301, 1.19213496464, 1.09000074143, 1.1068734048, 1.01437104104, 1.18621506126, 3.18602954096, 1.04097647517, 0.893471454828, 831.270097174, 1.04510511464, 4.09871294414, 1.13739877064, 1.31719285891, 1.05340256441, 77.3932182181, 11.6288336078, 148.223005308, 0.0
3.1154119938, 1.0000004873, 1.57597008592, 0.938072868422, 2.20384060036, 0.799147499724, 3.09296305309, 1.05151902491, 0.932774030649, 1.25568057757, 5.05765849628, 0.938399886225, 4.23587049683, 1.08284153465, 1.09000004869, 1.08625997184, 1.0005516424, 0.98293677844, 5.02639678851, 1.10835561715, 0.854109264291, 400.307300503, 1.03239058675, 5.64607145829, 1.00787629124, 4.9833790967, 0.894746830769, 74.31323526, 19.0612178105, 212.261599813, 0.0
4.42468272787, 1.00000001428, 1.1940438189, 1.21247967424, 3.09206373909, 0.796649818512, 1.45921768715, 1.05819585481, 0.999717292456, 1.55883903108, 5.15619819173, 1.00608671074, 2.81847943304, 1.17220244551, 1.09000036486, 1.07231564948, 1.01841647092, 1.12268596396, 6.19894745023, 1.17260075208, 0.885576305459, 266.430292016, 0.96251220538, 1.78862657241, 1.16400057762, 3.74514214254, 1.17546261955, 41.2668757471, 11.6176717531, 144.983923624, 0.536193029491
1.80618708821, 1.00000098306, 1.44074891222, 1.12804708778, 4.85301004668, 0.720760909854, 1.34069639389, 1.0483295966, 0.923174119667, 4.37225532738, 5.14656634943, 1.19071189349, 3.26542342998, 0.815975513076, 1.09000002431, 1.03615663249, 1.00997976315, 1.08621301742, 7.07259704305, 1.01657715679, 0.945817087714, 129.009828208, 1.15026463406, 5.9392164895, 1.11971992323, 5.22495678128, 1.2917513913, 15.4454838161, 11.6777607655, 106.505208895, 3.21715817694
2.67265546302, 1.00000067941, 1.66709468326, 0.908566580309, 2.20384060036, 0.799147499724, 3.70024021208, 1.06540368113, 0.949975176276, 2.59739164529, 5.17075900424, 0.938399886225, 4.23587049683, 0.95738181706, 1.09000004869, 1.08625997184, 1.00138200769, 1.18050562642, 5.02639678851, 1.10835561715, 0.810135564951, 400.307300503, 1.02067449294, 5.5616301559, 1.00787629124, 4.9833790967, 0.894746830769, 28.5463820896, 14.0556441833, 198.036334633, 1.07238605898
2.68353259575, 1.00000078277, 1.56081123064, 1.0335380331, 4.37053950455, 0.807850028487, 2.24791566864, 1.07640639347, 0.924976198371, 1.46159413721, 4.73019255748, 1.16552528595, 2.9696335855, 0.951262699012, 1.09000085043, 1.07815381881, 1.02019654529, 0.820808437581, 5.65857598248, 1.17841938624, 0.823440883105, 163.925753551, 1.12223324698, 4.43903308942, 1.10906914877, 1.81622392952, 1.15956471151, 31.9492406012, 10.7058682909, 327.981689849, 1.07238605898
3.40930995737, 1.00000076704, 1.13087432413, 0.89516489509, 5.85012659183, 0.833382343712, 2.54942728554, 1.12092899296, 0.923858987881, 4.53437048567, 6.18826009924, 1.0185435536, 2.48908214475, 1.03526717535, 1.09000012389, 1.09327357529, 1.00408827868, 0.888212058869, 4.58751632434, 1.01401933425, 0.934549410842, 287.001544753, 1.10562440778, 4.11749238467, 1.14860166064, 1.32994060836, 1.24552605772, 40.2911833989, 16.2907619717, 147.675640139, 1.07238605898
3.98212469333, 1.00000093679, 1.45631665189, 0.984605553732, 5.67094712348, 0.82975556272, 1.39461343391, 1.03212452165, 0.923858987881, 5.77117525027, 5.87017955143, 0.934908619357, 4.04539702447, 1.18296997876, 1.09000057514, 1.02362317141, 1.01928911692, 0.978134008319, 4.40437864254, 1.05919607609, 0.945817087714, 10.0631940679, 0.948088500049, 1.40652040313, 1.00232773507, 1.06365621742, 1.1992564647, 30.2831770941, 14.3718784246, 62.8099873194, 1.87667560322
2.18384676541, 1.00000058912, 1.38736690529, 0.840586261312, 4.16615600101, 0.78802213457, 3.28967995072, 1.15303143287, 0.979667884557, 2.350891957, 4.99147707273, 0.976749623732, 2.14409774027, 0.977259538957, 1.09000030614, 1.0966157869, 1.04575320524, 0.86158739251, 4.84597372399, 1.03762512926, 0.81924823833, 417.2570654, 0.978718385761, 1.03716434053, 1.01368820776, 3.80889471051, 1.04378754353, 183.343656432, 23.7147469716, 195.026650249, 0.0
1.71586991311, 1.0000004873, 1.1227599481, 0.849687299819, 4.03084029675, 0.922398660313, 1.96306592419, 1.17631043393, 0.911923456918, 1.61295983839, 5.98619448247, 1.16015625462, 2.9696335855, 1.17903736173, 1.09000026126, 1.04122597557, 1.0005516424, 1.04953480138, 4.05379249291, 0.910912894298, 0.845277990377, 555.181185333, 0.946124967887, 5.22623553966, 1.10906914877, 5.45485370064, 0.921082609832, 83.2275282119, 14.1261884586, 207.892530793, 0.0
4.27416382837, 1.00000020298, 1.37996291119, 1.15569835718, 6.28622762855, 0.754492208065, 3.11190028449, 1.06029320293, 0.939051310202, 2.99758664464, 5.10249756916, 0.927564430718, 3.81531378914, 1.26139895168, 1.09000069233, 1.09506045656, 1.01843602495, 0.956032613895, 9.04424067148, 1.11862029404, 0.78687166292, 410.172127668, 1.01816191565, 3.29405264621, 0.968941535485, 2.77404710084, 1.18630533868, 32.6734956036, 8.58132861974, 183.27574061, 5.09383378016
3.98212469333, 1.00000095849, 1.41574593938, 0.966825129711, 6.82284716136, 0.82975556272, 1.39461343391, 1.03212452165, 0.921754083716, 5.77117525027, 5.87017955143, 0.817667702337, 4.04539702447, 1.2339217162, 1.0900003623, 1.02362317141, 1.04995391175, 0.978134008319, 7.9569649863, 1.05919607609, 0.945817087714, 2.61519377808, 1.18728846254, 5.24747610065, 1.00232773507, 1.04295016996, 1.1992564647, 127.04392473, 21.2173074836, 179.481425472, 0.268096514745
1.71586991311, 1.0000004873, 1.19729550134, 0.888575552659, 4.03084029675, 0.922398660313, 1.96306592419, 1.04061329059, 0.911923456918, 2.00393307467, 5.98619448247, 1.16015625462, 2.62918406606, 1.19530796814, 1.09000026126, 1.04754477605, 1.03173000481, 1.04953480138, 7.98680122345, 0.910912894298, 0.894573252629, 555.181185333, 1.10773660779, 5.22623553966, 0.997571505336, 5.45485370064, 0.921082609832, 150.155429627, 16.660879973, 2456.58641132, 0.0
4.85360095347, 1.00000093679, 1.45631665189, 0.984605553732, 5.67094712348, 0.82975556272, 1.39461343391, 1.03212452165, 0.923858987881, 5.77117525027, 5.87017955143, 0.934908619357, 4.04539702447, 1.18296997876, 1.09000057514, 1.02362317141, 1.01928911692, 0.978134008319, 4.40437864254, 1.05919607609, 0.945817087714, 981.773439554, 0.948088500049, 1.16432625518, 1.00232773507, 1.05248641367, 1.1992564647, 211.061202387, 16.0803887191, 2005.60097805, 0.0
1.05276144588, 1.00000024519, 1.60729747162, 1.06146940425, 1.77307167559, 0.994147781155, 5.79726047105, 1.10017391179, 0.91421910299, 4.29436175727, 5.71685539783, 0.93420432106, 3.23039467484, 1.12768462512, 1.09000049862, 1.05187837722, 1.04318346436, 0.920386037457, 9.05322499136, 1.05142242865, 0.807516854069, 808.259484187, 1.06252971484, 4.66096539313, 1.15430967417, 1.06172129966, 0.931670275366, 238.043194099, 15.5391688672, 805.080611826, 0.0
1.71586991311, 1.0000004873, 1.1227599481, 0.888575552659, 1.42070135002, 0.922398660313, 1.96306592419, 1.17631043393, 0.911923456918, 4.20251741834, 5.03984955213, 1.16015625462, 2.9696335855, 0.960473642669, 1.09000066109, 1.04122597557, 1.0005516424, 1.04953480138, 4.05379249291, 0.910912894298, 0.967646053908, 342.484177938, 0.946124967887, 5.22623553966, 1.10906914877, 5.45485370064, 0.921082609832, 167.295201207, 17.7373869142, 1204.63535879, 0.0
3.25948323612, 1.00000076831, 1.36651987786, 0.980583794663, 2.45917770448, 0.826194337088, 4.68439421281, 1.04449990506, 0.924611778783, 5.66474676933, 6.17345852521, 0.825242055824, 4.7588304622, 1.10404718311, 1.09000065104, 1.10229768358, 1.0491799934, 1.12263017067, 4.85610826752, 1.07751854112, 0.892094026368, 981.773439554, 1.14366430617, 5.24747610065, 1.18443384039, 2.83608909412, 0.889649551193, 65.6222689454, 13.3035329206, 115.224847319, 2.14477211796
5.81418679281, 1.00000083813, 1.65841202245, 0.853865664434, 2.00401681893, 0.818157061721, 3.6892679731, 1.041073189, 0.938281604657, 2.83599936742, 5.90286783734, 0.944057136771, 5.01212145493, 1.19522701781, 1.09000065262, 1.02410958269, 1.04375876457, 1.04689345917, 3.32723382359, 1.17647071651, 0.914556410387, 881.927891936, 0.988101135716, 3.69165435391, 1.18193589464, 3.81074165503, 1.02581152042, 72.5608524603, 9.50385173949, 144.073900259, 2.68096514745
1.61840903368, 1.00000084922, 1.36928557805, 0.857245047065, 6.84636853665, 0.95853158059, 4.35307329684, 1.12064341397, 0.94376770157, 1.52833849826, 5.62327934315, 0.947409653469, 3.26414887285, 1.26037752993, 1.09000048467, 1.05482340362, 1.01132283197, 0.867766585714, 8.94553861041, 1.09487456315, 0.930742824846, 144.608209289, 1.16602384618, 2.5885710105, 1.12939608267, 2.03786340439, 0.979613163396, 36.6170459828, 11.1596920936, 167.141912338, 2.14477211796
1.61840903368, 1.00000084922, 1.36928557805, 0.840581373469, 6.84636853665, 0.95853158059, 3.83734534284, 1.06589007519, 0.950666058397, 5.25074757744, 5.48870904477, 0.947409653469, 3.26414887285, 1.2339217162, 1.09000048467, 1.05482340362, 1.01132283197, 0.867766585714, 8.98752494015, 1.09487456315, 0.930742824846, 353.567252328, 1.16602384618, 2.5885710105, 1.12939608267, 2.03786340439, 0.979613163396, 111.322733209, 11.0633525275, 751.277405704, 1.60857908847
3.1156815958, 1.00000000944, 1.30124558725, 1.02179219882, 6.73952770804, 0.91668646252, 1.32737336067, 1.2217977712, 0.990018269455, 5.88795197429, 5.3733045375, 1.18672677462, 1.64978413074, 1.13103388772, 1.09000038056, 1.00636746825, 1.02421110956, 1.10456924286, 7.6268656389, 0.948962178248, 0.772136765881, 559.544096867, 1.17989525379, 5.14090286045, 1.14890154475, 3.10053226862, 0.962013756295, 210.231757161, 24.4743546885, 135.582219189, 1.87667560322
4.21561690801, 1.00000025126, 1.55865765936, 1.03121732043, 3.36052484344, 0.981892835155, 3.55686262318, 1.25426140061, 0.977897561726, 5.89279656663, 4.96084241442, 1.03969468055, 2.38873907538, 0.997075728077, 1.09000068381, 1.00323924361, 1.00200119451, 1.00703751948, 9.82515588293, 0.970974262979, 0.854109264291, 493.909670361, 0.940643044555, 1.67235819941, 1.10446636, 3.26165414088, 0.892482122992, 225.079993033, 19.7020707763, 1718.50247258, 0.0
3.45055570678, 1.00000072824, 1.42152226318, 1.10458566413, 2.71216811822, 0.82975556272, 4.78185720378, 1.03359151625, 0.972125061611, 3.14878707667, 4.88423760558, 0.894359661531, 2.01225170267, 0.818331974796, 1.09000093262, 1.07614572452, 1.00010731141, 0.96921226674, 4.65197713451, 0.949143360519, 0.761192355742, 592.420359235, 0.92475566406, 1.36250527505, 1.11494079412, 1.07419333495, 1.0393809727, 72.0667947922, 10.0708576646, 1122.17622183, 4.82573726542
2.91952282931, 1.00000045736, 1.28845919067, 1.2181710093, 7.06975662352, 0.828872978531, 1.72008014318, 1.1135681708, 0.930603375087, 4.21968390396, 6.16651002647, 1.08290546883, 4.42517803665, 0.828375488016, 1.09000068655, 1.01629647936, 1.0306300504, 0.921487063249, 6.70397291502, 0.973323100296, 0.776759843816, 601.004381804, 1.17157698991, 5.91330188776, 1.13491492277, 4.80784190333, 1.21614362727, 157.636158688, 23.0166497184, 296.212194403, 0.0
3.35530042965, 1.00000017445, 1.32437618672, 1.13492962142, 2.56792644794, 0.780570112496, 3.6986427295, 1.0490526021, 0.967479888844, 5.68000356527, 5.5517356808, 1.18672677462, 2.65475782352, 0.979066005499, 1.09000011557, 1.02928351327, 1.02707900079, 1.06150968081, 6.58427115372, 1.00856249177, 0.959606541826, 420.270700073, 1.11091534966, 2.35476757054, 1.01204274904, 5.29896378887, 1.07266384466, 215.357213846, 20.1501731235, 773.917957709, 0.0
1.61840903368, 1.00000084922, 1.36928557805, 0.857245047065, 6.84636853665, 0.95853158059, 4.35307329684, 1.12064341397, 0.94376770157, 1.52833849826, 5.62327934315, 0.947409653469, 3.26414887285, 1.26037752993, 1.09000048467, 1.05482340362, 1.01132283197, 1.21229816658, 7.59280752108, 1.18539717425, 0.930742824846, 144.608209289, 1.16602384618, 2.5885710105, 1.12939608267, 2.03786340439, 0.979613163396, 283.177268627, 20.4265738792, 325.348791991, 0.0
5.17542788359, 1.00000023163, 1.42853731407, 1.20595595167, 6.63257772698, 0.93325571883, 3.91052855488, 1.04241937735, 0.957889849147, 5.55296945668, 6.02289519372, 0.973105293335, 2.68555068818, 1.00668636751, 1.09000003539, 1.04169863002, 1.03562298786, 0.825753931354, 9.46539237046, 1.10120834305, 0.964659727007, 820.084998886, 0.981842901032, 1.67235819941, 1.18654956534, 4.87935144633, 1.20384514586, 165.413424826, 14.4405870758, 467.531869039, 0.536193029491
3.45055570678, 1.00000098257, 1.42152226318, 0.939794478953, 2.71216811822, 0.946101697871, 4.78185720378, 1.03359151625, 0.972125061611, 3.14878707667, 5.08500098724, 0.825291344435, 2.01225170267, 0.818331974796, 1.09000093262, 1.06372217944, 1.00010731141, 0.946981896346, 4.65197713451, 0.949143360519, 0.761192355742, 592.420359235, 1.05851282285, 1.36250527505, 1.11494079412, 1.2900310445, 0.874420829371, 108.765749808, 15.3511816167, 452.720097163, 0.536193029491
2.67265546302, 1.00000067941, 1.66709468326, 1.04484260283, 2.20384060036, 0.799147499724, 2.76509349267, 1.06540368113, 0.949975176276, 2.59739164529, 5.17075900424, 0.938399886225, 4.23587049683, 0.95738181706, 1.09000004869, 1.05423253515, 1.00138200769, 0.921487063249, 5.02639678851, 1.10835561715, 0.810135564951, 23.8307897055, 1.02067449294, 5.5616301559, 1.00787629124, 4.30522880277, 0.894746830769, 129.57190369, 23.3675240091, 166.999757271, 1.07238605898
3.36616831704, 1.00000071424, 1.05620289287, 0.906555049482, 5.59608482731, 0.731959122209, 2.8566473894, 1.00058675853, 0.937063819989, 3.46575308519, 5.03984955213, 1.10245892585, 1.04565481168, 1.27348314705, 1.09000031031, 1.04215392307, 1.03060208545, 1.21229816658, 5.55981963549, 1.14820320736, 0.981875024968, 443.589210449, 0.959389848933, 2.61960809613, 0.961311011787, 1.35853953953, 1.25014323453, 89.0531006381, 9.72527777952, 379.743301543, 5.8981233244
4.42468272787, 1.00000001428, 1.1940438189, 1.21247967424, 3.09206373909, 0.796649818512, 2.77863819142, 1.05819585481, 0.999717292456, 1.55883903108, 5.15619819173, 1.00608671074, 2.81847943304, 1.17220244551, 1.09000036486, 1.07231564948, 1.01841647092, 1.12268596396, 6.19894745023, 1.17260075208, 0.885576305459, 266.430292016, 0.96251220538, 1.41130388345, 1.16400057762, 4.35332174127, 1.17546261955, 121.471677499, 12.9620975923, 178.175062571, 1.87667560322
3.98212469333, 1.00000093679, 1.42005552669, 0.869259485979, 5.43971882842, 0.82975556272, 1.39461343391, 1.03212452165, 0.901305522975, 5.77117525027, 5.09222159445, 0.934908619357, 4.04539702447, 1.18296997876, 1.09000057514, 1.02362317141, 1.01928911692, 0.978134008319, 4.40437864254, 1.09630219415, 0.945817087714, 635.804314422, 0.948088500049, 1.40652040313, 1.00232773507, 1.06365621742, 1.22369164213, 95.3977276545, 10.6124477071, 337.297438246, 6.70241286863
2.67265546302, 1.00000067941, 1.66709468326, 1.04484260283, 2.20384060036, 0.799147499724, 2.76509349267, 1.0517056376, 0.949975176276, 4.85019430243, 5.17075900424, 0.938399886225, 4.23587049683, 0.95738181706, 1.09000004869, 1.05423253515, 1.00138200769, 0.921487063249, 5.02639678851, 1.10835561715, 0.810135564951, 631.742501752, 1.02067449294, 5.5616301559, 0.988859501529, 4.30522880277, 0.894746830769, 268.063148397, 19.3041227487, 1710.86770585, 0.0
5.9773078133, 1.00000011308, 1.38744714331, 0.965256864194, 1.52850607438, 0.870196120708, 2.93306088479, 1.01020349947, 0.957856856718, 3.38583712533, 5.28766227892, 1.17647579843, 4.16970586371, 1.27530428084, 1.09000067336, 1.0988838168, 1.00789547192, 1.18281425035, 5.7029951121, 1.01668917282, 0.829697538918, 284.498219724, 1.19569735561, 5.63783914051, 1.15272728632, 3.51804093426, 1.28706226479, 36.203442113, 15.9875625722, 372.587802223, 1.60857908847
4.85360095347, 1.00000093679, 1.45631665189, 0.97456338433, 5.67094712348, 0.824234080461, 1.39461343391, 1.03212452165, 0.923858987881, 2.00393307467, 5.87017955143, 1.01690557087, 4.04539702447, 1.20825555688, 1.09000057514, 1.01403087735, 1.01928911692, 0.978134008319, 4.40437864254, 1.05919607609, 0.945817087714, 981.773439554, 0.948088500049, 1.65726598125, 0.991822470193, 2.94901889414, 1.1992564647, 300.112351592, 21.5038837726, 473.559509367, 0.0
1.59047441227, 1.0000001334, 1.60729747162, 1.03685321253, 1.77307167559, 0.994147781155, 5.79726047105, 1.10017391179, 0.91421910299, 6.15254824293, 5.71685539783, 0.93420432106, 3.23039467484, 1.12768462512, 1.09000049862, 1.05187837722, 1.04318346436, 0.897378703834, 9.05322499136, 1.05142242865, 0.868329566687, 808.259484187, 1.08228515141, 4.66096539313, 1.15430967417, 1.06172129966, 1.14047607377, 359.686586634, 15.2166394357, 533.796516216, 0.536193029491
2.93315680066, 1.00000039949, 1.17195310748, 1.11039151934, 3.66281342696, 0.932774758308, 5.26724399738, 1.00094977341, 0.94925422736, 4.70239910957, 6.20098938183, 1.11985495772, 3.59924504038, 1.14649743022, 1.0900000455, 1.04726146225, 1.01390327281, 0.906194711696, 9.47141187998, 1.14457437548, 0.967648465106, 140.77972685, 1.07510289041, 5.59095511749, 1.05519689802, 3.68543597643, 1.23177971924, 100.353695805, 15.361228402, 476.169755412, 0.804289544236
3.35530042965, 1.00000017445, 1.32437618672, 1.13492962142, 2.56792644794, 0.780570112496, 3.6986427295, 1.05101798545, 0.967479888844, 5.68000356527, 5.5517356808, 0.822150172146, 2.65475782352, 1.21395779908, 1.09000011557, 1.02928351327, 1.02707900079, 1.06150968081, 6.58427115372, 1.00856249177, 0.959606541826, 420.270700073, 1.11091534966, 2.35476757054, 1.01204274904, 5.29896378887, 1.07266384466, 148.792413124, 22.9845234059, 253.017119, 0.268096514745
3.51161897007, 1.00000002888, 1.45798542073, 1.21107025465, 4.06892474265, 0.758743485561, 2.6689917061, 1.0353378699, 0.913679691284, 5.00920887802, 4.94926648779, 0.905407134636, 4.95715051898, 1.27323692165, 1.09000071534, 1.05709254885, 1.00979796864, 0.880261006672, 4.86089675211, 0.941079211936, 0.928333975454, 347.458883638, 1.11294570483, 5.6163957162, 1.13629555495, 4.39083145687, 1.02286639571, 194.77887277, 24.0688760106, 375.037483922, 0.0
1.11120700933, 1.00000067941, 1.66709468326, 1.04484260283, 2.20384060036, 0.799147499724, 1.76323256842, 1.0517056376, 0.949975176276, 4.95936211608, 5.17075900424, 0.938399886225, 4.23587049683, 0.95738181706, 1.09000004869, 1.05423253515, 1.00138200769, 0.921487063249, 7.97272535452, 1.10835561715, 0.810135564951, 631.742501752, 1.02067449294, 5.5616301559, 0.988859501529, 4.30522880277, 0.894746830769, 399.440206918, 29.1707449008, 324.668058218, 0.0
2.26604309018, 1.00000099871, 1.16311351196, 0.828607300068, 5.9344712169, 0.862355632858, 3.94005578335, 1.00094977341, 0.945816677907, 3.75772840574, 5.8688770574, 1.03143074692, 3.67135495945, 0.824571432809, 1.09000067795, 1.10803362522, 1.00551469695, 1.03106912337, 5.35234406759, 1.18975628146, 0.854109264291, 600.023835935, 1.02674189213, 5.57737203955, 1.01947166034, 4.44683626295, 1.23177971924, 56.8414561675, 17.4072540914, 633.673688552, 1.34048257373
4.21561690801, 1.00000062085, 1.55865765936, 1.03121732043, 3.06093123666, 0.981892835155, 3.55686262318, 1.25426140061, 0.967470856717, 1.67279819576, 4.96084241442, 1.03969468055, 2.38873907538, 0.997075728077, 1.09000068381, 1.00323924361, 1.00200119451, 1.00703751948, 6.01056211016, 0.970974262979, 0.854109264291, 616.59087094, 0.940643044555, 4.09871294414, 1.10446636, 3.26165414088, 0.892482122992, 60.2222270767, 13.0284479568, 295.589419199, 2.41286863271
4.27416382837, 1.00000020298, 1.37996291119, 1.15569835718, 6.28622762855, 0.804131539476, 3.91052855488, 1.06029320293, 0.957889849147, 2.99758664464, 5.10249756916, 0.927564430718, 3.81531378914, 1.26139895168, 1.09000061778, 1.09506045656, 1.0057481847, 0.956032613895, 9.04424067148, 1.11862029404, 0.78687166292, 410.172127668, 1.01816191565, 3.29405264621, 0.968941535485, 2.77404710084, 0.989920199802, 297.676562376, 20.4572450903, 887.10011357, 0.0
1.80618708821, 1.0000009755, 1.165033014, 1.12804708778, 4.85301004668, 0.796816603363, 1.47998865263, 1.0483295966, 0.923174119667, 4.37225532738, 5.20606328725, 1.01593466637, 4.42538998151, 0.815975513076, 1.09000002431, 1.03615663249, 1.00997976315, 1.08621301742, 7.5143199979, 1.01657715679, 0.945817087714, 156.668191686, 1.15026463406, 3.82318670106, 1.15955841841, 5.22495678128, 1.2917513913, 352.174505561, 17.5136679296, 1286.75606895, 0.536193029491
5.91611027744, 1.0000001494, 1.36013454883, 1.21117214026, 6.63257772698, 0.93325571883, 3.91052855488, 1.04241937735, 0.949975176276, 2.59739164529, 6.02906559491, 0.958290950879, 5.03792336301, 1.18905398693, 1.09000003539, 1.04169863002, 1.03562298786, 0.863353784693, 9.90226560957, 1.10835561715, 0.966195741028, 996.242825454, 0.927524428958, 1.67235819941, 1.12719128505, 4.87935144633, 1.22393338915, 369.36456267, 18.5165767524, 465.674138651, 0.804289544236
2.90148290295, 1.00000010097, 1.02500142739, 1.06213774437, 1.75863047166, 0.726233314694, 3.84273901594, 1.00467315436, 0.901263024588, 2.2253206148, 5.75325429898, 0.846951705072, 2.15529863423, 0.912412647185, 1.09000097278, 1.07595896095, 1.02247159456, 1.11179994631, 4.914965089, 1.00416713779, 0.768983444146, 675.726876613, 1.18056740963, 4.8451563521, 1.03523460786, 3.36173427616, 0.934650247199, 45.4509127892, 12.0997727531, 303.527745046, 3.21715817694
1.71586991311, 1.0000004873, 1.1227599481, 0.888575552659, 4.03084029675, 0.922398660313, 1.96306592419, 1.17631043393, 0.911923456918, 2.00393307467, 5.98619448247, 1.16015625462, 2.9696335855, 1.17903736173, 1.09000026126, 1.04122597557, 1.0005516424, 1.04953480138, 4.05379249291, 0.910912894298, 0.845277990377, 555.181185333, 0.946124967887, 5.22623553966, 1.10906914877, 5.45485370064, 0.921082609832, 165.962093959, 25.0632858515, 306.916196189, 0.268096514745
3.40930995737, 1.00000076704, 1.13087432413, 0.89516489509, 5.27509694304, 0.833382343712, 2.54942728554, 1.12092899296, 0.96289958353, 4.53437048567, 5.94483758452, 1.0185435536, 2.48908214475, 1.03526717535, 1.09000054543, 1.03795413498, 1.00408827868, 0.937621112427, 4.58751632434, 1.01401933425, 0.934549410842, 287.001544753, 1.10562440778, 4.11749238467, 1.14860166064, 1.32994060836, 1.16505212187, 73.9862313556, 11.5650204406, 362.321149428, 3.75335120643
4.50730494703, 1.00000040916, 1.69504203978, 1.0770542847, 5.71098667856, 0.736972327335, 1.02382410088, 1.10140958161, 0.947636676283, 2.29129079506, 6.11304720073, 0.847442456155, 1.47294886127, 0.996853322014, 1.09000030715, 1.09184175591, 1.03190392411, 1.07948359037, 9.7444387944, 1.06209517143, 0.89140722814, 980.20051943, 1.10167529569, 4.91690541723, 0.985999902608, 5.41073344094, 1.27039815008, 77.5405957419, 11.4006506172, 774.854334785, 3.21715817694
1.59047441227, 1.0000001334, 1.60729747162, 1.06146940425, 1.77307167559, 0.890360652016, 5.79726047105, 1.10017391179, 0.91421910299, 6.15254824293, 5.71685539783, 0.93420432106, 3.23039467484, 1.12768462512, 1.09000049862, 1.05187837722, 1.01793119228, 0.852312863174, 9.05322499136, 1.05142242865, 0.943149976848, 808.259484187, 1.08228515141, 4.66096539313, 1.15430967417, 1.06172129966, 0.870750974589, 132.230007673, 11.3851118895, 532.297389572, 3.48525469169
4.62494337887, 1.00000071154, 1.43821330283, 1.10411296204, 1.6515962278, 0.819985467967, 3.53249276931, 1.13400323757, 0.970405016296, 3.685539165, 4.75884059172, 0.893282661162, 1.55004177123, 1.19302445433, 1.09000009812, 1.02631903608, 1.01314167018, 1.21501919791, 8.4478230184, 1.07426219595, 0.877027465251, 891.332696883, 1.05490177399, 5.70419393679, 1.21492504007, 3.68083664756, 0.997990880897, 214.925625184, 19.0019690088, 1536.92431049, 0.536193029491
2.552667973, 1.0000001926, 1.57597008592, 0.938072868422, 2.20384060036, 0.799147499724, 3.09296305309, 1.06540368113, 0.922588791635, 1.25568057757, 5.05765849628, 0.938399886225, 4.23587049683, 1.08284153465, 1.09000004869, 1.08625997184, 1.00138200769, 1.18050562642, 5.02639678851, 1.10835561715, 0.854109264291, 400.307300503, 1.03239058675, 5.64607145829, 1.00787629124, 4.9833790967, 0.894746830769, 97.9665036076, 20.5418613955, 710.379069893, 0.804289544236
1.71586991311, 1.0000004873, 1.1227599481, 0.888575552659, 4.03084029675, 0.922398660313, 1.96306592419, 1.17631043393, 0.911923456918, 2.00393307467, 5.03984955213, 1.16015625462, 2.9696335855, 0.960473642669, 1.09000066109, 1.04122597557, 1.0005516424, 1.04953480138, 4.05379249291, 0.910912894298, 0.845277990377, 342.484177938, 0.946124967887, 5.22623553966, 1.10906914877, 5.45485370064, 0.921082609832, 280.728600282, 28.255609435, 873.697185123, 0.0
3.45055570678, 1.00000072824, 1.42152226318, 1.10458566413, 2.71216811822, 0.911397164188, 4.78185720378, 1.03359151625, 0.972125061611, 3.14878707667, 4.9842619646, 0.894359661531, 2.01225170267, 0.818331974796, 1.09000093262, 1.07614572452, 1.00010731141, 0.96921226674, 4.65197713451, 0.949143360519, 0.761192355742, 592.420359235, 0.92475566406, 1.36250527505, 1.11494079412, 1.2900310445, 0.874420829371, 419.870727132, 18.5643106858, 919.522692985, 0.536193029491
5.67593975061, 1.00000087455, 1.5060908672, 0.882150777876, 2.04901892423, 0.87102456006, 4.48965870605, 1.03051603844, 0.935683179989, 4.72450080062, 4.87755456498, 0.857337451328, 2.37902261301, 1.19213496464, 1.09000074143, 1.1068734048, 1.01437104104, 1.18621506126, 3.18602954096, 1.04097647517, 0.893471454828, 831.270097174, 1.04510511464, 1.02078086653, 1.13879687074, 1.31719285891, 1.12889724388, 156.83108346, 17.9643324688, 298.52134309, 1.60857908847
4.62303971191, 1.00000071792, 1.13413367963, 0.972314654051, 6.81647775197, 0.924663819718, 2.86718777305, 1.06473478205, 0.947774729251, 5.15607430906, 5.66761510433, 1.21651116592, 3.88544078752, 1.24125452422, 1.09000048599, 1.08968080908, 1.01539706332, 0.926855232295, 3.00025010502, 1.12938308493, 0.952066755701, 465.454399413, 1.00505469192, 2.02409502474, 1.05150176699, 2.6518611782, 0.951636977225, 149.254627677, 17.2733940357, 392.85952994, 1.34048257373
3.35530042965, 1.00000017445, 1.32437618672, 1.20836951506, 2.56792644794, 0.780570112496, 3.6986427295, 1.05101798545, 0.967479888844, 6.15343199327, 5.5517356808, 0.822150172146, 2.65475782352, 1.21395779908, 1.09000011557, 1.02928351327, 1.02707900079, 1.06150968081, 6.58427115372, 1.00856249177, 0.959606541826, 420.270700073, 0.943734611475, 2.35476757054, 1.01204274904, 5.29896378887, 1.07266384466, 163.460140548, 14.2553258543, 449.096697176, 1.60857908847
5.58256943114, 1.00000067941, 1.32684069415, 0.917329305719, 6.43201887364, 0.726233314694, 3.84273901594, 1.03359151625, 0.969941713239, 1.57395558674, 5.90549342408, 0.974479354277, 1.01484443993, 1.04867273372, 1.09000001031, 1.07595896095, 1.00138200769, 1.01783361676, 4.914965089, 1.05365356538, 0.868329566687, 724.888860307, 0.941232503944, 3.68099024367, 1.21653610677, 3.28630486169, 1.0312512346, 350.983353537, 18.1888938905, 1169.25119504, 0.804289544236
5.30533311925, 1.00000000138, 1.13983156664, 1.15197865395, 4.11169208754, 0.982054286666, 3.94925368289, 1.10512863106, 0.966929104663, 4.86056273615, 5.7620969451, 0.949308235254, 3.14453246726, 1.22307521315, 1.09000048475, 1.08780762873, 1.04548312474, 1.09659690631, 9.72613882245, 0.914388690145, 0.971303900839, 611.897234575, 1.09017399719, 5.50239459885, 1.23531015299, 1.18134294226, 0.974567629005, 638.888933223, 21.2905571927, 366.014263888, 0.536193029491
2.67265546302, 1.00000067941, 1.66709468326, 0.908566580309, 2.20384060036, 0.799147499724, 3.70024021208, 1.04344192885, 0.949975176276, 2.59739164529, 5.17075900424, 0.938399886225, 4.23587049683, 0.95738181706, 1.09000004869, 1.08625997184, 1.00041656909, 1.18050562642, 5.02639678851, 1.10835561715, 0.810135564951, 400.307300503, 1.02067449294, 5.5616301559, 1.00787629124, 4.9833790967, 0.894746830769, 568.598540511, 34.2183342433, 656.931586714, 0.0
5.9773078133, 1.00000011308, 1.38744714331, 0.965256864194, 1.71047928184, 0.870196120708, 2.93306088479, 1.01020349947, 0.957856856718, 3.38583712533, 5.13707479532, 1.17647579843, 4.16970586371, 1.27530428084, 1.09000067336, 1.0988838168, 1.00789547192, 1.18281425035, 5.14813129909, 1.01668917282, 0.829697538918, 284.498219724, 1.19569735561, 5.63783914051, 1.15272728632, 4.77164399144, 1.28706226479, 642.129275117, 21.6814405324, 1558.21384337, 0.0
4.85360095347, 1.00000093679, 1.45631665189, 0.984605553732, 5.67094712348, 0.82975556272, 1.39461343391, 1.03212452165, 0.923858987881, 2.00393307467, 5.87017955143, 0.934908619357, 4.04539702447, 1.20825555688, 1.09000057514, 1.02362317141, 1.01928911692, 0.978134008319, 4.40437864254, 1.05919607609, 0.945817087714, 981.773439554, 0.948088500049, 1.16432625518, 1.00232773507, 1.05248641367, 1.1992564647, 153.733293294, 11.9944111154, 314.920016238, 3.75335120643
4.50730494703, 1.00000040916, 1.22812906848, 1.0770542847, 5.71098667856, 0.716758932861, 1.02382410088, 1.10140958161, 0.906201070928, 2.29129079506, 6.20601302482, 1.0185435536, 1.47294886127, 0.996853322014, 1.09000030715, 1.05016688614, 1.03190392411, 1.07948359037, 9.7444387944, 1.06209517143, 0.89140722814, 980.20051943, 1.17320817522, 4.73022338468, 0.985999902608, 5.41073344094, 1.27039815008, 208.803433323, 26.3510129342, 532.423687872, 0.268096514745
3.80856225322, 1.00000034525, 1.57644249702, 1.16006192924, 5.21212209022, 0.945551935741, 3.85798660139, 1.19087250644, 0.935298945169, 2.89987729164, 6.08536394312, 0.825996510727, 3.80499922878, 1.00154989196, 1.09000013007, 1.10292047649, 1.02478569915, 1.11895258057, 3.44726120845, 0.933607892928, 0.837647336178, 808.259484187, 1.13735739862, 1.04681463937, 1.11864215008, 2.94901889414, 0.962355858126, 517.504748897, 20.3989223953, 2494.94653846, 0.0
1.44889234708, 1.00000010097, 1.02500142739, 1.06213774437, 1.75863047166, 0.726233314694, 2.41338954816, 1.00467315436, 0.901263024588, 2.2253206148, 5.47827973008, 0.88883181713, 2.15529863423, 0.912412647185, 1.09000097278, 1.00515204402, 1.02247159456, 1.11179994631, 4.914965089, 1.00416713779, 0.775346451147, 675.726876613, 1.18056740963, 4.8451563521, 1.03523460786, 3.36173427616, 0.934650247199, 380.052366969, 15.507975708, 2885.81718814, 1.07238605898
2.33034275131, 1.0000000903, 1.32437618672, 1.13492962142, 2.56792644794, 0.780570112496, 3.6986427295, 1.05101798545, 0.967479888844, 5.68000356527, 5.5517356808, 0.822150172146, 2.65475782352, 1.2856193733, 1.09000009121, 1.02928351327, 1.030454575, 1.06150968081, 6.58427115372, 1.00856249177, 0.959606541826, 912.105722096, 1.11091534966, 2.35476757054, 1.01204274904, 5.29896378887, 1.07266384466, 232.99413682, 13.7238132254, 3579.80860345, 2.14477211796
4.42468272787, 1.00000001428, 1.1940438189, 1.21247967424, 6.57058250576, 0.796649818512, 4.95854836235, 1.05819585481, 0.999717292456, 1.34951995119, 5.27311643445, 1.00608671074, 4.97043499874, 1.26168989476, 1.0900002362, 1.10065061473, 1.01841647092, 1.16402036476, 5.13245754579, 1.14752981069, 0.885576305459, 266.430292016, 1.05376084066, 3.66741733208, 1.16400057762, 4.90194503562, 0.966900726431, 150.529277309, 17.0147019942, 507.973807531, 1.34048257373
2.15186443196, 1.0000001926, 1.57597008592, 0.970703164994, 2.20384060036, 0.799147499724, 3.09296305309, 1.0475999229, 0.957856856718, 1.25568057757, 5.34836759208, 0.938399886225, 4.23587049683, 1.08284153465, 1.09000004869, 1.08444380124, 1.00138200769, 1.18050562642, 5.02639678851, 1.10835561715, 0.854109264291, 400.307300503, 1.03239058675, 5.64607145829, 1.00787629124, 4.9833790967, 0.894746830769, 136.604017821, 16.9032000368, 570.863066639, 1.34048257373
3.47501643158, 1.00000072143, 1.24004310615, 0.802074744631, 3.73835227602, 0.99620003089, 4.8163798302, 1.10534261958, 0.913095248218, 3.59944389427, 5.64753180278, 0.94399566438, 2.349172791, 1.01926322407, 1.09000006055, 1.07261173367, 1.00358041129, 1.19442563273, 7.20136756271, 1.09455441702, 0.929482195057, 937.68591031, 1.12679145178, 2.64642540019, 0.954548531032, 1.60721913367, 1.03941315059, 165.621373986, 11.881759831, 721.316019716, 3.21715817694
3.35785084018, 1.00000045702, 1.62423520743, 0.922949283149, 2.37361078564, 0.745388721027, 4.41013982947, 1.17621814949, 0.938541748928, 1.7323196614, 6.23535870238, 1.00967049322, 4.18572063176, 1.08411037138, 1.09000089615, 1.08789949404, 1.00031009454, 1.02917513784, 3.02291428535, 1.02060376787, 0.897686814876, 39.3020394017, 0.944271492585, 3.58693016667, 1.02112969326, 3.4232750101, 1.26125843848, 123.843820648, 15.7689779961, 937.127344542, 1.60857908847
5.33766670834, 1.00000023163, 1.36013454883, 1.20595595167, 5.11769118101, 0.93325571883, 3.91052855488, 1.04241937735, 0.935169625918, 5.89279656663, 6.02906559491, 0.958290950879, 2.68555068818, 1.00668636751, 1.09000003539, 1.04169863002, 1.03562298786, 0.825753931354, 9.46539237046, 1.10120834305, 0.966195741028, 469.89009654, 0.948088500049, 1.67235819941, 1.18654956534, 4.87935144633, 1.20384514586, 605.747129939, 25.7233790128, 1058.422485, 0.0
5.17072345917, 1.00000080898, 1.40043447031, 0.918320805944, 4.61268133123, 0.921381246137, 4.20585784381, 1.10491657457, 0.971742684277, 4.38007068027, 4.70341499606, 1.20644535942, 3.8051240453, 1.01967430798, 1.09000020038, 1.09938971628, 1.02796716543, 0.876173345318, 7.69662985173, 1.09145666637, 0.874637830334, 241.702751649, 1.19527967293, 5.94806174764, 1.19548686819, 2.71707974035, 0.88441576635, 158.244781424, 11.8235910895, 549.288122496, 3.75335120643
2.2362498868, 1.00000074301, 1.1380847165, 0.885020686112, 3.54987732762, 0.735639202577, 5.39746706661, 1.20409805961, 0.936602178211, 2.58739478653, 5.85561784829, 1.05823782283, 4.65957633508, 1.05100358337, 1.09000094313, 1.00844170037, 1.02235751351, 0.969169119278, 6.41588066566, 1.15419398056, 0.894786469717, 490.101963864, 1.10186552638, 1.22744779605, 0.957583538584, 5.24440575658, 1.15939997129, 298.519000986, 28.064437277, 1632.05188467, 0.0
1.44889234708, 1.00000010097, 1.02500142739, 1.06213774437, 1.75863047166, 0.726233314694, 2.41338954816, 1.00467315436, 0.934991541873, 2.2253206148, 6.08608721504, 0.88883181713, 2.40730585555, 1.01974882528, 1.09000098264, 1.00515204402, 1.02247159456, 1.11179994631, 5.41459529323, 1.00416713779, 0.807516854069, 675.726876613, 0.96251220538, 3.20242454042, 1.15504548534, 3.36173427616, 0.934650247199, 141.490402016, 12.1421198397, 380.640212852, 3.75335120643
5.58256943114, 1.00000045899, 1.32684069415, 0.917329305719, 6.43201887364, 0.726233314694, 3.84273901594, 1.01729972594, 0.969941713239, 1.57395558674, 5.90549342408, 0.974479354277, 1.01484443993, 1.17475331681, 1.09000001031, 1.07595896095, 1.00138200769, 1.01783361676, 4.914965089, 1.05365356538, 0.868329566687, 724.888860307, 0.941232503944, 3.68099024367, 1.21653610677, 3.28630486169, 1.29280957218, 868.812314921, 24.0105087583, 1384.99341229, 0.0
3.36616831704, 1.00000071424, 1.05620289287, 0.906555049482, 5.59608482731, 0.731959122209, 2.8566473894, 1.00058675853, 0.937063819989, 3.46575308519, 5.03984955213, 1.10245892585, 1.04565481168, 1.05442998439, 1.09000031031, 1.08187819764, 1.03060208545, 1.20826826702, 5.55981963549, 1.14820320736, 0.981875024968, 443.589210449, 0.959389848933, 2.61960809613, 0.961311011787, 1.35853953953, 1.25014323453, 238.812998501, 16.4578106436, 1509.05024028, 1.07238605898
1.71586991311, 1.0000004873, 1.19729550134, 0.888575552659, 4.03084029675, 0.922398660313, 1.96306592419, 1.04061329059, 0.911923456918, 2.00393307467, 5.98619448247, 1.16015625462, 2.62918406606, 1.17903736173, 1.09000026126, 1.04754477605, 1.03173000481, 1.04953480138, 4.05379249291, 0.910912894298, 0.894573252629, 555.181185333, 1.10773660779, 5.22623553966, 0.997571505336, 5.45485370064, 0.921082609832, 147.730722013, 12.4369228348, 450.70472679, 3.75335120643
4.04088778148, 1.00000034525, 1.57644249702, 1.16006192924, 5.21212209022, 0.945551935741, 4.3382491918, 1.19087250644, 0.935298945169, 2.89987729164, 5.95594953464, 0.825996510727, 3.80499922878, 1.00154989196, 1.09000013007, 1.10292047649, 1.02478569915, 1.11895258057, 3.44726120845, 0.933607892928, 0.837647336178, 808.259484187, 1.13735739862, 1.04681463937, 1.11864215008, 2.94901889414, 0.962355858126, 59.774656993, 18.1359620088, 840.893172686, 2.68096514745
1.80789155407, 1.00000077579, 1.25023329038, 1.03800432639, 1.68290767004, 0.786073177392, 5.91470653803, 1.0323542532, 0.904466242207, 4.51063034039, 4.9090213438, 1.2076067369, 2.38115144592, 0.947357146271, 1.09000028664, 1.08258044053, 1.0144217909, 1.2183737225, 5.4099898661, 0.957116014573, 0.787473064128, 831.858916211, 1.11919483999, 1.01456593849, 1.0142622622, 4.09449236959, 1.22275865873, 395.549333922, 30.2386605975, 489.566913734, 0.268096514745
2.552667973, 1.00000067941, 1.66709468326, 0.880942701784, 2.20384060036, 0.799147499724, 5.50598005344, 1.13606716003, 0.922588791635, 1.25568057757, 5.05765849628, 0.938399886225, 4.23587049683, 1.08284153465, 1.09000004869, 1.08625997184, 1.00138200769, 0.954982453367, 5.02639678851, 1.10835561715, 0.854109264291, 400.307300503, 1.03239058675, 5.64607145829, 1.00787629124, 4.9833790967, 0.894746830769, 208.531621562, 19.700754098, 287.894305152, 1.87667560322
3.98158110435, 1.00000031128, 1.59906723026, 1.18071650628, 5.21212209022, 0.945551935741, 3.83511097711, 1.11966197509, 0.998132040231, 6.0778028142, 5.51321106086, 1.09284883265, 1.35258427327, 1.17794183771, 1.09000006402, 1.0305255243, 1.01233943065, 0.823738346238, 9.785197205, 1.01657197494, 0.794262334247, 555.239194642, 1.06940891873, 3.947937048, 1.01666827926, 1.50627998614, 1.13013817261, 112.402594775, 15.9136847485, 439.243550534, 2.14477211796
1.71586991311, 1.00000093679, 1.44498362719, 0.888575552659, 4.03084029675, 0.922398660313, 1.96306592419, 1.17631043393, 0.911923456918, 2.00393307467, 5.03984955213, 1.16015625462, 2.9696335855, 0.960473642669, 1.09000066109, 1.04122597557, 1.0005516424, 1.04953480138, 4.05379249291, 0.910912894298, 0.845277990377, 342.484177938, 0.946124967887, 5.22623553966, 1.10906914877, 5.45485370064, 0.921082609832, 192.096508601, 14.7269313424, 3471.77529227, 1.87667560322
3.98212469333, 1.00000093679, 1.45631665189, 0.966825129711, 5.67094712348, 0.82975556272, 1.39461343391, 1.03212452165, 0.921754083716, 5.77117525027, 5.87017955143, 0.934908619357, 4.04539702447, 1.18296997876, 1.09000057514, 1.02362317141, 1.0491799934, 0.978134008319, 4.40437864254, 1.05919607609, 0.945817087714, 10.0631940679, 1.14366430617, 5.24747610065, 1.00232773507, 1.06365621742, 1.1992564647, 90.5952468682, 11.8982942826, 1469.91728349, 6.16621983914
2.67265546302, 1.00000067941, 1.66709468326, 1.04484260283, 5.70292895509, 0.799147499724, 2.76509349267, 1.0517056376, 0.901305522975, 1.43555909639, 5.17075900424, 0.938399886225, 4.23587049683, 0.95738181706, 1.09000004869, 1.05423253515, 1.00138200769, 0.921487063249, 5.02639678851, 1.10835561715, 0.810135564951, 918.801117746, 1.02067449294, 5.5616301559, 0.988859501529, 4.30522880277, 0.894746830769, 81.0175151168, 18.5646600122, 215.152233672, 3.48525469169
3.35530042965, 1.00000017445, 1.32437618672, 1.17351257472, 2.56792644794, 0.780570112496, 4.71769730751, 1.0490526021, 0.967479888844, 5.68000356527, 5.5517356808, 1.18672677462, 2.65475782352, 0.979066005499, 1.09000011557, 1.02928351327, 1.02707900079, 1.06150968081, 5.81182039282, 1.00856249177, 0.959606541826, 420.270700073, 1.17157698991, 2.35476757054, 1.01204274904, 5.29896378887, 1.07266384466, 261.64970898, 16.882724891, 938.731314899, 1.34048257373
