0.0, 1.0, 1.0, 0.0, -1.0, 2.0, -1.0, 0.0, -1.0, 3.0, 1.0, 1.0, 2.0, 2.0, -1.0, 0.0, -1.0, 1.0, 3.0, -1.0, 0.0, 0.0, -1.0, 2.0, -1.0, -1.0, 2.0, 3.0, 2.0, 3.0, -1.0, 0.0, -1.0, 2.0, 2.0, -1.0, 0.0, -1.0, -1.0, -1.0, 1.0, -1.0, 2.0, 3.0, -1.0, 3.0, 0.0, 0.0, 0.0, 2.0, 97178.0, 452.0, 99556.0
-1.0, 1.0, -1.0, 0.0, 1.0, 3.0, 2.0, 3.0, -1.0, -1.0, 3.0, 0.0, -1.0, -1.0, 0.0, 1.0, -1.0, 2.0, 0.0, 2.0, 1.0, 2.0, 1.0, -1.0, -1.0, 3.0, -1.0, 0.0, 3.0, -1.0, -1.0, 3.0, -1.0, 3.0, 0.0, -1.0, 1.0, 2.0, -1.0, 2.0, 2.0, -1.0, -1.0, 2.0, 1.0, 1.0, 0.0, 2.0, 2.0, 0.0, 97404.0, 450.0, 99551.0
-1.0, 1.0, -1.0, 0.0, 1.0, 3.0, 2.0, 3.0, -1.0, -1.0, 3.0, 0.0, -1.0, -1.0, 0.0, 1.0, -1.0, 2.0, 0.0, 2.0, 1.0, 2.0, 1.0, -1.0, -1.0, 3.0, -1.0, 0.0, 3.0, -1.0, -1.0, 3.0, -1.0, 3.0, 0.0, -1.0, 1.0, 2.0, -1.0, 2.0, 2.0, -1.0, -1.0, 2.0, 1.0, 1.0, 0.0, 2.0, 2.0, 0.0, 97404.0, 450.0, 99551.0
3.0, 2.0, -1.0, 0.0, 2.0, 0.0, 0.0, 0.0, -1.0, 0.0, 3.0, 1.0, 1.0, 3.0, 0.0, -1.0, -1.0, 2.0, 3.0, 3.0, 2.0, 0.0, 3.0, 1.0, -1.0, 1.0, 1.0, -1.0, 1.0, 2.0, -1.0, 1.0, 0.0, -1.0, 1.0, -1.0, 0.0, 2.0, 1.0, 0.0, -1.0, -1.0, -1.0, 3.0, 2.0, 0.0, 2.0, 2.0, 0.0, 0.0, 96883.0, 516.0, 99501.0
0.0, 1.0, 1.0, 1.0, -1.0, 2.0, 0.0, 0.0, -1.0, 3.0, 1.0, 1.0, 2.0, 0.0, -1.0, 0.0, -1.0, 1.0, 3.0, -1.0, 0.0, -1.0, -1.0, 2.0, -1.0, -1.0, 2.0, 3.0, 2.0, 0.0, 1.0, 0.0, 1.0, 2.0, 2.0, 3.0, 0.0, -1.0, -1.0, -1.0, 1.0, -1.0, 2.0, 3.0, 0.0, 1.0, 0.0, 0.0, -1.0, 2.0, 96722.0, 498.0, 99510.0
0.0, 1.0, 1.0, 1.0, -1.0, 2.0, 0.0, 0.0, -1.0, 3.0, 1.0, 1.0, 2.0, 0.0, -1.0, 0.0, -1.0, 1.0, 3.0, -1.0, 0.0, -1.0, -1.0, 2.0, -1.0, -1.0, 2.0, 3.0, 2.0, 0.0, 1.0, 0.0, 1.0, 2.0, 2.0, 3.0, 0.0, -1.0, -1.0, -1.0, 1.0, -1.0, 2.0, 3.0, -1.0, 1.0, 0.0, 0.0, 0.0, 2.0, 96845.0, 496.0, 99521.0
1.0, 0.0, 1.0, 2.0, -1.0, 2.0, 0.0, 0.0, -1.0, 1.0, 0.0, 2.0, -1.0, 0.0, -1.0, 0.0, -1.0, 2.0, 0.0, 2.0, 2.0, 2.0, -1.0, 0.0, 2.0, -1.0, 1.0, 0.0, 0.0, 1.0, 0.0, 3.0, 2.0, -1.0, 2.0, -1.0, 1.0, 1.0, -1.0, 1.0, 0.0, -1.0, 0.0, 2.0, 2.0, 1.0, 0.0, 3.0, -1.0, 2.0, 96600.0, 519.0, 99485.0
1.0, 0.0, 1.0, 2.0, -1.0, 2.0, 1.0, 0.0, -1.0, 1.0, 0.0, 2.0, -1.0, 0.0, -1.0, 0.0, -1.0, 2.0, 0.0, 2.0, 1.0, 2.0, -1.0, 0.0, 2.0, 0.0, 2.0, 0.0, 0.0, 1.0, 0.0, 3.0, 2.0, -1.0, 1.0, 2.0, 1.0, 1.0, -1.0, 1.0, 0.0, 1.0, 0.0, 2.0, 2.0, 1.0, 0.0, 3.0, -1.0, 2.0, 96390.0, 573.0, 99456.0
-1.0, 1.0, -1.0, 0.0, 2.0, 3.0, 2.0, 0.0, -1.0, -1.0, 3.0, 0.0, -1.0, -1.0, 0.0, 1.0, -1.0, 2.0, 0.0, 0.0, 1.0, 2.0, 1.0, -1.0, -1.0, -1.0, -1.0, 0.0, 2.0, -1.0, -1.0, 3.0, 0.0, 3.0, 0.0, -1.0, 1.0, -1.0, -1.0, 2.0, 2.0, -1.0, 0.0, 2.0, 2.0, 1.0, 0.0, 2.0, 2.0, 0.0, 97302.0, 458.0, 99554.0
1.0, 0.0, 0.0, 1.0, 2.0, 2.0, 1.0, 2.0, -1.0, 1.0, 3.0, -1.0, 3.0, 0.0, -1.0, 1.0, 3.0, 1.0, 0.0, 0.0, 3.0, -1.0, -1.0, 0.0, -1.0, -1.0, 0.0, 3.0, 2.0, 0.0, 1.0, 2.0, 0.0, 1.0, 1.0, -1.0, 2.0, 3.0, 3.0, 0.0, 1.0, -1.0, -1.0, 3.0, 1.0, 1.0, 0.0, -1.0, 0.0, 0.0, 96706.0, 526.0, 99465.0
0.0, 1.0, 1.0, 0.0, 0.0, 2.0, 1.0, 1.0, 1.0, 1.0, 0.0, 2.0, 1.0, 0.0, 3.0, 3.0, 1.0, 1.0, 1.0, 2.0, 2.0, 2.0, 0.0, 1.0, 0.0, 1.0, 3.0, 0.0, 0.0, 3.0, 0.0, 2.0, 0.0, 3.0, 0.0, -1.0, 2.0, 2.0, 0.0, 1.0, 3.0, -1.0, -1.0, 3.0, 0.0, 3.0, 2.0, 2.0, -1.0, 2.0, 96105.0, 647.0, 99388.0
1.0, 0.0, 1.0, 0.0, -1.0, 3.0, 1.0, 0.0, -1.0, 1.0, 0.0, 2.0, -1.0, 0.0, -1.0, 0.0, -1.0, 2.0, 0.0, 1.0, 1.0, -1.0, -1.0, -1.0, 2.0, -1.0, 2.0, 0.0, 0.0, 1.0, 0.0, 1.0, 2.0, -1.0, 2.0, 2.0, 2.0, 1.0, -1.0, 1.0, 0.0, 1.0, 0.0, 2.0, 1.0, 1.0, 0.0, 3.0, 3.0, 0.0, 96432.0, 539.0, 99478.0
3.0, 2.0, -1.0, 0.0, 2.0, 0.0, 0.0, 0.0, -1.0, 0.0, 3.0, 1.0, 1.0, 3.0, 0.0, -1.0, -1.0, 2.0, 3.0, 3.0, 2.0, 0.0, 0.0, 1.0, -1.0, 1.0, 1.0, -1.0, 1.0, 2.0, -1.0, 1.0, 0.0, -1.0, 1.0, -1.0, 0.0, 2.0, 1.0, 0.0, -1.0, -1.0, -1.0, 3.0, 2.0, 0.0, 2.0, 2.0, -1.0, 0.0, 96878.0, 506.0, 99508.0
0.0, 1.0, 1.0, 1.0, -1.0, 2.0, -1.0, 0.0, -1.0, 3.0, 1.0, 1.0, 2.0, 0.0, -1.0, 0.0, -1.0, 1.0, 3.0, -1.0, 0.0, 0.0, -1.0, 2.0, -1.0, -1.0, 2.0, 3.0, 2.0, 0.0, 0.0, 0.0, -1.0, 2.0, 2.0, 2.0, 0.0, -1.0, -1.0, -1.0, 1.0, -1.0, 2.0, 3.0, -1.0, 1.0, 0.0, 0.0, 0.0, 2.0, 96954.0, 480.0, 99542.0
0.0, 1.0, 1.0, 1.0, -1.0, 2.0, 0.0, 0.0, -1.0, 3.0, 1.0, 1.0, -1.0, -1.0, -1.0, 0.0, -1.0, 1.0, 3.0, -1.0, 0.0, 0.0, -1.0, 2.0, -1.0, -1.0, 2.0, 3.0, 2.0, 0.0, 1.0, 0.0, 1.0, 2.0, 2.0, 3.0, 0.0, -1.0, -1.0, -1.0, 1.0, -1.0, 2.0, 3.0, -1.0, 3.0, 0.0, 0.0, 0.0, 2.0, 97036.0, 484.0, 99535.0
0.0, 1.0, 1.0, 1.0, -1.0, 2.0, 0.0, 0.0, -1.0, 3.0, 1.0, 1.0, -1.0, -1.0, -1.0, 0.0, -1.0, 1.0, 3.0, -1.0, 0.0, 0.0, -1.0, 2.0, -1.0, -1.0, -1.0, 3.0, 2.0, 0.0, 1.0, 0.0, 1.0, 2.0, 2.0, 3.0, 0.0, -1.0, -1.0, -1.0, 1.0, -1.0, 2.0, 3.0, -1.0, 3.0, 0.0, 0.0, 0.0, 2.0, 97072.0, 466.0, 99549.0
1.0, 0.0, 1.0, 2.0, -1.0, 2.0, 1.0, 0.0, -1.0, 1.0, 0.0, 2.0, -1.0, 0.0, -1.0, 0.0, -1.0, 2.0, 0.0, 2.0, 1.0, 2.0, -1.0, 0.0, 2.0, 0.0, 2.0, 0.0, 0.0, 1.0, 0.0, 3.0, 2.0, -1.0, 1.0, -1.0, 1.0, 1.0, -1.0, 1.0, 0.0, 1.0, 0.0, 2.0, 2.0, 1.0, 0.0, 3.0, -1.0, 2.0, 96397.0, 555.0, 99462.0
0.0, 1.0, 1.0, 1.0, -1.0, 3.0, -1.0, 0.0, -1.0, 3.0, 1.0, 1.0, 2.0, 2.0, -1.0, 0.0, -1.0, 1.0, 3.0, -1.0, 0.0, 0.0, -1.0, 2.0, -1.0, -1.0, 2.0, 3.0, 2.0, 3.0, -1.0, 0.0, -1.0, 2.0, 2.0, -1.0, 0.0, 2.0, -1.0, -1.0, 1.0, -1.0, 0.0, 3.0, -1.0, 3.0, 0.0, 0.0, 0.0, 2.0, 97082.0, 463.0, 99540.0
0.0, 1.0, 1.0, 1.0, -1.0, 2.0, -1.0, 0.0, -1.0, 3.0, 1.0, 1.0, 2.0, 0.0, -1.0, 0.0, -1.0, 1.0, 3.0, -1.0, 0.0, 0.0, -1.0, 2.0, -1.0, -1.0, 2.0, 3.0, 2.0, 3.0, 1.0, 0.0, -1.0, 2.0, 2.0, -1.0, 0.0, -1.0, -1.0, -1.0, 1.0, -1.0, 2.0, 3.0, -1.0, 3.0, 0.0, 0.0, 0.0, 2.0, 97077.0, 462.0, 99548.0
1.0, 0.0, 0.0, 1.0, 2.0, 2.0, 3.0, 2.0, 1.0, 1.0, 3.0, 0.0, 3.0, 0.0, -1.0, 1.0, 3.0, 1.0, 0.0, 0.0, 3.0, -1.0, -1.0, 0.0, -1.0, -1.0, 0.0, 3.0, 2.0, 0.0, 1.0, 2.0, 0.0, 1.0, -1.0, -1.0, 2.0, 3.0, -1.0, 0.0, 1.0, -1.0, -1.0, 2.0, 1.0, 3.0, 0.0, 1.0, 0.0, 1.0, 96621.0, 546.0, 99450.0
1.0, 0.0, 0.0, 1.0, 2.0, 2.0, 1.0, 2.0, 1.0, 1.0, 3.0, -1.0, 3.0, 0.0, -1.0, 1.0, 3.0, 1.0, 0.0, 0.0, 3.0, -1.0, -1.0, 0.0, -1.0, -1.0, 0.0, 3.0, 2.0, 0.0, 1.0, 2.0, 0.0, 1.0, 1.0, -1.0, 1.0, 3.0, 3.0, 0.0, 1.0, -1.0, -1.0, 3.0, 1.0, 1.0, 0.0, -1.0, 0.0, 0.0, 96625.0, 542.0, 99454.0
0.0, 1.0, 1.0, 1.0, -1.0, 2.0, 0.0, 0.0, -1.0, 3.0, 1.0, 1.0, -1.0, -1.0, -1.0, 0.0, -1.0, 1.0, 3.0, -1.0, 0.0, 0.0, -1.0, 2.0, -1.0, -1.0, 2.0, 3.0, 2.0, 0.0, 1.0, 0.0, 1.0, 2.0, 2.0, 3.0, 0.0, -1.0, -1.0, -1.0, 1.0, -1.0, 2.0, 3.0, -1.0, 3.0, 0.0, 0.0, -1.0, 2.0, 97070.0, 474.0, 99542.0
3.0, 1.0, 1.0, 2.0, 0.0, 2.0, 1.0, 1.0, 1.0, 1.0, 0.0, 2.0, 1.0, 0.0, 3.0, 0.0, 1.0, 1.0, 1.0, 2.0, 0.0, 2.0, 0.0, 0.0, 0.0, 1.0, 3.0, 0.0, 0.0, 3.0, -1.0, 2.0, 0.0, 3.0, 0.0, -1.0, 2.0, 2.0, 0.0, 1.0, 3.0, -1.0, -1.0, 3.0, 0.0, 1.0, 2.0, 2.0, -1.0, 2.0, 96223.0, 637.0, 99396.0
3.0, 1.0, 1.0, 0.0, 0.0, 2.0, 1.0, 2.0, 1.0, 1.0, 0.0, -1.0, 1.0, 0.0, 3.0, 3.0, 1.0, 1.0, 1.0, 2.0, 2.0, 2.0, 0.0, 1.0, -1.0, 1.0, -1.0, 0.0, 0.0, 3.0, 1.0, 2.0, 0.0, 3.0, 0.0, -1.0, 2.0, 2.0, 3.0, 1.0, 2.0, -1.0, -1.0, 3.0, 0.0, 3.0, 2.0, 2.0, -1.0, 2.0, 96455.0, 595.0, 99424.0
0.0, 1.0, 1.0, 1.0, -1.0, 2.0, 0.0, 0.0, -1.0, 3.0, 1.0, 1.0, -1.0, -1.0, -1.0, 0.0, -1.0, 1.0, 3.0, -1.0, 0.0, 0.0, -1.0, 2.0, -1.0, -1.0, 2.0, 3.0, 2.0, 0.0, 1.0, 0.0, 1.0, 2.0, 2.0, 3.0, 0.0, -1.0, -1.0, -1.0, 1.0, -1.0, 2.0, 3.0, -1.0, 3.0, 0.0, 0.0, 0.0, 2.0, 97036.0, 484.0, 99535.0
3.0, 2.0, -1.0, 0.0, 2.0, 0.0, 0.0, 0.0, -1.0, 0.0, 3.0, 1.0, 1.0, 3.0, 0.0, -1.0, -1.0, 2.0, 3.0, 3.0, 2.0, 0.0, 0.0, 1.0, -1.0, 1.0, 1.0, -1.0, 1.0, 2.0, -1.0, 1.0, 0.0, -1.0, 1.0, -1.0, 0.0, 2.0, 1.0, 0.0, -1.0, -1.0, -1.0, 3.0, 2.0, 0.0, 2.0, 2.0, -1.0, 0.0, 96878.0, 506.0, 99508.0
3.0, 1.0, 1.0, 0.0, 0.0, 2.0, 1.0, 1.0, 1.0, 1.0, 0.0, 2.0, 1.0, 0.0, 3.0, 3.0, 1.0, 1.0, 1.0, 2.0, 2.0, 2.0, 0.0, 1.0, -1.0, 1.0, 3.0, 0.0, 0.0, 3.0, -1.0, 2.0, -1.0, 3.0, 0.0, -1.0, 2.0, 2.0, 0.0, 1.0, 3.0, -1.0, -1.0, 3.0, 0.0, 3.0, 2.0, 2.0, -1.0, 2.0, 96475.0, 600.0, 99423.0
3.0, 2.0, -1.0, 0.0, 2.0, 0.0, 0.0, 0.0, -1.0, 0.0, 3.0, 1.0, 1.0, 3.0, 0.0, -1.0, -1.0, 2.0, 3.0, 3.0, 1.0, 0.0, 3.0, 1.0, -1.0, -1.0, 1.0, 0.0, 1.0, 2.0, -1.0, 1.0, 0.0, -1.0, 1.0, -1.0, 0.0, -1.0, 1.0, 0.0, -1.0, -1.0, -1.0, 3.0, 2.0, 0.0, 2.0, 2.0, 0.0, -1.0, 97097.0, 488.0, 99529.0
-1.0, 1.0, -1.0, 0.0, 2.0, 3.0, 2.0, 0.0, -1.0, -1.0, 3.0, 0.0, -1.0, -1.0, 0.0, 1.0, -1.0, 2.0, 0.0, 0.0, 1.0, 2.0, 1.0, -1.0, -1.0, -1.0, -1.0, 0.0, 2.0, -1.0, -1.0, 3.0, 0.0, 3.0, 0.0, -1.0, 1.0, -1.0, -1.0, 2.0, 2.0, -1.0, 0.0, 2.0, 2.0, 1.0, 0.0, 2.0, 2.0, 0.0, 97302.0, 458.0, 99554.0
3.0, 1.0, 1.0, 2.0, 0.0, 3.0, 1.0, 1.0, 1.0, 1.0, 0.0, 2.0, 1.0, 0.0, 3.0, 0.0, -1.0, 1.0, 1.0, 2.0, 2.0, 2.0, 0.0, 0.0, 0.0, 1.0, 3.0, 0.0, 0.0, 3.0, -1.0, 2.0, 0.0, 1.0, 0.0, -1.0, 2.0, 2.0, 0.0, 1.0, 3.0, -1.0, -1.0, 3.0, 0.0, 3.0, 0.0, 2.0, -1.0, 1.0, 96296.0, 618.0, 99409.0
1.0, 0.0, 1.0, 2.0, -1.0, 2.0, 1.0, 0.0, -1.0, 1.0, 0.0, 1.0, -1.0, 0.0, -1.0, 0.0, -1.0, 2.0, 0.0, -1.0, 1.0, -1.0, -1.0, 0.0, 2.0, -1.0, 1.0, 2.0, 0.0, 1.0, 0.0, 3.0, 2.0, -1.0, 2.0, 2.0, 2.0, 1.0, -1.0, 1.0, 0.0, 1.0, -1.0, 2.0, 1.0, 1.0, 0.0, 3.0, 3.0, 0.0, 96615.0, 517.0, 99493.0
3.0, 1.0, -1.0, 0.0, 0.0, 0.0, 2.0, 3.0, -1.0, -1.0, 3.0, 0.0, -1.0, 0.0, 3.0, 1.0, -1.0, 2.0, -1.0, 2.0, 1.0, 0.0, 1.0, 0.0, -1.0, 3.0, -1.0, 3.0, 0.0, -1.0, -1.0, 2.0, -1.0, 3.0, 0.0, -1.0, 1.0, 2.0, 3.0, 2.0, 2.0, -1.0, -1.0, 2.0, 2.0, 1.0, 0.0, 2.0, 2.0, 0.0, 97140.0, 491.0, 99524.0
-1.0, 1.0, -1.0, 0.0, 2.0, 3.0, 2.0, 3.0, -1.0, -1.0, 3.0, 0.0, -1.0, -1.0, 0.0, 1.0, -1.0, 2.0, 0.0, 0.0, 2.0, 2.0, 1.0, -1.0, -1.0, 1.0, -1.0, 0.0, 0.0, -1.0, -1.0, 3.0, 1.0, 3.0, 0.0, -1.0, 1.0, 2.0, -1.0, 2.0, 2.0, -1.0, 0.0, 2.0, 2.0, 1.0, 0.0, 2.0, 2.0, 0.0, 97209.0, 487.0, 99526.0
3.0, 1.0, 1.0, 2.0, 0.0, 2.0, 1.0, 1.0, 1.0, 1.0, 0.0, 2.0, 1.0, 0.0, -1.0, 3.0, 1.0, 1.0, 1.0, 2.0, 2.0, 2.0, 0.0, 1.0, 0.0, 1.0, 3.0, 0.0, 0.0, 3.0, -1.0, 2.0, 0.0, 3.0, 0.0, -1.0, 2.0, 2.0, 0.0, 1.0, 3.0, -1.0, -1.0, 3.0, 0.0, 3.0, 2.0, 2.0, -1.0, 0.0, 96292.0, 619.0, 99405.0
1.0, 0.0, 0.0, 1.0, 2.0, 2.0, 1.0, 0.0, -1.0, 1.0, 3.0, 0.0, -1.0, 0.0, -1.0, 1.0, 3.0, 1.0, 0.0, 0.0, 3.0, -1.0, -1.0, 0.0, -1.0, -1.0, 0.0, 3.0, 2.0, 0.0, 1.0, 2.0, 0.0, 1.0, 1.0, -1.0, 2.0, 1.0, 2.0, 0.0, 1.0, -1.0, -1.0, 3.0, 1.0, 1.0, 0.0, -1.0, 0.0, 1.0, 96542.0, 525.0, 99466.0
1.0, 0.0, 1.0, 2.0, -1.0, 2.0, 1.0, 0.0, -1.0, 1.0, 0.0, 2.0, -1.0, 0.0, -1.0, 0.0, -1.0, 2.0, 0.0, -1.0, 1.0, -1.0, -1.0, 0.0, 2.0, -1.0, 2.0, 2.0, 0.0, 1.0, 0.0, 3.0, 2.0, -1.0, 2.0, -1.0, 2.0, 1.0, -1.0, 1.0, 0.0, 1.0, 0.0, 2.0, 1.0, 1.0, 0.0, 3.0, 3.0, 0.0, 96588.0, 518.0, 99489.0
-1.0, 0.0, -1.0, 0.0, 1.0, 0.0, 2.0, 3.0, -1.0, -1.0, 3.0, 0.0, -1.0, -1.0, 0.0, 1.0, -1.0, 2.0, 0.0, 2.0, 1.0, 2.0, 1.0, 0.0, -1.0, 3.0, -1.0, 0.0, 3.0, -1.0, 1.0, 3.0, -1.0, 2.0, 0.0, -1.0, 1.0, 2.0, -1.0, 2.0, 2.0, -1.0, 0.0, 2.0, 1.0, 1.0, 0.0, 2.0, 2.0, 0.0, 97123.0, 490.0, 99525.0
3.0, 1.0, 1.0, 0.0, 0.0, 2.0, 1.0, 1.0, -1.0, 1.0, 0.0, 2.0, 1.0, 0.0, 3.0, 3.0, 1.0, 1.0, 1.0, 2.0, 2.0, 2.0, 0.0, 1.0, -1.0, 1.0, -1.0, 0.0, 0.0, 3.0, 1.0, 2.0, 0.0, 3.0, 0.0, -1.0, 2.0, 2.0, 0.0, 1.0, 2.0, -1.0, -1.0, 3.0, 0.0, 3.0, 2.0, 2.0, -1.0, 2.0, 96372.0, 594.0, 99425.0
-1.0, 1.0, -1.0, 0.0, 1.0, 3.0, 2.0, 3.0, -1.0, -1.0, 3.0, 0.0, -1.0, 2.0, 0.0, 1.0, -1.0, 2.0, 0.0, 2.0, 1.0, 2.0, 1.0, -1.0, -1.0, 3.0, -1.0, 0.0, 3.0, -1.0, -1.0, 3.0, -1.0, 3.0, 0.0, -1.0, 1.0, 2.0, -1.0, 2.0, 2.0, -1.0, 0.0, 2.0, 2.0, 1.0, 0.0, 2.0, 2.0, 0.0, 97280.0, 480.0, 99529.0
-1.0, 1.0, -1.0, 0.0, 1.0, 0.0, 2.0, 3.0, -1.0, -1.0, 3.0, 0.0, -1.0, -1.0, 0.0, 1.0, -1.0, 2.0, 0.0, 2.0, 1.0, 2.0, 1.0, 0.0, -1.0, 3.0, -1.0, 0.0, 3.0, -1.0, -1.0, 3.0, -1.0, 2.0, 0.0, -1.0, 1.0, 2.0, -1.0, 2.0, 2.0, -1.0, 0.0, 2.0, 1.0, 1.0, 0.0, 2.0, 2.0, 0.0, 97224.0, 480.0, 99533.0
0.0, 1.0, 1.0, 1.0, -1.0, 2.0, -1.0, 0.0, -1.0, 3.0, 1.0, 1.0, 2.0, 0.0, -1.0, 0.0, -1.0, 1.0, 3.0, -1.0, 0.0, 0.0, -1.0, 2.0, -1.0, -1.0, 2.0, 3.0, 2.0, 0.0, 0.0, 0.0, -1.0, 2.0, 2.0, 2.0, 0.0, -1.0, -1.0, -1.0, 1.0, -1.0, 2.0, 3.0, -1.0, 1.0, 0.0, 0.0, 0.0, 2.0, 96954.0, 480.0, 99542.0
0.0, 1.0, 1.0, 1.0, -1.0, 2.0, 0.0, 0.0, -1.0, 3.0, 1.0, 1.0, 2.0, 2.0, -1.0, 0.0, -1.0, 1.0, 3.0, -1.0, 0.0, 0.0, -1.0, 2.0, -1.0, -1.0, 2.0, 3.0, 2.0, 0.0, 1.0, 0.0, -1.0, 2.0, 2.0, 3.0, 0.0, -1.0, -1.0, -1.0, 1.0, -1.0, 2.0, 3.0, -1.0, 3.0, 0.0, 0.0, 0.0, 2.0, 96930.0, 493.0, 99527.0
0.0, 1.0, 1.0, 1.0, -1.0, 2.0, 0.0, 0.0, -1.0, 3.0, 1.0, 1.0, -1.0, 2.0, -1.0, 0.0, -1.0, 1.0, 3.0, -1.0, 0.0, 0.0, -1.0, 2.0, -1.0, -1.0, 2.0, 0.0, 2.0, 0.0, 1.0, 0.0, 1.0, 2.0, 2.0, 0.0, 0.0, -1.0, -1.0, -1.0, 1.0, -1.0, 2.0, 3.0, -1.0, 3.0, 0.0, 0.0, 0.0, 2.0, 96875.0, 495.0, 99523.0
0.0, 1.0, 1.0, 1.0, -1.0, 2.0, 0.0, 0.0, -1.0, 3.0, 1.0, 1.0, 2.0, 0.0, -1.0, 0.0, -1.0, 1.0, 3.0, -1.0, 0.0, -1.0, -1.0, 2.0, -1.0, -1.0, 2.0, 3.0, 2.0, 0.0, 1.0, 0.0, 1.0, 2.0, 2.0, 3.0, 0.0, -1.0, -1.0, -1.0, 1.0, -1.0, 2.0, 3.0, -1.0, 1.0, 0.0, 0.0, 0.0, 2.0, 96845.0, 496.0, 99521.0
1.0, 0.0, 0.0, 1.0, 2.0, 2.0, 3.0, 2.0, 1.0, 1.0, 3.0, 0.0, 3.0, 0.0, -1.0, 1.0, 3.0, 1.0, 0.0, 0.0, 3.0, -1.0, -1.0, 0.0, -1.0, -1.0, 0.0, 3.0, 2.0, 0.0, 1.0, 2.0, 0.0, 1.0, 1.0, -1.0, 2.0, 3.0, 2.0, 0.0, 1.0, -1.0, -1.0, 3.0, 1.0, 1.0, 0.0, 1.0, 0.0, 1.0, 96512.0, 576.0, 99433.0
1.0, 0.0, 0.0, 1.0, 2.0, 2.0, 3.0, 2.0, 1.0, 1.0, 3.0, 0.0, 3.0, 0.0, -1.0, 1.0, 3.0, 1.0, 0.0, 0.0, 3.0, -1.0, -1.0, 0.0, -1.0, -1.0, 0.0, 3.0, 2.0, 0.0, 1.0, 2.0, 0.0, 1.0, 1.0, -1.0, 2.0, 3.0, 2.0, 0.0, 1.0, -1.0, -1.0, 3.0, 1.0, 1.0, 0.0, 1.0, 0.0, 1.0, 96512.0, 576.0, 99433.0
1.0, 0.0, 1.0, 2.0, -1.0, 2.0, 1.0, 0.0, -1.0, 1.0, 0.0, 2.0, -1.0, 0.0, -1.0, 0.0, -1.0, 2.0, 0.0, -1.0, 1.0, -1.0, -1.0, 0.0, 2.0, -1.0, 2.0, 2.0, 0.0, 1.0, 0.0, 3.0, 2.0, -1.0, 2.0, -1.0, 2.0, 1.0, -1.0, 1.0, 0.0, 1.0, 0.0, 2.0, 1.0, 1.0, 0.0, 3.0, 3.0, 0.0, 96588.0, 518.0, 99489.0
1.0, 0.0, 0.0, 1.0, 2.0, 2.0, 3.0, 2.0, -1.0, 1.0, 3.0, 0.0, 3.0, 0.0, -1.0, 1.0, 3.0, 1.0, 0.0, 0.0, 3.0, -1.0, -1.0, 0.0, -1.0, -1.0, 0.0, 3.0, 2.0, 0.0, 1.0, 2.0, 0.0, 1.0, 1.0, -1.0, 2.0, 3.0, 2.0, 0.0, 0.0, -1.0, -1.0, 2.0, 1.0, 1.0, 0.0, -1.0, 0.0, 1.0, 96662.0, 541.0, 99455.0
0.0, 1.0, 1.0, 1.0, -1.0, 2.0, 0.0, 0.0, -1.0, 3.0, 1.0, 1.0, 2.0, 2.0, -1.0, 0.0, -1.0, 1.0, 3.0, -1.0, 0.0, 0.0, -1.0, 2.0, -1.0, -1.0, 2.0, 3.0, 2.0, 0.0, 1.0, 0.0, -1.0, 2.0, 2.0, 3.0, 0.0, -1.0, -1.0, -1.0, 1.0, -1.0, 2.0, 3.0, -1.0, 3.0, 0.0, 0.0, 0.0, 2.0, 96930.0, 493.0, 99527.0
1.0, 0.0, 0.0, 1.0, 2.0, 2.0, 3.0, 2.0, -1.0, 1.0, 3.0, 0.0, 3.0, 0.0, -1.0, 1.0, 3.0, 1.0, 0.0, 0.0, 3.0, -1.0, -1.0, 0.0, -1.0, -1.0, 0.0, 3.0, 2.0, 0.0, 1.0, 2.0, 0.0, 1.0, 1.0, -1.0, 2.0, 3.0, 2.0, 0.0, 0.0, -1.0, -1.0, 2.0, 1.0, 1.0, 0.0, -1.0, 0.0, 1.0, 96662.0, 541.0, 99455.0
1.0, 0.0, 1.0, 0.0, -1.0, 3.0, 1.0, 0.0, -1.0, 1.0, 0.0, 2.0, -1.0, 0.0, -1.0, 0.0, -1.0, 2.0, 0.0, 1.0, 1.0, -1.0, -1.0, -1.0, 2.0, -1.0, 2.0, 0.0, 0.0, 1.0, 0.0, 1.0, 2.0, -1.0, 2.0, 2.0, 2.0, 1.0, -1.0, 1.0, 0.0, 1.0, 0.0, 2.0, 1.0, 1.0, 0.0, 3.0, 3.0, 0.0, 96432.0, 539.0, 99478.0
1.0, 0.0, 0.0, 1.0, 2.0, 2.0, 1.0, 0.0, -1.0, 1.0, 3.0, 0.0, -1.0, 0.0, -1.0, 1.0, 3.0, 1.0, 0.0, 0.0, 3.0, -1.0, -1.0, 0.0, -1.0, -1.0, 0.0, 3.0, 2.0, 0.0, 1.0, 2.0, 0.0, 1.0, 1.0, -1.0, 2.0, 1.0, 2.0, 0.0, 1.0, -1.0, -1.0, 3.0, 1.0, 1.0, 0.0, -1.0, 0.0, 1.0, 96542.0, 525.0, 99466.0
3.0, 1.0, 1.0, 0.0, 0.0, 2.0, 1.0, 1.0, -1.0, 1.0, 0.0, 2.0, 1.0, 0.0, 3.0, 3.0, 1.0, 1.0, 1.0, 2.0, 2.0, 2.0, 0.0, 1.0, -1.0, 1.0, -1.0, 0.0, 0.0, 3.0, 1.0, 2.0, 0.0, 3.0, 0.0, -1.0, 2.0, 2.0, 0.0, 1.0, 2.0, -1.0, -1.0, 3.0, 0.0, 3.0, 2.0, 2.0, -1.0, 2.0, 96372.0, 594.0, 99425.0
-1.0, 1.0, -1.0, 0.0, 1.0, 0.0, 2.0, 3.0, -1.0, -1.0, 3.0, 0.0, -1.0, -1.0, 0.0, 1.0, -1.0, 2.0, 0.0, 2.0, 1.0, 2.0, 1.0, 0.0, -1.0, 3.0, -1.0, 0.0, 3.0, -1.0, -1.0, 3.0, -1.0, 2.0, 0.0, -1.0, 1.0, 2.0, -1.0, 2.0, 2.0, -1.0, 0.0, 2.0, 1.0, 1.0, 0.0, 2.0, 2.0, 0.0, 97224.0, 480.0, 99533.0
3.0, 1.0, 1.0, 2.0, 0.0, 2.0, 1.0, 1.0, 1.0, 1.0, 0.0, 2.0, 1.0, 0.0, -1.0, 3.0, 1.0, 1.0, 1.0, 2.0, 2.0, 2.0, 0.0, 1.0, 0.0, 1.0, 3.0, 0.0, 0.0, 3.0, -1.0, 2.0, 0.0, 3.0, 0.0, -1.0, 2.0, 2.0, 0.0, 1.0, 3.0, -1.0, -1.0, 3.0, 0.0, 3.0, 2.0, 2.0, -1.0, 0.0, 96292.0, 619.0, 99405.0
-1.0, 1.0, -1.0, 0.0, 1.0, 3.0, 2.0, 3.0, -1.0, -1.0, 3.0, 0.0, -1.0, 2.0, 0.0, 1.0, -1.0, 2.0, 0.0, 2.0, 1.0, 2.0, 1.0, -1.0, -1.0, 3.0, -1.0, 0.0, 3.0, -1.0, -1.0, 3.0, -1.0, 3.0, 0.0, -1.0, 1.0, 2.0, -1.0, 2.0, 2.0, -1.0, 0.0, 2.0, 2.0, 1.0, 0.0, 2.0, 2.0, 0.0, 97280.0, 480.0, 99529.0
0.0, 1.0, 1.0, 1.0, -1.0, 2.0, 0.0, 0.0, -1.0, 3.0, 1.0, 1.0, 2.0, 0.0, -1.0, 0.0, -1.0, 1.0, 3.0, -1.0, 0.0, -1.0, -1.0, 2.0, -1.0, -1.0, 2.0, 3.0, 2.0, 0.0, 1.0, 0.0, 1.0, 2.0, 2.0, 3.0, 0.0, -1.0, -1.0, -1.0, 1.0, -1.0, 2.0, 3.0, 0.0, 1.0, 0.0, 0.0, -1.0, 2.0, 96722.0, 498.0, 99510.0
1.0, 0.0, 1.0, 2.0, -1.0, 2.0, 1.0, 0.0, -1.0, 1.0, 0.0, 1.0, -1.0, 0.0, -1.0, 0.0, -1.0, 2.0, 0.0, -1.0, 1.0, -1.0, -1.0, 0.0, 2.0, -1.0, 1.0, 2.0, 0.0, 1.0, 0.0, 3.0, 2.0, -1.0, 2.0, 2.0, 2.0, 1.0, -1.0, 1.0, 0.0, 1.0, -1.0, 2.0, 1.0, 1.0, 0.0, 3.0, 3.0, 0.0, 96615.0, 517.0, 99493.0
1.0, 0.0, 0.0, 1.0, 2.0, 2.0, 3.0, 2.0, 1.0, 1.0, 3.0, 0.0, 3.0, 0.0, -1.0, 1.0, 3.0, 1.0, 0.0, 0.0, 3.0, -1.0, -1.0, 0.0, -1.0, -1.0, 0.0, 3.0, 2.0, 0.0, 1.0, 2.0, 0.0, 1.0, -1.0, -1.0, 2.0, 3.0, 2.0, 0.0, 1.0, -1.0, -1.0, 3.0, 1.0, 1.0, 0.0, 1.0, 0.0, 1.0, 96550.0, 562.0, 99443.0
0.0, 1.0, 1.0, 1.0, -1.0, 2.0, 0.0, 0.0, -1.0, 3.0, 1.0, 1.0, -1.0, -1.0, -1.0, 0.0, -1.0, 1.0, 3.0, -1.0, 0.0, 0.0, -1.0, 2.0, -1.0, -1.0, 2.0, 3.0, 2.0, 0.0, 1.0, 0.0, 1.0, 2.0, 2.0, 3.0, 0.0, -1.0, -1.0, -1.0, 1.0, -1.0, 2.0, 3.0, -1.0, 3.0, 0.0, 0.0, -1.0, 2.0, 97070.0, 474.0, 99542.0
1.0, 0.0, 0.0, 1.0, 2.0, 2.0, 3.0, 2.0, 1.0, 1.0, 3.0, 0.0, 3.0, 0.0, -1.0, 1.0, 3.0, 1.0, 0.0, 0.0, 3.0, -1.0, -1.0, 0.0, -1.0, -1.0, 0.0, 3.0, 2.0, 0.0, 1.0, 2.0, 0.0, 1.0, -1.0, -1.0, 2.0, 3.0, 2.0, 0.0, 1.0, -1.0, -1.0, 3.0, 1.0, 1.0, 0.0, 1.0, 0.0, 1.0, 96550.0, 562.0, 99443.0
3.0, 1.0, 1.0, 0.0, 0.0, 2.0, 1.0, 1.0, 1.0, 1.0, 0.0, 2.0, 1.0, 0.0, 3.0, 3.0, 1.0, 1.0, 1.0, 2.0, 2.0, 2.0, 0.0, 1.0, -1.0, 1.0, 3.0, 0.0, 0.0, 3.0, -1.0, 2.0, -1.0, 3.0, 0.0, -1.0, 2.0, 2.0, 0.0, 1.0, 3.0, -1.0, -1.0, 3.0, 0.0, 3.0, 2.0, 2.0, -1.0, 2.0, 96475.0, 600.0, 99423.0
