3.30360948913, 1.12377664411, 1.46089392181, 0.803422903534, 2.83000005437, 1.02215783444, 1.39738398425, 1.26000028597, 1.14000001894, 1.39352514168, 1.64807640319, 1.06272185049, 3.04000057166, 1.06031234194, 0.936580738433, 1.00000011576, 1.00000008356, 1.02570522275, 4.27863883637, 0.979723660215, 1.00000092951, 91.3002607073, 0.929634595799, 5.64937950731, 1.02347502219, 3.29000023111, 1.00000002268, 10.5252423589, 7.54759166297, 36.999608263, 2.9490616622
2.15160298502, 1.04675497778, 1.34859496209, 0.828225157383, 2.83000056952, 1.1459476665, 1.67684750736, 1.26000027957, 1.14000050752, 3.12748608144, 2.70189877477, 0.901904523291, 3.04000090832, 1.08469491526, 1.03889910001, 1.00000049332, 1.00000022427, 1.10703807911, 3.40149565146, 0.94396867327, 1.00000096344, 84.1254358708, 0.974513213172, 5.36450043971, 1.0027269061, 3.29000004955, 1.00000013797, 40.7641947237, 11.2926182913, 53.6448581296, 0.0
3.42711511802, 1.12216179522, 1.69776010823, 0.818901619939, 2.83000052119, 1.13151273503, 3.03876769352, 1.26000048165, 1.14000005595, 3.69893669148, 1.86252372055, 0.993487154771, 3.04000099758, 1.0873953883, 0.99873291277, 1.00000055326, 1.00000089566, 1.07788870998, 3.68910715515, 0.999757051789, 1.00000016183, 123.998938879, 0.841969004032, 3.4705788168, 1.00965884102, 3.29000022532, 1.00000004613, 34.4244956402, 7.41917499412, 33.5517450193, 3.75335120643
3.82178685726, 1.02359187551, 1.63890700293, 0.985947263911, 2.83000017228, 1.02911482749, 2.02139072767, 1.2600009201, 1.14000058184, 2.15142780458, 2.73839428086, 0.984214353648, 3.04000076847, 1.05356024431, 0.821718180692, 1.00000078892, 1.00000072158, 1.0038425285, 7.88907988072, 0.973215052443, 1.00000012056, 84.3460863669, 1.06381907928, 3.19361396191, 1.0203711497, 3.2900006681, 1.00000055052, 18.1836589268, 9.07382920326, 76.7448203238, 0.536193029491
3.84699743932, 1.06688295206, 1.4463019756, 0.817006584638, 2.83000021275, 0.991081791223, 2.58427834364, 1.26000015672, 1.14000043282, 2.43511504106, 1.81719465085, 1.08079729933, 3.04000053299, 1.11085984048, 0.870318833322, 1.00000030801, 1.00000030316, 1.09955823106, 8.55740459998, 0.916976401192, 1.00000076132, 106.460735189, 0.858356732836, 2.87531364032, 0.960830176031, 3.29000079464, 1.00000029677, 48.9072035179, 10.0090779455, 44.6631067691, 0.536193029491
2.8967004389, 1.01084429147, 1.4990385883, 0.899028323646, 2.83000089341, 0.948192886473, 5.98757076536, 1.26000095545, 1.14000023095, 2.79633977083, 2.12062836107, 1.07901033741, 3.0400001705, 1.11118557472, 1.02300515833, 1.00000068549, 1.00000060836, 1.01056637165, 8.15163070958, 0.985545041077, 1.00000006923, 119.545842246, 0.843128417907, 2.56799430844, 0.95273732518, 3.29000016648, 1.00000025822, 19.749759521, 6.449281873, 54.1720002119, 2.68096514745
2.26397341499, 1.09891901514, 1.67131596654, 0.96823618275, 2.8300006848, 1.04487397656, 4.21616755707, 1.26000012344, 1.14000084837, 2.73919613184, 2.43559429398, 1.09181055967, 3.04000079418, 1.06037964087, 1.02813086938, 1.00000031519, 1.00000072402, 1.00664419225, 3.43002296221, 0.999903497065, 1.00000013085, 91.9516085656, 1.0827093861, 2.15951576852, 1.02860691471, 3.29000083008, 1.00000004613, 26.3587203145, 7.07158707877, 83.8816367707, 3.75335120643
1.79387551933, 1.06372837383, 1.57089152173, 0.928497012226, 2.83000021591, 1.06920862211, 3.47263205944, 1.26000040855, 1.1400003612, 3.67283191399, 2.89546832195, 1.08883488991, 3.04000056927, 1.06834148941, 0.977550722009, 1.00000090259, 1.00000061614, 1.07087824719, 9.51843510929, 0.921731799584, 1.00000097444, 120.005907532, 1.04273609005, 4.24267462363, 1.00849222162, 3.29000076065, 1.00000021869, 20.3772123735, 6.58677465524, 380.707053065, 3.21715817694
1.39359074335, 1.13654278615, 1.34141889251, 0.941527019775, 2.8300006384, 1.05719318825, 1.50612750096, 1.26000059238, 1.14000058184, 1.45376547114, 1.59088902649, 1.01436341304, 3.04000099509, 1.11770351197, 0.869889480659, 1.00000066416, 1.00000033255, 1.05463387131, 9.57895891602, 0.934825708069, 1.0000006814, 98.5030263452, 1.07939692486, 1.80059463236, 0.964515450766, 3.29000057953, 1.00000086779, 33.9771307687, 9.19649749505, 139.266577752, 1.07238605898
2.43121980453, 1.08964631789, 1.58253768749, 0.987296205917, 2.83000044399, 0.99833649946, 1.82850521783, 1.26000020603, 1.14000048516, 2.89791225246, 2.60531521032, 0.906653001375, 3.04000027213, 1.03821521677, 0.99873291277, 1.00000079801, 1.00000071245, 1.07758209975, 4.53383148481, 0.999283139059, 1.00000071878, 110.881884986, 1.0522513998, 1.35520106353, 1.02905685933, 3.29000078668, 1.00000099685, 209.132945806, 18.67524711, 866.656919503, 0.0
1.73536351334, 1.05574709408, 1.38389031869, 0.836329606401, 2.83000086286, 1.0455299337, 4.48864970147, 1.26000072151, 1.14000071321, 1.30550861751, 1.85438559244, 0.88443358954, 3.04000053716, 1.1027665371, 1.08396825109, 1.00000031439, 1.00000011975, 1.00304555275, 7.35177140105, 0.968120873643, 1.00000079477, 110.633212728, 0.844711394778, 2.47062151197, 1.06409257209, 3.29000069753, 1.00000010878, 204.089867388, 25.2351518553, 262.099748451, 0.0
4.52181967342, 1.10721908333, 1.46133509721, 0.911628705869, 2.83000032953, 0.988552005603, 1.36371435641, 1.26000047854, 1.14000096497, 3.00298734427, 2.98576456567, 0.954842025539, 3.04000098314, 1.1126126126, 0.808386866771, 1.00000068717, 1.00000089481, 1.02501309794, 4.49189389181, 0.923176868627, 1.00000053835, 124.924528212, 0.910043209549, 2.13070777675, 1.04252862744, 3.2900004051, 1.00000022216, 205.558187507, 19.4904743001, 372.764338281, 0.0
3.88379833349, 1.02359187551, 1.47792622749, 0.978064295901, 2.83000017228, 1.02911482749, 2.02139072767, 1.26000024499, 1.14000058184, 2.15142780458, 2.75962726896, 0.984214353648, 3.04000076847, 1.05356024431, 0.917101387882, 1.00000039898, 1.00000072158, 1.02861108953, 6.11022325171, 0.973215052443, 1.00000012056, 84.3460863669, 1.06151001995, 3.75667029856, 1.06957700103, 3.29000048528, 1.00000023161, 72.7082760754, 13.3049372523, 450.629865408, 0.268096514745
4.52181967342, 1.10721908333, 1.5558884702, 0.950563194567, 2.83000032953, 0.988552005603, 1.36371435641, 1.26000047854, 1.14000094058, 3.00298734427, 2.92674835663, 0.954842025539, 3.04000099056, 1.09748279458, 1.05838379298, 1.00000052993, 1.00000074611, 1.02501309794, 5.19457586722, 0.923176868627, 1.00000080561, 123.982843001, 0.94491415733, 4.94779234223, 1.0290850886, 3.29000034959, 1.00000022216, 122.645901226, 11.1572641609, 123.600194843, 1.60857908847
3.42711511802, 1.10806055323, 1.39864366201, 0.818901619939, 2.83000046357, 0.891700121724, 4.61680621214, 1.26000032117, 1.14000052306, 2.93627695001, 2.68295440793, 0.913538700112, 3.04000089205, 1.04713309791, 1.03889910001, 1.00000096152, 1.0000000671, 1.05060605532, 8.44069321234, 0.943069304027, 1.00000001782, 81.8814957622, 1.05026407756, 5.89856248355, 1.02797200831, 3.29000022532, 1.00000021528, 63.9803965305, 10.6589600611, 131.053711666, 2.14477211796
4.10532530923, 1.04742123354, 1.34963994717, 0.971305014301, 2.83000024082, 0.903220443672, 2.44645877082, 1.26000044362, 1.14000025742, 3.67399442277, 2.28340088166, 1.00378585282, 3.04000013319, 1.07466495985, 0.941215748883, 1.00000016723, 1.00000020815, 1.04436858528, 9.19238532067, 0.998068472197, 1.00000088536, 102.959594785, 0.887450038341, 1.90022492803, 0.993900459155, 3.29000099325, 1.00000093296, 74.501959573, 18.1912158838, 73.8354436407, 0.536193029491
5.49833785372, 1.11717403666, 1.63137044406, 0.964931208435, 2.83000091427, 1.15685460228, 1.41682500974, 1.26000050674, 1.14000073816, 2.98472781452, 1.79942534796, 0.905826880289, 3.04000002894, 1.0692463637, 1.04285027862, 1.00000060334, 1.00000035016, 1.04774742151, 3.1639008283, 0.920451083014, 1.00000034183, 93.8473983872, 0.991362324269, 5.32345348342, 1.03724319724, 3.29000088227, 1.00000018992, 30.3714329652, 10.762216546, 154.78960066, 5.36193029491
1.29996765933, 1.10137164353, 1.42785195693, 0.958008211042, 2.83000018707, 0.902839651879, 4.73493246569, 1.26000025573, 1.1400009023, 2.51762078355, 2.15676551047, 1.015326057, 3.04000060801, 1.0593066759, 0.954153390347, 1.0000001571, 1.00000092919, 1.07963316958, 4.64177264555, 0.961826788118, 1.00000053835, 75.096416372, 1.02287003208, 4.59536072518, 1.00880882024, 3.29000058775, 1.00000030548, 261.20329925, 25.8886836709, 392.948414624, 0.0
3.42711511802, 1.12295734287, 1.39864366201, 0.818901619939, 2.83000046357, 0.891700121724, 4.61680621214, 1.26000052582, 1.14000052306, 2.93627695001, 3.119242176, 0.913538700112, 3.04000089205, 1.04713309791, 1.03889910001, 1.00000096152, 1.0000000671, 1.05060605532, 8.44069321234, 0.943069304027, 1.00000001782, 81.8814957622, 1.05026407756, 5.89856248355, 1.02797200831, 3.29000022532, 1.00000058697, 241.790816097, 27.0115775243, 734.593011583, 0.0
2.82386887584, 1.11358725257, 1.61748181681, 0.801154178455, 2.83000045934, 0.968937409675, 5.62714195279, 1.26000055268, 1.14000032982, 1.96842635711, 2.37842298603, 0.955168939589, 3.04000024484, 1.06534046289, 0.96997248742, 1.0000005715, 1.00000006528, 1.10162897934, 5.77809521083, 0.965537632133, 1.00000090084, 80.8797219253, 0.877315651357, 5.76923516137, 1.00817660513, 3.29000023937, 1.00000065983, 437.096042087, 20.2131058909, 4442.04112614, 0.0
5.11691014598, 1.12885826821, 1.65724242419, 0.943548451498, 2.83000058507, 0.978900387859, 3.56758355257, 1.26000063742, 1.14000097861, 3.04313817212, 2.26919578421, 0.880638505141, 3.04000003136, 1.08559055138, 0.918377371064, 1.00000028258, 1.00000038827, 1.09623020794, 8.00012016404, 0.989112993336, 1.00000098053, 98.4126080723, 1.08417720864, 1.76452517957, 0.984789228336, 3.2900008864, 1.00000072655, 276.080803446, 21.0187357704, 1196.90762884, 0.0
1.13331231404, 1.00704679534, 1.73973188132, 0.968353886895, 2.83000071589, 0.977560895725, 4.20996446905, 1.2600001005, 1.14000076601, 3.44491986545, 2.46594261209, 1.05854142797, 3.04000091296, 1.03248155837, 0.987284161875, 1.00000048726, 1.00000079951, 1.06879917562, 4.47783291523, 0.984989398055, 1.00000067445, 96.5784523428, 0.972070229137, 4.25078597079, 1.0190380144, 3.29000042855, 1.00000077717, 83.6212050475, 14.7535702231, 422.271575973, 0.536193029491
4.52181967342, 1.10721908333, 1.5558884702, 0.911628705869, 2.83000032953, 0.988552005603, 1.36371435641, 1.26000047854, 1.14000094058, 3.00298734427, 2.98576456567, 0.954842025539, 3.04000098314, 1.09748279458, 1.05838379298, 1.00000032917, 1.00000089481, 1.02501309794, 5.19457586722, 0.923176868627, 1.00000053835, 123.815064477, 0.910043209549, 5.07593945984, 1.0290850886, 3.2900004051, 1.00000022216, 38.507127094, 9.58904716033, 245.414166694, 5.63002680965
2.26397341499, 1.09891901514, 1.67131596654, 0.96823618275, 2.8300006848, 1.04487397656, 4.21616755707, 1.26000012344, 1.14000084837, 2.73919613184, 2.43559429398, 1.09181055967, 3.04000079418, 1.06037964087, 0.941601204727, 1.00000016502, 1.00000072402, 1.00664419225, 9.51843510929, 0.999903497065, 1.00000013085, 91.9516085656, 1.0827093861, 2.15951576852, 1.02860691471, 3.29000060169, 1.00000004613, 76.3267322593, 9.54636640209, 371.895814467, 4.28954423592
1.11067060997, 1.04759208484, 1.56513459605, 0.982595577819, 2.83000015841, 0.91637368748, 5.14425348072, 1.26000070844, 1.14000078091, 1.82621123383, 2.58410902702, 1.01787749298, 3.04000086678, 1.11798146117, 0.794248724374, 1.00000093061, 1.00000086268, 1.05018888574, 7.88648880587, 0.952150951035, 1.0000003669, 97.0261577241, 1.00349353423, 3.40056132566, 1.00349219866, 3.29000074536, 1.00000007943, 74.6560635245, 9.70019138643, 265.909372089, 5.63002680965
4.52181967342, 1.05086820195, 1.5558884702, 0.83112262963, 2.83000032953, 0.988552005603, 2.20059316645, 1.26000047854, 1.14000094058, 3.00298734427, 2.92674835663, 0.954842025539, 3.04000099056, 1.09748279458, 1.05838379298, 1.00000052993, 1.00000074611, 1.02501309794, 5.19457586722, 0.923176868627, 1.00000080561, 123.982843001, 0.94491415733, 3.15176818107, 1.0290850886, 3.29000047744, 1.00000017632, 809.60770846, 26.4898667423, 771.319702454, 0.0
5.86172996339, 1.123527154, 1.59763191339, 0.979608514411, 2.83000084825, 0.976624245864, 1.90014623997, 1.26000036083, 1.14000022766, 3.50849546512, 1.93915172252, 0.975398422523, 3.04000048574, 1.06841900394, 1.05533397572, 1.00000009497, 1.00000047636, 1.0933040047, 3.07743309251, 0.974070339904, 1.00000079903, 87.8494628388, 0.870285780892, 1.14829365541, 1.04246347122, 3.29000087504, 1.00000002724, 70.1776377219, 9.55637743828, 512.473391967, 6.97050938338
3.14632335187, 1.06444728915, 1.67680528809, 0.828028708691, 2.83000031311, 1.10025206947, 3.38360740982, 1.26000086655, 1.14000049101, 1.55455019335, 2.75809738257, 1.01786113998, 3.04000004035, 1.06037964087, 1.07962443002, 1.0000008273, 1.00000090648, 1.05996982043, 6.55637758124, 0.985951942825, 1.00000088644, 89.7431533106, 0.872829092011, 5.27078020497, 1.05246472208, 3.29000018667, 1.00000091184, 510.481830889, 24.8169846594, 2364.63895767, 0.0
2.67381756367, 1.07091383076, 1.46413319472, 0.88868608477, 2.83000041268, 0.972697708872, 4.16250287593, 1.26000046022, 1.14000092208, 1.55742858527, 2.3322731381, 0.997510045609, 3.04000018275, 1.11146651975, 0.959289954058, 1.00000050574, 1.00000036539, 1.00139495734, 4.01620940117, 0.996615770198, 1.0000001027, 89.764665875, 1.00335172913, 3.09278345544, 0.966468104023, 3.29000079349, 1.00000057926, 623.788589618, 22.2404071873, 2436.78885414, 0.0
4.78596887171, 1.077874613, 1.40465368176, 0.86864197073, 2.83000035055, 1.06578128713, 5.96063293031, 1.26000039057, 1.14000036132, 2.10114020306, 1.56914765558, 1.01896681768, 3.04000030685, 1.0900752106, 1.08053501488, 1.00000075663, 1.00000013144, 1.064012974, 4.95252035639, 0.96970849154, 1.00000042121, 100.708721068, 1.0154408662, 4.55308476977, 1.032876117, 3.29000037534, 1.00000021474, 43.3659594337, 16.2087345797, 377.296672848, 3.21715817694
3.80214666858, 1.1206722803, 1.68439649364, 0.88091659894, 2.83000064359, 1.09842995239, 4.51006798267, 1.26000032924, 1.14000058134, 3.010092056, 3.119242176, 1.06292702197, 3.04000063896, 1.04197439802, 0.97997650831, 1.00000052157, 1.00000068256, 1.10529579591, 4.76587584568, 0.955882579439, 1.00000011839, 115.302969765, 0.980565252605, 3.47448981703, 0.977923161014, 3.29000069522, 1.00000056145, 89.7535579324, 10.4048821756, 391.645814604, 3.48525469169
4.8180446268, 1.10358063147, 1.35615423443, 0.865887858789, 2.83000059962, 1.15893871208, 4.48824714749, 1.26000070437, 1.14000045834, 2.0479393095, 3.04116792, 0.975028711704, 3.0400005291, 1.11893205907, 0.880265936118, 1.00000058064, 1.00000062995, 1.01792604358, 4.11280899775, 0.97350161192, 1.00000055441, 110.477503972, 0.873902820369, 4.81304371593, 0.997411514281, 3.29000002419, 1.00000053165, 55.4966387294, 12.7766243981, 366.176637399, 1.34048257373
4.52181967342, 1.10721908333, 1.5558884702, 0.911628705869, 2.83000032953, 0.988552005603, 1.36371435641, 1.26000047854, 1.14000094058, 3.00298734427, 2.98576456567, 0.954842025539, 3.04000098314, 1.09748279458, 1.05838379298, 1.00000032917, 1.00000089481, 1.02501309794, 5.19457586722, 0.934813680856, 1.00000053835, 123.815064477, 0.910043209549, 5.07593945984, 1.0290850886, 3.2900004051, 1.00000022216, 73.5715208119, 18.6317709602, 229.605860611, 1.07238605898
2.87731069613, 1.07091383076, 1.46413319472, 0.88868608477, 2.83000041268, 0.972697708872, 4.16250287593, 1.26000046022, 1.14000092208, 2.26886588026, 3.10518698514, 0.997510045609, 3.04000018275, 1.11146651975, 0.959289954058, 1.00000050574, 1.00000036539, 1.00139495734, 4.01620940117, 0.996615770198, 1.0000001027, 89.764665875, 1.00335172913, 3.09278345544, 0.966468104023, 3.29000079349, 1.00000057926, 88.578920913, 11.470485208, 176.6212683, 1.60857908847
3.85001442587, 1.13377146763, 1.58417249658, 0.804621635293, 2.83000065246, 0.956205546632, 5.61636324917, 1.2600000599, 1.14000066367, 1.76043305346, 2.67489386321, 1.05415433276, 3.04000045885, 1.04253452319, 0.839629195111, 1.00000085759, 1.00000030051, 1.00173416604, 9.02139340345, 0.923264935376, 1.00000004004, 118.388886696, 0.916221401554, 4.41046978948, 1.02392999966, 3.29000098629, 1.00000004139, 65.7629345424, 18.9783223071, 124.268526197, 3.48525469169
2.26397341499, 1.09891901514, 1.62971812777, 0.96823618275, 2.8300006848, 1.13151273503, 4.21616755707, 1.26000012344, 1.14000084837, 2.73919613184, 2.14392389377, 1.09181055967, 3.04000079418, 1.06037964087, 1.02813086938, 1.00000031519, 1.00000072402, 1.00664419225, 3.43002296221, 0.999757051789, 1.00000013085, 91.9516085656, 1.0827093861, 1.24061581301, 1.02860691471, 3.29000083008, 1.00000004613, 315.044804373, 27.5744225334, 795.822905467, 0.0
3.82178685726, 1.02302322731, 1.47792622749, 0.978064295901, 2.83000017228, 0.988475718167, 2.20059316645, 1.26000024499, 1.14000058184, 2.15142780458, 2.73839428086, 0.984214353648, 3.04000076847, 1.05356024431, 0.917101387882, 1.00000039898, 1.00000072158, 1.02861108953, 7.23288430031, 0.973215052443, 1.00000046812, 84.3460863669, 1.00187314382, 3.75667029856, 1.0290850886, 3.29000048528, 1.00000075939, 111.76973853, 11.1911185126, 364.062332918, 3.21715817694
3.79302368155, 1.1206722803, 1.68439649364, 0.865887858789, 2.83000064359, 1.09842995239, 4.51006798267, 1.26000032924, 1.14000058134, 3.010092056, 3.119242176, 1.06292702197, 3.04000063896, 1.04197439802, 0.97997650831, 1.00000052157, 1.00000068256, 1.10529579591, 4.76587584568, 0.955882579439, 1.00000011839, 115.302969765, 0.980565252605, 3.47448981703, 0.977923161014, 3.29000069522, 1.00000056145, 59.3320335601, 10.7102959889, 186.365457815, 5.63002680965
3.97049850102, 1.04742123354, 1.34963994717, 0.971305014301, 2.83000024082, 0.903220443672, 4.82663443481, 1.26000044362, 1.14000025742, 3.67399442277, 2.28340088166, 1.00378585282, 3.04000013319, 1.07466495985, 0.987284161875, 1.00000016723, 1.00000092919, 1.04436858528, 9.19238532067, 0.998068472197, 1.00000088536, 102.959594785, 0.887450038341, 1.90022492803, 1.05671810518, 3.29000079789, 1.00000093296, 857.02492746, 23.4537915942, 2924.03926793, 0.0
3.84699743932, 1.06688295206, 1.40957183748, 0.817006584638, 2.83000021275, 0.991081791223, 2.58427834364, 1.26000015672, 1.14000043282, 2.11355417921, 1.81719465085, 1.08079729933, 3.04000053299, 1.09091437123, 0.870318833322, 1.00000030801, 1.00000030316, 1.09955823106, 8.55740459998, 0.916976401192, 1.00000076132, 121.106365801, 0.858356732836, 1.08769013407, 0.960830176031, 3.29000079464, 1.00000029677, 579.190188997, 33.3617686007, 726.801714046, 0.268096514745
1.29996765933, 1.10137164353, 1.3989171098, 0.955834198751, 2.83000017228, 0.902839651879, 4.73493246569, 1.26000025573, 1.1400009023, 2.51762078355, 2.15676551047, 1.015326057, 3.04000060801, 1.0593066759, 0.954153390347, 1.0000001571, 1.00000092919, 1.07963316958, 4.64177264555, 0.961826788118, 1.00000053835, 75.096416372, 1.02287003208, 4.59536072518, 1.00880882024, 3.29000058775, 1.00000030548, 454.048010498, 24.9682449663, 3227.60526485, 0.268096514745
4.52181967342, 1.11640477058, 1.5558884702, 0.911628705869, 2.83000032953, 0.988552005603, 1.36371435641, 1.26000047854, 1.14000094058, 3.00298734427, 2.98576456567, 0.954842025539, 3.04000098314, 1.09748279458, 0.942113878582, 1.00000032917, 1.00000089481, 1.02501309794, 5.19457586722, 0.923176868627, 1.00000059381, 79.6504640454, 0.959455082334, 4.64424587214, 1.0290850886, 3.2900004051, 1.00000022216, 60.5735780446, 12.7841300512, 940.534518883, 2.14477211796
2.11410721667, 1.05531929323, 1.59261801832, 0.97508516232, 2.83000078074, 1.02636507455, 2.63397372568, 1.26000047073, 1.14000055015, 3.00545879322, 2.00055391042, 1.05082555892, 3.04000000536, 1.07762671369, 0.796381371584, 1.00000098057, 1.00000070956, 1.04127508937, 4.97554683358, 0.924989483305, 1.00000015047, 120.31480051, 0.930222062662, 5.73058199571, 1.05128705414, 3.29000063323, 1.00000054315, 134.657885446, 17.1278772239, 1314.93297494, 0.804289544236
1.1447584029, 1.04932591399, 1.41472290868, 0.804925194905, 2.83000006988, 0.93482017464, 2.15155669942, 1.26000099995, 1.14000027366, 3.37825972323, 2.44199747678, 0.984013528402, 3.04000081912, 1.09240906061, 1.05422731559, 1.00000024135, 1.00000002443, 1.04223425389, 3.76459920767, 0.930348692159, 1.00000046549, 75.5179713931, 0.924853385565, 5.50619346374, 1.01662004782, 3.29000010006, 1.00000089389, 652.013241956, 22.6317155333, 5250.7350105, 0.0
4.49798896643, 1.02840370532, 1.68085239327, 0.813018963289, 2.83000066791, 0.86663117994, 5.84738100743, 1.26000058873, 1.14000077979, 3.37196133736, 3.11671930397, 1.07835739578, 3.04000088077, 1.09225852353, 1.04251085617, 1.00000073255, 1.00000058532, 1.00703632171, 6.71620797195, 0.998104031421, 1.00000093255, 107.671494011, 0.962278934668, 5.17120463077, 0.964638069727, 3.29000054697, 1.00000043025, 770.213259754, 22.9306985715, 4981.37950517, 0.0
2.69858154697, 1.12232977844, 1.41568720339, 0.90656687446, 2.83000067892, 1.03289832171, 4.85589683395, 1.26000063292, 1.14000081193, 2.82738449289, 1.62846407676, 0.944446114964, 3.04000087077, 1.05006786164, 1.01440115305, 1.00000092631, 1.00000059234, 1.07299485253, 9.1688440884, 0.929052683401, 1.00000081198, 93.8425677673, 0.900865352651, 1.7081587144, 1.03246120877, 3.29000049487, 1.00000023906, 580.183580719, 25.6681108375, 2938.41341943, 0.0
2.35361407923, 1.01071063897, 1.69468921078, 0.939935123444, 2.83000086386, 1.03814467424, 3.00089847042, 1.2600007113, 1.14000096432, 3.37490013792, 2.06037561733, 1.00852331513, 3.04000059471, 1.09921525042, 0.909460381038, 1.00000049614, 1.00000061492, 1.01903164503, 4.21870601151, 0.938640769098, 1.00000043006, 106.668305022, 0.893841407989, 3.67929381939, 1.0083064773, 3.29000042099, 1.00000076478, 265.080774094, 29.0070356748, 2030.47388509, 0.0
3.66105177314, 1.06688295206, 1.57167957233, 0.817006584638, 2.83000031758, 0.991081791223, 2.7382454914, 1.26000015672, 1.14000043282, 1.26425971826, 1.81719465085, 1.08079729933, 3.04000053299, 1.10504085428, 0.870318833322, 1.00000030801, 1.00000030316, 1.09955823106, 8.55740459998, 0.916976401192, 1.00000076132, 106.460735189, 0.888132783971, 2.87531364032, 0.960830176031, 3.29000079464, 1.00000029677, 626.678344454, 26.5734735406, 2199.87515505, 0.0
3.84699743932, 1.04655289187, 1.68033805391, 0.965145223259, 2.8300001638, 1.10190538699, 2.36988040533, 1.26000038869, 1.14000028191, 1.90151081394, 2.33795247908, 0.955064503509, 3.04000010901, 1.05795034555, 1.02356631511, 1.00000024501, 1.0000009318, 1.10082494841, 6.6420118843, 0.947192287262, 1.00000070116, 83.467385827, 0.862411507332, 3.23488130616, 0.969726283072, 3.29000077019, 1.00000046786, 784.471087013, 23.1007236844, 4089.11982627, 0.268096514745
4.52181967342, 1.10721908333, 1.5558884702, 0.950563194567, 2.83000032953, 0.988552005603, 1.36371435641, 1.26000047854, 1.14000094058, 3.00298734427, 2.92674835663, 0.954842025539, 3.04000098314, 1.09748279458, 1.05838379298, 1.00000032917, 1.00000089481, 1.02501309794, 5.19457586722, 0.923176868627, 1.00000080561, 123.815064477, 0.94491415733, 4.94779234223, 1.0290850886, 3.29000034959, 1.00000022216, 80.2032634141, 18.919325537, 267.714566263, 1.07238605898
3.82178685726, 1.02302322731, 1.47792622749, 0.978064295901, 2.83000017228, 1.02911482749, 2.02139072767, 1.26000024499, 1.14000058184, 2.15142780458, 2.73839428086, 0.984214353648, 3.04000076847, 1.05356024431, 0.917101387882, 1.00000039898, 1.00000072158, 1.02861108953, 7.98839572362, 0.973215052443, 1.00000012056, 84.3460863669, 1.00187314382, 3.75667029856, 1.01680715738, 3.29000048528, 1.00000075939, 967.174385346, 37.6430150026, 860.198267923, 0.0
3.84699743932, 1.06864225665, 1.69304496336, 0.965145223259, 2.8300001638, 1.10190538699, 2.36988040533, 1.26000038869, 1.14000082794, 1.90151081394, 3.01041589947, 0.955064503509, 3.04000010901, 1.05795034555, 1.04118242581, 1.00000024501, 1.0000009318, 1.10082494841, 6.6420118843, 0.937433220228, 1.00000070116, 91.9516085656, 0.855867894267, 3.23488130616, 0.969726283072, 3.29000085216, 1.00000046786, 81.970895991, 14.2673996344, 529.217851714, 1.87667560322
5.49833785372, 1.11717403666, 1.63137044406, 0.964931208435, 2.83000091427, 1.15685460228, 1.41682500974, 1.26000050674, 1.14000073816, 3.35536318077, 1.79942534796, 0.905826880289, 3.04000002894, 1.0692463637, 1.04285027862, 1.00000060334, 1.00000035016, 1.04774742151, 3.1639008283, 0.926539297952, 1.00000034183, 92.9718382649, 0.991362324269, 5.32345348342, 0.95759804455, 3.29000041778, 1.00000018992, 148.396618633, 23.0781379646, 493.139664042, 0.536193029491
5.77331115941, 1.04938066752, 1.60702190225, 0.803221322309, 2.83000060786, 1.12471982218, 1.97225080099, 1.26000075637, 1.14000060072, 2.31014582861, 2.66177459628, 0.887948575554, 3.04000010813, 1.06404202263, 0.908418057985, 1.00000041442, 1.00000099361, 1.02278828871, 9.08408974468, 0.977835448428, 1.00000061169, 76.4799262089, 0.921214649858, 3.39373068978, 1.01500368161, 3.29000092059, 1.00000051186, 182.777739166, 12.5392766199, 173.92082202, 2.68096514745
4.52181967342, 1.10721908333, 1.5558884702, 0.911628705869, 2.83000032953, 0.988552005603, 1.36371435641, 1.26000047854, 1.14000094058, 3.00298734427, 2.98576456567, 0.954842025539, 3.04000098314, 1.09748279458, 1.05838379298, 1.00000032917, 1.00000089481, 1.02501309794, 5.19457586722, 0.923176868627, 1.00000059381, 123.815064477, 0.94491415733, 5.07593945984, 1.0290850886, 3.2900004051, 1.00000022216, 135.549231316, 11.9548401144, 566.624441781, 2.41286863271
3.66105177314, 1.06441685339, 1.57167957233, 0.817006584638, 2.83000031758, 0.991081791223, 2.7382454914, 1.26000015672, 1.14000043282, 1.24558946668, 1.81719465085, 1.08079729933, 3.04000083631, 1.10504085428, 0.870318833322, 1.00000030801, 1.00000030316, 1.09955823106, 9.55998738511, 0.916976401192, 1.00000076132, 106.460735189, 0.888132783971, 2.87531364032, 0.960830176031, 3.2900008568, 1.00000073399, 301.397215625, 28.0037855926, 2879.43656302, 0.0
3.80214666858, 1.1206722803, 1.68439649364, 0.88091659894, 2.83000064359, 1.09842995239, 4.51006798267, 1.26000032924, 1.14000057879, 3.010092056, 2.68295440793, 1.06292702197, 3.04000021579, 1.04197439802, 0.97997650831, 1.00000052157, 1.00000068256, 1.10529579591, 4.76587584568, 0.999183688976, 1.00000011839, 115.302969765, 0.980565252605, 3.47448981703, 0.977923161014, 3.29000069522, 1.00000056145, 112.378360364, 10.6598312302, 949.475187908, 6.97050938338
5.98868769292, 1.123527154, 1.59763191339, 0.979608514411, 2.83000065714, 0.976624245864, 5.27665679606, 1.26000036083, 1.14000022766, 3.58112760818, 1.93915172252, 0.975398422523, 3.04000048574, 1.06841900394, 1.03010262205, 1.00000060334, 1.00000047636, 1.0933040047, 3.07743309251, 0.974070339904, 1.000000793, 87.8494628388, 0.870285780892, 1.14829365541, 1.04246347122, 3.29000041778, 1.00000002724, 150.118496428, 23.4069249337, 213.084232119, 1.87667560322
4.52181967342, 1.10721908333, 1.5558884702, 0.911628705869, 2.83000032953, 0.988552005603, 1.36371435641, 1.26000047854, 1.14000094058, 3.00298734427, 2.98576456567, 0.954842025539, 3.04000098314, 1.09748279458, 0.987284161875, 1.00000032917, 1.00000089481, 1.02501309794, 5.19457586722, 0.923176868627, 1.00000053835, 104.242236193, 0.910043209549, 5.07593945984, 1.0290850886, 3.2900004051, 1.00000010622, 99.7434347348, 10.8959177734, 1108.21026339, 6.70241286863
4.52181967342, 1.10721908333, 1.5558884702, 0.950563194567, 2.83000032953, 0.981335165335, 1.36371435641, 1.2600000509, 1.14000094058, 2.95705942032, 3.10535682665, 0.954842025539, 3.04000098314, 1.09748279458, 1.05838379298, 1.000000673, 1.00000089481, 1.02501309794, 8.88946795574, 0.923176868627, 1.00000080561, 123.815064477, 0.94491415733, 4.94779234223, 1.0290850886, 3.29000034959, 1.00000019844, 112.847418734, 11.103928103, 1070.94975016, 6.97050938338
3.97049850102, 1.04742123354, 1.34963994717, 0.971305014301, 2.83000024082, 0.903220443672, 2.44645877082, 1.26000044362, 1.14000025742, 3.67399442277, 2.28340088166, 1.00378585282, 3.04000013319, 1.07466495985, 0.987284161875, 1.00000016723, 1.00000020815, 1.04436858528, 9.19238532067, 0.998068472197, 1.00000088536, 102.959594785, 0.887450038341, 1.90022492803, 0.993900459155, 3.29000099325, 1.00000093296, 1110.69896591, 30.264209161, 1191.63115296, 0.0
2.8967004389, 1.01084429147, 1.4990385883, 0.899028323646, 2.83000089341, 0.948192886473, 5.98757076536, 1.26000095545, 1.14000023095, 2.79633977083, 2.12062836107, 1.07901033741, 3.0400001705, 1.11118557472, 1.02300515833, 1.00000068549, 1.00000060836, 1.01056637165, 8.15163070958, 0.985545041077, 1.00000006923, 119.545842246, 0.843128417907, 2.56799430844, 0.95273732518, 3.29000016648, 1.00000000017, 189.826680461, 18.4543015462, 642.997826196, 1.07238605898
3.42711511802, 1.12216179522, 1.69776010823, 0.818901619939, 2.83000052119, 1.06973323216, 3.03876769352, 1.26000048165, 1.14000005595, 3.32104457503, 1.86252372055, 0.993487154771, 3.04000099758, 1.0873953883, 0.99873291277, 1.00000055326, 1.00000089566, 1.07788870998, 3.68910715515, 0.997204082516, 1.00000016183, 123.998938879, 0.841969004032, 3.4705788168, 1.00965884102, 3.29000022532, 1.00000000238, 536.376758887, 19.3221921926, 2239.42934231, 0.536193029491
1.1447584029, 1.04932591399, 1.41472290868, 0.908938353125, 2.83000000258, 0.93482017464, 2.15155669942, 1.26000099995, 1.14000027366, 3.37825972323, 2.73839428086, 0.984013528402, 3.04000081912, 1.09240906061, 1.05422731559, 1.00000031519, 1.00000002443, 1.04223425389, 3.76459920767, 0.920371551249, 1.00000046549, 77.3493180474, 1.06151001995, 5.77058826834, 1.06957700103, 3.29000010006, 1.00000089389, 868.6489357, 27.5520288763, 1402.09437115, 0.0
5.10505898109, 1.118759593, 1.35128370366, 0.986750472452, 2.83000066587, 1.15064164424, 1.77285921127, 1.26000083599, 1.1400005877, 2.93724951327, 1.75728541841, 0.976403428181, 3.04000068216, 1.05227294399, 0.987590989237, 1.00000079236, 1.00000031384, 1.00028824087, 3.37833966996, 0.936827756407, 1.00000009149, 87.0313131811, 1.03329219618, 4.00128400479, 1.00152212317, 3.29000034057, 1.00000032521, 195.38534505, 17.7167032203, 368.663303644, 2.14477211796
2.91307419947, 1.13007928811, 1.36705788341, 0.909780157721, 2.83000026674, 1.04423209598, 1.41395709973, 1.26000066, 1.14000087972, 1.94056843893, 1.90230627463, 1.05810815172, 3.04000090804, 1.08322114626, 1.07069690805, 1.00000078892, 1.00000092494, 1.0038425285, 4.24716943678, 0.995594615137, 1.0000009001, 87.4082350089, 1.07524909176, 1.02294271196, 1.06212951323, 3.29000042802, 1.00000052782, 788.289688871, 27.717308748, 1876.47163934, 0.0
3.66105177314, 1.06688295206, 1.57167957233, 0.817006584638, 2.83000031758, 0.991081791223, 2.38315043127, 1.26000015672, 1.14000043282, 1.26425971826, 1.81719465085, 1.08079729933, 3.04000053299, 1.10504085428, 0.870318833322, 1.00000030801, 1.00000064851, 1.09955823106, 8.55740459998, 0.916976401192, 1.00000076132, 106.460735189, 0.888132783971, 2.87531364032, 0.960830176031, 3.29000079464, 1.00000083307, 552.929277623, 34.4697074697, 1649.04054104, 0.0
3.14632335187, 1.12842039021, 1.68216691251, 0.828028708691, 2.83000031311, 1.10025206947, 3.38360740982, 1.26000086655, 1.14000017634, 2.27665076878, 2.75809738257, 1.01883126532, 3.04000099758, 1.06037964087, 1.07962443002, 1.0000008273, 1.00000090648, 1.05996982043, 3.68910715515, 0.985951942825, 1.00000088644, 89.7431533106, 0.872829092011, 2.26024972077, 1.05246472208, 3.29000018667, 1.00000091184, 315.625805799, 28.9969102064, 941.701925138, 0.268096514745
1.1447584029, 1.04932591399, 1.41472290868, 0.909780157721, 2.83000000258, 0.93482017464, 2.82713410642, 1.26000099995, 1.14000027366, 3.37825972323, 2.73839428086, 0.984013528402, 3.04000081912, 1.11714075172, 1.05422731559, 1.00000031519, 1.00000002443, 1.04223425389, 3.76459920767, 0.920371551249, 1.00000046549, 77.3493180474, 1.06151001995, 5.77058826834, 1.06957700103, 3.29000010006, 1.0000006441, 109.249770074, 11.3864747245, 369.210040344, 7.77479892761
2.82386887584, 1.11358725257, 1.61748181681, 0.801154178455, 2.83000040934, 0.968937409675, 5.62714195279, 1.26000055268, 1.14000032982, 1.96842635711, 2.37842298603, 0.955168939589, 3.04000024484, 1.06534046289, 0.96997248742, 1.00000071312, 1.00000006528, 1.10162897934, 5.77809521083, 0.965537632133, 1.0000009097, 80.8797219253, 0.930222062662, 5.76923516137, 1.00817660513, 3.29000023937, 1.00000065983, 264.985252937, 26.2078213348, 337.972747144, 1.34048257373
5.49833785372, 1.11717403666, 1.63137044406, 0.968450332133, 2.83000091427, 1.15685460228, 1.33064110222, 1.26000050674, 1.14000073816, 2.98472781452, 1.79942534796, 0.905826880289, 3.0400007636, 1.0692463637, 1.04285027862, 1.00000060334, 1.00000035016, 1.0832719265, 3.1639008283, 0.920451083014, 1.00000034183, 101.110356086, 0.896511184031, 5.32345348342, 1.03724319724, 3.29000088227, 1.00000093296, 115.359114391, 13.0290365372, 283.408847804, 3.75335120643
3.2790592699, 1.01657010503, 1.46046492704, 0.822511978489, 2.83000015383, 0.907785781169, 1.48485994622, 1.26000082627, 1.14000024351, 1.35111955159, 2.06213723166, 1.09305599803, 3.04000016852, 1.09214608638, 0.922098564552, 1.0000001342, 1.00000057527, 1.01097328065, 7.7970575861, 0.948717208167, 1.00000076736, 112.279538939, 0.981825261924, 4.59512670454, 1.05679967548, 3.29000074811, 1.00000090172, 129.71029643, 11.4000270881, 453.487571485, 3.21715817694
3.42711511802, 1.12216179522, 1.69776010823, 0.804925194905, 2.83000052119, 1.06973323216, 3.73449753936, 1.26000048165, 1.14000005595, 1.94413025426, 2.37842298603, 0.993487154771, 3.04000099758, 1.0873953883, 1.08264788498, 1.00000055326, 1.00000089566, 1.07788870998, 3.68910715515, 0.997204082516, 1.00000090084, 123.998938879, 0.841969004032, 3.4705788168, 1.00965884102, 3.29000022532, 1.00000000238, 199.988285429, 18.2235970372, 665.746620593, 1.34048257373
5.49833785372, 1.11717403666, 1.63137044406, 0.964931208435, 2.83000091427, 1.15685460228, 1.33064110222, 1.26000050674, 1.14000073816, 2.98472781452, 1.79942534796, 0.905826880289, 3.0400007636, 1.0692463637, 1.04285027862, 1.00000060334, 1.00000035016, 1.0832719265, 3.1639008283, 0.920451083014, 1.00000034183, 93.3045335687, 0.991362324269, 5.32345348342, 1.03724319724, 3.29000088227, 1.00000018992, 271.002778398, 21.0937624073, 2929.24505682, 0.536193029491
3.7113186621, 1.077874613, 1.45101747433, 0.857695617034, 2.83000035055, 1.06578128713, 5.96063293031, 1.26000039057, 1.14000036132, 3.00298734427, 1.59978979014, 1.01896681768, 3.04000030685, 1.0900752106, 1.08053501488, 1.00000075663, 1.00000022773, 1.09976237289, 9.10488597923, 0.96970849154, 1.00000042121, 100.708721068, 0.956062161668, 4.55308476977, 1.032876117, 3.29000037534, 1.0000002071, 81.1894888912, 20.606562638, 929.425310317, 1.87667560322
2.11410721667, 1.05531929323, 1.59261801832, 0.97508516232, 2.83000078074, 1.02636507455, 2.63397372568, 1.26000047073, 1.14000055015, 3.00545879322, 2.00055391042, 1.05082555892, 3.04000000536, 1.07762671369, 0.796381371584, 1.00000098057, 1.00000070956, 1.09542601673, 4.97554683358, 0.924989483305, 1.00000020876, 119.365976907, 0.930222062662, 5.73910521348, 1.05128705414, 3.29000063323, 1.00000054315, 85.9883140897, 19.7694514914, 532.020556994, 1.07238605898
3.82178685726, 1.02359187551, 1.63890700293, 0.978064295901, 2.83000017228, 1.02911482749, 2.02139072767, 1.2600009201, 1.14000058184, 2.15142780458, 2.73839428086, 0.984214353648, 3.04000076847, 1.05356024431, 0.917101387882, 1.00000078892, 1.00000072158, 1.0038425285, 7.88907988072, 0.973215052443, 1.00000012056, 84.3460863669, 1.00187314382, 3.19361396191, 1.00629442969, 3.2900006681, 1.00000055052, 220.906535598, 15.7248072827, 1145.10813245, 1.60857908847
4.52181967342, 1.13301148124, 1.46133509721, 0.911628705869, 2.83000032953, 0.988552005603, 1.36371435641, 1.26000047854, 1.14000096497, 3.00298734427, 2.98576456567, 0.954842025539, 3.04000098314, 1.1126126126, 0.903583144061, 1.00000068717, 1.00000089481, 1.02501309794, 4.49189389181, 0.923176868627, 1.00000053835, 124.924528212, 0.910043209549, 2.13070777675, 1.04252862744, 3.2900004051, 1.00000022216, 138.621866282, 16.7473972718, 1030.75974456, 1.60857908847
2.91307419947, 1.13007928811, 1.36705788341, 0.909780157721, 2.83000026674, 1.04423209598, 1.41395709973, 1.26000066, 1.14000087972, 1.94056843893, 1.90230627463, 1.05810815172, 3.04000090804, 1.08322114626, 1.07723132883, 1.00000078892, 1.00000092494, 1.0038425285, 4.24716943678, 0.995594615137, 1.00000042296, 87.4082350089, 1.07524909176, 1.74915294048, 1.06212951323, 3.29000042802, 1.00000052782, 544.010816613, 20.6301803073, 2519.18491282, 0.536193029491
1.1447584029, 1.04932591399, 1.41472290868, 0.804925194905, 2.83000002095, 0.93482017464, 2.15155669942, 1.26000099995, 1.14000027366, 3.37825972323, 2.73839428086, 0.984013528402, 3.04000081912, 1.09240906061, 1.05422731559, 1.00000039898, 1.00000002443, 1.04223425389, 3.76459920767, 0.920371551249, 1.00000046549, 77.3493180474, 1.06151001995, 5.50619346374, 1.06957700103, 3.29000010006, 1.00000089389, 322.033407059, 20.4072930184, 1953.71389281, 0.804289544236
3.42636166111, 1.07298307567, 1.52263970914, 0.902269364298, 2.83000017968, 1.10178193593, 5.76584697507, 1.26000005535, 1.14000075636, 3.10665155596, 2.2288932687, 0.904712860188, 3.04000025466, 1.05856336625, 0.811881284856, 1.00000019995, 1.00000035693, 1.02921412975, 3.99321270284, 0.956825523448, 1.00000077394, 119.488740834, 1.06440594985, 2.77145045327, 0.989421845198, 3.29000052275, 1.00000061705, 306.779011848, 17.5590510674, 1081.98325966, 1.60857908847
3.03392327754, 1.09891901514, 1.62971812777, 0.96823618275, 2.8300006848, 1.13151273503, 4.32150963561, 1.2600004101, 1.14000000754, 2.73919613184, 2.14392389377, 1.09181055967, 3.04000079418, 1.038093987, 0.97997650831, 1.00000031519, 1.00000047722, 1.00664419225, 3.43002296221, 0.999909050477, 1.00000013085, 91.9516085656, 1.0827093861, 3.47448981703, 1.06403303811, 3.29000083008, 1.00000004613, 563.550917656, 20.6826998681, 2820.25607548, 0.536193029491
1.4358856738, 1.02840370532, 1.68085239327, 0.814701085345, 2.83000066791, 0.86663117994, 5.84738100743, 1.26000076944, 1.14000077979, 1.48429416548, 2.84180301919, 1.07835739578, 3.04000086168, 1.09225852353, 1.04251085617, 1.00000073255, 1.00000058532, 1.00703632171, 6.71620797195, 0.998104031421, 1.00000088855, 107.671494011, 0.962278934668, 5.17120463077, 0.964638069727, 3.29000054697, 1.00000057593, 651.04966935, 26.0454613775, 832.767827036, 0.804289544236
5.58348320643, 1.05059210501, 1.41472290868, 0.804925194905, 2.83000025791, 0.93482017464, 2.15155669942, 1.26000099988, 1.14000027366, 3.37825972323, 2.44199747678, 0.984013528402, 3.04000081912, 1.0807086824, 1.05422731559, 1.00000024135, 1.00000003187, 1.04223425389, 3.76459920767, 0.930348692159, 1.00000046549, 75.5179713931, 0.924853385565, 5.50619346374, 1.01662004782, 3.29000010006, 1.00000089389, 408.43979703, 30.4416228869, 577.28809426, 0.536193029491
2.15160298502, 1.04675497778, 1.34859496209, 0.875924124168, 2.83000056952, 1.1459476665, 1.67684750736, 1.26000027957, 1.14000050752, 3.12748608144, 2.70189877477, 0.901904523291, 3.04000090832, 1.08469491526, 1.03889910001, 1.00000049332, 1.00000022427, 1.10703807911, 3.40149565146, 0.94396867327, 1.00000096344, 84.1254358708, 0.974513213172, 5.36450043971, 0.96769734062, 3.29000004955, 1.00000013797, 1064.18800485, 31.8470872122, 2051.85398149, 0.0
4.52181967342, 1.05086820195, 1.5558884702, 0.979608514411, 2.83000032953, 0.988552005603, 2.20059316645, 1.26000047854, 1.14000094058, 3.00298734427, 1.93915172252, 0.945543188688, 3.04000099056, 1.09748279458, 1.07049303293, 1.00000052993, 1.00000074611, 1.02501309794, 5.19457586722, 0.923176868627, 1.00000080561, 123.982843001, 0.94491415733, 3.15176818107, 1.0290850886, 3.29000047744, 1.00000017632, 394.333717173, 22.2360391691, 1363.76861112, 0.804289544236
3.66105177314, 1.06688295206, 1.57167957233, 0.817006584638, 2.83000031758, 0.991081791223, 2.38315043127, 1.26000015672, 1.14000043282, 1.26425971826, 1.81719465085, 1.08079729933, 3.04000053299, 1.10504085428, 0.870318833322, 1.00000030801, 1.00000064851, 1.09955823106, 8.55740459998, 0.971927628761, 1.00000076132, 106.460735189, 0.888132783971, 2.87531364032, 0.960830176031, 3.29000079464, 1.00000083307, 300.183429032, 21.4561891049, 420.19526166, 1.60857908847
3.42711511802, 1.12216179522, 1.69776010823, 0.818901619939, 2.83000052119, 1.13151273503, 3.03876769352, 1.26000048165, 1.14000005595, 3.69893669148, 1.86252372055, 0.993487154771, 3.04000099758, 1.0873953883, 0.99873291277, 1.00000055326, 1.00000089566, 1.07788870998, 3.68910715515, 0.999757051789, 1.00000016183, 123.998938879, 0.841969004032, 3.4705788168, 1.06768227457, 3.29000022532, 1.00000001722, 212.749447386, 15.4452633482, 3118.50793208, 2.14477211796
4.8180446268, 1.10358063147, 1.35615423443, 0.865887858789, 2.83000059962, 1.15893871208, 4.48824714749, 1.26000036083, 1.14000045834, 2.0479393095, 3.04116792, 0.975028711704, 3.04000020144, 1.11893205907, 0.880265936118, 1.00000058064, 1.00000062995, 1.01792604358, 4.11280899775, 0.97350161192, 1.00000055441, 110.477503972, 0.873902820369, 4.81304371593, 1.02937421862, 3.29000087504, 1.00000053165, 160.00530441, 17.6022790397, 1969.73921456, 1.87667560322
2.82386887584, 1.11358725257, 1.61748181681, 0.801154178455, 2.83000040934, 0.968937409675, 5.62714195279, 1.26000055268, 1.14000032982, 1.96842635711, 2.37842298603, 0.955168939589, 3.04000024484, 1.0663521421, 0.96997248742, 1.00000071312, 1.00000006528, 1.09976237289, 5.77809521083, 0.965537632133, 1.0000009097, 80.8797219253, 0.930222062662, 5.59749725845, 1.00817660513, 3.29000023937, 1.00000065983, 293.66207025, 14.3298619833, 1048.92852187, 2.68096514745
4.52181967342, 1.10721908333, 1.5558884702, 0.950563194567, 2.83000032953, 1.10762426087, 1.36371435641, 1.26000047854, 1.14000094058, 3.00298734427, 2.92674835663, 0.954842025539, 3.04000098314, 1.09748279458, 1.05838379298, 1.00000032917, 1.00000089481, 1.02501309794, 5.19457586722, 0.923176868627, 1.00000080561, 123.815064477, 0.94491415733, 4.94779234223, 1.0290850886, 3.29000034959, 1.00000022216, 851.661834078, 29.2635937864, 2124.21176936, 0.268096514745
3.84699743932, 1.06688295206, 1.4463019756, 0.817006584638, 2.83000021275, 1.0928708897, 2.58427834364, 1.26000015672, 1.14000043282, 2.43511504106, 1.81719465085, 1.08079729933, 3.04000053299, 1.06158846101, 0.870318833322, 1.00000030801, 1.00000030316, 1.09955823106, 8.55740459998, 0.916976401192, 1.00000076132, 106.460735189, 0.858356732836, 2.87531364032, 0.960830176031, 3.29000079464, 1.00000029677, 144.5732103, 13.7204153507, 582.300778201, 3.21715817694
3.82178685726, 1.02302322731, 1.47792622749, 0.978064295901, 2.83000017228, 1.02911482749, 2.02139072767, 1.26000024499, 1.14000058184, 2.15142780458, 2.73839428086, 0.984214353648, 3.04000076847, 1.05356024431, 0.917101387882, 1.00000039898, 1.00000072158, 1.02861108953, 7.23288430031, 0.973215052443, 1.00000012056, 84.3460863669, 1.00187314382, 3.75667029856, 1.01680715738, 3.29000048528, 1.00000075939, 1319.65398526, 46.4402580057, 1398.41203833, 0.268096514745
4.49798896643, 1.02840370532, 1.68085239327, 0.814701085345, 2.83000066791, 0.86663117994, 5.84738100743, 1.26000058873, 1.14000077979, 3.37196133736, 3.11671930397, 1.07835739578, 3.04000086168, 1.09225852353, 1.04251085617, 1.00000073255, 1.00000058532, 1.00703632171, 6.71620797195, 0.998104031421, 1.00000093255, 107.671494011, 0.962278934668, 5.17120463077, 0.964638069727, 3.29000054697, 1.00000043025, 180.742461102, 12.7352909455, 2136.14243422, 6.16621983914
3.66105177314, 1.04819736203, 1.57167957233, 0.817006584638, 2.83000031758, 0.991081791223, 2.38315043127, 1.26000015672, 1.14000043282, 1.26425971826, 1.81719465085, 1.08079729933, 3.04000053299, 1.10504085428, 0.870318833322, 1.00000030801, 1.00000064851, 1.09955823106, 8.55740459998, 0.916976401192, 1.00000076132, 106.460735189, 0.888132783971, 2.87531364032, 0.960830176031, 3.29000079464, 1.00000083307, 891.320752408, 36.5371737054, 2315.76765165, 0.0
2.35361407923, 1.01071063897, 1.73183343743, 0.939935123444, 2.83000086386, 1.03814467424, 2.9925592861, 1.2600007113, 1.14000067424, 3.37490013792, 1.56097956355, 0.981359555132, 3.04000059471, 1.09921525042, 0.909460381038, 1.00000019837, 1.00000061492, 1.01903164503, 4.21870601151, 0.970090430354, 1.00000010633, 106.668305022, 0.893841407989, 3.43325335748, 0.99009688576, 3.29000042099, 1.00000076478, 339.526861205, 17.7879803374, 1360.51764975, 1.60857908847
1.1447584029, 1.04932591399, 1.36147124132, 0.804925194905, 2.83000063692, 0.93482017464, 2.15155669942, 1.26000024203, 1.14000020467, 3.37825972323, 2.73839428086, 0.984013528402, 3.04000081912, 1.09240906061, 1.05422731559, 1.00000039898, 1.00000002443, 1.04223425389, 3.76459920767, 0.920371551249, 1.00000046549, 77.3493180474, 1.06151001995, 5.50619346374, 1.06957700103, 3.29000010006, 1.00000023161, 166.6325809, 12.1417920339, 885.038580549, 6.97050938338
1.03441188185, 1.04932591399, 1.41472290868, 0.804925194905, 2.83000000523, 0.93482017464, 2.15155669942, 1.26000099995, 1.14000027366, 3.37825972323, 2.57588621691, 0.984013528402, 3.04000081912, 1.09240906061, 1.05422731559, 1.00000024135, 1.00000002443, 1.04223425389, 3.76459920767, 0.954332087642, 1.00000046549, 75.5179713931, 0.853706318132, 1.61635649533, 1.01662004782, 3.29000010006, 1.00000089389, 213.51667863, 16.5922265909, 709.538194729, 2.68096514745
3.03392327754, 1.09891901514, 1.62971812777, 0.96823618275, 2.8300006848, 1.13151273503, 4.32150963561, 1.2600004101, 1.14000000754, 2.41741146338, 1.81102654533, 1.09181055967, 3.04000079418, 1.038093987, 0.97997650831, 1.00000031519, 1.00000047722, 1.00664419225, 3.3855737339, 0.999909050477, 1.00000013085, 91.9516085656, 1.0827093861, 3.47448981703, 1.06403303811, 3.29000083008, 1.00000004613, 258.321448521, 16.962212567, 1140.77782918, 2.41286863271
5.78086062795, 1.1224036036, 1.37054885561, 0.820143996277, 2.83000097109, 1.01513270164, 5.07432747646, 1.26000025306, 1.14000061311, 2.93523806213, 2.6938147489, 0.943871482219, 3.04000001741, 1.11807692368, 0.946453399347, 1.00000015007, 1.00000061738, 1.09552858928, 3.02809382641, 0.932445374215, 1.00000070589, 112.99069208, 0.878082457127, 1.18766065332, 1.00216757966, 3.29000072231, 1.00000040838, 266.402832524, 16.8809721613, 1533.51906469, 2.14477211796
