-1.0, -1.0, 3.0, -1.0, 1.0, 1.0, 2.0, 0.0, 2.0, -1.0, -1.0, 1.0, 2.0, 2.0, 2.0, 3.0, 0.0, 0.0, 1.0, 3.0, 2.0, 0.0, 1.0, -1.0, 0.0, 1.0, 3.0, 1.0, 1.0, 1.0, -1.0, 2.0, 3.0, -1.0, 0.0, 2.0, 2.0, 1.0, -1.0, 0.0, 2.0, 2.0, -1.0, 3.0, 3.0, 3.0, 0.0, 3.0, 0.0, 0.0, 94744.0, 567, 99531.0
2.0, 1.0, 3.0, 3.0, 2.0, -0.0163887517754, 3.0, -0.0594166501418, -0.971181265828, -0.984723700218, 2.0, 2.0, 2.96855740211, -0.985635021865, 1.0, 1.00728591793, 1.94418081966, 0.0, -0.985304407985, 1.98937626055, 3.0, 0.0, -0.048772726151, 0.0, 3.0, 1.9998737338, -1.0, 2.14299353859, 2.90610962935, -0.948485326544, 0.00869331160155, -0.95768938536, -1.0, 1.0, 0.0, 2.0, -0.959382616765, 1.01361757906, 2.97819888035, -1.0, -1.0, -0.0624328717896, 0.62222377978, 1.99938083707, -1.0, 0.959561548112, 1.0, -0.983344768908, 2.09128567994, 1.0, 94982.0, 560, 99550.0
-0.986855562504, -1.0, 3.0, -1.0, 0.989994193598, 0.964625468068, 2.0, 0.0, 2.00027315293, -0.0407657943982, -1.0, 1.0, 2.0, 0.997920855108, 1.94673371295, 3.0, 1.06023708859, 0.0, 0.985056657528, 3.0, 2.0, 0.0, 1.00651022861, -1.0, 0.00517743864671, -0.980253264924, 2.97722408793, 2.94444718856, 1.0, 2.99460079203, -1.0, -0.969812446693, 3.0, -1.0, 0.0, 2.04119041632, 2.0, 1.0, -0.012820878351, 6.8845768042e-05, 0.00170436193334, 2.0, -1.0, 0.994560765946, 2.97226625611, 0.959144466013, 1.91769767347, 3.0, 0.0, 0.0, 94491.0, 568, 99526.0
-0.986855562504, -1.0, 3.0, -1.0, 0.989994193598, 0.964625468068, 2.0, 0.0, 2.00027315293, -0.0407657943982, -1.0, 1.0, 2.0, 0.997920855108, 1.94673371295, 3.0, 1.06023708859, 0.0, 0.985056657528, 3.0, 2.0, 0.0, 1.00651022861, -1.0, 0.00517743864671, -0.980253264924, 2.97722408793, 2.94444718856, 1.0, 2.99460079203, -1.0, -0.969812446693, 3.0, -1.0, 0.0, 2.04119041632, 2.0, 1.0, -0.012820878351, 6.8845768042e-05, 0.00170436193334, 2.0, -1.0, 0.994560765946, 2.97226625611, 0.959144466013, 1.91769767347, 3.0, 0.0, 0.0, 94491.0, 568, 99526.0
-0.986855562504, -1.0, 3.0, -1.0, 0.989994193598, 0.964625468068, 2.0, 0.0, 2.00027315293, -0.0407657943982, -1.0, 1.04675011511, 2.0, 0.997920855108, 1.94673371295, 3.0, 1.06023708859, 0.0, 1.34710625358, 3.0, 2.0, 0.0, 1.00651022861, -1.0, 0.00517743864671, -0.980253264924, 2.97722408793, 2.94444718856, 1.0, 2.99460079203, -1.0, -0.969812446693, 3.0, -1.0, 0.0, 2.04119041632, 2.0, 1.0, -0.012820878351, 6.8845768042e-05, 0.00170436193334, 2.0, -1.0, 0.994560765946, 2.97226625611, 0.959144466013, 1.91769767347, 3.0, 0.0, 0.0, 94491.0, 568, 99526.0
-0.986855562504, -1.0, 3.0, -1.0, 0.989994193598, 0.964625468068, 2.0, 0.0, 2.00027315293, -0.0407657943982, -1.0, 1.04675011511, 2.0, 0.997920855108, 1.94673371295, 3.0, 1.06023708859, 0.0, 1.34710625358, 3.0, 2.0, 0.0, 1.00651022861, -1.0, 0.00517743864671, -0.980253264924, 2.97722408793, 2.94444718856, 1.0, 2.99460079203, -1.0, -0.969812446693, 3.0, -1.0, 0.0, 2.04119041632, 2.0, 1.0, -0.012820878351, 6.8845768042e-05, 0.00170436193334, 2.0, -1.0, 0.994560765946, 2.97226625611, 0.959144466013, 1.91769767347, 3.0, 0.0, 0.0, 94491.0, 568, 99526.0
-0.986855562504, -1.0, 3.0, -1.0, 0.989994193598, 0.964625468068, 2.0, 0.0, 2.00027315293, -0.0407657943982, -1.0, 1.04675011511, 2.0, 0.997920855108, 1.94673371295, 3.0, 1.06023708859, 0.0, 1.34710625358, 3.0, 2.0, 0.0, 1.00651022861, -1.0, 0.00517743864671, -0.980253264924, 2.97722408793, 2.94444718856, 1.0, 2.99460079203, -1.0, -0.969812446693, 3.0, -1.0, 0.0, 2.04119041632, 2.0, 1.0, -0.012820878351, 6.8845768042e-05, 0.00170436193334, 2.0, -1.0, 0.994560765946, 2.97226625611, 0.959144466013, 1.91769767347, 3.0, 0.0, 0.0, 94491.0, 568, 99526.0
-0.986855562504, -1.0, 3.0, -1.0, 0.989994193598, 0.964625468068, 2.0, 0.0, 2.00027315293, -0.0407657943982, -1.0, 1.0, 2.0, 0.997920855108, 1.94673371295, 3.0, 1.06023708859, 0.0, 0.985056657528, 3.0, 2.0, 0.0, 1.00651022861, -1.0, 0.00517743864671, -0.980253264924, 2.97722408793, 2.94444718856, 1.0, 2.99460079203, -1.0, -0.969812446693, 3.0, -1.0, 0.0, 2.04119041632, 2.0, 1.0, -0.590267849146, 6.8845768042e-05, 0.00170436193334, 2.0, -1.0, 0.994560765946, 2.97226625611, 0.959144466013, 1.91769767347, 3.0, 0.0, 0.0, 94639.0, 555, 99534.0
-0.986855562504, -1.0, 3.0, -1.0, 0.989994193598, 0.964625468068, 2.0, 0.0, 2.00027315293, -0.0407657943982, -1.0, 1.0, 2.0, 0.997920855108, 1.94673371295, 3.0, 1.06023708859, 0.0, 0.985056657528, 3.0, 2.0, 0.0, 1.00651022861, -1.0, 0.00517743864671, -0.980253264924, 2.97722408793, 2.94444718856, 1.0, 2.99460079203, -1.0, -0.969812446693, 3.0, -1.0, 0.0, 2.04119041632, 2.0, 1.0, -0.590267849146, 6.8845768042e-05, 0.00170436193334, 2.0, -1.0, 0.994560765946, 2.97226625611, 0.959144466013, 1.91769767347, 3.0, 0.0, 0.0, 94639.0, 555, 99534.0
-0.986855562504, -1.0, 3.0, -1.0, 0.989994193598, 0.964625468068, 2.0, 0.0, 2.00027315293, -0.0407657943982, -1.0, 1.04588287329, 2.0, 0.997920855108, 1.94673371295, 3.0, 1.06023708859, 0.0, 1.35105951987, 3.0, 2.0, 0.0, 1.00651022861, -1.0, 0.00517743864671, -0.980253264924, 2.97722408793, 2.94444718856, 1.0, 2.99460079203, -1.0, -0.969812446693, 3.0, -1.0, 0.0, 2.04119041632, 2.0, 1.0, -0.012820878351, 6.8845768042e-05, 0.00170436193334, 2.0, -1.0, 0.994560765946, 2.97226625611, 0.959144466013, 1.91769767347, 3.0, 0.0, 0.0, 94491.0, 568, 99526.0
3.0, 1.95608984891, 0.0446519045568, 1.0, 1.01098676043, 0.0111685687181, 2.04145042258, 0.0, 2.03731153372, 0.249033120855, 2.038187964, 1.0, 2.0000090515, 0.999996515835, 0.0, 2.95337418051, 1.05235728134, 0.0, 1.32568675727, 3.0, 2.0, 2.0, 3.0, -0.93256610129, 0.00508568615191, -0.981036934723, -0.999849541031, 2.99895410853, -1.0, 2.99995375123, 3.0, -0.969403388653, 1.0, -1.0, 0.965125758397, 1.89994100536, 1.78048134115, -0.987724342083, 0.025898467886, 6.80531106438e-05, -0.0258749804665, 1.01099492333, -1.0, 0.901194954411, 2.0, 0.986944305792, 1.91666249741, 2.98881837875, -1.88640857486e-06, 0.996672908021, 94055.0, 605, 99497.0
3.0, 1.95608984891, 0.0446254109177, 1.0, 1.99187257862, 0.0111685687181, 0.99354982104, 0.0, 2.03731100216, 0.0, 2.038187964, 1.0, 2.00041179077, 1.0, 0.0, 1.0, 0.0, 0.0, 1.32333267103, 3.0, 2.0, 2.0, 3.0, 2.0, 0.00508568615191, -1.0, -0.997427595773, 2.99895410853, -1.0, 2.99995375123, 3.0, -0.969403388653, 1.0, -1.0, 0.965125758397, 3.0, 0.0, -0.990908167321, 3.0, 6.80531106438e-05, -0.0258749804665, 1.0, -1.0, 0.901194954411, 2.0, 3.0, 2.0, 2.98900944252, 0.00069729456963, 0.985945606935, 93962.0, 619, 99489.0
-0.986855562504, 1.99436119545, 3.0, -0.970693556734, 0.989994193598, 0.980202954577, 0.984183096297, 0.0, 2.00027315293, -0.0407657943982, -1.0, 1.0, 2.0, 0.997920855108, 1.95856764738, 3.0, -0.025883824064, 0.0, 0.987676244015, 3.0, 2.0, 0.0, 1.00651022861, 2.19572775009, 0.00518513795352, -0.999806574968, 2.97722408793, 2.9989305304, -0.998633650176, 2.99987046553, -1.0, -0.969812446693, 0.993405154711, -1.0, 0.0147201247266, 2.04119041632, 2.0, 1.0, -0.143585711844, 6.80581410032e-05, 0.00170436193334, 1.99621316951, -1.0, 0.901868003154, 2.97226625611, 0.959144466013, 2.00278157733, 3.0, 0.000685905727983, 0.0, 94146.0, 582, 99504.0
-0.986855562504, 1.99436119545, 3.0, -0.970693556734, 0.989994193598, 0.980202954577, 0.984183096297, 0.0, 2.00027315293, -0.0407657943982, -1.0, 1.0, 2.0, 0.997920855108, 1.95856764738, 3.0, -0.025883824064, 0.0, 0.987676244015, 3.0, 2.0, 0.0, 1.00651022861, 2.19572775009, 0.00518513795352, -0.999806574968, 2.97722408793, 2.9989305304, -0.998633650176, 2.99987046553, -1.0, -0.969812446693, 0.993405154711, -1.0, 0.0147201247266, 2.04119041632, 2.0, 1.0, -0.143585711844, 6.80581410032e-05, 0.00170436193334, 1.99621316951, -1.0, 0.901868003154, 2.97226625611, 0.959144466013, 2.00278157733, 3.0, 0.000685905727983, 0.0, 94146.0, 582, 99504.0
3.0, 1.95393146418, 0.0446519045568, -0.98710651717, 1.00044723336, 0.954048357627, 2.04145042258, 0.0, 2.0368232346, -0.0376399410596, 2.038187964, 1.0, 2.0000090515, 1.00015221519, 0.0, 2.9951945222, -0.032434156358, 0.0, 1.3272077905, 3.0, 2.0, 2.08635800619, 1.00998310552, -0.934581681139, 0.00508568615191, -0.981110792727, 2.9265382671, 2.9989307847, -1.0, 2.99995597376, 2.72343479808, -0.969403388653, 1.0, -1.0, 0.0204173296699, 1.89805580559, 1.77807837821, -0.980853979394, 0.0216067753434, 6.80530864859e-05, 0.00323305866162, 1.01053332711, -1.0, 0.901194954411, 2.0, 0.986944305792, 1.91666249741, 2.98896263415, 0.000668171947269, 0.977610421267, 93933.0, 603, 99494.0
3.0, 1.95393146418, 0.0446519045568, -0.98710651717, 1.00044723336, 0.954048357627, 2.04145042258, 0.0, 2.0368232346, -0.0376399410596, 2.038187964, 1.0, 2.0000090515, 1.00015221519, 0.0, 2.9951945222, -0.032434156358, 0.0, 1.3272077905, 3.0, 2.0, 2.08635800619, 1.00998310552, -0.934581681139, 0.00508568615191, -0.981110792727, 2.9265382671, 2.9989307847, -1.0, 2.99995597376, 2.72343479808, -0.969403388653, 1.0, -1.0, 0.0204173296699, 1.89805580559, 1.77807837821, -0.980853979394, 0.0216067753434, 6.80530864859e-05, 0.00323305866162, 1.01053332711, -1.0, 0.901194954411, 2.0, 0.986944305792, 1.91666249741, 2.98896263415, 0.000668171947269, 0.977610421267, 93933.0, 603, 99494.0
3.0, 1.95393146418, 0.0446519045568, -0.98710651717, 1.00044723336, 0.954048357627, 2.04145042258, 0.0, 2.0368232346, -0.0376399410596, 2.038187964, 1.0, 2.0000090515, 1.00015221519, 0.0, 2.9951945222, -0.032434156358, 0.0, 1.3272077905, 3.0, 2.0, 2.08635800619, 1.00998310552, -0.934581681139, 0.00508568615191, -0.981110792727, 2.9265382671, 2.9989307847, -1.0, 2.99995597376, 2.72343479808, -0.969403388653, 1.0, -1.0, 0.0204173296699, 1.89805580559, 1.77807837821, -0.980853979394, 0.0216067753434, 6.80530864859e-05, 0.00323305866162, 1.01053332711, -1.0, 0.901194954411, 2.0, 0.986944305792, 1.91666249741, 2.98896263415, 0.000668171947269, 0.977610421267, 93933.0, 603, 99494.0
3.0, 1.95393146418, 0.0446519045568, -0.98710651717, 1.00044723336, 0.954048357627, 2.04145042258, 0.0, 2.0368232346, -0.0376399410596, 2.038187964, 1.0, 2.0000090515, 1.00015221519, 0.0, 2.9951945222, -0.032434156358, 0.0, 1.3272077905, 3.0, 2.0, 2.08635800619, 1.00998310552, -0.934581681139, 0.00508568615191, -0.981110792727, 2.9265382671, 2.9989307847, -1.0, 2.99995597376, 2.72343479808, -0.969403388653, 1.0, -1.0, 0.0204173296699, 1.89805580559, 1.77807837821, -0.980853979394, 0.0216067753434, 6.80530864859e-05, 0.00323305866162, 1.01053332711, -1.0, 0.901194954411, 2.0, 0.986944305792, 1.91666249741, 2.98896263415, 0.000668171947269, 0.977610421267, 93933.0, 603, 99494.0
3.0, 1.95393146418, 0.0446519045568, -0.98710651717, 1.00044723336, 0.954048357627, 2.04145042258, 0.0, 2.0368232346, -0.0376399410596, 2.038187964, 1.0, 2.0000090515, 1.00015221519, 0.0, 2.9951945222, -0.032434156358, 0.0, 1.3272077905, 3.0, 2.0, 2.08635800619, 1.00998310552, -0.934581681139, 0.00508568615191, -0.981110792727, 2.9265382671, 2.9989307847, -1.0, 2.99995597376, 2.72343479808, -0.969403388653, 1.0, -1.0, 0.0204173296699, 1.89805580559, 1.77807837821, -0.980853979394, 0.0216067753434, 6.80530864859e-05, 0.00323305866162, 1.01053332711, -1.0, 0.901194954411, 2.0, 0.986944305792, 1.91666249741, 2.98896263415, 0.000668171947269, 0.977610421267, 93933.0, 603, 99494.0
3.0, 1.95393146418, 0.0446519045568, -0.98710651717, 1.00044723336, 0.954048357627, 2.04145042258, 0.0, 2.0368232346, -0.0376399410596, 2.038187964, 1.0, 2.0000090515, 1.00015221519, 0.0, 2.9951945222, -0.032434156358, 0.0, 1.3272077905, 3.0, 2.0, 2.08635800619, 1.00998310552, -0.934581681139, 0.00508568615191, -0.981110792727, 2.9265382671, 2.9989307847, -1.0, 2.99995597376, 2.72343479808, -0.969403388653, 1.0, -1.0, 0.0204173296699, 1.89805580559, 1.77807837821, -0.980853979394, 0.0216067753434, 6.80530864859e-05, 0.00323305866162, 1.01053332711, -1.0, 0.901194954411, 2.0, 0.986944305792, 1.91666249741, 2.98896263415, 0.000668171947269, 0.977610421267, 93933.0, 603, 99494.0
3.0, 1.95393146418, 0.0446519045568, -0.98710651717, 1.00044723336, 0.954048357627, 2.04145042258, 0.0, 2.0368232346, -0.0376399410596, 2.038187964, 1.0, 2.0000090515, 1.00015221519, 0.0, 2.9951945222, -0.032434156358, 0.0, 1.3272077905, 3.0, 2.0, 2.08635800619, 1.00998310552, -0.934581681139, 0.00508568615191, -0.981110792727, 2.9265382671, 2.9989307847, -1.0, 2.99995597376, 2.72343479808, -0.969403388653, 1.0, -1.0, 0.0204173296699, 1.89805580559, 1.77807837821, -0.980853979394, 0.0216067753434, 6.80530864859e-05, 0.00323305866162, 1.01053332711, -1.0, 0.901194954411, 2.0, 0.986944305792, 1.91666249741, 2.98896263415, 0.000668171947269, 0.977610421267, 93933.0, 603, 99494.0
3.0, 1.95393146418, 0.0446519045568, -0.98710651717, 1.00044723336, 0.954048357627, 2.04145042258, 0.0, 2.0368232346, -0.0376399410596, 2.038187964, 1.0, 2.0000090515, 1.00015221519, 0.0, 2.9951945222, -0.032434156358, 0.0, 1.3272077905, 3.0, 2.0, 2.08635800619, 1.00998310552, -0.934581681139, 0.00508568615191, -0.981110792727, 2.9265382671, 2.9989307847, -1.0, 2.99995597376, 2.72343479808, -0.969403388653, 1.0, -1.0, 0.0204173296699, 1.89805580559, 1.77807837821, -0.980853979394, 0.0216067753434, 6.80530864859e-05, 0.00323305866162, 1.01053332711, -1.0, 0.901194954411, 2.0, 0.986944305792, 1.91666249741, 2.98896263415, 0.000668171947269, 0.977610421267, 93933.0, 603, 99494.0
3.0, 1.95393146418, 0.0446519045568, -0.98710651717, 1.00044723336, 0.954048357627, 2.04145042258, 0.0, 2.0368232346, -0.0376399410596, 2.038187964, 1.0, 2.0000090515, 1.00015221519, 0.0, 2.9951945222, -0.032434156358, 0.0, 1.3272077905, 3.0, 2.0, 2.08635800619, 1.00998310552, -0.934581681139, 0.00508568615191, -0.981110792727, 2.9265382671, 2.9989307847, -1.0, 2.99995597376, 2.72343479808, -0.969403388653, 1.0, -1.0, 0.0204173296699, 1.89805580559, 1.77807837821, -0.980853979394, 0.0216067753434, 6.80530864859e-05, 0.00323305866162, 1.01053332711, -1.0, 0.901194954411, 2.0, 0.986944305792, 1.91666249741, 2.98896263415, 0.000668171947269, 0.977610421267, 93933.0, 603, 99494.0
3.0, 1.95393146418, 0.0446519045568, -0.98710651717, 1.00044723336, 0.954048357627, 2.04145042258, 0.0, 2.0368232346, -0.0376399410596, 2.038187964, 1.0, 2.0000090515, 1.00015221519, 0.0, 2.9951945222, -0.032434156358, 0.0, 1.3272077905, 3.0, 2.0, 2.08635800619, 1.00998310552, -0.934581681139, 0.00508568615191, -0.981110792727, 2.9265382671, 2.9989307847, -1.0, 2.99995597376, 2.72343479808, -0.969403388653, 1.0, -1.0, 0.0204173296699, 1.89805580559, 1.77807837821, -0.980853979394, 0.0216067753434, 6.80530864859e-05, 0.00323305866162, 1.01053332711, -1.0, 0.901194954411, 2.0, 0.986944305792, 1.91666249741, 2.98896263415, 0.000668171947269, 0.977610421267, 93933.0, 603, 99494.0
3.0, 1.95393146418, 0.0446519045568, -0.98710651717, 1.00044723336, 0.954048357627, 2.04145042258, 0.0, 2.0368232346, -0.0376399410596, 2.038187964, 1.0, 2.0000090515, 1.00015221519, 0.0, 2.9951945222, -0.032434156358, 0.0, 1.3272077905, 3.0, 2.0, 2.08635800619, 1.00998310552, -0.934581681139, 0.00508568615191, -0.981110792727, 2.9265382671, 2.9989307847, -1.0, 2.99995597376, 2.72343479808, -0.969403388653, 1.0, -1.0, 0.0204173296699, 1.89805580559, 1.77807837821, -0.980853979394, 0.0216067753434, 6.80530864859e-05, 0.00323305866162, 1.01053332711, -1.0, 0.901194954411, 2.0, 0.986944305792, 1.91666249741, 2.98896263415, 0.000668171947269, 0.977610421267, 93933.0, 603, 99494.0
3.0, 1.95393146418, 0.0446519045568, -0.98710651717, 1.00044723336, 0.954048357627, 2.04145042258, 0.0, 2.0368232346, -0.0376399410596, 2.038187964, 1.0, 2.0000090515, 1.00015221519, 0.0, 2.9951945222, -0.032434156358, 0.0, 1.3272077905, 3.0, 2.0, 2.08635800619, 1.00998310552, -0.934581681139, 0.00508568615191, -0.981110792727, 2.9265382671, 2.9989307847, -1.0, 2.99995597376, 2.72343479808, -0.969403388653, 1.0, -1.0, 0.0204173296699, 1.89805580559, 1.77807837821, -0.980853979394, 0.0216067753434, 6.80530864859e-05, 0.00323305866162, 1.01053332711, -1.0, 0.901194954411, 2.0, 0.986944305792, 1.91666249741, 2.98896263415, 0.000668171947269, 0.977610421267, 93933.0, 603, 99494.0
3.0, 1.95393146418, 0.0446519045568, -0.98710651717, 1.00044723336, 0.954048357627, 2.04145042258, 0.0, 2.0368232346, -0.0376399410596, 2.038187964, 1.0, 2.0000090515, 1.00015221519, 0.0, 2.9951945222, -0.032434156358, 0.0, 1.3272077905, 3.0, 2.0, 2.08635800619, 1.00998310552, -0.934581681139, 0.00508568615191, -0.981110792727, 2.9265382671, 2.9989307847, -1.0, 2.99995597376, 2.72343479808, -0.969403388653, 1.0, -1.0, 0.0204173296699, 1.89805580559, 1.77807837821, -0.980853979394, 0.0216067753434, 6.80530864859e-05, 0.00323305866162, 1.01053332711, -1.0, 0.901194954411, 2.0, 0.986944305792, 1.91666249741, 2.98896263415, 0.000668171947269, 0.977610421267, 93933.0, 603, 99494.0
3.0, 1.95393146418, 0.0446519045568, -0.98710651717, 1.00044723336, 0.954048357627, 2.04145042258, 0.0, 2.0368232346, -0.0376399410596, 2.038187964, 1.0, 2.0000090515, 1.00015221519, 0.0, 2.9951945222, -0.032434156358, 0.0, 1.3272077905, 3.0, 2.0, 2.08635800619, 1.00998310552, -0.934581681139, 0.00508568615191, -0.981110792727, 2.9265382671, 2.9989307847, -1.0, 2.99995597376, 2.72343479808, -0.969403388653, 1.0, -1.0, 0.0204173296699, 1.89805580559, 1.77807837821, -0.980853979394, 0.0216067753434, 6.80530864859e-05, 0.00323305866162, 1.01053332711, -1.0, 0.901194954411, 2.0, 0.986944305792, 1.91666249741, 2.98896263415, 0.000668171947269, 0.977610421267, 93933.0, 603, 99494.0
3.0, 1.95393146418, 0.0446519045568, -0.98710651717, 1.00044723336, 0.954048357627, 2.04145042258, 0.0, 2.0368232346, -0.0376399410596, 2.038187964, 1.0, 2.0000090515, 1.00015221519, 0.0, 2.9951945222, -0.032434156358, 0.0, 1.3272077905, 3.0, 2.0, 2.08635800619, 1.00998310552, -0.934581681139, 0.00508568615191, -0.981110792727, 2.9265382671, 2.9989307847, -1.0, 2.99995597376, 2.72343479808, -0.969403388653, 1.0, -1.0, 0.0204173296699, 1.89805580559, 1.77807837821, -0.980853979394, 0.0216067753434, 6.80530864859e-05, 0.00323305866162, 1.01053332711, -1.0, 0.901194954411, 2.0, 0.986944305792, 1.91666249741, 2.98896263415, 0.000668171947269, 0.977610421267, 93933.0, 603, 99494.0
3.0, 1.95393146418, 0.0446519045568, -0.98710651717, 1.00044723336, 0.954048357627, 2.04145042258, 0.0, 2.0368232346, -0.0376399410596, 2.038187964, 1.0, 2.0000090515, 1.00015221519, 0.0, 2.9951945222, -0.032434156358, 0.0, 1.3272077905, 3.0, 2.0, 2.08635800619, 1.00998310552, -0.934581681139, 0.00508568615191, -0.981110792727, 2.9265382671, 2.9989307847, -1.0, 2.99995597376, 2.72343479808, -0.969403388653, 1.0, -1.0, 0.0204173296699, 1.89805580559, 1.77807837821, -0.980853979394, 0.0216067753434, 6.80530864859e-05, 0.00323305866162, 1.01053332711, -1.0, 0.901194954411, 2.0, 0.986944305792, 1.91666249741, 2.98896263415, 0.000668171947269, 0.977610421267, 93933.0, 603, 99494.0
3.0, 1.95393146418, 0.0446519045568, -0.98710651717, 1.00044723336, 0.954048357627, 2.04145042258, 0.0, 2.0368232346, -0.0376399410596, 2.038187964, 1.0, 2.0000090515, 1.00015221519, 0.0, 2.9951945222, -0.032434156358, 0.0, 1.3272077905, 3.0, 2.0, 2.08635800619, 1.00998310552, -0.934581681139, 0.00508568615191, -0.981110792727, 2.9265382671, 2.9989307847, -1.0, 2.99995597376, 2.72343479808, -0.969403388653, 1.0, -1.0, 0.0204173296699, 1.89805580559, 1.77807837821, -0.980853979394, 0.0216067753434, 6.80530864859e-05, 0.00323305866162, 1.01053332711, -1.0, 0.901194954411, 2.0, 0.986944305792, 1.91666249741, 2.98896263415, 0.000668171947269, 0.977610421267, 93933.0, 603, 99494.0
3.0, 1.95393146418, 0.0446519045568, -0.98710651717, 1.00044723336, 0.954048357627, 2.04145042258, 0.0, 2.0368232346, -0.0376399410596, 2.038187964, 1.0, 2.0000090515, 1.00015221519, 0.0, 2.9951945222, -0.032434156358, 0.0, 1.3272077905, 3.0, 2.0, 2.08635800619, 1.00998310552, -0.934581681139, 0.00508568615191, -0.981110792727, 2.9265382671, 2.9989307847, -1.0, 2.99995597376, 2.72343479808, -0.969403388653, 1.0, -1.0, 0.0204173296699, 1.89805580559, 1.77807837821, -0.980853979394, 0.0216067753434, 6.80530864859e-05, 0.00323305866162, 1.01053332711, -1.0, 0.901194954411, 2.0, 0.986944305792, 1.91666249741, 2.98896263415, 0.000668171947269, 0.977610421267, 93933.0, 603, 99494.0
3.0, 1.95393146418, 0.0446519045568, -0.98710651717, 1.00044723336, 0.954048357627, 2.04145042258, 0.0, 2.0368232346, -0.0376399410596, 2.038187964, 1.0, 2.0000090515, 1.00015221519, 0.0, 2.9951945222, -0.032434156358, 0.0, 1.3272077905, 3.0, 2.0, 2.08635800619, 1.00998310552, -0.934581681139, 0.00508568615191, -0.981110792727, 2.9265382671, 2.9989307847, -1.0, 2.99995597376, 2.72343479808, -0.969403388653, 1.0, -1.0, 0.0204173296699, 1.89805580559, 1.77807837821, -0.980853979394, 0.0216067753434, 6.80530864859e-05, 0.00323305866162, 1.01053332711, -1.0, 0.901194954411, 2.0, 0.986944305792, 1.91666249741, 2.98896263415, 0.000668171947269, 0.977610421267, 93933.0, 603, 99494.0
3.0, 1.95393146418, 0.0446519045568, -0.98710651717, 1.00044723336, 0.954048357627, 2.04145042258, 0.0, 2.0368232346, -0.0376399410596, 2.038187964, 1.0, 2.0000090515, 1.00015221519, 0.0, 2.9951945222, -0.032434156358, 0.0, 1.3272077905, 3.0, 2.0, 2.08635800619, 1.00998310552, -0.934581681139, 0.00508568615191, -0.981110792727, 2.9265382671, 2.9989307847, -1.0, 2.99995597376, 2.72343479808, -0.969403388653, 1.0, -1.0, 0.0204173296699, 1.89805580559, 1.77807837821, -0.980853979394, 0.0216067753434, 6.80530864859e-05, 0.00323305866162, 1.01053332711, -1.0, 0.901194954411, 2.0, 0.986944305792, 1.91666249741, 2.98896263415, 0.000668171947269, 0.977610421267, 93933.0, 603, 99494.0
3.0, 1.95393146418, 0.0446519045568, -0.98710651717, 1.00044723336, 0.954048357627, 2.04145042258, 0.0, 2.0368232346, -0.0376399410596, 2.038187964, 1.0, 2.0000090515, 1.00015221519, 0.0, 2.9951945222, -0.032434156358, 0.0, 1.3272077905, 3.0, 2.0, 2.08635800619, 1.00998310552, -0.934581681139, 0.00508568615191, -0.981110792727, 2.9265382671, 2.9989307847, -1.0, 2.99995597376, 2.72343479808, -0.969403388653, 1.0, -1.0, 0.0204173296699, 1.97292239845, 1.77807837821, -0.980853979394, 0.0216067753434, 6.80530864859e-05, 0.00323305866162, 1.01053332711, -1.0, 0.901194954411, 2.0, 0.986944305792, 1.91666249741, 2.98896263415, 0.000668171947269, 0.977610421267, 93933.0, 603, 99494.0
3.0, 1.95393146418, 0.0446519045568, -0.98710651717, 1.00044723336, 0.954048357627, 2.04145042258, 0.0, 2.0368232346, -0.0376399410596, 2.038187964, 1.0, 2.0000090515, 1.00015221519, 0.0, 2.9951945222, -0.032434156358, 0.0, 1.3272077905, 3.0, 2.0, 2.08635800619, 1.00998310552, -0.934581681139, 0.00508568615191, -0.981110792727, 2.9265382671, 2.9989307847, -1.0, 2.99995597376, 2.72343479808, -0.969403388653, 1.0, -1.0, 0.0204173296699, 1.97292239845, 1.77807837821, -0.980853979394, 0.0216067753434, 6.80530864859e-05, 0.00323305866162, 1.01053332711, -1.0, 0.901194954411, 2.0, 0.986944305792, 1.91666249741, 2.98896263415, 0.000668171947269, 0.977610421267, 93933.0, 603, 99494.0
3.0, 1.95393146418, 0.0446519045568, -0.98710651717, 1.00044723336, 0.954048357627, 2.04145042258, 0.0, 2.0368232346, -0.0376399410596, 2.038187964, 1.0, 2.0000090515, 1.00015221519, 0.0, 2.9951945222, -0.032434156358, 0.0, 1.3272077905, 3.0, 2.0, 2.08635800619, 1.00998310552, -0.934581681139, 0.00508568615191, -0.981110792727, 2.9265382671, 2.9989307847, -1.0, 2.99995597376, 2.72343479808, -0.969403388653, 1.0, -1.0, 0.0204173296699, 1.97292239845, 1.77807837821, -0.980853979394, 0.0216067753434, 6.80530864859e-05, 0.00323305866162, 1.01053332711, -1.0, 0.901194954411, 2.0, 0.986944305792, 1.91666249741, 2.98896263415, 0.000668171947269, 0.977610421267, 93933.0, 603, 99494.0
3.0, 1.95393146418, 0.0446519045568, -0.98710651717, 1.00044723336, 0.954048357627, 2.04145042258, 0.0, 2.0368232346, -0.0376399410596, 2.038187964, 1.0, 2.0000090515, 1.00015221519, 0.0, 2.9951945222, -0.032434156358, 0.0, 1.3272077905, 3.0, 2.0, 2.08635800619, 1.00998310552, -0.934581681139, 0.00508568615191, -0.981110792727, 2.9265382671, 2.9989307847, -1.0, 2.99995597376, 2.72343479808, -0.969403388653, 1.0, -1.0, 0.0204173296699, 1.97292239845, 1.77807837821, -0.980853979394, 0.0216067753434, 6.80530864859e-05, 0.00323305866162, 1.01053332711, -1.0, 0.901194954411, 2.0, 0.986944305792, 1.91666249741, 2.98896263415, 0.000668171947269, 0.977610421267, 93933.0, 603, 99494.0
3.0, 1.95393146418, 0.0446519045568, -0.98710651717, 1.00044723336, 0.954048357627, 2.04145042258, 0.0, 2.0368232346, -0.0376399410596, 2.038187964, 1.0, 2.0000090515, 1.00015221519, 0.0, 2.9951945222, -0.032434156358, 0.0, 1.3272077905, 3.0, 2.0, 2.08635800619, 1.00998310552, -0.934581681139, 0.00508568615191, -0.981110792727, 2.9265382671, 2.9989307847, -1.0, 2.99995597376, 2.72343479808, -0.969403388653, 1.0, -1.0, 0.0204173296699, 1.97292239845, 1.77807837821, -0.980853979394, 0.0216067753434, 6.80530864859e-05, 0.00323305866162, 1.01053332711, -1.0, 0.901194954411, 2.0, 0.986944305792, 1.91666249741, 2.98896263415, 0.000668171947269, 0.977610421267, 93933.0, 603, 99494.0
3.0, 1.95393146418, 0.0446519045568, -0.98710651717, 1.00044723336, 0.954048357627, 2.04145042258, 0.0, 2.0368232346, -0.0376399410596, 2.038187964, 1.0, 2.0000090515, 1.00015221519, 0.0, 2.9951945222, -0.032434156358, 0.0, 1.3272077905, 3.0, 2.0, 2.08635800619, 1.00998310552, -0.934581681139, 0.00508568615191, -0.981110792727, 2.9265382671, 2.9989307847, -1.0, 2.99995597376, 2.72343479808, -0.969403388653, 1.0, -1.0, 0.0204173296699, 1.97292239845, 1.77807837821, -0.980853979394, 0.0216067753434, 6.80530864859e-05, 0.00323305866162, 1.01053332711, -1.0, 0.901194954411, 2.0, 0.986944305792, 1.91666249741, 2.98896263415, 0.000668171947269, 0.977610421267, 93933.0, 603, 99494.0
3.0, 1.95393146418, 0.0446519045568, -0.98710651717, 1.00044723336, 0.954048357627, 2.04145042258, 0.0, 2.0368232346, -0.0376399410596, 2.038187964, 1.0, 2.0000090515, 1.00015221519, 0.0, 2.9951945222, -0.032434156358, 0.0, 1.3272077905, 3.0, 2.0, 2.08635800619, 1.00998310552, -0.934581681139, 0.00508568615191, -0.981110792727, 2.9265382671, 2.9989307847, -1.0, 2.99995597376, 2.72343479808, -0.969403388653, 1.0, -1.0, 0.0204173296699, 1.97292239845, 1.77807837821, -0.980853979394, 0.0216067753434, 6.80530864859e-05, 0.00323305866162, 1.01053332711, -1.0, 0.901194954411, 2.0, 0.986944305792, 1.91666249741, 2.98896263415, 0.000668171947269, 0.977610421267, 93933.0, 603, 99494.0
3.0, 1.95393146418, 0.0446519045568, -0.98710651717, 1.00044723336, 0.954048357627, 2.04145042258, 0.0, 2.0368232346, -0.0376399410596, 2.038187964, 1.0, 2.0000090515, 1.00015221519, 0.0, 2.9951945222, -0.032434156358, 0.0, 1.3272077905, 3.0, 2.0, 2.08635800619, 1.00998310552, -0.934581681139, 0.00508568615191, -0.981110792727, 2.9265382671, 2.9989307847, -1.0, 2.99995597376, 2.72343479808, -0.969403388653, 1.0, -1.0, 0.0204173296699, 1.97292239845, 1.77807837821, -0.980853979394, 0.0216067753434, 6.80530864859e-05, 0.00323305866162, 1.01053332711, -1.0, 0.901194954411, 2.0, 0.986944305792, 1.91666249741, 2.98896263415, 0.000668171947269, 0.977610421267, 93933.0, 603, 99494.0
3.0, 1.95393146418, 0.0446519045568, -0.98710651717, 1.00044723336, 0.954048357627, 2.04145042258, 0.0, 2.0368232346, -0.0376399410596, 2.038187964, 1.0, 2.0000090515, 1.00015221519, 0.0, 2.9951945222, -0.032434156358, 0.0, 1.3272077905, 3.0, 2.0, 2.08635800619, 1.00998310552, -0.934581681139, 0.00508568615191, -0.981110792727, 2.9265382671, 2.9989307847, -1.0, 2.99995597376, 2.72343479808, -0.969403388653, 1.0, -1.0, 0.0204173296699, 1.97292239845, 1.77807837821, -0.980853979394, 0.0216067753434, 6.80530864859e-05, 0.00323305866162, 1.01053332711, -1.0, 0.901194954411, 2.0, 0.986944305792, 1.91666249741, 2.98896263415, 0.000668171947269, 0.977610421267, 93933.0, 603, 99494.0
3.0, 1.95393146418, 0.0446519045568, -0.98710651717, 1.00044723336, 0.954048357627, 2.04145042258, 0.0, 2.0368232346, -0.0376399410596, 2.038187964, 1.0, 2.0000090515, 1.00015221519, 0.0, 2.9951945222, -0.032434156358, 0.0, 1.3272077905, 3.0, 2.0, 2.08635800619, 1.00998310552, -0.934581681139, 0.00508568615191, -0.981110792727, 2.9265382671, 2.9989307847, -1.0, 2.99995597376, 2.72343479808, -0.969403388653, 1.0, -1.0, 0.0204173296699, 1.97292239845, 1.77807837821, -0.980853979394, 0.0216067753434, 6.80530864859e-05, 0.00323305866162, 1.01053332711, -1.0, 0.901194954411, 2.0, 0.986944305792, 1.91666249741, 2.98896263415, 0.000668171947269, 0.977610421267, 93933.0, 603, 99494.0
3.0, 1.95393146418, 0.0446519045568, -0.98710651717, 1.00044723336, 0.954048357627, 2.04145042258, 0.0, 2.0368232346, -0.0376399410596, 2.038187964, 1.0, 2.0000090515, 1.00015221519, 0.0, 2.9951945222, -0.032434156358, 0.0, 1.3272077905, 3.0, 2.0, 2.08635800619, 1.00998310552, -0.934581681139, 0.00508568615191, -0.981110792727, 2.9265382671, 2.9989307847, -1.0, 2.99995597376, 2.72343479808, -0.969403388653, 1.0, -1.0, 0.0204173296699, 1.97292239845, 1.77807837821, -0.980853979394, 0.0216067753434, 6.80530864859e-05, 0.00323305866162, 1.01053332711, -1.0, 0.901194954411, 2.0, 0.986944305792, 1.91666249741, 2.98896263415, 0.000668171947269, 0.977610421267, 93933.0, 603, 99494.0
3.0, 1.95393146418, 0.0446519045568, -0.98710651717, 1.00044723336, 0.954048357627, 2.04145042258, 0.0, 2.0368232346, -0.0376399410596, 2.038187964, 1.0, 2.0000090515, 1.00015221519, 0.0, 2.9951945222, -0.032434156358, 0.0, 1.3272077905, 3.0, 2.0, 2.08635800619, 1.00998310552, -0.934581681139, 0.00508568615191, -0.981110792727, 2.9265382671, 2.9989307847, -1.0, 2.99995597376, 2.72343479808, -0.969403388653, 1.0, -1.0, 0.0204173296699, 1.97292239845, 1.77807837821, -0.980853979394, 0.0216067753434, 6.80530864859e-05, 0.00323305866162, 1.01053332711, -1.0, 0.901194954411, 2.0, 0.986944305792, 1.91666249741, 2.98896263415, 0.000668171947269, 0.977610421267, 93933.0, 603, 99494.0
3.0, 1.95393146418, 0.0446519045568, -0.98710651717, 1.00044723336, 0.954048357627, 2.04145042258, 0.0, 2.0368232346, -0.0376399410596, 2.038187964, 1.0, 2.0000090515, 1.00015221519, 0.0, 2.9951945222, -0.032434156358, 0.0, 1.3272077905, 3.0, 2.0, 2.08635800619, 1.00998310552, -0.934581681139, 0.00508568615191, -0.981110792727, 2.9265382671, 2.9989307847, -1.0, 2.99995597376, 2.72343479808, -0.969403388653, 1.0, -1.0, 0.0204173296699, 1.97292239845, 1.77807837821, -0.980853979394, 0.0216067753434, 6.80530864859e-05, 0.00323305866162, 1.01053332711, -1.0, 0.901194954411, 2.0, 0.986944305792, 1.91666249741, 2.98896263415, 0.000668171947269, 0.977610421267, 93933.0, 603, 99494.0
3.0, 1.95393146418, 0.0446519045568, -0.98710651717, 1.00044723336, 0.954048357627, 2.04145042258, 0.0, 2.0368232346, -0.0376399410596, 2.038187964, 1.0, 2.0000090515, 1.00015221519, 0.0, 2.9951945222, -0.032434156358, 0.0, 1.3272077905, 3.0, 2.0, 2.08635800619, 1.00998310552, -0.934581681139, 0.00508568615191, -0.981110792727, 2.9265382671, 2.9989307847, -1.0, 2.99995597376, 2.72343479808, -0.969403388653, 1.0, -1.0, 0.0204173296699, 1.97292239845, 1.77807837821, -0.980853979394, 0.0216067753434, 6.80530864859e-05, 0.00323305866162, 1.01053332711, -1.0, 0.901194954411, 2.0, 0.986944305792, 1.91666249741, 2.98896263415, 0.000668171947269, 0.977610421267, 93933.0, 603, 99494.0
3.0, 1.95393146418, 0.0446519045568, -0.98710651717, 1.00044723336, 0.954048357627, 2.04145042258, 0.0, 2.0368232346, -0.0376399410596, 2.038187964, 1.0, 2.0000090515, 1.00015221519, 0.0, 2.9951945222, -0.325897467403, 0.0, 1.3272077905, 3.0, 2.0, 2.08635800619, 1.00998310552, -0.934581681139, 0.00508568615191, -0.981110792727, 2.95836539112, 2.9989307847, -1.0, 2.99995597376, 2.72343479808, -0.969403388653, 1.0, -1.0, 0.0204173296699, 1.89805580559, 1.77807837821, -0.980853979394, 0.0216067753434, 6.80530864859e-05, 0.00323305866162, 1.01053332711, -1.0, 0.901194954411, 2.0, 0.986944305792, 1.91666249741, 2.98896263415, 0.000668171947269, 0.977610421267, 93933.0, 603, 99494.0
3.0, 1.95393146418, 0.0446519045568, -0.98710651717, 1.00044723336, 0.954048357627, 2.04145042258, 0.0, 2.0368232346, -0.0376399410596, 2.038187964, 1.0, 2.0000090515, 1.00015221519, 0.0, 2.9951945222, -0.325897467403, 0.0, 1.3272077905, 3.0, 2.0, 2.08635800619, 1.00998310552, -0.934581681139, 0.00508568615191, -0.981110792727, 2.95836539112, 2.9989307847, -1.0, 2.99995597376, 2.72343479808, -0.969403388653, 1.0, -1.0, 0.0204173296699, 1.89805580559, 1.77807837821, -0.980853979394, 0.0216067753434, 6.80530864859e-05, 0.00323305866162, 1.01053332711, -1.0, 0.901194954411, 2.0, 0.986944305792, 1.91666249741, 2.98896263415, 0.000668171947269, 0.977610421267, 93933.0, 603, 99494.0
3.0, 1.95393146418, 0.0446519045568, -0.98710651717, 1.00044723336, 0.954048357627, 2.04145042258, 0.0, 2.0368232346, -0.0376399410596, 2.038187964, 1.0, 2.0000090515, 1.00015221519, 0.0, 2.9951945222, -0.325897467403, 0.0, 1.3272077905, 3.0, 2.0, 2.08635800619, 1.00998310552, -0.934581681139, 0.00508568615191, -0.981110792727, 2.95836539112, 2.9989307847, -1.0, 2.99995597376, 2.72343479808, -0.969403388653, 1.0, -1.0, 0.0204173296699, 1.89805580559, 1.77807837821, -0.980853979394, 0.0216067753434, 6.80530864859e-05, 0.00323305866162, 1.01053332711, -1.0, 0.901194954411, 2.0, 0.986944305792, 1.91666249741, 2.98896263415, 0.000668171947269, 0.977610421267, 93933.0, 603, 99494.0
3.0, 1.95393146418, 0.0446519045568, -0.98710651717, 1.00044723336, 0.954048357627, 2.04145042258, 0.0, 2.0368232346, -0.0376399410596, 2.038187964, 1.0, 2.0000090515, 1.00015221519, 0.0, 2.9951945222, -0.325897467403, 0.0, 1.3272077905, 3.0, 2.0, 2.08635800619, 1.00998310552, -0.934581681139, 0.00508568615191, -0.981110792727, 2.95836539112, 2.9989307847, -1.0, 2.99995597376, 2.72343479808, -0.969403388653, 1.0, -1.0, 0.0204173296699, 1.89805580559, 1.77807837821, -0.980853979394, 0.0216067753434, 6.80530864859e-05, 0.00323305866162, 1.01053332711, -1.0, 0.901194954411, 2.0, 0.986944305792, 1.91666249741, 2.98896263415, 0.000668171947269, 0.977610421267, 93933.0, 603, 99494.0
3.0, 1.95393146418, 0.0446519045568, -0.98710651717, 1.00044723336, 0.954048357627, 2.04145042258, 0.0, 2.0368232346, -0.0376399410596, 2.038187964, 1.0, 2.0000090515, 1.00015221519, 0.0, 2.9951945222, -0.325897467403, 0.0, 1.3272077905, 3.0, 2.0, 2.08635800619, 1.00998310552, -0.934581681139, 0.00508568615191, -0.981110792727, 2.95836539112, 2.9989307847, -1.0, 2.99995597376, 2.72343479808, -0.969403388653, 1.0, -1.0, 0.0204173296699, 1.89805580559, 1.77807837821, -0.980853979394, 0.0216067753434, 6.80530864859e-05, 0.00323305866162, 1.01053332711, -1.0, 0.901194954411, 2.0, 0.986944305792, 1.91666249741, 2.98896263415, 0.000668171947269, 0.977610421267, 93933.0, 603, 99494.0
3.0, 1.95393146418, 0.0446519045568, -0.98710651717, 1.00044723336, 0.954048357627, 2.04145042258, 0.0, 2.0368232346, -0.0376399410596, 2.038187964, 1.0, 2.0000090515, 1.00015221519, 0.0, 2.9951945222, -0.325897467403, 0.0, 1.3272077905, 3.0, 2.0, 2.08635800619, 1.00998310552, -0.934581681139, 0.00508568615191, -0.981110792727, 2.95836539112, 2.9989307847, -1.0, 2.99995597376, 2.72343479808, -0.969403388653, 1.0, -1.0, 0.0204173296699, 1.89805580559, 1.77807837821, -0.980853979394, 0.0216067753434, 6.80530864859e-05, 0.00323305866162, 1.01053332711, -1.0, 0.901194954411, 2.0, 0.986944305792, 1.91666249741, 2.98896263415, 0.000668171947269, 0.977610421267, 93933.0, 603, 99494.0
3.0, 1.95393146418, 0.0446519045568, -0.98710651717, 1.00044723336, 0.954048357627, 2.04145042258, 0.0, 2.0368232346, -0.0376399410596, 2.038187964, 1.0, 2.0000090515, 1.00015221519, 0.0, 2.9951945222, -0.325897467403, 0.0, 1.3272077905, 3.0, 2.0, 2.08635800619, 1.00998310552, -0.934581681139, 0.00508568615191, -0.981110792727, 2.95836539112, 2.9989307847, -1.0, 2.99995597376, 2.72343479808, -0.969403388653, 1.0, -1.0, 0.0204173296699, 1.89805580559, 1.77807837821, -0.980853979394, 0.0216067753434, 6.80530864859e-05, 0.00323305866162, 1.01053332711, -1.0, 0.901194954411, 2.0, 0.986944305792, 1.91666249741, 2.98896263415, 0.000668171947269, 0.977610421267, 93933.0, 603, 99494.0
3.0, 1.95393146418, 0.0446519045568, -0.98710651717, 1.00044723336, 0.954048357627, 2.04145042258, 0.0, 2.0368232346, -0.0376399410596, 2.038187964, 1.0, 2.0000090515, 1.00015221519, 0.0, 2.9951945222, -0.325897467403, 0.0, 1.3272077905, 3.0, 2.0, 2.08635800619, 1.00998310552, -0.934581681139, 0.00508568615191, -0.981110792727, 2.95836539112, 2.9989307847, -1.0, 2.99995597376, 2.72343479808, -0.969403388653, 1.0, -1.0, 0.0204173296699, 1.89805580559, 1.77807837821, -0.980853979394, 0.0216067753434, 6.80530864859e-05, 0.00323305866162, 1.01053332711, -1.0, 0.901194954411, 2.0, 0.986944305792, 1.91666249741, 2.98896263415, 0.000668171947269, 0.977610421267, 93933.0, 603, 99494.0
3.0, 1.95393146418, 0.0446519045568, -0.98710651717, 1.00044723336, 0.954048357627, 2.04145042258, 0.0, 2.0368232346, -0.0376399410596, 2.038187964, 1.0, 2.0000090515, 1.00015221519, 0.0, 2.9951945222, -0.325897467403, 0.0, 1.3272077905, 3.0, 2.0, 2.08635800619, 1.00998310552, -0.934581681139, 0.00508568615191, -0.981110792727, 2.95836539112, 2.9989307847, -1.0, 2.99995597376, 2.72343479808, -0.969403388653, 1.0, -1.0, 0.0204173296699, 1.89805580559, 1.77807837821, -0.980853979394, 0.0216067753434, 6.80530864859e-05, 0.00323305866162, 1.01053332711, -1.0, 0.901194954411, 2.0, 0.986944305792, 1.91666249741, 2.98896263415, 0.000668171947269, 0.977610421267, 93933.0, 603, 99494.0
3.0, 1.95393146418, 0.0446519045568, -0.98710651717, 1.00044723336, 0.954048357627, 2.04145042258, 0.0, 2.0368232346, -0.0376399410596, 2.038187964, 1.0, 2.0000090515, 1.00015221519, 0.0, 2.9951945222, -0.325897467403, 0.0, 1.3272077905, 3.0, 2.0, 2.08635800619, 1.00998310552, -0.934581681139, 0.00508568615191, -0.981110792727, 2.95836539112, 2.9989307847, -1.0, 2.99995597376, 2.72343479808, -0.969403388653, 1.0, -1.0, 0.0204173296699, 1.89805580559, 1.77807837821, -0.980853979394, 0.0216067753434, 6.80530864859e-05, 0.00323305866162, 1.01053332711, -1.0, 0.901194954411, 2.0, 0.986944305792, 1.91666249741, 2.98896263415, 0.000668171947269, 0.977610421267, 93933.0, 603, 99494.0
3.0, 1.95393146418, 0.0446519045568, -0.98710651717, 1.00044723336, 0.954048357627, 2.04145042258, 0.0, 2.0368232346, -0.0376399410596, 2.038187964, 1.0, 2.0000090515, 1.00015221519, 0.0, 2.9951945222, -0.325897467403, 0.0, 1.3272077905, 3.0, 2.0, 2.08635800619, 1.00998310552, -0.934581681139, 0.00508568615191, -0.981110792727, 2.95836539112, 2.9989307847, -1.0, 2.99995597376, 2.72343479808, -0.969403388653, 1.0, -1.0, 0.0204173296699, 1.89805580559, 1.77807837821, -0.980853979394, 0.0216067753434, 6.80530864859e-05, 0.00323305866162, 1.01053332711, -1.0, 0.901194954411, 2.0, 0.986944305792, 1.91666249741, 2.98896263415, 0.000668171947269, 0.977610421267, 93933.0, 603, 99494.0
3.0, 1.95393146418, 0.0446519045568, -0.98710651717, 1.00044723336, 0.954048357627, 2.04145042258, 0.0, 2.0368232346, -0.0376399410596, 2.038187964, 1.0, 2.0000090515, 1.00015221519, 0.0, 2.9951945222, -0.325897467403, 0.0, 1.3272077905, 3.0, 2.0, 2.08635800619, 1.00998310552, -0.934581681139, 0.00508568615191, -0.981110792727, 2.95836539112, 2.9989307847, -1.0, 2.99995597376, 2.72343479808, -0.969403388653, 1.0, -1.0, 0.0204173296699, 1.89805580559, 1.77807837821, -0.980853979394, 0.0216067753434, 6.80530864859e-05, 0.00323305866162, 1.01053332711, -1.0, 0.901194954411, 2.0, 0.986944305792, 1.91666249741, 2.98896263415, 0.000668171947269, 0.977610421267, 93933.0, 603, 99494.0
3.0, 1.95393146418, 0.0446519045568, -0.98710651717, 1.00044723336, 0.954048357627, 2.04145042258, 0.0, 2.0368232346, -0.0376399410596, 2.038187964, 1.0, 2.0000090515, 1.00015221519, 0.0, 2.9951945222, -0.325897467403, 0.0, 1.3272077905, 3.0, 2.0, 2.08635800619, 1.00998310552, -0.934581681139, 0.00508568615191, -0.981110792727, 2.95836539112, 2.9989307847, -1.0, 2.99995597376, 2.72343479808, -0.969403388653, 1.0, -1.0, 0.0204173296699, 1.89805580559, 1.77807837821, -0.980853979394, 0.0216067753434, 6.80530864859e-05, 0.00323305866162, 1.01053332711, -1.0, 0.901194954411, 2.0, 0.986944305792, 1.91666249741, 2.98896263415, 0.000668171947269, 0.977610421267, 93933.0, 603, 99494.0
3.0, 1.95393146418, 0.0446519045568, -0.98710651717, 1.00044723336, 0.954048357627, 2.04145042258, 0.0, 2.0368232346, -0.0376399410596, 2.038187964, 1.0, 2.0000090515, 1.00015221519, 0.0, 2.9951945222, -0.325897467403, 0.0, 1.3272077905, 3.0, 2.0, 2.08635800619, 1.00998310552, -0.934581681139, 0.00508568615191, -0.981110792727, 2.95836539112, 2.9989307847, -1.0, 2.99995597376, 2.72343479808, -0.969403388653, 1.06636204111, -1.0, 0.0204173296699, 1.89805580559, 1.77807837821, -0.980853979394, 0.0216067753434, 6.80530864859e-05, 0.00323305866162, 1.01053332711, -1.0, 0.901194954411, 2.0, 0.986944305792, 1.91666249741, 2.98896263415, 0.000668171947269, 0.977610421267, 93933.0, 603, 99494.0
3.0, 1.95393146418, 0.0446519045568, -0.98710651717, 1.00044723336, 0.954048357627, 2.04145042258, 0.0, 2.0368232346, -0.0376399410596, 2.038187964, 1.0, 2.0000090515, 1.00015221519, 0.0, 2.9951945222, -0.325897467403, 0.0, 1.3272077905, 3.0, 2.0, 2.08635800619, 1.00998310552, -0.934581681139, 0.00508568615191, -0.981110792727, 2.95836539112, 2.9989307847, -1.0, 2.99995597376, 2.72343479808, -0.969403388653, 1.06636204111, -1.0, 0.0204173296699, 1.89805580559, 1.77807837821, -0.980853979394, 0.0216067753434, 6.80530864859e-05, 0.00323305866162, 1.01053332711, -1.0, 0.901194954411, 2.0, 0.986944305792, 1.91666249741, 2.98896263415, 0.000668171947269, 0.977610421267, 93933.0, 603, 99494.0
3.0, 1.95393146418, 0.0446519045568, -0.98710651717, 1.00044723336, 0.954048357627, 2.04145042258, 0.0, 2.0368232346, -0.0376399410596, 2.038187964, 1.0, 2.0000090515, 1.00015221519, 0.0, 2.9951945222, -0.325897467403, 0.0, 1.3272077905, 3.0, 2.0, 2.08635800619, 1.00998310552, -0.934581681139, 0.00508568615191, -0.981110792727, 2.95836539112, 2.9989307847, -1.0, 2.99995597376, 2.72343479808, -0.969403388653, 1.06636204111, -1.0, 0.0204173296699, 1.89805580559, 1.77807837821, -0.980853979394, 0.0216067753434, 6.80530864859e-05, 0.00323305866162, 1.01053332711, -1.0, 0.901194954411, 2.0, 0.986944305792, 1.91666249741, 2.98896263415, 0.000668171947269, 0.977610421267, 93933.0, 603, 99494.0
3.0, 1.95393146418, 0.0446519045568, -0.98710651717, 1.00044723336, 0.954048357627, 2.04145042258, 0.0, 2.0368232346, -0.0376399410596, 2.038187964, 1.0, 2.0000090515, 1.00015221519, 0.0, 2.9951945222, -0.325897467403, 0.0, 1.3272077905, 3.0, 2.0, 2.08635800619, 1.00998310552, -0.934581681139, 0.00508568615191, -0.981110792727, 2.95836539112, 2.9989307847, -1.0, 2.99995597376, 2.72343479808, -0.969403388653, 1.06636204111, -1.0, 0.0204173296699, 1.89805580559, 1.77807837821, -0.980853979394, 0.0216067753434, 6.80530864859e-05, 0.00323305866162, 1.01053332711, -1.0, 0.901194954411, 2.0, 0.986944305792, 1.91666249741, 2.98896263415, 0.000668171947269, 0.977610421267, 93933.0, 603, 99494.0
3.0, 1.95393146418, 0.0446519045568, -0.98710651717, 1.00044723336, 0.954048357627, 2.04145042258, 0.0, 2.0368232346, -0.0376399410596, 2.038187964, 1.0, 2.0000090515, 1.00015221519, 0.0, 2.9951945222, -0.325897467403, 0.0, 1.3272077905, 3.0, 2.0, 2.08635800619, 1.00998310552, -0.934581681139, 0.00508568615191, -0.981110792727, 2.95836539112, 2.9989307847, -1.0, 2.99995597376, 2.72343479808, -0.969403388653, 1.06636204111, -1.0, 0.0204173296699, 1.89805580559, 1.77807837821, -0.980853979394, 0.0216067753434, 6.80530864859e-05, 0.00323305866162, 1.01053332711, -1.0, 0.901194954411, 2.0, 0.986944305792, 1.91666249741, 2.98896263415, 0.000668171947269, 0.977610421267, 93933.0, 603, 99494.0
3.0, 1.95393146418, 0.0446519045568, -0.98710651717, 1.00044723336, 0.954048357627, 2.04145042258, 0.0, 2.0368232346, -0.0376399410596, 2.038187964, 1.0, 2.0000090515, 1.00015221519, 0.0, 2.9951945222, -0.325897467403, 0.0, 1.3272077905, 3.0, 2.0, 2.08635800619, 1.00998310552, -0.934581681139, 0.00508568615191, -0.981110792727, 2.95836539112, 2.9989307847, -1.0, 2.99995597376, 2.72343479808, -0.969403388653, 1.06636204111, -1.0, 0.0204173296699, 1.89805580559, 1.77807837821, -0.980853979394, 0.0216067753434, 6.80530864859e-05, 0.00323305866162, 1.01053332711, -1.0, 0.901194954411, 2.0, 0.986944305792, 1.91666249741, 2.98896263415, 0.000668171947269, 0.977610421267, 93933.0, 603, 99494.0
3.0, 1.95393146418, 0.0446519045568, -0.98710651717, 1.00044723336, 0.954048357627, 2.04145042258, 0.0, 2.0368232346, -0.0376399410596, 2.038187964, 1.0, 2.0000090515, 1.00015221519, 0.0, 2.9951945222, -0.325897467403, 0.0, 1.3272077905, 3.0, 2.0, 2.08635800619, 1.00998310552, -0.934581681139, 0.00508568615191, -0.981110792727, 2.95836539112, 2.9989307847, -1.0, 2.99995597376, 2.72343479808, -0.969403388653, 1.06636204111, -1.0, 0.0204173296699, 1.89805580559, 1.77807837821, -0.980853979394, 0.0216067753434, 6.80530864859e-05, 0.00323305866162, 1.01053332711, -1.0, 0.901194954411, 2.0, 0.986944305792, 1.91666249741, 2.98896263415, 0.000668171947269, 0.977610421267, 93933.0, 603, 99494.0
3.0, 1.95393146418, 0.0446519045568, -0.98710651717, 1.00044723336, 0.954048357627, 2.04145042258, 0.0, 2.0368232346, -0.0376399410596, 2.038187964, 1.0, 2.0000090515, 1.00015221519, 0.0, 2.9951945222, -0.032434156358, 0.0, 1.3272077905, 3.0, 2.0, 2.08635800619, 1.00998310552, -0.934581681139, 0.00508568615191, -0.981110792727, 2.92702568903, 2.9989307847, -1.0, 2.99995597376, 2.72343479808, -0.969403388653, 1.0, -1.0, 0.0204173296699, 1.89805580559, 1.77807837821, -0.980853979394, 0.0216067753434, 6.80530864859e-05, 0.00323305866162, 1.01053332711, -1.0, 0.901194954411, 2.0, 0.986944305792, 1.91666249741, 2.98896263415, 0.000668171947269, 0.977610421267, 93933.0, 603, 99494.0
3.0, 1.95393146418, 0.0446519045568, -0.98710651717, 1.00044723336, 0.954048357627, 2.04145042258, 0.0, 2.0368232346, -0.0376399410596, 2.038187964, 1.0, 2.0000090515, 1.00015221519, 0.0, 2.9951945222, -0.032434156358, 0.0, 1.3272077905, 3.0, 2.0, 2.08635800619, 1.00998310552, -0.934581681139, 0.00508568615191, -0.981110792727, 2.92702568903, 2.9989307847, -1.0, 2.99995597376, 2.72343479808, -0.969403388653, 1.0, -1.0, 0.0204173296699, 1.89805580559, 1.77807837821, -0.980853979394, 0.0216067753434, 6.80530864859e-05, 0.00323305866162, 1.01053332711, -1.0, 0.901194954411, 2.0, 0.986944305792, 1.91666249741, 2.98896263415, 0.000668171947269, 0.977610421267, 93933.0, 603, 99494.0
3.0, 1.95393146418, 0.0446519045568, -0.98710651717, 1.00044723336, 0.954048357627, 2.04145042258, 0.0, 2.0368232346, -0.0376399410596, 2.038187964, 1.0, 2.0000090515, 1.00015221519, 0.0, 2.9951945222, -0.032434156358, 0.0, 1.3272077905, 3.0, 2.0, 2.08635800619, 1.00998310552, -0.934581681139, 0.00508568615191, -0.981110792727, 2.92702568903, 2.9989307847, -1.0, 2.99995597376, 2.72343479808, -0.969403388653, 1.0, -1.0, 0.0204173296699, 1.89805580559, 1.77807837821, -0.980853979394, 0.0216067753434, 6.80530864859e-05, 0.00323305866162, 1.01053332711, -1.0, 0.901194954411, 2.0, 0.986944305792, 1.91666249741, 2.98896263415, 0.000668171947269, 0.977610421267, 93933.0, 603, 99494.0
3.0, 1.95393146418, 0.0446519045568, -0.98710651717, 1.00044723336, 0.954048357627, 2.04145042258, 0.0, 2.0368232346, -0.0376399410596, 2.038187964, 1.0, 2.0000090515, 1.00015221519, 0.0, 2.9951945222, -0.032434156358, 0.0, 1.3272077905, 3.0, 2.0, 2.08635800619, 1.00998310552, -0.934581681139, 0.00508568615191, -0.981110792727, 2.92702568903, 2.9989307847, -1.0, 2.99995597376, 2.72343479808, -0.969403388653, 1.0, -1.0, 0.0204173296699, 1.89805580559, 1.77807837821, -0.980853979394, 0.0216067753434, 6.80530864859e-05, 0.00323305866162, 1.01053332711, -1.0, 0.901194954411, 2.0, 0.986944305792, 1.91666249741, 2.98896263415, 0.000668171947269, 0.977610421267, 93933.0, 603, 99494.0
3.0, 1.95393146418, 0.0446519045568, -0.98710651717, 1.00044723336, 0.954048357627, 2.04145042258, 0.0, 2.0368232346, -0.0376399410596, 2.038187964, 1.0, 2.0000090515, 1.00015221519, 0.0, 2.9951945222, -0.032434156358, 0.0, 1.3272077905, 3.0, 2.0, 2.08635800619, 1.00998310552, -0.934581681139, 0.00508568615191, -0.981110792727, 2.92702568903, 2.9989307847, -1.0, 2.99995597376, 2.72343479808, -0.969403388653, 1.0, -1.0, 0.0204173296699, 1.89805580559, 1.77807837821, -0.980853979394, 0.0216067753434, 6.80530864859e-05, 0.00323305866162, 1.01053332711, -1.0, 0.901194954411, 2.0, 0.986944305792, 1.91666249741, 2.98896263415, 0.000668171947269, 0.977610421267, 93933.0, 603, 99494.0
3.0, 1.95393146418, 0.0446519045568, -0.98710651717, 1.00044723336, 0.954048357627, 2.04145042258, 0.0, 2.0368232346, -0.0376399410596, 2.038187964, 1.0, 2.0000090515, 1.00015221519, 0.0, 2.9951945222, -0.032434156358, 0.0, 1.3272077905, 3.0, 2.0, 2.08635800619, 1.00998310552, -0.934581681139, 0.00508568615191, -0.981110792727, 2.92702568903, 2.9989307847, -1.0, 2.99995597376, 2.72343479808, -0.969403388653, 1.0, -1.0, 0.0204173296699, 1.89805580559, 1.77807837821, -0.980853979394, 0.0216067753434, 6.80530864859e-05, 0.00323305866162, 1.01053332711, -1.0, 0.901194954411, 2.0, 0.986944305792, 1.91666249741, 2.98896263415, 0.000668171947269, 0.977610421267, 93933.0, 603, 99494.0
3.0, 1.95393146418, 0.0446519045568, -0.98710651717, 1.00044723336, 0.954048357627, 2.04145042258, 0.0, 2.0368232346, -0.0376399410596, 2.038187964, 1.0, 2.0000090515, 1.00015221519, 0.0, 2.9951945222, -0.032434156358, 0.0, 1.3272077905, 3.0, 2.0, 2.08635800619, 1.00998310552, -0.934581681139, 0.00508568615191, -0.981110792727, 2.92702568903, 2.9989307847, -1.0, 2.99995597376, 2.72343479808, -0.969403388653, 1.0, -1.0, 0.0204173296699, 1.89805580559, 1.77807837821, -0.980853979394, 0.0216067753434, 6.80530864859e-05, 0.00323305866162, 1.01053332711, -1.0, 0.901194954411, 2.0, 0.986944305792, 1.91666249741, 2.98896263415, 0.000668171947269, 0.977610421267, 93933.0, 603, 99494.0
3.0, 1.95393146418, 0.0446519045568, -0.98710651717, 1.00044723336, 0.954048357627, 2.04145042258, 0.0, 2.0368232346, -0.0376399410596, 2.038187964, 1.0, 2.0000090515, 1.00015221519, 0.0, 2.9951945222, -0.032434156358, 0.0, 1.3272077905, 3.0, 2.0, 2.08635800619, 1.00998310552, -0.934581681139, 0.00508568615191, -0.981110792727, 2.92702568903, 2.9989307847, -1.0, 2.99995597376, 2.72343479808, -0.969403388653, 1.0, -1.0, 0.0204173296699, 1.89805580559, 1.77807837821, -0.980853979394, 0.0216067753434, 6.80530864859e-05, 0.00323305866162, 1.01053332711, -1.0, 0.901194954411, 2.0, 0.986944305792, 1.91666249741, 2.98896263415, 0.000668171947269, 0.977610421267, 93933.0, 603, 99494.0
2.83792215256, -1.0, 0.0898482488125, -1.0, 1.00023622462, 0.964625468068, 1.99827896785, 0.0, 2.00027315293, -0.0377109718858, -1.0, 1.0, 2.0, 0.997920855108, 1.9636159152, 2.99997231287, 1.06023708859, 0.0, 0.981505392627, 3.0, 2.0, 0.0, 1.00651022861, -1.0, 0.00517743864671, -0.793011013993, 2.92689949432, 2.94444718856, -0.977835299417, 2.99460079203, -0.961652355416, -0.969812446693, 1.03135287808, -1.0, 0.0, 2.04119041632, 2.0, 1.06327797459, -0.012820878351, 6.8845768042e-05, 0.00171826153626, 2.0, -1.0, 0.994560765946, 2.97226625611, 0.987334795442, 1.91667665376, 2.98898842532, 0.0, 0.0, 94180.0, 568, 99516.0
2.83792215256, -1.0, 0.0898482488125, -1.0, 1.00023622462, 0.964625468068, 1.99827896785, 0.0, 2.00027315293, -0.0377109718858, -1.0, 1.0, 2.0, 0.997920855108, 1.9636159152, 2.99997231287, 1.06023708859, 0.0, 0.981505392627, 3.0, 2.0, 0.0, 1.00651022861, -1.0, 0.00517743864671, -0.793011013993, 2.92689949432, 2.94444718856, -0.977835299417, 2.99460079203, -0.961652355416, -0.969812446693, 1.03135287808, -1.0, 0.0, 2.04119041632, 2.0, 1.06327797459, -0.012820878351, 6.8845768042e-05, 0.00171826153626, 2.0, -1.0, 0.994560765946, 2.97226625611, 0.987334795442, 1.91667665376, 2.98898842532, 0.0, 0.0, 94180.0, 568, 99516.0
3.0, 1.95393146418, 0.0446519045568, -0.98710651717, 1.00044723336, 0.954048357627, 2.04145042258, 0.0, 2.0368232346, -0.0376399410596, 2.038187964, 1.0, 2.0000090515, 1.00015221519, 0.0, 2.9951945222, -0.032434156358, 0.0, 1.3272077905, 3.0, 2.0, 2.08635800619, 1.00998310552, -0.934581681139, 0.00508568615191, -0.981110792727, 2.92702568903, 2.9989307847, -1.0, 2.99995597376, 2.72343479808, -0.969403388653, 1.0, -1.0, 0.0204173296699, 1.89805580559, 1.77807837821, -0.980853979394, 0.0216067753434, 6.80530864859e-05, 0.00323305866162, 1.01053332711, -1.0, 0.871266870557, 2.0, 0.986944305792, 1.91666249741, 2.98896263415, 0.000668171947269, 0.977610421267, 93933.0, 603, 99494.0
3.0, 1.95393146418, 0.0446519045568, -0.98710651717, 1.00044723336, 0.954048357627, 2.04145042258, 0.0, 2.0368232346, -0.0376399410596, 2.038187964, 1.0, 2.0000090515, 1.00015221519, 0.0, 2.9951945222, -0.032434156358, 0.0, 1.3272077905, 3.0, 2.0, 2.08635800619, 1.00998310552, -0.934581681139, 0.00508568615191, -0.981110792727, 2.92702568903, 2.9989307847, -1.0, 2.99995597376, 2.72343479808, -0.969403388653, 1.0, -1.0, 0.0204173296699, 1.89805580559, 1.77807837821, -0.980853979394, 0.0216067753434, 6.80530864859e-05, 0.00323305866162, 1.01053332711, -1.0, 0.871266870557, 2.0, 0.986944305792, 1.91666249741, 2.98896263415, 0.000668171947269, 0.977610421267, 93933.0, 603, 99494.0
3.0, 1.95393146418, 0.0446519045568, -0.98710651717, 1.00044723336, 0.954048357627, 2.04145042258, 0.0, 2.0368232346, -0.0376399410596, 2.038187964, 1.0, 2.0000090515, 1.00015221519, 0.0, 2.9951945222, -0.032434156358, 0.0, 1.3272077905, 3.0, 2.0, 2.08635800619, 1.00998310552, -0.934581681139, 0.00508568615191, -0.981110792727, 2.92702568903, 2.9989307847, -1.0, 2.99995597376, 2.72343479808, -0.969403388653, 1.0, -1.0, 0.0204173296699, 1.89805580559, 1.77807837821, -0.980853979394, 0.0216067753434, 6.80530864859e-05, 0.00323305866162, 1.01053332711, -1.0, 0.871266870557, 2.0, 0.986944305792, 1.91666249741, 2.98896263415, 0.000668171947269, 0.977610421267, 93933.0, 603, 99494.0
3.0, 1.95393146418, 0.0446519045568, -0.98710651717, 1.00044723336, 0.954048357627, 2.04145042258, 0.0, 2.0368232346, -0.0376399410596, 2.038187964, 1.0, 2.0000090515, 1.00015221519, 0.0, 2.9951945222, -0.032434156358, 0.0, 1.3272077905, 3.0, 2.0, 2.08635800619, 1.00998310552, -0.934581681139, 0.00508568615191, -0.981110792727, 2.92702568903, 2.9989307847, -1.0, 2.99995597376, 2.72343479808, -0.969403388653, 1.0, -1.0, 0.0204173296699, 1.89805580559, 1.77807837821, -0.980853979394, 0.0216067753434, 6.80530864859e-05, 0.00323305866162, 1.01053332711, -1.0, 0.871266870557, 2.0, 0.986944305792, 1.91666249741, 2.98896263415, 0.000668171947269, 0.977610421267, 93933.0, 603, 99494.0
3.0, 1.95393146418, 0.0446519045568, -0.98710651717, 1.00044723336, 0.954048357627, 2.04145042258, 0.0, 2.0368232346, -0.0376399410596, 2.038187964, 1.0, 2.0000090515, 1.00015221519, 0.0, 2.9951945222, -0.032434156358, 0.0, 1.3272077905, 3.0, 2.0, 2.08635800619, 1.00998310552, -0.934581681139, 0.00508568615191, -0.981110792727, 2.92702568903, 2.9989307847, -1.0, 2.99995597376, 2.72343479808, -0.969403388653, 1.0, -1.0, 0.0204173296699, 1.89805580559, 1.77807837821, -0.980853979394, 0.0216067753434, 6.80530864859e-05, 0.00323305866162, 1.01053332711, -1.0, 0.871266870557, 2.0, 0.986944305792, 1.91666249741, 2.98896263415, 0.000668171947269, 0.977610421267, 93933.0, 603, 99494.0
3.0, 1.95393146418, 0.0446519045568, -0.98710651717, 1.00044723336, 0.954048357627, 2.04145042258, 0.0, 2.0368232346, -0.0376399410596, 2.038187964, 1.0, 2.0000090515, 1.00015221519, 0.0, 2.9951945222, -0.032434156358, 0.0, 1.3272077905, 3.0, 2.0, 2.08635800619, 1.00998310552, -0.934581681139, 0.00508568615191, -0.981110792727, 2.92702568903, 2.9989307847, -1.0, 2.99995597376, 2.72343479808, -0.969403388653, 1.0, -1.0, 0.0204173296699, 1.89805580559, 1.77807837821, -0.980853979394, 0.0216067753434, 6.80530864859e-05, 0.00323305866162, 1.01053332711, -1.0, 0.871266870557, 2.0, 0.986944305792, 1.91666249741, 2.98896263415, 0.000668171947269, 0.977610421267, 93933.0, 603, 99494.0
3.0, 1.95393146418, 0.0446519045568, -0.98710651717, 1.00044723336, 0.954048357627, 2.04145042258, 0.0, 2.0368232346, -0.0376399410596, 2.038187964, 1.0, 2.0000090515, 1.00015221519, 0.0, 2.9951945222, -0.032434156358, 0.0, 1.3272077905, 3.0, 2.0, 2.08635800619, 1.00998310552, -0.934581681139, 0.00508568615191, -0.981110792727, 2.9265382671, 2.9989307847, -1.0, 2.99997069139, 2.72343479808, -0.969403388653, 1.0, -1.0, 0.0204173296699, 1.89805580559, 1.77807837821, -0.980853979394, 0.0216067753434, 6.80530864859e-05, 0.00323305866162, 1.01053332711, -1.0, 0.901194954411, 2.0, 0.986944305792, 1.91666249741, 2.98896263415, 0.104786371276, 0.977610421267, 93933.0, 603, 99494.0
3.0, 1.95393146418, 0.0446519045568, -0.98710651717, 1.00044723336, 0.954048357627, 2.04145042258, 0.0, 2.0368232346, -0.0376399410596, 2.038187964, 1.0, 2.0000090515, 1.00015221519, 0.0, 2.9951945222, -0.325897467403, 0.0, 1.3272077905, 3.0, 2.0, 2.08635800619, 1.00998310552, -0.934581681139, 0.178000311776, -0.981110792727, 2.95836539112, 2.9989307847, -1.0, 2.99995597376, 2.72343479808, -0.969403388653, 1.06636204111, -1.0, 0.0204173296699, 1.97375911506, 1.77807837821, -0.980853979394, 0.0216067753434, 6.80530864859e-05, 0.00323305866162, 1.01053332711, -1.0, 0.901194954411, 2.0, 0.986944305792, 1.91666249741, 2.98896263415, 0.000668171947269, 0.977610421267, 93933.0, 603, 99494.0
3.0, 1.95393146418, 0.0446519045568, -0.98710651717, 1.00044723336, 0.954048357627, 2.04145042258, 0.0, 2.0368232346, -0.0376399410596, 2.038187964, 1.0, 2.0000090515, 1.00015221519, 0.0, 2.9951945222, -0.325897467403, 0.0, 1.3272077905, 3.0, 2.0, 2.08635800619, 1.00998310552, -0.934581681139, 0.178000311776, -0.981110792727, 2.95836539112, 2.9989307847, -1.0, 2.99995597376, 2.72343479808, -0.969403388653, 1.06636204111, -1.0, 0.0204173296699, 1.97375911506, 1.77807837821, -0.980853979394, 0.0216067753434, 6.80530864859e-05, 0.00323305866162, 1.01053332711, -1.0, 0.901194954411, 2.0, 0.986944305792, 1.91666249741, 2.98896263415, 0.000668171947269, 0.977610421267, 93933.0, 603, 99494.0
3.0, 1.95393146418, 0.0446519045568, -0.98710651717, 1.00044723336, 0.954048357627, 2.04145042258, 0.0, 2.0368232346, -0.0376399410596, 2.038187964, 1.0, 2.0000090515, 1.00015221519, 0.0, 2.9951945222, -0.323213108437, 0.0, 1.3272077905, 3.0, 2.0, 2.08635800619, 1.00998310552, -0.934581681139, 0.00508568615191, -0.981110792727, 2.92644416595, 2.9989307847, -1.0, 2.99995597376, 2.72343479808, -0.969403388653, 1.00077863309, -1.0, 0.0204173296699, 1.89805580559, 1.77807837821, -0.980853979394, 0.0216067753434, 6.80530864859e-05, 0.00323305866162, 1.01053332711, -1.0, 0.901194954411, 2.0, 0.986944305792, 1.91666249741, 2.98896263415, 0.000668171947269, 0.977610421267, 93933.0, 603, 99494.0
3.0, 1.95393146418, 0.0446519045568, -0.98710651717, 1.00044723336, 0.954048357627, 2.04145042258, 0.0, 2.0368232346, -0.0376399410596, 2.038187964, 1.0, 2.0000090515, 1.00015221519, 0.0, 2.9951945222, -0.323213108437, 0.0, 1.3272077905, 3.0, 2.0, 2.08635800619, 1.00998310552, -0.934581681139, 0.00508568615191, -0.981110792727, 2.92644416595, 2.9989307847, -1.0, 2.99995597376, 2.72343479808, -0.969403388653, 1.00077863309, -1.0, 0.0204173296699, 1.89805580559, 1.77807837821, -0.980853979394, 0.0216067753434, 6.80530864859e-05, 0.00323305866162, 1.01053332711, -1.0, 0.901194954411, 2.0, 0.986944305792, 1.91666249741, 2.98896263415, 0.000668171947269, 0.977610421267, 93933.0, 603, 99494.0
3.0, 1.95393146418, 0.0446519045568, -0.98710651717, 1.00044723336, 0.954048357627, 2.04145042258, 0.0, 2.0368232346, -0.0376399410596, 2.038187964, 1.0, 2.0000090515, 1.00015221519, 0.0, 2.9951945222, -0.032434156358, 0.0, 1.3272077905, 3.0, 2.0, 2.08635800619, 1.00998310552, -0.934581681139, 0.00508568615191, -0.981110792727, 2.9265382671, 2.9989307847, -1.0, 2.99995597376, 2.72343479808, -0.969403388653, 1.0, -1.0, 0.0204173296699, 1.97292239845, 1.77807837821, -0.980853979394, 0.0216067753434, 6.80530864859e-05, 0.00323305866162, 1.01053332711, -1.0, 0.901194954411, 2.0, 0.986944305792, 1.91666249741, 2.98896263415, 0.000668171947269, 0.977610421267, 93933.0, 603, 99494.0
3.0, 1.95393146418, 0.0446519045568, -0.98710651717, 1.00044723336, 0.954048357627, 2.04145042258, 0.0, 2.0368232346, -0.0376399410596, 2.038187964, 1.0, 2.0000090515, 1.00015221519, 0.0, 2.9951945222, -0.032434156358, 0.0, 1.3272077905, 3.0, 2.0, 2.08635800619, 1.00998310552, -0.934581681139, 0.00508568615191, -0.981110792727, 2.9265382671, 2.9989307847, -1.0, 2.99995597376, 2.72343479808, -0.969403388653, 1.0, -1.0, 0.0204173296699, 1.97292239845, 1.77807837821, -0.980853979394, 0.0216067753434, 6.80530864859e-05, 0.00323305866162, 1.01053332711, -1.0, 0.901194954411, 2.0, 0.986944305792, 1.91666249741, 2.98896263415, 0.000668171947269, 0.977610421267, 93933.0, 603, 99494.0
3.0, 1.95393146418, 0.0446519045568, -0.98710651717, 1.00044723336, 0.954048357627, 2.04145042258, 0.0, 2.0368232346, -0.0376399410596, 2.038187964, 1.0, 2.0000090515, 1.00015221519, 0.0, 2.9951945222, -0.032434156358, 0.0, 1.3272077905, 3.0, 2.0, 2.08635800619, 1.00998310552, -0.934581681139, 0.00508568615191, -0.981110792727, 2.9265382671, 2.9989307847, -1.0, 2.99995597376, 2.72343479808, -0.969403388653, 1.0, -1.0, 0.0372554740593, 1.89859075994, 1.77807837821, -0.980853979394, 0.0216067753434, 6.80530864859e-05, 0.00323305866162, 1.01053332711, -1.0, 0.901194954411, 2.0, 0.986944305792, 1.91666249741, 2.98896263415, 0.000668171947269, 0.977610421267, 93933.0, 603, 99494.0
3.0, 1.95393146418, 0.0446519045568, -0.98710651717, 1.00044723336, 0.954048357627, 2.04145042258, 0.0, 2.0368232346, -0.0376399410596, 2.038187964, 1.0, 2.0000090515, 1.00015221519, 0.0, 2.9951945222, -0.032434156358, 0.0, 1.3272077905, 3.0, 2.0, 2.08635800619, 1.00998310552, -0.934581681139, 0.00508568615191, -0.981110792727, 2.9265382671, 2.9989307847, -1.0, 2.99995597376, 2.72343479808, -0.969403388653, 1.0, -1.0, 0.0372554740593, 1.89859075994, 1.77807837821, -0.980853979394, 0.0216067753434, 6.80530864859e-05, 0.00323305866162, 1.01053332711, -1.0, 0.901194954411, 2.0, 0.986944305792, 1.91666249741, 2.98896263415, 0.000668171947269, 0.977610421267, 93933.0, 603, 99494.0
3.0, 1.95393146418, 0.0446519045568, -0.98710651717, 1.00044723336, 0.954048357627, 2.04145042258, 0.0, 2.0368232346, -0.0376399410596, 2.038187964, 1.0, 2.0000090515, 1.00015221519, 0.0, 2.9951945222, -0.325897467403, 0.0, 1.3272077905, 3.0, 2.0, 2.08635800619, 1.00998310552, -0.936669692393, 0.00508568615191, -0.981110792727, 2.95836539112, 2.9989307847, -1.0, 2.99995597376, 2.72343479808, -0.969403388653, 1.06636204111, -1.0, 0.0204173296699, 1.89802178761, 1.77807837821, -0.980853979394, 0.0216067753434, 6.80530864859e-05, 0.00323305866162, 1.01053332711, -1.0, 0.901194954411, 2.0, 0.986944305792, 1.91666249741, 2.98896263415, 0.000668171947269, 0.977610421267, 93933.0, 603, 99494.0
3.0, 1.95393146418, 0.0446519045568, -0.98710651717, 1.00044723336, 0.954048357627, 2.04145042258, 0.0, 2.0368232346, -0.0376399410596, 2.038187964, 1.0, 2.0000090515, 1.00015221519, 0.0, 2.9951945222, -0.325897467403, 0.0, 1.3272077905, 3.0, 2.0, 2.08635800619, 1.00998310552, -0.936669692393, 0.00508568615191, -0.981110792727, 2.95836539112, 2.9989307847, -1.0, 2.99995597376, 2.72343479808, -0.969403388653, 1.06636204111, -1.0, 0.0204173296699, 1.89802178761, 1.77807837821, -0.980853979394, 0.0216067753434, 6.80530864859e-05, 0.00323305866162, 1.01053332711, -1.0, 0.901194954411, 2.0, 0.986944305792, 1.91666249741, 2.98896263415, 0.000668171947269, 0.977610421267, 93933.0, 603, 99494.0
3.0, 1.95393146418, 0.0446519045568, -0.98710651717, 1.00044723336, 0.954048357627, 2.04145042258, 0.0, 2.0368232346, -0.0376399410596, 2.038187964, 1.0, 2.0000090515, 1.00015221519, 0.0, 2.9951945222, -0.325897467403, 0.0, 1.3272077905, 3.0, 2.0, 2.08635800619, 1.00998310552, -0.936669692393, 0.00508568615191, -0.981110792727, 2.95836539112, 2.9989307847, -1.0, 2.99995597376, 2.72343479808, -0.969403388653, 1.06636204111, -1.0, 0.0204173296699, 1.89802178761, 1.77807837821, -0.980853979394, 0.0216067753434, 6.80530864859e-05, 0.00323305866162, 1.01053332711, -1.0, 0.901194954411, 2.0, 0.986944305792, 1.91666249741, 2.98896263415, 0.000668171947269, 0.977610421267, 93933.0, 603, 99494.0
3.0, 1.95393146418, 0.0446519045568, -0.98710651717, 1.00044723336, 0.954048357627, 2.04145042258, 0.0, 2.0368232346, -0.0376399410596, 2.038187964, 1.0, 2.0000090515, 1.00015221519, 0.0, 2.9951945222, -0.325897467403, 0.0, 1.3272077905, 3.0, 2.0, 2.08635800619, 1.00998310552, -0.936669692393, 0.00508568615191, -0.981110792727, 2.95836539112, 2.9989307847, -1.0, 2.99995597376, 2.72343479808, -0.969403388653, 1.06636204111, -1.0, 0.0204173296699, 1.89802178761, 1.77807837821, -0.980853979394, 0.0216067753434, 6.80530864859e-05, 0.00323305866162, 1.01053332711, -1.0, 0.901194954411, 2.0, 0.986944305792, 1.91666249741, 2.98896263415, 0.000668171947269, 0.977610421267, 93933.0, 603, 99494.0
3.0, 1.95393146418, 0.0446519045568, -0.98710651717, 1.00044723336, 0.954048357627, 2.04145042258, 0.0, 2.0368232346, -0.0376399410596, 2.038187964, 1.0, 2.0000090515, 1.00015221519, 0.0, 2.9951945222, -0.325897467403, 0.0, 1.3272077905, 3.0, 2.0, 2.08635800619, 1.00998310552, -0.936669692393, 0.00508568615191, -0.981110792727, 2.95836539112, 2.9989307847, -1.0, 2.99995597376, 2.72343479808, -0.969403388653, 1.06636204111, -1.0, 0.0204173296699, 1.89802178761, 1.77807837821, -0.980853979394, 0.0216067753434, 6.80530864859e-05, 0.00323305866162, 1.01053332711, -1.0, 0.901194954411, 2.0, 0.986944305792, 1.91666249741, 2.98896263415, 0.000668171947269, 0.977610421267, 93933.0, 603, 99494.0
3.0, 1.95393146418, 0.0446519045568, -0.98710651717, 1.00044723336, 0.954048357627, 2.04145042258, 0.0, 2.0368232346, -0.0376399410596, 2.038187964, 1.0, 2.0000090515, 1.00015221519, 0.0, 2.9951945222, -0.325897467403, 0.0, 1.3272077905, 3.0, 2.0, 2.08635800619, 1.00998310552, -0.936669692393, 0.00508568615191, -0.981110792727, 2.95836539112, 2.9989307847, -1.0, 2.99995597376, 2.72343479808, -0.969403388653, 1.06636204111, -1.0, 0.0204173296699, 1.89802178761, 1.77807837821, -0.980853979394, 0.0216067753434, 6.80530864859e-05, 0.00323305866162, 1.01053332711, -1.0, 0.901194954411, 2.0, 0.986944305792, 1.91666249741, 2.98896263415, 0.000668171947269, 0.977610421267, 93933.0, 603, 99494.0
3.0, 1.95393146418, 0.0446519045568, -0.98710651717, 1.00044723336, 0.954048357627, 2.04145042258, 0.0, 2.0368232346, -0.0376399410596, 2.038187964, 1.0, 2.0000090515, 1.00015221519, 0.0, 2.9951945222, -0.032434156358, 0.0, 1.3272077905, 3.0, 2.0, 2.08635800619, 1.00998310552, -0.934581681139, 0.00508568615191, -0.981110792727, 2.9265382671, 2.9989307847, -1.0, 2.99995597376, 2.72343479808, -0.969403388653, 1.0, -1.0, 0.305074506721, 1.89805580559, 1.77807837821, -0.980853979394, -0.144195172542, 6.80530864859e-05, 0.00323305866162, 1.01053332711, -1.0, 0.901194954411, 2.0, 0.986944305792, 1.91666249741, 2.98896263415, 0.000668171947269, 0.977610421267, 93933.0, 603, 99494.0
