0.534530376842, 1.16948236978, 2.14902318664, 0.294091893944, 1.63841979534, 43.8155622858, 2.55104778527, 1.50399881865, 23.0027738164, 309.118732468, 0.424782434005, 0.461883408072
0.576799106935, 0.845475983951, 2.03481493574, 0.391990376073, 12.6632228389, 41.155847232, 2.83242348383, 1.15655335676, 22.5812623787, 254.756156376, 0.47944979428, 0.447674418605
0.576799106935, 0.849600807888, 2.03481493574, 0.391990376073, 12.6632228389, 43.5528497478, 2.83242348383, 0.0122087077837, 30.8320286047, 202.291912138, 0.631974052532, 0.152073732719
0.576799106935, 0.849600807888, 2.03481493574, 0.391990376073, 22.0762933238, 43.5528497478, 2.83242348383, 1.50399881865, 42.5068678001, 316.926559739, 0.484437004104, 0.0736842105263
0.576799106935, 0.849600807888, 2.03481493574, 0.391990376073, 12.2673605578, 43.5528497478, 2.83242348383, 0.0122087077837, 23.2975641241, 230.410897909, 0.524716599081, 0.0
0.576799106935, 0.849600807888, 2.03481493574, 0.391990376073, 12.6632228389, 43.5528497478, 2.83242348383, 0.0891543538694, 30.8320286047, 245.326056082, 0.490786842133, 0.00990099009901
0.576799106935, 0.849600807888, 2.46929259606, 0.391990376073, 13.2774042487, 43.5528497478, 2.83242348383, 0.0122087077837, 28.744101686, 321.978989292, 0.439914512422, 0.00917431192661
0.606701506771, 0.849600807888, 2.00141335243, 0.207635516657, 12.6632228389, 41.155847232, 2.83242348383, 1.15655335676, 30.8320286047, 226.156837297, 0.539699676694, 0.0247933884298
0.567423510012, 0.909204686014, 2.16335034294, 0.326516037731, 35.0983891068, 44.203872013, 2.83242348383, 1.50399881865, 23.2975641241, 230.017858132, 0.399106628106, 0.483108108108
0.808158620987, 0.849600807888, 2.1695032797, 0.449191297237, 12.6632228389, 46.2559817468, 2.18843398178, 1.49490032009, 23.0027738164, 221.165107358, 0.470277728928, 0.536277602524
0.532100852224, 0.822617844746, 3.25368939883, 0.214039952417, 35.0983891068, 41.5519359287, 2.01912090439, 1.50399881865, 20.2737191265, 392.02363933, 0.392976036679, 0.465909090909
0.576799106935, 0.849600807888, 2.03481493574, 0.391990376073, 44.1059671896, 43.5528497478, 2.83242348383, 0.0122087077837, 30.8320286047, 322.988199891, 0.496507055473, 0.0
0.576799106935, 0.823733918499, 2.03481493574, 0.391990376073, 22.0762933238, 43.5528497478, 2.83242348383, 1.50399881865, 39.6624769067, 279.405427354, 0.431730700573, 0.412371134021
0.577524074398, 0.909204686014, 2.16335034294, 0.326516037731, 35.0983891068, 44.203872013, 2.55104778527, 1.50399881865, 23.2975641241, 232.801269325, 0.51275986948, 0.0
0.565384324438, 0.983876788436, 2.5288081639, 0.308512236568, 18.7626702229, 41.155847232, 2.39704205765, 1.24495283112, 23.2975641241, 300.641210977, 0.444144032157, 0.0955882352941
0.576799106935, 0.849600807888, 2.03481493574, 0.451801247787, 12.6632228389, 43.5528497478, 2.5795515812, 0.0891543538694, 39.5510413287, 344.333590069, 0.428137651506, 0.0
0.590032072252, 0.914518198328, 2.64388751728, 0.382796345459, 44.1059671896, 44.203872013, 2.68055545338, 1.50399881865, 40.5083735567, 375.358508946, 0.420913070219, 0.102362204724
0.576799106935, 0.849600807888, 2.03481493574, 0.391990376073, 12.6632228389, 43.5528497478, 2.83242348383, 0.0122087077837, 22.5812623787, 204.625483477, 0.576193515535, 0.0169491525424
0.509578554206, 1.10802651701, 3.4578685681, 0.219919216596, 11.7813168947, 46.2559817468, 2.19129078199, 1.54667145872, 39.3819118756, 707.322712975, 0.391549239877, 0.357142857143
0.576799106935, 0.849600807888, 2.14902318664, 0.391990376073, 1.59885949112, 41.155847232, 2.83242348383, 1.618608923, 22.5812623787, 259.773507355, 0.487356162052, 0.339622641509
0.528466012696, 0.957237507645, 2.03481493574, 0.219919216596, 31.0870160096, 44.5703712567, 3.66879533411, 1.63765005994, 34.4638696928, 347.2503031, 0.426388257035, 0.396313364055
0.576799106935, 0.849600807888, 2.03481493574, 0.391990376073, 22.0762933238, 43.5528497478, 2.83242348383, 1.50399881865, 42.5068678001, 267.151063407, 0.44276165771, 0.213114754098
0.576799106935, 0.849600807888, 2.03481493574, 0.391990376073, 30.3619568389, 43.5528497478, 2.83242348383, 0.0122087077837, 28.744101686, 223.063439224, 0.556743007035, 0.0422535211268
0.576799106935, 0.849600807888, 2.38605231226, 0.308851824672, 21.9916728937, 44.5568191044, 2.84474803315, 1.15741957938, 21.1631210467, 266.421363894, 0.480584148399, 0.474509803922
0.532100852224, 0.887153482428, 2.71780609353, 0.34754901006, 36.7773965614, 44.5568191044, 2.84474803315, 0.0891543538694, 21.1631210467, 301.914343758, 0.499594375066, 0.0272727272727
0.576799106935, 0.849600807888, 2.03481493574, 0.391990376073, 25.7260444767, 43.5528497478, 2.83242348383, 1.15913541745, 30.8320286047, 249.478278312, 0.49641752615, 0.274725274725
0.565384324438, 0.983876788436, 2.5288081639, 0.308512236568, 18.7626702229, 41.155847232, 2.5795515812, 1.24495283112, 23.2975641241, 343.352784868, 0.482993277435, 0.07
0.565384324438, 0.983876788436, 2.5288081639, 0.333485219702, 18.7626702229, 41.1740388783, 2.39704205765, 1.24495283112, 23.2975641241, 298.61329156, 0.425400000166, 0.537549407115
0.606701506771, 0.849600807888, 2.00141335243, 0.207635516657, 12.6632228389, 43.5528497478, 2.83242348383, 1.15655335676, 30.8320286047, 251.93562272, 0.468002003827, 0.548736462094
0.534530376842, 1.16948236978, 2.14902318664, 0.219919216596, 29.4742898106, 43.8155622858, 3.43144214952, 1.618608923, 23.0027738164, 369.49596578, 0.425016969211, 0.517708333333
0.511752023619, 0.849600807888, 2.03481493574, 0.391990376073, 22.0762933238, 43.5528497478, 2.83242348383, 1.50399881865, 42.5068678001, 279.020484355, 0.404355344664, 0.616519174041
0.577524074398, 1.01530113489, 2.03481493574, 0.239158531615, 31.6582793592, 48.3447668306, 2.83242348383, 1.26320305787, 21.1631210467, 252.254219821, 0.462579299234, 0.621827411168
0.562854034333, 0.909204686014, 2.21586880881, 0.225637474561, 47.6327177451, 44.9049791645, 2.03239230869, 1.15655335676, 20.2737191265, 256.973999413, 0.402585049763, 0.623955431755
0.606701506771, 0.849600807888, 2.03481493574, 0.225637474561, 12.6632228389, 43.5528497478, 2.83242348383, 1.15655335676, 30.8320286047, 272.639266189, 0.439322248377, 0.569579288026
0.576799106935, 0.849600807888, 2.03481493574, 0.264846014583, 1.3684718406, 43.5528497478, 2.83242348383, 1.50399881865, 43.7164343689, 271.856518808, 0.41315502219, 0.587719298246
0.576799106935, 0.849600807888, 2.03481493574, 0.391990376073, 12.6632228389, 41.155847232, 2.83242348383, 1.15655335676, 22.5812623787, 264.479420206, 0.459020891571, 0.547794117647
0.808158620987, 0.849600807888, 2.08219593828, 0.469708527101, 25.7260444767, 46.2801368355, 2.18843398178, 1.49490032009, 27.7325631851, 259.128990284, 0.463363205249, 0.592105263158
0.52134707535, 1.1579413068, 2.21586880881, 0.219919216596, 11.7813168947, 46.2559817468, 3.09823579561, 1.63765005994, 34.4638696928, 405.120052835, 0.394831149623, 0.64457392571
0.528466012696, 0.963855890369, 2.94903472113, 0.219919216596, 31.0870160096, 43.5528497478, 3.66879533411, 1.63765005994, 34.4638696928, 541.241743512, 0.401521028413, 0.615841584158
0.528466012696, 0.963855890369, 3.4578685681, 0.239158531615, 31.0870160096, 46.2559817468, 3.66879533411, 1.63765005994, 23.2975641241, 544.008730593, 0.416261814771, 0.582061068702
0.576799106935, 0.849600807888, 2.16335034294, 0.391990376073, 44.1059671896, 43.5528497478, 2.30182014651, 1.50399881865, 30.8320286047, 291.479452364, 0.438176955492, 0.583333333333
0.576799106935, 1.10802651701, 2.03481493574, 0.219919216596, 22.0762933238, 43.5528497478, 2.83242348383, 1.50399881865, 42.5068678001, 326.470551608, 0.435941895604, 0.4609375
0.6762478188, 0.970111065203, 2.03481493574, 0.320643010665, 12.6632228389, 41.155847232, 2.83242348383, 1.15655335676, 23.2975641241, 289.111735975, 0.440380711634, 0.560885608856
0.576799106935, 0.849600807888, 2.03481493574, 0.391990376073, 22.0762933238, 43.5528497478, 2.83242348383, 1.50399881865, 42.5068678001, 297.723635837, 0.43238345066, 0.504854368932
0.511752023619, 0.849600807888, 2.71780609353, 0.308851824672, 21.9916728937, 44.5568191044, 2.84474803315, 1.15741957938, 21.1631210467, 294.187733527, 0.433439322996, 0.580821917808
0.617350657517, 0.887153482428, 2.15473461972, 0.34754901006, 12.6632228389, 46.2801368355, 2.95015387879, 3.0577032506, 23.2714886213, 256.258129295, 0.542289068151, 0.0576923076923
0.617350657517, 0.931398459024, 2.15473461972, 0.34754901006, 12.6632228389, 46.2801368355, 2.95015387879, 0.463090508897, 27.7325631851, 238.361840328, 0.561916723299, 0.0
0.576799106935, 0.849600807888, 2.03481493574, 0.391990376073, 12.6632228389, 43.5528497478, 2.83242348383, 0.814105853458, 30.8320286047, 276.174384589, 0.516387423819, 0.0789473684211
0.576799106935, 0.845475983951, 2.03481493574, 0.391990376073, 12.6632228389, 43.8155622858, 2.83242348383, 1.15655335676, 22.5812623787, 253.794618572, 0.518014348638, 0.16393442623
0.576799106935, 0.970111065203, 2.03481493574, 0.320643010665, 12.6632228389, 43.5528497478, 2.83242348383, 1.15655335676, 22.5812623787, 236.349374872, 0.541374494222, 0.0762711864407
0.511752023619, 0.822617844746, 2.71780609353, 0.308851824672, 36.7773965614, 44.5568191044, 2.84474803315, 0.0891543538694, 21.1631210467, 240.537434993, 0.53014283584, 0.245454545455
0.588466512868, 0.849600807888, 2.03481493574, 0.391990376073, 12.6632228389, 43.5528497478, 2.83242348383, 1.15741957938, 42.5068678001, 273.848641892, 0.5493688008, 0.0
0.716000370163, 0.849600807888, 2.03481493574, 0.225637474561, 12.6632228389, 43.5528497478, 2.83242348383, 1.15655335676, 36.4095611528, 248.89122676, 0.517485247186, 0.382513661202
0.565384324438, 1.01530113489, 2.5288081639, 0.232788830426, 47.1820971816, 42.4549393085, 2.95206767533, 3.83970227724, 23.2975641241, 300.217127265, 0.51926599122, 0.0547945205479
0.562854034333, 1.04757605163, 2.14902318664, 0.328672133291, 29.9085668169, 40.2318110918, 2.74849637587, 0.369823262173, 24.661677973, 303.584327199, 0.536567268289, 0.0
0.617350657517, 0.844854978246, 2.15473461972, 0.219919216596, 12.6632228389, 46.2801368355, 2.95015387879, 0.463090508897, 27.7325631851, 264.111731169, 0.539230402466, 0.0152671755725
0.52224845, 0.822617844746, 2.71780609353, 0.451279098683, 11.773158351, 44.5568191044, 2.84474803315, 0.0891543538694, 21.1631210467, 305.493437147, 0.526607328426, 0.0253164556962
0.565384324438, 0.983876788436, 2.5288081639, 0.250445793299, 18.7626702229, 41.155847232, 2.39704205765, 1.24495283112, 26.2653416755, 310.424128297, 0.446373517858, 0.203592814371
0.52224845, 1.04757605163, 2.46929259606, 0.309787076759, 29.9085668169, 40.2318110918, 3.79672480713, 0.369823262173, 24.661677973, 431.299248174, 0.473315193917, 0.0183908045977
0.534530376842, 1.16948236978, 2.14902318664, 0.413028995292, 1.63841979534, 41.155847232, 2.55104778527, 1.50399881865, 23.0027738164, 371.561959602, 0.480430769726, 0.139534883721
0.511752023619, 0.870089480476, 6.86600650389, 0.433814649289, 35.0983891068, 45.5675417064, 2.70431893179, 1.50949863421, 34.9105883942, 751.885396135, 0.505675800338, 0.0
0.51184671077, 0.883948842113, 6.9091799702, 0.333485219702, 23.595168549, 41.1740388783, 3.10506422173, 0.714924152133, 27.295627002, 805.251433467, 0.480466976844, 0.0132743362832
0.577524074398, 1.05532156535, 4.74572438969, 0.451801247787, 35.0983891068, 41.4028010623, 2.5795515812, 0.0543313010731, 39.5510413287, 790.906754734, 0.480667707713, 0.0
0.513628163485, 0.945585083324, 3.17449268398, 0.468356230688, 39.2517162128, 46.2563807457, 2.19129078199, 1.86872815182, 40.9143342411, 413.78852907, 0.519981845122, 0.0
0.503926864432, 0.891186048409, 2.71780609353, 0.430065131868, 14.3749187206, 49.7033380841, 2.46320790647, 2.80244914999, 42.4025545398, 363.268546142, 0.527508625551, 0.0
0.532100852224, 0.849600807888, 3.25368939883, 0.469708527101, 25.7260444767, 41.5519359287, 2.18843398178, 1.50399881865, 20.2737191265, 378.321914324, 0.482127143162, 0.0865384615385
0.534530376842, 1.11742984906, 7.45393693199, 0.294091893944, 40.9134975916, 41.6469710607, 3.29866722626, 1.618608923, 27.6218473655, 1689.78648101, 0.450830567362, 0.196029776675
0.577524074398, 0.909204686014, 3.25368939883, 0.326516037731, 35.0983891068, 44.203872013, 2.55104778527, 1.50399881865, 20.2737191265, 436.694173124, 0.459437570557, 0.132743362832
0.528466012696, 0.963855890369, 2.94903472113, 0.219919216596, 31.0870160096, 44.5703712567, 3.66879533411, 1.63765005994, 34.4638696928, 574.306164482, 0.424586843807, 0.293181818182
0.565384324438, 1.01530113489, 2.5288081639, 0.214039952417, 25.0799070605, 41.1181552313, 3.67088089332, 1.26320305787, 20.4988732453, 405.760004837, 0.458476269478, 0.158415841584
0.565384324438, 1.01530113489, 2.5288081639, 0.214039952417, 25.0799070605, 41.1181552313, 3.67088089332, 1.26320305787, 23.2975641241, 490.304405513, 0.421218017027, 0.458135860979
0.606701506771, 1.15725597255, 2.00141335243, 0.207635516657, 12.6632228389, 43.5528497478, 2.83242348383, 1.15655335676, 30.8320286047, 408.319985893, 0.426481524968, 0.327586206897
0.534530376842, 1.11742984906, 7.49337507728, 0.294091893944, 40.9134975916, 41.9398125151, 3.29866722626, 1.618608923, 27.6218473655, 1668.56531979, 0.471227326304, 0.122994652406
0.617350657517, 0.844854978246, 2.15473461972, 0.34754901006, 12.6632228389, 46.2801368355, 2.95015387879, 0.463090508897, 27.7325631851, 219.444526965, 0.59784655155, 0.110236220472
0.623864780005, 1.18918130721, 3.4578685681, 0.219919216596, 11.7813168947, 46.2559817468, 3.09214635799, 1.63765005994, 40.6760222664, 792.368247613, 0.420141307296, 0.539205155747
0.511752023619, 0.843028942997, 6.86600650389, 0.433814649289, 10.055609529, 47.6838915665, 3.88129515277, 1.58494658679, 34.9105883942, 836.678101197, 0.411525526637, 0.387139107612
0.816272874603, 0.887153482428, 6.26453175435, 0.463600704735, 29.8408538978, 41.826008861, 2.80143671804, 1.74663269403, 41.0258180233, 828.124040887, 0.399167727639, 0.610429447853
0.816272874603, 0.887153482428, 5.06258242204, 0.463600704735, 29.8408538978, 41.826008861, 2.80143671804, 1.74663269403, 41.0258180233, 743.068606583, 0.405409665347, 0.551219512195
0.560435972372, 0.823733918499, 2.5288081639, 0.214039952417, 25.0799070605, 44.5485916748, 3.67088089332, 1.26320305787, 26.6872544877, 395.40060258, 0.431541472521, 0.448854961832
0.590032072252, 0.914518198328, 2.64388751728, 0.34166315091, 44.1059671896, 44.203872013, 2.68055545338, 1.50399881865, 40.5083735567, 408.172800364, 0.438571506254, 0.435897435897
0.896095776655, 0.909204686014, 2.21586880881, 0.225637474561, 47.6327177451, 40.3833167729, 2.68055545338, 1.15655335676, 20.2737191265, 270.519434508, 0.451287139806, 0.530303030303
0.528466012696, 1.1579413068, 3.4578685681, 0.219919216596, 11.7813168947, 46.2559817468, 3.09823579561, 1.63765005994, 34.4638696928, 778.848061164, 0.446328795595, 0.279379157428
0.503926864432, 0.891186048409, 2.15473461972, 0.430065131868, 14.3749187206, 49.7033380841, 2.47294746959, 2.80244914999, 42.4025545398, 288.776059866, 0.506761054199, 0.258503401361
0.576799106935, 0.849600807888, 2.03481493574, 0.470048275937, 22.0762933238, 45.3561444723, 2.83242348383, 1.48108880613, 31.2661381182, 294.084627665, 0.446160932779, 0.551724137931
0.532100852224, 0.849600807888, 3.25368939883, 0.469708527101, 25.7260444767, 41.5519359287, 2.18843398178, 1.50399881865, 20.2737191265, 305.523953551, 0.481190449423, 0.369369369369
0.565812629069, 0.983876788436, 2.5288081639, 0.333485219702, 18.7626702229, 41.1740388783, 2.39704205765, 1.24495283112, 23.2975641241, 308.706107974, 0.495942516599, 0.273885350318
0.576799106935, 0.849600807888, 2.03157546841, 0.391990376073, 31.6582793592, 49.0862128254, 2.83242348383, 0.0122087077837, 21.1631210467, 224.70870781, 0.561096167598, 0.0757575757576
0.520117214043, 0.899611045046, 7.36947242119, 0.384069787853, 24.1903814993, 47.2957986068, 2.69065402801, 4.44840733362, 20.359522496, 824.61563556, 0.501617632904, 0.0
0.508887964437, 1.14141144762, 5.29221561104, 0.373744014231, 10.3763413007, 42.2835517049, 3.79672480713, 1.63765005994, 26.9053366732, 1215.20104452, 0.419177176437, 0.497347480106
0.623864780005, 1.18918130721, 3.4578685681, 0.219919216596, 11.7813168947, 46.2559817468, 3.09214635799, 1.63765005994, 40.6760222664, 914.059718352, 0.404128389923, 0.691489361702
0.576799106935, 0.849600807888, 2.03481493574, 0.391990376073, 12.2673605578, 43.5528497478, 2.83242348383, 0.0122087077837, 23.2975641241, 227.297648159, 0.612278136204, 0.323008849558
0.528466012696, 0.963855890369, 3.4578685681, 0.219919216596, 31.0870160096, 44.5703712567, 3.66879533411, 1.63765005994, 34.4638696928, 640.737802205, 0.420567958237, 0.597701149425
0.577524074398, 1.05532156535, 4.53336975546, 0.451801247787, 35.0983891068, 41.4028010623, 3.22464464216, 0.140074090396, 21.582125944, 813.447333193, 0.515196644701, 0.0130293159609
0.511752023619, 0.883948842113, 6.9091799702, 0.333485219702, 23.595168549, 43.2392492387, 3.10506422173, 0.714924152133, 27.295627002, 933.53669346, 0.49915684212, 0.0416666666667
0.508887964437, 1.14141144762, 5.29221561104, 0.373744014231, 10.3763413007, 42.2835517049, 3.79672480713, 1.63765005994, 26.9053366732, 1087.38030101, 0.414246704224, 0.62691377921
0.808158620987, 0.849600807888, 2.1695032797, 0.449191297237, 25.7260444767, 46.2559817468, 2.18843398178, 1.49490032009, 23.0027738164, 236.047269178, 0.5882362674, 0.0777777777778
0.52134707535, 1.1579413068, 2.21586880881, 0.219919216596, 11.7813168947, 46.2559817468, 3.09823579561, 1.63765005994, 34.4638696928, 484.123159597, 0.40681650743, 0.660637381568
0.534530376842, 0.881525097899, 7.45393693199, 0.294091893944, 29.4742898106, 43.8155622858, 3.29866722626, 1.618608923, 28.9083956013, 1049.83666632, 0.416608580578, 0.535589264877
0.565384324438, 1.01530113489, 2.5288081639, 0.214039952417, 25.0799070605, 41.1181552313, 2.30182014651, 1.50399881865, 23.2975641241, 383.163158374, 0.491756483694, 0.341317365269
0.692672694518, 0.870089480476, 3.07387178336, 0.417472022626, 42.4371181406, 45.5675417064, 2.93409509669, 1.50949863421, 26.2653416755, 385.602936348, 0.479511962183, 0.410810810811
