0.581060863718, 0.834770143254, 2.04877976922, 0.283200120207, 32.7630312141, 42.587511777, 2.52761471489, 4.99954270439, 34.9675557182, 225.715790704, 0.556563252383, 0.350482315113
0.581060863718, 0.834770143254, 2.04877976922, 0.283200120207, 32.7630312141, 42.587511777, 2.52761471489, 4.99954270439, 34.9675557182, 225.715790704, 0.556563252383, 0.350482315113
0.580755425484, 0.847662555767, 2.04877976922, 0.301493405767, 32.7334812746, 42.587511777, 2.52761471489, 4.99954068097, 34.9675557182, 213.745481319, 0.56562332989, 0.273127753304
0.545568776267, 0.848242910075, 2.04877976922, 0.301525512764, 31.0862882815, 42.587511777, 2.52761471489, 4.99954270948, 35.4818336271, 213.021786459, 0.498253887144, 0.0247933884298
0.545568776267, 0.848242910075, 2.04877976922, 0.301525512764, 31.0862882815, 42.587511777, 2.52761471489, 4.99954270948, 35.4818336271, 213.021786459, 0.498253887144, 0.0247933884298
0.581060863718, 0.834770143254, 2.04877976922, 0.283200120207, 32.7630312141, 42.587511777, 2.52761471489, 4.99954270439, 34.9675557182, 210.817823908, 0.566602292508, 0.10101010101
0.581060863718, 0.834770143254, 2.04877976922, 0.283200120207, 32.7630312141, 42.587511777, 2.52761471489, 4.99954270439, 34.9675557182, 210.817823908, 0.566602292508, 0.10101010101
0.581060863718, 0.834770143254, 2.04877976922, 0.283200120207, 32.7630312141, 42.587511777, 2.52761471489, 4.99954270439, 34.9675557182, 210.817823908, 0.566602292508, 0.10101010101
0.581060863718, 0.834770143254, 2.04877976922, 0.283200120207, 32.7630312141, 42.587511777, 2.52761471489, 4.99954270439, 34.9675557182, 210.817823908, 0.566602292508, 0.10101010101
0.581060863718, 0.834770143254, 2.04877976922, 0.283200120207, 32.7630312141, 42.587511777, 2.52761471489, 4.99954270439, 34.9675557182, 210.817823908, 0.566602292508, 0.10101010101
0.581060863718, 0.834770143254, 2.04877976922, 0.283200120207, 32.7630312141, 42.587511777, 2.52761471489, 4.99954270439, 34.9675557182, 210.817823908, 0.566602292508, 0.10101010101
0.581060863718, 0.834770143254, 2.04877976922, 0.283200120207, 32.7630312141, 42.587511777, 2.52761471489, 4.99954270439, 34.9675557182, 210.817823908, 0.566602292508, 0.10101010101
0.581060863718, 0.834770143254, 2.04877976922, 0.283200120207, 32.7630312141, 42.587511777, 2.52761471489, 4.99954270439, 34.9675557182, 210.817823908, 0.566602292508, 0.10101010101
0.581060863718, 0.834770143254, 2.04877976922, 0.283200120207, 32.7630312141, 42.587511777, 2.52761471489, 4.99954270439, 34.9675557182, 210.817823908, 0.566602292508, 0.10101010101
0.581060863718, 0.834770143254, 2.04877976922, 0.283200120207, 32.7630312141, 42.587511777, 2.52761471489, 4.99954270439, 34.9675557182, 210.817823908, 0.566602292508, 0.10101010101
0.581060863718, 0.834770143254, 2.04877976922, 0.283200120207, 32.7630312141, 42.587511777, 2.52761471489, 4.99954270439, 34.9675557182, 210.817823908, 0.566602292508, 0.10101010101
0.581060863718, 0.848359776088, 2.04877976922, 0.304401017622, 32.7630312141, 42.587511777, 2.57674739968, 4.99954270439, 35.4806143948, 229.809319423, 0.601938141084, 0.359832635983
0.581060863718, 0.834770143254, 2.04877976922, 0.283200120207, 32.7630312141, 42.587511777, 2.52761471489, 4.9945263499, 34.9675557182, 220.188057054, 0.49547105835, 0.0
0.581060863718, 0.834770143254, 2.04877976922, 0.283200120207, 32.7630312141, 42.587511777, 2.52761471489, 4.9945263499, 34.9675557182, 220.188057054, 0.49547105835, 0.0
0.581060863718, 0.834770143254, 2.04877976922, 0.283200120207, 32.7630312141, 42.587511777, 2.52761471489, 4.9945263499, 34.9675557182, 220.188057054, 0.49547105835, 0.0
0.581060863718, 0.834770143254, 2.04877976922, 0.283200120207, 32.7630312141, 42.587511777, 2.52761471489, 4.9945263499, 34.9675557182, 220.188057054, 0.49547105835, 0.0
0.581060863718, 0.834770143254, 2.04877976922, 0.262795236081, 32.7630312141, 42.587511777, 2.52761471489, 4.99954270439, 35.2735708447, 201.989525336, 0.570557069056, 0.256916996047
0.581060863718, 0.834770143254, 2.04877976922, 0.262795236081, 32.7630312141, 42.587511777, 2.52761471489, 4.99954270439, 35.2735708447, 201.989525336, 0.570557069056, 0.256916996047
0.582579096277, 0.834770143254, 2.04877976922, 0.283200120207, 32.7487998856, 42.587511777, 2.52761471489, 4.99954270439, 34.9675557182, 211.092826225, 0.594295908992, 0.238532110092
0.582579096277, 0.834770143254, 2.04877976922, 0.283200120207, 32.7487998856, 42.587511777, 2.52761471489, 4.99954270439, 34.9675557182, 211.092826225, 0.594295908992, 0.238532110092
0.582579096277, 0.834770143254, 2.04877976922, 0.283200120207, 32.7487998856, 42.587511777, 2.52761471489, 4.99954270439, 34.9675557182, 211.092826225, 0.594295908992, 0.238532110092
0.582579096277, 0.834770143254, 2.04877976922, 0.283200120207, 32.7487998856, 42.587511777, 2.52761471489, 4.99954270439, 34.9675557182, 211.092826225, 0.594295908992, 0.238532110092
0.582579096277, 0.834770143254, 2.04877976922, 0.283200120207, 32.7487998856, 42.587511777, 2.52761471489, 4.99954270439, 34.9675557182, 211.092826225, 0.594295908992, 0.238532110092
0.582579096277, 0.834770143254, 2.04877976922, 0.283200120207, 32.7487998856, 42.587511777, 2.52761471489, 4.99954270439, 34.9675557182, 211.092826225, 0.594295908992, 0.238532110092
0.582579096277, 0.834770143254, 2.04877976922, 0.283200120207, 32.7487998856, 42.587511777, 2.52761471489, 4.99954270439, 34.9675557182, 211.092826225, 0.594295908992, 0.238532110092
0.582579096277, 0.834770143254, 2.04877976922, 0.283200120207, 32.7487998856, 42.587511777, 2.52761471489, 4.99954270439, 34.9675557182, 211.092826225, 0.594295908992, 0.238532110092
0.582579096277, 0.834770143254, 2.04877976922, 0.283200120207, 32.7487998856, 42.587511777, 2.52761471489, 4.99954270439, 34.9675557182, 211.092826225, 0.594295908992, 0.238532110092
0.581060863718, 0.834770143254, 2.04877976922, 0.277156518411, 32.7630312141, 42.587511777, 2.52761471489, 4.99954270439, 34.9675557182, 215.338189212, 0.542648647491, 0.0267857142857
0.545568776267, 0.848242910075, 2.04877976922, 0.301525512764, 31.0862882815, 42.4877198431, 2.52761471489, 4.99954270948, 34.8006746236, 234.937479962, 0.545293585109, 0.202643171806
0.567077594565, 0.834770143254, 2.08021099337, 0.283200120207, 32.7630312141, 42.587511777, 2.52201496473, 4.99954270439, 34.9675557182, 218.420132208, 0.569252322239, 0.170103092784
0.581060863718, 0.834770143254, 2.04877976922, 0.262795236081, 33.9143285799, 42.587511777, 2.52761471489, 4.99985217059, 35.2735708447, 203.61652725, 0.585150861394, 0.429003021148
0.581060863718, 0.834770143254, 2.04877976922, 0.262795236081, 33.9143285799, 42.587511777, 2.52761471489, 4.99985217059, 35.2735708447, 203.61652725, 0.585150861394, 0.429003021148
0.581060863718, 0.834770143254, 2.04877976922, 0.262795236081, 33.9143285799, 42.587511777, 2.52761471489, 4.99985217059, 35.2735708447, 203.61652725, 0.585150861394, 0.429003021148
0.581060863718, 0.834770143254, 2.04877976922, 0.262795236081, 33.9143285799, 42.587511777, 2.52761471489, 4.99985217059, 35.2735708447, 203.61652725, 0.585150861394, 0.429003021148
0.581060863718, 0.834770143254, 2.04877976922, 0.262795236081, 32.7723815837, 42.587511777, 2.52761471489, 4.99950405598, 35.6036754462, 199.250574805, 0.550746030484, 0.0
0.581060863718, 0.834770143254, 2.04877976922, 0.262795236081, 32.7723815837, 42.587511777, 2.52761471489, 4.99950405598, 35.6036754462, 199.250574805, 0.550746030484, 0.0
0.581060863718, 0.834770143254, 2.04877976922, 0.262795236081, 32.7723815837, 42.587511777, 2.52761471489, 4.99950405598, 35.6036754462, 199.250574805, 0.550746030484, 0.0
0.581060863718, 0.834770143254, 2.04877976922, 0.262795236081, 32.7723815837, 42.587511777, 2.52761471489, 4.99950405598, 35.6036754462, 199.250574805, 0.550746030484, 0.0
0.581060863718, 0.834770143254, 2.04877976922, 0.262795236081, 32.7723815837, 42.587511777, 2.52761471489, 4.99950405598, 35.6036754462, 199.250574805, 0.550746030484, 0.0
0.581060863718, 0.834770143254, 2.04877976922, 0.262795236081, 32.7723815837, 42.587511777, 2.52761471489, 4.99950405598, 35.6036754462, 199.250574805, 0.550746030484, 0.0
0.581060863718, 0.834770143254, 2.04877976922, 0.262795236081, 32.7723815837, 42.587511777, 2.52761471489, 4.99950405598, 35.6036754462, 199.250574805, 0.550746030484, 0.0
0.581060863718, 0.834770143254, 2.04877976922, 0.262795236081, 32.7723815837, 42.587511777, 2.52761471489, 4.99950405598, 35.6036754462, 199.250574805, 0.550746030484, 0.0
0.581060863718, 0.834770143254, 2.04877976922, 0.262795236081, 32.7723815837, 42.587511777, 2.52761471489, 4.99950405598, 35.6036754462, 219.239802225, 0.592911380201, 0.430555555556
0.581060863718, 0.834770143254, 2.04877976922, 0.262795236081, 32.7723815837, 42.587511777, 2.52761471489, 4.99950405598, 35.6036754462, 219.239802225, 0.592911380201, 0.430555555556
0.581060863718, 0.834770143254, 2.04877976922, 0.262795236081, 32.7723815837, 42.587511777, 2.52761471489, 4.99950405598, 35.6036754462, 219.239802225, 0.592911380201, 0.430555555556
0.581060863718, 0.834770143254, 2.04877976922, 0.262795236081, 32.7723815837, 42.587511777, 2.52761471489, 4.99950405598, 35.6036754462, 219.239802225, 0.592911380201, 0.430555555556
0.581060863718, 0.834770143254, 2.04877976922, 0.262795236081, 32.7723815837, 42.587511777, 2.52761471489, 4.99950405598, 35.6036754462, 219.239802225, 0.592911380201, 0.430555555556
0.581060863718, 0.834770143254, 2.04877976922, 0.262795236081, 32.7723815837, 42.587511777, 2.52761471489, 4.99950405598, 35.6036754462, 219.239802225, 0.592911380201, 0.430555555556
0.581060863718, 0.834770143254, 2.04877976922, 0.262795236081, 32.7723815837, 42.587511777, 2.52761471489, 4.99950405598, 35.6036754462, 219.239802225, 0.592911380201, 0.430555555556
0.581060863718, 0.834770143254, 2.04877976922, 0.262795236081, 32.7723815837, 42.587511777, 2.52761471489, 4.99950405598, 35.6036754462, 219.239802225, 0.592911380201, 0.430555555556
0.581060863718, 0.834770143254, 2.04877976922, 0.262795236081, 32.7723815837, 42.587511777, 2.52761471489, 4.99950405598, 35.6036754462, 219.239802225, 0.592911380201, 0.430555555556
0.581060863718, 0.834770143254, 2.04877976922, 0.262795236081, 32.7723815837, 42.587511777, 2.52761471489, 4.99950405598, 35.6036754462, 219.239802225, 0.592911380201, 0.430555555556
0.560935506939, 0.822619694712, 2.04877976922, 0.282970447604, 31.0862882815, 42.587511777, 2.52761471489, 4.99954270948, 35.4818336271, 199.845293095, 0.563783185826, 0.275735294118
0.560935506939, 0.822619694712, 2.04877976922, 0.282970447604, 31.0862882815, 42.587511777, 2.52761471489, 4.99954270948, 35.4818336271, 199.845293095, 0.563783185826, 0.275735294118
0.560935506939, 0.822619694712, 2.04877976922, 0.282970447604, 31.0862882815, 42.587511777, 2.52761471489, 4.99954270948, 35.4818336271, 199.845293095, 0.563783185826, 0.275735294118
0.560935506939, 0.822619694712, 2.04877976922, 0.282970447604, 31.0862882815, 42.587511777, 2.52761471489, 4.99954270948, 35.4818336271, 199.845293095, 0.563783185826, 0.275735294118
0.560935506939, 0.822619694712, 2.04877976922, 0.282970447604, 31.0862882815, 42.587511777, 2.52761471489, 4.99954270948, 35.4818336271, 199.845293095, 0.563783185826, 0.275735294118
0.560935506939, 0.822619694712, 2.04877976922, 0.282970447604, 31.0862882815, 42.587511777, 2.52761471489, 4.99954270948, 35.4818336271, 199.845293095, 0.563783185826, 0.275735294118
0.560935506939, 0.822619694712, 2.04877976922, 0.282970447604, 31.0862882815, 42.587511777, 2.52761471489, 4.99954270948, 35.4818336271, 199.845293095, 0.563783185826, 0.275735294118
0.560935506939, 0.822619694712, 2.04877976922, 0.282970447604, 31.0862882815, 42.587511777, 2.52761471489, 4.99954270948, 35.4818336271, 199.845293095, 0.563783185826, 0.275735294118
0.560935506939, 0.822619694712, 2.04877976922, 0.282970447604, 31.0862882815, 42.587511777, 2.52761471489, 4.99954270948, 35.4818336271, 199.845293095, 0.563783185826, 0.275735294118
0.560935506939, 0.822619694712, 2.04877976922, 0.282970447604, 31.0862882815, 42.587511777, 2.52761471489, 4.99954270948, 35.4818336271, 199.845293095, 0.563783185826, 0.275735294118
0.560935506939, 0.822619694712, 2.04877976922, 0.282970447604, 31.0862882815, 42.587511777, 2.52761471489, 4.99954270948, 35.4818336271, 199.845293095, 0.563783185826, 0.275735294118
0.560935506939, 0.822619694712, 2.04877976922, 0.282970447604, 31.0862882815, 42.587511777, 2.52761471489, 4.99954270948, 35.4818336271, 199.845293095, 0.563783185826, 0.275735294118
0.560935506939, 0.822619694712, 2.04877976922, 0.282970447604, 31.0862882815, 42.587511777, 2.52761471489, 4.99954270948, 35.4818336271, 199.845293095, 0.563783185826, 0.275735294118
0.560935506939, 0.822619694712, 2.04877976922, 0.282970447604, 31.0862882815, 42.587511777, 2.52761471489, 4.99954270948, 35.4818336271, 199.845293095, 0.563783185826, 0.275735294118
0.560935506939, 0.822619694712, 2.04877976922, 0.282970447604, 31.0862882815, 42.587511777, 2.52761471489, 4.99954270948, 35.4818336271, 199.845293095, 0.563783185826, 0.275735294118
0.560935506939, 0.822619694712, 2.04877976922, 0.282970447604, 31.0862882815, 42.587511777, 2.52761471489, 4.99954270948, 35.4818336271, 199.845293095, 0.563783185826, 0.275735294118
0.560935506939, 0.822619694712, 2.04877976922, 0.282970447604, 31.0862882815, 42.587511777, 2.52761471489, 4.99954270948, 35.4818336271, 199.845293095, 0.563783185826, 0.275735294118
0.560935506939, 0.822619694712, 2.02570298206, 0.282970447604, 31.0862882815, 42.587511777, 2.52761471489, 4.99954270948, 35.4818336271, 213.609292128, 0.570195675628, 0.016393442623
0.560935506939, 0.822619694712, 2.02570298206, 0.282970447604, 31.0862882815, 42.587511777, 2.52761471489, 4.99954270948, 35.4818336271, 213.609292128, 0.570195675628, 0.016393442623
0.574421405638, 0.822619694712, 2.04877976922, 0.282970447604, 31.0862882815, 42.587511777, 2.52761471489, 4.35302724539, 35.4818336271, 219.640630458, 0.541012118664, 0.00653594771242
0.574421405638, 0.822619694712, 2.04877976922, 0.282970447604, 31.0862882815, 42.587511777, 2.52761471489, 4.35302724539, 35.4818336271, 219.640630458, 0.541012118664, 0.00653594771242
0.574421405638, 0.822619694712, 2.04877976922, 0.282970447604, 31.0862882815, 42.587511777, 2.52761471489, 4.35302724539, 35.4818336271, 219.640630458, 0.541012118664, 0.00653594771242
0.574421405638, 0.822619694712, 2.04877976922, 0.282970447604, 31.0862882815, 42.587511777, 2.52761471489, 4.35302724539, 35.4818336271, 219.640630458, 0.541012118664, 0.00653594771242
0.581085117673, 0.834770143254, 2.04877976922, 0.282207044776, 33.9143285799, 42.587511777, 2.52761471489, 4.99985098529, 35.2735708447, 180.80100801, 0.554863403308, 0.0
0.581085117673, 0.834770143254, 2.04877976922, 0.282207044776, 33.9143285799, 42.587511777, 2.52761471489, 4.99985098529, 35.2735708447, 180.80100801, 0.554863403308, 0.0
0.581085117673, 0.834770143254, 2.04877976922, 0.282207044776, 33.9143285799, 42.587511777, 2.52761471489, 4.99985098529, 35.2735708447, 180.80100801, 0.554863403308, 0.0
0.581085117673, 0.834770143254, 2.04877976922, 0.282207044776, 33.9143285799, 42.587511777, 2.52761471489, 4.99985098529, 35.2735708447, 180.80100801, 0.554863403308, 0.0
0.581085117673, 0.834770143254, 2.04877976922, 0.282207044776, 33.9143285799, 42.587511777, 2.52761471489, 4.99985098529, 35.2735708447, 180.80100801, 0.554863403308, 0.0
0.581085117673, 0.834770143254, 2.04877976922, 0.282207044776, 33.9143285799, 42.587511777, 2.52761471489, 4.99985098529, 35.2735708447, 180.80100801, 0.554863403308, 0.0
0.581085117673, 0.834770143254, 2.04877976922, 0.282207044776, 33.9143285799, 42.587511777, 2.52761471489, 4.99985098529, 35.2735708447, 180.80100801, 0.554863403308, 0.0
0.581085117673, 0.834770143254, 2.04877976922, 0.282207044776, 33.9143285799, 42.587511777, 2.52761471489, 4.99985098529, 35.2735708447, 180.80100801, 0.554863403308, 0.0
0.581085117673, 0.834770143254, 2.04877976922, 0.282207044776, 33.9143285799, 42.587511777, 2.52761471489, 4.99985098529, 35.2735708447, 180.80100801, 0.554863403308, 0.0
0.581085117673, 0.834770143254, 2.04877976922, 0.282207044776, 33.9143285799, 42.587511777, 2.52761471489, 4.99985098529, 35.2735708447, 180.80100801, 0.554863403308, 0.0
0.581085117673, 0.834770143254, 2.04877976922, 0.282207044776, 33.9143285799, 42.587511777, 2.52761471489, 4.99985098529, 35.2735708447, 180.80100801, 0.554863403308, 0.0
0.581085117673, 0.834770143254, 2.04877976922, 0.282207044776, 33.9143285799, 42.587511777, 2.52761471489, 4.99985098529, 35.2735708447, 180.80100801, 0.554863403308, 0.0
0.581085117673, 0.834770143254, 2.04877976922, 0.282207044776, 33.9143285799, 42.587511777, 2.52761471489, 4.99985098529, 35.2735708447, 180.80100801, 0.554863403308, 0.0
0.581085117673, 0.834770143254, 2.04877976922, 0.282207044776, 33.9143285799, 42.587511777, 2.52761471489, 4.99985098529, 35.2735708447, 180.80100801, 0.554863403308, 0.0
0.581085117673, 0.834770143254, 2.04877976922, 0.282207044776, 33.9143285799, 42.587511777, 2.52761471489, 4.99985098529, 35.2735708447, 180.80100801, 0.554863403308, 0.0
0.581085117673, 0.834770143254, 2.04877976922, 0.282207044776, 33.9143285799, 42.587511777, 2.52761471489, 4.99985098529, 35.2735708447, 180.80100801, 0.554863403308, 0.0
0.581085117673, 0.834770143254, 2.04877976922, 0.282207044776, 33.9143285799, 42.587511777, 2.52761471489, 4.99985098529, 35.2735708447, 180.80100801, 0.554863403308, 0.0
0.581085117673, 0.834770143254, 2.04877976922, 0.282207044776, 33.9143285799, 42.587511777, 2.52761471489, 4.99985098529, 35.2735708447, 180.80100801, 0.554863403308, 0.0
0.581085117673, 0.834770143254, 2.04877976922, 0.282207044776, 33.9143285799, 42.587511777, 2.52761471489, 4.99985098529, 35.2735708447, 180.80100801, 0.554863403308, 0.0
0.581085117673, 0.834770143254, 2.04877976922, 0.282207044776, 33.9143285799, 42.587511777, 2.52761471489, 4.99985098529, 35.2735708447, 180.80100801, 0.554863403308, 0.0
