0.147185904175, 0.906758467551, 2.1492016091, 0.499706187001, 30.5747252997, 1.2270498047, 0.772944849647, 0.0131479649853, 17.5217458501, 105.625002287, 0.0165992148486, 0.2
0.147185904175, 0.906758467551, 2.1492016091, 0.466493372724, 30.5747252997, 1.2270498047, 0.772944849647, 0.0131479649853, 17.5217458501, 110.022451362, 0.00313015674247, 0.0
0.147185904175, 0.906758467551, 2.1492016091, 0.499706187001, 26.9331799387, 1.2270498047, 0.772944849647, 2.17825219314, 17.5217458501, 98.1809545068, 0.0120599528742, 0.25
0.147185904175, 0.906758467551, 2.1492016091, 0.499706187001, 30.5747252997, 1.2270498047, 0.772944849647, 0.0131479649853, 17.5217458501, 72.4285729968, 0.00862025631336, 0.4
0.779715617697, 1.09158484485, 4.56049516386, 0.436781724133, 97.0071022407, 42.1163956903, 0.12600184706, 3.18213770324, 16.2728847196, 361.169194427, 1.11022302463e-16, 0.142857142857
0.145794360049, 0.906758467551, 2.00927288055, 0.499706187001, 26.9331799387, 27.0210577779, 0.772944849647, 2.17825219314, 17.5217458501, 97.0174388587, 0.15977760886, 0.0
0.147185904175, 1.09722661541, 2.1492016091, 0.499706187001, 30.5747252997, 1.2270498047, 0.772944849647, 0.0131479649853, 17.5217458501, 107.731476692, 0.035793227902, 0.125
0.500363556127, 0.89667706257, 3.15894452028, 0.528577673174, 86.6383722053, 40.8239121607, 0.761703669177, 4.76530801426, 5.01525646325, 92.0912140046, 0.514425172021, 0.6
0.779715617697, 1.09722661541, 2.93432084494, 0.544265755746, 32.9565328743, 14.4739368747, 0.53207632537, 2.99647864604, 8.29333431872, 95.540436702, 0.490657295072, 0.5625
0.122264425723, 1.19205550055, 2.83563302186, 0.504089894855, 9.84732580543, 40.2458521615, 0.0963252713874, 1.79019818479, 18.7524799316, 104.145805695, 0.420494725928, 0.2
0.147185904175, 0.906758467551, 2.1492016091, 0.499706187001, 26.9331799387, 1.2270498047, 0.772944849647, 2.17825219314, 17.5217458501, 116.891669198, 0.00882696485207, 0.0
0.171809523404, 1.12985189221, 3.93727504438, 0.676157107642, 88.0584353626, 1.13779001412, 0.0185772683819, 4.87354102679, 40.3715561045, 551.838548368, 0.00493910245378, 0.142857142857
0.171809523404, 1.12985189221, 3.93727504438, 0.544917665308, 77.0819676016, 1.25889758589, 0.0185772683819, 4.01460298402, 40.3715561045, 458.901378447, 0.00749251051454, 0.181818181818
0.290233930825, 0.837217892339, 5.5936207424, 0.455757134861, 42.0668567172, 2.32959099056, 0.773052952804, 2.14128710829, 22.3958563831, 261.1430417, 0.0407877920549, 0.1
0.171809523404, 1.12985189221, 3.93727504438, 0.544917665308, 77.0819676016, 1.25889758589, 0.0185772683819, 4.01460298402, 17.0571876721, 269.287908458, 0.011383271553, 0.142857142857
0.171809523404, 1.02218735326, 3.93727504438, 0.544917665308, 49.2172383749, 1.25889758589, 0.0185772683819, 4.01460298402, 17.0571876721, 266.060650116, 0.0183119516641, 0.0
0.147185904175, 1.09722661541, 2.00927288055, 0.499706187001, 30.5747252997, 1.2270498047, 0.772944849647, 0.0131479649853, 17.5217458501, 117.385513238, 0.0154085660171, 0.111111111111
0.112055028425, 0.864106759711, 2.2870310844, 0.600099592388, 76.2665621695, 2.04015478272, 1.95794231286, 1.88358778723, 26.6235246199, 186.342461803, 0.0133968065377, 0.211538461538
0.728811680919, 0.8709351451, 3.41557612149, 0.461627972868, 10.2100141863, 2.36869348045, 0.0946068792404, 0.523126566552, 13.8335789335, 127.965850661, 0.0537591088122, 0.0
0.135221952079, 1.04041364706, 6.01447208223, 0.682299209426, 82.122818527, 2.09030943603, 1.51380233054, 3.90062957988, 35.038958924, 770.062502283, 0.0108746522344, 0.0
0.171809523404, 1.12985189221, 3.93727504438, 0.544917665308, 77.0819676016, 1.25889758589, 0.0185772683819, 4.01460298402, 17.0571876721, 421.586227315, 0.0114354120416, 0.0
0.221196749883, 1.19519199738, 5.6161374585, 0.659717036103, 65.6005022889, 1.37564282292, 2.24432246422, 4.19751643396, 16.2600241769, 971.213877336, 0.0109938222692, 0.0
0.238589640818, 1.10953091925, 8.11610128175, 0.619457480842, 34.8741996417, 2.04015478272, 0.0592000293776, 0.913233302428, 16.2600241769, 613.89944113, 0.0180464096394, 0.0555555555556
0.170059681564, 1.12985189221, 3.93727504438, 0.441372269278, 77.0819676016, 1.25889758589, 0.0185772683819, 4.01460298402, 17.0571876721, 296.71613872, 0.0141085574476, 0.206896551724
0.221196749883, 1.19519199738, 5.6161374585, 0.659717036103, 35.8501042918, 1.37564282292, 2.24432246422, 4.19751643396, 12.5669079168, 916.455180691, 0.0151932009617, 0.0
0.116291890044, 1.10953091925, 6.85529603088, 0.600099592388, 70.247485571, 2.04015478272, 1.95794231286, 3.42047060358, 26.6235246199, 943.779070186, 0.0178768227169, 0.0
0.171809523404, 1.02218735326, 3.93727504438, 0.544917665308, 77.0819676016, 1.25889758589, 0.0185772683819, 4.01460298402, 17.0571876721, 214.473317956, 0.020213550205, 0.166666666667
0.147185904175, 1.09722661541, 2.00927288055, 0.600099592388, 80.0302677631, 2.04015478272, 1.95794231286, 0.0131479649853, 17.5217458501, 171.563725917, 0.0278509383872, 0.197674418605
0.299494809564, 0.871709645623, 2.15360838818, 0.663604964008, 21.7665960106, 6.468585, 1.64626321841, 4.87488496375, 18.1594921186, 220.921955228, 0.0810262763557, 0.0
0.116291890044, 0.879104848496, 5.30684512075, 0.600099592388, 79.6880433828, 38.5764252215, 0.770569016267, 0.360644287121, 41.3455927632, 214.986821003, 0.085575917375, 0.0
0.146513776418, 0.943221347109, 2.33949592085, 0.676157107642, 17.5635438238, 15.7866447661, 1.15648659858, 4.87354102679, 16.2786327546, 256.480976671, 0.0754407062037, 0.0
0.108660163374, 1.06281982939, 2.2536856112, 0.529356342039, 49.2172383749, 22.0337234421, 1.86036697755, 2.66985427774, 1.33470826198, 156.066236184, 0.0988129718079, 0.0
0.135221952079, 1.04041364706, 6.01447208223, 0.682299209426, 82.122818527, 2.09030943603, 1.51380233054, 3.90062957988, 16.2600241769, 512.45694093, 0.0228406834777, 0.047619047619
0.188884315931, 1.04041364706, 6.01447208223, 0.582169546415, 89.5144510506, 2.09030943603, 1.51380233054, 3.90062957988, 17.9586373032, 655.666898158, 0.0229758221157, 0.0
0.116291890044, 1.10953091925, 6.85529603088, 0.600099592388, 70.247485571, 2.04015478272, 1.95794231286, 0.913233302428, 26.6235246199, 761.034892911, 0.0215274670017, 0.0909090909091
0.299494809564, 0.871709645623, 2.15360838818, 0.663604964008, 21.7665960106, 6.468585, 1.64626321841, 4.87488496375, 18.1594921186, 161.987334745, 0.137160119646, 0.103448275862
0.122959593518, 0.943221347109, 2.33949592085, 0.544917665308, 17.5635438238, 15.7866447661, 1.15648659858, 1.79832991175, 16.2786327546, 179.953365519, 0.13183821018, 0.0566037735849
0.543036371147, 0.871709645623, 2.15360838818, 0.663604964008, 21.7665960106, 6.468585, 1.64626321841, 4.87488496375, 18.1594921186, 191.982286075, 0.138395689061, 0.0
0.188884315931, 1.11101335811, 3.690152212, 0.582169546415, 76.2665621695, 6.04641708551, 0.854843326431, 4.07757657289, 25.5795932626, 272.004753619, 0.0611645733272, 0.0
0.447567132238, 1.19519199738, 5.6161374585, 0.402067047031, 65.6005022889, 1.37564282292, 1.95794231286, 4.19751643396, 26.6235246199, 845.973011769, 0.0392263640693, 0.0
0.355214010436, 1.04343866934, 6.17787073038, 0.517786394139, 41.8370679374, 3.38391638588, 2.01114674078, 1.46449364352, 12.1171333048, 862.273625135, 0.0527868855918, 0.0196078431373
0.146513776418, 0.943221347109, 2.33949592085, 0.676157107642, 17.5635438238, 15.7866447661, 1.15648659858, 4.87354102679, 16.2786327546, 220.465192436, 0.127501447204, 0.0975609756098
0.101012459942, 1.19668506049, 4.11376316308, 0.682299209426, 76.2665621695, 6.04641708551, 3.18728305299, 4.32377323086, 34.6570610261, 972.952555415, 0.0290944153736, 0.0
0.397508168271, 0.997707350963, 4.0731183521, 0.652979915864, 26.9331799387, 41.436700113, 0.0585396679388, 3.3770658834, 17.7325383722, 164.772616263, 0.452791132137, 0.0
0.135221952079, 1.18955324956, 4.11376316308, 0.682299209426, 76.2665621695, 6.04641708551, 0.854843326431, 4.32377323086, 34.6570610261, 410.705528544, 0.0751175710545, 0.0
0.530835313761, 0.936007453572, 3.93727504438, 0.565715380114, 97.5156333596, 48.1474202811, 0.439474693223, 1.36856924339, 18.994074754, 167.719683754, 0.477942984155, 0.0
0.135643688303, 1.03702740968, 8.62223860185, 0.60739128481, 80.8145989938, 7.73139574825, 2.02183200894, 2.25775696908, 3.07805280199, 989.654952304, 0.04297136996, 0.0217391304348
0.135643688303, 1.03702740968, 8.62223860185, 0.60739128481, 80.8145989938, 7.73139574825, 2.02183200894, 2.25775696908, 3.07805280199, 995.022068084, 0.0395790419494, 0.0208333333333
0.500363556127, 0.972602205291, 2.46130328751, 0.529356342039, 77.0819676016, 40.8239121607, 0.761703669177, 4.76530801426, 5.01525646325, 128.748375633, 0.531604889644, 0.111111111111
0.500363556127, 1.10146249526, 3.01057291581, 0.528577673174, 82.122818527, 40.8239121607, 0.761703669177, 4.76530801426, 5.01525646325, 180.066995369, 0.530208809486, 0.0
0.525595335455, 1.09158484485, 4.56049516386, 0.436781724133, 97.0071022407, 42.1163956903, 0.12600184706, 3.18213770324, 16.2728847196, 189.223514544, 0.613350731732, 0.0
0.171809523404, 1.02218735326, 3.93727504438, 0.544917665308, 77.0819676016, 1.25889758589, 0.0185772683819, 4.01460298402, 17.0571876721, 234.667234257, 0.0157417873768, 0.533333333333
0.262780840217, 0.938119028123, 4.35429779958, 0.459614467166, 25.4930059621, 7.98930268717, 1.72913969435, 3.79341263796, 35.2755401362, 447.139808403, 0.067653095594, 0.0322580645161
0.300747536698, 1.08461957957, 2.76499572685, 0.594657925026, 4.09970967054, 5.84478477132, 2.8272721101, 4.00272733448, 31.6752360726, 480.448311248, 0.0711483192539, 0.0
0.147185904175, 0.906758467551, 2.1492016091, 0.499706187001, 26.9331799387, 1.2270498047, 0.772944849647, 2.17825219314, 17.5217458501, 133.820411061, 0.030495335971, 0.5
0.147185904175, 0.906758467551, 2.1492016091, 0.466493372724, 30.5747252997, 1.2270498047, 0.772944849647, 0.0131479649853, 17.5217458501, 129.336737494, 0.0332778826987, 0.51724137931
0.147185904175, 0.997707350963, 2.1492016091, 0.478253165941, 30.5747252997, 1.2270498047, 0.772944849647, 0.0131479649853, 17.5217458501, 136.112342362, 0.0287299897682, 0.484848484848
0.171809523404, 1.18998976694, 2.11876910765, 0.544917665308, 77.0819676016, 1.25889758589, 0.0185772683819, 3.79562654006, 17.0571876721, 150.086003536, 0.0201886497417, 0.461538461538
0.779715617697, 0.826153424483, 2.93432084494, 0.476887331733, 32.9565328743, 14.4739368747, 0.53207632537, 2.99647864604, 1.512902958, 118.147140583, 0.307595908338, 0.230769230769
0.500363556127, 0.89667706257, 3.15894452028, 0.528577673174, 9.84732580543, 40.8239121607, 0.0963252713874, 4.76530801426, 5.01525646325, 203.656914125, 0.704157321286, 0.0
0.221196749883, 1.09680057229, 3.80660217672, 0.425702274343, 42.0272724941, 3.48442412224, 2.10497996802, 0.143166601705, 41.1236171547, 717.498083936, 0.0554863754717, 0.0808823529412
0.779715617697, 0.826153424483, 2.93432084494, 0.441372269278, 32.9565328743, 14.4739368747, 0.53207632537, 2.99647864604, 40.3715561045, 153.838722403, 0.303530630897, 0.173913043478
0.147185904175, 1.09722661541, 2.1492016091, 0.499706187001, 30.5747252997, 1.2270498047, 0.772944849647, 0.0131479649853, 17.5217458501, 164.789258791, 0.0219014854575, 0.461538461538
0.147185904175, 1.09722661541, 2.00927288055, 0.499706187001, 30.5747252997, 1.2270498047, 0.772944849647, 0.0131479649853, 17.5217458501, 168.295804891, 0.0212415333463, 0.466666666667
0.101012459942, 0.895069995275, 7.67029339058, 0.541486271967, 31.9681578237, 16.8728426123, 1.63381870799, 3.73594963548, 39.9770473501, 674.734865182, 0.0743830944462, 0.0
0.574299416517, 0.997707350963, 4.0731183521, 0.652979915864, 30.5747252997, 46.8803924561, 0.854174749434, 3.3770658834, 17.7325383722, 193.647662749, 0.643976931296, 0.0833333333333
0.135221952079, 1.04041364706, 6.01447208223, 0.682299209426, 86.6383722053, 15.7866447661, 1.51380233054, 3.90062957988, 5.01525646325, 429.447286823, 0.076035451848, 0.0
0.116291890044, 1.10953091925, 2.2870310844, 0.600099592388, 70.247485571, 2.04015478272, 1.95794231286, 1.88358778723, 26.6235246199, 226.812714657, 0.0191845689477, 0.594594594595
0.728811680919, 0.903519398524, 3.41557612149, 0.487962182686, 10.2100141863, 3.48442412224, 0.0946068792404, 0.523126566552, 13.8335789335, 186.745364151, 0.133080324932, 0.125
0.521672004858, 0.972602205291, 2.46130328751, 0.529356342039, 49.2172383749, 22.0337234421, 1.51563192844, 0.314773284678, 40.1369434114, 238.744776946, 0.294050844754, 0.0
0.219080779862, 0.826153424483, 4.54936158749, 0.639765327418, 58.6202103203, 22.300806902, 0.53207632537, 2.99647864604, 41.3513804289, 241.041217506, 0.281629974212, 0.0
0.841677868967, 0.823853916228, 7.14606225078, 0.492601155367, 74.9636311753, 15.5257535297, 0.408436631057, 3.0255881823, 7.54449223376, 249.209831329, 0.213224697196, 0.0
0.779715617697, 1.09722661541, 3.59233273392, 0.544265755746, 32.9565328743, 14.4739368747, 0.53207632537, 2.99647864604, 8.29333431872, 226.776150402, 0.391473220787, 0.0
0.122264425723, 1.19205550055, 2.83563302186, 0.527656508537, 9.84732580543, 28.6218793204, 0.0963252713874, 1.79019818479, 40.1369434114, 313.256426533, 0.0936411240658, 0.0
0.66715657351, 0.94740903974, 9.9116675996, 0.446219044632, 75.1087035609, 2.28914215287, 1.90022320543, 1.54000475682, 34.871791283, 1048.61002079, 0.0631825756837, 0.0
0.135221952079, 1.03699426673, 6.01447208223, 0.682299209426, 86.6383722053, 15.7866447661, 1.51380233054, 3.90062957988, 5.01525646325, 691.506760882, 0.0789029389497, 0.0
0.188884315931, 0.872334522706, 3.690152212, 0.582169546415, 76.2665621695, 1.09996657162, 0.649475101232, 4.07757657289, 25.9789081841, 203.603681022, 0.0300956251072, 0.45
0.122959593518, 0.943221347109, 2.33949592085, 0.544917665308, 17.5635438238, 15.7866447661, 1.15648659858, 1.79832991175, 16.2786327546, 161.973986996, 0.143677408093, 0.210526315789
0.171809523404, 1.12985189221, 3.93727504438, 0.441372269278, 77.0819676016, 1.25889758589, 0.0185772683819, 4.01460298402, 17.0571876721, 229.506740163, 0.0345201763655, 0.384615384615
0.574299416517, 0.862343089396, 4.0731183521, 0.652979915864, 30.5747252997, 46.8803924561, 0.854174749434, 3.3770658834, 17.7325383722, 221.587641982, 0.629053542156, 0.0
0.365660918188, 1.06281982939, 8.71811468948, 0.40091532487, 51.6868691013, 4.2904583147, 2.74687228394, 1.34989098434, 22.6475079684, 1234.38086683, 0.07149548574, 0.0
0.441110754656, 1.16974189781, 2.45885136348, 0.466053155102, 14.5322195255, 27.8838501427, 1.26160121236, 0.719845971546, 35.4272837586, 242.693397035, 0.387723638536, 0.0
0.197023163368, 0.997707350963, 4.0731183521, 0.652979915864, 26.9331799387, 2.32959099056, 0.347652043136, 3.3770658834, 35.038958924, 172.648670955, 0.0339540417552, 0.473684210526
0.238589640818, 0.936007453572, 4.63733106626, 0.528604331194, 43.0196782816, 37.4899520753, 0.53900477823, 1.41197270033, 18.994074754, 251.298128094, 0.344276118535, 0.0
0.298996266496, 1.0998604982, 2.37086335038, 0.469033670241, 86.6746329463, 40.6456094517, 1.20149656244, 2.88090419414, 30.0373633121, 226.799785971, 0.515551713041, 0.0769230769231
0.262780840217, 0.938119028123, 3.59207920282, 0.459614467166, 25.4930059621, 7.98930268717, 1.72913969435, 3.79341263796, 26.6235246199, 298.630345856, 0.104490384919, 0.0925925925926
0.237454168473, 0.936007453572, 4.63733106626, 0.528604331194, 43.0196782816, 21.2693778682, 0.53900477823, 1.41197270033, 18.994074754, 253.355840504, 0.366979540026, 0.0
0.300747536698, 1.08089250619, 2.76499572685, 0.594657925026, 4.09970967054, 5.93762845303, 2.8272721101, 4.00272733448, 31.6752360726, 437.054303117, 0.0880196449379, 0.0
0.297021900304, 0.990470345055, 2.88626579446, 0.602299185201, 73.2951873854, 7.98930268717, 0.835962938386, 3.79341263796, 4.84333817415, 151.91996455, 0.213441792996, 0.333333333333
0.188884315931, 1.11101335811, 3.690152212, 0.582169546415, 76.2665621695, 6.04641708551, 0.854843326431, 4.32377323086, 34.6570610261, 283.342586644, 0.065971842827, 0.142857142857
0.116291890044, 0.879104848496, 5.30684512075, 0.600099592388, 21.7665960106, 38.5764252215, 0.770569016267, 4.87488496375, 41.3455927632, 274.108196779, 0.070903919656, 0.142857142857
0.39943018444, 1.08089250619, 2.15360838818, 0.624623033298, 21.7665960106, 6.468585, 2.8272721101, 4.87488496375, 23.8941989171, 333.232976331, 0.103445206538, 0.0
0.297021900304, 1.09158484485, 3.47477750664, 0.602299185201, 73.2951873854, 7.98930268717, 1.72913969435, 3.79341263796, 4.84333817415, 371.285961401, 0.10264836518, 0.025
0.39943018444, 0.871709645623, 2.15360838818, 0.624623033298, 21.7665960106, 6.468585, 3.96024002209, 3.48571608676, 23.8941989171, 326.319783092, 0.105667009231, 0.0
0.652940593311, 0.917883687139, 6.80536292235, 0.607010764008, 18.1028372827, 3.6786968316, 1.38149780943, 1.88358778723, 15.663296105, 521.763595527, 0.0914148043065, 0.0
0.238589640818, 0.879104848496, 5.30684512075, 0.619457480842, 34.8741996417, 38.5764252215, 0.770569016267, 0.360644287121, 41.3455927632, 263.358855729, 0.311248969131, 0.0
0.112055028425, 0.864106759711, 8.14405250225, 0.499706187001, 76.2665621695, 1.2270498047, 0.772944849647, 1.88358778723, 26.6235246199, 413.751322084, 0.0166058839493, 0.631578947368
0.197023163368, 0.997707350963, 4.0731183521, 0.652979915864, 26.9331799387, 2.32959099056, 0.347652043136, 3.3770658834, 17.7325383722, 239.884388676, 0.0499885165885, 0.384615384615
0.530835313761, 0.936007453572, 2.11876910765, 0.528604331194, 43.0196782816, 48.1474202811, 0.439474693223, 1.41197270033, 18.994074754, 138.387706936, 0.46169947647, 0.285714285714
0.221196749883, 1.19519199738, 2.15360838818, 0.424083569523, 21.7665960106, 6.468585, 0.408436631057, 4.19751643396, 16.2600241769, 146.902443605, 0.118510594967, 0.5625
