1.59052808288, 1.31147103783, 1.7185000615, 1.00550639812, 3.95719246448, 0.802754747948, 4.21059763149, 0.936619616896, 0.929395268698, 2.59032640474, 5.96693304298, 1.03446348188, 3.24960993128, 0.912828157434, 0.846895629797, 1.33445385782, 1.05499657661, 1.08464674355, 4.6178704445, 1.17580952801, 0.91959395518, 25.0865517892, 1.09763485547, 4.59828245291, 1.19438631356, 3.64412602074, 0.918519477365, 2640.80626988, 31.5914093838, 7763.30585028, 2.68096514745
1.16069250592, 1.18572004953, 0.97152220581, 0.926004785585, 2.64365301231, 0.912686678216, 1.35001913319, 1.12613946747, 1.05916311497, 4.67795111181, 2.94247884447, 1.15224700646, 4.48096023842, 1.10742092658, 0.940513297983, 1.43923879619, 1.0634153168, 0.915890627976, 9.28557193106, 0.943642130413, 0.986644862615, 19.9218089246, 1.05432091176, 4.79224537521, 1.20919212462, 5.47885344324, 1.13274443636, 31.4491300521, 8.50315585578, 77.2786399513, 2.9490616622
5.26712388521, 1.14925616727, 1.29566629327, 1.20788810525, 4.96075898882, 0.873190010067, 3.59703179144, 0.861881388486, 1.03950743022, 2.92702303354, 5.02753248723, 1.12985802245, 4.87624485919, 0.997895924936, 0.937594032502, 1.15656702542, 1.10388688091, 1.00958025065, 3.09464754893, 1.05848489196, 0.93818974858, 95.5915635529, 1.03956470452, 5.26754920263, 1.18423102656, 3.63974477963, 1.0628866325, 33.7379548771, 14.8155387155, 155.830740086, 0.804289544236
5.26712388521, 1.14925616727, 1.29566629327, 1.20788810525, 4.96075898882, 0.873190010067, 3.59703179144, 0.861881388486, 1.03950743022, 2.92702303354, 5.02753248723, 1.12985802245, 4.87624485919, 0.997895924936, 0.937594032502, 1.15656702542, 1.10388688091, 1.00958025065, 3.09464754893, 1.05848489196, 0.93818974858, 95.5915635529, 1.03956470452, 5.26754920263, 1.18423102656, 3.63974477963, 1.0628866325, 33.7379548771, 14.8155387155, 155.830740086, 0.804289544236
5.26712388521, 1.14925616727, 1.29566629327, 1.20788810525, 4.96075898882, 0.873190010067, 3.59703179144, 0.861881388486, 1.03950743022, 2.92702303354, 5.02753248723, 1.12985802245, 4.87624485919, 0.997895924936, 0.937594032502, 1.15656702542, 1.10388688091, 1.00958025065, 3.09464754893, 1.05848489196, 0.93818974858, 95.5915635529, 1.03956470452, 5.26754920263, 1.18423102656, 3.63974477963, 1.0628866325, 33.7379548771, 14.8155387155, 155.830740086, 0.804289544236
5.26712388521, 1.14925616727, 1.29566629327, 1.20788810525, 4.96075898882, 0.873190010067, 3.59703179144, 0.861881388486, 1.03950743022, 2.92702303354, 5.02753248723, 1.12985802245, 4.87624485919, 0.997895924936, 0.937594032502, 1.15656702542, 1.10388688091, 1.00958025065, 3.09464754893, 1.05848489196, 0.93818974858, 95.5915635529, 1.03956470452, 5.26754920263, 1.18423102656, 3.63974477963, 1.0628866325, 33.7379548771, 14.8155387155, 155.830740086, 0.804289544236
5.26712388521, 1.14925616727, 1.29566629327, 1.20788810525, 4.96075898882, 0.873190010067, 3.59703179144, 0.861881388486, 1.03950743022, 2.92702303354, 5.02753248723, 1.12985802245, 4.87624485919, 0.997895924936, 0.937594032502, 1.15656702542, 1.10388688091, 1.00958025065, 3.09464754893, 1.05848489196, 0.93818974858, 95.5915635529, 1.03956470452, 5.26754920263, 1.18423102656, 3.63974477963, 1.0628866325, 33.7379548771, 14.8155387155, 155.830740086, 0.804289544236
5.26712388521, 1.14925616727, 1.29566629327, 1.20788810525, 4.96075898882, 0.873190010067, 3.59703179144, 0.861881388486, 1.03950743022, 2.92702303354, 5.02753248723, 1.12985802245, 4.87624485919, 0.997895924936, 0.937594032502, 1.15656702542, 1.10388688091, 1.00958025065, 3.09464754893, 1.05848489196, 0.93818974858, 95.5915635529, 1.03956470452, 5.26754920263, 1.18423102656, 3.63974477963, 1.0628866325, 33.7379548771, 14.8155387155, 155.830740086, 0.804289544236
5.26712388521, 1.14925616727, 1.29566629327, 1.20788810525, 4.96075898882, 0.873190010067, 3.59703179144, 0.861881388486, 1.03950743022, 2.92702303354, 5.02753248723, 1.12985802245, 4.87624485919, 0.997895924936, 0.937594032502, 1.15656702542, 1.10388688091, 1.00958025065, 3.09464754893, 1.05848489196, 0.93818974858, 95.5915635529, 1.03956470452, 5.26754920263, 1.18423102656, 3.63974477963, 1.0628866325, 33.7379548771, 14.8155387155, 155.830740086, 0.804289544236
5.26712388521, 1.14925616727, 1.29566629327, 1.20788810525, 4.96075898882, 0.873190010067, 3.59703179144, 0.861881388486, 1.03950743022, 2.92702303354, 5.02753248723, 1.12985802245, 4.87624485919, 0.997895924936, 0.937594032502, 1.15656702542, 1.10388688091, 1.00958025065, 3.09464754893, 1.05848489196, 0.93818974858, 95.5915635529, 1.03956470452, 5.26754920263, 1.18423102656, 3.63974477963, 1.0628866325, 33.7379548771, 14.8155387155, 155.830740086, 0.804289544236
5.26712388521, 1.14925616727, 1.29566629327, 1.20788810525, 4.96075898882, 0.873190010067, 3.59703179144, 0.861881388486, 1.03950743022, 2.92702303354, 5.02753248723, 1.12985802245, 4.87624485919, 0.997895924936, 0.937594032502, 1.15656702542, 1.10388688091, 1.00958025065, 3.09464754893, 1.05848489196, 0.93818974858, 95.5915635529, 1.03956470452, 5.26754920263, 1.18423102656, 3.63974477963, 1.0628866325, 33.7379548771, 14.8155387155, 155.830740086, 0.804289544236
5.26712388521, 1.14925616727, 1.29566629327, 1.20788810525, 4.96075898882, 0.873190010067, 3.59703179144, 0.861881388486, 1.03950743022, 2.92702303354, 5.02753248723, 1.12985802245, 4.87624485919, 0.997895924936, 0.937594032502, 1.15656702542, 1.10388688091, 1.00958025065, 3.09464754893, 1.05848489196, 0.93818974858, 95.5915635529, 1.03956470452, 5.26754920263, 1.18423102656, 3.63974477963, 1.0628866325, 33.7379548771, 14.8155387155, 155.830740086, 0.804289544236
5.26712388521, 1.14925616727, 1.29566629327, 1.20788810525, 4.96075898882, 0.873190010067, 3.59703179144, 0.861881388486, 1.03950743022, 2.92702303354, 5.02753248723, 1.12985802245, 4.87624485919, 0.997895924936, 0.937594032502, 1.15656702542, 1.10388688091, 1.00958025065, 3.09464754893, 1.05848489196, 0.93818974858, 95.5915635529, 1.03956470452, 5.26754920263, 1.18423102656, 3.63974477963, 1.0628866325, 33.7379548771, 14.8155387155, 155.830740086, 0.804289544236
5.26712388521, 1.14925616727, 1.29566629327, 1.20788810525, 4.96075898882, 0.873190010067, 3.59703179144, 0.861881388486, 1.03950743022, 2.92702303354, 5.02753248723, 1.12985802245, 4.87624485919, 0.997895924936, 0.937594032502, 1.15656702542, 1.10388688091, 1.00958025065, 3.09464754893, 1.05848489196, 0.93818974858, 95.5915635529, 1.03956470452, 5.26754920263, 1.18423102656, 3.63974477963, 1.0628866325, 33.7379548771, 14.8155387155, 155.830740086, 0.804289544236
5.16959891396, 1.37192774573, 1.33530843833, 0.861704662372, 2.17762831335, 0.753307151825, 5.75440014187, 1.16479516577, 1.08552812142, 5.53362263607, 4.94751492307, 1.07608752506, 4.8504766502, 1.1633353797, 0.937607592518, 1.15928610604, 1.08914598846, 0.970920260906, 4.01806556374, 1.11372913649, 0.936927437963, 295.698228021, 1.05602161844, 1.67759164498, 1.18354158, 3.64544068351, 1.27892932821, 63.7834260872, 17.9909321071, 600.779866815, 1.60857908847
5.26712388521, 1.14925616727, 0.968643722521, 1.21702947978, 4.96075898882, 0.873174252787, 3.59703179144, 0.905169969917, 1.03950743022, 2.82235480225, 4.04102438587, 1.12925139003, 4.87624485919, 0.997895924936, 0.937017338745, 1.15656702542, 1.10388688091, 1.00958025065, 3.14012635812, 1.05938181971, 0.831451139033, 92.1400342851, 1.03935428058, 5.26754920263, 1.18423102656, 2.63565987033, 0.969288808037, 144.793030138, 16.60831608, 162.194077518, 1.34048257373
5.26712388521, 1.14925616727, 0.968643722521, 1.21702947978, 4.96075898882, 0.873174252787, 3.59703179144, 0.905169969917, 1.03950743022, 2.82235480225, 4.04102438587, 1.12925139003, 4.87624485919, 0.997895924936, 0.937017338745, 1.15656702542, 1.10388688091, 1.00958025065, 3.14012635812, 1.05938181971, 0.831451139033, 92.1400342851, 1.03935428058, 5.26754920263, 1.18423102656, 2.63565987033, 0.969288808037, 144.793030138, 16.60831608, 162.194077518, 1.34048257373
5.26712388521, 1.14925616727, 0.968643722521, 1.21702947978, 4.96075898882, 0.873174252787, 3.59703179144, 0.905169969917, 1.03950743022, 2.82235480225, 4.04102438587, 1.12925139003, 4.87624485919, 0.997895924936, 0.937017338745, 1.15656702542, 1.10388688091, 1.00958025065, 3.14012635812, 1.05938181971, 0.831451139033, 92.1400342851, 1.03935428058, 5.26754920263, 1.18423102656, 2.63565987033, 0.969288808037, 144.793030138, 16.60831608, 162.194077518, 1.34048257373
5.26712388521, 1.14925616727, 0.968643722521, 1.21702947978, 4.96075898882, 0.873174252787, 3.59703179144, 0.905169969917, 1.03950743022, 2.82235480225, 4.04102438587, 1.12925139003, 4.87624485919, 0.997895924936, 0.937017338745, 1.15656702542, 1.10388688091, 1.00958025065, 3.14012635812, 1.05938181971, 0.831451139033, 92.1400342851, 1.03935428058, 5.26754920263, 1.18423102656, 2.63565987033, 0.969288808037, 144.793030138, 16.60831608, 162.194077518, 1.34048257373
5.26712388521, 1.14925616727, 0.968643722521, 1.21702947978, 4.96075898882, 0.873174252787, 3.59703179144, 0.905169969917, 1.03950743022, 2.82235480225, 4.04102438587, 1.12925139003, 4.87624485919, 0.997895924936, 0.937017338745, 1.15656702542, 1.10388688091, 1.00958025065, 3.14012635812, 1.05938181971, 0.831451139033, 92.1400342851, 1.03935428058, 5.26754920263, 1.18423102656, 2.63565987033, 0.969288808037, 144.793030138, 16.60831608, 162.194077518, 1.34048257373
5.26712388521, 1.14925616727, 0.968643722521, 1.21702947978, 4.96075898882, 0.873174252787, 3.59703179144, 0.905169969917, 1.03950743022, 2.82235480225, 4.04102438587, 1.12925139003, 4.87624485919, 0.997895924936, 0.937017338745, 1.15656702542, 1.10388688091, 1.00958025065, 3.14012635812, 1.05938181971, 0.831451139033, 92.1400342851, 1.03935428058, 5.26754920263, 1.18423102656, 2.63565987033, 0.969288808037, 144.793030138, 16.60831608, 162.194077518, 1.34048257373
5.26712388521, 1.14925616727, 0.968643722521, 1.21702947978, 4.96075898882, 0.873174252787, 3.59703179144, 0.905169969917, 1.03950743022, 2.82235480225, 4.04102438587, 1.12925139003, 4.87624485919, 0.997895924936, 0.937017338745, 1.15656702542, 1.10388688091, 1.00958025065, 3.14012635812, 1.05938181971, 0.831451139033, 92.1400342851, 1.03935428058, 5.26754920263, 1.18423102656, 2.63565987033, 0.969288808037, 144.793030138, 16.60831608, 162.194077518, 1.34048257373
5.26712388521, 1.14925616727, 0.968643722521, 1.21702947978, 4.96075898882, 0.873174252787, 3.59703179144, 0.905169969917, 1.03950743022, 2.82235480225, 4.04102438587, 1.12925139003, 4.87624485919, 0.997895924936, 0.937017338745, 1.15656702542, 1.10388688091, 1.00958025065, 3.14012635812, 1.05938181971, 0.831451139033, 92.1400342851, 1.03935428058, 5.26754920263, 1.18423102656, 2.63565987033, 0.969288808037, 144.793030138, 16.60831608, 162.194077518, 1.34048257373
5.26712388521, 1.14925616727, 0.968643722521, 1.21702947978, 4.96075898882, 0.873174252787, 3.59703179144, 0.905169969917, 1.03950743022, 2.82235480225, 4.04102438587, 1.12925139003, 4.87624485919, 0.997895924936, 0.937017338745, 1.15656702542, 1.10388688091, 1.00958025065, 3.14012635812, 1.05938181971, 0.831451139033, 92.1400342851, 1.03935428058, 5.26754920263, 1.18423102656, 2.63565987033, 0.969288808037, 144.793030138, 16.60831608, 162.194077518, 1.34048257373
5.26712388521, 1.14925616727, 0.968643722521, 1.21702947978, 4.96075898882, 0.873174252787, 3.59703179144, 0.905169969917, 1.03950743022, 2.82235480225, 4.04102438587, 1.12925139003, 4.87624485919, 0.997895924936, 0.937017338745, 1.15656702542, 1.10388688091, 1.00958025065, 3.14012635812, 1.05938181971, 0.831451139033, 92.1400342851, 1.03935428058, 5.26754920263, 1.18423102656, 2.63565987033, 0.969288808037, 144.793030138, 16.60831608, 162.194077518, 1.34048257373
5.26712388521, 1.14925616727, 0.968643722521, 1.21702947978, 4.96075898882, 0.873174252787, 3.59703179144, 0.905169969917, 1.03950743022, 2.82235480225, 4.04102438587, 1.12925139003, 4.87624485919, 0.997895924936, 0.937017338745, 1.15656702542, 1.10388688091, 1.00958025065, 3.14012635812, 1.05938181971, 0.831451139033, 92.1400342851, 1.03935428058, 5.26754920263, 1.18423102656, 2.63565987033, 0.969288808037, 144.793030138, 16.60831608, 162.194077518, 1.34048257373
5.16959891396, 1.13925954693, 1.3339532174, 0.994968831391, 2.17458010594, 0.752250873755, 4.42613353518, 1.16479516577, 1.08759357872, 5.52184893057, 4.04413434806, 1.07608752506, 2.99824022149, 1.16644938902, 0.937607592518, 1.15928610604, 1.07005851535, 0.970920260906, 5.8968351033, 0.938266208704, 0.936927437963, 12.9915363481, 1.05602161844, 3.57440684478, 1.14900240339, 3.67120568405, 1.29952600496, 142.147416652, 23.1797273684, 1009.0716153, 1.87667560322
5.26712388521, 1.14925616727, 1.29566629327, 1.20788810525, 4.96075898882, 0.873190010067, 3.59703179144, 0.861881388486, 1.03950743022, 2.92702303354, 5.02753248723, 1.12985802245, 4.87624485919, 0.997895924936, 0.937594032502, 1.15656702542, 1.10388688091, 1.00958025065, 3.00964782071, 1.05848489196, 0.93818974858, 95.5915635529, 1.03956470452, 5.26754920263, 1.18423102656, 3.63974477963, 1.0628866325, 199.974671252, 24.2104183223, 211.403426652, 0.804289544236
5.26712388521, 1.14925616727, 1.29566629327, 1.20788810525, 4.96075898882, 0.873190010067, 3.59703179144, 0.861881388486, 1.03950743022, 2.92702303354, 5.02753248723, 1.12985802245, 4.87624485919, 0.997895924936, 0.937594032502, 1.15656702542, 1.10388688091, 1.00958025065, 3.00964782071, 1.05848489196, 0.93818974858, 95.5915635529, 1.03956470452, 5.26754920263, 1.18423102656, 3.63974477963, 1.0628866325, 199.974671252, 24.2104183223, 211.403426652, 0.804289544236
5.26712388521, 1.14925616727, 1.29566629327, 1.20788810525, 4.96075898882, 0.873190010067, 3.59703179144, 0.861881388486, 1.03950743022, 2.92702303354, 5.02753248723, 1.12985802245, 4.87624485919, 0.997895924936, 0.937594032502, 1.15656702542, 1.10388688091, 1.00958025065, 3.00964782071, 1.05848489196, 0.93818974858, 95.5915635529, 1.03956470452, 5.26754920263, 1.18423102656, 3.63974477963, 1.0628866325, 199.974671252, 24.2104183223, 211.403426652, 0.804289544236
5.26712388521, 1.14925616727, 1.29566629327, 1.20788810525, 4.96075898882, 0.873190010067, 3.59703179144, 0.861881388486, 1.03950743022, 2.92702303354, 5.02753248723, 1.12985802245, 4.87624485919, 0.997895924936, 0.937594032502, 1.15656702542, 1.10388688091, 1.00958025065, 3.00964782071, 1.05848489196, 0.93818974858, 95.5915635529, 1.03956470452, 5.26754920263, 1.18423102656, 3.63974477963, 1.0628866325, 199.974671252, 24.2104183223, 211.403426652, 0.804289544236
5.26712388521, 1.14925616727, 1.29566629327, 1.20788810525, 4.96075898882, 0.873190010067, 3.59703179144, 0.861881388486, 1.03950743022, 2.92702303354, 5.02753248723, 1.12985802245, 4.87624485919, 0.997895924936, 0.937594032502, 1.15656702542, 1.10388688091, 1.00958025065, 3.00964782071, 1.05848489196, 0.93818974858, 95.5915635529, 1.03956470452, 5.26754920263, 1.18423102656, 3.63974477963, 1.0628866325, 199.974671252, 24.2104183223, 211.403426652, 0.804289544236
5.26712388521, 1.14925616727, 1.29566629327, 1.20788810525, 4.96075898882, 0.873190010067, 3.59703179144, 0.861881388486, 1.03950743022, 2.92702303354, 5.02753248723, 1.12985802245, 4.87624485919, 0.997895924936, 0.937594032502, 1.15656702542, 1.10388688091, 1.00958025065, 3.0972516818, 1.05848489196, 0.952385515341, 95.5915635529, 1.03956470452, 5.26754920263, 1.18423102656, 3.63974477963, 1.0628866325, 78.6668487517, 20.1384838902, 82.4778410481, 0.0
5.26712388521, 1.14925616727, 1.29566629327, 1.20788810525, 4.96075898882, 0.873190010067, 3.59703179144, 0.861881388486, 1.03950743022, 2.92702303354, 5.02753248723, 1.12985802245, 4.87624485919, 0.997895924936, 0.937594032502, 1.15656702542, 1.10388688091, 1.00958025065, 3.0972516818, 1.05848489196, 0.952385515341, 95.5915635529, 1.03956470452, 5.26754920263, 1.18423102656, 3.63974477963, 1.0628866325, 78.6668487517, 20.1384838902, 82.4778410481, 0.0
5.26712388521, 1.14925616727, 1.29566629327, 1.20788810525, 4.96075898882, 0.873190010067, 3.59703179144, 0.861881388486, 1.03950743022, 2.92702303354, 5.02753248723, 1.12985802245, 4.87624485919, 0.997895924936, 0.937594032502, 1.15656702542, 1.10388688091, 1.00958025065, 3.0972516818, 1.05848489196, 0.952385515341, 95.5915635529, 1.03956470452, 5.26754920263, 1.18423102656, 3.63974477963, 1.0628866325, 78.6668487517, 20.1384838902, 82.4778410481, 0.0
5.26712388521, 1.14925616727, 1.29566629327, 1.20788810525, 4.96075898882, 0.873190010067, 3.59703179144, 0.861881388486, 1.03950743022, 2.92702303354, 5.02753248723, 1.12985802245, 4.87624485919, 0.997895924936, 0.937594032502, 1.15656702542, 1.10388688091, 1.00958025065, 3.0972516818, 1.05848489196, 0.952385515341, 95.5915635529, 1.03956470452, 5.26754920263, 1.18423102656, 3.63974477963, 1.0628866325, 78.6668487517, 20.1384838902, 82.4778410481, 0.0
5.26712388521, 1.14925616727, 1.29566629327, 1.20788810525, 4.96075898882, 0.873190010067, 3.59703179144, 0.861881388486, 1.03950743022, 2.92702303354, 5.02753248723, 1.12985802245, 4.87624485919, 0.997895924936, 0.937594032502, 1.15656702542, 1.10388688091, 1.00958025065, 3.0972516818, 1.05848489196, 0.952385515341, 95.5915635529, 1.03956470452, 5.26754920263, 1.18423102656, 3.63974477963, 1.0628866325, 78.6668487517, 20.1384838902, 82.4778410481, 0.0
5.26712388521, 1.14925616727, 1.29566629327, 1.20788810525, 4.96075898882, 0.873190010067, 3.59703179144, 0.861881388486, 1.03950743022, 2.92702303354, 5.02753248723, 1.12985802245, 4.87624485919, 0.997895924936, 0.937594032502, 1.15656702542, 1.10388688091, 1.00958025065, 3.0972516818, 1.05848489196, 0.952385515341, 95.5915635529, 1.04395318467, 5.26754920263, 1.18423102656, 3.63974477963, 1.0628866325, 174.18407988, 14.1568659415, 853.484312258, 2.9490616622
5.26712388521, 1.14925616727, 1.29566629327, 1.20788810525, 4.96075898882, 0.873190010067, 3.59703179144, 0.861881388486, 1.03950743022, 2.92702303354, 5.02753248723, 1.12985802245, 4.87624485919, 0.997895924936, 0.937594032502, 1.15656702542, 1.10388688091, 1.00958025065, 3.0972516818, 1.05848489196, 0.952385515341, 95.5915635529, 1.04395318467, 5.26754920263, 1.18423102656, 3.63974477963, 1.0628866325, 174.18407988, 14.1568659415, 853.484312258, 2.9490616622
5.26712388521, 1.14925616727, 1.29566629327, 1.20788810525, 4.96075898882, 0.873190010067, 3.59703179144, 0.861881388486, 1.03950743022, 2.92702303354, 5.02753248723, 1.12985802245, 4.87624485919, 0.997895924936, 0.937594032502, 1.15656702542, 1.10388688091, 1.00958025065, 3.0972516818, 1.05848489196, 0.952385515341, 95.5915635529, 1.04395318467, 5.26754920263, 1.18423102656, 3.63974477963, 1.0628866325, 174.18407988, 14.1568659415, 853.484312258, 2.9490616622
5.26712388521, 1.14925616727, 1.29566629327, 1.20788810525, 4.96075898882, 0.873190010067, 3.59703179144, 0.861881388486, 1.03950743022, 2.92702303354, 5.02753248723, 1.12985802245, 4.87624485919, 0.997895924936, 0.937594032502, 1.15656702542, 1.10388688091, 1.00958025065, 3.0972516818, 1.05848489196, 0.952385515341, 95.5915635529, 1.03956470452, 5.26754920263, 1.18423102656, 3.63974477963, 1.0628866325, 85.6368456235, 11.9344434699, 606.877711465, 2.41286863271
5.26712388521, 1.14925616727, 1.29566629327, 1.20788810525, 4.96075898882, 0.873190010067, 3.59703179144, 0.861881388486, 1.03950743022, 2.92702303354, 5.02753248723, 1.12985802245, 4.87624485919, 0.997895924936, 0.937594032502, 1.15656702542, 1.10388688091, 1.00958025065, 3.0972516818, 1.05848489196, 0.952385515341, 95.5915635529, 1.03956470452, 5.26754920263, 1.18423102656, 3.63974477963, 1.0628866325, 85.6368456235, 11.9344434699, 606.877711465, 2.41286863271
5.26712388521, 1.14925616727, 1.29566629327, 1.20788810525, 4.96075898882, 0.873190010067, 3.59703179144, 0.861881388486, 1.03950743022, 2.92702303354, 5.02753248723, 1.12985802245, 4.87624485919, 0.997895924936, 0.937594032502, 1.15656702542, 1.10388688091, 1.00958025065, 3.0972516818, 1.05848489196, 0.952385515341, 95.5915635529, 1.03956470452, 5.26754920263, 1.18423102656, 3.63974477963, 1.0628866325, 85.6368456235, 11.9344434699, 606.877711465, 2.41286863271
5.22552324067, 1.1031902381, 1.41965634594, 1.20770669797, 4.18359901954, 0.876455306342, 1.20016281842, 1.24772105436, 1.1153369181, 2.62102287278, 5.04228519766, 0.998515717854, 1.83672344954, 0.828991881064, 0.945715877272, 1.45458816417, 1.1060975633, 1.21762043543, 3.11671257461, 1.16827793895, 0.946718482101, 338.997729929, 1.00204050853, 2.06475766531, 1.18823331542, 4.67238303317, 0.871417286358, 116.415604209, 15.8745066007, 285.302545712, 1.60857908847
5.26712388521, 1.14925616727, 0.968643722521, 1.21702947978, 4.96075898882, 0.873174252787, 3.59703179144, 0.905169969917, 1.03950743022, 2.82235480225, 4.04102438587, 1.12925139003, 4.75413225184, 0.997895924936, 0.937017338745, 1.15656702542, 1.10388688091, 1.00958025065, 3.14012635812, 1.05938181971, 0.831451139033, 92.1400342851, 1.03935428058, 5.26754920263, 1.18423102656, 2.63565987033, 0.969288808037, 149.954728022, 14.1351928104, 201.560127122, 4.28954423592
5.26712388521, 1.14925616727, 0.968643722521, 1.21702947978, 4.96075898882, 0.873174252787, 3.59703179144, 0.905169969917, 1.03950743022, 2.82235480225, 4.04102438587, 1.12925139003, 4.75413225184, 0.997895924936, 0.937017338745, 1.15656702542, 1.10388688091, 1.00958025065, 3.14012635812, 1.05938181971, 0.831451139033, 92.1400342851, 1.03935428058, 5.26754920263, 1.18423102656, 2.63565987033, 0.969288808037, 149.954728022, 14.1351928104, 201.560127122, 4.28954423592
5.26712388521, 1.14925616727, 0.968643722521, 1.21702947978, 4.96075898882, 0.873174252787, 3.59703179144, 0.905169969917, 1.03950743022, 2.82235480225, 4.04102438587, 1.12925139003, 4.75413225184, 0.997895924936, 0.937017338745, 1.15656702542, 1.10388688091, 1.00958025065, 3.14012635812, 1.05938181971, 0.831451139033, 92.1400342851, 1.03935428058, 5.26754920263, 1.18423102656, 2.63565987033, 0.969288808037, 149.954728022, 14.1351928104, 201.560127122, 4.28954423592
5.26712388521, 1.14925616727, 0.968643722521, 1.21702947978, 4.96075898882, 0.873174252787, 3.59703179144, 0.905169969917, 1.03950743022, 2.82235480225, 4.04102438587, 1.12925139003, 4.75413225184, 0.997895924936, 0.937017338745, 1.15656702542, 1.10388688091, 1.00958025065, 3.14012635812, 1.05938181971, 0.831451139033, 92.1400342851, 1.03935428058, 5.26754920263, 1.18423102656, 2.63565987033, 0.969288808037, 149.954728022, 14.1351928104, 201.560127122, 4.28954423592
5.26712388521, 1.14925616727, 0.968643722521, 1.21702947978, 4.96075898882, 0.873174252787, 3.59703179144, 0.905169969917, 1.03950743022, 2.82235480225, 4.04102438587, 1.12925139003, 4.75413225184, 0.997895924936, 0.937017338745, 1.15656702542, 1.10388688091, 1.00958025065, 3.14012635812, 1.05938181971, 0.831451139033, 92.1400342851, 1.03935428058, 5.26754920263, 1.18423102656, 2.63565987033, 0.969288808037, 149.954728022, 14.1351928104, 201.560127122, 4.28954423592
5.26712388521, 1.14925616727, 0.968643722521, 1.21702947978, 4.96075898882, 0.873174252787, 3.59703179144, 0.905169969917, 1.03950743022, 2.82235480225, 4.04102438587, 1.12925139003, 4.87624485919, 0.997895924936, 0.937017338745, 1.15656702542, 1.10388688091, 1.00958025065, 3.14012635812, 1.05937940709, 0.831451139033, 92.1400342851, 1.03605770653, 5.26754920263, 1.18423102656, 2.60841632736, 0.968120739165, 272.372997857, 17.5395654554, 439.225533986, 3.75335120643
5.26712388521, 1.14925616727, 0.968643722521, 1.21702947978, 4.96075898882, 0.873174252787, 3.59703179144, 0.905169969917, 1.03950743022, 2.82235480225, 4.04102438587, 1.12925139003, 4.87624485919, 0.997895924936, 0.937017338745, 1.15656702542, 1.10388688091, 1.00958025065, 3.14012635812, 1.05937940709, 0.831451139033, 92.1400342851, 1.03605770653, 5.26754920263, 1.18423102656, 2.60841632736, 0.968120739165, 272.372997857, 17.5395654554, 439.225533986, 3.75335120643
5.26712388521, 1.14925616727, 0.968643722521, 1.21702947978, 4.96075898882, 0.873174252787, 3.59703179144, 0.905169969917, 1.03950743022, 2.82235480225, 4.04102438587, 1.12925139003, 4.87624485919, 0.997895924936, 0.937017338745, 1.15656702542, 1.10388688091, 1.00958025065, 3.14012635812, 1.05937940709, 0.831451139033, 92.1400342851, 1.03605770653, 5.26754920263, 1.18423102656, 2.60841632736, 0.968120739165, 272.372997857, 17.5395654554, 439.225533986, 3.75335120643
5.26712388521, 1.14925616727, 0.971251077407, 1.21702947978, 4.96075898882, 0.873174252787, 3.59703179144, 0.862375960355, 1.03950743022, 2.82357926163, 5.10345600928, 1.12925374303, 4.75413225184, 0.997895924936, 0.937017037249, 1.15656702542, 1.10388688091, 1.01223495159, 3.00880521811, 1.05938181971, 0.831451139033, 95.5925741629, 1.03956540903, 5.26754920263, 1.18423102656, 2.64539424923, 0.969288808037, 459.468241426, 32.8470865462, 845.084831416, 0.268096514745
5.26712388521, 1.14925616727, 0.968643722521, 1.21767856581, 4.96075898882, 0.873174252787, 3.59703179144, 0.905169969917, 1.03950743022, 2.92799871048, 4.04225575124, 1.15160139219, 4.87624485919, 0.997895924936, 0.937017338745, 1.15656702542, 1.10388688091, 1.00958025065, 3.14012635812, 1.05936248403, 0.830341090536, 92.1400342851, 1.03935428058, 5.26754920263, 1.18423102656, 3.61453251499, 1.06104834846, 183.461060937, 12.7206676381, 1587.51736915, 4.55764075067
5.26712388521, 1.14925616727, 0.973772246781, 1.20788810525, 4.96075898882, 0.873190010067, 3.63785620525, 0.862410947788, 1.03950743022, 2.92702303354, 4.04778009832, 1.10868243399, 4.75235907641, 0.997895924936, 0.937594032502, 1.15656702542, 1.10388688091, 1.00958025065, 3.09464754893, 1.05947245792, 0.93818974858, 95.5915635529, 1.03956396284, 5.26754920263, 1.18423102656, 3.63974477963, 0.970396644583, 74.9890893365, 13.5315852959, 232.431287942, 1.34048257373
5.26712388521, 1.14925616727, 0.973772246781, 1.20788810525, 4.96075898882, 0.873190010067, 3.63785620525, 0.862410947788, 1.03950743022, 2.92702303354, 4.04778009832, 1.10868243399, 4.75235907641, 0.997895924936, 0.937594032502, 1.15656702542, 1.10388688091, 1.00958025065, 3.09464754893, 1.05947245792, 0.93818974858, 95.5915635529, 1.03956396284, 5.26754920263, 1.18423102656, 3.63974477963, 0.970396644583, 74.9890893365, 13.5315852959, 232.431287942, 1.34048257373
5.26712388521, 1.14925616727, 0.973772246781, 1.20788810525, 4.96075898882, 0.873190010067, 3.63785620525, 0.862410947788, 1.03950743022, 2.92702303354, 4.04778009832, 1.10868243399, 4.75235907641, 0.997895924936, 0.937594032502, 1.15656702542, 1.10388688091, 1.00958025065, 3.09464754893, 1.05947245792, 0.93818974858, 95.5915635529, 1.03956396284, 5.26754920263, 1.18423102656, 3.63974477963, 0.970396644583, 74.9890893365, 13.5315852959, 232.431287942, 1.34048257373
5.26712388521, 1.14925616727, 1.29566629327, 1.20788810525, 4.96075898882, 0.873173929757, 3.59703179144, 0.861881388486, 1.03950743022, 2.17305857769, 5.02753248723, 1.12985802245, 4.87624485919, 0.997895924936, 0.937022921598, 1.15656702542, 1.10388688091, 1.00958025065, 3.13932967952, 1.05949231767, 0.939096469231, 92.1655655793, 1.03934908684, 5.26754920263, 1.18423102656, 3.63974477963, 0.969822357663, 36.1680040168, 14.8540085844, 452.768270219, 0.268096514745
5.26712388521, 1.14925616727, 1.29566629327, 1.20788810525, 4.96075898882, 0.873173929757, 3.59703179144, 0.861881388486, 1.03950743022, 2.17305857769, 5.02753248723, 1.12985802245, 4.87624485919, 0.997895924936, 0.937022921598, 1.15656702542, 1.10388688091, 1.00958025065, 3.13932967952, 1.05949231767, 0.939096469231, 92.1655655793, 1.03934908684, 5.26754920263, 1.18423102656, 3.63974477963, 0.969822357663, 36.1680040168, 14.8540085844, 452.768270219, 0.268096514745
5.26712388521, 1.14925616727, 1.29513741394, 1.2188376822, 4.96075898882, 0.873190010067, 3.59703179144, 0.905157962061, 1.03950743022, 2.82362539666, 4.03393090884, 1.12985802245, 4.87624485919, 0.997895924936, 0.9375944029, 1.15656702542, 1.10388688091, 1.00958025065, 3.09486557995, 1.05848497436, 0.952385515341, 91.70663729, 1.03956470452, 5.26754920263, 1.18423102656, 3.63974477963, 1.06621165579, 265.060375688, 27.5288669344, 594.39916535, 2.14477211796
5.26712388521, 1.14925616727, 1.29566629327, 1.20788810525, 4.96075898882, 0.873190010067, 3.59703179144, 0.851655329013, 1.03950743022, 2.92702303354, 5.02753248723, 1.12985802245, 4.86793516844, 0.997895924936, 0.937594032502, 1.15656702542, 1.10388688091, 1.00958025065, 3.00964782071, 1.05848489196, 0.93818974858, 95.5915635529, 1.03956463463, 5.26754920263, 1.18423102656, 3.63974477963, 1.06653888769, 49.0826375248, 8.73828089818, 109.31907166, 3.48525469169
5.26712388521, 1.14925616727, 1.29566629327, 1.20788810525, 4.96075898882, 0.873190010067, 3.59703179144, 0.851655329013, 1.03950743022, 2.92702303354, 5.02753248723, 1.12985802245, 4.86793516844, 0.997895924936, 0.937594032502, 1.15656702542, 1.10388688091, 1.00958025065, 3.00964782071, 1.05848489196, 0.93818974858, 95.5915635529, 1.03956463463, 5.26754920263, 1.18423102656, 3.63974477963, 1.06653888769, 49.0826375248, 8.73828089818, 109.31907166, 3.48525469169
5.26712388521, 1.14925616727, 1.29566629327, 1.20788810525, 4.96075898882, 0.873190010067, 3.59703179144, 0.851655329013, 1.03950743022, 2.92702303354, 5.02753248723, 1.12985802245, 4.86793516844, 0.997895924936, 0.937594032502, 1.15656702542, 1.10388688091, 1.00958025065, 3.00964782071, 1.05848489196, 0.93818974858, 95.5915635529, 1.03956463463, 5.26754920263, 1.18423102656, 3.63974477963, 1.06653888769, 49.0826375248, 8.73828089818, 109.31907166, 3.48525469169
5.26712388521, 1.14925616727, 1.29566629327, 1.20788810525, 4.96075898882, 0.873190010067, 3.59703179144, 0.851655329013, 1.03950743022, 2.92702303354, 5.02753248723, 1.12985802245, 4.86793516844, 0.997895924936, 0.937594032502, 1.15656702542, 1.10388688091, 1.00958025065, 3.00964782071, 1.05848489196, 0.93818974858, 95.5915635529, 1.03956463463, 5.26754920263, 1.18423102656, 3.63974477963, 1.06653888769, 49.0826375248, 8.73828089818, 109.31907166, 3.48525469169
5.26712388521, 1.14925616727, 1.29566629327, 1.20788810525, 4.96075898882, 0.873190010067, 3.59703179144, 0.851655329013, 1.03950743022, 2.92702303354, 5.02753248723, 1.12985802245, 4.86793516844, 0.997895924936, 0.937594032502, 1.15656702542, 1.10388688091, 1.00958025065, 3.00964782071, 1.05848489196, 0.93818974858, 95.5915635529, 1.03956463463, 5.26754920263, 1.18423102656, 3.63974477963, 1.06653888769, 49.0826375248, 8.73828089818, 109.31907166, 3.48525469169
5.26712388521, 1.14925616727, 1.29566629327, 1.20788810525, 4.96075898882, 0.873190010067, 3.59703179144, 0.851655329013, 1.03950743022, 2.92702303354, 5.02753248723, 1.12985802245, 4.86793516844, 0.997895924936, 0.937594032502, 1.15656702542, 1.10388688091, 1.00958025065, 3.00964782071, 1.05848489196, 0.93818974858, 95.5915635529, 1.03956463463, 5.26754920263, 1.18423102656, 3.63974477963, 1.06653888769, 49.0826375248, 8.73828089818, 109.31907166, 3.48525469169
5.26712388521, 1.14925616727, 1.29566629327, 1.20788810525, 4.96075898882, 0.873190010067, 3.59703179144, 0.851655329013, 1.03950743022, 2.92702303354, 5.02753248723, 1.12985802245, 4.86793516844, 0.997895924936, 0.937594032502, 1.15656702542, 1.10388688091, 1.00958025065, 3.00964782071, 1.05848489196, 0.93818974858, 95.5915635529, 1.03956463463, 5.26754920263, 1.18423102656, 3.63974477963, 1.06653888769, 49.0826375248, 8.73828089818, 109.31907166, 3.48525469169
5.26712388521, 1.14925616727, 1.29566629327, 1.20788810525, 4.96075898882, 0.873190010067, 3.59703179144, 0.851655329013, 1.03950743022, 2.92702303354, 5.02753248723, 1.12985802245, 4.86793516844, 0.997895924936, 0.937594032502, 1.15656702542, 1.10388688091, 1.00958025065, 3.00964782071, 1.05848489196, 0.93818974858, 95.5915635529, 1.03956463463, 5.26754920263, 1.18423102656, 3.63974477963, 1.06653888769, 49.0826375248, 8.73828089818, 109.31907166, 3.48525469169
5.26712388521, 1.14925616727, 1.29566629327, 1.20788810525, 4.96075898882, 0.873190010067, 3.59703179144, 0.851655329013, 1.03950743022, 2.92702303354, 5.02753248723, 1.12985802245, 4.86793516844, 0.997895924936, 0.937594032502, 1.15656702542, 1.10388688091, 1.00958025065, 3.00964782071, 1.05848489196, 0.93818974858, 95.5915635529, 1.03956463463, 5.26754920263, 1.18423102656, 3.63974477963, 1.06653888769, 49.0826375248, 8.73828089818, 109.31907166, 3.48525469169
5.26712388521, 1.14925616727, 1.29566629327, 1.20788810525, 4.96075898882, 0.873190010067, 3.59703179144, 0.851655329013, 1.03950743022, 2.92702303354, 5.02753248723, 1.12985802245, 4.86793516844, 0.997895924936, 0.937594032502, 1.15656702542, 1.10388688091, 1.00958025065, 3.00964782071, 1.05848489196, 0.93818974858, 95.5915635529, 1.03956463463, 5.26754920263, 1.18423102656, 3.63974477963, 1.06653888769, 49.0826375248, 8.73828089818, 109.31907166, 3.48525469169
5.26712388521, 1.14925616727, 1.29566629327, 1.20788810525, 4.96075898882, 0.873190010067, 3.59703179144, 0.851655329013, 1.03950743022, 2.92702303354, 5.02753248723, 1.12985802245, 4.86793516844, 0.997895924936, 0.937594032502, 1.15656702542, 1.10388688091, 1.00958025065, 3.00964782071, 1.05848489196, 0.93818974858, 95.5915635529, 1.03956463463, 5.26754920263, 1.18423102656, 3.63974477963, 1.06653888769, 49.0826375248, 8.73828089818, 109.31907166, 3.48525469169
5.26712388521, 1.14925616727, 1.29566629327, 1.20788810525, 4.96075898882, 0.873190010067, 3.59703179144, 0.851655329013, 1.03950743022, 2.92702303354, 5.02753248723, 1.12985802245, 4.86793516844, 0.997895924936, 0.937594032502, 1.15656702542, 1.10388688091, 1.00958025065, 3.00964782071, 1.05848489196, 0.93818974858, 95.5915635529, 1.03956463463, 5.26754920263, 1.18423102656, 3.63974477963, 1.06653888769, 49.0826375248, 8.73828089818, 109.31907166, 3.48525469169
5.26712388521, 1.14925616727, 1.29566629327, 1.20788810525, 4.96075898882, 0.873190010067, 3.59703179144, 0.851655329013, 1.03950743022, 2.92702303354, 5.02753248723, 1.12985802245, 4.86793516844, 0.997895924936, 0.937594032502, 1.15656702542, 1.10388688091, 1.00958025065, 3.00964782071, 1.05848489196, 0.93818974858, 95.5915635529, 1.03956463463, 5.26754920263, 1.18423102656, 3.63974477963, 1.06653888769, 49.0826375248, 8.73828089818, 109.31907166, 3.48525469169
5.26712388521, 1.14925616727, 1.29566629327, 1.20788810525, 4.96075898882, 0.873190010067, 3.59703179144, 0.851655329013, 1.03950743022, 2.92702303354, 5.02753248723, 1.12985802245, 4.86793516844, 0.997895924936, 0.937594032502, 1.15656702542, 1.10388688091, 1.00958025065, 3.00964782071, 1.05848489196, 0.93818974858, 95.5915635529, 1.03956463463, 5.26754920263, 1.18423102656, 3.63974477963, 1.06653888769, 49.0826375248, 8.73828089818, 109.31907166, 3.48525469169
5.26712388521, 1.14925616727, 0.968643722521, 1.21702947978, 4.96075898882, 0.873174252787, 3.59703179144, 0.86181921991, 1.03950743022, 2.82287270504, 4.04102438587, 1.12925139003, 4.87624485919, 0.997895924936, 0.937017338745, 1.15656702542, 1.10388688091, 1.00958025065, 3.14012635812, 1.05849367711, 0.831451139033, 95.530483374, 1.03956291198, 5.26754920263, 1.18423102656, 3.61331533065, 0.969288808037, 16.4179358876, 7.23304504213, 89.3534401652, 2.68096514745
5.26712388521, 1.14925616727, 0.968643722521, 1.21702947978, 4.96075898882, 0.873174252787, 3.59703179144, 0.86181921991, 1.03950743022, 2.82287270504, 4.04102438587, 1.12925139003, 4.87624485919, 0.997895924936, 0.937017338745, 1.15656702542, 1.10388688091, 1.00958025065, 3.14012635812, 1.05849367711, 0.831451139033, 95.530483374, 1.03956291198, 5.26754920263, 1.18423102656, 3.61331533065, 0.969288808037, 16.4179358876, 7.23304504213, 89.3534401652, 2.68096514745
5.26712388521, 1.14925616727, 0.968643722521, 1.21702947978, 4.96075898882, 0.873174252787, 3.59703179144, 0.86181921991, 1.03950743022, 2.82287270504, 4.04102438587, 1.12925139003, 4.87624485919, 0.997895924936, 0.937017338745, 1.15656702542, 1.10388688091, 1.00958025065, 3.14012635812, 1.05849367711, 0.831451139033, 95.530483374, 1.03956291198, 5.26754920263, 1.18423102656, 3.61331533065, 0.969288808037, 16.4179358876, 7.23304504213, 89.3534401652, 2.68096514745
5.26712388521, 1.14925616727, 0.968643722521, 1.21702947978, 4.96075898882, 0.873174252787, 3.59703179144, 0.86181921991, 1.03950743022, 2.82287270504, 4.04102438587, 1.12925139003, 4.87624485919, 0.997895924936, 0.937017338745, 1.15656702542, 1.10388688091, 1.00958025065, 3.14012635812, 1.05849367711, 0.831451139033, 95.530483374, 1.03956291198, 5.26754920263, 1.18423102656, 3.61331533065, 0.969288808037, 16.4179358876, 7.23304504213, 89.3534401652, 2.68096514745
5.26712388521, 1.14925616727, 0.968643722521, 1.21702947978, 4.96075898882, 0.873174252787, 3.59703179144, 0.86181921991, 1.03950743022, 2.82287270504, 4.04102438587, 1.12925139003, 4.87624485919, 0.997895924936, 0.937017338745, 1.15656702542, 1.10388688091, 1.00958025065, 3.14012635812, 1.05849367711, 0.831451139033, 95.530483374, 1.03956291198, 5.26754920263, 1.18423102656, 3.61331533065, 0.969288808037, 16.4179358876, 7.23304504213, 89.3534401652, 2.68096514745
5.26712388521, 1.14925616727, 0.968643722521, 1.21702947978, 4.96075898882, 0.873174252787, 3.59703179144, 0.86181921991, 1.03950743022, 2.82287270504, 4.04102438587, 1.12925139003, 4.87624485919, 0.997895924936, 0.937017338745, 1.15656702542, 1.10388688091, 1.00958025065, 3.14012635812, 1.05849367711, 0.831451139033, 95.530483374, 1.03956291198, 5.26754920263, 1.18423102656, 3.61331533065, 0.969288808037, 16.4179358876, 7.23304504213, 89.3534401652, 2.68096514745
5.26712388521, 1.14925616727, 0.968643722521, 1.21702947978, 4.96075898882, 0.873174252787, 3.59703179144, 0.86181921991, 1.03950743022, 2.82287270504, 4.04102438587, 1.12925139003, 4.87624485919, 0.997895924936, 0.937017338745, 1.15656702542, 1.10388688091, 1.00958025065, 3.14012635812, 1.05849367711, 0.831451139033, 95.530483374, 1.03956291198, 5.26754920263, 1.18423102656, 3.61331533065, 0.969288808037, 16.4179358876, 7.23304504213, 89.3534401652, 2.68096514745
5.26712388521, 1.14925616727, 0.968643722521, 1.21702947978, 4.96075898882, 0.873174252787, 3.59703179144, 0.86181921991, 1.03950743022, 2.82287270504, 4.04102438587, 1.12925139003, 4.87624485919, 0.997895924936, 0.937017338745, 1.15656702542, 1.10388688091, 1.00958025065, 3.14012635812, 1.05849367711, 0.831451139033, 95.530483374, 1.03956291198, 5.26754920263, 1.18423102656, 3.61331533065, 0.969288808037, 16.4179358876, 7.23304504213, 89.3534401652, 2.68096514745
5.26712388521, 1.14925616727, 0.968643722521, 1.21702947978, 4.96075898882, 0.873174252787, 3.59703179144, 0.86181921991, 1.03950743022, 2.82287270504, 4.04102438587, 1.12925139003, 4.87624485919, 0.997895924936, 0.937017338745, 1.15656702542, 1.10388688091, 1.00958025065, 3.14012635812, 1.05849367711, 0.831451139033, 95.530483374, 1.03956291198, 5.26754920263, 1.18423102656, 3.61331533065, 0.969288808037, 16.4179358876, 7.23304504213, 89.3534401652, 2.68096514745
5.26712388521, 1.14925616727, 0.968643722521, 1.21702947978, 4.96075898882, 0.873174252787, 3.59703179144, 0.86181921991, 1.03950743022, 2.82287270504, 4.04102438587, 1.12925139003, 4.87624485919, 0.997895924936, 0.937017338745, 1.15656702542, 1.10388688091, 1.00958025065, 3.14012635812, 1.05849367711, 0.831451139033, 95.530483374, 1.03956291198, 5.26754920263, 1.18423102656, 3.61331533065, 0.969288808037, 16.4179358876, 7.23304504213, 89.3534401652, 2.68096514745
5.26712388521, 1.14925616727, 0.968643722521, 1.21702947978, 4.96075898882, 0.873174252787, 3.59703179144, 0.86181921991, 1.03950743022, 2.82287270504, 4.04102438587, 1.12925139003, 4.87624485919, 0.997895924936, 0.937017338745, 1.15656702542, 1.10388688091, 1.00958025065, 3.14012635812, 1.05849367711, 0.831451139033, 95.530483374, 1.03956291198, 5.26754920263, 1.18423102656, 3.61331533065, 0.969288808037, 16.4179358876, 7.23304504213, 89.3534401652, 2.68096514745
5.26712388521, 1.14925616727, 0.968643722521, 1.21702947978, 4.96075898882, 0.873174252787, 3.59703179144, 0.86181921991, 1.03950743022, 2.82287270504, 4.04102438587, 1.12925139003, 4.87624485919, 0.997895924936, 0.937017338745, 1.15656702542, 1.10388688091, 1.00958025065, 3.14012635812, 1.05849367711, 0.831451139033, 95.530483374, 1.03956291198, 5.26754920263, 1.18423102656, 3.61331533065, 0.969288808037, 16.4179358876, 7.23304504213, 89.3534401652, 2.68096514745
5.26712388521, 1.14925616727, 0.968643722521, 1.21702947978, 4.96075898882, 0.873174252787, 3.59703179144, 0.86181921991, 1.03950743022, 2.82287270504, 4.04102438587, 1.12925139003, 4.87624485919, 0.997895924936, 0.937017338745, 1.15656702542, 1.10388688091, 1.00958025065, 3.14012635812, 1.05849367711, 0.831451139033, 95.530483374, 1.03956291198, 5.26754920263, 1.18423102656, 3.61331533065, 0.969288808037, 16.4179358876, 7.23304504213, 89.3534401652, 2.68096514745
5.26712388521, 1.14925616727, 0.968643722521, 1.21702947978, 4.96075898882, 0.873174252787, 3.59703179144, 0.86181921991, 1.03950743022, 2.82287270504, 4.04102438587, 1.12925139003, 4.87624485919, 0.997895924936, 0.937017338745, 1.15656702542, 1.10388688091, 1.00958025065, 3.14012635812, 1.05849367711, 0.831451139033, 95.530483374, 1.03956291198, 5.26754920263, 1.18423102656, 3.61331533065, 0.969288808037, 16.4179358876, 7.23304504213, 89.3534401652, 2.68096514745
5.26712388521, 1.14925616727, 0.968643722521, 1.21702947978, 4.96075898882, 0.873174252787, 3.59703179144, 0.86181921991, 1.03950743022, 2.82287270504, 4.04102438587, 1.12925139003, 4.87624485919, 0.997895924936, 0.937017338745, 1.15656702542, 1.10388688091, 1.00958025065, 3.14012635812, 1.05849367711, 0.831451139033, 95.530483374, 1.03956291198, 5.26754920263, 1.18423102656, 3.61331533065, 0.969288808037, 16.4179358876, 7.23304504213, 89.3534401652, 2.68096514745
5.26712388521, 1.14925616727, 0.968643722521, 1.21702947978, 4.96075898882, 0.873174252787, 3.59703179144, 0.86181921991, 1.03950743022, 2.82287270504, 4.04102438587, 1.12925139003, 4.87624485919, 0.997895924936, 0.937017338745, 1.15656702542, 1.10388688091, 1.00958025065, 3.14012635812, 1.05849367711, 0.831451139033, 95.530483374, 1.03956291198, 5.26754920263, 1.18423102656, 3.61331533065, 0.969288808037, 16.4179358876, 7.23304504213, 89.3534401652, 2.68096514745
5.26712388521, 1.14925616727, 0.968643722521, 1.21702947978, 4.96075898882, 0.873174252787, 3.59703179144, 0.86181921991, 1.03950743022, 2.82287270504, 4.04102438587, 1.12925139003, 4.87624485919, 0.997895924936, 0.937017338745, 1.15656702542, 1.10388688091, 1.00958025065, 3.14012635812, 1.05849367711, 0.831451139033, 95.530483374, 1.03956291198, 5.26754920263, 1.18423102656, 3.61331533065, 0.969288808037, 16.4179358876, 7.23304504213, 89.3534401652, 2.68096514745
5.26712388521, 1.14925616727, 0.968643722521, 1.21702947978, 4.96075898882, 0.873174252787, 3.59703179144, 0.86181921991, 1.03950743022, 2.82287270504, 4.04102438587, 1.12925139003, 4.87624485919, 0.997895924936, 0.937017338745, 1.15656702542, 1.10388688091, 1.00958025065, 3.14012635812, 1.05849367711, 0.831451139033, 95.530483374, 1.03956291198, 5.26754920263, 1.18423102656, 3.61331533065, 0.969288808037, 16.4179358876, 7.23304504213, 89.3534401652, 2.68096514745
5.26712388521, 1.14925616727, 0.968643722521, 1.21702947978, 4.96075898882, 0.873174252787, 3.59703179144, 0.86181921991, 1.03950743022, 2.82287270504, 4.04102438587, 1.12925139003, 4.87624485919, 0.997895924936, 0.937017338745, 1.15656702542, 1.10388688091, 1.00958025065, 3.14012635812, 1.05849367711, 0.831451139033, 95.530483374, 1.03956291198, 5.26754920263, 1.18423102656, 3.61331533065, 0.969288808037, 16.4179358876, 7.23304504213, 89.3534401652, 2.68096514745
5.26712388521, 1.14925616727, 0.968643722521, 1.21702947978, 4.96075898882, 0.873174252787, 3.59703179144, 0.86181921991, 1.03950743022, 2.82287270504, 4.04102438587, 1.12925139003, 4.87624485919, 0.997895924936, 0.937017338745, 1.15656702542, 1.10388688091, 1.00958025065, 3.14012635812, 1.05849367711, 0.831451139033, 95.530483374, 1.03956291198, 5.26754920263, 1.18423102656, 3.61331533065, 0.969288808037, 16.4179358876, 7.23304504213, 89.3534401652, 2.68096514745
5.26712388521, 1.14925616727, 0.971586037371, 1.21702947978, 4.96075898882, 0.873174252787, 3.59703179144, 0.86181921991, 1.03950743022, 2.82287270504, 5.02093155029, 1.12917498849, 4.87624485919, 0.997895924936, 0.937017338745, 1.15656702542, 1.10388688091, 1.00958025065, 3.14151662947, 1.05849367711, 0.831451139033, 95.592173082, 1.03956289912, 5.26754920263, 1.18423102656, 3.63912366861, 1.06331345873, 629.049089579, 21.5947604721, 692.429783306, 1.07238605898
5.26712388521, 1.14925616727, 1.29566629327, 1.20788810525, 4.96075898882, 0.873190010067, 3.59703179144, 0.861881388486, 1.03950743022, 2.92702303354, 5.12847069552, 1.12985802245, 4.87624485919, 0.997895924936, 0.937594032502, 1.15656702542, 1.10388688091, 1.00958025065, 3.09464754893, 1.05848489196, 0.93818974858, 95.5915635529, 1.03956470452, 5.26754920263, 1.18423102656, 3.63974477963, 1.0628866325, 193.929143006, 18.1184910556, 415.799100673, 0.0
5.26712388521, 1.14925616727, 1.29566629327, 1.20788810525, 4.96075898882, 0.873190010067, 3.59703179144, 0.861881388486, 1.03950743022, 2.92702303354, 5.12847069552, 1.12985802245, 4.87624485919, 0.997895924936, 0.937594032502, 1.15656702542, 1.10388688091, 1.00958025065, 3.09464754893, 1.05848489196, 0.93818974858, 95.5915635529, 1.03956470452, 5.26754920263, 1.18423102656, 3.63974477963, 1.0628866325, 193.929143006, 18.1184910556, 415.799100673, 0.0
5.26712388521, 1.14925616727, 0.968643722521, 1.21702947978, 4.96075898882, 0.873174252787, 3.59703179144, 0.861939929514, 1.03950743022, 2.82287424076, 4.04102438587, 1.12925139003, 4.87624485919, 0.997895924936, 0.937017338745, 1.15656702542, 1.10388688091, 1.00958025065, 3.14012635812, 1.05849367711, 0.831451139033, 92.1197281343, 1.03958007371, 5.26754920263, 1.18423102656, 3.61331533065, 0.969288808037, 91.7947681024, 20.5013637172, 211.97127015, 3.21715817694
5.26712388521, 1.14925616727, 0.968643722521, 1.21702947978, 4.96075898882, 0.873174252787, 3.59703179144, 0.861939929514, 1.03950743022, 2.82287424076, 4.04102438587, 1.12925139003, 4.87624485919, 0.997895924936, 0.937017338745, 1.15656702542, 1.10388688091, 1.00958025065, 3.14012635812, 1.05849367711, 0.831451139033, 92.1197281343, 1.03958007371, 5.26754920263, 1.18423102656, 3.61331533065, 0.969288808037, 91.7947681024, 20.5013637172, 211.97127015, 3.21715817694
5.26712388521, 1.14925616727, 0.968643722521, 1.21702947978, 4.96075898882, 0.873174252787, 3.59703179144, 0.861939929514, 1.03950743022, 2.82287424076, 4.04102438587, 1.12925139003, 4.87624485919, 0.997895924936, 0.937017338745, 1.15656702542, 1.10388688091, 1.00958025065, 3.14012635812, 1.05849367711, 0.831451139033, 92.1197281343, 1.03958007371, 5.26754920263, 1.18423102656, 3.61331533065, 0.969288808037, 91.7947681024, 20.5013637172, 211.97127015, 3.21715817694
