-1.0, 1.0, -1.0, 0.0, 1.0, 2.0, 2.0, 3.0, -1.0, -1.0, 3.0, 0.0, 1.0, 1.0, 0.0, 1.0, -1.0, 2.0, -1.0, 2.0, 1.0, 2.0, 1.0, -1.0, -1.0, 3.0, -1.0, 0.0, 3.0, -1.0, -1.0, 3.0, -1.0, 3.0, 0.0, -1.0, 1.0, 2.0, 3.0, 2.0, -1.0, -1.0, 0.0, 2.0, 2.0, 1.0, 0.0, 2.0, 2.0, 0.0, 97289.0, 487.0, 99542.0
-1.0, 1.0, -1.0, 0.0, 1.0, 2.0, 2.0, 3.0, -1.0, -1.0, 3.0, 0.0, 1.0, 1.0, 0.0, 1.0, -1.0, 2.0, -1.0, 2.0, 1.0, 2.0, 1.0, -1.0, -1.0, 3.0, -1.0, 0.0, 3.0, -1.0, -1.0, 3.0, -1.0, 3.0, 0.0, -1.0, 1.0, 2.0, 3.0, 2.0, -1.0, -1.0, 0.0, 2.0, 2.0, 1.0, 0.0, 2.0, 2.0, 0.0, 97289.0, 487.0, 99542.0
1.0, 2.0, 0.0, -1.0, 1.0, 2.0, 0.0, 3.0, 1.0, 2.0, 0.0, 2.0, 3.0, 0.0, 3.0, 1.0, 0.0, 3.0, 1.0, 0.0, 1.0, 3.0, -1.0, 2.0, 0.0, 1.0, 3.0, 2.0, 2.0, 1.0, 0.0, 0.0, 1.0, 3.0, 1.0, 0.0, 3.0, 1.0, -1.0, 2.0, 0.0, 2.0, 3.0, 1.0, 2.0, 0.0, 0.0, 3.0, 3.0, 2.0, 96321.0, 673.0, 99381.0
-1.0, 1.0, -1.0, 0.0, 1.0, 2.0, 2.0, 3.0, -1.0, -1.0, 3.0, 0.0, 1.0, 1.0, 0.0, 1.0, -1.0, 2.0, -1.0, 2.0, 1.0, 2.0, 1.0, -1.0, -1.0, 3.0, -1.0, 0.0, 3.0, 0.0, -1.0, 3.0, -1.0, 2.0, 0.0, -1.0, 1.0, 2.0, 3.0, 2.0, 2.0, -1.0, 0.0, 2.0, 2.0, 1.0, 0.0, 2.0, 2.0, 0.0, 97112.0, 512.0, 99515.0
0.0, 1.0, -1.0, 0.0, 1.0, 2.0, 2.0, 3.0, -1.0, -1.0, 3.0, 0.0, 1.0, 1.0, 0.0, 1.0, -1.0, 2.0, -1.0, 2.0, 1.0, 2.0, 1.0, -1.0, -1.0, 3.0, -1.0, 0.0, 3.0, 0.0, -1.0, 3.0, -1.0, 2.0, 0.0, -1.0, 1.0, 2.0, 3.0, 2.0, 2.0, -1.0, 0.0, 2.0, 2.0, 1.0, 0.0, 2.0, 2.0, 0.0, 96934.0, 525.0, 99498.0
1.0, 2.0, 0.0, -1.0, 1.0, 2.0, 0.0, 3.0, 1.0, 2.0, 0.0, 2.0, 3.0, 0.0, 3.0, 1.0, 0.0, 3.0, 1.0, 0.0, 1.0, 3.0, -1.0, 2.0, 0.0, 1.0, 3.0, 2.0, 2.0, 1.0, 0.0, 0.0, 1.0, 3.0, 1.0, 0.0, 3.0, 1.0, -1.0, 2.0, 0.0, 2.0, 3.0, 1.0, 2.0, 0.0, 0.0, 3.0, 3.0, 2.0, 96321.0, 673.0, 99381.0
0.0, 2.0, -1.0, 3.0, 2.0, 0.0, 0.0, 3.0, -1.0, 0.0, 3.0, 1.0, 1.0, 3.0, 0.0, -1.0, 3.0, 2.0, 3.0, 3.0, 2.0, 0.0, 3.0, 1.0, -1.0, 1.0, 1.0, -1.0, 1.0, 2.0, -1.0, 1.0, 0.0, -1.0, 1.0, -1.0, 2.0, -1.0, 1.0, 0.0, -1.0, -1.0, -1.0, 3.0, 2.0, 3.0, 2.0, 0.0, 0.0, -1.0, 97224.0, 510.0, 99521.0
-1.0, 1.0, -1.0, 0.0, 1.0, 2.0, 2.0, 3.0, -1.0, -1.0, 3.0, 0.0, -1.0, 1.0, 0.0, 1.0, -1.0, 2.0, -1.0, 2.0, 1.0, 2.0, 1.0, -1.0, -1.0, 3.0, -1.0, 0.0, 3.0, 0.0, -1.0, 3.0, -1.0, 2.0, 0.0, -1.0, 1.0, 2.0, 3.0, 2.0, 2.0, -1.0, 0.0, 2.0, 2.0, 1.0, 0.0, 2.0, 2.0, 0.0, 97230.0, 496.0, 99526.0
1.0, -1.0, 0.0, 3.0, 2.0, 2.0, 3.0, -1.0, -1.0, 1.0, 3.0, 0.0, 3.0, 0.0, -1.0, 1.0, 3.0, 1.0, 0.0, 0.0, 3.0, -1.0, -1.0, 0.0, -1.0, 1.0, 0.0, 3.0, 2.0, 0.0, 1.0, 2.0, 0.0, 1.0, 1.0, 0.0, 2.0, 3.0, 2.0, 0.0, 1.0, -1.0, -1.0, 3.0, 1.0, 3.0, 0.0, -1.0, 0.0, 1.0, 96970.0, 545.0, 99475.0
2.0, 0.0, -1.0, 2.0, 2.0, 1.0, 2.0, -1.0, -1.0, 0.0, 0.0, -1.0, 0.0, 1.0, 0.0, 2.0, 1.0, 0.0, 0.0, -1.0, 2.0, 1.0, 2.0, 1.0, -1.0, 3.0, -1.0, 2.0, 1.0, 0.0, 1.0, 3.0, 2.0, 0.0, 1.0, 0.0, -1.0, 0.0, 3.0, -1.0, 3.0, -1.0, -1.0, -1.0, 2.0, 2.0, 0.0, 0.0, 2.0, 1.0, 96812.0, 524.0, 99515.0
1.0, -1.0, 0.0, 3.0, 2.0, 2.0, 3.0, 2.0, -1.0, 1.0, 0.0, 0.0, 3.0, 0.0, -1.0, 1.0, 3.0, 1.0, 0.0, -1.0, 3.0, -1.0, -1.0, 0.0, -1.0, 1.0, 0.0, 3.0, 2.0, 0.0, 1.0, 3.0, 0.0, 1.0, 1.0, 0.0, 2.0, 2.0, 2.0, 0.0, -1.0, -1.0, -1.0, 3.0, 1.0, 3.0, 0.0, -1.0, 0.0, 1.0, 96894.0, 532.0, 99481.0
2.0, 0.0, -1.0, 2.0, 2.0, 1.0, 2.0, -1.0, -1.0, 0.0, 0.0, -1.0, 0.0, 1.0, 0.0, 2.0, 1.0, 0.0, 0.0, -1.0, 2.0, 1.0, 2.0, 0.0, -1.0, 3.0, -1.0, 2.0, 1.0, 0.0, 1.0, 3.0, 2.0, 0.0, 1.0, 0.0, -1.0, 0.0, 3.0, -1.0, 3.0, -1.0, 2.0, -1.0, 2.0, 2.0, -1.0, -1.0, 2.0, 1.0, 97115.0, 511.0, 99535.0
1.0, 0.0, 1.0, 2.0, -1.0, 2.0, 1.0, 0.0, -1.0, 1.0, 0.0, 2.0, -1.0, 0.0, -1.0, 0.0, -1.0, 2.0, 0.0, -1.0, 1.0, -1.0, -1.0, 0.0, 2.0, -1.0, 2.0, 2.0, 0.0, 1.0, 0.0, 3.0, 2.0, -1.0, 2.0, 2.0, 1.0, 1.0, -1.0, 1.0, 0.0, 1.0, 0.0, 2.0, 2.0, 1.0, 0.0, 3.0, 3.0, 0.0, 96583.0, 536.0, 99483.0
2.0, 1.0, 3.0, 3.0, 2.0, 2.0, 2.0, 2.0, 0.0, 2.0, 3.0, 1.0, 0.0, 1.0, 2.0, 0.0, 3.0, 3.0, 2.0, 1.0, 1.0, 0.0, 1.0, 2.0, 0.0, 1.0, -1.0, 1.0, 3.0, 2.0, 1.0, 3.0, 2.0, 1.0, 0.0, -1.0, 1.0, 1.0, 1.0, -1.0, 0.0, 0.0, 0.0, 1.0, 2.0, 2.0, 2.0, 0.0, 3.0, 0.0, 96375.0, 662.0, 99385.0
1.0, 0.0, 1.0, 2.0, -1.0, 2.0, 1.0, 0.0, -1.0, 1.0, 0.0, 2.0, 2.0, 0.0, -1.0, 0.0, -1.0, 2.0, 0.0, 1.0, 1.0, -1.0, -1.0, 0.0, 2.0, -1.0, 2.0, 2.0, 0.0, 1.0, 0.0, 2.0, 2.0, -1.0, 1.0, 2.0, 1.0, 1.0, -1.0, 1.0, 0.0, 1.0, 0.0, 2.0, 2.0, 1.0, 0.0, 3.0, 3.0, 0.0, 96403.0, 566.0, 99459.0
1.0, -1.0, 0.0, 3.0, 2.0, 2.0, 3.0, 2.0, -1.0, 1.0, 3.0, 0.0, 3.0, 0.0, -1.0, 1.0, 3.0, 1.0, 0.0, 0.0, 3.0, -1.0, -1.0, 0.0, -1.0, 1.0, 0.0, 2.0, 2.0, 0.0, 1.0, 2.0, 0.0, 1.0, 1.0, 0.0, 2.0, 3.0, 2.0, 0.0, 1.0, -1.0, -1.0, 3.0, 1.0, 3.0, 0.0, -1.0, 0.0, 1.0, 96840.0, 561.0, 99454.0
2.0, 1.0, 3.0, 1.0, 0.0, 1.0, 1.0, 2.0, 3.0, 3.0, 2.0, 0.0, 3.0, 2.0, -1.0, 1.0, 0.0, 2.0, 1.0, 0.0, 0.0, 1.0, 2.0, 2.0, 2.0, 0.0, -1.0, 1.0, 1.0, 0.0, 0.0, -1.0, 1.0, 1.0, 0.0, -1.0, 0.0, 1.0, 3.0, 0.0, 2.0, 3.0, 1.0, 2.0, 2.0, 3.0, -1.0, 2.0, 0.0, 0.0, 96333.0, 632.0, 99415.0
0.0, 1.0, 1.0, 1.0, -1.0, 2.0, -1.0, 0.0, 2.0, 3.0, 1.0, 1.0, 2.0, 2.0, -1.0, 0.0, -1.0, 1.0, 3.0, -1.0, 0.0, 0.0, -1.0, 2.0, 1.0, -1.0, 2.0, 3.0, 2.0, 0.0, 1.0, 0.0, 1.0, 2.0, 2.0, 3.0, 0.0, -1.0, 3.0, -1.0, 1.0, -1.0, -1.0, 3.0, -1.0, 0.0, 0.0, 0.0, 1.0, 2.0, 96851.0, 530.0, 99507.0
0.0, 1.0, 1.0, 1.0, -1.0, 2.0, -1.0, 0.0, 2.0, 3.0, 1.0, 1.0, 2.0, 2.0, -1.0, 0.0, -1.0, 1.0, 3.0, -1.0, 0.0, 0.0, -1.0, 2.0, 1.0, -1.0, 2.0, 3.0, 2.0, 0.0, 1.0, 0.0, 1.0, 2.0, 2.0, 3.0, 0.0, -1.0, 3.0, -1.0, 1.0, -1.0, -1.0, 3.0, -1.0, 0.0, 0.0, 0.0, 1.0, 2.0, 96851.0, 530.0, 99507.0
2.0, -1.0, 3.0, 1.0, 0.0, 1.0, 1.0, 2.0, -1.0, 3.0, 2.0, 0.0, 3.0, 2.0, -1.0, 1.0, 0.0, 2.0, 1.0, 0.0, 3.0, 1.0, 2.0, 2.0, 2.0, 0.0, -1.0, 1.0, 1.0, 0.0, 0.0, -1.0, 1.0, 1.0, 0.0, -1.0, 0.0, 1.0, 1.0, 0.0, 3.0, 3.0, -1.0, 2.0, 2.0, 3.0, 2.0, 2.0, 0.0, 0.0, 96541.0, 594.0, 99434.0
0.0, 1.0, 1.0, -1.0, 3.0, 2.0, 1.0, 1.0, 2.0, 0.0, 3.0, 0.0, 2.0, 0.0, 3.0, 1.0, 0.0, 0.0, 2.0, 3.0, 2.0, -1.0, 1.0, 1.0, 2.0, -1.0, 1.0, 1.0, -1.0, 0.0, 2.0, 0.0, 3.0, 3.0, 2.0, -1.0, 3.0, 0.0, -1.0, 1.0, 0.0, 2.0, -1.0, 1.0, 2.0, -1.0, 2.0, 2.0, 1.0, 0.0, 96634.0, 592.0, 99435.0
1.0, 0.0, 1.0, 2.0, -1.0, 2.0, 1.0, 0.0, -1.0, 1.0, 0.0, 2.0, 1.0, 0.0, -1.0, 0.0, -1.0, 2.0, 0.0, -1.0, 1.0, -1.0, -1.0, 0.0, 2.0, -1.0, 2.0, 2.0, 0.0, 1.0, 0.0, 3.0, 2.0, -1.0, 2.0, 2.0, 1.0, 1.0, -1.0, 1.0, 0.0, 1.0, 0.0, 2.0, 2.0, 1.0, 0.0, 3.0, 3.0, 0.0, 96465.0, 552.0, 99472.0
1.0, 2.0, 0.0, 2.0, 1.0, 2.0, 0.0, 3.0, 1.0, 2.0, 1.0, 2.0, 3.0, 0.0, 3.0, 1.0, 0.0, 3.0, 1.0, -1.0, 1.0, 3.0, -1.0, 2.0, 0.0, 1.0, 3.0, 2.0, 2.0, 1.0, 0.0, 0.0, 1.0, 3.0, 1.0, 0.0, 3.0, 1.0, -1.0, 2.0, 0.0, 2.0, 0.0, 1.0, 2.0, 0.0, 0.0, 0.0, 3.0, 2.0, 96205.0, 671.0, 99384.0
-1.0, 1.0, -1.0, 0.0, 1.0, 2.0, 2.0, 3.0, -1.0, -1.0, 3.0, 0.0, -1.0, 1.0, 0.0, 1.0, -1.0, 2.0, -1.0, 2.0, 1.0, 2.0, 1.0, -1.0, -1.0, 3.0, -1.0, 0.0, 3.0, 0.0, -1.0, 3.0, -1.0, 2.0, 0.0, -1.0, 1.0, 2.0, 3.0, 2.0, 2.0, -1.0, 0.0, 2.0, 2.0, 1.0, 0.0, 2.0, 2.0, 0.0, 97230.0, 496.0, 99526.0
0.0, 1.0, -1.0, -1.0, 3.0, 2.0, 1.0, 1.0, 2.0, 0.0, 3.0, 0.0, 2.0, 0.0, 3.0, 1.0, 0.0, 0.0, 2.0, 3.0, 2.0, -1.0, 1.0, 1.0, 2.0, -1.0, 1.0, 1.0, -1.0, 0.0, 2.0, 0.0, 3.0, 3.0, 2.0, -1.0, 3.0, 0.0, -1.0, 1.0, 0.0, 2.0, -1.0, 1.0, 2.0, -1.0, 2.0, 2.0, 1.0, 0.0, 96755.0, 576.0, 99454.0
0.0, 0.0, 1.0, 0.0, 3.0, 1.0, 1.0, 2.0, 2.0, 0.0, 0.0, 2.0, 2.0, 0.0, 0.0, 3.0, 1.0, 2.0, 1.0, 1.0, 3.0, 3.0, 0.0, 0.0, 3.0, 0.0, 2.0, 0.0, 2.0, -1.0, -1.0, 1.0, 1.0, 3.0, 1.0, -1.0, 1.0, 2.0, 1.0, -1.0, 0.0, 1.0, 2.0, -1.0, 2.0, 3.0, 1.0, 0.0, 3.0, 2.0, 96317.0, 649.0, 99404.0
2.0, -1.0, 3.0, 1.0, 0.0, 1.0, 1.0, 2.0, 3.0, 3.0, 2.0, 0.0, 3.0, 2.0, -1.0, 1.0, 0.0, 2.0, 1.0, 0.0, 3.0, 1.0, 2.0, 2.0, 2.0, 0.0, -1.0, 1.0, 1.0, 0.0, 0.0, -1.0, 1.0, 1.0, 0.0, -1.0, 0.0, 1.0, 1.0, 0.0, 3.0, 3.0, -1.0, 2.0, 2.0, 3.0, 2.0, 2.0, 0.0, 0.0, 96516.0, 610.0, 99423.0
2.0, 0.0, -1.0, 2.0, 2.0, 1.0, 2.0, -1.0, -1.0, 0.0, 0.0, -1.0, 0.0, 1.0, 0.0, 2.0, 1.0, 0.0, 0.0, -1.0, 2.0, 1.0, 2.0, 0.0, -1.0, 3.0, -1.0, 2.0, 1.0, 0.0, 1.0, 3.0, 2.0, 0.0, 1.0, 0.0, -1.0, 0.0, 3.0, -1.0, 3.0, -1.0, 2.0, -1.0, 2.0, 2.0, -1.0, -1.0, 2.0, 1.0, 97115.0, 511.0, 99535.0
1.0, 2.0, 0.0, -1.0, 1.0, 2.0, 0.0, 3.0, 1.0, 2.0, 0.0, 2.0, 3.0, 0.0, 3.0, 1.0, 0.0, 3.0, 1.0, -1.0, 1.0, 3.0, -1.0, 2.0, 0.0, 1.0, 3.0, 2.0, 2.0, 1.0, 0.0, 0.0, 1.0, 3.0, 1.0, 0.0, 3.0, 1.0, -1.0, 2.0, 0.0, 2.0, 0.0, 1.0, 2.0, 0.0, 0.0, 3.0, 3.0, 2.0, 96350.0, 659.0, 99394.0
1.0, -1.0, 0.0, 3.0, 2.0, 2.0, 3.0, -1.0, -1.0, 1.0, 3.0, 0.0, 3.0, 0.0, -1.0, 1.0, 3.0, 1.0, 0.0, 0.0, 3.0, -1.0, -1.0, 0.0, -1.0, 1.0, 0.0, 3.0, 2.0, 0.0, 1.0, 2.0, 0.0, 1.0, 1.0, 0.0, 2.0, 3.0, 2.0, 0.0, 1.0, -1.0, -1.0, 3.0, 1.0, 3.0, 0.0, -1.0, 0.0, 1.0, 96970.0, 545.0, 99475.0
1.0, -1.0, 0.0, 3.0, 2.0, 2.0, 3.0, 2.0, 3.0, 1.0, 0.0, 0.0, 3.0, 0.0, -1.0, 1.0, 3.0, 1.0, 0.0, -1.0, 3.0, -1.0, -1.0, 0.0, -1.0, 1.0, 0.0, 3.0, 2.0, 0.0, 1.0, 3.0, 0.0, 1.0, 1.0, 0.0, 2.0, 3.0, 2.0, 0.0, 1.0, -1.0, -1.0, 3.0, 1.0, 3.0, 0.0, -1.0, 0.0, 1.0, 96835.0, 563.0, 99456.0
1.0, -1.0, 0.0, 3.0, 2.0, 2.0, 3.0, 2.0, -1.0, 1.0, 0.0, 0.0, 3.0, 0.0, -1.0, 1.0, 3.0, 1.0, 0.0, -1.0, 3.0, -1.0, -1.0, 0.0, -1.0, 1.0, 0.0, 3.0, 2.0, 0.0, 1.0, 3.0, 0.0, 1.0, 1.0, 0.0, 2.0, 2.0, 2.0, 0.0, 0.0, -1.0, -1.0, 3.0, 1.0, 3.0, 0.0, -1.0, 0.0, 1.0, 96802.0, 547.0, 99467.0
1.0, 0.0, 1.0, 2.0, -1.0, 2.0, 1.0, 0.0, -1.0, 1.0, 0.0, 2.0, -1.0, 0.0, -1.0, 0.0, -1.0, 2.0, 0.0, -1.0, 1.0, -1.0, -1.0, 0.0, 2.0, -1.0, 2.0, 2.0, 0.0, 1.0, 0.0, 3.0, 2.0, -1.0, 2.0, 2.0, 1.0, 1.0, -1.0, 1.0, 0.0, 1.0, 0.0, 2.0, 2.0, 1.0, 0.0, 3.0, 3.0, 0.0, 96583.0, 536.0, 99483.0
2.0, -1.0, 3.0, 1.0, 0.0, 1.0, 1.0, 2.0, 3.0, 3.0, 2.0, 0.0, 3.0, 2.0, -1.0, 1.0, 0.0, 2.0, 1.0, 0.0, 3.0, 1.0, 2.0, 2.0, 2.0, 0.0, -1.0, 1.0, 1.0, 0.0, 0.0, -1.0, 1.0, 1.0, 0.0, -1.0, 0.0, 1.0, 1.0, 0.0, 3.0, 3.0, -1.0, 2.0, 2.0, 3.0, 2.0, 2.0, 0.0, 0.0, 96516.0, 610.0, 99423.0
1.0, 2.0, 0.0, -1.0, 1.0, 2.0, 0.0, 3.0, 1.0, 2.0, 0.0, 2.0, 3.0, 0.0, 3.0, 1.0, 0.0, 3.0, 1.0, -1.0, 1.0, 3.0, -1.0, 2.0, 0.0, 1.0, 3.0, 2.0, 2.0, 1.0, 0.0, 0.0, 1.0, 3.0, 1.0, 0.0, 3.0, 1.0, -1.0, 2.0, 0.0, 2.0, -1.0, 1.0, 2.0, 0.0, 0.0, 3.0, 3.0, 2.0, 96414.0, 640.0, 99404.0
3.0, -1.0, 0.0, 2.0, 0.0, 3.0, 1.0, 1.0, 1.0, 1.0, 0.0, 2.0, -1.0, -1.0, 3.0, 3.0, 1.0, 1.0, 1.0, 2.0, 2.0, 2.0, 0.0, 1.0, 0.0, 1.0, 3.0, 3.0, 0.0, 3.0, 3.0, 2.0, 0.0, 3.0, 0.0, -1.0, 2.0, 2.0, 0.0, 2.0, 3.0, 1.0, -1.0, 3.0, 0.0, 3.0, 2.0, 2.0, -1.0, 2.0, 96720.0, 622.0, 99417.0
1.0, 2.0, 0.0, 2.0, 1.0, 2.0, 0.0, 3.0, 1.0, 2.0, 1.0, 2.0, 3.0, 0.0, 3.0, 1.0, 0.0, 3.0, 1.0, -1.0, 1.0, 2.0, -1.0, 2.0, -1.0, 1.0, 3.0, 0.0, 2.0, -1.0, 0.0, 0.0, -1.0, 3.0, 1.0, 0.0, 3.0, 1.0, -1.0, 2.0, 0.0, 2.0, 0.0, 1.0, 2.0, 0.0, 0.0, 0.0, 3.0, 2.0, 96382.0, 624.0, 99424.0
0.0, 0.0, 1.0, 2.0, 3.0, -1.0, 0.0, 0.0, 1.0, 1.0, 1.0, -1.0, 3.0, 1.0, 0.0, 1.0, 1.0, 2.0, 1.0, 2.0, 2.0, 2.0, -1.0, 0.0, 0.0, 1.0, 0.0, 0.0, 0.0, 0.0, 0.0, 3.0, -1.0, 2.0, -1.0, 3.0, 1.0, 1.0, -1.0, -1.0, 3.0, 1.0, -1.0, 2.0, 1.0, 1.0, -1.0, 0.0, -1.0, 3.0, 96525.0, 564.0, 99466.0
1.0, 1.0, 1.0, 2.0, 2.0, -1.0, 0.0, 0.0, 0.0, 1.0, 0.0, 1.0, 0.0, 0.0, 3.0, 3.0, 3.0, 0.0, 2.0, 0.0, 0.0, 3.0, 3.0, 2.0, -1.0, 2.0, 3.0, 1.0, 1.0, -1.0, -1.0, 2.0, 2.0, 0.0, 1.0, 1.0, 2.0, 2.0, 0.0, 3.0, -1.0, -1.0, -1.0, 2.0, 2.0, 1.0, 0.0, 0.0, 2.0, 2.0, 96359.0, 603.0, 99435.0
0.0, 1.0, 1.0, 0.0, -1.0, 2.0, 0.0, 0.0, 2.0, 3.0, 1.0, 1.0, 2.0, 2.0, -1.0, 0.0, -1.0, 1.0, 3.0, -1.0, 0.0, 0.0, -1.0, 2.0, 1.0, -1.0, 2.0, 3.0, 2.0, 0.0, 1.0, 0.0, -1.0, 2.0, 2.0, 3.0, 0.0, 1.0, 3.0, -1.0, 1.0, -1.0, -1.0, 3.0, 1.0, 0.0, 0.0, 0.0, 1.0, 2.0, 96474.0, 548.0, 99473.0
0.0, 1.0, 1.0, -1.0, 3.0, 2.0, 1.0, 1.0, 2.0, 0.0, 3.0, 0.0, 2.0, 0.0, 3.0, 1.0, 0.0, 0.0, 2.0, 3.0, 2.0, -1.0, 1.0, 1.0, 2.0, -1.0, 1.0, 1.0, -1.0, 0.0, 2.0, 0.0, 3.0, 3.0, 2.0, -1.0, 3.0, 0.0, -1.0, 1.0, -1.0, 2.0, -1.0, 1.0, 2.0, -1.0, 2.0, 2.0, 1.0, 0.0, 96726.0, 577.0, 99449.0
1.0, 1.0, 1.0, 2.0, 2.0, -1.0, 0.0, 0.0, 0.0, 1.0, 0.0, 1.0, 0.0, 0.0, 3.0, 3.0, 3.0, 0.0, 2.0, 0.0, 0.0, 3.0, 3.0, 2.0, -1.0, 2.0, 3.0, 1.0, 1.0, -1.0, -1.0, 2.0, 2.0, 0.0, 1.0, 1.0, 2.0, 1.0, 0.0, -1.0, -1.0, -1.0, -1.0, 2.0, 2.0, 1.0, 0.0, 0.0, 2.0, 2.0, 96365.0, 589.0, 99446.0
1.0, -1.0, 0.0, 3.0, 2.0, 2.0, 3.0, 2.0, -1.0, 1.0, 3.0, -1.0, 3.0, 0.0, -1.0, 1.0, 3.0, 1.0, 0.0, 0.0, 3.0, -1.0, -1.0, 0.0, -1.0, 1.0, 0.0, 3.0, 2.0, 0.0, 1.0, 2.0, 0.0, 1.0, 1.0, 0.0, 2.0, 3.0, 2.0, 0.0, 1.0, -1.0, -1.0, 3.0, 1.0, 3.0, 0.0, -1.0, 0.0, 1.0, 96943.0, 546.0, 99464.0
1.0, 1.0, 0.0, 1.0, 1.0, -1.0, 2.0, 1.0, -1.0, 1.0, 0.0, -1.0, -1.0, 2.0, 1.0, -1.0, 2.0, 1.0, 2.0, 0.0, 3.0, -1.0, 1.0, 3.0, 1.0, -1.0, -1.0, 0.0, 2.0, 0.0, 3.0, 2.0, 2.0, -1.0, 2.0, 0.0, 2.0, 3.0, 0.0, 2.0, 1.0, 0.0, 3.0, 1.0, 1.0, 3.0, 3.0, 0.0, 3.0, 0.0, 96749.0, 565.0, 99460.0
1.0, -1.0, 0.0, 3.0, 2.0, 2.0, 3.0, 2.0, -1.0, 1.0, 3.0, -1.0, 3.0, 0.0, -1.0, 1.0, 3.0, 1.0, 0.0, 0.0, 3.0, -1.0, -1.0, 0.0, -1.0, 1.0, 0.0, 3.0, 2.0, 0.0, 1.0, 2.0, 0.0, 1.0, 1.0, 0.0, 2.0, 3.0, 2.0, 0.0, 1.0, -1.0, -1.0, 3.0, 1.0, 3.0, 0.0, -1.0, 0.0, 1.0, 96943.0, 546.0, 99464.0
1.0, 0.0, 1.0, 2.0, -1.0, 2.0, 1.0, 0.0, -1.0, 1.0, 0.0, 0.0, -1.0, 0.0, -1.0, 0.0, -1.0, 2.0, 0.0, 1.0, 1.0, -1.0, -1.0, 0.0, 2.0, -1.0, 2.0, 2.0, 0.0, 1.0, 0.0, 2.0, 2.0, -1.0, 2.0, 2.0, 1.0, 1.0, -1.0, 1.0, 0.0, 1.0, 0.0, 2.0, 2.0, 1.0, 0.0, 3.0, 3.0, 0.0, 96467.0, 550.0, 99470.0
0.0, 1.0, 1.0, 1.0, -1.0, 2.0, -1.0, 0.0, 2.0, 3.0, 1.0, 1.0, 2.0, 2.0, -1.0, 0.0, -1.0, 1.0, 3.0, -1.0, 0.0, 0.0, -1.0, 2.0, 1.0, -1.0, 2.0, 3.0, 2.0, 0.0, 1.0, 0.0, -1.0, 2.0, 2.0, 3.0, 0.0, -1.0, 3.0, -1.0, 1.0, -1.0, -1.0, 3.0, -1.0, 0.0, 0.0, 0.0, 1.0, 2.0, 96925.0, 512.0, 99522.0
0.0, 1.0, 1.0, 1.0, -1.0, 2.0, -1.0, 0.0, 2.0, 3.0, 1.0, 1.0, 2.0, 2.0, -1.0, 0.0, -1.0, 1.0, 3.0, -1.0, 0.0, 0.0, -1.0, 2.0, 1.0, -1.0, 2.0, 3.0, 2.0, 0.0, 1.0, 0.0, -1.0, 2.0, 2.0, 3.0, 0.0, -1.0, 3.0, -1.0, 1.0, -1.0, -1.0, 3.0, -1.0, 0.0, 0.0, 0.0, 1.0, 2.0, 96925.0, 512.0, 99522.0
1.0, 0.0, 1.0, 2.0, -1.0, 2.0, 1.0, 0.0, -1.0, 1.0, 0.0, 0.0, -1.0, 0.0, -1.0, 0.0, -1.0, 2.0, 0.0, 1.0, 1.0, -1.0, -1.0, 0.0, 2.0, -1.0, 2.0, 2.0, 0.0, 1.0, 0.0, 2.0, 2.0, -1.0, 2.0, 2.0, 1.0, 1.0, -1.0, 1.0, 0.0, 1.0, 0.0, 2.0, 2.0, 1.0, 0.0, 3.0, 3.0, 0.0, 96467.0, 550.0, 99470.0
2.0, 1.0, 3.0, 3.0, 2.0, 2.0, 2.0, 2.0, 0.0, 2.0, 3.0, 1.0, 0.0, 1.0, 2.0, 0.0, 3.0, 3.0, 2.0, 1.0, 1.0, 0.0, 1.0, 2.0, 0.0, 1.0, -1.0, 1.0, 3.0, 2.0, 1.0, 3.0, 2.0, 1.0, 0.0, -1.0, 1.0, 1.0, 1.0, -1.0, 0.0, 0.0, 0.0, 1.0, 2.0, 2.0, 2.0, 0.0, 3.0, 0.0, 96375.0, 662.0, 99385.0
1.0, 1.0, 0.0, 1.0, 1.0, -1.0, 2.0, 1.0, -1.0, 1.0, 0.0, -1.0, -1.0, 2.0, 1.0, -1.0, 2.0, 1.0, 2.0, 0.0, 3.0, -1.0, 1.0, 3.0, 1.0, -1.0, -1.0, 0.0, 2.0, 0.0, 3.0, 2.0, 2.0, -1.0, 2.0, 0.0, 2.0, 3.0, 0.0, 2.0, 1.0, 0.0, 3.0, 1.0, 1.0, 3.0, 3.0, 0.0, 3.0, 0.0, 96749.0, 565.0, 99460.0
1.0, 2.0, 0.0, 2.0, 1.0, 2.0, 0.0, 3.0, 1.0, 2.0, 1.0, 2.0, 3.0, 0.0, 3.0, 1.0, 0.0, 3.0, 1.0, -1.0, 1.0, 3.0, -1.0, 2.0, 0.0, 1.0, 3.0, 2.0, 2.0, 1.0, 0.0, 0.0, 1.0, 3.0, 1.0, 0.0, 3.0, 1.0, -1.0, 2.0, 0.0, 2.0, 0.0, 1.0, 2.0, 0.0, 0.0, 0.0, 3.0, 2.0, 96205.0, 671.0, 99384.0
0.0, 0.0, 1.0, 2.0, 3.0, -1.0, 0.0, 0.0, 1.0, 1.0, 1.0, -1.0, 3.0, 1.0, 0.0, 1.0, 1.0, 2.0, 1.0, 2.0, 2.0, 2.0, -1.0, 0.0, 0.0, 1.0, 0.0, 0.0, 0.0, 0.0, 0.0, 3.0, -1.0, 2.0, -1.0, 3.0, 1.0, 1.0, -1.0, 3.0, 3.0, 1.0, -1.0, 2.0, 1.0, 1.0, -1.0, 0.0, -1.0, 3.0, 96480.0, 578.0, 99455.0
1.0, -1.0, 0.0, 3.0, 2.0, 2.0, 3.0, 2.0, -1.0, 1.0, 3.0, 0.0, 3.0, 0.0, -1.0, 1.0, 3.0, 1.0, 0.0, 0.0, 3.0, 2.0, -1.0, 0.0, -1.0, 1.0, 0.0, 3.0, 2.0, 0.0, 1.0, 2.0, 0.0, 1.0, 1.0, 0.0, 2.0, 3.0, 2.0, 0.0, 1.0, -1.0, -1.0, 3.0, 1.0, 3.0, 0.0, -1.0, 0.0, 1.0, 96805.0, 576.0, 99445.0
0.0, 0.0, 1.0, 2.0, 3.0, -1.0, 0.0, 0.0, 1.0, 1.0, 1.0, -1.0, 3.0, 1.0, 0.0, 1.0, 1.0, 2.0, 1.0, 2.0, 2.0, 2.0, -1.0, 0.0, 0.0, 1.0, 0.0, 0.0, 0.0, 0.0, 0.0, 3.0, -1.0, 2.0, -1.0, 3.0, 1.0, 1.0, -1.0, 3.0, 3.0, 1.0, -1.0, 2.0, 1.0, 1.0, -1.0, 0.0, -1.0, 3.0, 96480.0, 578.0, 99455.0
0.0, 2.0, -1.0, 3.0, 2.0, 0.0, 0.0, 3.0, -1.0, 0.0, 3.0, 1.0, 1.0, 3.0, 0.0, -1.0, 3.0, 2.0, 3.0, 3.0, 2.0, 0.0, 3.0, 1.0, -1.0, 1.0, 1.0, -1.0, 1.0, 2.0, -1.0, 1.0, 0.0, -1.0, 1.0, -1.0, 2.0, -1.0, 1.0, 0.0, -1.0, -1.0, -1.0, 3.0, 2.0, 3.0, 2.0, 0.0, 0.0, -1.0, 97224.0, 510.0, 99521.0
1.0, 2.0, 0.0, 2.0, 1.0, 2.0, 0.0, 3.0, 1.0, 2.0, 1.0, 2.0, 3.0, 0.0, 3.0, 1.0, 0.0, 3.0, 1.0, -1.0, 1.0, 2.0, -1.0, 2.0, -1.0, 1.0, 3.0, 0.0, 2.0, -1.0, 0.0, 0.0, -1.0, 3.0, 1.0, 0.0, 3.0, 1.0, -1.0, 2.0, 0.0, 2.0, 0.0, 1.0, 2.0, 0.0, 0.0, 0.0, 3.0, 2.0, 96382.0, 624.0, 99424.0
1.0, -1.0, 0.0, 3.0, 2.0, 2.0, 3.0, 2.0, -1.0, 1.0, 3.0, 0.0, 3.0, 0.0, -1.0, 1.0, 3.0, 1.0, 0.0, 0.0, 3.0, 2.0, -1.0, 0.0, -1.0, 1.0, 0.0, 3.0, 2.0, 0.0, 1.0, 2.0, 0.0, 1.0, 1.0, 0.0, 2.0, 3.0, 2.0, 0.0, 1.0, -1.0, -1.0, 3.0, 1.0, 3.0, 0.0, -1.0, 0.0, 1.0, 96805.0, 576.0, 99445.0
0.0, 1.0, 1.0, 1.0, -1.0, 2.0, -1.0, 0.0, 2.0, 3.0, 1.0, 1.0, 2.0, 2.0, -1.0, 0.0, -1.0, 1.0, 3.0, -1.0, 0.0, 0.0, -1.0, 2.0, 1.0, -1.0, 2.0, 3.0, 2.0, 0.0, 1.0, 0.0, -1.0, 2.0, 2.0, 3.0, 0.0, -1.0, 3.0, -1.0, 1.0, -1.0, -1.0, 3.0, -1.0, 0.0, 0.0, 0.0, 1.0, 2.0, 96925.0, 512.0, 99522.0
0.0, 1.0, 1.0, 1.0, -1.0, 2.0, -1.0, 0.0, 2.0, 3.0, 1.0, 1.0, 2.0, 2.0, -1.0, 0.0, -1.0, 1.0, 3.0, -1.0, 0.0, 0.0, -1.0, 2.0, 1.0, -1.0, 2.0, 3.0, 2.0, 0.0, 1.0, 0.0, 1.0, 2.0, 2.0, 3.0, 0.0, -1.0, 3.0, -1.0, 1.0, -1.0, -1.0, 3.0, -1.0, 0.0, 0.0, 0.0, 1.0, 2.0, 96851.0, 530.0, 99507.0
0.0, 1.0, 1.0, 1.0, -1.0, 2.0, -1.0, 0.0, 2.0, 3.0, 1.0, 1.0, 2.0, 2.0, -1.0, 0.0, -1.0, 1.0, 3.0, -1.0, 0.0, 0.0, -1.0, 2.0, 1.0, -1.0, 2.0, 3.0, 2.0, 0.0, 1.0, 0.0, 1.0, 2.0, 2.0, 3.0, 0.0, -1.0, 3.0, -1.0, 1.0, -1.0, -1.0, 3.0, -1.0, 0.0, 0.0, 0.0, 1.0, 2.0, 96851.0, 530.0, 99507.0
0.0, 1.0, 1.0, 1.0, -1.0, 2.0, -1.0, 0.0, 2.0, 3.0, 1.0, 1.0, 2.0, 2.0, -1.0, 0.0, -1.0, 1.0, 3.0, -1.0, 0.0, 0.0, -1.0, 2.0, 1.0, -1.0, 2.0, 3.0, 2.0, 0.0, 1.0, 0.0, 1.0, 2.0, 2.0, 3.0, 0.0, -1.0, 3.0, -1.0, 1.0, -1.0, -1.0, 3.0, -1.0, 0.0, 0.0, 0.0, 1.0, 2.0, 96851.0, 530.0, 99507.0
0.0, 1.0, 1.0, 1.0, -1.0, 2.0, -1.0, 0.0, 2.0, 3.0, 1.0, 1.0, 2.0, 2.0, -1.0, 0.0, -1.0, 1.0, 3.0, -1.0, 0.0, 0.0, -1.0, 2.0, 1.0, -1.0, 2.0, 3.0, 2.0, 0.0, 1.0, 0.0, 1.0, 2.0, 2.0, 3.0, 0.0, -1.0, 3.0, -1.0, 1.0, -1.0, -1.0, 3.0, -1.0, 0.0, 0.0, 0.0, 1.0, 2.0, 96851.0, 530.0, 99507.0
0.0, 1.0, 1.0, 1.0, -1.0, 2.0, -1.0, 0.0, 2.0, 3.0, 1.0, 1.0, 2.0, 2.0, -1.0, 0.0, -1.0, 1.0, 3.0, -1.0, 0.0, 0.0, -1.0, 2.0, 1.0, -1.0, 2.0, 3.0, 2.0, 0.0, 1.0, 0.0, 1.0, 2.0, 2.0, 3.0, 0.0, -1.0, 3.0, -1.0, 1.0, -1.0, -1.0, 3.0, -1.0, 0.0, 0.0, 0.0, 1.0, 2.0, 96851.0, 530.0, 99507.0
2.0, -1.0, 3.0, 1.0, 0.0, 1.0, 1.0, 2.0, 3.0, 3.0, 2.0, 0.0, 3.0, 2.0, -1.0, 1.0, 0.0, 2.0, 1.0, 0.0, 3.0, 1.0, 2.0, 2.0, 2.0, 0.0, -1.0, 1.0, 1.0, 0.0, 0.0, -1.0, 1.0, 1.0, 0.0, -1.0, 0.0, 1.0, 1.0, 0.0, 3.0, 3.0, -1.0, 2.0, 2.0, 3.0, 2.0, 2.0, 0.0, 0.0, 96516.0, 610.0, 99423.0
2.0, -1.0, 3.0, 1.0, 0.0, 1.0, 1.0, 2.0, 3.0, 3.0, 2.0, 0.0, 3.0, 2.0, -1.0, 1.0, 0.0, 2.0, 1.0, 0.0, 3.0, 1.0, 2.0, 2.0, 2.0, 0.0, -1.0, 1.0, 1.0, 0.0, 0.0, -1.0, 1.0, 1.0, 0.0, -1.0, 0.0, 1.0, 1.0, 0.0, 3.0, 3.0, -1.0, 2.0, 2.0, 3.0, 2.0, 2.0, 0.0, 0.0, 96516.0, 610.0, 99423.0
