0.117198195426, 0.84471352814, 2.67145803667, 0.737131423908, 84.7423955633, 5.99743703014, 0.898185719346, 0.341714818962, 17.6760871567, 66.1562772721, 0.0404483972561, 0.0
0.117198195426, 0.84471352814, 2.67145803667, 0.737131423908, 84.7423955633, 5.99743703014, 0.898185719346, 0.341714818962, 17.6760871567, 66.1562772721, 0.0404483972561, 0.0
0.117198195426, 0.84471352814, 2.67145803667, 0.737131423908, 84.7423955633, 5.99743703014, 0.898185719346, 0.341714818962, 17.6760871567, 66.1562772721, 0.0404483972561, 0.0
0.117198195426, 0.84471352814, 2.67145803667, 0.737131423908, 84.7423955633, 5.99743703014, 0.898185719346, 0.341714818962, 17.6760871567, 66.1562772721, 0.0404483972561, 0.0
0.117198195426, 0.84471352814, 2.67145803667, 0.737131423908, 84.7423955633, 5.99743703014, 0.898185719346, 0.341714818962, 17.6760871567, 66.1562772721, 0.0404483972561, 0.0
0.117198195426, 0.84471352814, 2.67145803667, 0.737131423908, 84.7423955633, 5.99743703014, 0.898185719346, 0.341714818962, 17.6760871567, 66.1562772721, 0.0404483972561, 0.0
0.117198195426, 0.84471352814, 2.67145803667, 0.737131423908, 84.7423955633, 5.99743703014, 0.898185719346, 0.341714818962, 17.6760871567, 66.1562772721, 0.0404483972561, 0.0
0.117198195426, 0.84471352814, 2.67145803667, 0.737131423908, 84.7423955633, 5.99743703014, 0.898185719346, 0.341714818962, 17.6760871567, 66.1562772721, 0.0404483972561, 0.0
0.117198195426, 0.84471352814, 2.67145803667, 0.737131423908, 84.7423955633, 5.99743703014, 0.898185719346, 0.341714818962, 17.6760871567, 66.1562772721, 0.0404483972561, 0.0
0.117198195426, 0.84471352814, 2.67145803667, 0.737131423908, 84.7423955633, 5.99743703014, 0.898185719346, 0.341714818962, 17.6760871567, 66.1562772721, 0.0404483972561, 0.0
0.117198195426, 0.84471352814, 2.67145803667, 0.737131423908, 84.7423955633, 5.99743703014, 0.898185719346, 0.341714818962, 17.6760871567, 66.1562772721, 0.0404483972561, 0.0
0.117198195426, 0.84471352814, 2.67145803667, 0.737131423908, 84.7423955633, 5.99743703014, 0.898185719346, 0.341714818962, 17.6760871567, 66.1562772721, 0.0404483972561, 0.0
0.117198195426, 0.84471352814, 2.67145803667, 0.737131423908, 84.7423955633, 5.99743703014, 0.898185719346, 0.341714818962, 17.6760871567, 66.1562772721, 0.0404483972561, 0.0
0.117198195426, 0.84471352814, 2.67145803667, 0.737131423908, 84.7423955633, 5.99743703014, 0.898185719346, 0.341714818962, 17.6760871567, 66.1562772721, 0.0404483972561, 0.0
0.117198195426, 0.84471352814, 2.67145803667, 0.737131423908, 84.7423955633, 5.99743703014, 0.898185719346, 0.341714818962, 17.6760871567, 66.1562772721, 0.0404483972561, 0.0
0.117198195426, 0.84471352814, 2.67145803667, 0.737131423908, 84.7423955633, 5.99743703014, 0.898185719346, 0.341714818962, 17.6760871567, 66.1562772721, 0.0404483972561, 0.0
0.117198195426, 0.84471352814, 2.67145803667, 0.737131423908, 84.7423955633, 5.99743703014, 0.898185719346, 0.341714818962, 17.6760871567, 66.1562772721, 0.0404483972561, 0.0
0.117198195426, 0.84471352814, 2.67145803667, 0.737131423908, 84.7423955633, 5.99743703014, 0.898185719346, 0.341714818962, 17.6760871567, 66.1562772721, 0.0404483972561, 0.0
0.117198195426, 0.844777065562, 2.67145803667, 0.761082015007, 84.7423955633, 5.99743703014, 0.898185622201, 0.22036393729, 17.6760871567, 102.957638179, 0.0412726825338, 0.0714285714286
0.117198195426, 0.833995875441, 2.67145803667, 0.737639518782, 85.202304532, 5.99982390607, 0.996561339588, 0.344962808755, 17.6760871567, 82.2574405993, 0.0677983071681, 0.307692307692
0.117198195426, 0.833995875441, 2.67145803667, 0.737639518782, 85.202304532, 5.99982390607, 0.996561339588, 0.344962808755, 17.6760871567, 82.2574405993, 0.0677983071681, 0.307692307692
0.117198195426, 0.833995875441, 2.67145803667, 0.737639518782, 85.202304532, 5.99982390607, 0.996561339588, 0.344962808755, 17.6760871567, 82.2574405993, 0.0677983071681, 0.307692307692
0.117198195426, 0.833995875441, 2.67145803667, 0.737639518782, 85.202304532, 5.99982390607, 0.996561339588, 0.344962808755, 17.6760871567, 82.2574405993, 0.0677983071681, 0.307692307692
0.123930229362, 0.844712933546, 2.67145803667, 0.706749393333, 84.7423955633, 5.9392353992, 0.898535120327, 0.224991740751, 17.789057287, 91.8885499765, 0.06831969059, 0.466666666667
0.123930229362, 0.844712933546, 2.67145803667, 0.706749393333, 84.7423955633, 5.9392353992, 0.898535120327, 0.224991740751, 17.789057287, 91.8885499765, 0.06831969059, 0.466666666667
0.123930229362, 0.844712933546, 2.67145803667, 0.706749393333, 84.7423955633, 5.9392353992, 0.898535120327, 0.224991740751, 17.789057287, 91.8885499765, 0.06831969059, 0.466666666667
0.13361279986, 0.844844710357, 2.66916133422, 0.709397243474, 80.5401987647, 4.88964847099, 0.889463207419, 0.437268138926, 18.0944780803, 92.3771913297, 0.0774060545449, 0.357142857143
0.133824554268, 0.84471352814, 2.67145803667, 0.710928010017, 84.7423955633, 5.99745416214, 0.998086847738, 0.216720159382, 17.788833945, 66.5757491623, 0.0187513508075, 0.125
0.133824554268, 0.84471352814, 2.67145803667, 0.710928010017, 84.7423955633, 5.99745416214, 0.998086847738, 0.216720159382, 17.788833945, 66.5757491623, 0.0187513508075, 0.125
0.133824554268, 0.84471352814, 2.67145803667, 0.710928010017, 84.7423955633, 5.99745416214, 0.998086847738, 0.216720159382, 17.788833945, 66.5757491623, 0.0187513508075, 0.125
0.133824554268, 0.84471352814, 2.67145803667, 0.710928010017, 84.7423955633, 5.99745416214, 0.998086847738, 0.216720159382, 17.788833945, 66.5757491623, 0.0187513508075, 0.125
0.133824554268, 0.84471352814, 2.67145803667, 0.710928010017, 84.7423955633, 5.99745416214, 0.998086847738, 0.216720159382, 17.788833945, 66.5757491623, 0.0187513508075, 0.125
0.133824554268, 0.84471352814, 2.67145803667, 0.710928010017, 84.7423955633, 5.99745416214, 0.998086847738, 0.216720159382, 17.788833945, 66.5757491623, 0.0187513508075, 0.125
0.133824554268, 0.84471352814, 2.67145803667, 0.710928010017, 84.7423955633, 5.99745416214, 0.998086847738, 0.216720159382, 17.788833945, 66.5757491623, 0.0187513508075, 0.125
0.133824554268, 0.84471352814, 2.67145803667, 0.710928010017, 84.7423955633, 5.99745416214, 0.998086847738, 0.216720159382, 17.788833945, 66.5757491623, 0.0187513508075, 0.125
0.133824554268, 0.84471352814, 2.67145803667, 0.710928010017, 84.7423955633, 5.99745416214, 0.998086847738, 0.216720159382, 17.788833945, 66.5757491623, 0.0187513508075, 0.125
0.133824554268, 0.84471352814, 2.67145803667, 0.710928010017, 84.7423955633, 5.99745416214, 0.998086847738, 0.216720159382, 17.788833945, 66.5757491623, 0.0187513508075, 0.125
0.133824554268, 0.84471352814, 2.67145803667, 0.710928010017, 84.7423955633, 5.99745416214, 0.998086847738, 0.216720159382, 17.788833945, 66.5757491623, 0.0187513508075, 0.125
0.133824554268, 0.84471352814, 2.67145803667, 0.710928010017, 84.7423955633, 5.99745416214, 0.998086847738, 0.216720159382, 17.788833945, 66.5757491623, 0.0187513508075, 0.125
0.117198195426, 0.833995875441, 2.67145803667, 0.737611116729, 85.202304532, 5.99979623118, 0.996561339588, 0.344962808755, 17.6760871567, 84.4509723486, 0.0390848232812, 0.0
0.133765329463, 0.84471352814, 2.67145803667, 0.710928010017, 84.7423955633, 5.99981793189, 0.998086847738, 0.224741330735, 17.789057287, 82.7575348719, 0.0653156995948, 0.4
0.133765329463, 0.84471352814, 2.67145803667, 0.710928010017, 84.7423955633, 5.99981793189, 0.998086847738, 0.224741330735, 17.789057287, 82.7575348719, 0.0653156995948, 0.4
0.133765329463, 0.84471352814, 2.67145803667, 0.710928010017, 84.7423955633, 5.99981793189, 0.998086847738, 0.224741330735, 17.789057287, 82.7575348719, 0.0653156995948, 0.4
0.133765329463, 0.84471352814, 2.67145803667, 0.710928010017, 84.7423955633, 5.99981793189, 0.998086847738, 0.224741330735, 17.789057287, 82.7575348719, 0.0653156995948, 0.4
0.133765329463, 0.84471352814, 2.67145803667, 0.710928010017, 84.7423955633, 5.99981793189, 0.998086847738, 0.224741330735, 17.789057287, 82.7575348719, 0.0653156995948, 0.4
0.133765329463, 0.84471352814, 2.67145803667, 0.710928010017, 84.7423955633, 5.99981793189, 0.998086847738, 0.224741330735, 17.789057287, 82.7575348719, 0.0653156995948, 0.4
0.133765329463, 0.84471352814, 2.67145803667, 0.710928010017, 84.7423955633, 5.99981793189, 0.998086847738, 0.224741330735, 17.789057287, 82.7575348719, 0.0653156995948, 0.4
0.133765329463, 0.84471352814, 2.67145803667, 0.710928010017, 84.7423955633, 5.99981793189, 0.998086847738, 0.224741330735, 17.789057287, 82.7575348719, 0.0653156995948, 0.4
0.133765329463, 0.84471352814, 2.67145803667, 0.710928010017, 84.7423955633, 5.99981793189, 0.998086847738, 0.224741330735, 17.789057287, 82.7575348719, 0.0653156995948, 0.4
0.133765329463, 0.84471352814, 2.67145803667, 0.710928010017, 84.7423955633, 5.99981793189, 0.998086847738, 0.224741330735, 17.789057287, 82.7575348719, 0.0653156995948, 0.4
0.133765329463, 0.84471352814, 2.67145803667, 0.710928010017, 84.7423955633, 5.99981793189, 0.998086847738, 0.224741330735, 17.789057287, 82.7575348719, 0.0653156995948, 0.4
0.133765329463, 0.84471352814, 2.67145803667, 0.710928010017, 84.7423955633, 5.99981793189, 0.998086847738, 0.224741330735, 17.789057287, 82.7575348719, 0.0653156995948, 0.4
0.133765329463, 0.84471352814, 2.67145803667, 0.710928010017, 84.7423955633, 5.99981793189, 0.998086847738, 0.224741330735, 17.789057287, 82.7575348719, 0.0653156995948, 0.4
0.133765329463, 0.84471352814, 2.67145803667, 0.710928010017, 84.7423955633, 5.99981793189, 0.998086847738, 0.224741330735, 17.789057287, 82.7575348719, 0.0653156995948, 0.4
0.117198195426, 0.833995875441, 2.67145803667, 0.737119502176, 85.2090809929, 5.99982390607, 0.996561339588, 0.283303631838, 17.6760871567, 72.5552809389, 0.0415565944577, 0.0
0.117198195426, 0.833995875441, 2.67145803667, 0.737639518782, 85.2011339197, 5.99981183544, 0.996561339588, 0.341635236408, 17.6760871567, 65.4142503813, 0.0931013853843, 0.533333333333
0.117198195426, 0.833995875441, 2.67145803667, 0.737639518782, 85.2011339197, 5.99981183544, 0.996561339588, 0.341635236408, 17.6760871567, 65.4142503813, 0.0931013853843, 0.533333333333
0.117198195426, 0.833995875441, 2.67145803667, 0.737639518782, 85.2011339197, 5.99981183544, 0.996561339588, 0.341635236408, 17.6760871567, 65.4142503813, 0.0931013853843, 0.533333333333
0.117198195426, 0.833995875441, 2.67145803667, 0.737639518782, 85.2011339197, 5.99981183544, 0.996561339588, 0.341635236408, 17.6760871567, 65.4142503813, 0.0931013853843, 0.533333333333
0.117198195426, 0.833995875441, 2.67145803667, 0.737639518782, 85.2011339197, 5.99981183544, 0.996561339588, 0.341635236408, 17.6760871567, 65.4142503813, 0.0931013853843, 0.533333333333
0.117198195426, 0.833995875441, 2.67145803667, 0.737639518782, 85.2011339197, 5.99981183544, 0.996561339588, 0.341635236408, 17.6760871567, 65.4142503813, 0.0931013853843, 0.533333333333
0.117198195426, 0.833995875441, 2.67145803667, 0.737639518782, 85.2011339197, 5.99981183544, 0.996561339588, 0.341635236408, 17.6760871567, 65.4142503813, 0.0931013853843, 0.533333333333
0.117198195426, 0.833995875441, 2.67145803667, 0.737639518782, 85.2011339197, 5.99981183544, 0.996561339588, 0.341635236408, 17.6760871567, 65.4142503813, 0.0931013853843, 0.533333333333
0.117198195426, 0.833995875441, 2.67145803667, 0.737639518782, 85.2011339197, 5.99981183544, 0.996561339588, 0.341635236408, 17.6760871567, 65.4142503813, 0.0931013853843, 0.533333333333
0.117198195426, 0.833995875441, 2.67145803667, 0.737639518782, 85.2011339197, 5.99981183544, 0.996561339588, 0.341635236408, 17.6760871567, 65.4142503813, 0.0931013853843, 0.533333333333
0.117198195426, 0.833995875441, 2.67145803667, 0.737639518782, 85.2011339197, 5.99981183544, 0.996561339588, 0.341635236408, 17.6760871567, 65.4142503813, 0.0931013853843, 0.533333333333
0.133439745982, 0.84471352814, 2.67145803667, 0.710928010017, 84.8049949705, 5.99981793189, 0.998086847738, 0.224991740751, 17.792938438, 97.4898153406, 0.0449585106659, 0.0
0.133439745982, 0.84471352814, 2.67145803667, 0.710928010017, 84.8049949705, 5.99981793189, 0.998086847738, 0.224991740751, 17.792938438, 97.4898153406, 0.0449585106659, 0.0
0.117198195426, 0.827318825393, 2.67145803667, 0.737646892697, 84.7498011178, 5.49165943081, 0.898185719346, 0.341714818962, 17.6760871567, 97.881817258, 0.0379178742613, 0.0625
0.116369132044, 0.821225736434, 2.67145803667, 0.710928010017, 84.7423955633, 5.99745416214, 0.998086847738, 0.34150063471, 17.788833945, 86.3551547886, 0.0850845382661, 0.363636363636
0.116369132044, 0.821225736434, 2.67145803667, 0.710928010017, 84.7423955633, 5.99745416214, 0.998086847738, 0.34150063471, 17.788833945, 86.3551547886, 0.0850845382661, 0.363636363636
0.116369132044, 0.821225736434, 2.67145803667, 0.710928010017, 84.7423955633, 5.99745416214, 0.998086847738, 0.34150063471, 17.788833945, 86.3551547886, 0.0850845382661, 0.363636363636
0.133765329463, 0.84471352814, 2.67145803667, 0.710928010017, 84.7423955633, 5.99981793189, 0.998086847738, 0.224741330735, 17.789057287, 83.2198674689, 0.0775016845563, 0.25
0.133765329463, 0.84471352814, 2.67145803667, 0.710928010017, 84.7423955633, 5.99981793189, 0.998086847738, 0.224741330735, 17.789057287, 83.2198674689, 0.0775016845563, 0.25
0.133765329463, 0.84471352814, 2.67145803667, 0.710928010017, 84.7423955633, 5.99981793189, 0.998086847738, 0.224741330735, 17.789057287, 83.2198674689, 0.0775016845563, 0.25
0.133765329463, 0.84471352814, 2.67145803667, 0.710928010017, 84.7423955633, 5.99981793189, 0.998086847738, 0.224741330735, 17.789057287, 83.2198674689, 0.0775016845563, 0.25
0.133765329463, 0.84471352814, 2.67145803667, 0.710928010017, 84.7423955633, 5.99981793189, 0.998086847738, 0.224741330735, 17.789057287, 83.2198674689, 0.0775016845563, 0.25
0.12946809816, 0.832711496029, 2.67145803667, 0.736149235374, 85.202304532, 4.90442358853, 0.996561339588, 0.344962808755, 17.9725102577, 89.6003459751, 0.106983766329, 0.428571428571
0.12946809816, 0.832711496029, 2.67145803667, 0.736149235374, 85.202304532, 4.90442358853, 0.996561339588, 0.344962808755, 17.9725102577, 89.6003459751, 0.106983766329, 0.428571428571
0.133765329463, 0.84471352814, 2.67145803667, 0.736320569452, 84.3080248357, 6.51249773276, 0.998086847738, 0.224741330735, 17.789057287, 70.538744807, 0.0622363036646, 0.0
0.133765329463, 0.84471352814, 2.67145803667, 0.736320569452, 84.3080248357, 6.51249773276, 0.998086847738, 0.224741330735, 17.789057287, 70.538744807, 0.0622363036646, 0.0
0.133765329463, 0.84471352814, 2.67145803667, 0.736320569452, 84.3080248357, 6.51249773276, 0.998086847738, 0.224741330735, 17.789057287, 70.538744807, 0.0622363036646, 0.0
0.133765329463, 0.84471352814, 2.67145803667, 0.736320569452, 84.3080248357, 6.51249773276, 0.998086847738, 0.224741330735, 17.789057287, 70.538744807, 0.0622363036646, 0.0
0.133765329463, 0.84471352814, 2.67145803667, 0.736320569452, 84.3080248357, 6.51249773276, 0.998086847738, 0.224741330735, 17.789057287, 70.538744807, 0.0622363036646, 0.0
0.133765329463, 0.84471352814, 2.67145803667, 0.736320569452, 84.3080248357, 6.51249773276, 0.998086847738, 0.224741330735, 17.789057287, 70.538744807, 0.0622363036646, 0.0
0.133765329463, 0.84471352814, 2.67145803667, 0.736320569452, 84.3080248357, 6.51249773276, 0.998086847738, 0.224741330735, 17.789057287, 70.538744807, 0.0622363036646, 0.0
0.133765329463, 0.84471352814, 2.67145803667, 0.736320569452, 84.3080248357, 6.51249773276, 0.998086847738, 0.224741330735, 17.789057287, 70.538744807, 0.0622363036646, 0.0
0.133765329463, 0.84471352814, 2.67145803667, 0.736320569452, 84.3080248357, 6.51249773276, 0.998086847738, 0.224741330735, 17.789057287, 70.538744807, 0.0622363036646, 0.0
0.133765329463, 0.84471352814, 2.67145803667, 0.736320569452, 84.3080248357, 6.51249773276, 0.998086847738, 0.224741330735, 17.789057287, 70.538744807, 0.0622363036646, 0.0
0.133765329463, 0.84471352814, 2.67145803667, 0.736320569452, 84.3080248357, 6.51249773276, 0.998086847738, 0.224741330735, 17.789057287, 70.538744807, 0.0622363036646, 0.0
0.133765329463, 0.84471352814, 2.67145803667, 0.736320569452, 84.3080248357, 6.51249773276, 0.998086847738, 0.224741330735, 17.789057287, 70.538744807, 0.0622363036646, 0.0
0.133765329463, 0.84471352814, 2.67145803667, 0.736320569452, 84.3080248357, 6.51249773276, 0.998086847738, 0.224741330735, 17.789057287, 70.538744807, 0.0622363036646, 0.0
0.133765329463, 0.84471352814, 2.67145803667, 0.736320569452, 84.3080248357, 6.51249773276, 0.998086847738, 0.224741330735, 17.789057287, 70.538744807, 0.0622363036646, 0.0
0.133765329463, 0.84471352814, 2.67145803667, 0.736320569452, 84.3080248357, 6.51249773276, 0.998086847738, 0.224741330735, 17.789057287, 70.538744807, 0.0622363036646, 0.0
0.133765329463, 0.84471352814, 2.67145803667, 0.736320569452, 84.3080248357, 6.51249773276, 0.998086847738, 0.224741330735, 17.789057287, 70.538744807, 0.0622363036646, 0.0
0.133765329463, 0.84471352814, 2.67145803667, 0.736320569452, 84.3080248357, 6.51249773276, 0.998086847738, 0.224741330735, 17.789057287, 70.538744807, 0.0622363036646, 0.0
0.133765329463, 0.84471352814, 2.67145803667, 0.736320569452, 84.3080248357, 6.51249773276, 0.998086847738, 0.224741330735, 17.789057287, 70.538744807, 0.0622363036646, 0.0
0.133765329463, 0.84471352814, 2.67145803667, 0.736320569452, 84.3080248357, 6.51249773276, 0.998086847738, 0.224741330735, 17.789057287, 70.538744807, 0.0622363036646, 0.0
0.133502494115, 0.84471352814, 2.67145803667, 0.736320569452, 84.3080248357, 6.51249773276, 0.998086847738, 0.224741330735, 17.789057287, 85.0691978571, 0.0200409561031, 0.142857142857
0.133502494115, 0.84471352814, 2.67145803667, 0.736320569452, 84.3080248357, 6.51249773276, 0.998086847738, 0.224741330735, 17.789057287, 85.0691978571, 0.0200409561031, 0.142857142857
