2.0, 3.0, -1.0, -1.0, 1.0, 0.0, 1.0, 0.0, 2.0, 0.0, 1.0, 0.0, 1.0, 1.0, -1.0, 0.0, 1.0, 0.0, 2.0, -1.0, 0.0, 1.0, 2.0, -1.0, 3.0, 3.0, -1.0, 1.0, 2.0, 3.0, 1.0, 2.0, -1.0, 2.0, -1.0, 0.0, 0.0, -1.0, -1.0, 2.0, 0.0, 3.0, -1.0, 1.0, 2.0, 2.0, 3.0, 3.0, 2.0, 2.0, 97377.0, 556.0, 99481.0
1.0, 0.0, -1.0, -1.0, -1.0, 1.0, -1.0, -1.0, -1.0, -1.0, 3.0, 0.0, 3.0, 0.0, -1.0, -1.0, 0.0, -1.0, 1.0, 2.0, 0.0, 0.0, 3.0, 3.0, 1.0, 2.0, -1.0, 1.0, 0.0, -1.0, 0.0, 2.0, 3.0, 2.0, 0.0, 0.0, 2.0, 2.0, 2.0, 2.0, -1.0, 2.0, 1.0, 0.0, 2.0, 1.0, 1.0, 3.0, 0.0, -1.0, 97319.0, 512.0, 99511.0
-1.0, 1.0, 0.0, 2.0, 2.0, 0.0, 0.0, -1.0, 1.0, 2.0, 2.0, 3.0, -1.0, -1.0, -1.0, 0.0, 1.0, -1.0, 0.0, -1.0, 3.0, 1.0, 2.0, -1.0, 1.0, 3.0, 3.0, 1.0, 2.0, -1.0, -1.0, 2.0, 1.0, 1.0, 0.0, 3.0, -1.0, 1.0, 2.0, 1.0, 0.0, -1.0, 2.0, 1.0, 0.0, 1.0, 0.0, 0.0, -1.0, 2.0, 97136.0, 540.0, 99500.0
2.0, 3.0, -1.0, -1.0, 1.0, 0.0, 1.0, 0.0, 2.0, 0.0, 1.0, 0.0, 1.0, 1.0, -1.0, 0.0, 1.0, 0.0, 2.0, -1.0, 0.0, 1.0, 2.0, -1.0, 3.0, 3.0, -1.0, 1.0, 2.0, 3.0, 1.0, 2.0, -1.0, 2.0, -1.0, 0.0, 0.0, -1.0, -1.0, 2.0, 0.0, 3.0, -1.0, 1.0, 2.0, 2.0, 3.0, 3.0, 2.0, 2.0, 97377.0, 556.0, 99481.0
0.0, -1.0, 2.0, 3.0, -1.0, 1.0, 3.0, -1.0, 3.0, 3.0, 0.0, 1.0, 2.0, -1.0, 1.0, 1.0, 0.0, 3.0, 2.0, 2.0, 3.0, 2.0, 1.0, -1.0, -1.0, 2.0, -1.0, 0.0, 1.0, 3.0, -1.0, 2.0, 0.0, 3.0, 0.0, 2.0, 2.0, 0.0, 1.0, -1.0, 2.0, 1.0, 0.0, 3.0, 0.0, 0.0, 3.0, 0.0, 2.0, -1.0, 97106.0, 583.0, 99464.0
2.0, 3.0, -1.0, -1.0, 1.0, 0.0, 1.0, 0.0, 2.0, 0.0, 1.0, 0.0, 1.0, 1.0, -1.0, 0.0, 1.0, 0.0, 2.0, -1.0, 0.0, 1.0, 2.0, -1.0, 3.0, 3.0, -1.0, 1.0, 2.0, 3.0, 1.0, 2.0, -1.0, 2.0, -1.0, 0.0, 0.0, -1.0, -1.0, 2.0, 0.0, 3.0, -1.0, 1.0, 2.0, 2.0, 3.0, 3.0, 2.0, 2.0, 97377.0, 556.0, 99481.0
2.0, 2.0, -1.0, 2.0, 1.0, -1.0, -1.0, 3.0, -1.0, 0.0, 1.0, 1.0, 1.0, 0.0, -1.0, -1.0, 1.0, 0.0, 0.0, 2.0, -1.0, 1.0, 3.0, 3.0, 2.0, 3.0, 0.0, 3.0, 3.0, 2.0, -1.0, 0.0, 2.0, -1.0, 0.0, 1.0, 3.0, -1.0, 1.0, 1.0, 1.0, -1.0, -1.0, 2.0, 1.0, 3.0, -1.0, 0.0, -1.0, 2.0, 97316.0, 524.0, 99513.0
1.0, 0.0, -1.0, -1.0, -1.0, 1.0, -1.0, -1.0, -1.0, -1.0, 3.0, 0.0, 3.0, 0.0, -1.0, -1.0, 0.0, -1.0, 1.0, 2.0, 0.0, 0.0, 3.0, 3.0, 1.0, 2.0, -1.0, 1.0, 0.0, -1.0, 0.0, 2.0, 3.0, 2.0, 0.0, 0.0, 2.0, 2.0, 2.0, 2.0, -1.0, 2.0, 1.0, 0.0, 2.0, 1.0, 1.0, 3.0, 0.0, -1.0, 97319.0, 512.0, 99511.0
-1.0, 1.0, 0.0, 2.0, 2.0, 0.0, 0.0, -1.0, 1.0, 2.0, 2.0, 3.0, -1.0, -1.0, -1.0, 0.0, 1.0, -1.0, 0.0, -1.0, 3.0, 1.0, 2.0, -1.0, 1.0, 3.0, 3.0, 1.0, 2.0, -1.0, -1.0, 2.0, 1.0, 1.0, 0.0, 3.0, -1.0, 1.0, 2.0, 1.0, 0.0, -1.0, 2.0, 1.0, 0.0, 1.0, 0.0, 0.0, -1.0, 2.0, 97136.0, 540.0, 99500.0
3.0, 2.0, 1.0, 1.0, 2.0, -1.0, 2.0, -1.0, 0.0, 3.0, 2.0, 2.0, 1.0, 3.0, -1.0, 0.0, 3.0, 3.0, 2.0, 3.0, 3.0, 0.0, 2.0, -1.0, 3.0, 1.0, -1.0, 0.0, 2.0, 0.0, 3.0, -1.0, 0.0, 0.0, 1.0, 0.0, 2.0, 2.0, 0.0, -1.0, 1.0, 0.0, 3.0, 0.0, 1.0, 1.0, 1.0, 3.0, 1.0, 1.0, 96896.0, 620.0, 99428.0
2.0, 3.0, -1.0, -1.0, 1.0, 0.0, 1.0, 0.0, 2.0, 0.0, 1.0, 0.0, 1.0, 1.0, -1.0, 0.0, 1.0, 0.0, 2.0, -1.0, 0.0, 1.0, 2.0, -1.0, 3.0, 3.0, -1.0, 1.0, 2.0, 3.0, 1.0, 2.0, -1.0, 2.0, -1.0, 0.0, 0.0, -1.0, -1.0, 2.0, 0.0, 3.0, -1.0, 1.0, 2.0, 2.0, 3.0, 3.0, 2.0, 2.0, 97377.0, 556.0, 99481.0
-1.0, 1.0, 0.0, 2.0, 2.0, 0.0, 0.0, -1.0, 1.0, 2.0, 2.0, 3.0, -1.0, -1.0, -1.0, 0.0, 1.0, -1.0, 0.0, -1.0, 3.0, 1.0, 2.0, -1.0, 1.0, 3.0, 3.0, 1.0, 2.0, -1.0, -1.0, 2.0, 1.0, 1.0, 0.0, 3.0, -1.0, 1.0, 2.0, 1.0, 0.0, -1.0, 2.0, 1.0, 0.0, 1.0, 0.0, 0.0, -1.0, 2.0, 97136.0, 540.0, 99500.0
2.0, 3.0, -1.0, -1.0, 1.0, 0.0, 1.0, 0.0, 2.0, 0.0, 1.0, 0.0, 1.0, 1.0, -1.0, 0.0, 1.0, 0.0, 2.0, -1.0, 0.0, 1.0, 2.0, -1.0, 3.0, 3.0, -1.0, 1.0, 2.0, 3.0, 1.0, 2.0, -1.0, 2.0, -1.0, 0.0, 0.0, -1.0, -1.0, 2.0, 0.0, 3.0, -1.0, 1.0, 2.0, 2.0, 3.0, 3.0, 2.0, 2.0, 97377.0, 556.0, 99481.0
1.0, 2.0, 2.0, 0.0, 2.0, -1.0, 2.0, 0.0, -1.0, 1.0, 0.0, 1.0, 1.0, -1.0, -1.0, 0.0, 2.0, -1.0, -1.0, 3.0, -1.0, 0.0, -1.0, 0.0, 1.0, -1.0, -1.0, -1.0, 1.0, -1.0, -1.0, 1.0, -1.0, -1.0, 2.0, 0.0, 1.0, 2.0, 1.0, -1.0, 0.0, 0.0, 3.0, -1.0, 2.0, 1.0, 1.0, 0.0, 3.0, -1.0, 97212.0, 479.0, 99555.0
0.0, -1.0, 2.0, 3.0, -1.0, 1.0, 3.0, -1.0, 3.0, 3.0, 0.0, 1.0, 2.0, -1.0, -1.0, 1.0, 0.0, 3.0, 2.0, 2.0, 3.0, 2.0, 1.0, -1.0, -1.0, 2.0, -1.0, 0.0, 1.0, 3.0, -1.0, 2.0, 0.0, 3.0, 0.0, 2.0, 2.0, 0.0, 1.0, -1.0, 2.0, 1.0, 0.0, 3.0, 0.0, 0.0, 3.0, 0.0, 2.0, -1.0, 97175.0, 565.0, 99476.0
2.0, 3.0, -1.0, -1.0, 1.0, 0.0, 1.0, 0.0, 2.0, 0.0, 1.0, 0.0, 1.0, 1.0, -1.0, 0.0, 1.0, 0.0, 2.0, -1.0, 0.0, 1.0, 2.0, -1.0, 3.0, 3.0, -1.0, 1.0, 2.0, 3.0, 1.0, 2.0, -1.0, 2.0, -1.0, 0.0, 0.0, -1.0, -1.0, 2.0, 0.0, 3.0, -1.0, 1.0, 2.0, 2.0, 3.0, 3.0, 2.0, 2.0, 97377.0, 556.0, 99481.0
2.0, 2.0, -1.0, 2.0, 1.0, -1.0, 0.0, 3.0, -1.0, 0.0, 1.0, 1.0, 1.0, 0.0, -1.0, 0.0, 1.0, 0.0, 0.0, 2.0, -1.0, 1.0, 3.0, 3.0, 2.0, 3.0, 0.0, 3.0, 3.0, 2.0, 2.0, 0.0, 2.0, -1.0, 0.0, 1.0, 3.0, -1.0, 1.0, 1.0, 1.0, -1.0, -1.0, 2.0, 1.0, 3.0, -1.0, 0.0, -1.0, 2.0, 97041.0, 570.0, 99472.0
-1.0, 1.0, 0.0, 2.0, 2.0, 0.0, -1.0, -1.0, 3.0, 2.0, 2.0, 3.0, -1.0, -1.0, -1.0, -1.0, 1.0, -1.0, 0.0, -1.0, 3.0, 1.0, 2.0, -1.0, 1.0, 3.0, 3.0, 1.0, 2.0, -1.0, -1.0, 2.0, 1.0, 1.0, 0.0, 3.0, -1.0, 1.0, -1.0, 1.0, 0.0, -1.0, 2.0, 1.0, 0.0, 0.0, 0.0, 0.0, -1.0, 2.0, 97454.0, 486.0, 99550.0
-1.0, 0.0, 0.0, 2.0, 3.0, 3.0, 3.0, 3.0, 3.0, -1.0, 0.0, 2.0, 2.0, -1.0, -1.0, 1.0, 0.0, 0.0, 2.0, -1.0, 2.0, 0.0, -1.0, -1.0, 2.0, 0.0, -1.0, 2.0, 1.0, 1.0, 1.0, 2.0, 2.0, 3.0, 2.0, 3.0, 0.0, 2.0, 1.0, 2.0, 0.0, 1.0, -1.0, 3.0, 0.0, 1.0, 0.0, 1.0, 1.0, 3.0, 96842.0, 587.0, 99444.0
1.0, 0.0, -1.0, -1.0, -1.0, 1.0, -1.0, -1.0, -1.0, -1.0, 3.0, 0.0, 3.0, 0.0, -1.0, -1.0, 0.0, 3.0, 1.0, 2.0, 0.0, 0.0, 3.0, 3.0, 1.0, -1.0, -1.0, 1.0, 0.0, -1.0, -1.0, 2.0, 3.0, 2.0, 0.0, 0.0, 2.0, 2.0, 2.0, 2.0, -1.0, 2.0, 1.0, 0.0, 2.0, 1.0, 1.0, 3.0, 0.0, -1.0, 97439.0, 503.0, 99523.0
0.0, -1.0, 2.0, 3.0, -1.0, 1.0, -1.0, -1.0, 3.0, 3.0, 0.0, 1.0, 2.0, -1.0, 1.0, 1.0, 0.0, 3.0, 2.0, 2.0, 3.0, 2.0, 1.0, -1.0, -1.0, 2.0, -1.0, 0.0, 3.0, 3.0, -1.0, 2.0, 0.0, 3.0, 0.0, 2.0, 2.0, 0.0, 1.0, -1.0, 2.0, 1.0, 0.0, 3.0, 0.0, 0.0, 3.0, 0.0, 2.0, -1.0, 97156.0, 566.0, 99474.0
1.0, 3.0, 0.0, 2.0, 3.0, 2.0, -1.0, 1.0, 1.0, 0.0, -1.0, 3.0, 2.0, 2.0, -1.0, 1.0, 2.0, 1.0, 2.0, -1.0, 2.0, 3.0, 3.0, 0.0, -1.0, 0.0, 3.0, 0.0, 2.0, -1.0, 0.0, 1.0, 1.0, 1.0, 3.0, 0.0, 1.0, 2.0, 2.0, 1.0, 0.0, 0.0, 3.0, 2.0, -1.0, 0.0, 0.0, 2.0, 3.0, 1.0, 96976.0, 630.0, 99424.0
1.0, 3.0, 0.0, 2.0, 3.0, 2.0, -1.0, 1.0, 1.0, 0.0, -1.0, 3.0, 2.0, 2.0, -1.0, 1.0, 2.0, 1.0, 2.0, -1.0, 2.0, 3.0, 3.0, 0.0, -1.0, 0.0, 3.0, 0.0, 2.0, -1.0, 0.0, 1.0, 1.0, 1.0, 3.0, 0.0, 1.0, 2.0, 2.0, 1.0, 0.0, 0.0, 3.0, 2.0, -1.0, 0.0, 0.0, 2.0, 3.0, 1.0, 96976.0, 630.0, 99424.0
