-1.0, 2.0, 3.0, -1.0, 3.0, 0.0, 1.0, 3.0, 0.0, 2.0, 0.0, 2.0, -1.0, 1.0, 3.0, 1.0, 2.0, 0.0, 0.0, 3.0, 2.0, 0.0, 2.0, 1.0, 1.0, 3.0, 1.0, 0.0, 1.0, 3.0, 3.0, 2.0, -1.0, 0.0, 2.0, 3.0, 1.0, 0.0, -1.0, 0.0, 1.0, 2.0, 2.0, 0.0, 2.0, 1.0, 1.0, 3.0, 0.0, 1.0, 96620.0, 637.0, 99414.0
-1.0, 2.0, 3.0, -1.0, 3.0, 0.0, 1.0, 3.0, 0.0, 2.0, 0.0, 2.0, -1.0, 1.0, 3.0, 1.0, 2.0, 0.0, 0.0, 3.0, 2.0, 0.0, 2.0, 1.0, 1.0, 3.0, 1.0, 0.0, 1.0, 3.0, 3.0, 2.0, -1.0, 0.0, 2.0, 3.0, 1.0, 0.0, -1.0, 0.0, 1.0, 2.0, 2.0, 0.0, 2.0, 1.0, 1.0, 3.0, 0.0, 1.0, 96620.0, 637.0, 99414.0
-1.0, 2.0, 3.0, -1.0, 3.0, 0.0, 1.0, 3.0, 0.0, 2.0, 0.0, 2.0, -1.0, 1.0, 3.0, 1.0, 2.0, 0.0, 0.0, 3.0, 2.0, 0.0, 2.0, 1.0, 1.0, 3.0, 1.0, 0.0, 1.0, 3.0, 3.0, 2.0, -1.0, 0.0, 2.0, 3.0, 1.0, 0.0, -1.0, 0.0, 1.0, 2.0, 2.0, 0.0, 2.0, 1.0, 1.0, 3.0, 0.0, 1.0, 96620.0, 637.0, 99414.0
-1.0, 2.0, 3.0, -1.0, 3.0, 0.0, 1.0, 3.0, 0.0, 2.0, 0.0, 2.0, -1.0, 1.0, 3.0, 1.0, 2.0, 0.0, 0.0, 3.0, 2.0, 0.0, 2.0, 1.0, 1.0, 3.0, 1.0, 0.0, 1.0, 3.0, 3.0, 2.0, -1.0, 0.0, 2.0, 3.0, 1.0, 0.0, -1.0, 0.0, 1.0, 2.0, 2.0, 0.0, 2.0, 1.0, 1.0, 3.0, 0.0, 1.0, 96620.0, 637.0, 99414.0
-1.0, 2.0, 3.0, -1.0, 3.0, 0.0, 1.0, 3.0, 0.0, 2.0, 0.0, 2.0, -1.0, 1.0, 3.0, 1.0, 2.0, 0.0, 0.0, 3.0, 2.0, 0.0, 2.0, 1.0, 1.0, 3.0, 1.0, 0.0, 1.0, 3.0, 3.0, 2.0, -1.0, 0.0, 2.0, 3.0, 1.0, 0.0, -1.0, 0.0, 1.0, 2.0, 2.0, 0.0, 2.0, 1.0, 1.0, 3.0, 0.0, 1.0, 96620.0, 637.0, 99414.0
-1.0, 2.0, 3.0, -1.0, 3.0, 0.0, 1.0, 3.0, 0.0, 2.0, 0.0, 2.0, -1.0, 1.0, 3.0, 1.0, 2.0, 0.0, 0.0, 3.0, 2.0, 0.0, 2.0, 1.0, 1.0, 3.0, 1.0, 0.0, 1.0, 3.0, 3.0, 2.0, -1.0, 0.0, 2.0, 3.0, 1.0, 0.0, -1.0, 0.0, 1.0, 2.0, 2.0, 0.0, 2.0, 1.0, 1.0, 3.0, 0.0, 1.0, 96620.0, 637.0, 99414.0
3.0, 1.0, 1.0, 2.0, 0.0, 3.0, 1.0, 1.0, 1.0, 1.0, 0.0, 2.0, -1.0, -1.0, 3.0, 3.0, 1.0, 1.0, 1.0, 2.0, 2.0, 2.0, 0.0, 1.0, 0.0, 1.0, 3.0, 0.0, 0.0, 3.0, 3.0, 2.0, 0.0, 3.0, 0.0, -1.0, 2.0, 2.0, 0.0, 1.0, 3.0, 1.0, -1.0, 3.0, 0.0, 3.0, 2.0, 2.0, -1.0, 2.0, 96525.0, 638.0, 99400.0
3.0, 1.0, 1.0, 2.0, 0.0, 3.0, 1.0, 1.0, 1.0, 1.0, 0.0, 2.0, -1.0, -1.0, 3.0, 3.0, 1.0, 1.0, 1.0, 2.0, 2.0, 2.0, 0.0, 1.0, 0.0, 1.0, 3.0, 0.0, 0.0, 3.0, 3.0, 2.0, 0.0, 3.0, 0.0, -1.0, 2.0, 2.0, 0.0, 1.0, 3.0, 1.0, -1.0, 3.0, 0.0, 3.0, 2.0, 2.0, -1.0, 2.0, 96525.0, 638.0, 99400.0
3.0, 1.0, 1.0, 2.0, 0.0, 3.0, 1.0, 1.0, 1.0, 1.0, 0.0, 2.0, -1.0, -1.0, 3.0, 3.0, 1.0, 1.0, 1.0, 2.0, 2.0, 2.0, 0.0, 1.0, 0.0, 1.0, 3.0, 0.0, 0.0, 3.0, 3.0, 2.0, 0.0, 3.0, 0.0, -1.0, 2.0, 2.0, 0.0, 1.0, 3.0, 1.0, -1.0, 3.0, 0.0, 3.0, 2.0, 2.0, -1.0, 2.0, 96525.0, 638.0, 99400.0
3.0, 1.0, 1.0, 2.0, 0.0, 3.0, 1.0, 1.0, 1.0, 1.0, 0.0, 2.0, -1.0, -1.0, 3.0, 3.0, 1.0, 1.0, 1.0, 2.0, 2.0, 2.0, 0.0, 1.0, 0.0, 1.0, 3.0, 0.0, 0.0, 3.0, 3.0, 2.0, 0.0, 3.0, 0.0, -1.0, 2.0, 2.0, 0.0, 1.0, 3.0, 1.0, -1.0, 3.0, 0.0, 3.0, 2.0, 2.0, -1.0, 2.0, 96525.0, 638.0, 99400.0
3.0, 1.0, 1.0, 2.0, 0.0, 3.0, 1.0, 1.0, 1.0, 1.0, 0.0, 2.0, -1.0, -1.0, 3.0, 3.0, 1.0, 1.0, 1.0, 2.0, 2.0, 2.0, 0.0, 1.0, 0.0, 1.0, 3.0, 0.0, 0.0, 3.0, 3.0, 2.0, 0.0, 3.0, 0.0, -1.0, 2.0, 2.0, 0.0, 1.0, 3.0, 1.0, -1.0, 3.0, 0.0, 3.0, 2.0, 2.0, -1.0, 2.0, 96525.0, 638.0, 99400.0
3.0, 1.0, 1.0, 2.0, 0.0, 3.0, 1.0, 1.0, 1.0, 1.0, 0.0, 2.0, -1.0, -1.0, 3.0, 3.0, 1.0, 1.0, 1.0, 2.0, 2.0, 2.0, 0.0, 1.0, 0.0, 1.0, 3.0, 0.0, 0.0, 3.0, 3.0, 2.0, 0.0, 3.0, 0.0, -1.0, 2.0, 2.0, 0.0, 1.0, 3.0, 1.0, -1.0, 3.0, 0.0, 3.0, 2.0, 2.0, -1.0, 2.0, 96525.0, 638.0, 99400.0
3.0, 1.0, 1.0, 2.0, 0.0, 3.0, 1.0, 1.0, 1.0, 1.0, 0.0, 2.0, -1.0, -1.0, 3.0, 3.0, 1.0, 1.0, 1.0, 2.0, 2.0, 2.0, 0.0, 1.0, 0.0, 1.0, 3.0, 0.0, 0.0, 3.0, 3.0, 2.0, 0.0, 3.0, 0.0, -1.0, 2.0, 2.0, 0.0, 1.0, 3.0, 1.0, -1.0, 3.0, 0.0, 3.0, 2.0, 2.0, -1.0, 2.0, 96525.0, 638.0, 99400.0
1.0, 0.0, 3.0, 1.0, 1.0, 1.0, 0.0, 2.0, 2.0, 2.0, 0.0, -1.0, 0.0, 3.0, -1.0, 0.0, -1.0, 2.0, 0.0, 3.0, 0.0, 3.0, 2.0, -1.0, 0.0, 0.0, 1.0, 3.0, 3.0, 2.0, 2.0, 1.0, 2.0, -1.0, 2.0, 0.0, -1.0, 2.0, 1.0, -1.0, 2.0, -1.0, 0.0, -1.0, 0.0, 1.0, 3.0, 1.0, 2.0, 0.0, 96650.0, 576.0, 99464.0
2.0, 0.0, 1.0, -1.0, 2.0, 1.0, 3.0, 2.0, -1.0, 0.0, 0.0, -1.0, 0.0, 1.0, 0.0, 2.0, 1.0, 0.0, 0.0, -1.0, 2.0, 1.0, 2.0, 1.0, -1.0, 0.0, -1.0, 2.0, 1.0, 0.0, 1.0, 3.0, 2.0, 0.0, 1.0, 0.0, -1.0, 0.0, 3.0, -1.0, 3.0, -1.0, 2.0, -1.0, 2.0, 2.0, 0.0, -1.0, 2.0, 1.0, 96743.0, 544.0, 99486.0
1.0, 1.0, 1.0, 0.0, -1.0, 0.0, 0.0, -1.0, 0.0, 1.0, 2.0, -1.0, 2.0, 0.0, 3.0, 2.0, 1.0, 2.0, 3.0, 2.0, 0.0, 0.0, -1.0, 2.0, 1.0, 0.0, 1.0, 2.0, 2.0, 0.0, 2.0, 2.0, -1.0, 0.0, -1.0, -1.0, 1.0, 1.0, 3.0, 3.0, 1.0, 3.0, 0.0, 0.0, 1.0, 2.0, 1.0, 2.0, 2.0, 0.0, 96351.0, 605.0, 99441.0
1.0, 1.0, 1.0, 0.0, -1.0, 0.0, 0.0, -1.0, 0.0, 1.0, 2.0, -1.0, 2.0, 0.0, 3.0, 2.0, 1.0, 2.0, 3.0, 2.0, 0.0, 0.0, -1.0, 2.0, 1.0, 0.0, 1.0, 2.0, 2.0, 0.0, 2.0, 2.0, -1.0, 0.0, -1.0, -1.0, 1.0, 1.0, 3.0, 3.0, 1.0, 3.0, 0.0, 0.0, 1.0, 2.0, 1.0, 2.0, 2.0, 0.0, 96351.0, 605.0, 99441.0
1.0, 1.0, 1.0, 0.0, -1.0, 0.0, 0.0, -1.0, 0.0, 1.0, 2.0, -1.0, 2.0, 0.0, 3.0, 2.0, 1.0, 2.0, 3.0, 2.0, 0.0, 0.0, -1.0, 2.0, 1.0, 0.0, 1.0, 2.0, 2.0, 0.0, 2.0, 2.0, -1.0, 0.0, -1.0, -1.0, 1.0, 1.0, 3.0, 3.0, 1.0, 3.0, 0.0, 0.0, 1.0, 2.0, 1.0, 2.0, 2.0, 0.0, 96351.0, 605.0, 99441.0
1.0, 1.0, 1.0, 0.0, -1.0, 0.0, 0.0, -1.0, 0.0, 1.0, 2.0, -1.0, 2.0, 0.0, 3.0, 2.0, 1.0, 2.0, 3.0, 2.0, 0.0, 0.0, -1.0, 2.0, 1.0, 0.0, 1.0, 2.0, 2.0, 0.0, 2.0, 2.0, -1.0, 0.0, -1.0, -1.0, 1.0, 1.0, 3.0, 3.0, 1.0, 3.0, 0.0, 0.0, 1.0, 2.0, 1.0, 2.0, 2.0, 0.0, 96351.0, 605.0, 99441.0
1.0, 1.0, 1.0, 0.0, -1.0, 0.0, 0.0, -1.0, 0.0, 1.0, 2.0, -1.0, 2.0, 0.0, 3.0, 2.0, 1.0, 2.0, 3.0, 2.0, 0.0, 0.0, -1.0, 2.0, 1.0, 0.0, 1.0, 2.0, 2.0, 0.0, 2.0, 2.0, -1.0, 0.0, -1.0, -1.0, 1.0, 1.0, 3.0, 3.0, 1.0, 3.0, 0.0, 0.0, 1.0, 2.0, 1.0, 2.0, 2.0, 0.0, 96351.0, 605.0, 99441.0
1.0, 1.0, 1.0, 0.0, -1.0, 0.0, 0.0, -1.0, 0.0, 1.0, 2.0, -1.0, 2.0, 0.0, 3.0, 2.0, 1.0, 2.0, 3.0, 2.0, 0.0, 0.0, -1.0, 2.0, 1.0, 0.0, 1.0, 2.0, 2.0, 0.0, 2.0, 2.0, -1.0, 0.0, -1.0, -1.0, 1.0, 1.0, 3.0, 3.0, 1.0, 3.0, 0.0, 0.0, 1.0, 2.0, 1.0, 2.0, 2.0, 0.0, 96351.0, 605.0, 99441.0
1.0, 1.0, 1.0, 0.0, -1.0, 0.0, 0.0, -1.0, 0.0, 1.0, 2.0, -1.0, 2.0, 0.0, 3.0, 2.0, 1.0, 2.0, 3.0, 2.0, 0.0, 0.0, -1.0, 2.0, 1.0, 0.0, 1.0, 2.0, 2.0, 0.0, 2.0, 2.0, -1.0, 0.0, -1.0, -1.0, 1.0, 1.0, 3.0, 3.0, 1.0, 3.0, 0.0, 0.0, 1.0, 2.0, 1.0, 2.0, 2.0, 0.0, 96351.0, 605.0, 99441.0
1.0, 1.0, 1.0, 0.0, -1.0, 0.0, 0.0, -1.0, 0.0, 1.0, 2.0, -1.0, 2.0, 0.0, 3.0, 2.0, 1.0, 2.0, 3.0, 2.0, 0.0, 0.0, -1.0, 2.0, 1.0, 0.0, 1.0, 2.0, 2.0, 0.0, 2.0, 2.0, -1.0, 0.0, -1.0, -1.0, 1.0, 1.0, 3.0, 3.0, 1.0, 3.0, 0.0, 0.0, 1.0, 2.0, 1.0, 2.0, 2.0, 0.0, 96351.0, 605.0, 99441.0
-1.0, -1.0, 1.0, 0.0, 2.0, 1.0, 0.0, 1.0, 2.0, -1.0, 0.0, 2.0, 0.0, 3.0, -1.0, 0.0, 2.0, 1.0, -1.0, 2.0, 0.0, 0.0, -1.0, 3.0, 0.0, 1.0, 0.0, 2.0, -1.0, 0.0, 2.0, -1.0, 1.0, 1.0, 2.0, -1.0, 3.0, 2.0, 0.0, 2.0, 3.0, 0.0, 1.0, -1.0, 0.0, 0.0, -1.0, -1.0, -1.0, 1.0, 96870.0, 534.0, 99516.0
-1.0, -1.0, 1.0, 0.0, 2.0, 1.0, 0.0, 1.0, 2.0, -1.0, 0.0, 2.0, 0.0, 3.0, -1.0, 0.0, 2.0, 1.0, -1.0, 2.0, 0.0, 0.0, -1.0, 3.0, 0.0, 1.0, 0.0, 2.0, -1.0, 0.0, 2.0, -1.0, 1.0, 1.0, 2.0, -1.0, 3.0, 2.0, 0.0, 2.0, 3.0, 0.0, 1.0, -1.0, 0.0, 0.0, -1.0, -1.0, -1.0, 1.0, 96870.0, 534.0, 99516.0
-1.0, -1.0, 1.0, 0.0, 2.0, 1.0, 0.0, 1.0, 2.0, -1.0, 0.0, 2.0, 0.0, 3.0, -1.0, 0.0, 2.0, 1.0, -1.0, 2.0, 0.0, 0.0, -1.0, 3.0, 0.0, 1.0, 0.0, 2.0, -1.0, 0.0, 2.0, -1.0, 1.0, 1.0, 2.0, -1.0, 3.0, 2.0, 0.0, 2.0, 3.0, 0.0, 1.0, -1.0, 0.0, 0.0, -1.0, -1.0, -1.0, 1.0, 96870.0, 534.0, 99516.0
-1.0, -1.0, 1.0, 0.0, 2.0, 1.0, 0.0, 1.0, 2.0, -1.0, 0.0, 2.0, 0.0, 3.0, -1.0, 0.0, 2.0, 1.0, -1.0, 2.0, 0.0, 0.0, -1.0, 3.0, 0.0, 1.0, 0.0, 2.0, -1.0, 0.0, 2.0, -1.0, 1.0, 1.0, 2.0, -1.0, 3.0, 2.0, 0.0, 2.0, 3.0, 0.0, 1.0, -1.0, 0.0, 0.0, -1.0, -1.0, -1.0, 1.0, 96870.0, 534.0, 99516.0
-1.0, -1.0, 1.0, 0.0, 2.0, 1.0, 0.0, 1.0, 2.0, -1.0, 0.0, 2.0, 0.0, 3.0, -1.0, 0.0, 2.0, 1.0, -1.0, 2.0, 0.0, 0.0, -1.0, 3.0, 0.0, 1.0, 0.0, 2.0, -1.0, 0.0, 2.0, -1.0, 1.0, 1.0, 2.0, -1.0, 3.0, 2.0, 0.0, 2.0, 3.0, 0.0, 1.0, -1.0, 0.0, 0.0, -1.0, -1.0, -1.0, 1.0, 96870.0, 534.0, 99516.0
-1.0, -1.0, 1.0, 0.0, 2.0, 1.0, 0.0, 1.0, 2.0, -1.0, 0.0, 2.0, 0.0, 3.0, -1.0, 0.0, 2.0, 1.0, -1.0, 2.0, 0.0, 0.0, -1.0, 3.0, 0.0, 1.0, 0.0, 2.0, -1.0, 0.0, 2.0, -1.0, 1.0, 1.0, 2.0, -1.0, 3.0, 2.0, 0.0, 2.0, 3.0, 0.0, 1.0, -1.0, 0.0, 0.0, -1.0, -1.0, -1.0, 1.0, 96870.0, 534.0, 99516.0
-1.0, -1.0, 1.0, 0.0, 2.0, 1.0, 0.0, 1.0, 2.0, -1.0, 0.0, 2.0, 0.0, 3.0, -1.0, 0.0, 2.0, 1.0, -1.0, 2.0, 0.0, 0.0, -1.0, 3.0, 0.0, 1.0, 0.0, 2.0, -1.0, 0.0, 2.0, -1.0, 1.0, 1.0, 2.0, -1.0, 3.0, 2.0, 0.0, 2.0, 3.0, 0.0, 1.0, -1.0, 0.0, 0.0, -1.0, -1.0, -1.0, 1.0, 96870.0, 534.0, 99516.0
-1.0, -1.0, 1.0, 0.0, 2.0, 1.0, 0.0, 1.0, 2.0, -1.0, 0.0, 2.0, 0.0, 3.0, -1.0, 0.0, 2.0, 1.0, -1.0, 2.0, 0.0, 0.0, -1.0, 3.0, 0.0, 1.0, 0.0, 2.0, -1.0, 0.0, 2.0, -1.0, 1.0, 1.0, 2.0, -1.0, 3.0, 2.0, 0.0, 2.0, 3.0, 0.0, 1.0, -1.0, 0.0, 0.0, -1.0, -1.0, -1.0, 1.0, 96870.0, 534.0, 99516.0
2.0, 0.0, 0.0, 1.0, 1.0, 0.0, 2.0, 2.0, 0.0, 1.0, 2.0, 0.0, 0.0, 1.0, 1.0, 3.0, 3.0, 1.0, 2.0, -1.0, 0.0, 0.0, -1.0, -1.0, 2.0, 2.0, 3.0, 2.0, 1.0, -1.0, 0.0, 2.0, 2.0, 2.0, 0.0, 0.0, 1.0, 0.0, 1.0, -1.0, 1.0, 3.0, 3.0, 2.0, 1.0, 1.0, 1.0, 2.0, -1.0, 0.0, 96249.0, 642.0, 99416.0
2.0, 3.0, 3.0, 1.0, 0.0, 1.0, 1.0, 2.0, 3.0, 3.0, 2.0, 2.0, 3.0, 2.0, -1.0, 1.0, 0.0, 2.0, 1.0, 0.0, 3.0, 1.0, 2.0, 2.0, 2.0, 0.0, -1.0, 1.0, 1.0, 0.0, 0.0, -1.0, 1.0, 1.0, 0.0, -1.0, 0.0, 1.0, 1.0, 0.0, 3.0, 3.0, 1.0, 2.0, 2.0, 3.0, -1.0, 2.0, 0.0, 0.0, 96537.0, 632.0, 99415.0
1.0, 3.0, 2.0, 1.0, 0.0, 1.0, 0.0, 0.0, 0.0, 3.0, -1.0, -1.0, 2.0, 2.0, -1.0, 0.0, 2.0, 1.0, 0.0, 0.0, 2.0, -1.0, -1.0, 2.0, 3.0, -1.0, 1.0, 2.0, 2.0, 1.0, 2.0, 2.0, 0.0, 0.0, 1.0, 1.0, 3.0, -1.0, 2.0, 1.0, 2.0, 0.0, 3.0, 1.0, 2.0, 1.0, 0.0, 0.0, -1.0, 2.0, 96587.0, 602.0, 99440.0
1.0, 3.0, 2.0, 1.0, 0.0, 1.0, 0.0, 0.0, 0.0, 3.0, -1.0, -1.0, 2.0, 2.0, -1.0, 0.0, 2.0, 1.0, 0.0, 0.0, 2.0, -1.0, -1.0, 2.0, 3.0, -1.0, 1.0, 2.0, 2.0, 1.0, 2.0, 2.0, 0.0, 0.0, 1.0, 1.0, 3.0, -1.0, 2.0, 1.0, 2.0, 0.0, 3.0, 1.0, 2.0, 1.0, 0.0, 0.0, -1.0, 2.0, 96587.0, 602.0, 99440.0
2.0, 0.0, -1.0, 2.0, 2.0, 1.0, 2.0, -1.0, -1.0, 0.0, 0.0, -1.0, 0.0, 1.0, 0.0, 2.0, 1.0, 0.0, 0.0, -1.0, 2.0, 1.0, 2.0, 1.0, -1.0, 3.0, -1.0, 2.0, 1.0, 0.0, 1.0, 3.0, 2.0, 0.0, 1.0, 0.0, -1.0, 0.0, 3.0, -1.0, 3.0, -1.0, 2.0, -1.0, 2.0, 2.0, 0.0, -1.0, 2.0, 1.0, 96941.0, 524.0, 99516.0
2.0, 0.0, -1.0, 2.0, 2.0, 1.0, 2.0, -1.0, -1.0, 0.0, 0.0, -1.0, 0.0, 1.0, 0.0, 2.0, 1.0, 0.0, 0.0, -1.0, 2.0, 1.0, 2.0, 1.0, -1.0, 3.0, -1.0, 2.0, 1.0, 0.0, 1.0, 3.0, 2.0, 0.0, 1.0, 0.0, -1.0, 0.0, 3.0, -1.0, 3.0, -1.0, 2.0, -1.0, 2.0, 2.0, 0.0, -1.0, 2.0, 1.0, 96941.0, 524.0, 99516.0
0.0, 0.0, 1.0, 2.0, 3.0, -1.0, 0.0, 0.0, 1.0, 1.0, 1.0, -1.0, 3.0, 1.0, 0.0, 1.0, 2.0, 2.0, 1.0, 2.0, 2.0, 2.0, 2.0, 0.0, 0.0, 1.0, 0.0, 0.0, 0.0, 0.0, 0.0, 3.0, -1.0, 1.0, -1.0, 3.0, 1.0, 1.0, -1.0, 3.0, 3.0, 1.0, -1.0, 2.0, 1.0, 1.0, -1.0, 0.0, -1.0, 3.0, 96442.0, 589.0, 99445.0
1.0, -1.0, 1.0, 3.0, 0.0, 0.0, 3.0, 3.0, 0.0, 0.0, 2.0, -1.0, 0.0, 2.0, 1.0, -1.0, -1.0, 3.0, 2.0, -1.0, 2.0, 1.0, 0.0, 1.0, -1.0, 1.0, 0.0, 2.0, 2.0, 2.0, 2.0, 0.0, 0.0, 2.0, 3.0, 1.0, 1.0, 0.0, 3.0, 1.0, 1.0, 1.0, 3.0, 2.0, 0.0, 1.0, 3.0, 0.0, -1.0, 0.0, 96498.0, 606.0, 99433.0
1.0, -1.0, 1.0, 3.0, 0.0, 0.0, 3.0, 3.0, 0.0, 0.0, 2.0, -1.0, 0.0, 2.0, 1.0, -1.0, -1.0, 3.0, 2.0, -1.0, 2.0, 1.0, 0.0, 1.0, -1.0, 1.0, 0.0, 2.0, 2.0, 2.0, 2.0, 0.0, 0.0, 2.0, 3.0, 1.0, 1.0, 0.0, 3.0, 1.0, 1.0, 1.0, 3.0, 2.0, 0.0, 1.0, 3.0, 0.0, -1.0, 0.0, 96498.0, 606.0, 99433.0
1.0, -1.0, 1.0, 3.0, 0.0, 0.0, 3.0, 3.0, 0.0, 0.0, 2.0, -1.0, 0.0, 2.0, 1.0, -1.0, -1.0, 3.0, 2.0, -1.0, 2.0, 1.0, 0.0, 1.0, -1.0, 1.0, 0.0, 2.0, 2.0, 2.0, 2.0, 0.0, 0.0, 2.0, 3.0, 1.0, 1.0, 0.0, 3.0, 1.0, 1.0, 1.0, 3.0, 2.0, 0.0, 1.0, 3.0, 0.0, -1.0, 0.0, 96498.0, 606.0, 99433.0
1.0, -1.0, 1.0, 3.0, 0.0, 0.0, 3.0, 3.0, 0.0, 0.0, 2.0, -1.0, 0.0, 2.0, 1.0, -1.0, -1.0, 3.0, 2.0, -1.0, 2.0, 1.0, 0.0, 1.0, -1.0, 1.0, 0.0, 2.0, 2.0, 2.0, 2.0, 0.0, 0.0, 2.0, 3.0, 1.0, 1.0, 0.0, 3.0, 1.0, 1.0, 1.0, 3.0, 2.0, 0.0, 1.0, 3.0, 0.0, -1.0, 0.0, 96498.0, 606.0, 99433.0
1.0, -1.0, 1.0, 3.0, 0.0, 0.0, 3.0, 3.0, 0.0, 0.0, 2.0, -1.0, 0.0, 2.0, 1.0, -1.0, -1.0, 3.0, 2.0, -1.0, 2.0, 1.0, 0.0, 1.0, -1.0, 1.0, 0.0, 2.0, 2.0, 2.0, 2.0, 0.0, 0.0, 2.0, 3.0, 1.0, 1.0, 0.0, 3.0, 1.0, 1.0, 1.0, 3.0, 2.0, 0.0, 1.0, 3.0, 0.0, -1.0, 0.0, 96498.0, 606.0, 99433.0
-1.0, 3.0, 1.0, -1.0, 1.0, 0.0, 3.0, 1.0, 3.0, 0.0, 3.0, 2.0, 0.0, 2.0, 1.0, -1.0, 0.0, 1.0, 2.0, 2.0, 0.0, 2.0, 0.0, 2.0, 1.0, -1.0, 3.0, 2.0, 1.0, 1.0, -1.0, 2.0, 1.0, 2.0, 0.0, -1.0, 3.0, -1.0, 1.0, 1.0, 3.0, 0.0, 0.0, 2.0, 2.0, 2.0, 0.0, -1.0, -1.0, 3.0, 96901.0, 588.0, 99448.0
1.0, 0.0, 1.0, 2.0, -1.0, 2.0, 1.0, 0.0, -1.0, 1.0, 0.0, 2.0, -1.0, 0.0, -1.0, 0.0, -1.0, 2.0, 0.0, 1.0, 1.0, -1.0, -1.0, 0.0, 2.0, -1.0, 2.0, 2.0, 0.0, 1.0, 0.0, 3.0, 2.0, -1.0, 2.0, 2.0, 1.0, 1.0, -1.0, 1.0, 0.0, 1.0, 0.0, 2.0, 2.0, 1.0, 0.0, 3.0, 3.0, 0.0, 96529.0, 550.0, 99470.0
1.0, 0.0, 1.0, 2.0, -1.0, 2.0, 1.0, 0.0, -1.0, 1.0, 0.0, 2.0, -1.0, 0.0, -1.0, 0.0, -1.0, 2.0, 0.0, 1.0, 1.0, -1.0, -1.0, 0.0, 2.0, -1.0, 2.0, 2.0, 0.0, 1.0, 0.0, 3.0, 2.0, -1.0, 2.0, 2.0, 1.0, 1.0, -1.0, 1.0, 0.0, 1.0, 0.0, 2.0, 2.0, 1.0, 0.0, 3.0, 3.0, 0.0, 96529.0, 550.0, 99470.0
1.0, 0.0, 1.0, 2.0, -1.0, 2.0, 1.0, 0.0, -1.0, 1.0, 0.0, 2.0, -1.0, 0.0, -1.0, 0.0, -1.0, 2.0, 0.0, 1.0, 1.0, -1.0, -1.0, 0.0, 2.0, -1.0, 2.0, 2.0, 0.0, 1.0, 0.0, 3.0, 2.0, -1.0, 2.0, 2.0, 1.0, 1.0, -1.0, 1.0, 0.0, 1.0, 0.0, 2.0, 2.0, 1.0, 0.0, 3.0, 3.0, 0.0, 96529.0, 550.0, 99470.0
1.0, 0.0, 1.0, 2.0, -1.0, 2.0, 1.0, 0.0, -1.0, 1.0, 0.0, 2.0, -1.0, 0.0, -1.0, 0.0, -1.0, 2.0, 0.0, 1.0, 1.0, -1.0, -1.0, 0.0, 2.0, -1.0, 2.0, 2.0, 0.0, 1.0, 0.0, 3.0, 2.0, -1.0, 2.0, 2.0, 1.0, 1.0, -1.0, 1.0, 0.0, 1.0, 0.0, 2.0, 2.0, 1.0, 0.0, 3.0, 3.0, 0.0, 96529.0, 550.0, 99470.0
1.0, 0.0, 1.0, 2.0, -1.0, 2.0, 1.0, 0.0, -1.0, 1.0, 0.0, 2.0, -1.0, 0.0, -1.0, 0.0, -1.0, 2.0, 0.0, 1.0, 1.0, -1.0, -1.0, 0.0, 2.0, -1.0, 2.0, 2.0, 0.0, 1.0, 0.0, 3.0, 2.0, -1.0, 2.0, 2.0, 1.0, 1.0, -1.0, 1.0, 0.0, 1.0, 0.0, 2.0, 2.0, 1.0, 0.0, 3.0, 3.0, 0.0, 96529.0, 550.0, 99470.0
1.0, 0.0, 1.0, 2.0, -1.0, 2.0, 1.0, 0.0, -1.0, 1.0, 0.0, 2.0, -1.0, 0.0, -1.0, 0.0, -1.0, 2.0, 0.0, 1.0, 1.0, -1.0, -1.0, 0.0, 2.0, -1.0, 2.0, 2.0, 0.0, 1.0, 0.0, 3.0, 2.0, -1.0, 2.0, 2.0, 1.0, 1.0, -1.0, 1.0, 0.0, 1.0, 0.0, 2.0, 2.0, 1.0, 0.0, 3.0, 3.0, 0.0, 96529.0, 550.0, 99470.0
1.0, 0.0, 1.0, 2.0, -1.0, 2.0, 1.0, 0.0, -1.0, 1.0, 0.0, 2.0, -1.0, 0.0, -1.0, 0.0, -1.0, 2.0, 0.0, 1.0, 1.0, -1.0, -1.0, 0.0, 2.0, -1.0, 2.0, 2.0, 0.0, 1.0, 0.0, 3.0, 2.0, -1.0, 2.0, 2.0, 1.0, 1.0, -1.0, 1.0, 0.0, 1.0, 0.0, 2.0, 2.0, 1.0, 0.0, 3.0, 3.0, 0.0, 96529.0, 550.0, 99470.0
1.0, 0.0, 1.0, 2.0, -1.0, 2.0, 1.0, 0.0, -1.0, 1.0, 0.0, 2.0, -1.0, 0.0, -1.0, 0.0, -1.0, 2.0, 0.0, 1.0, 1.0, -1.0, -1.0, 0.0, 2.0, -1.0, 2.0, 2.0, 0.0, 1.0, 0.0, 3.0, 2.0, -1.0, 2.0, 2.0, 1.0, 1.0, -1.0, 1.0, 0.0, 1.0, 0.0, 2.0, 2.0, 1.0, 0.0, 3.0, 3.0, 0.0, 96529.0, 550.0, 99470.0
0.0, 0.0, 2.0, 1.0, 0.0, 3.0, 2.0, 1.0, 0.0, 1.0, -1.0, 1.0, 1.0, 3.0, 2.0, 3.0, 2.0, -1.0, 0.0, 0.0, 3.0, 0.0, 1.0, -1.0, 2.0, 1.0, 3.0, 3.0, 0.0, 0.0, 1.0, -1.0, 2.0, 0.0, 1.0, -1.0, 2.0, 0.0, 3.0, 1.0, -1.0, -1.0, -1.0, 1.0, 2.0, 1.0, 0.0, 0.0, 0.0, -1.0, 96454.0, 582.0, 99456.0
3.0, 2.0, 2.0, 0.0, 1.0, 0.0, 1.0, 2.0, -1.0, 2.0, 0.0, 2.0, 2.0, 0.0, 1.0, 1.0, 2.0, 1.0, 3.0, 3.0, 0.0, 1.0, 0.0, 1.0, -1.0, 1.0, 0.0, 1.0, 3.0, 3.0, 0.0, 1.0, 0.0, 0.0, 0.0, 0.0, 1.0, 2.0, 1.0, 2.0, -1.0, -1.0, 2.0, 1.0, 0.0, 1.0, 3.0, 2.0, 3.0, -1.0, 96464.0, 630.0, 99419.0
2.0, 0.0, 0.0, 1.0, 1.0, 0.0, 2.0, 2.0, 0.0, 1.0, 2.0, 0.0, 0.0, 1.0, 1.0, 3.0, 3.0, 1.0, 2.0, -1.0, 0.0, 0.0, 2.0, -1.0, 2.0, 2.0, 3.0, 2.0, 1.0, -1.0, 0.0, 2.0, 2.0, 1.0, 0.0, 0.0, 1.0, 0.0, 1.0, -1.0, 1.0, 3.0, 3.0, 2.0, 1.0, 1.0, 1.0, 2.0, -1.0, 0.0, 96185.0, 653.0, 99406.0
-1.0, 1.0, -1.0, 0.0, 1.0, 2.0, 2.0, 3.0, -1.0, -1.0, 3.0, 0.0, 1.0, 1.0, 0.0, 1.0, -1.0, 2.0, -1.0, 2.0, 1.0, 2.0, 1.0, -1.0, -1.0, 3.0, -1.0, 3.0, 3.0, -1.0, -1.0, 3.0, -1.0, 3.0, 0.0, -1.0, 1.0, 2.0, 3.0, 2.0, 2.0, -1.0, 0.0, 2.0, 2.0, 1.0, 0.0, 2.0, 2.0, 0.0, 97295.0, 502.0, 99528.0
-1.0, 1.0, -1.0, 0.0, 1.0, 2.0, 2.0, 3.0, -1.0, -1.0, 3.0, 0.0, 1.0, 1.0, 0.0, 1.0, -1.0, 2.0, -1.0, 2.0, 1.0, 2.0, 1.0, -1.0, -1.0, 3.0, -1.0, 3.0, 3.0, -1.0, -1.0, 3.0, -1.0, 3.0, 0.0, -1.0, 1.0, 2.0, 3.0, 2.0, 2.0, -1.0, 0.0, 2.0, 2.0, 1.0, 0.0, 2.0, 2.0, 0.0, 97295.0, 502.0, 99528.0
-1.0, 1.0, -1.0, 0.0, 1.0, 2.0, 2.0, 3.0, -1.0, -1.0, 3.0, 0.0, 1.0, 1.0, 0.0, 1.0, -1.0, 2.0, -1.0, 2.0, 1.0, 2.0, 1.0, -1.0, -1.0, 3.0, -1.0, 3.0, 3.0, -1.0, -1.0, 3.0, -1.0, 3.0, 0.0, -1.0, 1.0, 2.0, 3.0, 2.0, 2.0, -1.0, 0.0, 2.0, 2.0, 1.0, 0.0, 2.0, 2.0, 0.0, 97295.0, 502.0, 99528.0
-1.0, 1.0, -1.0, 0.0, 1.0, 2.0, 2.0, 3.0, -1.0, -1.0, 3.0, 0.0, 1.0, 1.0, 0.0, 1.0, -1.0, 2.0, -1.0, 2.0, 1.0, 2.0, 1.0, -1.0, -1.0, 3.0, -1.0, 3.0, 3.0, -1.0, -1.0, 3.0, -1.0, 3.0, 0.0, -1.0, 1.0, 2.0, 3.0, 2.0, 2.0, -1.0, 0.0, 2.0, 2.0, 1.0, 0.0, 2.0, 2.0, 0.0, 97295.0, 502.0, 99528.0
-1.0, 1.0, -1.0, 0.0, 1.0, 2.0, 2.0, 3.0, -1.0, -1.0, 3.0, 0.0, 1.0, 1.0, 0.0, 1.0, -1.0, 2.0, -1.0, 2.0, 1.0, 2.0, 1.0, -1.0, -1.0, 3.0, -1.0, 3.0, 3.0, -1.0, -1.0, 3.0, -1.0, 3.0, 0.0, -1.0, 1.0, 2.0, 3.0, 2.0, 2.0, -1.0, 0.0, 2.0, 2.0, 1.0, 0.0, 2.0, 2.0, 0.0, 97295.0, 502.0, 99528.0
-1.0, 1.0, -1.0, 0.0, 1.0, 2.0, 2.0, 3.0, -1.0, -1.0, 3.0, 0.0, 1.0, 1.0, 0.0, 1.0, -1.0, 2.0, -1.0, 2.0, 1.0, 2.0, 1.0, -1.0, -1.0, 3.0, -1.0, 3.0, 3.0, -1.0, -1.0, 3.0, -1.0, 3.0, 0.0, -1.0, 1.0, 2.0, 3.0, 2.0, 2.0, -1.0, 0.0, 2.0, 2.0, 1.0, 0.0, 2.0, 2.0, 0.0, 97295.0, 502.0, 99528.0
-1.0, 1.0, -1.0, 0.0, 1.0, 2.0, 2.0, 3.0, -1.0, -1.0, 3.0, 0.0, 1.0, 1.0, 0.0, 1.0, -1.0, 2.0, -1.0, 2.0, 1.0, 2.0, 1.0, -1.0, -1.0, 3.0, -1.0, 3.0, 3.0, -1.0, -1.0, 3.0, -1.0, 3.0, 0.0, -1.0, 1.0, 2.0, 3.0, 2.0, 2.0, -1.0, 0.0, 2.0, 2.0, 1.0, 0.0, 2.0, 2.0, 0.0, 97295.0, 502.0, 99528.0
-1.0, 1.0, -1.0, 0.0, 1.0, 2.0, 2.0, 3.0, -1.0, -1.0, 3.0, 0.0, 1.0, 1.0, 0.0, 1.0, -1.0, 2.0, -1.0, 2.0, 1.0, 2.0, 1.0, -1.0, -1.0, 3.0, -1.0, 3.0, 3.0, -1.0, -1.0, 3.0, -1.0, 3.0, 0.0, -1.0, 1.0, 2.0, 3.0, 2.0, 2.0, -1.0, 0.0, 2.0, 2.0, 1.0, 0.0, 2.0, 2.0, 0.0, 97295.0, 502.0, 99528.0
1.0, -1.0, 1.0, 0.0, 3.0, 1.0, 1.0, 2.0, 0.0, 0.0, 0.0, 0.0, 2.0, 0.0, 0.0, 3.0, 1.0, 2.0, 1.0, 1.0, 3.0, 3.0, 0.0, 0.0, 3.0, 0.0, 2.0, 0.0, 2.0, -1.0, -1.0, 1.0, -1.0, 3.0, 1.0, -1.0, 1.0, 2.0, -1.0, -1.0, 0.0, 1.0, 2.0, -1.0, 2.0, 3.0, 1.0, 0.0, 3.0, 2.0, 96605.0, 599.0, 99443.0
2.0, 0.0, 1.0, -1.0, 2.0, 1.0, 3.0, -1.0, -1.0, 0.0, 0.0, -1.0, 0.0, 1.0, 0.0, 2.0, 1.0, 0.0, 0.0, -1.0, 2.0, 1.0, 2.0, 1.0, -1.0, 3.0, -1.0, 2.0, 1.0, 0.0, 1.0, 3.0, 2.0, 0.0, 1.0, 0.0, -1.0, 0.0, 3.0, -1.0, 3.0, -1.0, 2.0, -1.0, 2.0, 2.0, 0.0, -1.0, 2.0, 1.0, 96925.0, 528.0, 99507.0
1.0, 0.0, 0.0, 0.0, 0.0, 0.0, 0.0, 2.0, 1.0, 1.0, 1.0, -1.0, -1.0, 2.0, 1.0, -1.0, 3.0, 0.0, 1.0, 3.0, 3.0, 0.0, 2.0, 3.0, 0.0, -1.0, 3.0, 3.0, 2.0, -1.0, 1.0, 2.0, 1.0, 0.0, 2.0, 1.0, 3.0, 1.0, 2.0, -1.0, 0.0, 2.0, 1.0, 1.0, 3.0, -1.0, 0.0, 2.0, 2.0, 2.0, 96556.0, 616.0, 99431.0
2.0, 1.0, 2.0, 1.0, 0.0, 0.0, 2.0, 2.0, 0.0, 1.0, -1.0, 2.0, 3.0, 1.0, 2.0, -1.0, 0.0, -1.0, 2.0, 2.0, 0.0, 2.0, 1.0, 2.0, -1.0, 0.0, -1.0, 0.0, 2.0, 0.0, 3.0, 3.0, -1.0, 0.0, 3.0, 3.0, 1.0, 1.0, 0.0, 2.0, -1.0, 2.0, -1.0, -1.0, 0.0, 2.0, 0.0, 3.0, 1.0, 0.0, 96507.0, 577.0, 99461.0
2.0, 1.0, 2.0, 1.0, 0.0, 0.0, 2.0, 2.0, 0.0, 1.0, -1.0, 2.0, 3.0, 1.0, 2.0, -1.0, 0.0, -1.0, 2.0, 2.0, 0.0, 2.0, 1.0, 2.0, -1.0, 0.0, -1.0, 0.0, 2.0, 0.0, 3.0, 3.0, -1.0, 0.0, 3.0, 3.0, 1.0, 1.0, 0.0, 2.0, -1.0, 2.0, -1.0, -1.0, 0.0, 2.0, 0.0, 3.0, 1.0, 0.0, 96507.0, 577.0, 99461.0
-1.0, 3.0, 2.0, 3.0, 1.0, 0.0, 3.0, 3.0, 2.0, 1.0, 0.0, 3.0, 1.0, 2.0, 0.0, 2.0, 2.0, -1.0, 1.0, 2.0, 2.0, 1.0, 3.0, 0.0, 0.0, 1.0, 1.0, 0.0, 0.0, 3.0, 0.0, 3.0, 3.0, 3.0, -1.0, -1.0, 0.0, 2.0, 1.0, 0.0, 2.0, -1.0, -1.0, 1.0, 2.0, -1.0, 3.0, 1.0, 2.0, 2.0, 96845.0, 610.0, 99431.0
1.0, -1.0, 0.0, 3.0, 2.0, 2.0, 3.0, 2.0, -1.0, 1.0, 3.0, 0.0, 3.0, 0.0, -1.0, 1.0, 3.0, 1.0, 0.0, 0.0, 3.0, -1.0, -1.0, 0.0, -1.0, 1.0, 0.0, 3.0, 2.0, 0.0, 1.0, 2.0, 0.0, 1.0, 1.0, 0.0, 2.0, 3.0, 2.0, 0.0, 1.0, -1.0, -1.0, 3.0, 1.0, 3.0, 0.0, -1.0, 0.0, 1.0, 96860.0, 561.0, 99454.0
1.0, -1.0, 0.0, 3.0, 2.0, 2.0, 3.0, 2.0, -1.0, 1.0, 3.0, 0.0, 3.0, 0.0, -1.0, 1.0, 3.0, 1.0, 0.0, 0.0, 3.0, -1.0, -1.0, 0.0, -1.0, 1.0, 0.0, 3.0, 2.0, 0.0, 1.0, 2.0, 0.0, 1.0, 1.0, 0.0, 2.0, 3.0, 2.0, 0.0, 1.0, -1.0, -1.0, 3.0, 1.0, 3.0, 0.0, -1.0, 0.0, 1.0, 96860.0, 561.0, 99454.0
1.0, -1.0, 0.0, 3.0, 2.0, 2.0, 3.0, 2.0, -1.0, 1.0, 3.0, 0.0, 3.0, 0.0, -1.0, 1.0, 3.0, 1.0, 0.0, 0.0, 3.0, -1.0, -1.0, 0.0, -1.0, 1.0, 0.0, 3.0, 2.0, 0.0, 1.0, 2.0, 0.0, 1.0, 1.0, 0.0, 2.0, 3.0, 2.0, 0.0, 1.0, -1.0, -1.0, 3.0, 1.0, 3.0, 0.0, -1.0, 0.0, 1.0, 96860.0, 561.0, 99454.0
1.0, -1.0, 0.0, 3.0, 2.0, 2.0, 3.0, 2.0, -1.0, 1.0, 3.0, 0.0, 3.0, 0.0, -1.0, 1.0, 3.0, 1.0, 0.0, 0.0, 3.0, -1.0, -1.0, 0.0, -1.0, 1.0, 0.0, 3.0, 2.0, 0.0, 1.0, 2.0, 0.0, 1.0, 1.0, 0.0, 2.0, 3.0, 2.0, 0.0, 1.0, -1.0, -1.0, 3.0, 1.0, 3.0, 0.0, -1.0, 0.0, 1.0, 96860.0, 561.0, 99454.0
1.0, -1.0, 0.0, 3.0, 2.0, 2.0, 3.0, 2.0, -1.0, 1.0, 3.0, 0.0, 3.0, 0.0, -1.0, 1.0, 3.0, 1.0, 0.0, 0.0, 3.0, -1.0, -1.0, 0.0, -1.0, 1.0, 0.0, 3.0, 2.0, 0.0, 1.0, 2.0, 0.0, 1.0, 1.0, 0.0, 2.0, 3.0, 2.0, 0.0, 1.0, -1.0, -1.0, 3.0, 1.0, 3.0, 0.0, -1.0, 0.0, 1.0, 96860.0, 561.0, 99454.0
1.0, -1.0, 0.0, 3.0, 2.0, 2.0, 3.0, 2.0, -1.0, 1.0, 3.0, 0.0, 3.0, 0.0, -1.0, 1.0, 3.0, 1.0, 0.0, 0.0, 3.0, -1.0, -1.0, 0.0, -1.0, 1.0, 0.0, 3.0, 2.0, 0.0, 1.0, 2.0, 0.0, 1.0, 1.0, 0.0, 2.0, 3.0, 2.0, 0.0, 1.0, -1.0, -1.0, 3.0, 1.0, 3.0, 0.0, -1.0, 0.0, 1.0, 96860.0, 561.0, 99454.0
1.0, -1.0, 0.0, 3.0, 2.0, 2.0, 3.0, 2.0, -1.0, 1.0, 3.0, 0.0, 3.0, 0.0, -1.0, 1.0, 3.0, 1.0, 0.0, 0.0, 3.0, -1.0, -1.0, 0.0, -1.0, 1.0, 0.0, 3.0, 2.0, 0.0, 1.0, 2.0, 0.0, 1.0, 1.0, 0.0, 2.0, 3.0, 2.0, 0.0, 1.0, -1.0, -1.0, 3.0, 1.0, 3.0, 0.0, -1.0, 0.0, 1.0, 96860.0, 561.0, 99454.0
1.0, -1.0, 0.0, 3.0, 2.0, 2.0, 3.0, 2.0, -1.0, 1.0, 3.0, 0.0, 3.0, 0.0, -1.0, 1.0, 3.0, 1.0, 0.0, 0.0, 3.0, -1.0, -1.0, 0.0, -1.0, 1.0, 0.0, 3.0, 2.0, 0.0, 1.0, 2.0, 0.0, 1.0, 1.0, 0.0, 2.0, 3.0, 2.0, 0.0, 1.0, -1.0, -1.0, 3.0, 1.0, 3.0, 0.0, -1.0, 0.0, 1.0, 96860.0, 561.0, 99454.0
0.0, 0.0, 1.0, 2.0, 3.0, -1.0, 0.0, 0.0, 1.0, 1.0, 1.0, -1.0, 3.0, 1.0, 0.0, 1.0, 2.0, 2.0, 1.0, 2.0, 2.0, 2.0, -1.0, 0.0, 0.0, 1.0, 0.0, 0.0, 0.0, 0.0, 0.0, 3.0, -1.0, 2.0, -1.0, 3.0, 1.0, 1.0, -1.0, 3.0, 3.0, 1.0, -1.0, 2.0, 1.0, 1.0, -1.0, 0.0, -1.0, 3.0, 96506.0, 578.0, 99455.0
0.0, 0.0, 1.0, 2.0, 3.0, -1.0, 0.0, 0.0, 1.0, 1.0, 1.0, -1.0, 3.0, 1.0, 0.0, 1.0, 2.0, 2.0, 1.0, 2.0, 2.0, 2.0, -1.0, 0.0, 0.0, 1.0, 0.0, 0.0, 0.0, 0.0, 0.0, 3.0, -1.0, 2.0, -1.0, 3.0, 1.0, 1.0, -1.0, 3.0, 3.0, 1.0, -1.0, 2.0, 1.0, 1.0, -1.0, 0.0, -1.0, 3.0, 96506.0, 578.0, 99455.0
2.0, 0.0, -1.0, 0.0, 1.0, 2.0, 1.0, 1.0, 2.0, 1.0, 1.0, 0.0, -1.0, 2.0, 2.0, 2.0, 3.0, 1.0, 2.0, 3.0, 0.0, -1.0, 1.0, 2.0, 0.0, 1.0, 0.0, 0.0, 0.0, 3.0, 2.0, -1.0, 3.0, 3.0, 0.0, -1.0, 3.0, 0.0, 0.0, -1.0, 2.0, 2.0, 2.0, 0.0, 1.0, 1.0, 3.0, -1.0, 1.0, -1.0, 96776.0, 587.0, 99451.0
2.0, 0.0, -1.0, 2.0, 2.0, 1.0, 3.0, -1.0, -1.0, 0.0, 0.0, -1.0, 0.0, 1.0, 0.0, 2.0, 1.0, 0.0, 0.0, -1.0, 2.0, 1.0, 2.0, 1.0, -1.0, 3.0, -1.0, 2.0, 1.0, 0.0, 1.0, 3.0, 2.0, 0.0, 1.0, 0.0, -1.0, 0.0, 3.0, -1.0, 3.0, -1.0, 2.0, -1.0, 2.0, 2.0, 0.0, -1.0, 2.0, 1.0, 96971.0, 524.0, 99516.0
3.0, 2.0, -1.0, 3.0, 2.0, 0.0, 0.0, 3.0, -1.0, 0.0, 0.0, 1.0, 1.0, 3.0, 0.0, -1.0, 3.0, 2.0, 3.0, 3.0, 0.0, 0.0, 3.0, 1.0, -1.0, 1.0, 1.0, -1.0, 1.0, 2.0, -1.0, 1.0, 0.0, -1.0, 1.0, 1.0, 2.0, -1.0, 0.0, 2.0, -1.0, -1.0, -1.0, 3.0, 2.0, 3.0, 2.0, 2.0, 0.0, -1.0, 97252.0, 528.0, 99515.0
2.0, 3.0, 3.0, 3.0, 3.0, 2.0, 2.0, -1.0, 0.0, 2.0, 3.0, 1.0, 0.0, 1.0, 2.0, 0.0, 3.0, 3.0, 2.0, 1.0, 1.0, 0.0, 1.0, 2.0, 0.0, 1.0, -1.0, 1.0, 3.0, 2.0, 1.0, 3.0, 2.0, 1.0, 0.0, -1.0, 1.0, 1.0, 1.0, 2.0, 0.0, 0.0, 0.0, 1.0, 2.0, 2.0, 0.0, 0.0, 3.0, 0.0, 96442.0, 660.0, 99395.0
1.0, 0.0, 0.0, 1.0, 1.0, 1.0, 0.0, 2.0, 2.0, 2.0, 0.0, -1.0, 0.0, 3.0, -1.0, 3.0, -1.0, 2.0, 0.0, 3.0, 0.0, 3.0, 2.0, 3.0, 0.0, 0.0, 1.0, -1.0, 3.0, 2.0, 2.0, 1.0, 2.0, -1.0, 2.0, 0.0, -1.0, 2.0, 1.0, -1.0, 2.0, -1.0, 0.0, -1.0, 0.0, 1.0, -1.0, 1.0, 2.0, 0.0, 96654.0, 559.0, 99492.0
2.0, 0.0, -1.0, 0.0, 1.0, 2.0, 1.0, 1.0, 2.0, 1.0, 2.0, 0.0, -1.0, 2.0, 2.0, 2.0, 3.0, 1.0, 2.0, 3.0, 0.0, -1.0, 1.0, 2.0, 0.0, 1.0, 0.0, 0.0, 0.0, 3.0, 2.0, -1.0, 3.0, 3.0, 0.0, -1.0, 3.0, 0.0, 0.0, -1.0, 2.0, 2.0, 2.0, 0.0, 1.0, 1.0, 3.0, -1.0, 1.0, -1.0, 96808.0, 587.0, 99451.0
3.0, 2.0, 2.0, 0.0, 2.0, 0.0, 1.0, 2.0, -1.0, 2.0, 0.0, 2.0, 2.0, 0.0, 1.0, 1.0, 2.0, 1.0, 3.0, 3.0, 0.0, 1.0, 0.0, 1.0, -1.0, 1.0, 0.0, 1.0, 3.0, 3.0, 0.0, 1.0, 0.0, 0.0, 0.0, 0.0, 1.0, 2.0, 1.0, 2.0, -1.0, -1.0, 2.0, 1.0, 0.0, 1.0, 3.0, 2.0, 3.0, -1.0, 96492.0, 630.0, 99419.0
