3.0, 2.0, 1.0, 1.0, 1.0, 2.0, 2.0, 2.0, -1.0, 3.0, 3.0, 0.0, 2.0, -1.0, 0.0, 0.0, 2.0, 3.0, -1.0, 0.0, 0.0, 3.0, 2.0, 2.0, 0.0, 2.0, 3.0, -1.0, 1.0, 1.0, -1.0, 3.0, 1.0, 1.0, 2.0, 3.0, 0.0, 3.0, -1.0, 0.0, 1.0, 0.0, 0.0, 1.0, 1.0, 2.0, 3.0, 0.0, 2.0, 1.0, 97714.0, 631, 99420.0
-1.0, -1.0, 2.0, 0.0, 2.0, 3.0, 3.0, 2.0, 2.0, 1.0, 3.0, 2.0, -1.0, 3.0, 3.0, 2.0, 0.0, 3.0, -1.0, 2.0, 2.0, -1.0, 3.0, 1.0, -1.0, 0.0, 2.0, 1.0, 0.0, 1.0, 0.0, 0.0, -1.0, 0.0, -1.0, 3.0, 2.0, 1.0, 0.0, 1.0, 0.0, 1.0, -1.0, 0.0, -1.0, 2.0, 3.0, 2.0, 0.0, 1.0, 98000.0, 569, 99481.0
1.0, -1.0, -1.0, 2.0, 1.0, 0.0, -1.0, 0.0, 0.0, -1.0, -1.0, 3.0, 2.0, 2.0, 2.0, 3.0, 1.0, 0.0, 0.0, -1.0, 2.0, 0.0, 1.0, 1.0, 1.0, 3.0, -1.0, 3.0, -1.0, 3.0, 1.0, 3.0, 3.0, 3.0, 1.0, 0.0, 1.0, 1.0, 0.0, -1.0, 0.0, 2.0, 2.0, 1.0, 0.0, -1.0, 2.0, 0.0, 2.0, 2.0, 97785.0, 586, 99457.0
-1.0, 0.0, 0.0, 2.0, 0.0, -1.0, 3.0, 2.0, 1.0, 2.0, -1.0, -1.0, -1.0, 2.0, 3.0, 3.0, 0.0, 0.0, 1.0, -1.0, 1.0, 3.0, 1.0, 1.0, 0.0, 0.0, 2.0, 1.0, 0.0, -1.0, 1.0, -1.0, 0.0, -1.0, -1.0, 3.0, 2.0, 2.0, -1.0, 1.0, 2.0, -1.0, 2.0, 3.0, -1.0, -1.0, 1.0, 0.0, -1.0, 2.0, 98105.0, 506, 99538.0
-1.0, 0.0, -1.0, 1.0, -1.0, 1.0, -1.0, 0.0, 1.0, -1.0, 1.0, 2.0, 2.0, 1.0, 2.0, 2.0, 3.0, 2.0, 2.0, 1.0, -1.0, -1.0, 1.0, -1.0, 0.0, 1.0, 0.0, 2.0, 1.0, 3.0, 2.0, 0.0, 0.0, 2.0, -1.0, 3.0, -1.0, 1.0, -1.0, 0.0, -1.0, 0.0, 2.0, 0.0, 0.0, 0.0, -1.0, 3.0, -1.0, 1.0, 97922.0, 523, 99518.0
2.0, -1.0, 1.0, 3.0, 0.0, 3.0, 2.0, 0.0, 2.0, 0.0, 1.0, -1.0, -1.0, -1.0, 2.0, 0.0, 2.0, 2.0, 2.0, -1.0, 1.0, 0.0, 3.0, 3.0, 0.0, 3.0, 2.0, -1.0, 0.0, 0.0, -1.0, 1.0, 3.0, 3.0, 2.0, 1.0, 3.0, 0.0, 3.0, 1.0, 1.0, 2.0, 0.0, 1.0, 1.0, 3.0, -1.0, -1.0, 1.0, 1.0, 97844.0, 598, 99451.0
1.0, -1.0, 0.0, 3.0, -1.0, -1.0, 0.0, 3.0, 1.0, 2.0, 1.0, 2.0, -1.0, 0.0, 3.0, 0.0, -1.0, -1.0, 1.0, 1.0, 0.0, 1.0, 1.0, 1.0, 2.0, 2.0, 1.0, -1.0, 2.0, 0.0, 2.0, 3.0, 0.0, 3.0, 3.0, 1.0, -1.0, 2.0, -1.0, 2.0, -1.0, -1.0, -1.0, 0.0, 2.0, -1.0, 0.0, 1.0, -1.0, 2.0, 98127.0, 524, 99541.0
-1.0, 2.93736052464, -0.0298386562004, 1.0, -1.0, 2.0, 0.0, 0.0, 1.983046219, -0.987436448159, -1.0, 0.996427423373, 1.0, -0.956992585562, -1.0, -1.0, -0.992147720812, 0.0, 2.0, 1.0, -0.984737474326, -0.984669800233, 0.0, 0.968860887679, 2.98234277516, 3.0, 3.0, 0.0, -0.00919843984498, 0.0448730398907, 3.0, 2.0, 3.0, 1.0, 3.0, -0.00672052852456, 1.0, 2.0, 3.0, -1.0, -1.0, 2.01313106923, 0.830647165506, 0.0, 2.04129263438, 2.0, 2.99641267856, 1.0, 0.0486380690052, 2.93667851215, 97990.0, 561, 99492.0
-1.0, 2.93736052464, -0.0298386562004, 1.0, -1.0, 2.0, 0.0, 0.0, 1.983046219, -0.987436448159, -1.0, 0.996427423373, 1.0, -0.956992585562, -1.0, -1.0, -0.992147720812, 0.0, 2.0, 1.0, -0.984737474326, -0.984669800233, 0.0, 0.968860887679, 2.98234277516, 3.0, 3.0, 0.0, -0.00919843984498, 0.0448730398907, 3.0, 2.0, 3.0, 1.0, 3.0, -0.00672052852456, 1.0, 2.0, 3.0, -1.0, -1.0, 2.01313106923, 0.830647165506, 0.0, 2.04129263438, 2.0, 2.99641267856, 1.0, 0.0486380690052, 2.93667851215, 97990.0, 561, 99492.0
-1.0, 2.93736052464, -0.0298386562004, 1.0, -1.0, 2.0, 0.0, 0.0, 1.983046219, -0.987436448159, -1.0, 0.996427423373, 1.0, -0.956992585562, -1.0, -1.0, -0.992147720812, 0.0, 2.0, 1.0, -0.984737474326, -0.984669800233, 0.0, 0.968860887679, 2.98234277516, 3.0, 3.0, 0.0, -0.00919843984498, 0.0448730398907, 3.0, 2.0, 3.0, 1.0, 3.0, -0.00672052852456, 1.0, 2.0, 3.0, -1.0, -1.0, 2.01313106923, 0.830647165506, 0.0, 2.04129263438, 2.0, 2.99641267856, 1.0, 0.0486380690052, 2.93667851215, 97990.0, 561, 99492.0
-1.0, 2.93736052464, -0.0298386562004, 1.0, -1.0, 2.0, 0.0, 0.0, 1.983046219, -0.987436448159, -1.0, 0.996427423373, 1.0, -0.956992585562, -1.0, -1.0, -0.992147720812, 0.0, 2.0, 1.0, -0.984737474326, -0.984669800233, 0.0, 0.968860887679, 2.98234277516, 3.0, 3.0, 0.0, -0.00919843984498, 0.0448730398907, 3.0, 2.0, 3.0, 1.0, 3.0, -0.00672052852456, 1.0, 2.0, 3.0, -1.0, -1.0, 2.01313106923, 0.830647165506, 0.0, 2.04129263438, 2.0, 2.99641267856, 1.0, 0.0486380690052, 2.93667851215, 97990.0, 561, 99492.0
-1.0, 2.93736052464, -0.0298386562004, 1.0, -1.0, 2.0, 0.0, 0.0, 1.983046219, -0.987436448159, -1.0, 0.996427423373, 1.0, -0.956992585562, -1.0, -1.0, -0.992147720812, 0.0, 2.0, 1.0, -0.984737474326, -0.984669800233, 0.0, 0.968860887679, 2.98234277516, 3.0, 3.0, 0.0, -0.00919843984498, 0.0448730398907, 3.0, 2.0, 3.0, 1.0, 3.0, -0.00672052852456, 1.0, 2.0, 3.0, -1.0, -1.0, 2.01313106923, 0.830647165506, 0.0, 2.04129263438, 2.0, 2.99641267856, 1.0, 0.0486380690052, 2.93667851215, 97990.0, 561, 99492.0
-1.0, 2.93736052464, -0.0298386562004, 1.0, -1.0, 2.0, 0.0, 0.0, 1.983046219, -0.987436448159, -1.0, 0.996427423373, 1.0, -0.956992585562, -1.0, -1.0, -0.992147720812, 0.0, 2.0, 1.0, -0.984737474326, -0.984669800233, 0.0, 0.968860887679, 2.98234277516, 3.0, 3.0, 0.0, -0.00919843984498, 0.0448730398907, 3.0, 2.0, 3.0, 1.0, 3.0, -0.00672052852456, 1.0, 2.0, 3.0, -1.0, -1.0, 2.01313106923, 0.830647165506, 0.0, 2.04129263438, 2.0, 2.99641267856, 1.0, 0.0486380690052, 2.93667851215, 97990.0, 561, 99492.0
-1.0, 2.93736052464, -0.0298386562004, 1.0, -1.0, 2.0, 0.0, 0.0, 1.983046219, -0.987436448159, -1.0, 0.996427423373, 1.0, -0.956992585562, -1.0, -1.0, -0.992147720812, 0.0, 2.0, 1.0, -0.984737474326, -0.984669800233, 0.0, 0.968860887679, 2.98234277516, 3.0, 3.0, 0.0, -0.00919843984498, 0.0448730398907, 3.0, 2.0, 3.0, 1.0, 3.0, -0.00672052852456, 1.0, 2.0, 3.0, -1.0, -1.0, 2.01313106923, 0.830647165506, 0.0, 2.04129263438, 2.0, 2.99641267856, 1.0, 0.0486380690052, 2.93667851215, 97990.0, 561, 99492.0
-1.0, 2.93736052464, -0.0298386562004, 1.0, -1.0, 2.0, 0.0, 0.0, 1.983046219, -0.987436448159, -1.0, 0.996427423373, 1.0, -0.956992585562, -1.0, -1.0, -0.992147720812, 0.0, 2.0, 1.0, -0.984737474326, -0.984669800233, 0.0, 0.968860887679, 2.98234277516, 3.0, 3.0, 0.0, -0.00919843984498, 0.0448730398907, 3.0, 2.0, 3.0, 1.0, 3.0, -0.00672052852456, 1.0, 2.0, 3.0, -1.0, -1.0, 2.01313106923, 0.830647165506, 0.0, 2.04129263438, 2.0, 2.99641267856, 1.0, 0.0486380690052, 2.93667851215, 97990.0, 561, 99492.0
-1.0, 2.93736052464, -0.0298386562004, 1.0, -1.0, 2.0, 0.0, 0.0, 1.983046219, -0.987436448159, -1.0, 0.996427423373, 1.0, -0.956992585562, -1.0, -1.0, -0.992147720812, 0.0, 2.0, 1.0, -0.984737474326, -0.984669800233, 0.0, 0.968860887679, 2.98234277516, 3.0, 3.0, 0.0, -0.00919843984498, 0.0448730398907, 3.0, 2.0, 3.0, 1.0, 3.0, -0.00672052852456, 1.0, 2.0, 3.0, -1.0, -1.0, 2.01313106923, 0.830647165506, 0.0, 2.04129263438, 2.0, 2.99641267856, 1.0, 0.0486380690052, 2.93667851215, 97990.0, 561, 99492.0
2.91726610201, -1.0, 2.98829523853, -1.0, 1.0, -0.96666165851, 0.0, 0.0, -1.0, -0.994487861264, -0.96981953957, 1.0, -0.966317892572, 2.98641249791, 0.0, -1.0, 3.0, 1.99805127992, 2.0, 1.01451693647, 0.0401226204748, 0.0, 1.02116895698, 0.938569828256, 1.0, 1.0, -0.012339564606, 0.891933937196, 2.0, 1.94851723398, 1.0, 1.00540966002, 1.00009143253, 1.99979268291, -0.944583105979, 0.0, -1.0, 2.99996301162, 0.0248512592848, 2.95046774107, -0.99662218572, 2.95989983173, 1.83488218058, 2.99655357413, -0.970412791746, 2.96083527635, 0.0, 0.0, 2.0, 2.00214324955, 98077.0, 551, 99507.0
2.91726610201, -1.0, 2.98829523853, -1.0, 1.0, -0.96666165851, 0.0, 0.0, -1.0, -0.994487861264, -0.96981953957, 1.0, -0.966317892572, 2.98641249791, 0.0, -1.0, 3.0, 1.99805127992, 2.0, 1.01451693647, 0.0401226204748, 0.0, 1.02116895698, 0.938569828256, 1.0, 1.0, -0.012339564606, 0.891933937196, 2.0, 1.94851723398, 1.0, 1.00540966002, 1.00009143253, 1.99979268291, -0.944583105979, 0.0, -1.0, 2.99996301162, 0.0248512592848, 2.95046774107, -0.99662218572, 2.95989983173, 1.83488218058, 2.99655357413, -0.970412791746, 2.96083527635, 0.0, 0.0, 2.0, 2.00214324955, 98077.0, 551, 99507.0
2.91726610201, -1.0, 2.98829523853, -1.0, 1.0, -0.96666165851, 0.0, 0.0, -1.0, -0.994487861264, -0.96981953957, 1.0, -0.966317892572, 2.98641249791, 0.0, -1.0, 3.0, 1.99805127992, 2.0, 1.01451693647, 0.0401226204748, 0.0, 1.02116895698, 0.938569828256, 1.0, 1.0, -0.012339564606, 0.891933937196, 2.0, 1.94851723398, 1.0, 1.00540966002, 1.00009143253, 1.99979268291, -0.944583105979, 0.0, -1.0, 2.99996301162, 0.0248512592848, 2.95046774107, -0.99662218572, 2.95989983173, 1.83488218058, 2.99655357413, -0.970412791746, 2.96083527635, 0.0, 0.0, 2.0, 2.00214324955, 98077.0, 551, 99507.0
2.91122562585, -1.0, 3.0, -0.956132885372, 1.0, -1.0, 0.0, 0.0, 0.909586010664, -0.0253321689882, 2.9959959435, 1.0, -0.994439946738, 2.98619923649, 0.0, 0.998152944841, 3.0, 1.96943218418, 2.04093332023, 0.0164758490917, 1.96143989443, 0.0, 0.971004275265, -0.0223290323597, 1.0, 1.0, 1.0, 1.0, 2.0, -0.954631426626, 0.945616323307, -0.993761783926, 0.0, 2.0023032724, -0.999560443089, -0.0286070554978, -1.0, 3.0, 1.00527046505, 3.0, 0.0, 0.00873411090385, 1.72008841822, 2.84888533685, -1.0, 2.99998054425, -0.986207163194, 0.0199048216048, 2.0, 2.0, 97819.0, 575, 99472.0
2.91122562585, -1.0, 3.0, -0.956132885372, 1.0, -1.0, 0.0, 0.0, 0.909586010664, -0.0253321689882, 2.9959959435, 1.0, -0.994439946738, 2.98619923649, 0.0, 0.998152944841, 3.0, 1.96943218418, 2.04093332023, 0.0164758490917, 1.96143989443, 0.0, 0.971004275265, -0.0223290323597, 1.0, 1.0, 1.0, 1.0, 2.0, -0.954631426626, 0.945616323307, -0.993761783926, 0.0, 2.0023032724, -0.999560443089, -0.0286070554978, -1.0, 3.0, 1.00527046505, 3.0, 0.0, 0.00873411090385, 1.72008841822, 2.84888533685, -1.0, 2.99998054425, -0.986207163194, 0.0199048216048, 2.0, 2.0, 97819.0, 575, 99472.0
2.91122562585, -1.0, 3.0, -0.956132885372, 1.0, -1.0, 0.0, 0.0, 0.909586010664, -0.0253321689882, 2.9959959435, 1.0, -0.994439946738, 2.98619923649, 0.0, 0.998152944841, 3.0, 1.96943218418, 2.04093332023, 0.0164758490917, 1.96143989443, 0.0, 0.971004275265, -0.0223290323597, 1.0, 1.0, 1.0, 1.0, 2.0, -0.954631426626, 0.945616323307, -0.993761783926, 0.0, 2.0023032724, -0.999560443089, -0.0286070554978, -1.0, 3.0, 1.00527046505, 3.0, 0.0, 0.00873411090385, 1.72008841822, 2.84888533685, -1.0, 2.99998054425, -0.986207163194, 0.0199048216048, 2.0, 2.0, 97819.0, 575, 99472.0
2.91122562585, -1.0, 3.0, -0.956132885372, 1.0, -1.0, 0.0, 0.0, 0.909586010664, -0.0253321689882, 2.9959959435, 1.0, -0.994439946738, 2.98619923649, 0.0, 0.998152944841, 3.0, 1.96943218418, 2.04093332023, 0.0164758490917, 1.96143989443, 0.0, 0.971004275265, -0.0223290323597, 1.0, 1.0, 1.0, 1.0, 2.0, -0.954631426626, 0.945616323307, -0.993761783926, 0.0, 2.0023032724, -0.999560443089, -0.0286070554978, -1.0, 3.0, 1.00527046505, 3.0, 0.0, 0.00873411090385, 1.72008841822, 2.84888533685, -1.0, 2.99998054425, -0.986207163194, 0.0199048216048, 2.0, 2.0, 97819.0, 575, 99472.0
2.91122562585, -1.0, 3.0, -0.956132885372, 1.0, -1.0, 0.0, 0.0, 0.909586010664, -0.0253321689882, 2.9959959435, 1.0, -0.994439946738, 2.98619923649, 0.0, 0.998152944841, 3.0, 1.96943218418, 2.04093332023, 0.0164758490917, 1.96143989443, 0.0, 0.971004275265, -0.0223290323597, 1.0, 1.0, 1.0, 1.0, 2.0, -0.954631426626, 0.945616323307, -0.993761783926, 0.0, 2.0023032724, -0.999560443089, -0.0286070554978, -1.0, 3.0, 1.00527046505, 3.0, 0.0, 0.00873411090385, 1.72008841822, 2.84888533685, -1.0, 2.99998054425, -0.986207163194, 0.0199048216048, 2.0, 2.0, 97819.0, 575, 99472.0
2.91122562585, -1.0, 3.0, -0.956132885372, 1.0, -1.0, 0.0, 0.0, 0.909586010664, -0.0253321689882, 2.9959959435, 1.0, -0.994439946738, 2.98619923649, 0.0, 0.998152944841, 3.0, 1.96943218418, 2.04093332023, 0.0164758490917, 1.96143989443, 0.0, 0.971004275265, -0.0223290323597, 1.0, 1.0, 1.0, 1.0, 2.0, -0.954631426626, 0.945616323307, -0.993761783926, 0.0, 2.0023032724, -0.999560443089, -0.0286070554978, -1.0, 3.0, 1.00527046505, 3.0, 0.0, 0.00873411090385, 1.72008841822, 2.84888533685, -1.0, 2.99998054425, -0.986207163194, 0.0199048216048, 2.0, 2.0, 97819.0, 575, 99472.0
2.91122562585, -1.0, 3.0, -0.956553015984, 1.0, -0.999903347455, 0.0, 0.0, 0.909586010664, -0.0253321689882, 2.79807554372, 1.0, -0.994439946738, 2.9864125942, 0.0, 0.998152944841, 3.0, 1.96908979785, 2.04093332023, 0.0164758490917, 1.97807446338, 0.0, 0.971004275265, -0.0223290323597, 1.0, 1.0, 1.0, 1.00046300238, 2.0, 1.72763065745, 0.945616323307, -0.993761783926, 0.00511542252971, 2.01270680064, -0.999218282311, 0.000852616174909, -1.0, 2.99818042767, 0.914096578201, 3.0, 0.0, 0.00873411090385, 1.9748882988, 2.84910081422, -1.0, 2.99935702651, -0.975907527627, -0.000772203992711, 2.0, 2.00071891209, 97795.0, 589, 99459.0
2.91122562585, -1.0, 3.0, -0.955795153863, 1.0, -0.9666705617, 0.0, 0.0, 0.886950500309, -0.0253248531227, 2.9959959435, 1.0, -0.994439946738, 2.98619923649, 0.0, 0.998152944841, 3.0, 1.96943218418, 2.0406994639, 0.0164758490917, 1.96143989443, 0.0, 0.971004275265, 0.927532298864, 1.0, 1.0, 1.0, 1.0, 2.0, -0.954631426626, 0.945857122297, -0.993761783926, 0.0, 2.0023032724, -0.999560443089, -0.0284300194903, -1.0, 3.0, 0.0109225251905, 3.0, 0.0, 0.00873411090385, 1.72008841822, 2.84888533685, -1.0, 2.99998054425, -0.986207163194, -0.000429359116072, 2.0, 2.0, 97831.0, 575, 99472.0
2.91122562585, -1.0, 3.0, -0.955795153863, 1.0, -0.9666705617, 0.0, 0.0, 0.886950500309, -0.0253248531227, 2.9959959435, 1.0, -0.994439946738, 2.98619923649, 0.0, 0.998152944841, 3.0, 1.96943218418, 2.0406994639, 0.0164758490917, 1.96143989443, 0.0, 0.971004275265, 0.927532298864, 1.0, 1.0, 1.0, 1.0, 2.0, -0.954631426626, 0.945857122297, -0.993761783926, 0.0, 2.0023032724, -0.999560443089, -0.0284300194903, -1.0, 3.0, 0.0109225251905, 3.0, 0.0, 0.00873411090385, 1.72008841822, 2.84888533685, -1.0, 2.99998054425, -0.986207163194, -0.000429359116072, 2.0, 2.0, 97831.0, 575, 99472.0
2.91122562585, -1.0, 3.0, -0.955795153863, 1.0, -0.9666705617, 0.0, 0.0, 0.886950500309, -0.0253248531227, 2.9959959435, 1.0, -0.994439946738, 2.98619923649, 0.0, 0.998152944841, 3.0, 1.96943218418, 2.0406994639, 0.0164758490917, 1.96143989443, 0.0, 0.971004275265, 0.927532298864, 1.0, 1.0, 1.0, 1.0, 2.0, -0.954631426626, 0.945857122297, -0.993761783926, 0.0, 2.0023032724, -0.999560443089, -0.0284300194903, -1.0, 3.0, 0.0109225251905, 3.0, 0.0, 0.00873411090385, 1.72008841822, 2.84888533685, -1.0, 2.99998054425, -0.986207163194, -0.000429359116072, 2.0, 2.0, 97831.0, 575, 99472.0
2.91122562585, -1.0, 3.0, -0.955795153863, 1.0, -0.9666705617, 0.0, 0.0, 0.886950500309, -0.0253248531227, 2.9959959435, 1.0, -0.994439946738, 2.98619923649, 0.0, 0.998152944841, 3.0, 1.96943218418, 2.0406994639, 0.0164758490917, 1.96143989443, 0.0, 0.971004275265, 0.927532298864, 1.0, 1.0, 1.0, 1.0, 2.0, -0.954631426626, 0.945857122297, -0.993761783926, 0.0, 2.0023032724, -0.999560443089, -0.0284300194903, -1.0, 3.0, 0.0109225251905, 3.0, 0.0, 0.00873411090385, 1.72008841822, 2.84888533685, -1.0, 2.99998054425, -0.986207163194, -0.000429359116072, 2.0, 2.0, 97831.0, 575, 99472.0
2.91122562585, -1.0, 3.0, -0.956553015984, 1.0, -0.999903347455, 0.0, 0.0, 0.909586010664, -0.0253321689882, 2.79807554372, 1.2549261481, -0.994439946738, 2.9864125942, 0.0, 0.998152944841, 3.0, 1.96908979785, 2.04093332023, 0.0164758490917, 1.97807446338, 0.0, 0.971004275265, -0.0223290323597, 1.0, 1.0, 1.0, 1.00046300238, 2.0, 1.72763065745, 0.945616323307, -0.993761783926, 0.00511542252971, 2.01270680064, -0.98431755781, 0.000852616174909, -1.0, 2.99818042767, 0.671813212172, 3.0, 0.0, 0.00873411090385, 1.9748882988, 2.84910081422, -1.0, 2.99935702651, -0.975907527627, -0.000772203992711, 2.0, 2.00071891209, 97795.0, 589, 99459.0
2.91122562585, -1.0, 3.0, -0.956553015984, 1.0, -0.999903347455, 0.0, 0.0, 0.909586010664, -0.0253321689882, 2.79807554372, 1.2549261481, -0.994439946738, 2.9864125942, 0.0, 0.998152944841, 3.0, 1.96908979785, 2.04093332023, 0.0164758490917, 1.97807446338, 0.0, 0.971004275265, -0.0223290323597, 1.0, 1.0, 1.0, 1.00046300238, 2.0, 1.72763065745, 0.945616323307, -0.993761783926, 0.00511542252971, 2.01270680064, -0.98431755781, 0.000852616174909, -1.0, 2.99818042767, 0.671813212172, 3.0, 0.0, 0.00873411090385, 1.9748882988, 2.84910081422, -1.0, 2.99935702651, -0.975907527627, -0.000772203992711, 2.0, 2.00071891209, 97795.0, 589, 99459.0
2.91122562585, -1.0, 3.0, -0.956553015984, 1.0, -0.999903347455, 0.0, 0.0, 0.909586010664, -0.0253321689882, 2.79807554372, 1.2549261481, -0.994439946738, 2.9864125942, 0.0, 0.998152944841, 3.0, 1.96908979785, 2.04093332023, 0.0164758490917, 1.97807446338, 0.0, 0.971004275265, -0.0223290323597, 1.0, 1.0, 1.0, 1.00046300238, 2.0, 1.72763065745, 0.945616323307, -0.993761783926, 0.00511542252971, 2.01270680064, -0.98431755781, 0.000852616174909, -1.0, 2.99818042767, 0.671813212172, 3.0, 0.0, 0.00873411090385, 1.9748882988, 2.84910081422, -1.0, 2.99935702651, -0.975907527627, -0.000772203992711, 2.0, 2.00071891209, 97795.0, 589, 99459.0
2.91122562585, -1.0, 3.0, -0.956553015984, 1.0, -0.999903347455, 0.0, 0.0, 0.909586010664, -0.0253321689882, 2.79807554372, 1.2549261481, -0.994439946738, 2.9864125942, 0.0, 0.998152944841, 3.0, 1.96908979785, 2.04093332023, 0.0164758490917, 1.97807446338, 0.0, 0.971004275265, -0.0223290323597, 1.0, 1.0, 1.0, 1.00046300238, 2.0, 1.72763065745, 0.945616323307, -0.993761783926, 0.00511542252971, 2.01270680064, -0.98431755781, 0.000852616174909, -1.0, 2.99818042767, 0.671813212172, 3.0, 0.0, 0.00873411090385, 1.9748882988, 2.84910081422, -1.0, 2.99935702651, -0.975907527627, -0.000772203992711, 2.0, 2.00071891209, 97795.0, 589, 99459.0
2.91122562585, -1.0, 3.0, -0.956553015984, 1.0, -0.999903347455, 0.0, 0.0, 0.909586010664, -0.0253321689882, 2.79807554372, 1.2549261481, -0.994439946738, 2.9864125942, 0.0, 0.998152944841, 3.0, 1.96908979785, 2.04093332023, 0.0164758490917, 1.97807446338, 0.0, 0.971004275265, -0.0223290323597, 1.0, 1.0, 1.0, 1.00046300238, 2.0, 1.72763065745, 0.945616323307, -0.993761783926, 0.00511542252971, 2.01270680064, -0.98431755781, 0.000852616174909, -1.0, 2.99818042767, 0.671813212172, 3.0, 0.0, 0.00873411090385, 1.9748882988, 2.84910081422, -1.0, 2.99935702651, -0.975907527627, -0.000772203992711, 2.0, 2.00071891209, 97795.0, 589, 99459.0
2.91122562585, -1.0, 3.0, -0.956553015984, 1.0, -0.999903347455, 0.0, 0.0, 0.909586010664, -0.0253321689882, 2.79807554372, 1.2549261481, -0.994439946738, 2.9864125942, 0.0, 0.998152944841, 3.0, 1.96908979785, 2.04093332023, 0.0164758490917, 1.97807446338, 0.0, 0.971004275265, -0.0223290323597, 1.0, 1.0, 1.0, 1.00046300238, 2.0, 1.72763065745, 0.945616323307, -0.993761783926, 0.00511542252971, 2.01270680064, -0.98431755781, 0.000852616174909, -1.0, 2.99818042767, 0.671813212172, 3.0, 0.0, 0.00873411090385, 1.9748882988, 2.84910081422, -1.0, 2.99935702651, -0.975907527627, -0.000772203992711, 2.0, 2.00071891209, 97795.0, 589, 99459.0
2.91122562585, -1.0, 3.0, -0.956553015984, 1.0, -0.999903347455, 0.0, 0.0, 0.909586010664, -0.0253321689882, 2.79807554372, 1.2549261481, -0.994439946738, 2.9864125942, 0.0, 0.998152944841, 3.0, 1.96908979785, 2.04093332023, 0.0164758490917, 1.97807446338, 0.0, 0.971004275265, -0.0223290323597, 1.0, 1.0, 1.0, 1.00046300238, 2.0, 1.72763065745, 0.945616323307, -0.993761783926, 0.00511542252971, 2.01270680064, -0.98431755781, 0.000852616174909, -1.0, 2.99818042767, 1.15863063629, 3.0, 0.0, 0.00873411090385, 1.9748882988, 2.84910081422, -1.0, 2.99935702651, -0.975907527627, -0.000772203992711, 2.0, 2.00071891209, 97795.0, 589, 99459.0
2.91122562585, -1.0, 3.0, -0.956553015984, 1.0, -0.999903347455, 0.0, 0.0, 0.909586010664, -0.0253321689882, 2.79807554372, 1.2549261481, -0.994439946738, 2.9864125942, 0.0, 0.998152944841, 3.0, 1.96908979785, 2.04093332023, 0.0164758490917, 1.97807446338, 0.0, 0.971004275265, -0.0223290323597, 1.0, 1.0, 1.0, 1.00046300238, 2.0, 1.72763065745, 0.945616323307, -0.993761783926, 0.00511542252971, 2.01270680064, -0.98431755781, 0.000852616174909, -1.0, 2.99818042767, 1.15863063629, 3.0, 0.0, 0.00873411090385, 1.9748882988, 2.84910081422, -1.0, 2.99935702651, -0.975907527627, -0.000772203992711, 2.0, 2.00071891209, 97795.0, 589, 99459.0
2.91122562585, -1.0, 3.0, -0.956553015984, 1.0, -0.999903347455, 0.0, 0.0, 0.909586010664, -0.0253321689882, 2.79807554372, 1.2549261481, -0.994439946738, 2.9864125942, 0.0, 0.998152944841, 3.0, 1.96908979785, 2.04093332023, 0.0164758490917, 1.97807446338, 0.0, 0.971004275265, -0.0223290323597, 1.0, 1.0, 1.0, 1.00046300238, 2.0, 1.72763065745, 0.945616323307, -0.993761783926, 0.00511542252971, 2.01270680064, -0.98431755781, 0.000852616174909, -1.0, 2.99818042767, 1.15863063629, 3.0, 0.0, 0.00873411090385, 1.9748882988, 2.84910081422, -1.0, 2.99935702651, -0.975907527627, -0.000772203992711, 2.0, 2.00071891209, 97795.0, 589, 99459.0
2.91122562585, -1.0, 3.0, -0.956553015984, 1.0, -0.999903347455, 0.0, 0.0, 0.909586010664, -0.0253321689882, 2.79807554372, 1.2549261481, -0.994439946738, 2.9864125942, 0.0, 0.998152944841, 3.0, 1.96908979785, 2.04093332023, 0.0164758490917, 1.97807446338, 0.0, 0.971004275265, -0.0223290323597, 1.0, 1.0, 1.0, 1.00046300238, 2.0, 1.72763065745, 0.945616323307, -0.993761783926, 0.00511542252971, 2.01270680064, -0.98431755781, 0.000852616174909, -1.0, 2.99818042767, 1.15863063629, 3.0, 0.0, 0.00873411090385, 1.9748882988, 2.84910081422, -1.0, 2.99935702651, -0.975907527627, -0.000772203992711, 2.0, 2.00071891209, 97795.0, 589, 99459.0
2.91122562585, -1.0, 3.0, -0.956553015984, 1.0, -0.999903347455, 0.0, 0.0, 0.909586010664, -0.0253321689882, 2.79807554372, 1.2549261481, -0.994439946738, 2.9864125942, 0.0, 0.998152944841, 3.0, 1.96908979785, 2.04093332023, 0.0164758490917, 1.97807446338, 0.0, 0.971004275265, -0.0223290323597, 1.0, 1.0, 1.0, 1.00046300238, 2.0, 1.72763065745, 0.945616323307, -0.993761783926, 0.00511542252971, 2.01270680064, -0.98431755781, 0.000852616174909, -1.0, 2.99818042767, 1.15863063629, 3.0, 0.0, 0.00873411090385, 1.9748882988, 2.84910081422, -1.0, 2.99935702651, -0.975907527627, -0.000772203992711, 2.0, 2.00071891209, 97795.0, 589, 99459.0
2.91122562585, -1.0, 3.0, -0.956553015984, 1.0, -0.680344954252, 0.0, 0.0, 0.668703747395, -0.0253265805579, 2.79807554372, 1.0, -0.994439946738, 2.9864125942, 0.0, 0.963949265713, 3.0, 1.96908979785, 2.03849867018, 0.0164758490917, 1.97807446338, 0.0, 0.971004275265, -0.0104873435359, 1.0, 1.0, 1.0, 1.00046300238, 2.0, 1.72891374747, 0.945616323307, 2.39528794928, 0.00511542252971, 2.01270680064, -0.999117125634, 0.000834812870824, -1.0, 2.99818042767, 0.914096578201, 3.0, 0.0, 2.99803833353, 1.9748882988, 2.84910081422, -1.0, 2.99935702651, 0.209791701476, -0.000779537063372, 2.0, 2.00071891209, 97753.0, 619, 99436.0
2.91122562585, -1.0, 3.0, -0.956553015984, 1.0, -0.680344954252, 0.0, 0.0, 0.668703747395, -0.0253265805579, 2.79807554372, 1.0, -0.994439946738, 2.9864125942, 0.0, 0.963949265713, 3.0, 1.96908979785, 2.03849867018, 0.0164758490917, 1.97807446338, 0.0, 0.971004275265, -0.0104873435359, 1.0, 1.0, 1.0, 1.00046300238, 2.0, 1.72891374747, 0.945616323307, 2.39528794928, 0.00511542252971, 2.01270680064, -0.999117125634, 0.000834812870824, -1.0, 2.99818042767, 0.914096578201, 3.0, 0.0, 2.99803833353, 1.9748882988, 2.84910081422, -1.0, 2.99935702651, 0.209791701476, -0.000779537063372, 2.0, 2.00071891209, 97753.0, 619, 99436.0
2.91122562585, -1.0, 3.0, -0.956553015984, 1.0, -0.680344954252, 0.0, 0.0, 0.668703747395, -0.0253265805579, 2.79807554372, 1.0, -0.994439946738, 2.9864125942, 0.0, 0.963949265713, 3.0, 1.96908979785, 2.03849867018, 0.0164758490917, 1.97807446338, 0.0, 0.971004275265, -0.0104873435359, 1.0, 1.0, 1.0, 1.00046300238, 2.0, 1.72891374747, 0.945616323307, 2.39528794928, 0.00511542252971, 2.01270680064, -0.999117125634, 0.000834812870824, -1.0, 2.99818042767, 0.914096578201, 3.0, 0.0, 2.99803833353, 1.9748882988, 2.84910081422, -1.0, 2.99935702651, 0.209791701476, -0.000779537063372, 2.0, 2.00071891209, 97753.0, 619, 99436.0
2.91122562585, -1.0, 3.0, -0.956553015984, 1.0, -0.680344954252, 0.0, 0.0, 0.668703747395, -0.0253265805579, 2.79807554372, 1.0, -0.994439946738, 2.9864125942, 0.0, 0.963949265713, 3.0, 1.96908979785, 2.03849867018, 0.0164758490917, 1.97807446338, 0.0, 0.971004275265, -0.0104873435359, 1.0, 1.0, 1.0, 1.00046300238, 2.0, 1.72891374747, 0.945616323307, 2.39528794928, 0.00511542252971, 2.01270680064, -0.999117125634, 0.000834812870824, -1.0, 2.99818042767, 0.914096578201, 3.0, 0.0, 2.99803833353, 1.9748882988, 2.84910081422, -1.0, 2.99935702651, 0.209791701476, -0.000779537063372, 2.0, 2.00071891209, 97753.0, 619, 99436.0
2.91122562585, -1.0, 3.0, -0.956553015984, 1.0, -0.680344954252, 0.0, 0.0, 0.668703747395, -0.0253265805579, 2.79807554372, 1.0, -0.994439946738, 2.9864125942, 0.0, 0.963949265713, 3.0, 1.96908979785, 2.03849867018, 0.0164758490917, 1.97807446338, 0.0, 0.971004275265, -0.0104873435359, 1.0, 1.0, 1.0, 1.00046300238, 2.0, 1.72891374747, 0.945616323307, 2.39528794928, 0.00511542252971, 2.01270680064, -0.999117125634, 0.000834812870824, -1.0, 2.99818042767, 0.914096578201, 3.0, 0.0, 2.99803833353, 1.9748882988, 2.84910081422, -1.0, 2.99935702651, 0.209791701476, -0.000779537063372, 2.0, 2.00071891209, 97753.0, 619, 99436.0
2.91122562585, -1.0, 3.0, -0.956553015984, 1.0, -0.999903347455, 0.0, 0.0, 0.909586010664, -0.0253321689882, 2.79807554372, 1.2549261481, -0.994439946738, 2.9864125942, 0.0, 0.998152944841, 3.0, 1.96908979785, 2.03841063317, 0.0164758490917, 1.97807446338, 0.0, 0.971004275265, -0.0112990402663, 1.0, 1.0, 0.985206872776, 1.00046300238, 2.0, 1.72763967948, 0.945616323307, -0.993761783926, 0.00511542252971, 2.01270680064, -0.999206215255, 0.000835072396449, -1.0, 2.99818042767, 1.15863063629, 3.0, 0.0, 0.00873411090385, 1.9748882988, 2.84910081422, -1.0, 2.99935702651, -0.975907527627, -0.000772121486475, 2.0, 2.00071891209, 97795.0, 589, 99459.0
2.91122562585, -1.0, 3.0, -0.956553015984, 1.0, -0.587052511416, 0.0, 0.0, 0.909586010664, -0.0253321689882, 2.79807554372, 1.2549261481, -0.994439946738, 2.9864125942, 0.0, 0.963618356052, 3.0, 1.96908979785, 2.04093332023, 0.0164758490917, 1.97807446338, 0.0, 0.971004275265, -0.00938213492614, 1.0, 1.0, 1.0, 1.00046300238, 2.0, 1.7288670926, 0.945616323307, -0.993761783926, 0.00511542252971, 2.01270680064, -0.98431755781, 0.000851487249555, -1.0, 2.99818042767, 1.15863063629, 3.0, -0.156525472789, -0.148054588118, 1.9748882988, 2.84910081422, -1.0, 2.99935702651, -0.975907527627, -0.000772165026227, 2.0, 2.00071891209, 97795.0, 589, 99459.0
2.91122562585, -1.0, 3.0, -0.956553015984, 1.0, -0.587052511416, 0.0, 0.0, 0.909586010664, -0.0253321689882, 2.79807554372, 1.2549261481, -0.994439946738, 2.9864125942, 0.0, 0.963618356052, 3.0, 1.96908979785, 2.04093332023, 0.0164758490917, 1.97807446338, 0.0, 0.971004275265, -0.00938213492614, 1.0, 1.0, 1.0, 1.00046300238, 2.0, 1.7288670926, 0.945616323307, -0.993761783926, 0.00511542252971, 2.01270680064, -0.98431755781, 0.000851487249555, -1.0, 2.99818042767, 1.15863063629, 3.0, -0.156525472789, -0.148054588118, 1.9748882988, 2.84910081422, -1.0, 2.99935702651, -0.975907527627, -0.000772165026227, 2.0, 2.00071891209, 97795.0, 589, 99459.0
2.91122562585, -1.0, 3.0, -0.956553015984, 1.0, -0.587052511416, 0.0, 0.0, 0.909586010664, -0.0253321689882, 2.79807554372, 1.2549261481, -0.994439946738, 2.9864125942, 0.0, 0.963618356052, 3.0, 1.96908979785, 2.04093332023, 0.0164758490917, 1.97807446338, 0.0, 0.971004275265, -0.00938213492614, 1.0, 1.0, 1.0, 1.00046300238, 2.0, 1.7288670926, 0.945616323307, -0.993761783926, 0.00511542252971, 2.01270680064, -0.98431755781, 0.000851487249555, -1.0, 2.99818042767, 1.15863063629, 3.0, -0.156525472789, -0.148054588118, 1.9748882988, 2.84910081422, -1.0, 2.99935702651, -0.975907527627, -0.000772165026227, 2.0, 2.00071891209, 97795.0, 589, 99459.0
2.91122562585, -1.0, 3.0, -0.956553015984, 1.0, -0.587052511416, 0.0, 0.0, 0.909586010664, -0.0253321689882, 2.79807554372, 1.2549261481, -0.994439946738, 2.9864125942, 0.0, 0.963618356052, 3.0, 1.96908979785, 2.04093332023, 0.0164758490917, 1.97807446338, 0.0, 0.971004275265, -0.00938213492614, 1.0, 1.0, 1.0, 1.00046300238, 2.0, 1.7288670926, 0.945616323307, -0.993761783926, 0.00511542252971, 2.01270680064, -0.98431755781, 0.000851487249555, -1.0, 2.99818042767, 1.15863063629, 3.0, -0.156525472789, -0.148054588118, 1.9748882988, 2.84910081422, -1.0, 2.99935702651, -0.975907527627, -0.000772165026227, 2.0, 2.00071891209, 97795.0, 589, 99459.0
2.91122562585, -1.0, 3.0, -0.956553015984, 1.0, -0.587052511416, 0.0, 0.0, 0.909586010664, -0.0253321689882, 2.79807554372, 1.2549261481, -0.994439946738, 2.9864125942, 0.0, 0.963618356052, 3.0, 1.96908979785, 2.04093332023, 0.0164758490917, 1.97807446338, 0.0, 0.971004275265, -0.00938213492614, 1.0, 1.0, 1.0, 1.00046300238, 2.0, 1.7288670926, 0.945616323307, -0.993761783926, 0.00511542252971, 2.01270680064, -0.98431755781, 0.000851487249555, -1.0, 2.99818042767, 1.15863063629, 3.0, -0.156525472789, -0.148054588118, 1.9748882988, 2.84910081422, -1.0, 2.99935702651, -0.975907527627, -0.000772165026227, 2.0, 2.00071891209, 97795.0, 589, 99459.0
2.91122562585, -1.0, 3.0, -0.956553015984, 1.0, -0.999903347455, 0.0, 0.0, 0.909586010664, -0.0253321689882, 2.79121001076, 1.25303250221, -0.994439946738, 2.98640994213, 0.0, 0.97897842597, 3.0, 1.96908757754, 2.04093332023, 0.0164758490917, 1.96093736373, 0.0, 0.971004275265, -0.0223290323597, 1.0, 1.0, 1.0, 1.00046300238, 2.0, 1.72763065745, 0.945616323307, -0.993761783926, 0.00511542252971, 2.01270680064, -0.999588863712, -0.0284559992584, -1.0, 2.99819691347, 0.992695035453, 3.0, 0.0, 0.00873411090385, 1.96016560073, 2.84910514542, -1.0, 2.99935702651, -0.976093931727, 0.0202279846229, 2.0, 2.00000330069, 97795.0, 589, 99459.0
2.91122562585, -1.0, 3.0, -0.956553015984, 1.0, -0.998160890591, 0.0, 0.0, 0.900019445069, -0.0253266329451, 2.79807554372, 1.2549261481, -0.994439946738, 2.9864125942, 0.0, 0.998152944841, 3.0, 1.96908979785, 2.04087805191, 0.0164758490917, 1.97807446338, -0.0534244757686, 0.971004275265, -0.0104731009686, 1.0, 1.0, 1.0, 1.00046300238, 2.0, 1.72763065745, 0.945616323307, 2.42225153121, 0.00511542252971, 2.01270680064, -0.998936722743, 0.000852616174909, -1.0, 2.99818042767, 1.15863063629, 3.0, 0.0, 0.00873411090385, 1.9748882988, 2.84910081422, -1.0, 2.99935702651, -0.975907527627, -0.000772203992711, 2.0, 2.00071891209, 97761.0, 603, 99442.0
2.91122562585, -1.0, 3.0, -0.956553015984, 1.0, -0.998160890591, 0.0, 0.0, 0.900019445069, -0.0253266329451, 2.79807554372, 1.2549261481, -0.994439946738, 2.9864125942, 0.0, 0.998152944841, 3.0, 1.96908979785, 2.04087805191, 0.0164758490917, 1.97807446338, -0.0534244757686, 0.971004275265, -0.0104731009686, 1.0, 1.0, 1.0, 1.00046300238, 2.0, 1.72763065745, 0.945616323307, 2.42225153121, 0.00511542252971, 2.01270680064, -0.998936722743, 0.000852616174909, -1.0, 2.99818042767, 1.15863063629, 3.0, 0.0, 0.00873411090385, 1.9748882988, 2.84910081422, -1.0, 2.99935702651, -0.975907527627, -0.000772203992711, 2.0, 2.00071891209, 97761.0, 603, 99442.0
2.91122562585, -1.0, 3.0, -0.956553015984, 1.0, -0.998160890591, 0.0, 0.0, 0.900019445069, -0.0253266329451, 2.79807554372, 1.2549261481, -0.994439946738, 2.9864125942, 0.0, 0.998152944841, 3.0, 1.96908979785, 2.04087805191, 0.0164758490917, 1.97807446338, -0.0534244757686, 0.971004275265, -0.0104731009686, 1.0, 1.0, 1.0, 1.00046300238, 2.0, 1.72763065745, 0.945616323307, 2.42225153121, 0.00511542252971, 2.01270680064, -0.998936722743, 0.000852616174909, -1.0, 2.99818042767, 1.15863063629, 3.0, 0.0, 0.00873411090385, 1.9748882988, 2.84910081422, -1.0, 2.99935702651, -0.975907527627, -0.000772203992711, 2.0, 2.00071891209, 97761.0, 603, 99442.0
2.91122562585, -1.0, 3.0, -0.956553015984, 1.0, -0.998160890591, 0.0, 0.0, 0.900019445069, -0.0253266329451, 2.79807554372, 1.2549261481, -0.994439946738, 2.9864125942, 0.0, 0.998152944841, 3.0, 1.96908979785, 2.04087805191, 0.0164758490917, 1.97807446338, -0.0534244757686, 0.971004275265, -0.0104731009686, 1.0, 1.0, 1.0, 1.00046300238, 2.0, 1.72763065745, 0.945616323307, 2.42225153121, 0.00511542252971, 2.01270680064, -0.998936722743, 0.000852616174909, -1.0, 2.99818042767, 1.15863063629, 3.0, 0.0, 0.00873411090385, 1.9748882988, 2.84910081422, -1.0, 2.99935702651, -0.975907527627, -0.000772203992711, 2.0, 2.00071891209, 97761.0, 603, 99442.0
2.91122562585, -1.0, 3.0, -0.956553015984, 1.0, -0.998160890591, 0.0, 0.0, 0.900019445069, -0.0253266329451, 2.79807554372, 1.2549261481, -0.994439946738, 2.9864125942, 0.0, 0.998152944841, 3.0, 1.96908979785, 2.04087805191, 0.0164758490917, 1.97807446338, -0.0534244757686, 0.971004275265, -0.0104731009686, 1.0, 1.0, 1.0, 1.00046300238, 2.0, 1.72763065745, 0.945616323307, 2.42225153121, 0.00511542252971, 2.01270680064, -0.998936722743, 0.000852616174909, -1.0, 2.99818042767, 1.15863063629, 3.0, 0.0, 0.00873411090385, 1.9748882988, 2.84910081422, -1.0, 2.99935702651, -0.975907527627, -0.000772203992711, 2.0, 2.00071891209, 97761.0, 603, 99442.0
2.91122562585, -1.0, 3.0, -0.956553015984, 1.0, -0.998160890591, 0.0, 0.0, 0.900019445069, -0.0253266329451, 2.79807554372, 1.2549261481, -0.994439946738, 2.9864125942, 0.0, 0.998152944841, 3.0, 1.96908979785, 2.04087805191, 0.0164758490917, 1.97807446338, -0.0534244757686, 0.971004275265, -0.0104731009686, 1.0, 1.0, 1.0, 1.00046300238, 2.0, 1.72763065745, 0.945616323307, 2.42225153121, 0.00511542252971, 2.01270680064, -0.998936722743, 0.000852616174909, -1.0, 2.99818042767, 1.15863063629, 3.0, 0.0, 0.00873411090385, 1.9748882988, 2.84910081422, -1.0, 2.99935702651, -0.975907527627, -0.000772203992711, 2.0, 2.00071891209, 97761.0, 603, 99442.0
2.91122562585, -1.0, 3.0, -0.956553015984, 1.0, -0.998160890591, 0.0, 0.0, 0.900019445069, -0.0253266329451, 2.79807554372, 1.2549261481, -0.994439946738, 2.9864125942, 0.0, 0.998152944841, 3.0, 1.96908979785, 2.04087805191, 0.0164758490917, 1.97807446338, -0.0534244757686, 0.971004275265, -0.0104731009686, 1.0, 1.0, 1.0, 1.00046300238, 2.0, 1.72763065745, 0.945616323307, 2.42225153121, 0.00511542252971, 2.01270680064, -0.998936722743, 0.000852616174909, -1.0, 2.99818042767, 1.15863063629, 3.0, 0.0, 0.00873411090385, 1.9748882988, 2.84910081422, -1.0, 2.99935702651, -0.975907527627, -0.000772203992711, 2.0, 2.00071891209, 97761.0, 603, 99442.0
2.92259184697, -1.0, 3.0, -0.956553015984, 1.0, -0.998317246791, 0.0, 0.0, 0.900019445069, -0.0253266338954, 2.79807554372, 1.25153733271, -0.994439946738, 2.9864125942, 0.0, 0.998152944841, 3.0, 1.96908979785, 2.04087805191, 0.0164758490917, 1.97807446338, -0.0540424122549, 0.971004275265, -0.0104731009686, 1.0, 1.0, 1.0, 1.00046300238, 2.0, 1.72763065745, 0.945616323307, 2.54124441375, 0.00511542252971, 2.01270680064, -0.999456638266, 0.000852616174909, -1.0, 2.99818042767, 1.17584485799, 3.0, 0.0, 0.00873411090385, 1.9748882988, 2.84910081422, -1.0, 2.99935702651, -0.975907527627, -0.000772203992711, 2.0, 2.00071891209, 97773.0, 603, 99442.0
2.92259184697, -1.0, 3.0, -0.956553015984, 1.0, -0.998317246791, 0.0, 0.0, 0.900019445069, -0.0253266338954, 2.79807554372, 1.25153733271, -0.994439946738, 2.9864125942, 0.0, 0.998152944841, 3.0, 1.96908979785, 2.04087805191, 0.0164758490917, 1.97807446338, -0.0540424122549, 0.971004275265, -0.0104731009686, 1.0, 1.0, 1.0, 1.00046300238, 2.0, 1.72763065745, 0.945616323307, 2.54124441375, 0.00511542252971, 2.01270680064, -0.999456638266, 0.000852616174909, -1.0, 2.99818042767, 1.17584485799, 3.0, 0.0, 0.00873411090385, 1.9748882988, 2.84910081422, -1.0, 2.99935702651, -0.975907527627, -0.000772203992711, 2.0, 2.00071891209, 97773.0, 603, 99442.0
2.92259184697, -1.0, 3.0, -0.956553015984, 1.0, -0.998317246791, 0.0, 0.0, 0.900019445069, -0.0253266338954, 2.79807554372, 1.25153733271, -0.994439946738, 2.9864125942, 0.0, 0.998152944841, 3.0, 1.96908979785, 2.04087805191, 0.0164758490917, 1.97807446338, -0.0540424122549, 0.971004275265, -0.0104731009686, 1.0, 1.0, 1.0, 1.00046300238, 2.0, 1.72763065745, 0.945616323307, 2.54124441375, 0.00511542252971, 2.01270680064, -0.999456638266, 0.000852616174909, -1.0, 2.99818042767, 1.17584485799, 3.0, 0.0, 0.00873411090385, 1.9748882988, 2.84910081422, -1.0, 2.99935702651, -0.975907527627, -0.000772203992711, 2.0, 2.00071891209, 97773.0, 603, 99442.0
2.92259184697, -1.0, 3.0, -0.956553015984, 1.0, -0.998317246791, 0.0, 0.0, 0.900019445069, -0.0253266338954, 2.79807554372, 1.25153733271, -0.994439946738, 2.9864125942, 0.0, 0.998152944841, 3.0, 1.96908979785, 2.04087805191, 0.0164758490917, 1.97807446338, -0.0540424122549, 0.971004275265, -0.0104731009686, 1.0, 1.0, 1.0, 1.00046300238, 2.0, 1.72763065745, 0.945616323307, 2.54124441375, 0.00511542252971, 2.01270680064, -0.999456638266, 0.000852616174909, -1.0, 2.99818042767, 1.17584485799, 3.0, 0.0, 0.00873411090385, 1.9748882988, 2.84910081422, -1.0, 2.99935702651, -0.975907527627, -0.000772203992711, 2.0, 2.00071891209, 97773.0, 603, 99442.0
2.92259184697, -1.0, 3.0, -0.956553015984, 1.0, -0.998317246791, 0.0, 0.0, 0.900019445069, -0.0253266338954, 2.79807554372, 1.25153733271, -0.994439946738, 2.9864125942, 0.0, 0.998152944841, 3.0, 1.96908979785, 2.04087805191, 0.0164758490917, 1.97807446338, -0.0540424122549, 0.971004275265, -0.0104731009686, 1.0, 1.0, 1.0, 1.00046300238, 2.0, 1.72763065745, 0.945616323307, 2.54124441375, 0.00511542252971, 2.01270680064, -0.999456638266, 0.000852616174909, -1.0, 2.99818042767, 1.17584485799, 3.0, 0.0, 0.00873411090385, 1.9748882988, 2.84910081422, -1.0, 2.99935702651, -0.975907527627, -0.000772203992711, 2.0, 2.00071891209, 97773.0, 603, 99442.0
2.92259184697, -1.0, 3.0, -0.956553015984, 1.0, -0.998317246791, 0.0, 0.0, 0.900019445069, -0.0253266338954, 2.79807554372, 1.25153733271, -0.994439946738, 2.9864125942, 0.0, 0.998152944841, 3.0, 1.96908979785, 2.04087805191, 0.0164758490917, 1.97807446338, -0.0540424122549, 0.971004275265, -0.0104731009686, 1.0, 1.0, 1.0, 1.00046300238, 2.0, 1.72763065745, 0.945616323307, 2.54124441375, 0.00511542252971, 2.01270680064, -0.999456638266, 0.000852616174909, -1.0, 2.99818042767, 1.17584485799, 3.0, 0.0, 0.00873411090385, 1.9748882988, 2.84910081422, -1.0, 2.99935702651, -0.975907527627, -0.000772203992711, 2.0, 2.00071891209, 97773.0, 603, 99442.0
2.91134012446, -1.0, 3.0, -0.956553015984, 1.0, -0.999890189778, 0.0, 0.0, 0.900019445069, -0.0253267022064, 2.79807554372, 1.25135497579, -0.994439946738, 2.9864125942, 0.0, 0.998152944841, 3.0, 1.96908979785, 2.04087805191, 0.0164758490917, 1.97807446338, -0.0540424122549, 0.971004275265, -0.0104731009686, 1.0, 1.0, 1.0, 1.00046300238, 2.0, 1.72763065745, 0.945616323307, -0.961841600942, 0.00511542252971, 2.01270680064, -0.98521893931, 0.000852616174909, -1.0, 2.99818042767, 1.17584485799, 3.0, 0.0, 0.00873411090385, 1.9748882988, 2.84910081422, -1.0, 2.99935702651, -0.975907527627, -0.000772203992711, 2.0, 2.00071891209, 97795.0, 589, 99459.0
2.91134012446, -1.0, 3.0, -0.956553015984, 1.0, -0.999890189778, 0.0, 0.0, 0.900019445069, -0.0253267022064, 2.79807554372, 1.25135497579, -0.994439946738, 2.9864125942, 0.0, 0.998152944841, 3.0, 1.96908979785, 2.04087805191, 0.0164758490917, 1.97807446338, -0.0540424122549, 0.971004275265, -0.0104731009686, 1.0, 1.0, 1.0, 1.00046300238, 2.0, 1.72763065745, 0.945616323307, -0.961841600942, 0.00511542252971, 2.01270680064, -0.98521893931, 0.000852616174909, -1.0, 2.99818042767, 1.17584485799, 3.0, 0.0, 0.00873411090385, 1.9748882988, 2.84910081422, -1.0, 2.99935702651, -0.975907527627, -0.000772203992711, 2.0, 2.00071891209, 97795.0, 589, 99459.0
2.91134012446, -1.0, 3.0, -0.956553015984, 1.0, -0.999890189778, 0.0, 0.0, 0.900019445069, -0.0253267022064, 2.79807554372, 1.25135497579, -0.994439946738, 2.9864125942, 0.0, 0.998152944841, 3.0, 1.96908979785, 2.04087805191, 0.0164758490917, 1.97807446338, -0.0540424122549, 0.971004275265, -0.0104731009686, 1.0, 1.0, 1.0, 1.00046300238, 2.0, 1.72763065745, 0.945616323307, -0.961841600942, 0.00511542252971, 2.01270680064, -0.98521893931, 0.000852616174909, -1.0, 2.99818042767, 1.17584485799, 3.0, 0.0, 0.00873411090385, 1.9748882988, 2.84910081422, -1.0, 2.99935702651, -0.975907527627, -0.000772203992711, 2.0, 2.00071891209, 97795.0, 589, 99459.0
2.91134012446, -1.0, 3.0, -0.956553015984, 1.0, -0.999890189778, 0.0, 0.0, 0.900019445069, -0.0253267022064, 2.79807554372, 1.25135497579, -0.994439946738, 2.9864125942, 0.0, 0.998152944841, 3.0, 1.96908979785, 2.04087805191, 0.0164758490917, 1.97807446338, -0.0540424122549, 0.971004275265, -0.0104731009686, 1.0, 1.0, 1.0, 1.00046300238, 2.0, 1.72763065745, 0.945616323307, -0.961841600942, 0.00511542252971, 2.01270680064, -0.98521893931, 0.000852616174909, -1.0, 2.99818042767, 1.17584485799, 3.0, 0.0, 0.00873411090385, 1.9748882988, 2.84910081422, -1.0, 2.99935702651, -0.975907527627, -0.000772203992711, 2.0, 2.00071891209, 97795.0, 589, 99459.0
2.91122562585, -1.0, 3.0, -0.956553015984, 1.0, -0.999903347455, 0.0, 0.0, 0.909586010664, -0.0253321689882, 2.79807554372, 1.2549261481, -0.994439946738, 2.9864125942, 0.0, 0.998152944841, 3.0, 1.96908979785, 2.04093332023, 0.0164758490917, 1.97807446338, 0.0, 0.971004275265, -0.0223290323597, 1.0, 1.0, 1.0, 1.00046300238, 2.0, 1.72763065745, 0.945616323307, -0.993761783926, 0.00511542252971, 2.01270680064, -0.98431755781, 0.000852616174909, -1.0, 2.99818042767, 0.671813212172, 3.0, 0.0, 0.00873411090385, 1.9748882988, 2.84910081422, -1.0, 2.99935702651, -0.975907527627, -0.000772203992711, 2.0, 2.00071891209, 97795.0, 589, 99459.0
2.91122562585, -0.871283093204, 3.0, -0.956548277344, 1.0, -1.0, 0.0, 0.0, 0.909586010664, -0.0253321689882, 2.9959959435, 1.00284976609, -0.994439946738, 2.98619923649, 0.0, 0.998152944841, 3.0, 1.96943940333, 2.04093332023, 0.0164758490917, 1.97818586523, 0.0, 0.971004275265, -0.0223290323597, 1.0, 1.0, 1.0, 1.0, 2.0, -0.939807195923, 0.945616323307, -0.993761783926, 0.0, 2.0023032724, -0.984393129217, -0.0286070554978, -1.0, 3.0, 1.00686892994, 3.0, 0.0, 0.00873411090385, 1.72008841822, 2.84910044334, -1.0, 2.99932288799, -0.97512028338, 0.0199048216048, 2.0, 2.00000242046, 97819.0, 575, 99472.0
2.91122562585, -0.871283093204, 3.0, -0.956548277344, 1.0, -1.0, 0.0, 0.0, 0.909586010664, -0.0253321689882, 2.9959959435, 1.00284976609, -0.994439946738, 2.98619923649, 0.0, 0.998152944841, 3.0, 1.96943940333, 2.04093332023, 0.0164758490917, 1.97818586523, 0.0, 0.971004275265, -0.0223290323597, 1.0, 1.0, 1.0, 1.0, 2.0, -0.939807195923, 0.945616323307, -0.993761783926, 0.0, 2.0023032724, -0.984393129217, -0.0286070554978, -1.0, 3.0, 1.00686892994, 3.0, 0.0, 0.00873411090385, 1.72008841822, 2.84910044334, -1.0, 2.99932288799, -0.97512028338, 0.0199048216048, 2.0, 2.00000242046, 97819.0, 575, 99472.0
2.91122562585, -0.871283093204, 3.0, -0.956548277344, 1.0, -1.0, 0.0, 0.0, 0.909586010664, -0.0253321689882, 2.9959959435, 1.00284976609, -0.994439946738, 2.98619923649, 0.0, 0.998152944841, 3.0, 1.96943940333, 2.04093332023, 0.0164758490917, 1.97818586523, 0.0, 0.971004275265, -0.0223290323597, 1.0, 1.0, 1.0, 1.0, 2.0, -0.939807195923, 0.945616323307, -0.993761783926, 0.0, 2.0023032724, -0.984393129217, -0.0286070554978, -1.0, 3.0, 1.00686892994, 3.0, 0.0, 0.00873411090385, 1.72008841822, 2.84910044334, -1.0, 2.99932288799, -0.97512028338, 0.0199048216048, 2.0, 2.00000242046, 97819.0, 575, 99472.0
2.91122562585, -0.871283093204, 3.0, -0.956548277344, 1.0, -1.0, 0.0, 0.0, 0.909586010664, -0.0253321689882, 2.9959959435, 1.00284976609, -0.994439946738, 2.98619923649, 0.0, 0.998152944841, 3.0, 1.96943940333, 2.04093332023, 0.0164758490917, 1.97818586523, 0.0, 0.971004275265, -0.0223290323597, 1.0, 1.0, 1.0, 1.0, 2.0, -0.939807195923, 0.945616323307, -0.993761783926, 0.0, 2.0023032724, -0.984393129217, -0.0286070554978, -1.0, 3.0, 1.00686892994, 3.0, 0.0, 0.00873411090385, 1.72008841822, 2.84910044334, -1.0, 2.99932288799, -0.97512028338, 0.0199048216048, 2.0, 2.00000242046, 97819.0, 575, 99472.0
2.91122562585, -0.871283093204, 3.0, -0.956548277344, 1.0, -1.0, 0.0, 0.0, 0.909586010664, -0.0253321689882, 2.9959959435, 1.00284976609, -0.994439946738, 2.98619923649, 0.0, 0.998152944841, 3.0, 1.96943940333, 2.04093332023, 0.0164758490917, 1.97818586523, 0.0, 0.971004275265, -0.0223290323597, 1.0, 1.0, 1.0, 1.0, 2.0, -0.939807195923, 0.945616323307, -0.993761783926, 0.0, 2.0023032724, -0.984393129217, -0.0286070554978, -1.0, 3.0, 1.00686892994, 3.0, 0.0, 0.00873411090385, 1.72008841822, 2.84910044334, -1.0, 2.99932288799, -0.97512028338, 0.0199048216048, 2.0, 2.00000242046, 97819.0, 575, 99472.0
2.91122562585, -0.871283093204, 3.0, -0.956548277344, 1.0, -1.0, 0.0, 0.0, 0.909586010664, -0.0253321689882, 2.9959959435, 1.00284976609, -0.994439946738, 2.98619923649, 0.0, 0.998152944841, 3.0, 1.96943940333, 2.04093332023, 0.0164758490917, 1.97818586523, 0.0, 0.971004275265, -0.0223290323597, 1.0, 1.0, 1.0, 1.0, 2.0, -0.939807195923, 0.945616323307, -0.993761783926, 0.0, 2.0023032724, -0.984393129217, -0.0286070554978, -1.0, 3.0, 1.00686892994, 3.0, 0.0, 0.00873411090385, 1.72008841822, 2.84910044334, -1.0, 2.99932288799, -0.97512028338, 0.0199048216048, 2.0, 2.00000242046, 97819.0, 575, 99472.0
2.91122562585, -0.871283093204, 3.0, -0.956548277344, 1.0, -1.0, 0.0, 0.0, 0.909586010664, -0.0253321689882, 2.9959959435, 1.00284976609, -0.994439946738, 2.98619923649, 0.0, 0.998152944841, 3.0, 1.96943940333, 2.04093332023, 0.0164758490917, 1.97818586523, 0.0, 0.971004275265, -0.0223290323597, 1.0, 1.0, 1.0, 1.0, 2.0, -0.939807195923, 0.945616323307, -0.993761783926, 0.0, 2.0023032724, -0.984393129217, -0.0286070554978, -1.0, 3.0, 1.00686892994, 3.0, 0.0, 0.00873411090385, 1.72008841822, 2.84910044334, -1.0, 2.99932288799, -0.97512028338, 0.0199048216048, 2.0, 2.00000242046, 97819.0, 575, 99472.0
2.91122562585, -1.0, 3.0, -0.956553015984, 1.0, -0.995370343314, 0.0, 0.0, 0.670636891355, -0.0253265803709, 2.79807554372, 1.00164089004, -0.994439946738, 2.9864125942, 0.0, 0.964487782242, 3.0, 1.96908979785, 2.0385159629, 0.0164758490917, 1.97807446338, -0.05358607569, 0.971004275265, -0.0104723934497, 1.0, 1.0, 1.0, 1.00046300238, 2.0, 1.72893394768, 0.945616323307, 2.42225153121, 0.00511542252971, 2.01270680064, -0.792326012019, 0.00083378419403, -1.0, 2.99818042767, 1.16239955478, 3.0, 0.0, 2.96420265324, 1.9748882988, 2.84910081422, -1.0, 2.99935702651, 0.191558471567, -0.000772203992711, 2.0, 2.00071891209, 97753.0, 619, 99436.0
2.91122562585, -1.0, 3.0, -0.956553015984, 1.0, -0.995370343314, 0.0, 0.0, 0.670636891355, -0.0253265803709, 2.79807554372, 1.00164089004, -0.994439946738, 2.9864125942, 0.0, 0.964487782242, 3.0, 1.96908979785, 2.0385159629, 0.0164758490917, 1.97807446338, -0.05358607569, 0.971004275265, -0.0104723934497, 1.0, 1.0, 1.0, 1.00046300238, 2.0, 1.72893394768, 0.945616323307, 2.42225153121, 0.00511542252971, 2.01270680064, -0.792326012019, 0.00083378419403, -1.0, 2.99818042767, 1.16239955478, 3.0, 0.0, 2.96420265324, 1.9748882988, 2.84910081422, -1.0, 2.99935702651, 0.191558471567, -0.000772203992711, 2.0, 2.00071891209, 97753.0, 619, 99436.0
2.91066002052, -0.999654621066, 3.0, -0.956553015984, 1.0, -0.998317246791, 0.0, 0.0, 0.900019445069, -0.0253264027876, 2.79807554372, 1.00115466791, -0.994439946738, 2.98619279469, 0.0, 0.998152944841, 3.0, 1.96907270277, 2.04093163343, 0.0164758490917, 1.9781853008, -0.0540424122549, 0.971004275265, -0.010522370512, 1.0, 1.0, 1.0, 1.00044454758, 2.0, 1.72763065745, 0.945616323307, 2.38034854672, 0.0051144692686, 2.00217259446, -0.999903098076, 0.000852616174909, -1.0, 2.99818042767, 1.0089210224, 3.0, 0.0, 0.00873411090385, 1.98531261903, 2.84910080685, -1.0, 2.99935702651, -0.975141503136, -0.000772203992711, 2.0, 2.00001049613, 97761.0, 603, 99442.0
2.91066002052, -0.999654621066, 3.0, -0.956553015984, 1.0, -0.998317246791, 0.0, 0.0, 0.900019445069, -0.0253264027876, 2.79807554372, 1.00115466791, -0.994439946738, 2.98619279469, 0.0, 0.998152944841, 3.0, 1.96907270277, 2.04093163343, 0.0164758490917, 1.9781853008, -0.0540424122549, 0.971004275265, -0.010522370512, 1.0, 1.0, 1.0, 1.00044454758, 2.0, 1.72763065745, 0.945616323307, 2.38034854672, 0.0051144692686, 2.00217259446, -0.999903098076, 0.000852616174909, -1.0, 2.99818042767, 1.0089210224, 3.0, 0.0, 0.00873411090385, 1.98531261903, 2.84910080685, -1.0, 2.99935702651, -0.975141503136, -0.000772203992711, 2.0, 2.00001049613, 97761.0, 603, 99442.0
2.91066002052, -0.999654621066, 3.0, -0.956553015984, 1.0, -0.998317246791, 0.0, 0.0, 0.900019445069, -0.0253264027876, 2.79807554372, 1.00115466791, -0.994439946738, 2.98619279469, 0.0, 0.998152944841, 3.0, 1.96907270277, 2.04093163343, 0.0164758490917, 1.9781853008, -0.0540424122549, 0.971004275265, -0.010522370512, 1.0, 1.0, 1.0, 1.00044454758, 2.0, 1.72763065745, 0.945616323307, 2.38034854672, 0.0051144692686, 2.00217259446, -0.999903098076, 0.000852616174909, -1.0, 2.99818042767, 1.0089210224, 3.0, 0.0, 0.00873411090385, 1.98531261903, 2.84910080685, -1.0, 2.99935702651, -0.975141503136, -0.000772203992711, 2.0, 2.00001049613, 97761.0, 603, 99442.0
2.91066002052, -0.999654621066, 3.0, -0.956553015984, 1.0, -0.998317246791, 0.0, 0.0, 0.900019445069, -0.0253264027876, 2.79807554372, 1.00115466791, -0.994439946738, 2.98619279469, 0.0, 0.998152944841, 3.0, 1.96907270277, 2.04093163343, 0.0164758490917, 1.9781853008, -0.0540424122549, 0.971004275265, -0.010522370512, 1.0, 1.0, 1.0, 1.00044454758, 2.0, 1.72763065745, 0.945616323307, 2.38034854672, 0.0051144692686, 2.00217259446, -0.999903098076, 0.000852616174909, -1.0, 2.99818042767, 1.0089210224, 3.0, 0.0, 0.00873411090385, 1.98531261903, 2.84910080685, -1.0, 2.99935702651, -0.975141503136, -0.000772203992711, 2.0, 2.00001049613, 97761.0, 603, 99442.0
2.91066002052, -0.999654621066, 3.0, -0.956553015984, 1.0, -0.998317246791, 0.0, 0.0, 0.900019445069, -0.0253264027876, 2.79807554372, 1.00115466791, -0.994439946738, 2.98619279469, 0.0, 0.998152944841, 3.0, 1.96907270277, 2.04093163343, 0.0164758490917, 1.9781853008, -0.0540424122549, 0.971004275265, -0.010522370512, 1.0, 1.0, 1.0, 1.00044454758, 2.0, 1.72763065745, 0.945616323307, 2.38034854672, 0.0051144692686, 2.00217259446, -0.999903098076, 0.000852616174909, -1.0, 2.99818042767, 1.0089210224, 3.0, 0.0, 0.00873411090385, 1.98531261903, 2.84910080685, -1.0, 2.99935702651, -0.975141503136, -0.000772203992711, 2.0, 2.00001049613, 97761.0, 603, 99442.0
2.92259184697, -1.0, 3.0, -0.956553015984, 1.0, -0.998317246791, 0.0, 0.0, 0.909523718169, -0.0253266338954, 2.79807554372, 1.25525469726, -0.994439946738, 2.9864125942, 0.0, 0.998152944841, 3.0, 1.96908979785, 2.04093279731, 0.0164758490917, 1.97807446338, -0.0540424122549, 0.971004275265, -0.0104514807831, 1.0, 1.0, 0.997239768055, 1.00046300238, 2.0, 1.72763065745, 0.945616323307, 2.54124441375, 0.00511542252971, 2.01270680064, -0.983895922562, 0.000852616174909, -1.0, 2.99818042767, 1.17595311113, 3.0, 0.0, 0.00873411090385, 1.9748882988, 2.84910081422, -1.0, 2.99935702651, -0.975907527627, -0.000772203992711, 2.0, 2.00071891209, 97773.0, 603, 99442.0
-1.0, 0.093938527286, -0.0362212495538, 1.0, -1.0, 0.999676708474, 0.00223189677684, 0.0, 1.0, -1.0, 1.0, 2.0, 0.94300122145, 1.0, 2.0, -0.969652127539, 2.92554673434, 2.0, 2.0, 1.0, -1.0, -0.984657743209, 1.06658983967, -1.0, 0.0, 1.00458394362, 2.90006536614, 2.16784396684, 0.989108284062, 3.0, 2.0, 0.0, 2.95924873376, 0.999511087012, -1.0, 2.93987097569, -1.0, 2.00683416869, -0.975803810351, 0.0, -1.0, 0.0, 2.0, 0.0, 2.09701048335, 2.02881807063, 2.73416195598, 3.0, 0.0725396665882, 2.94332911023, 97993.0, 562, 99490.0
2.91122377491, -1.0, 3.0, -0.956553015984, 1.0, -0.998160890591, 0.0, 0.0, 0.900019445069, -0.0253266329451, 2.79807554372, 1.25134391845, -0.994439946738, 2.9864125942, 0.0, 0.998152944841, 3.0, 1.96908979785, 2.04087805191, 0.0164758490917, 1.97807446338, -0.0534254367403, 0.971004275265, -0.0104731009686, 1.0, 1.0, 1.0, 1.00046300238, 2.0, 1.72763065745, 0.945616323307, 2.42225153121, 0.00511542252971, 2.01270680064, -0.998792829483, 0.000852616174909, -1.0, 2.99818042767, 1.17759881679, 3.0, 0.0, 0.00873411090385, 1.9748882988, 2.84910081422, -1.0, 2.99935702651, -0.975907527627, -0.000772203992711, 2.0, 2.00071891209, 97761.0, 603, 99442.0
2.91122377491, -1.0, 3.0, -0.956553015984, 1.0, -0.998160890591, 0.0, 0.0, 0.900019445069, -0.0253266329451, 2.79807554372, 1.25134391845, -0.994439946738, 2.9864125942, 0.0, 0.998152944841, 3.0, 1.96908979785, 2.04087805191, 0.0164758490917, 1.97807446338, -0.0534254367403, 0.971004275265, -0.0104731009686, 1.0, 1.0, 1.0, 1.00046300238, 2.0, 1.72763065745, 0.945616323307, 2.42225153121, 0.00511542252971, 2.01270680064, -0.998792829483, 0.000852616174909, -1.0, 2.99818042767, 1.17759881679, 3.0, 0.0, 0.00873411090385, 1.9748882988, 2.84910081422, -1.0, 2.99935702651, -0.975907527627, -0.000772203992711, 2.0, 2.00071891209, 97761.0, 603, 99442.0
2.91122377491, -1.0, 3.0, -0.956553015984, 1.0, -0.998160890591, 0.0, 0.0, 0.900019445069, -0.0253266329451, 2.79807554372, 1.25134391845, -0.994439946738, 2.9864125942, 0.0, 0.998152944841, 3.0, 1.96908979785, 2.04087805191, 0.0164758490917, 1.97807446338, -0.0534254367403, 0.971004275265, -0.0104731009686, 1.0, 1.0, 1.0, 1.00046300238, 2.0, 1.72763065745, 0.945616323307, 2.42225153121, 0.00511542252971, 2.01270680064, -0.998792829483, 0.000852616174909, -1.0, 2.99818042767, 1.17759881679, 3.0, 0.0, 0.00873411090385, 1.9748882988, 2.84910081422, -1.0, 2.99935702651, -0.975907527627, -0.000772203992711, 2.0, 2.00071891209, 97761.0, 603, 99442.0
2.91122377491, -1.0, 3.0, -0.956553015984, 1.0, -0.998160890591, 0.0, 0.0, 0.900019445069, -0.0253266329451, 2.79807554372, 1.25134391845, -0.994439946738, 2.9864125942, 0.0, 0.998152944841, 3.0, 1.96908979785, 2.04087805191, 0.0164758490917, 1.97807446338, -0.0534254367403, 0.971004275265, -0.0104731009686, 1.0, 1.0, 1.0, 1.00046300238, 2.0, 1.72763065745, 0.945616323307, 2.42225153121, 0.00511542252971, 2.01270680064, -0.998792829483, 0.000852616174909, -1.0, 2.99818042767, 1.17759881679, 3.0, 0.0, 0.00873411090385, 1.9748882988, 2.84910081422, -1.0, 2.99935702651, -0.975907527627, -0.000772203992711, 2.0, 2.00071891209, 97761.0, 603, 99442.0
2.95883839874, -1.0, 3.0, -0.956553015984, 1.0, -0.999903347455, 0.0, 0.0, 1.00165932786, -0.0277599325554, 2.79807554372, 1.2549261481, 0.936629312204, 2.90309162931, -0.0155833649109, 0.998152944841, 2.92371895151, 1.96908979785, 2.042641147, 0.0164758490917, 1.97695171008, -0.998416403794, 0.971004275265, -0.0223290323597, 1.0, 1.00004961264, 2.93661877402, 1.00046300238, 0.993511144989, 1.72763065745, 2.01056744977, -0.0513353974451, 2.87921467547, 2.01270680064, -0.999981361137, -0.0261666166061, -1.0, 1.99886516376, 0.671813212172, -0.0058485934341, 0.0, 0.00873411090385, 1.9748882988, 2.90334273452, 2.62576979596, 2.99935702651, -0.975907527627, -0.000772203992711, 2.0, 2.00071891209, 97760.0, 622, 99435.0
2.95883839874, -1.0, 3.0, -0.956553015984, 1.0, -0.999903347455, 0.0, 0.0, 1.00165932786, -0.0277599325554, 2.79807554372, 1.2549261481, 0.936629312204, 2.90309162931, -0.0155833649109, 0.998152944841, 2.92371895151, 1.96908979785, 2.042641147, 0.0164758490917, 1.97695171008, -0.998416403794, 0.971004275265, -0.0223290323597, 1.0, 1.00004961264, 2.93661877402, 1.00046300238, 0.993511144989, 1.72763065745, 2.01056744977, -0.0513353974451, 2.87921467547, 2.01270680064, -0.999981361137, -0.0261666166061, -1.0, 1.99886516376, 0.671813212172, -0.0058485934341, 0.0, 0.00873411090385, 1.9748882988, 2.90334273452, 2.62576979596, 2.99935702651, -0.975907527627, -0.000772203992711, 2.0, 2.00071891209, 97760.0, 622, 99435.0
2.95883839874, -1.0, 3.0, -0.956553015984, 1.0, -0.999903347455, 0.0, 0.0, 1.00165932786, -0.0277599325554, 2.79807554372, 1.2549261481, 0.936629312204, 2.90309162931, -0.0155833649109, 0.998152944841, 2.92371895151, 1.96908979785, 2.042641147, 0.0164758490917, 1.97695171008, -0.998416403794, 0.971004275265, -0.0223290323597, 1.0, 1.00004961264, 2.93661877402, 1.00046300238, 0.993511144989, 1.72763065745, 2.01056744977, -0.0513353974451, 2.87921467547, 2.01270680064, -0.999981361137, -0.0261666166061, -1.0, 1.99886516376, 0.671813212172, -0.0058485934341, 0.0, 0.00873411090385, 1.9748882988, 2.90334273452, 2.62576979596, 2.99935702651, -0.975907527627, -0.000772203992711, 2.0, 2.00071891209, 97760.0, 622, 99435.0
2.95883839874, -1.0, 3.0, -0.956553015984, 1.0, -0.999903347455, 0.0, 0.0, 1.00165932786, -0.0277599325554, 2.79807554372, 1.2549261481, 0.936629312204, 2.90309162931, -0.0155833649109, 0.998152944841, 2.92371895151, 1.96908979785, 2.042641147, 0.0164758490917, 1.97695171008, -0.998416403794, 0.971004275265, -0.0223290323597, 1.0, 1.00004961264, 2.93661877402, 1.00046300238, 0.993511144989, 1.72763065745, 2.01056744977, -0.0513353974451, 2.87921467547, 2.01270680064, -0.999981361137, -0.0261666166061, -1.0, 1.99886516376, 0.671813212172, -0.0058485934341, 0.0, 0.00873411090385, 1.9748882988, 2.90334273452, 2.62576979596, 2.99935702651, -0.975907527627, -0.000772203992711, 2.0, 2.00071891209, 97760.0, 622, 99435.0
2.91122563788, -1.0, 3.0, -0.956553015984, 1.0, -0.998160890591, 0.0, 0.0, 0.900019445069, -0.0253266329451, 2.79807554372, 1.25171860604, -0.994439946738, 2.9864125942, 0.0, 0.998152944841, 3.0, 1.96908979785, 2.04087805191, 0.0164758490917, 1.97807446338, -0.055097592893, 0.971004275265, -0.0104731009686, 1.0, 1.0, 1.0, 1.00046300238, 2.0, 1.72763065745, 0.945616323307, 2.42225153121, 0.00511542252971, 2.01270680064, -0.998792829483, 0.000852616174909, -1.0, 2.99818042767, 1.17759881679, 3.0, 0.0, 0.00873411090385, 1.9748882988, 2.84910081422, -1.0, 2.99935702651, -0.975907527627, -0.000772203992711, 2.0, 2.00071891209, 97761.0, 603, 99442.0
2.91122562585, -0.871283093204, 3.0, -0.956541932021, 1.0, -1.0, 0.0, 0.0, 0.909586010664, -0.0253321689882, 2.9959959435, 1.00276308872, -0.994439946738, 2.98619923649, 0.0, 0.998152944841, 3.0, 1.96943940333, 2.04093332023, 0.0164758490917, 1.97818586523, 0.0, 0.971004275265, -0.0223290323597, 1.0, 1.0, 1.0, 1.0, 2.0, -0.939807195923, 0.945616323307, -0.993761783926, 0.0, 2.0023032724, -0.984393129217, -0.0286070554978, -1.0, 3.0, 1.00686892994, 3.0, 0.0, 0.00873411090385, 1.72008841822, 2.84888621106, -1.0, 2.99932288799, -0.98648781473, 0.0199048216048, 2.0, 2.00000242046, 97819.0, 575, 99472.0
2.91122562585, -0.871283093204, 3.0, -0.956541932021, 1.0, -1.0, 0.0, 0.0, 0.909586010664, -0.0253321689882, 2.9959959435, 1.00276308872, -0.994439946738, 2.98619923649, 0.0, 0.998152944841, 3.0, 1.96943940333, 2.04093332023, 0.0164758490917, 1.97818586523, 0.0, 0.971004275265, -0.0223290323597, 1.0, 1.0, 1.0, 1.0, 2.0, -0.939807195923, 0.945616323307, -0.993761783926, 0.0, 2.0023032724, -0.984393129217, -0.0286070554978, -1.0, 3.0, 1.00686892994, 3.0, 0.0, 0.00873411090385, 1.72008841822, 2.84888621106, -1.0, 2.99932288799, -0.98648781473, 0.0199048216048, 2.0, 2.00000242046, 97819.0, 575, 99472.0
2.91122562585, -0.871283093204, 3.0, -0.956541932021, 1.0, -1.0, 0.0, 0.0, 0.909586010664, -0.0253321689882, 2.9959959435, 1.00276308872, -0.994439946738, 2.98619923649, 0.0, 0.998152944841, 3.0, 1.96943940333, 2.04093332023, 0.0164758490917, 1.97818586523, 0.0, 0.971004275265, -0.0223290323597, 1.0, 1.0, 1.0, 1.0, 2.0, -0.939807195923, 0.945616323307, -0.993761783926, 0.0, 2.0023032724, -0.984393129217, -0.0286070554978, -1.0, 3.0, 1.00686892994, 3.0, 0.0, 0.00873411090385, 1.72008841822, 2.84888621106, -1.0, 2.99932288799, -0.98648781473, 0.0199048216048, 2.0, 2.00000242046, 97819.0, 575, 99472.0
2.91122562585, -0.871283093204, 3.0, -0.956541932021, 1.0, -1.0, 0.0, 0.0, 0.909586010664, -0.0253321689882, 2.9959959435, 1.00276308872, -0.994439946738, 2.98619923649, 0.0, 0.998152944841, 3.0, 1.96943940333, 2.04093332023, 0.0164758490917, 1.97818586523, 0.0, 0.971004275265, -0.0223290323597, 1.0, 1.0, 1.0, 1.0, 2.0, -0.939807195923, 0.945616323307, -0.993761783926, 0.0, 2.0023032724, -0.984393129217, -0.0286070554978, -1.0, 3.0, 1.00686892994, 3.0, 0.0, 0.00873411090385, 1.72008841822, 2.84888621106, -1.0, 2.99932288799, -0.98648781473, 0.0199048216048, 2.0, 2.00000242046, 97819.0, 575, 99472.0
