0.423051494333, 0.83045849452, 92.0568709956, 0.437621094774, 61.8269896726, 33.3876284296, 0.132644138838, 3.89185681265, 3.82273482344, 1754.02725164, 0.654146405046, 0.0
0.299713385831, 0.831369104223, 91.7618057722, 0.459703313893, 45.412375062, 4.0996840811, 0.623752753256, 3.40665915685, 9.85226260569, 2294.16766388, 0.0538315296791, 0.0
0.109703909413, 1.15700826995, 86.6499470137, 0.6826315072, 27.0551011581, 8.38363504452, 1.53866803443, 0.309723099393, 11.0259400842, 13823.4787581, 0.0361618143342, 0.0
0.778199449556, 0.820352962469, 89.1567226819, 0.644195241177, 77.1766584921, 6.44046241126, 0.295285411126, 2.62623102634, 10.0626384805, 1916.9317277, 0.141538521772, 0.0
0.432239787379, 1.03814775354, 88.92637381, 0.605950590168, 6.51130197583, 3.85674162019, 0.220016910843, 1.45220158395, 4.42103086291, 5029.54366026, 0.0454028170381, 0.0
0.378024727978, 1.00090906423, 82.7847376538, 0.423515639305, 12.4794470995, 1.44782147172, 0.259882075207, 4.13883050564, 4.82069147886, 3538.60961921, 0.0173203742396, 0.363636363636
0.109703909413, 0.820352962469, 85.9039371133, 0.6826315072, 77.1766584921, 2.04308693741, 0.295285411126, 0.0835839446382, 10.0626384805, 1689.96056297, 0.0371038802608, 0.588235294118
0.356189088393, 0.823218063264, 84.7303463793, 0.566621281573, 92.2217147465, 17.7152575074, 0.097470315543, 2.51660499756, 1.05291669695, 1882.76224447, 0.212191588892, 0.25
0.156234490193, 1.05216276441, 92.4253512852, 0.429902311047, 37.6910718687, 25.238786576, 0.841679148193, 1.4328644616, 5.16638849132, 4511.23602071, 0.0343157385955, 0.142857142857
0.776165166286, 0.824405626439, 85.3571019562, 0.502334695483, 50.8557984181, 48.8236940216, 0.326424771594, 1.78107606163, 12.7439388049, 1281.48703784, 0.799120826276, 0.0
0.571435393826, 1.13706092318, 83.5819469766, 0.475638594459, 91.6485691564, 1.18888578553, 1.61018112003, 1.22559732506, 18.1707685893, 13203.8169159, 0.0445080378414, 0.236363636364
0.571435393826, 1.13706092318, 83.5819469766, 0.475638594459, 91.6485691564, 1.18888578553, 1.61018112003, 1.22559732506, 19.6300874347, 11371.3517659, 0.0428025913797, 0.283582089552
0.636089059606, 1.00090906423, 84.2053028516, 0.699132256902, 72.7220112946, 1.44782147172, 1.01408430965, 4.13883050564, 4.82069147886, 7271.88273325, 0.0470401918011, 0.0384615384615
0.683706238358, 0.823218063264, 84.7303463793, 0.566621281573, 92.2217147465, 17.7152575074, 0.690786736703, 2.51660499756, 1.05291669695, 2266.48919152, 0.311310387392, 0.0769230769231
0.449246903153, 0.945521413085, 83.1601237165, 0.635875326892, 76.0848033858, 24.0648032683, 0.68733092129, 1.62245631728, 7.56960843409, 1964.83285388, 0.52279871249, 0.0
0.423051494333, 0.83045849452, 92.0568709956, 0.437621094774, 61.8269896726, 33.3876284296, 0.132644138838, 4.61720612972, 3.82273482344, 1939.4849101, 0.491757664528, 0.166666666667
0.540094261726, 0.891952664458, 81.3827566457, 0.581303806806, 27.666960594, 12.8452555262, 0.500121858331, 4.0745621116, 1.97067272788, 2122.53575416, 0.4501407588, 0.2
0.853423405105, 1.05083818737, 82.4105576549, 0.671307352102, 90.7325979085, 2.71380667987, 0.942807392695, 0.0615537614154, 18.5113427414, 4576.14798121, 0.0711585958636, 0.0
0.627145106362, 0.852277373186, 84.5060356784, 0.57538487104, 78.8608651197, 46.1739773532, 0.407408505378, 1.72275807205, 9.59901943608, 2148.92115917, 0.670980688984, 0.0
0.844771468658, 0.830106404892, 89.561301062, 0.668638779487, 81.617722598, 1.34446361796, 1.23106234244, 4.90978237526, 17.5539724879, 3806.71068816, 0.127179233966, 0.423728813559
0.15735835252, 0.903206303336, 80.9206838958, 0.453118134208, 71.0057864141, 9.62569794562, 1.95109544242, 3.44623092935, 2.62730491586, 3711.43894491, 0.120455322574, 0.525
0.184102209671, 0.913852001787, 80.6519192514, 0.506949598723, 59.2530682829, 22.0137640132, 0.898285339012, 2.37084911642, 7.50848381589, 2199.44978459, 0.275404401417, 0.416666666667
0.432239787379, 1.03814775354, 88.92637381, 0.533853998991, 6.51130197583, 3.85674162019, 0.220016910843, 1.29195085438, 1.17162497883, 4022.74588963, 0.10230808415, 0.655172413793
0.220722741539, 1.14409121759, 83.2030262953, 0.494709887807, 43.8212181819, 9.08954534586, 0.142856788992, 2.65549859594, 17.5833186047, 8960.73348025, 0.0617589287888, 0.0
0.184102209671, 0.86377148351, 80.6519192514, 0.47675568435, 59.2530682829, 10.6071273584, 0.393773125011, 2.83816079481, 7.50848381589, 2404.78218791, 0.176066403452, 0.521739130435
0.53632862077, 0.873742027361, 88.1711157293, 0.609996637978, 41.2812751915, 3.2176680206, 0.605115716506, 1.09061159852, 15.8805434383, 2398.03129903, 0.196308648952, 0.571428571429
0.619144936574, 0.820909481071, 86.2760731365, 0.454831639161, 6.00562445467, 5.24859248882, 1.30330878828, 0.755451595605, 9.3655919397, 3377.10808711, 0.147993103298, 0.0
0.664374869861, 0.892065426164, 89.8914050189, 0.573167184815, 91.2951684394, 5.97048627486, 0.287831842589, 4.81059611159, 6.10162393473, 2773.50543827, 0.152998172921, 0.0
0.789986235786, 0.837798115829, 90.3049145727, 0.597702129155, 63.3095643339, 35.7807204452, 0.948629878956, 1.92637555509, 15.7547405575, 2359.48515585, 0.328825320766, 0.0
0.218329051659, 1.04428709899, 83.3768635247, 0.694382200891, 68.3610544677, 4.07406977515, 0.0638422857219, 1.65504945727, 8.09183249432, 5656.20027769, 0.0706788372318, 0.333333333333
0.221405219405, 0.995906560831, 81.8161719074, 0.655445912093, 35.9232400909, 10.6071273584, 1.67993234627, 2.83816079481, 16.3172678414, 7218.23724552, 0.0766320318078, 0.0
0.218329051659, 1.04428709899, 83.3768635247, 0.694382200891, 68.3610544677, 4.07406977515, 0.0638422857219, 1.65504945727, 8.09183249432, 4932.28070042, 0.0861462918534, 0.423076923077
0.686218549228, 0.872752662239, 91.7918637484, 0.609987541662, 0.766696981007, 24.2307143627, 0.697681844954, 1.69767223658, 3.69805003086, 2461.27747798, 0.736726725517, 0.0
0.540094261726, 0.891952664458, 81.3827566457, 0.581303806806, 27.666960594, 12.8452555262, 0.500121858331, 4.0745621116, 1.97067272788, 2899.0732252, 0.26541222332, 0.181818181818
0.128520417321, 1.14892641791, 81.4666201236, 0.550800684541, 5.45842980989, 17.7454091698, 0.994638570899, 2.70308821667, 4.99761757064, 8555.11253433, 0.130417068547, 0.0
0.288892093225, 0.831369104223, 91.7493903994, 0.451171012882, 45.412375062, 26.4673095843, 0.623752753256, 3.40665915685, 9.85226260569, 2648.35049678, 0.35489131627, 0.142857142857
0.416944103769, 1.06315858863, 80.9248978768, 0.488445308903, 95.8440652896, 5.61954891818, 0.955953639989, 1.18013312347, 3.59593478448, 6345.80285396, 0.127388110702, 0.333333333333
0.789986235786, 0.853712256665, 81.4666201236, 0.597702129155, 63.3095643339, 35.7807204452, 0.994638570899, 2.70308821667, 15.7547405575, 2498.03344905, 0.486560096792, 0.235294117647
0.777506029406, 1.06640382088, 88.0965641873, 0.644874530085, 36.1960162376, 2.97226896554, 1.48872742075, 1.81397547783, 3.34262826571, 11161.7833333, 0.091611675492, 0.0357142857143
0.577534964158, 0.883917977484, 93.700359364, 0.653772264717, 87.572242113, 31.7715793632, 0.10097854445, 4.56407093608, 9.8966924076, 2859.75982179, 0.449277290859, 0.0
0.783316641762, 0.824730329593, 88.0301751936, 0.62675062027, 90.2348017723, 18.0552360552, 1.33837591539, 3.1722273412, 8.99249080424, 2998.44815188, 0.394932632292, 0.0
0.776165166286, 0.836954711973, 88.6896883686, 0.502334695483, 74.28865621, 48.8236940216, 0.326424771594, 1.78107606163, 12.7439388049, 2641.24315141, 0.439235172849, 0.333333333333
0.812006374146, 0.984417584024, 80.5959442409, 0.488735947593, 23.3699906975, 29.7995140332, 0.958820547459, 3.89185681265, 13.6443679686, 2725.80178066, 0.469963417051, 0.230769230769
0.619144936574, 0.820909481071, 86.2760731365, 0.454831639161, 6.00562445467, 5.24859248882, 1.30330878828, 0.755451595605, 9.3655919397, 3531.11032643, 0.161209874021, 0.0
0.177692485944, 1.2559471555, 80.3712070106, 0.638764370984, 42.2006557144, 18.7390109997, 0.497997625785, 4.77264415168, 9.58103591195, 15589.7926103, 0.107127882749, 0.0
0.217728999594, 0.95212109563, 80.7500556682, 0.653772264717, 87.572242113, 31.7715793632, 0.10097854445, 3.46398296287, 9.8966924076, 3093.17444208, 0.396427876249, 0.0
0.26104760778, 1.00844873203, 92.9432406802, 0.48844933957, 93.774819531, 14.0097509548, 0.87183650051, 4.04287327975, 1.96902103418, 2618.49089361, 0.363238629921, 0.6
0.156234490193, 1.05216276441, 92.4253512852, 0.429902311047, 37.6910718687, 25.238786576, 0.841679148193, 1.4328644616, 5.16638849132, 3228.22394143, 0.298836583864, 0.5
0.147593182774, 0.903206303336, 80.9206838958, 0.453118134208, 81.5411994198, 9.62569794562, 1.95109544242, 1.03930959458, 2.62730491586, 4184.41060164, 0.15716250894, 0.555555555556
0.798568045641, 0.938121610896, 93.9723095332, 0.689127599712, 27.8858451611, 11.2223004453, 0.715018473922, 1.30499154738, 2.47159210244, 4015.50889835, 0.184889695325, 0.285714285714
0.883794110578, 1.05137479261, 85.1155239982, 0.418776632172, 98.6492513469, 1.00427372392, 1.00270923574, 4.90978237526, 8.87146899426, 8715.53652366, 0.104024696938, 0.380434782609
0.603285736957, 0.966678227724, 80.3536357513, 0.474635496249, 64.5844044621, 26.3295377485, 0.374196991144, 4.14818149315, 14.54940446, 3361.47627119, 0.382771729353, 0.181818181818
0.299713385831, 1.16061213364, 87.0509835395, 0.646549776615, 64.5745918389, 4.0996840811, 1.68775525644, 2.43222215017, 12.0775331811, 14550.1462716, 0.10797649678, 0.228571428571
0.506586234549, 1.07422218234, 85.3571019562, 0.633559298029, 53.4775580222, 8.43596058147, 1.49105256703, 0.931920335357, 4.52821341404, 11006.8872229, 0.143549144887, 0.0
0.261384988662, 0.824730329593, 88.0301751936, 0.408905811198, 90.2348017723, 18.0552360552, 1.33837591539, 3.1722273412, 8.99249080424, 3122.96194167, 0.33231842214, 0.422535211268
0.53910591212, 0.852668453667, 87.9103310362, 0.44730987832, 42.3496112842, 26.4112846587, 1.35917799641, 1.78127915408, 2.87218698804, 3241.48735807, 0.422777544499, 0.178571428571
0.55909724046, 0.916225615355, 84.1554964125, 0.652607708015, 20.1729878671, 16.1258597041, 0.285520803104, 4.27642967106, 11.124562994, 4801.27467239, 0.225272661063, 0.0
0.269372918562, 1.04291885417, 87.4041550781, 0.479229155296, 99.7198020431, 12.5051977804, 0.507117676012, 2.60997084576, 13.9868761336, 6801.24057769, 0.147482326037, 0.461538461538
0.844771468658, 0.830106404892, 89.561301062, 0.684537722667, 97.8180939935, 42.0677076636, 1.23106234244, 3.03757016922, 17.5539724879, 3424.68215756, 0.477727166119, 0.0
0.147593182774, 0.90491229748, 93.5798656988, 0.69565130868, 81.5411994198, 10.4411432066, 1.2966501926, 1.03930959458, 4.58172810093, 6780.69296234, 0.145994493878, 0.625
0.782029138153, 0.883917977484, 93.700359364, 0.592490706805, 19.8548280886, 31.3829594814, 1.37594415686, 1.71487397129, 3.38238803025, 3446.843337, 0.504610726863, 0.0298507462687
0.328393048452, 0.985622254535, 94.9457785122, 0.561369010519, 17.8405984706, 9.08954534586, 0.226901070536, 1.60369922448, 4.9848184917, 4754.6328891, 0.169033649151, 0.290322580645
0.850225923917, 0.872752662239, 87.9730902307, 0.578679815779, 99.9105148655, 33.6030155994, 0.700811511365, 0.201616347878, 18.8403785384, 2839.90064879, 0.707998427358, 0.5
0.861237259184, 1.07399629432, 83.0486667292, 0.474360924173, 0.6337328389, 19.267824703, 0.45373123492, 3.01824304632, 6.12566163564, 4541.52148865, 0.408234589967, 0.0
0.603285736957, 0.966678227724, 80.3536357513, 0.474635496249, 64.5844044621, 26.3295377485, 0.374196991144, 4.14818149315, 14.54940446, 4147.62797978, 0.429187114195, 0.0
0.221405219405, 0.995906560831, 82.3997667381, 0.655445912093, 35.9232400909, 22.0137640132, 1.67993234627, 2.37084911642, 16.3172678414, 6519.55190379, 0.211542344574, 0.0
0.305127159755, 0.926818443424, 85.4264968564, 0.693689407899, 70.4229449236, 15.2018142294, 1.05323085457, 2.47942798729, 10.7079829556, 5327.2174915, 0.188675874517, 0.0196078431373
0.416944103769, 1.06315858863, 80.9248978768, 0.488445308903, 51.4497907754, 5.61954891818, 0.955953639989, 1.18013312347, 1.83437194654, 4891.92324462, 0.166620903824, 0.4
0.323146621357, 0.914002032604, 85.0025338617, 0.435290797686, 97.3613869189, 11.6426613651, 0.660699962303, 4.03688002504, 14.21224549, 3840.82343125, 0.295298464132, 0.461538461538
0.305127159755, 0.926818443424, 85.4264968564, 0.693689407899, 70.4229449236, 15.2018142294, 1.05323085457, 1.07400631728, 10.7079829556, 4519.30484139, 0.25861951653, 0.511111111111
0.55909724046, 0.916225615355, 84.1554964125, 0.652607708015, 20.1729878671, 16.1258597041, 0.285520803104, 4.27642967106, 11.124562994, 3307.11281078, 0.405657596392, 0.424242424242
0.683706238358, 1.00939045908, 81.7209447461, 0.592741433872, 41.4637861617, 45.5442716835, 0.690786736703, 2.93521594695, 3.58440700743, 3453.04206679, 0.496454024897, 0.166666666667
0.230937013539, 0.989565963999, 86.0774990822, 0.560036760205, 14.4218138632, 43.1670819533, 1.12350718171, 0.534986022426, 15.2777815219, 6171.52851187, 0.320475621078, 0.015625
0.798568045641, 0.938121610896, 93.9723095332, 0.689127599712, 27.8858451611, 24.585138434, 0.715018473922, 1.30499154738, 2.47159210244, 3897.88288012, 0.532454458568, 0.0526315789474
0.271501349168, 0.873742027361, 94.3035192892, 0.609996637978, 35.6312892009, 48.1878005655, 1.42091118837, 4.55596826761, 7.38013685997, 4315.3463171, 0.448661383005, 0.102040816327
0.437552510532, 0.896010159044, 84.0362409454, 0.558968696392, 51.4497907754, 47.9186351716, 0.996886744442, 1.930831013, 1.83437194654, 3110.81612984, 0.468716027709, 0.5
0.853423405105, 1.05083818737, 82.4105576549, 0.671307352102, 82.8622892108, 2.71380667987, 0.942807392695, 0.0615537614154, 18.5113427414, 5928.28582362, 0.207070996525, 0.1875
0.230937013539, 0.989565963999, 86.0774990822, 0.560036760205, 14.4218138632, 43.1670819533, 1.12350718171, 0.534986022426, 15.2777815219, 7102.21480327, 0.275209840968, 0.0
0.63408885864, 0.84433315489, 80.2720757226, 0.543810858962, 48.0000093393, 29.9308409376, 1.66411585111, 3.19179940405, 19.1730083396, 4530.13959751, 0.502125515106, 0.0909090909091
0.388294017827, 1.1484136951, 89.0622035116, 0.670802050984, 28.9158491679, 32.5841753036, 0.485220693527, 1.21121447665, 6.98704481582, 13099.6800564, 0.15976909836, 0.0
0.26104760778, 1.00844873203, 92.9432406802, 0.48844933957, 93.774819531, 14.0097509548, 0.87183650051, 4.04287327975, 1.96902103418, 5054.56152177, 0.226515167475, 0.1875
0.364729024388, 0.951539001874, 94.3481849021, 0.481172810386, 60.0917713061, 43.7764809013, 0.526089265944, 1.31843999687, 12.2117024479, 4045.54433172, 0.3871565329, 0.266666666667
0.719326519557, 0.879716149146, 86.6058046539, 0.489359846719, 1.66994426381, 28.4897764631, 1.3493801365, 2.85214328805, 7.24000862857, 4693.61747401, 0.475289546793, 0.0
0.119271406872, 0.852768283453, 81.572449911, 0.46023182355, 60.0050686524, 49.4210785758, 1.4736303916, 3.61371643971, 19.5909005999, 3791.82844103, 0.390951537278, 0.382608695652
0.15735835252, 0.90491229748, 93.5798656988, 0.69565130868, 71.0057864141, 10.4411432066, 1.2966501926, 3.44623092935, 4.58172810093, 4986.09283985, 0.196225303275, 0.461538461538
0.267404828787, 1.12763797585, 86.5048163701, 0.491239734746, 62.926945023, 18.2911309744, 0.00804725038431, 4.07135138639, 14.4517216187, 9639.50722599, 0.178945305559, 0.0
0.352418685253, 0.956238068061, 85.9492507336, 0.532469370036, 54.1686862607, 34.1141101945, 1.57688239266, 1.51616463111, 11.4576950556, 7015.13802573, 0.359688752474, 0.0
0.356189088393, 1.00939045908, 87.5512821313, 0.592741433872, 41.4637861617, 45.5442716835, 0.097470315543, 2.93521594695, 3.58440700743, 3833.65931737, 0.431369817778, 0.3
0.352418685253, 0.956238068061, 85.9492507336, 0.532469370036, 54.1686862607, 34.1141101945, 0.0783824349917, 1.51616463111, 1.48436385584, 3958.10192233, 0.377906299261, 0.666666666667
0.581802389496, 0.894791731624, 87.7977675881, 0.669844785859, 92.8893983686, 19.1794970179, 0.932382895485, 3.89205302089, 13.535168313, 3466.32261303, 0.452334796791, 0.5
0.738526695304, 1.21691974162, 88.1711157293, 0.541965461581, 41.2812751915, 3.2176680206, 0.605115716506, 1.09061159852, 15.8805434383, 12506.4853011, 0.146721853855, 0.64
0.220722741539, 1.14409121759, 83.2030262953, 0.494709887807, 43.8212181819, 20.8757155866, 0.142856788992, 1.08380860715, 17.5833186047, 8615.42583168, 0.277147112767, 0.0
0.259795827291, 0.821255280137, 90.9932753776, 0.496484079026, 8.38757597202, 40.5360732682, 1.89076269932, 1.15681983223, 15.6168710408, 4684.82465523, 0.380795454154, 0.333333333333
0.685111493279, 0.989157710025, 92.0181609972, 0.683760624986, 78.793717852, 16.5010290533, 1.95555484048, 0.176320460327, 3.98884324275, 7803.99731836, 0.271116219794, 0.0454545454545
0.581802389496, 0.896136828781, 87.7977675881, 0.449776612437, 92.8893983686, 19.1794970179, 0.932382895485, 3.89205302089, 13.535168313, 3501.55638001, 0.573967342109, 0.368421052632
0.869558819312, 0.951539001874, 94.3481849021, 0.481172810386, 60.0917713061, 43.7764809013, 0.526089265944, 1.31843999687, 12.2117024479, 3582.15635015, 0.523445898937, 0.2
0.846582346304, 0.95212109563, 80.7500556682, 0.592490706805, 19.8548280886, 31.3829594814, 1.37594415686, 1.71487397129, 3.38238803025, 4869.13625776, 0.500613075671, 0.113636363636
0.627145106362, 0.852277373186, 84.5060356784, 0.57538487104, 78.8608651197, 46.1739773532, 1.25950358891, 1.72275807205, 9.59901943608, 4117.53439453, 0.474736683497, 0.294117647059
0.700551556217, 0.909317017055, 90.4225739292, 0.457161761103, 74.0549207743, 36.8905724287, 1.43423788267, 4.50903420815, 10.806011847, 4258.7355343, 0.536065464985, 0.244897959184
0.297673536794, 1.09147748135, 80.9889128216, 0.420828646539, 6.48650827414, 9.20642257626, 0.438115452395, 3.16576897717, 15.104393742, 6084.31432184, 0.215650946714, 0.4
