1.54499471492, 1.05935434977, 0.956566274305, 0.850985713534, 5.35898144338, 0.966288695436, 2.76289803162, 0.892465720755, 0.913035171985, 5.0485982175, 3.04342077164, 0.861040537142, 4.98030252261, 1.14548702894, 0.897500395812, 1.5761603295, 1.15559373668, 0.92050136004, 9.97388207228, 1.05237042349, 0.830896921639, 106.501808303, 1.17970807683, 2.5493260127, 0.977525572519, 2.47979927478, 1.18010083808, 229.270428089, 19.711721387, 682.431207103, 0.0
5.93681963701, 1.12299545904, 1.47657582933, 0.930279711382, 3.66042307814, 1.12301594376, 4.74994108646, 1.08686519309, 0.966503822224, 3.20617664372, 2.81660287805, 0.910707438051, 2.08002005855, 1.1498980808, 0.945267328521, 1.39172034694, 1.05550161695, 0.941293483091, 9.92037501924, 1.06157958778, 0.875486183764, 405.49033787, 1.07018157188, 5.06255631718, 0.976248720309, 2.54296704774, 0.932341875869, 229.268265567, 15.6830442941, 3040.11104322, 0.536193029491
5.513818473, 1.23276402105, 1.24064210108, 1.06292630712, 2.50475625932, 1.02406984279, 1.66828442513, 1.14531085435, 1.12050757197, 5.13887916287, 2.71804154461, 0.924995313527, 2.48927881823, 0.810572104581, 1.05723449217, 1.25777025895, 1.1159408838, 1.17280193968, 7.02095752335, 1.15630467689, 0.849061569299, 55.9876446517, 1.15016480364, 1.26560465173, 1.1586098715, 5.38380159214, 1.28200463638, 264.113891233, 19.1998129644, 340.714171608, 0.0
2.35263750877, 1.42779667092, 0.77587561933, 0.935282055375, 2.09478215076, 0.791722083634, 1.995425468, 0.889632892751, 1.08205055657, 1.29280240886, 2.46315423033, 0.992556854449, 4.12033746857, 1.03536339625, 1.0155018455, 1.43769255235, 1.00614111598, 0.842871443594, 4.56072320162, 0.956508982435, 0.94419183482, 26.1864690206, 1.05563474665, 2.5836976091, 1.06134112971, 3.0874736954, 1.02145066414, 143.354439083, 22.2975356783, 230.107133059, 0.268096514745
3.89974510792, 1.07856657543, 1.26148778535, 1.1625013147, 4.8462329479, 1.08644782226, 1.02815050205, 1.1050461796, 1.12194152197, 4.49210028389, 4.61061706417, 0.920807049198, 2.33472893262, 1.27657387409, 0.81519764256, 1.43721601169, 1.15373878078, 1.19838525559, 7.53232852199, 1.00833913865, 0.808381274296, 375.553881856, 1.14712595738, 1.23759525829, 0.995355664544, 2.01205650595, 1.2644717694, 164.121157553, 16.9751547758, 1231.90172725, 0.0
2.94515736341, 1.18495053684, 1.61547273881, 1.02899423059, 6.88006957151, 0.920836711128, 4.74045386326, 1.13408931679, 0.944979891694, 2.28359466221, 6.29578553898, 1.05526880796, 1.79190215674, 0.885777716898, 0.842070500882, 1.1480763392, 1.08281589405, 1.18499619025, 9.14117721258, 0.92686026509, 0.980427332495, 382.055464482, 0.916099337953, 5.26954948952, 0.975901590623, 4.73583854046, 1.17669340893, 112.214930132, 20.6145230977, 61.3320538834, 1.34048257373
5.72009623083, 1.22380976311, 1.48232913979, 0.938499305211, 3.39046743318, 1.18731397038, 1.22315579222, 0.939528763726, 1.11258372578, 3.20617664372, 2.60609007566, 1.06200085735, 1.99417766938, 0.993956524118, 0.979369989581, 1.15151497947, 1.03823720475, 1.19102628559, 3.59856579811, 1.12539888282, 0.875486183764, 54.9446012966, 1.18156218991, 5.06255631718, 0.998343936641, 2.52025478996, 1.2155130454, 161.878197569, 23.6846619507, 128.683821584, 0.0
2.4575839685, 1.32800427667, 0.999399168848, 1.2110482235, 6.86347546775, 1.17159577371, 1.08099683956, 0.939439206078, 0.946699585995, 3.83388627663, 5.77729212628, 1.08950845564, 3.5122994095, 1.15303120996, 1.00204487353, 1.62843668333, 1.13434757741, 1.15327451936, 6.67385940589, 1.13852340108, 0.867764524636, 149.220223631, 1.1903119263, 1.23133676924, 1.21554426368, 2.4881729938, 1.28071013238, 15.006123488, 8.54895478147, 37.7582024275, 1.60857908847
2.34253084466, 1.26405428556, 0.883667906202, 0.960737471224, 5.22954283794, 1.09231088638, 5.24445086396, 1.10693607474, 1.06545013118, 3.76240364968, 5.90659369245, 1.15823147693, 2.99337162253, 1.09373778303, 0.789590874229, 1.44262306677, 1.09252698563, 0.931139230265, 7.97813956057, 1.17797415816, 0.891517054267, 309.676923372, 1.0090771768, 3.09286037618, 1.22124173525, 4.29761353021, 0.953012771623, 302.46373596, 21.3645408196, 1434.31698252, 1.07238605898
4.35197403845, 1.39205716411, 0.753808113373, 0.90386836967, 4.76937682302, 0.846448950479, 5.11379897221, 1.10263264337, 0.997268099966, 1.77088028862, 6.32868794512, 0.880038890584, 2.8373596428, 0.972622206094, 0.926611875081, 1.39688927648, 1.01614988684, 1.09418511237, 8.4516428962, 1.13681976335, 0.91507737447, 332.201009866, 1.01494893834, 1.99476390476, 0.986384230531, 4.04091375299, 1.06712989293, 335.878335298, 21.5922131968, 1344.76565657, 0.268096514745
2.81195074016, 1.11211283966, 1.41296372262, 0.945030547269, 6.98371238254, 1.15639226102, 4.10289429098, 1.00452145646, 0.920725203065, 6.04775503263, 4.31598158044, 1.09652297606, 3.37573694502, 1.01472674219, 0.94344733575, 1.0251066534, 1.01549427611, 1.19015225516, 4.27509488638, 1.05993702801, 0.987929633367, 130.489233999, 1.18120285818, 4.14695211254, 1.01360754452, 1.03518276565, 0.972953522113, 177.455778596, 18.0477115924, 1256.18388308, 1.34048257373
5.66198549745, 1.05086309428, 1.59811337551, 0.829692273927, 5.41361178115, 1.17106664361, 1.40766245205, 0.985970053087, 1.13805422737, 3.49859364622, 5.64316979583, 0.897774934678, 2.51135209076, 1.17477249436, 0.931150589192, 1.35462230507, 1.09436958571, 1.20863311811, 3.17066376976, 1.14075296837, 0.958001602668, 91.0899541376, 0.94448402355, 2.50535194134, 1.16898356336, 3.03330795838, 1.13281098546, 264.69058059, 28.0910825571, 385.825541664, 1.34048257373
5.46147652545, 1.04204414169, 1.49081084032, 0.829692273927, 2.50653390034, 1.17106664361, 4.99670247328, 1.10740452186, 0.977994322003, 4.13033291122, 5.09135937622, 1.05325651015, 2.43878349862, 0.913646767404, 1.04888622832, 1.55505476894, 1.15983441678, 1.00307225354, 9.39638507643, 0.966881728734, 0.946926970453, 91.0899541376, 1.08198768599, 4.94570543738, 1.00326252475, 5.29053696758, 0.884454528678, 185.605092034, 24.7098347838, 1138.63742173, 0.536193029491
2.08683414298, 1.38006590275, 1.18674341555, 0.954166251371, 6.58947242637, 1.13506971682, 1.57114197181, 0.892592141003, 1.01318923987, 2.63682948846, 2.5485791091, 1.08604982622, 2.63784951965, 1.12084232988, 0.975370226857, 1.2136526623, 1.16708035862, 0.821459501309, 8.74374477325, 1.03124233408, 0.948026404596, 296.742384256, 0.919626300917, 4.15152502718, 1.07373345008, 2.27204406024, 1.19045787674, 197.103392521, 24.929798674, 2051.33863049, 0.0
1.206104043, 1.08748216388, 0.914069202101, 0.95991603668, 5.66821455949, 0.836223416716, 4.29800166017, 1.14818517975, 1.06652238363, 2.74324348567, 4.83517509651, 1.00783320166, 2.92642560778, 0.860897174143, 0.90787363533, 1.14842259791, 1.06947069214, 0.981394150596, 5.39551624358, 1.17558575322, 0.975074107881, 214.591531774, 1.01461865972, 3.28313624821, 1.09229866471, 3.98602199548, 1.1697995579, 205.781415758, 24.9503989058, 461.984762716, 0.0
4.01094079703, 1.00726936862, 1.19387822257, 1.13665483204, 4.78934001346, 0.711222826365, 1.23265333641, 0.899788793606, 1.12453147337, 4.80245468944, 2.05647167326, 0.927095746297, 3.74531701138, 0.950812602255, 0.952623466961, 1.61662688758, 1.03749644147, 1.08002689035, 7.45320798496, 0.970965240705, 0.935784438076, 353.362212197, 0.952680763222, 4.45559266121, 1.03902627906, 1.32730255313, 1.07788470476, 237.79350528, 13.4400112047, 1424.1833276, 2.9490616622
5.77286130799, 1.15079547374, 0.913144011239, 0.889551483901, 2.98783443004, 0.955943187474, 2.99748365196, 1.09557869746, 1.12377439847, 3.02910037002, 3.519759774, 0.865784166449, 3.79400023593, 1.10566068195, 0.83688995899, 1.17798177222, 1.02123212027, 1.15908279634, 7.73914715415, 1.07440273442, 0.829333564111, 286.863115187, 0.933091716065, 2.93281470508, 1.04704154085, 4.17306450861, 0.90752836395, 61.6205656139, 17.4673098084, 188.646650629, 1.60857908847
5.72009623083, 1.06217346463, 1.31251179981, 0.938499305211, 2.69440839853, 1.09139688803, 1.22315579222, 1.01896092582, 1.11258372578, 4.20081217919, 4.74006571079, 1.06200085735, 1.21470785391, 0.977597039955, 1.08932550529, 1.10292820381, 1.03823720475, 1.19102628559, 6.2619387071, 1.12539888282, 0.862333009957, 232.57508693, 1.17822772066, 1.1591842914, 0.998343936641, 2.52025478996, 1.2155130454, 117.090303321, 11.1754755316, 698.310332111, 3.21715817694
3.67744642404, 1.4010231811, 1.45353744842, 1.19929479784, 3.54422302325, 1.07257568361, 5.84711435652, 1.05356647177, 0.901187907569, 5.36868767665, 7.54243367841, 0.965339426229, 1.59373683019, 0.81345125462, 1.06728222291, 1.09051031578, 1.16946006157, 0.848823349632, 7.77876358707, 1.00726603381, 0.825275514511, 388.232485173, 1.19079526664, 5.19682150443, 1.14392597967, 3.19587996917, 1.15551630639, 426.941348172, 15.7615714128, 661.054279707, 1.60857908847
1.206104043, 1.40416958905, 1.02834018999, 1.01897992354, 5.66821455949, 0.836223416716, 4.29800166017, 1.14818517975, 1.06652238363, 3.85377512411, 4.83517509651, 1.00783320166, 2.92642560778, 1.00929798606, 0.90787363533, 1.12557399387, 1.06947069214, 0.981394150596, 3.5077435093, 1.154398894, 0.973974307793, 214.591531774, 1.01461865972, 5.59451051755, 1.15944970278, 3.98602199548, 1.1697995579, 89.9495387444, 14.4651972326, 251.911317087, 2.14477211796
3.13717843019, 1.00846540381, 1.02178719275, 0.928474777195, 3.25790674888, 0.727676110311, 5.55074483966, 1.07586537381, 0.90142004328, 2.72057274024, 2.59976287008, 1.18668139343, 1.89681209662, 0.879799055588, 0.912468278482, 1.13230832435, 1.00363557634, 0.856227663459, 4.5055780352, 1.18783911847, 0.96894505144, 390.563197931, 0.869790358866, 1.54621096521, 1.21663298202, 4.96154592939, 1.18220606213, 167.102203733, 15.005830675, 1886.07511447, 1.87667560322
2.1165810995, 1.33893077122, 1.71316579683, 1.17978602124, 6.51101230218, 1.18279749148, 4.38590037921, 0.89689550171, 0.904859863015, 6.04775503263, 4.92287081627, 1.17700562549, 1.24604545742, 1.03379257657, 0.971648487791, 1.07460183426, 1.09245017817, 1.04950024897, 3.45429382818, 1.14211099847, 0.768208586449, 173.802473151, 1.11644754563, 5.03316923463, 1.08725987682, 2.81188083294, 0.992752720809, 46.9374298502, 15.862143904, 333.466703608, 1.87667560322
1.54499471492, 1.05935434977, 0.956566274305, 0.850985713534, 5.35898144338, 1.04922647624, 1.14241408812, 0.892465720755, 0.913035171985, 5.0485982175, 3.04342077164, 0.861040537142, 3.42742085804, 1.14548702894, 0.897500395812, 1.59705688004, 1.11806275473, 0.92050136004, 9.14117721258, 1.05237042349, 0.852117235868, 106.501808303, 1.17970807683, 2.5493260127, 0.977525572519, 2.81860083734, 1.18010083808, 65.3917626787, 9.04772361302, 102.335340144, 3.75335120643
4.81996848981, 1.08721317396, 1.5363264721, 0.948638564463, 5.52762067986, 0.813317677715, 1.24380224535, 0.965363900899, 1.13984180323, 1.79388723384, 2.70896403348, 0.950431900612, 1.33126854872, 1.22645063225, 0.785711286896, 1.28528662534, 1.0114035798, 0.831241730031, 5.89176874822, 1.17722365487, 0.918576530431, 198.564388424, 1.15226977552, 2.36277810401, 1.16683416591, 4.90192823539, 0.958376506929, 25.6835474831, 13.5119835271, 64.3739784836, 4.28954423592
5.93681963701, 1.12299545904, 1.28836638774, 0.930279711382, 3.66042307814, 1.12301594376, 4.74994108646, 1.08686519309, 1.02716928341, 4.20081217919, 2.81660287805, 0.910707438051, 2.08002005855, 1.03085840028, 0.945267328521, 1.39172034694, 1.05550161695, 0.941293483091, 9.92037501924, 1.152880853, 0.854404889659, 405.49033787, 1.07018157188, 1.1591842914, 0.976248720309, 2.54296704774, 0.932341875869, 222.578709871, 15.764900438, 1224.57801979, 1.60857908847
3.63172946173, 1.03454862149, 1.64109879421, 0.800904929587, 6.8007619344, 0.768527479962, 5.08759956587, 0.835601885628, 0.976763433375, 5.07342927996, 2.5114095731, 0.887374195504, 3.74634991775, 0.844788718341, 1.05273155811, 1.27478003512, 1.11966855765, 1.0188911386, 9.28303713393, 1.07910760456, 0.802196770224, 405.773217404, 0.931144994551, 1.37543628588, 1.10405906485, 1.70555244741, 1.28267493081, 394.731621978, 23.5163180184, 5518.06930344, 0.536193029491
2.94515736341, 1.17954854536, 1.61547273881, 0.978024623465, 5.78112633667, 0.920836711128, 4.74045386326, 1.13408931679, 0.944979891694, 2.28359466221, 6.29578553898, 0.865784166449, 1.79190215674, 0.860266478789, 0.842070500882, 1.1480763392, 1.08281589405, 1.18499619025, 9.14117721258, 0.92686026509, 0.980427332495, 383.644455441, 0.859949457489, 5.26954948952, 0.975901590623, 3.06643788623, 1.17669340893, 419.425635656, 22.3967033427, 4919.10825271, 0.268096514745
1.206104043, 1.08748216388, 1.02834018999, 1.01897992354, 5.66821455949, 0.788504150399, 1.05329839798, 1.14818517975, 0.978270005552, 4.96583971139, 4.83517509651, 1.00783320166, 2.92642560778, 0.949001269988, 0.90787363533, 1.12557399387, 1.06947069214, 0.981394150596, 5.39551624358, 0.970965240705, 0.973974307793, 214.591531774, 0.954306278449, 3.10122424777, 1.09229866471, 3.98602199548, 1.20715608391, 327.985250026, 22.2403386886, 1396.96951756, 1.34048257373
3.63172946173, 1.38062278326, 1.24064210108, 1.13847807847, 5.60625802437, 1.11802873319, 1.26409085171, 1.19879568706, 0.989335531899, 5.50316164201, 1.94065903689, 0.870707432458, 3.70646586789, 0.810572104581, 1.0873088121, 1.01853418462, 1.09470805313, 1.01989045408, 4.35044697944, 1.09199851313, 0.97604809418, 340.352440584, 0.947558184194, 1.56409130289, 1.11331929537, 2.05070577093, 1.24135825132, 485.521388706, 24.7799960543, 2394.73749384, 1.07238605898
3.89974510792, 1.07856657543, 1.26148778535, 1.21660839458, 4.8462329479, 1.08644782226, 1.02815050205, 1.1050461796, 1.12194152197, 4.49210028389, 2.4645765294, 0.920807049198, 2.33472893262, 1.23103447371, 0.798225550544, 1.43721601169, 1.15373878078, 1.14578573013, 9.50594297368, 1.00833913865, 0.808381274296, 375.553881856, 1.14712595738, 5.26954948952, 0.995355664544, 2.01205650595, 1.2644717694, 186.602226699, 24.8622725187, 1989.42988012, 1.07238605898
5.07610893259, 1.28890039479, 1.58857519459, 0.898001110586, 3.81076909247, 0.828528135073, 3.85394227612, 1.18946847182, 1.01173052109, 3.83944249939, 4.88254424471, 0.906807213025, 2.94502170922, 0.955100735851, 0.98874612261, 1.47083935951, 1.07380284793, 0.830898250753, 6.64778743577, 1.15112321447, 0.94663860912, 326.96039184, 1.18253649951, 2.7030366817, 1.09102206031, 4.45606200943, 1.08806564216, 227.427892746, 26.6342427764, 898.515544521, 0.268096514745
3.17389977704, 1.12658527745, 1.50304346494, 0.803828352063, 3.70072714288, 0.715492877683, 3.26017854068, 0.910706299925, 1.11916114074, 2.07644166269, 4.53203806597, 1.09766630207, 3.1847319032, 0.827816593607, 0.850822492848, 1.6193370012, 1.07710694679, 1.07000890019, 8.4516428962, 0.979347637671, 0.849404131229, 306.45860418, 0.987111849699, 4.81787287282, 1.11805930742, 2.03234571835, 1.10866025786, 231.943424638, 27.3143345579, 885.788042655, 0.0
5.93681963701, 1.12299545904, 1.47657582933, 0.930279711382, 3.66042307814, 1.12301594376, 4.74994108646, 1.08686519309, 0.966503822224, 3.20617664372, 2.81660287805, 0.910707438051, 2.08002005855, 1.1498980808, 0.987280763536, 1.39172034694, 1.05550161695, 0.941293483091, 9.92037501924, 1.06157958778, 0.875486183764, 405.49033787, 1.07018157188, 2.43120383859, 0.976248720309, 2.54296704774, 0.932341875869, 1188.98507586, 31.7409636984, 818.32407127, 0.804289544236
1.60506490523, 1.42735056041, 1.15929081533, 0.871000881729, 6.98625633867, 0.885382879652, 2.96309217048, 1.13080643343, 1.08030714586, 2.8485755016, 2.26952829953, 1.11289358769, 1.01402583484, 0.878006670097, 0.857333892975, 1.01126956086, 1.10558011341, 1.09171463751, 9.61831818044, 1.00485820647, 0.965847579116, 40.5839150612, 1.13710554715, 4.74845337747, 1.21121603722, 4.84461605502, 0.958783015077, 1119.87027703, 25.560446589, 3042.36246973, 0.0
3.33266008372, 1.31204910928, 1.71656567216, 1.18556285697, 6.89850717902, 0.852129907321, 2.4381379553, 0.875953092674, 0.904859863015, 6.04775503263, 6.32975884052, 0.832937752683, 3.72828334191, 0.890961236821, 0.854145132486, 1.05833029234, 1.00933386955, 1.18185988736, 3.71375018743, 1.18167845224, 0.793246993628, 293.358097258, 0.854662691385, 2.44812281873, 1.12282561393, 3.00247378184, 1.16968818292, 241.826142308, 24.977606367, 1041.77442443, 0.268096514745
5.79745074994, 1.21360881685, 0.937229931542, 1.11772579395, 4.64423419744, 0.95292713623, 2.13636274063, 0.824170137545, 1.05990215609, 1.79186323261, 5.02855605415, 0.956950523197, 3.63124644126, 1.02232539008, 0.974778950604, 1.02468196751, 1.10595382256, 1.15829246105, 7.93693530544, 1.03797417396, 0.898715274787, 375.673601279, 0.961553330135, 5.77887221679, 1.20534169176, 3.9056227212, 1.02734722399, 228.18445764, 19.0460460264, 299.424108005, 1.60857908847
3.50983342646, 1.361973936, 0.975114099176, 1.12376237064, 6.00719118995, 1.04205270915, 2.55455425084, 1.02246170967, 1.12411132763, 1.80613937881, 6.29875881519, 0.984588447507, 3.46894448982, 1.02989377756, 0.783135491903, 1.56716747172, 1.14147887563, 0.879471024584, 4.38891683438, 0.960588218328, 0.957761855824, 245.550270299, 1.01524112455, 5.59162294497, 1.23587182932, 2.76327297419, 1.28122599986, 128.124941545, 22.4644689662, 260.516944008, 1.60857908847
5.09429207959, 1.36578095448, 1.59341331308, 1.03834973963, 2.25904299589, 0.769346029756, 3.7590469341, 1.06983692024, 1.07755139144, 4.86807564501, 3.09284659347, 0.945863886758, 1.35311426072, 0.995446287542, 0.861323781967, 1.3471826932, 1.09243376958, 0.832858399582, 6.33572118801, 1.09883737964, 0.81485718591, 242.192512932, 0.951282813825, 3.39949745961, 0.973805069493, 4.61591262546, 1.10894913336, 86.9390038043, 19.9503467235, 477.547114665, 1.60857908847
2.4575839685, 1.22289300365, 1.21334892983, 1.19551083728, 5.41361178115, 1.1767268553, 1.57114197181, 0.837633242368, 1.02667634357, 3.83388627663, 4.77034463438, 1.10377312266, 3.76355606115, 1.1554186336, 0.852756521933, 1.22697191408, 1.01348052097, 0.962549040142, 8.73283054531, 0.914141304136, 0.88791841537, 8.02912688797, 1.02976145081, 1.08791530959, 1.09993952416, 4.48855813127, 1.08003475487, 207.63114708, 15.433641307, 697.561625743, 2.9490616622
5.66198549745, 1.05086309428, 1.59811337551, 1.18327223953, 5.41361178115, 1.17106664361, 1.40766245205, 0.985970053087, 1.13805422737, 1.69058305328, 5.64316979583, 0.897774934678, 2.51135209076, 1.17477249436, 0.931150589192, 1.35462230507, 1.09436958571, 1.20863311811, 3.17066376976, 1.14075296837, 0.958001602668, 91.0899541376, 0.94448402355, 2.50535194134, 1.16898356336, 2.57057255552, 1.13281098546, 269.001785811, 14.571777819, 3216.59682779, 3.48525469169
1.29964030713, 1.4076901345, 1.11826848194, 1.02571165189, 7.00751257077, 1.05180567515, 4.18188242406, 0.848102984816, 0.937713249077, 4.4542946198, 4.74006571079, 0.865094660839, 2.86858918769, 1.06873457677, 0.921402253917, 1.39979610281, 1.10558011341, 0.876050439405, 4.36972719204, 1.12726316928, 0.954352484081, 279.784921239, 0.986141126948, 1.60317006115, 1.04240619278, 1.52075928736, 1.09564298842, 161.707468688, 17.2401777106, 1010.0284189, 2.9490616622
2.08683414298, 1.38006590275, 1.08682310296, 0.954166251371, 6.44515252313, 1.13506971682, 1.57114197181, 0.892592141003, 1.0281299072, 2.63682948846, 6.76852816758, 0.979474676907, 2.63784951965, 1.12084232988, 0.997566753133, 1.2136526623, 1.16784651217, 0.821459501309, 8.74374477325, 1.03984908354, 0.948026404596, 412.350603644, 1.01970422383, 4.15152502718, 0.967314719715, 2.27204406024, 1.19045787674, 618.185005999, 17.6327002552, 1145.55346339, 2.68096514745
2.34253084466, 1.26405428556, 0.883667906202, 0.960737471224, 5.22954283794, 1.09231088638, 5.24445086396, 1.10693607474, 1.06545013118, 3.76240364968, 5.90659369245, 1.15823147693, 1.99417766938, 1.09373778303, 0.789590874229, 1.44262306677, 1.09252698563, 0.931139230265, 7.97813956057, 1.17797415816, 0.891517054267, 91.4605216739, 1.0090771768, 3.09286037618, 1.22124173525, 4.29761353021, 0.953012771623, 216.517316648, 19.7581167917, 2027.14439686, 2.68096514745
2.23942241132, 1.29418654177, 1.12205701338, 1.08033302464, 2.97193954522, 1.13650835582, 3.44395646302, 1.10741903616, 0.94029884019, 3.04095566977, 4.780945605, 0.910941560129, 3.37712598389, 0.890971730547, 0.964178716486, 1.01937882184, 1.11892113715, 0.972226192438, 9.09378670657, 1.01208323441, 0.962689435157, 18.3457731737, 1.17602247392, 1.04687096751, 1.0231459201, 4.91002799997, 1.10989233909, 326.334915964, 17.4171550722, 685.257826373, 3.75335120643
1.206104043, 1.40416958905, 1.02834018999, 1.01897992354, 5.66821455949, 0.836223416716, 4.29800166017, 1.14818517975, 1.06652238363, 2.42150216029, 4.83517509651, 1.11905314808, 2.92642560778, 1.10582261553, 0.90787363533, 1.12557399387, 1.06947069214, 0.981394150596, 6.90231854567, 1.154398894, 0.987659653993, 214.591531774, 1.01461865972, 5.59451051755, 1.15944970278, 3.98602199548, 1.1697995579, 149.632365743, 11.773366605, 532.238291821, 6.70241286863
2.94515736341, 1.1241663395, 1.61547273881, 1.02899423059, 6.88006957151, 0.920836711128, 4.74045386326, 1.13408931679, 0.944979891694, 1.63788629268, 6.29578553898, 1.05526880796, 1.79190215674, 0.885777716898, 0.842070500882, 1.1480763392, 1.08281589405, 1.18499619025, 9.14117721258, 0.92686026509, 0.980427332495, 382.055464482, 0.916099337953, 5.26954948952, 0.959041524661, 3.6918773784, 1.17669340893, 267.956014677, 14.5492606622, 4552.32477119, 5.09383378016
5.72009623083, 1.06217346463, 1.48232913979, 0.938499305211, 3.39046743318, 1.09139688803, 1.22315579222, 1.01896092582, 1.11258372578, 4.20081217919, 2.60609007566, 1.06200085735, 1.99417766938, 0.977597039955, 0.979369989581, 1.10292820381, 1.03823720475, 1.19102628559, 3.59856579811, 1.12539888282, 0.854404889659, 232.57508693, 1.18857834862, 1.1591842914, 0.998343936641, 2.52025478996, 1.2155130454, 345.504949042, 17.9967385526, 1573.32683209, 2.14477211796
4.01094079703, 1.00726936862, 1.19387822257, 1.13665483204, 5.3297866848, 0.711222826365, 4.29800166017, 0.899788793606, 1.12453147337, 4.80245468944, 2.05647167326, 0.927095746297, 3.74531701138, 0.950812602255, 0.952623466961, 1.61662688758, 1.03749644147, 1.08002689035, 8.58355171713, 1.154398894, 0.935784438076, 353.362212197, 0.952680763222, 4.45559266121, 1.03902627906, 3.29765245414, 1.23747140744, 428.955781564, 16.2286273742, 3367.96601175, 2.68096514745
4.10996090629, 1.39069737566, 1.5363264721, 0.834621151784, 5.93216332638, 1.17388293351, 1.44622506943, 1.02339018139, 0.936206237086, 1.79388723384, 1.79212418321, 1.21814221498, 3.73355251658, 1.19943584151, 0.93490260217, 1.30439793679, 1.06199882957, 0.863300770472, 5.61767506723, 1.1101971282, 0.937370913987, 413.115968824, 1.10459203681, 3.51105614871, 1.02505281449, 2.0886754282, 0.924581155169, 681.906727673, 18.6627415753, 2571.75478654, 1.60857908847
5.72009623083, 1.22380976311, 1.48232913979, 0.938499305211, 1.90185436692, 1.1573026119, 1.22315579222, 0.939528763726, 1.11258372578, 3.85377512411, 7.14130552137, 1.19891883756, 1.99417766938, 0.993956524118, 0.979369989581, 1.10292820381, 1.03823720475, 1.19102628559, 3.59856579811, 1.13647078619, 0.840667557982, 283.281260481, 1.19226688757, 1.1591842914, 0.998343936641, 2.52025478996, 1.2155130454, 301.264483205, 17.4366727483, 3600.87750053, 1.87667560322
1.91900722665, 1.31416453109, 0.799033408001, 0.893257091455, 5.68935028797, 0.86898191131, 3.12728902678, 1.20433468631, 1.12146580153, 2.8362107667, 6.51982720191, 0.935287492611, 5.0444651799, 1.08333243727, 1.08559948727, 1.52816962984, 1.16550765934, 0.811460247485, 7.95583305811, 1.02741409638, 0.793556097441, 136.894679815, 1.02082741303, 5.75711991838, 0.950035667519, 4.62491983879, 1.06589590105, 392.780682705, 16.695753201, 1240.11105266, 1.87667560322
5.46147652545, 1.04204414169, 1.49081084032, 0.829692273927, 2.50653390034, 1.17106664361, 4.99670247328, 1.10740452186, 0.977994322003, 4.13033291122, 5.09135937622, 1.05325651015, 2.43878349862, 0.913646767404, 1.04888622832, 1.55505476894, 1.16049808123, 1.16305926081, 9.61978787803, 0.966881728734, 0.946926970453, 115.350946188, 1.08198768599, 4.94570543738, 1.00326252475, 5.29053696758, 0.884454528678, 237.36868986, 27.3478380608, 1212.48127929, 0.0
4.33685251969, 1.2592017746, 1.13432110264, 1.03559665174, 5.27298432299, 0.747955720657, 1.26183932967, 1.22479475034, 1.04388441795, 2.0699848098, 2.87209396024, 1.04523652016, 3.13684866336, 1.23498868752, 1.04209127351, 1.24091089316, 1.04696561531, 1.13425246227, 4.7570242135, 1.03929301827, 0.770327828573, 246.155662773, 0.9950519847, 5.48219091393, 1.20073439922, 5.34676596416, 1.17373982673, 1301.18272045, 26.7836893842, 3476.28657197, 0.536193029491
3.17389977704, 1.05057775993, 1.43210211039, 0.803828352063, 3.39046743318, 0.715492877683, 3.26017854068, 0.910706299925, 1.11916114074, 2.07644166269, 1.96502590535, 1.09766630207, 3.1847319032, 0.827816593607, 0.821230633059, 1.6193370012, 1.07710694679, 1.07000890019, 3.10287861952, 0.979347637671, 0.872956225409, 413.310886613, 0.987111849699, 4.81787287282, 1.01447922139, 2.03234571835, 1.15767643103, 556.957751085, 25.7605319157, 1339.19908124, 0.804289544236
5.07213380783, 1.20108422141, 0.791374414526, 1.21948962581, 3.77251700641, 1.11802873319, 5.01975592544, 1.02617529705, 1.10392173249, 3.68240928416, 6.63078811122, 1.03780961864, 1.48949453398, 1.20263105599, 1.00238403443, 1.01778956757, 1.01789129667, 1.2025410888, 6.94734023956, 1.0144445124, 0.922115216523, 286.832491611, 0.841731450863, 5.91460430264, 1.18719136242, 3.19723304442, 0.993108636557, 1243.10701177, 26.6944238846, 10572.2957114, 0.536193029491
5.19712254674, 1.27318422425, 1.58857519459, 0.898001110586, 3.81076909247, 0.852129907321, 1.90945782539, 1.18946847182, 1.01173052109, 3.83944249939, 4.88254424471, 0.906807213025, 2.94502170922, 0.955100735851, 0.98874612261, 1.47083935951, 1.07380284793, 0.830898250753, 6.64778743577, 1.15112321447, 0.94663860912, 326.96039184, 1.18253649951, 2.44812281873, 1.09102206031, 4.45606200943, 1.08806564216, 297.125863189, 21.3768384938, 1607.70578176, 1.60857908847
5.72009623083, 1.22380976311, 1.48232913979, 0.938499305211, 3.39046743318, 1.18731397038, 1.22315579222, 0.939528763726, 1.11258372578, 3.20617664372, 2.60609007566, 1.06200085735, 2.99337162253, 0.993956524118, 0.979369989581, 1.15151497947, 1.03823720475, 1.19102628559, 3.59856579811, 1.12539888282, 0.875486183764, 54.9446012966, 1.18156218991, 4.8445242902, 0.998343936641, 3.93800623351, 1.2155130454, 373.465852515, 22.084512008, 696.64368663, 1.60857908847
5.09429207959, 1.36578095448, 1.59341331308, 1.03834973963, 2.25904299589, 0.769346029756, 3.7590469341, 1.06983692024, 1.07755139144, 4.86807564501, 3.09284659347, 0.945863886758, 1.35311426072, 0.995446287542, 0.861323781967, 1.16180735771, 1.09243376958, 0.832858399582, 6.33572118801, 1.09883737964, 0.81485718591, 242.192512932, 0.951282813825, 3.39949745961, 0.973805069493, 4.61591262546, 1.10894913336, 102.41470637, 20.872954738, 848.863342437, 3.21715817694
2.34253084466, 1.26405428556, 0.883667906202, 0.960737471224, 5.22954283794, 0.885898629909, 5.24445086396, 1.10693607474, 1.06545013118, 3.76240364968, 5.90659369245, 1.15823147693, 1.99417766938, 1.09373778303, 0.789590874229, 1.44262306677, 1.11670002696, 0.972226192438, 7.97813956057, 1.17797415816, 0.891517054267, 91.4605216739, 1.0090771768, 3.09286037618, 1.22124173525, 4.29761353021, 0.953012771623, 239.119184927, 16.4039754415, 1250.43766123, 3.21715817694
1.15812193154, 1.22693569358, 0.799033408001, 1.18661423444, 4.81229920932, 0.814415027909, 3.84497226402, 1.19754080519, 0.962207334035, 3.43181543761, 3.64921163455, 0.920909945402, 4.54730189273, 1.0592992621, 1.03874727362, 1.28065787053, 1.12212369146, 0.825751416582, 4.54813424209, 1.07072149711, 0.84691453869, 144.429292524, 0.942668645085, 3.87827859581, 1.11645339522, 4.5750315631, 0.885228181883, 387.209436727, 15.7715081539, 1289.78526635, 6.43431635389
5.72009623083, 1.22380976311, 1.48232913979, 0.938499305211, 3.39046743318, 1.14323516075, 1.22315579222, 0.939528763726, 1.11258372578, 3.85377512411, 2.60609007566, 1.06200085735, 1.99417766938, 0.993956524118, 0.979369989581, 1.10292820381, 1.03823720475, 1.19102628559, 3.59856579811, 1.13647078619, 0.854404889659, 283.281260481, 1.18156218991, 1.1591842914, 0.998343936641, 2.52025478996, 1.2155130454, 327.598949496, 18.1281689606, 872.84012984, 5.63002680965
5.07213380783, 1.20108422141, 0.791374414526, 1.21948962581, 3.77251700641, 0.849530034016, 5.86918551763, 1.0185954935, 0.946790219773, 2.02043888537, 6.63078811122, 1.03780961864, 2.66663259033, 1.20263105599, 1.00238403443, 1.14674930014, 1.01789129667, 1.2025410888, 9.94272328573, 1.0144445124, 0.922115216523, 286.832491611, 0.841731450863, 5.91460430264, 1.19678451395, 3.19723304442, 0.993108636557, 301.593877674, 15.1882440478, 2312.27750065, 9.65147453083
2.90016127093, 1.38062278326, 1.24064210108, 1.13847807847, 5.60625802437, 0.849530034016, 1.26409085171, 1.19879568706, 0.989335531899, 5.50342059912, 1.94065903689, 0.870707432458, 3.70646586789, 0.810572104581, 1.0873088121, 1.01853418462, 1.09470805313, 1.01989045408, 4.35044697944, 1.07910760456, 0.97604809418, 340.352440584, 0.947558184194, 1.56409130289, 1.08240833128, 2.05070577093, 1.24135825132, 471.266870689, 19.5810361569, 2791.92595206, 2.9490616622
4.09828747403, 1.10595485328, 1.60570979771, 1.16409329842, 3.53826151032, 0.773120276079, 4.42701378558, 1.11511085639, 0.977994322003, 4.23775485467, 6.29875881519, 1.05325651015, 3.27751618358, 1.17405578353, 1.06242857079, 1.40979094936, 1.10205404417, 1.00307225354, 6.84282626967, 0.912797486732, 0.946926970453, 166.062399282, 1.08198768599, 5.59162294497, 1.00326252475, 5.29053696758, 0.983831515427, 470.560533442, 17.2390824504, 4613.6307993, 2.14477211796
5.46147652545, 1.04204414169, 1.49081084032, 0.829692273927, 2.50653390034, 1.17106664361, 4.42701378558, 1.10740452186, 0.977994322003, 4.13033291122, 5.09135937622, 1.05325651015, 2.43878349862, 1.17405578353, 1.03755633607, 1.55505476894, 1.10205404417, 1.00307225354, 9.39638507643, 0.966881728734, 0.946926970453, 91.0899541376, 1.08198768599, 4.94570543738, 1.00326252475, 5.29053696758, 0.983831515427, 636.09403413, 20.7686708055, 2268.48694307, 1.87667560322
2.20872928022, 1.02981372274, 1.61049596535, 0.989905910224, 1.42462626661, 0.982360470888, 3.69626824249, 1.02837549531, 1.05436766818, 6.08050944487, 6.68596436761, 1.06918373939, 4.38496186149, 0.998008753181, 0.780458119732, 1.4339006175, 1.11104776418, 0.912939594107, 7.84135296347, 1.06479505719, 0.798720634952, 371.348866414, 1.00212619315, 1.40853867596, 1.08633343815, 2.7777724521, 1.09716731663, 564.726084347, 20.9193032014, 3664.58485636, 2.68096514745
5.07610893259, 1.28890039479, 1.73962530647, 0.898001110586, 3.81076909247, 0.828528135073, 3.85394227612, 1.18946847182, 1.01173052109, 3.83944249939, 4.88254424471, 0.906807213025, 2.94502170922, 0.955100735851, 0.949081000795, 1.47083935951, 1.07380284793, 1.03693973991, 6.64778743577, 1.15112321447, 0.963939296621, 326.96039184, 1.18253649951, 2.7030366817, 1.09102206031, 4.45606200943, 1.08806564216, 824.694316096, 19.4188902752, 1500.95169132, 2.14477211796
1.52758771202, 1.15148959406, 1.19223813804, 0.82303444146, 2.90924895765, 1.07547508185, 2.65824180923, 0.908553196152, 1.09477118576, 5.00366422376, 2.73133126958, 1.10978191365, 3.10394234609, 1.19856950736, 0.965482511424, 1.20995553343, 1.14469353598, 1.15645791464, 9.71826614873, 1.04968064286, 0.979331323945, 377.306176778, 0.856159470282, 4.91476838165, 1.0273144835, 1.29548836592, 0.87557105687, 533.956372804, 21.1713987357, 1386.3233148, 2.9490616622
5.66198549745, 1.05086309428, 1.59811337551, 1.18327223953, 5.41361178115, 1.17106664361, 1.40766245205, 0.985970053087, 1.13805422737, 1.69058305328, 5.64316979583, 0.897774934678, 2.51135209076, 1.17477249436, 0.931150589192, 1.35462230507, 1.09436958571, 1.20863311811, 3.17066376976, 0.956508982435, 0.958001602668, 91.0899541376, 0.94448402355, 2.50535194134, 1.16898356336, 2.57057255552, 1.11025268079, 868.958090904, 27.6094387811, 4875.82854327, 0.0
3.63172946173, 1.03454862149, 1.64109879421, 0.800904929587, 6.8007619344, 0.768527479962, 5.08759956587, 0.835601885628, 0.976763433375, 4.33870619458, 2.5485791091, 0.887374195504, 3.74634991775, 0.844788718341, 1.05273155811, 1.27478003512, 1.11966855765, 1.0188911386, 9.28303713393, 1.07910760456, 0.802196770224, 405.773217404, 0.919626300917, 1.05803310366, 1.10405906485, 1.70555244741, 1.28267493081, 315.789085607, 29.4353134407, 1541.12162624, 0.0
2.90016127093, 1.38062278326, 1.24064210108, 1.13847807847, 5.60625802437, 1.11802873319, 1.26409085171, 1.19879568706, 0.989335531899, 5.50342059912, 1.94065903689, 0.870707432458, 3.70646586789, 0.810572104581, 1.0873088121, 1.01853418462, 1.09470805313, 1.01989045408, 4.35044697944, 1.07910760456, 0.97604809418, 340.352440584, 0.947558184194, 1.56409130289, 1.08240833128, 2.05070577093, 1.24135825132, 282.904421738, 30.2006479238, 3098.66662396, 1.34048257373
5.72009623083, 1.03452805137, 1.48232913979, 0.938499305211, 3.39046743318, 0.780473600488, 1.22315579222, 0.939528763726, 1.11258372578, 3.20617664372, 2.60609007566, 1.06200085735, 1.99417766938, 0.993956524118, 0.979369989581, 1.15151497947, 1.03823720475, 1.20590940954, 3.59856579811, 1.12539888282, 0.875486183764, 54.9446012966, 1.18156218991, 5.06255631718, 0.998343936641, 2.52025478996, 1.2155130454, 835.977006768, 28.4254155423, 11614.5738223, 0.0
3.17389977704, 1.05057775993, 1.43210211039, 0.803828352063, 3.70072714288, 0.715492877683, 3.26017854068, 0.910706299925, 1.11916114074, 2.07644166269, 1.96502590535, 1.09766630207, 3.1847319032, 0.827816593607, 0.850822492848, 1.6193370012, 1.07710694679, 1.07000890019, 3.10287861952, 0.979347637671, 0.849404131229, 413.310886613, 0.987111849699, 4.81787287282, 1.09614541612, 2.03234571835, 1.15767643103, 807.595020518, 28.6160514488, 3459.03287767, 0.0
5.513818473, 1.23276402105, 1.24452753417, 1.06292630712, 2.50475625932, 1.02406984279, 1.66828442513, 1.14531085435, 1.12050757197, 5.13887916287, 2.71804154461, 0.924995313527, 2.48927881823, 1.10802969394, 1.05723449217, 1.25777025895, 1.1159408838, 1.17280193968, 7.02095752335, 1.15630467689, 0.849061569299, 55.9876446517, 1.15016480364, 1.26560465173, 1.1586098715, 5.38380159214, 1.28200463638, 649.010808707, 26.2938933746, 2255.80266298, 0.804289544236
2.96565390057, 1.22289300365, 1.21334892983, 1.19551083728, 5.6396330222, 1.1767268553, 3.32376574967, 0.837633242368, 1.02667634357, 3.24507554132, 4.77034463438, 1.07930427622, 3.76355606115, 1.19456703403, 0.852756521933, 1.22697191408, 1.10400514547, 0.962549040142, 8.73283054531, 0.951828423867, 0.88791841537, 8.02912688797, 0.84996412579, 2.17252020308, 1.09993952416, 4.6618343109, 1.08003475487, 607.747487936, 21.6234692737, 5685.83596412, 1.87667560322
5.46147652545, 1.04204414169, 1.69119787731, 0.829692273927, 2.50653390034, 1.17106664361, 4.42701378558, 1.10740452186, 0.977994322003, 4.13033291122, 5.09135937622, 1.05325651015, 2.43878349862, 1.17405578353, 1.03755633607, 1.55505476894, 1.10205404417, 1.00307225354, 7.00490675692, 0.966881728734, 0.946926970453, 91.0899541376, 1.08198768599, 2.50535194134, 1.00326252475, 5.29053696758, 0.983831515427, 997.751726868, 41.9624734025, 1217.92724786, 2.41286863271
4.33685251969, 1.2592017746, 1.13432110264, 1.03559665174, 2.8880314305, 0.747955720657, 1.26183932967, 1.22479475034, 1.04388441795, 2.0699848098, 2.87209396024, 1.04523652016, 3.13684866336, 1.23498868752, 1.04209127351, 1.24091089316, 1.04696561531, 1.08887463455, 6.87278474792, 1.03929301827, 0.770327828573, 246.155662773, 0.9950519847, 4.03005524479, 1.20073439922, 5.34676596416, 1.17373982673, 647.563847016, 26.895797139, 3671.5698688, 1.60857908847
3.36483449291, 1.05600632038, 1.16909617674, 0.842046423006, 2.86558762141, 0.76138200475, 4.67440849541, 0.891973103345, 1.12965691011, 5.69058197758, 7.02845258274, 0.922353013794, 3.71339699401, 1.11141415348, 0.962429933991, 1.10831285811, 1.13334697078, 1.09298214204, 7.81355881988, 1.10843268846, 0.969823294826, 78.3913338156, 1.07329351478, 3.14758338194, 1.02001492798, 2.14111368208, 1.05104642283, 374.790758905, 24.1102098178, 3869.86188463, 2.14477211796
1.206104043, 1.40416958905, 1.02834018999, 1.01897992354, 5.66821455949, 0.836223416716, 4.29800166017, 1.14818517975, 1.04693778578, 3.85377512411, 4.83517509651, 1.00783320166, 2.92642560778, 1.00929798606, 0.90787363533, 1.12557399387, 1.06947069214, 0.981394150596, 4.5055780352, 1.16726914177, 0.973974307793, 214.591531774, 1.01461865972, 5.86650698434, 1.15944970278, 3.98602199548, 1.1697995579, 467.394583629, 18.7367655794, 2454.23825085, 3.75335120643
5.66198549745, 1.05086309428, 1.59811337551, 0.829692273927, 5.41361178115, 1.17106664361, 1.40766245205, 0.985970053087, 1.13805422737, 3.49859364622, 5.64316979583, 0.897774934678, 2.51135209076, 1.17477249436, 0.931150589192, 1.35462230507, 1.09436958571, 1.20863311811, 3.17066376976, 1.14075296837, 0.958001602668, 91.0899541376, 0.94448402355, 2.50535194134, 1.16898356336, 3.03330795838, 1.13281098546, 512.981141557, 17.1261235641, 3262.86792714, 3.21715817694
2.4575839685, 1.32800427667, 0.890329538477, 1.2110482235, 3.53566849739, 1.17159577371, 1.08099683956, 0.939439206078, 0.946699585995, 3.83388627663, 5.77729212628, 1.08950845564, 3.5122994095, 1.15303120996, 1.00204487353, 1.62843668333, 1.13434757741, 1.21206180125, 6.67385940589, 1.13852340108, 0.867764524636, 149.220223631, 1.1903119263, 4.73206349253, 1.21554426368, 2.36614108262, 1.2865915138, 450.135542217, 16.8850307749, 4068.82239715, 3.21715817694
3.86167337649, 1.30355525834, 1.51945137287, 0.868970177984, 5.28252024037, 0.710850739609, 5.40739848691, 0.833221646256, 0.997192422937, 5.75537477299, 2.19132798428, 1.03671119253, 2.43441384884, 0.820145671496, 0.931841722932, 1.18706157392, 1.06562601641, 1.01573918859, 9.19775276352, 1.02696200819, 0.997795859892, 46.6996115474, 0.870841440034, 4.0119625691, 1.14427349227, 3.27486764854, 1.11476600885, 335.789409262, 17.5910614072, 3021.2355593, 4.28954423592
2.4575839685, 1.32800427667, 0.999399168848, 1.2110482235, 6.86347546775, 1.17159577371, 1.08099683956, 0.939439206078, 0.946699585995, 3.83388627663, 5.77729212628, 1.08950845564, 3.5122994095, 1.15303120996, 1.00204487353, 1.62843668333, 1.13434757741, 1.15327451936, 6.67385940589, 1.13852340108, 0.867764524636, 149.220223631, 1.1903119263, 1.23133676924, 1.21554426368, 2.36614108262, 1.28071013238, 315.61462625, 28.4775580743, 7433.85958818, 3.48525469169
3.89974510792, 1.07856657543, 1.26148778535, 1.1625013147, 4.8462329479, 1.08644782226, 1.02815050205, 1.1050461796, 1.12194152197, 4.49210028389, 4.61061706417, 0.920807049198, 2.33472893262, 1.27657387409, 0.81519764256, 1.43721601169, 1.15373878078, 1.19838525559, 7.53232852199, 1.00726603381, 0.808381274296, 375.553881856, 1.14712595738, 1.23759525829, 0.995355664544, 2.01205650595, 1.2644717694, 500.622485642, 19.8585236306, 1659.8153645, 3.75335120643
5.46147652545, 1.10595485328, 1.49081084032, 1.16409329842, 2.50653390034, 1.00319315737, 4.42701378558, 1.10740452186, 0.977994322003, 4.13033291122, 5.09135937622, 1.05325651015, 2.43878349862, 1.17405578353, 1.03755633607, 1.55505476894, 1.10205404417, 1.00307225354, 6.84282626967, 0.912797486732, 0.946926970453, 166.062399282, 1.08198768599, 4.94570543738, 1.00326252475, 5.29053696758, 0.983831515427, 449.078439757, 16.7965535249, 6516.52806419, 3.48525469169
5.07610893259, 1.28890039479, 1.58857519459, 0.898001110586, 1.90185436692, 0.828528135073, 3.85394227612, 0.846719326942, 0.938014345196, 3.83944249939, 2.19132798428, 0.906807213025, 2.94502170922, 1.20637356748, 0.98874612261, 1.18706157392, 1.10555374134, 0.830898250753, 6.64778743577, 1.15112321447, 0.94663860912, 326.96039184, 1.18253649951, 5.59162294497, 1.09102206031, 4.45606200943, 1.28793463335, 293.083279703, 18.0875222286, 4018.47074809, 4.02144772118
5.72009623083, 1.06217346463, 1.31251179981, 0.938499305211, 3.39046743318, 1.09139688803, 1.22315579222, 1.01896092582, 1.11258372578, 4.20081217919, 4.74006571079, 1.06200085735, 1.21470785391, 0.977597039955, 0.979369989581, 1.10292820381, 1.03823720475, 1.19102628559, 6.2619387071, 1.12539888282, 0.778856687391, 232.57508693, 1.17822772066, 1.1591842914, 0.998343936641, 2.52025478996, 1.2155130454, 403.227709616, 16.5197506207, 5020.77127659, 9.38337801609
4.01094079703, 1.00726936862, 1.19387822257, 1.13665483204, 5.3297866848, 0.711222826365, 1.05329839798, 0.899788793606, 1.12453147337, 4.80245468944, 2.05647167326, 0.927095746297, 3.74531701138, 0.950812602255, 0.952623466961, 1.61662688758, 1.03749644147, 1.08002689035, 7.45320798496, 0.970965240705, 0.935784438076, 353.362212197, 0.952680763222, 4.45559266121, 1.03902627906, 3.29765245414, 1.23747140744, 592.113166269, 18.5738652583, 2174.17935497, 6.43431635389
4.33685251969, 1.2592017746, 0.799033408001, 1.03559665174, 5.84551218855, 0.747955720657, 1.26183932967, 1.22479475034, 1.04388441795, 2.0699848098, 2.87209396024, 1.04523652016, 3.13684866336, 1.23498868752, 1.04209127351, 1.24091089316, 1.04696561531, 1.13425246227, 4.7570242135, 1.03929301827, 0.770327828573, 246.155662773, 0.9950519847, 3.8220551653, 1.23100022226, 5.34676596416, 1.17373982673, 630.925886568, 21.6213739457, 8575.34469954, 2.41286863271
5.46147652545, 1.10595485328, 1.60570979771, 1.16409329842, 2.50653390034, 0.773120276079, 4.42701378558, 1.11511085639, 0.977994322003, 4.13033291122, 6.29875881519, 1.05325651015, 2.43878349862, 1.17405578353, 1.08120975344, 1.55505476894, 1.10205404417, 1.00307225354, 6.84282626967, 0.912797486732, 0.946926970453, 166.062399282, 1.08198768599, 5.59162294497, 1.00326252475, 5.29053696758, 0.983831515427, 1193.93604622, 22.0926391252, 5377.07566842, 2.41286863271
1.206104043, 1.08748216388, 1.02834018999, 1.01897992354, 5.66821455949, 0.836223416716, 4.29800166017, 1.14818517975, 1.06652238363, 3.85377512411, 4.83517509651, 1.00783320166, 2.92642560778, 0.949001269988, 0.90787363533, 1.12557399387, 1.06947069214, 0.981394150596, 5.39551624358, 1.154398894, 0.973974307793, 214.591531774, 1.01461865972, 3.10122424777, 1.09229866471, 3.98602199548, 1.1697995579, 1615.11902698, 23.4614476598, 5072.06239261, 2.9490616622
4.35197403845, 1.24224476955, 0.753808113373, 0.90386836967, 4.76937682302, 0.797221937019, 5.11379897221, 1.10263264337, 0.997268099966, 1.77088028862, 6.32868794512, 0.880038890584, 2.8373596428, 0.972622206094, 0.926611875081, 1.39688927648, 1.07258835169, 1.09418511237, 8.4516428962, 1.13681976335, 0.91507737447, 332.201009866, 1.01494893834, 1.99476390476, 0.986384230531, 4.04091375299, 0.972953522113, 407.023498326, 32.4278991483, 2189.85623902, 0.0
5.72009623083, 1.03452805137, 1.48232913979, 0.938499305211, 3.70072714288, 0.780473600488, 1.22315579222, 0.939528763726, 1.11258372578, 3.20617664372, 2.60609007566, 1.06200085735, 1.99417766938, 0.993956524118, 0.979369989581, 1.15151497947, 1.03823720475, 1.20590940954, 4.91544444943, 1.12539888282, 0.836002786733, 54.9446012966, 1.18156218991, 5.06255631718, 0.998343936641, 2.52025478996, 1.2155130454, 417.048797886, 31.8794723397, 1579.94192508, 0.268096514745
1.15812193154, 1.22693569358, 1.5877285542, 1.18661423444, 5.30945263366, 0.814415027909, 3.84497226402, 1.08862368376, 0.955678841194, 4.98756168837, 3.64921163455, 0.920909945402, 4.54730189273, 1.0592992621, 1.03874727362, 1.28065787053, 1.13384696529, 0.825751416582, 6.06255444225, 0.947961992944, 0.84691453869, 144.429292524, 0.942668645085, 1.60317006115, 1.11645339522, 4.5750315631, 0.885228181883, 2341.2908208, 26.9279711766, 10605.7722014, 1.07238605898
3.28653155063, 1.07856657543, 1.26148778535, 1.1625013147, 4.8462329479, 1.08644782226, 1.02815050205, 1.1050461796, 1.12194152197, 4.49210028389, 4.61061706417, 0.920807049198, 2.33472893262, 1.27657387409, 0.81519764256, 1.43721601169, 1.14415064381, 1.19838525559, 7.04189738742, 0.921002092146, 0.808381274296, 375.553881856, 1.14712595738, 1.23759525829, 0.969182239185, 2.01205650595, 1.2644717694, 1595.05138004, 24.8648168163, 27844.4034059, 1.87667560322
5.07213380783, 1.20108422141, 0.791374414526, 1.21948962581, 3.77251700641, 0.849530034016, 5.86918551763, 1.0185954935, 0.946790219773, 1.69569901812, 6.63078811122, 1.03780961864, 2.66663259033, 1.20263105599, 1.00238403443, 1.14674930014, 1.01789129667, 1.2025410888, 9.94272328573, 1.0144445124, 0.980427332495, 286.832491611, 0.841731450863, 5.91460430264, 1.14778706461, 3.19723304442, 0.993108636557, 514.058842447, 17.5750403461, 9092.90842995, 5.63002680965
1.29964030713, 1.4076901345, 1.11826848194, 1.11917361471, 7.00751257077, 1.05180567515, 4.18188242406, 0.848102984816, 0.937713249077, 4.4542946198, 4.74006571079, 0.865094660839, 1.01180355372, 1.06873457677, 0.921402253917, 1.39979610281, 1.10558011341, 0.876050439405, 6.63074052433, 1.09417522167, 0.954352484081, 279.784921239, 0.986141126948, 1.60317006115, 1.04240619278, 1.52075928736, 1.09564298842, 806.41044123, 19.6046424605, 3166.76403322, 6.97050938338
1.15812193154, 1.22693569358, 1.5877285542, 1.18661423444, 5.63077898175, 0.814415027909, 3.84497226402, 1.08862368376, 0.955678841194, 6.15506678064, 3.64921163455, 0.920909945402, 4.54730189273, 1.0592992621, 1.03874727362, 1.28065787053, 1.13384696529, 0.825751416582, 6.06255444225, 0.947961992944, 0.84691453869, 144.429292524, 0.942668645085, 3.87827859581, 1.11645339522, 4.5750315631, 0.885228181883, 2019.79594888, 30.687998271, 15315.5171056, 0.536193029491
2.90016127093, 1.42319825933, 1.24064210108, 1.13847807847, 5.60625802437, 0.939106169967, 1.26409085171, 1.2295732627, 0.989335531899, 4.3851440492, 1.94065903689, 1.03624561367, 3.70646586789, 0.810572104581, 0.780458119732, 1.01853418462, 1.09470805313, 1.01989045408, 4.35044697944, 1.07910760456, 0.97604809418, 340.352440584, 0.947558184194, 1.56409130289, 1.08240833128, 2.05070577093, 1.24135825132, 1294.69208624, 27.6133321824, 18479.622938, 0.536193029491
5.72009623083, 1.06217346463, 1.31251179981, 0.938499305211, 2.69440839853, 1.09139688803, 1.22315579222, 0.897099994942, 1.11258372578, 4.20081217919, 4.74006571079, 1.06200085735, 1.21470785391, 0.914869511959, 1.08932550529, 1.10292820381, 1.03823720475, 1.19102628559, 6.2619387071, 1.12539888282, 0.862333009957, 232.57508693, 1.17822772066, 1.1591842914, 0.998343936641, 2.5922038438, 1.2155130454, 743.064777429, 23.4682908848, 3957.45648275, 3.48525469169
