0.0, 3.0, 2.0, 3.0, 0.0, -1.0, 2.0, -1.0, 0.0, 2.0, 0.0, -1.0, 3.0, -1.0, -1.0, -1.0, 0.0, 3.0, -1.0, 2.0, 1.0, 0.0, 1.0, 3.0, -1.0, 2.0, 3.0, -1.0, 0.0, 3.0, 1.0, 2.0, 0.0, 2.0, 1.0, -1.0, 0.0, -1.0, 1.0, 0.0, 3.0, 0.0, 2.0, -1.0, 2.0, 3.0, 1.0, -1.0, 1.0, -1.0, 97306.0, 531.0, 99515.0
0.0, 3.0, 2.0, 3.0, 0.0, -1.0, 2.0, -1.0, 0.0, 2.0, 0.0, -1.0, 3.0, -1.0, -1.0, -1.0, 0.0, 3.0, -1.0, 2.0, 1.0, 0.0, 1.0, 3.0, -1.0, 2.0, 3.0, -1.0, 0.0, 3.0, 1.0, 2.0, 0.0, 2.0, 1.0, -1.0, 0.0, -1.0, 1.0, 0.0, 3.0, 0.0, 2.0, -1.0, 2.0, 3.0, 1.0, -1.0, 1.0, -1.0, 97306.0, 531.0, 99515.0
0.0, 3.0, 2.0, 3.0, 0.0, -1.0, 2.0, -1.0, 0.0, 2.0, 0.0, -1.0, 3.0, -1.0, -1.0, -1.0, 0.0, 3.0, -1.0, 2.0, 1.0, 0.0, 1.0, 3.0, -1.0, 2.0, 3.0, -1.0, 0.0, 3.0, 1.0, 2.0, 0.0, 2.0, 1.0, -1.0, 0.0, -1.0, 1.0, 0.0, 3.0, 0.0, 2.0, -1.0, 2.0, 3.0, 1.0, -1.0, 1.0, -1.0, 97306.0, 531.0, 99515.0
0.0, 2.0, -1.0, 3.0, 2.0, -1.0, 1.0, 3.0, 3.0, -1.0, 2.0, 1.0, 3.0, 0.0, 2.0, 1.0, 3.0, -1.0, 1.0, 0.0, -1.0, 0.0, 3.0, 0.0, -1.0, 1.0, 0.0, 1.0, 2.0, -1.0, 2.0, 2.0, -1.0, 2.0, -1.0, 3.0, 0.0, -1.0, 0.0, 3.0, 3.0, 2.0, 3.0, 1.0, 1.0, 2.0, 1.0, 0.0, 1.0, 0.0, 97077.0, 581.0, 99449.0
0.0, 2.0, -1.0, 3.0, 2.0, -1.0, 1.0, 3.0, 3.0, -1.0, 2.0, 1.0, 3.0, 0.0, 2.0, 1.0, 3.0, -1.0, 1.0, 0.0, -1.0, 0.0, 3.0, 0.0, -1.0, 1.0, 0.0, 1.0, 2.0, -1.0, 2.0, 2.0, -1.0, 2.0, -1.0, 3.0, 0.0, -1.0, 0.0, 3.0, 3.0, 2.0, 3.0, 1.0, 1.0, 2.0, 1.0, 0.0, 1.0, 0.0, 97077.0, 581.0, 99449.0
0.0, 2.0, -1.0, 3.0, 2.0, -1.0, 1.0, 3.0, 3.0, -1.0, 2.0, 1.0, 3.0, 0.0, 2.0, 1.0, 3.0, -1.0, 1.0, 0.0, -1.0, 0.0, 3.0, 0.0, -1.0, 1.0, 0.0, 1.0, 2.0, -1.0, 2.0, 2.0, -1.0, 2.0, -1.0, 3.0, 0.0, -1.0, 0.0, 3.0, 3.0, 2.0, 3.0, 1.0, 1.0, 2.0, 1.0, 0.0, 1.0, 0.0, 97077.0, 581.0, 99449.0
0.0, 2.0, -1.0, 3.0, 2.0, -1.0, 1.0, 3.0, 3.0, -1.0, 2.0, 1.0, 3.0, 0.0, 2.0, 1.0, 3.0, -1.0, 1.0, 0.0, -1.0, 0.0, 3.0, 0.0, -1.0, 1.0, 0.0, 1.0, 2.0, -1.0, 2.0, 2.0, -1.0, 2.0, -1.0, 3.0, 0.0, -1.0, 0.0, 3.0, 3.0, 2.0, 3.0, 1.0, 1.0, 2.0, 1.0, 0.0, 1.0, 0.0, 97077.0, 581.0, 99449.0
1.0, 0.0, 2.0, 0.0, 2.0, -1.0, 2.0, 0.0, -1.0, 1.0, 0.0, 1.0, -1.0, -1.0, -1.0, 0.0, 2.0, -1.0, -1.0, 3.0, -1.0, 1.0, -1.0, 0.0, 1.0, -1.0, -1.0, -1.0, 2.0, 1.0, -1.0, 1.0, -1.0, -1.0, 2.0, 0.0, 1.0, 2.0, 1.0, 2.0, 0.0, 0.0, 3.0, -1.0, 2.0, 0.0, 1.0, 0.0, 3.0, -1.0, 97157.0, 494.0, 99547.0
1.0, 0.0, 2.0, 0.0, 2.0, -1.0, 2.0, 0.0, -1.0, 1.0, 0.0, 1.0, -1.0, -1.0, -1.0, 0.0, 2.0, -1.0, -1.0, 3.0, -1.0, 1.0, -1.0, 0.0, 1.0, -1.0, -1.0, -1.0, 2.0, 1.0, -1.0, 1.0, -1.0, -1.0, 2.0, 0.0, 1.0, 2.0, 1.0, 2.0, 0.0, 0.0, 3.0, -1.0, 2.0, 0.0, 1.0, 0.0, 3.0, -1.0, 97157.0, 494.0, 99547.0
1.0, 1.0, 2.0, 1.0, 2.0, 1.0, -1.0, 1.0, 0.0, -1.0, -1.0, 3.0, 0.0, 3.0, 1.0, 3.0, 0.0, -1.0, 2.0, 3.0, 0.0, -1.0, 3.0, 2.0, 0.0, 2.0, -1.0, 3.0, 2.0, 3.0, -1.0, 1.0, 0.0, 0.0, 2.0, 1.0, -1.0, 3.0, 2.0, 2.0, 2.0, 0.0, -1.0, 2.0, 0.0, 0.0, -1.0, 0.0, 0.0, -1.0, 97214.0, 561.0, 99479.0
1.0, 1.0, 2.0, 1.0, 2.0, 1.0, -1.0, 1.0, 0.0, -1.0, -1.0, 3.0, 0.0, 3.0, 1.0, 3.0, 0.0, -1.0, 2.0, 3.0, 0.0, -1.0, 3.0, 2.0, 0.0, 2.0, -1.0, 3.0, 2.0, 3.0, -1.0, 1.0, 0.0, 0.0, 2.0, 1.0, -1.0, 3.0, 2.0, 2.0, 2.0, 0.0, -1.0, 2.0, 0.0, 0.0, -1.0, 0.0, 0.0, -1.0, 97214.0, 561.0, 99479.0
1.0, 1.0, 2.0, 1.0, 2.0, 1.0, -1.0, 1.0, 0.0, -1.0, -1.0, 3.0, 0.0, 3.0, 1.0, 3.0, 0.0, -1.0, 2.0, 3.0, 0.0, -1.0, 3.0, 2.0, 0.0, 2.0, -1.0, 3.0, 2.0, 3.0, -1.0, 1.0, 0.0, 0.0, 2.0, 1.0, -1.0, 3.0, 2.0, 2.0, 2.0, 0.0, -1.0, 2.0, 0.0, 0.0, -1.0, 0.0, 0.0, -1.0, 97214.0, 561.0, 99479.0
1.0, 1.0, 2.0, 1.0, 2.0, 1.0, -1.0, 1.0, 0.0, -1.0, -1.0, 3.0, 0.0, 3.0, 1.0, 3.0, 0.0, -1.0, 2.0, 3.0, 0.0, -1.0, 3.0, 2.0, 0.0, 2.0, -1.0, 3.0, 2.0, 3.0, -1.0, 1.0, 0.0, 0.0, 2.0, 1.0, -1.0, 3.0, 2.0, 2.0, 2.0, 0.0, -1.0, 2.0, 0.0, 0.0, -1.0, 0.0, 0.0, -1.0, 97214.0, 561.0, 99479.0
0.0, 1.0, 3.0, 1.0, 1.0, 3.0, -1.0, 2.0, 2.0, 1.0, 2.0, 1.0, 1.0, 3.0, -1.0, -1.0, 0.0, -1.0, 1.0, -1.0, 1.0, 3.0, 2.0, 0.0, 0.0, 0.0, -1.0, 0.0, 3.0, -1.0, 1.0, -1.0, 1.0, 2.0, 1.0, 2.0, 1.0, 1.0, 3.0, 0.0, 0.0, -1.0, -1.0, -1.0, -1.0, 3.0, -1.0, -1.0, 2.0, 3.0, 97565.0, 509.0, 99536.0
-1.0, 0.0, 0.0, 2.0, 3.0, 3.0, -1.0, 3.0, 3.0, -1.0, 0.0, 2.0, 2.0, 3.0, -1.0, 1.0, 0.0, 0.0, 2.0, -1.0, 2.0, 0.0, -1.0, 0.0, 2.0, 0.0, -1.0, 2.0, 1.0, 1.0, 1.0, 2.0, 2.0, 3.0, 2.0, 3.0, 1.0, 2.0, 1.0, 2.0, 0.0, 1.0, 3.0, 3.0, 0.0, 1.0, 1.0, 1.0, 1.0, 3.0, 96761.0, 621.0, 99422.0
-1.0, 0.0, 0.0, 2.0, 3.0, 3.0, -1.0, 3.0, 3.0, -1.0, 0.0, 2.0, 2.0, 3.0, -1.0, 1.0, 0.0, 0.0, 2.0, -1.0, 2.0, 0.0, -1.0, 0.0, 2.0, 0.0, -1.0, 2.0, 1.0, 1.0, 1.0, 2.0, 2.0, 3.0, 2.0, 3.0, 1.0, 2.0, 1.0, 2.0, 0.0, 1.0, 3.0, 3.0, 0.0, 1.0, 1.0, 1.0, 1.0, 3.0, 96761.0, 621.0, 99422.0
1.0, 2.0, -1.0, -1.0, -1.0, 1.0, -1.0, -1.0, -1.0, -1.0, 3.0, 0.0, 3.0, 0.0, -1.0, -1.0, 0.0, 3.0, 1.0, 2.0, 0.0, 0.0, 3.0, 3.0, 1.0, 2.0, -1.0, 1.0, 0.0, -1.0, 0.0, 2.0, -1.0, 2.0, 0.0, 0.0, 2.0, 2.0, 2.0, 2.0, -1.0, 2.0, 1.0, 0.0, 2.0, 1.0, 1.0, 3.0, 0.0, 1.0, 97366.0, 537.0, 99505.0
1.0, 2.0, -1.0, -1.0, -1.0, 1.0, -1.0, -1.0, -1.0, -1.0, 3.0, 0.0, 3.0, 0.0, -1.0, -1.0, 0.0, 3.0, 1.0, 2.0, 0.0, 0.0, 3.0, 3.0, 1.0, 2.0, -1.0, 1.0, 0.0, -1.0, 0.0, 2.0, -1.0, 2.0, 0.0, 0.0, 2.0, 2.0, 2.0, 2.0, -1.0, 2.0, 1.0, 0.0, 2.0, 1.0, 1.0, 3.0, 0.0, 1.0, 97366.0, 537.0, 99505.0
-1.0, 0.0, 0.0, 2.0, 3.0, 3.0, 3.0, 3.0, 3.0, -1.0, 0.0, 2.0, 2.0, -1.0, -1.0, 1.0, 0.0, -1.0, 2.0, -1.0, 2.0, 0.0, -1.0, 0.0, 2.0, 0.0, -1.0, 2.0, 1.0, 1.0, 1.0, 2.0, 2.0, 3.0, 1.0, 3.0, 0.0, 2.0, 1.0, 2.0, 0.0, 1.0, -1.0, -1.0, 0.0, 1.0, -1.0, 1.0, 1.0, 3.0, 97072.0, 555.0, 99480.0
-1.0, 3.0, 2.0, -1.0, 0.0, 2.0, 2.0, 2.0, 1.0, 1.0, 1.0, 1.0, 0.0, -1.0, -1.0, 1.0, 3.0, 1.0, 3.0, 2.0, 3.0, -1.0, 2.0, -1.0, -1.0, 2.0, 2.0, -1.0, 0.0, -1.0, 1.0, -1.0, 1.0, 1.0, 1.0, 0.0, 0.0, 3.0, -1.0, 0.0, -1.0, 2.0, 3.0, 1.0, 3.0, 0.0, 0.0, 0.0, 3.0, 3.0, 97250.0, 543.0, 99503.0
-1.0, 1.0, 0.0, 2.0, 2.0, 0.0, 0.0, -1.0, 1.0, 2.0, 2.0, 3.0, -1.0, -1.0, -1.0, 0.0, 1.0, -1.0, 0.0, -1.0, 3.0, 1.0, 2.0, -1.0, -1.0, 3.0, 3.0, 1.0, 2.0, -1.0, 1.0, 2.0, 1.0, 1.0, 0.0, 3.0, -1.0, 1.0, -1.0, 3.0, 0.0, -1.0, 2.0, 1.0, 0.0, 1.0, 0.0, 0.0, -1.0, 2.0, 97287.0, 513.0, 99518.0
0.0, 2.0, -1.0, -1.0, 2.0, -1.0, 1.0, 3.0, 3.0, -1.0, 2.0, 1.0, 3.0, 0.0, 2.0, 1.0, 3.0, -1.0, 1.0, 0.0, -1.0, 0.0, 3.0, 0.0, -1.0, 1.0, 0.0, 1.0, 2.0, -1.0, 2.0, 2.0, -1.0, 2.0, -1.0, 3.0, 0.0, -1.0, 0.0, 3.0, 3.0, 2.0, 3.0, 1.0, 1.0, 2.0, 1.0, 0.0, 1.0, 0.0, 97126.0, 567.0, 99467.0
0.0, 2.0, -1.0, -1.0, 2.0, -1.0, 1.0, 3.0, 3.0, -1.0, 2.0, 1.0, 3.0, 0.0, 2.0, 1.0, 3.0, -1.0, 1.0, 0.0, -1.0, 0.0, 3.0, 0.0, -1.0, 1.0, 0.0, 1.0, 2.0, -1.0, 2.0, 2.0, -1.0, 2.0, -1.0, 3.0, 0.0, -1.0, 0.0, 3.0, 3.0, 2.0, 3.0, 1.0, 1.0, 2.0, 1.0, 0.0, 1.0, 0.0, 97126.0, 567.0, 99467.0
0.0, 1.0, 3.0, 1.0, 1.0, 2.0, -1.0, 2.0, 2.0, 1.0, 0.0, 1.0, 1.0, 3.0, -1.0, 2.0, -1.0, -1.0, 1.0, -1.0, 1.0, 3.0, 2.0, 0.0, 0.0, 0.0, -1.0, 0.0, 3.0, -1.0, 1.0, -1.0, 1.0, 2.0, 1.0, 2.0, 1.0, 1.0, 2.0, 0.0, 0.0, -1.0, -1.0, 3.0, 0.0, 0.0, -1.0, -1.0, 2.0, 3.0, 97143.0, 540.0, 99504.0
-1.0, 0.0, 0.0, 2.0, 3.0, 3.0, -1.0, 3.0, 3.0, -1.0, 0.0, 2.0, 2.0, 3.0, -1.0, 1.0, 0.0, 0.0, 2.0, -1.0, 2.0, 0.0, -1.0, 0.0, 2.0, 0.0, -1.0, 2.0, 1.0, 1.0, 1.0, 2.0, 2.0, 3.0, 2.0, 3.0, 1.0, 2.0, 1.0, 2.0, 0.0, 1.0, -1.0, 3.0, 0.0, 1.0, -1.0, 1.0, 1.0, 3.0, 96934.0, 585.0, 99452.0
-1.0, 0.0, 0.0, 2.0, 3.0, 3.0, -1.0, 3.0, 3.0, -1.0, 0.0, 2.0, 2.0, 3.0, -1.0, 1.0, 0.0, 0.0, 2.0, -1.0, 2.0, 0.0, -1.0, 0.0, 2.0, 0.0, -1.0, 2.0, 1.0, 1.0, 1.0, 2.0, 2.0, 3.0, 2.0, 3.0, 1.0, 2.0, 1.0, 2.0, 0.0, 1.0, -1.0, 3.0, 0.0, 1.0, -1.0, 1.0, 1.0, 3.0, 96934.0, 585.0, 99452.0
-1.0, 0.0, 0.0, 2.0, 3.0, 3.0, -1.0, 3.0, 3.0, -1.0, 0.0, 2.0, 2.0, 3.0, -1.0, 1.0, 0.0, 0.0, 2.0, -1.0, 2.0, 0.0, -1.0, 0.0, 2.0, 0.0, -1.0, 2.0, 1.0, 1.0, 1.0, 2.0, 2.0, 3.0, 2.0, 3.0, 1.0, 2.0, 1.0, 2.0, 0.0, 1.0, -1.0, 3.0, 0.0, 1.0, -1.0, 1.0, 1.0, 3.0, 96934.0, 585.0, 99452.0
-1.0, 0.0, 0.0, 2.0, 3.0, 3.0, -1.0, 3.0, 3.0, -1.0, 0.0, 2.0, 2.0, 3.0, -1.0, 1.0, 0.0, 0.0, 2.0, -1.0, 2.0, 0.0, -1.0, 0.0, 2.0, 0.0, -1.0, 2.0, 1.0, 1.0, 1.0, 2.0, 2.0, 3.0, 2.0, 3.0, 1.0, 2.0, 1.0, 2.0, 0.0, 1.0, -1.0, 3.0, 0.0, 1.0, -1.0, 1.0, 1.0, 3.0, 96934.0, 585.0, 99452.0
-1.0, 0.0, 0.0, 2.0, 3.0, 3.0, 3.0, 3.0, 3.0, -1.0, 0.0, 2.0, 2.0, -1.0, -1.0, 1.0, 0.0, 0.0, 2.0, -1.0, 2.0, 0.0, -1.0, 0.0, 2.0, 0.0, -1.0, 2.0, 1.0, 1.0, 1.0, 2.0, 2.0, 3.0, 2.0, 3.0, 0.0, 2.0, 1.0, 2.0, 0.0, 1.0, -1.0, -1.0, 0.0, 1.0, -1.0, 1.0, 1.0, 3.0, 96964.0, 573.0, 99465.0
-1.0, 0.0, 0.0, 2.0, 3.0, 3.0, 3.0, 3.0, 3.0, -1.0, 0.0, 2.0, 2.0, -1.0, -1.0, 1.0, 0.0, 0.0, 2.0, -1.0, 2.0, 0.0, -1.0, 0.0, 2.0, 0.0, -1.0, 2.0, 1.0, 1.0, 1.0, 2.0, 2.0, 3.0, 2.0, 3.0, 0.0, 2.0, 1.0, 2.0, 0.0, 1.0, -1.0, -1.0, 0.0, 1.0, -1.0, 1.0, 1.0, 3.0, 96964.0, 573.0, 99465.0
-1.0, 0.0, 0.0, 2.0, 3.0, 3.0, 3.0, 3.0, 3.0, -1.0, 0.0, 2.0, 2.0, -1.0, -1.0, 1.0, 0.0, 0.0, 2.0, -1.0, 2.0, 0.0, -1.0, 0.0, 2.0, 0.0, -1.0, 2.0, 1.0, 1.0, 1.0, 2.0, 2.0, 3.0, 2.0, 3.0, 0.0, 2.0, 1.0, 2.0, 0.0, 1.0, -1.0, -1.0, 0.0, 1.0, -1.0, 1.0, 1.0, 3.0, 96964.0, 573.0, 99465.0
3.0, 2.0, 0.0, 1.0, 0.0, 3.0, -1.0, 0.0, 2.0, -1.0, -1.0, 3.0, 2.0, -1.0, -1.0, -1.0, 3.0, 0.0, 1.0, 2.0, 2.0, 3.0, 3.0, -1.0, -1.0, 1.0, 0.0, 0.0, -1.0, 2.0, -1.0, 0.0, 1.0, 2.0, 0.0, 2.0, 0.0, 3.0, 1.0, 1.0, 1.0, -1.0, 1.0, 2.0, 1.0, 0.0, 1.0, -1.0, 1.0, -1.0, 97264.0, 535.0, 99506.0
-1.0, 0.0, 3.0, 2.0, 3.0, 3.0, 3.0, 3.0, 3.0, -1.0, 0.0, 2.0, 2.0, -1.0, -1.0, 1.0, -1.0, 0.0, 2.0, -1.0, 2.0, 0.0, -1.0, 0.0, 2.0, 0.0, -1.0, 2.0, 1.0, 1.0, 1.0, 2.0, 2.0, 3.0, 2.0, 3.0, 0.0, 2.0, 1.0, 2.0, 0.0, 1.0, -1.0, -1.0, 0.0, 1.0, -1.0, 1.0, 1.0, 3.0, 97086.0, 562.0, 99478.0
-1.0, 0.0, 3.0, 2.0, 3.0, 3.0, 3.0, 3.0, 3.0, -1.0, 0.0, 2.0, 2.0, -1.0, -1.0, 1.0, -1.0, 0.0, 2.0, -1.0, 2.0, 0.0, -1.0, 0.0, 2.0, 0.0, -1.0, 2.0, 1.0, 1.0, 1.0, 2.0, 2.0, 3.0, 2.0, 3.0, 0.0, 2.0, 1.0, 2.0, 0.0, 1.0, -1.0, -1.0, 0.0, 1.0, -1.0, 1.0, 1.0, 3.0, 97086.0, 562.0, 99478.0
-1.0, 0.0, -1.0, 0.0, 3.0, 3.0, 3.0, 3.0, 3.0, -1.0, 0.0, 2.0, 2.0, -1.0, -1.0, 1.0, 0.0, 0.0, 2.0, -1.0, 2.0, 0.0, -1.0, 0.0, 1.0, 0.0, -1.0, 2.0, 1.0, 1.0, 1.0, 2.0, 2.0, 3.0, 2.0, 3.0, 0.0, 2.0, 1.0, 2.0, 0.0, 1.0, -1.0, -1.0, -1.0, 1.0, -1.0, 1.0, 1.0, 3.0, 97138.0, 544.0, 99489.0
-1.0, 1.0, 0.0, 2.0, 2.0, 0.0, 0.0, -1.0, 1.0, 2.0, 2.0, 3.0, -1.0, -1.0, -1.0, 0.0, 1.0, -1.0, 0.0, -1.0, 3.0, 1.0, 2.0, -1.0, 1.0, 3.0, 3.0, 1.0, 2.0, -1.0, -1.0, 2.0, 1.0, 1.0, 0.0, 3.0, -1.0, 1.0, -1.0, 1.0, 0.0, -1.0, 2.0, 1.0, 0.0, 1.0, 0.0, 0.0, -1.0, 2.0, 97249.0, 521.0, 99522.0
-1.0, 1.0, 0.0, 2.0, 2.0, 0.0, 0.0, -1.0, 1.0, 2.0, 2.0, 3.0, -1.0, -1.0, -1.0, 0.0, 1.0, -1.0, 0.0, -1.0, 3.0, 1.0, 2.0, -1.0, 1.0, 3.0, 3.0, 1.0, 2.0, -1.0, -1.0, 2.0, 1.0, 1.0, 0.0, 3.0, -1.0, 1.0, -1.0, 1.0, 0.0, -1.0, 2.0, 1.0, 0.0, 1.0, 0.0, 0.0, -1.0, 2.0, 97249.0, 521.0, 99522.0
-1.0, 1.0, 0.0, 2.0, 2.0, 0.0, 0.0, -1.0, 1.0, 2.0, 2.0, 3.0, -1.0, -1.0, -1.0, 0.0, 1.0, -1.0, 0.0, -1.0, 3.0, 1.0, 2.0, -1.0, 1.0, 3.0, 3.0, 1.0, 2.0, -1.0, -1.0, 2.0, 1.0, 1.0, 0.0, 3.0, -1.0, 1.0, -1.0, 1.0, 0.0, -1.0, 2.0, 1.0, 0.0, 1.0, 0.0, 0.0, -1.0, 2.0, 97249.0, 521.0, 99522.0
-1.0, 1.0, 0.0, 2.0, 2.0, 0.0, 0.0, -1.0, 1.0, 2.0, 2.0, 3.0, -1.0, -1.0, -1.0, 0.0, 1.0, -1.0, 0.0, -1.0, 3.0, 1.0, 2.0, -1.0, 1.0, 3.0, 3.0, 1.0, 2.0, -1.0, -1.0, 2.0, 1.0, 1.0, 0.0, 3.0, -1.0, 1.0, -1.0, 1.0, 0.0, -1.0, 2.0, 1.0, 0.0, 1.0, 0.0, 0.0, -1.0, 2.0, 97249.0, 521.0, 99522.0
3.0, 2.0, -1.0, -1.0, 1.0, 1.0, -1.0, 2.0, 1.0, 2.0, -1.0, 0.0, 1.0, 0.0, -1.0, 0.0, -1.0, -1.0, 1.0, 1.0, 3.0, 2.0, -1.0, 0.0, 0.0, -1.0, 0.0, -1.0, 0.0, 1.0, -1.0, -1.0, -1.0, 3.0, 3.0, -1.0, -1.0, 0.0, 2.0, 2.0, 2.0, 2.0, -1.0, 0.0, 1.0, 0.0, 1.0, -1.0, 1.0, 1.0, 97597.0, 493.0, 99578.0
3.0, 2.0, -1.0, -1.0, 1.0, 1.0, -1.0, 2.0, 1.0, 2.0, -1.0, 0.0, 1.0, 0.0, -1.0, 0.0, -1.0, -1.0, 1.0, 1.0, 3.0, 2.0, -1.0, 0.0, 0.0, -1.0, 0.0, -1.0, 0.0, 1.0, -1.0, -1.0, -1.0, 3.0, 3.0, -1.0, -1.0, 0.0, 2.0, 2.0, 2.0, 2.0, -1.0, 0.0, 1.0, 0.0, 1.0, -1.0, 1.0, 1.0, 97597.0, 493.0, 99578.0
0.0, 2.0, -1.0, 3.0, 2.0, -1.0, 1.0, 3.0, 3.0, -1.0, 2.0, 1.0, 3.0, 0.0, 2.0, 1.0, 3.0, -1.0, 1.0, 0.0, -1.0, 2.0, 3.0, 0.0, -1.0, 1.0, 0.0, 1.0, 2.0, -1.0, 2.0, 2.0, -1.0, 2.0, -1.0, 3.0, 0.0, -1.0, 0.0, 3.0, 3.0, 2.0, 3.0, 1.0, 1.0, 2.0, 1.0, 0.0, 1.0, 0.0, 97145.0, 581.0, 99449.0
0.0, -1.0, 2.0, 2.0, -1.0, 0.0, -1.0, -1.0, 0.0, -1.0, 2.0, -1.0, 0.0, 0.0, 3.0, 0.0, 0.0, -1.0, 1.0, 0.0, 2.0, 1.0, 3.0, 2.0, 2.0, -1.0, -1.0, 2.0, 0.0, -1.0, 2.0, 3.0, 3.0, -1.0, 2.0, 1.0, -1.0, 1.0, 1.0, 0.0, 0.0, -1.0, 1.0, -1.0, 3.0, 2.0, -1.0, 0.0, -1.0, 3.0, 97549.0, 496.0, 99556.0
0.0, 2.0, -1.0, 3.0, 2.0, -1.0, 1.0, 3.0, 3.0, -1.0, 2.0, 1.0, 3.0, 0.0, 2.0, 1.0, 3.0, -1.0, 1.0, 0.0, -1.0, 0.0, 3.0, 0.0, 1.0, 1.0, 0.0, 1.0, 2.0, -1.0, 2.0, 2.0, -1.0, 2.0, -1.0, 3.0, 0.0, -1.0, 0.0, 1.0, 3.0, 2.0, 3.0, 1.0, 1.0, 2.0, 1.0, 0.0, 1.0, 0.0, 96962.0, 600.0, 99440.0
0.0, -1.0, 2.0, 2.0, -1.0, 0.0, -1.0, -1.0, 0.0, -1.0, 2.0, -1.0, 0.0, 0.0, 3.0, 0.0, 0.0, 1.0, 1.0, 0.0, 2.0, 1.0, 3.0, 2.0, 2.0, -1.0, -1.0, 2.0, 0.0, -1.0, 2.0, 3.0, 3.0, -1.0, 2.0, 1.0, -1.0, 1.0, 1.0, 0.0, 0.0, -1.0, 1.0, -1.0, 3.0, 2.0, -1.0, 0.0, -1.0, 3.0, 97443.0, 514.0, 99541.0
0.0, 3.0, 2.0, 3.0, 0.0, -1.0, 2.0, -1.0, 0.0, 2.0, 2.0, -1.0, 3.0, -1.0, -1.0, -1.0, 0.0, 3.0, -1.0, 2.0, 1.0, 0.0, 1.0, 3.0, -1.0, 2.0, 3.0, -1.0, 0.0, 3.0, 1.0, 2.0, 0.0, 2.0, 1.0, -1.0, 0.0, -1.0, 1.0, 0.0, 3.0, 0.0, 2.0, -1.0, 2.0, 3.0, 1.0, -1.0, 1.0, -1.0, 97372.0, 531.0, 99515.0
0.0, 1.0, 3.0, 1.0, 1.0, 2.0, -1.0, 2.0, 2.0, 1.0, 2.0, 1.0, 1.0, 3.0, -1.0, 2.0, -1.0, -1.0, 1.0, -1.0, 1.0, 3.0, 2.0, 0.0, 0.0, 0.0, -1.0, 0.0, 3.0, -1.0, 1.0, 3.0, 1.0, 2.0, 1.0, 2.0, 1.0, 1.0, 3.0, 0.0, 0.0, -1.0, -1.0, 3.0, 0.0, 3.0, -1.0, -1.0, 2.0, 3.0, 97296.0, 558.0, 99487.0
0.0, 1.0, 3.0, 1.0, 1.0, 2.0, 3.0, 2.0, 2.0, 1.0, 2.0, 1.0, 1.0, -1.0, -1.0, 2.0, -1.0, -1.0, 1.0, -1.0, 1.0, 3.0, 2.0, 0.0, 0.0, 0.0, -1.0, 0.0, 3.0, -1.0, 1.0, -1.0, 1.0, 2.0, 1.0, 2.0, 0.0, 1.0, 3.0, 0.0, 0.0, -1.0, -1.0, -1.0, -1.0, 3.0, -1.0, -1.0, 2.0, 3.0, 97507.0, 518.0, 99532.0
0.0, 1.0, 3.0, 1.0, 1.0, 3.0, -1.0, 2.0, 2.0, 1.0, 2.0, 1.0, 1.0, 3.0, -1.0, 2.0, 0.0, -1.0, 1.0, -1.0, 1.0, 3.0, 2.0, 0.0, 0.0, 0.0, -1.0, 0.0, 3.0, -1.0, 1.0, -1.0, 1.0, 2.0, 1.0, 2.0, 1.0, 1.0, 3.0, 0.0, 0.0, -1.0, -1.0, -1.0, -1.0, 3.0, -1.0, -1.0, 2.0, 3.0, 97463.0, 527.0, 99518.0
0.0, 1.0, 3.0, 1.0, 1.0, 2.0, 3.0, 2.0, 2.0, 1.0, 2.0, 1.0, 1.0, -1.0, -1.0, 2.0, -1.0, -1.0, 1.0, -1.0, 1.0, 3.0, 2.0, 0.0, 0.0, 0.0, -1.0, 0.0, 3.0, -1.0, 1.0, -1.0, 1.0, 2.0, 1.0, 2.0, 0.0, 1.0, 3.0, 0.0, 0.0, -1.0, -1.0, -1.0, -1.0, 3.0, -1.0, -1.0, 2.0, 3.0, 97507.0, 518.0, 99532.0
0.0, 1.0, 3.0, 1.0, 1.0, 2.0, -1.0, 2.0, 2.0, 1.0, 2.0, 1.0, 1.0, 3.0, -1.0, 2.0, -1.0, -1.0, 1.0, -1.0, 1.0, 3.0, 2.0, 0.0, 0.0, 0.0, -1.0, 0.0, 3.0, -1.0, 1.0, -1.0, 1.0, 2.0, 1.0, 2.0, 1.0, 1.0, 2.0, 0.0, 0.0, -1.0, -1.0, 3.0, 0.0, 0.0, -1.0, -1.0, 2.0, 3.0, 97209.0, 540.0, 99504.0
0.0, 1.0, 3.0, 1.0, 1.0, 3.0, -1.0, 2.0, 2.0, 1.0, 2.0, 1.0, 1.0, 3.0, -1.0, 2.0, 0.0, -1.0, 1.0, -1.0, 1.0, 3.0, 2.0, 0.0, 0.0, 0.0, -1.0, 0.0, 3.0, -1.0, 1.0, -1.0, 1.0, 2.0, 1.0, 2.0, 1.0, 1.0, 3.0, 0.0, 0.0, -1.0, -1.0, -1.0, -1.0, 3.0, -1.0, -1.0, 2.0, 3.0, 97463.0, 527.0, 99518.0
0.0, 3.0, 2.0, 3.0, 0.0, -1.0, 2.0, -1.0, 0.0, 2.0, 0.0, -1.0, 3.0, -1.0, -1.0, 1.0, 2.0, 3.0, -1.0, 2.0, 1.0, 0.0, 1.0, 3.0, -1.0, 2.0, 3.0, -1.0, 0.0, 3.0, 1.0, 2.0, 0.0, 2.0, 1.0, -1.0, 0.0, -1.0, 1.0, 0.0, 3.0, 0.0, 2.0, -1.0, 2.0, 3.0, 1.0, -1.0, 1.0, -1.0, 97193.0, 549.0, 99497.0
3.0, 2.0, 0.0, 2.0, 0.0, 3.0, 1.0, 0.0, 2.0, -1.0, -1.0, 3.0, 2.0, -1.0, -1.0, -1.0, 3.0, 0.0, 1.0, 2.0, 0.0, 3.0, 3.0, -1.0, -1.0, 1.0, 0.0, 0.0, -1.0, 2.0, -1.0, 0.0, 1.0, 2.0, 0.0, 2.0, 0.0, 2.0, 1.0, 1.0, 1.0, -1.0, 1.0, 2.0, 1.0, 0.0, 1.0, -1.0, 1.0, -1.0, 97237.0, 552.0, 99496.0
3.0, 2.0, 0.0, 2.0, 0.0, 3.0, -1.0, 0.0, 2.0, -1.0, -1.0, 3.0, 2.0, -1.0, -1.0, -1.0, 3.0, 0.0, 1.0, 2.0, 0.0, 3.0, 3.0, -1.0, -1.0, 1.0, 0.0, 0.0, -1.0, 2.0, -1.0, 0.0, 1.0, 2.0, 0.0, 2.0, 0.0, 2.0, 1.0, 1.0, 1.0, -1.0, 1.0, 2.0, 1.0, 0.0, 1.0, -1.0, 1.0, -1.0, 97273.0, 535.0, 99506.0
1.0, 0.0, -1.0, -1.0, -1.0, 1.0, -1.0, -1.0, -1.0, -1.0, 3.0, 0.0, 3.0, 0.0, -1.0, -1.0, 0.0, 3.0, 1.0, 2.0, 0.0, 0.0, 3.0, 3.0, 1.0, 2.0, -1.0, 1.0, 0.0, -1.0, 0.0, 2.0, 3.0, 2.0, 0.0, 0.0, 2.0, 2.0, 2.0, 2.0, -1.0, 2.0, 1.0, 0.0, 2.0, 1.0, 1.0, 3.0, 0.0, 1.0, 97250.0, 549.0, 99489.0
