1.02471413928, 1.37670754168, 1.23215517081, 0.82059573437, 5.76854370935, 0.831925665956, 5.83053576234, 1.10771833744, 0.912673909831, 1.42667597926, 1.86128946441, 1.03088335384, 4.58009195189, 0.813500772468, 1.08844415235, 1.12173901746, 1.16978370157, 1.20423814128, 3.40400510495, 1.08656152948, 0.766441135566, 334.544888787, 1.04494857507, 4.52776942392, 1.18426925206, 4.11223779251, 0.890808071234, 37.6916413562, 14.4984488035, 44.0140989194, 0.804289544236
1.02471413928, 1.37670754168, 1.23215517081, 0.82059573437, 5.76854370935, 0.831925665956, 5.83053576234, 1.10771833744, 0.912673909831, 1.42667597926, 1.86128946441, 1.03088335384, 4.58009195189, 0.813500772468, 1.08844415235, 1.12173901746, 1.16978370157, 1.20423814128, 3.40400510495, 1.08656152948, 0.766441135566, 334.544888787, 1.04494857507, 4.52776942392, 1.18426925206, 4.11223779251, 0.890808071234, 37.6916413562, 14.4984488035, 44.0140989194, 0.804289544236
1.02471413928, 1.37670754168, 1.23215517081, 0.82059573437, 5.76854370935, 0.831925665956, 5.83053576234, 1.10771833744, 0.912673909831, 1.42667597926, 1.86128946441, 1.03088335384, 4.58009195189, 0.813500772468, 1.08844415235, 1.12173901746, 1.16978370157, 1.20423814128, 3.40400510495, 1.08656152948, 0.766441135566, 334.544888787, 1.04494857507, 4.52776942392, 1.18426925206, 4.11223779251, 0.890808071234, 37.6916413562, 14.4984488035, 44.0140989194, 0.804289544236
1.02471413928, 1.37670754168, 1.23215517081, 0.82059573437, 5.76854370935, 0.831925665956, 5.83053576234, 1.10771833744, 0.912673909831, 1.42667597926, 1.86128946441, 1.03088335384, 4.58009195189, 0.813500772468, 1.08844415235, 1.12173901746, 1.16978370157, 1.20423814128, 3.40400510495, 1.08656152948, 0.766441135566, 334.544888787, 1.04494857507, 4.52776942392, 1.18426925206, 4.11223779251, 0.890808071234, 37.6916413562, 14.4984488035, 44.0140989194, 0.804289544236
1.02471413928, 1.37670754168, 1.23215517081, 0.82059573437, 5.76854370935, 0.831925665956, 5.83053576234, 1.10771833744, 0.912673909831, 1.42667597926, 1.86128946441, 1.03088335384, 4.58009195189, 0.813500772468, 1.08844415235, 1.12173901746, 1.16978370157, 1.20423814128, 3.40400510495, 1.08656152948, 0.766441135566, 334.544888787, 1.04494857507, 4.52776942392, 1.18426925206, 4.11223779251, 0.890808071234, 37.6916413562, 14.4984488035, 44.0140989194, 0.804289544236
1.02471413928, 1.37670754168, 1.23215517081, 0.82059573437, 5.76854370935, 0.831925665956, 5.83053576234, 1.10771833744, 0.912673909831, 1.42667597926, 1.86128946441, 1.03088335384, 4.58009195189, 0.813500772468, 1.08844415235, 1.12173901746, 1.16978370157, 1.20423814128, 3.40400510495, 1.08656152948, 0.766441135566, 334.544888787, 1.04494857507, 4.52776942392, 1.18426925206, 4.11223779251, 0.890808071234, 37.6916413562, 14.4984488035, 44.0140989194, 0.804289544236
1.02471413928, 1.37670754168, 1.23215517081, 0.82059573437, 5.76854370935, 0.831925665956, 5.83053576234, 1.10771833744, 0.912673909831, 1.42667597926, 1.86128946441, 1.03088335384, 4.58009195189, 0.813500772468, 1.08844415235, 1.12173901746, 1.16978370157, 1.20423814128, 3.40400510495, 1.08656152948, 0.766441135566, 334.544888787, 1.04494857507, 4.52776942392, 1.18426925206, 4.11223779251, 0.890808071234, 37.6916413562, 14.4984488035, 44.0140989194, 0.804289544236
1.02471413928, 1.37670754168, 1.23215517081, 0.82059573437, 5.76854370935, 0.831925665956, 5.83053576234, 1.10771833744, 0.912673909831, 1.42667597926, 1.86128946441, 1.03088335384, 4.58009195189, 0.813500772468, 1.08844415235, 1.12173901746, 1.16978370157, 1.20423814128, 3.40400510495, 1.08656152948, 0.766441135566, 334.544888787, 1.04494857507, 4.52776942392, 1.18426925206, 4.11223779251, 0.890808071234, 37.6916413562, 14.4984488035, 44.0140989194, 0.804289544236
1.02471413928, 1.37670754168, 1.23215517081, 0.82059573437, 5.76854370935, 0.831925665956, 5.83053576234, 1.10771833744, 0.912673909831, 1.42667597926, 1.86128946441, 1.03088335384, 4.58009195189, 0.813500772468, 1.08844415235, 1.12173901746, 1.16978370157, 1.20423814128, 3.40400510495, 1.08656152948, 0.766441135566, 334.544888787, 1.04494857507, 4.52776942392, 1.18426925206, 4.11223779251, 0.890808071234, 37.6916413562, 14.4984488035, 44.0140989194, 0.804289544236
1.02471413928, 1.37670754168, 1.23215517081, 0.82059573437, 5.76854370935, 0.831925665956, 5.83053576234, 1.10771833744, 0.912673909831, 1.42667597926, 1.86128946441, 1.03088335384, 4.58009195189, 0.813500772468, 1.08844415235, 1.12173901746, 1.16978370157, 1.20423814128, 3.40400510495, 1.08656152948, 0.766441135566, 334.544888787, 1.04494857507, 4.52776942392, 1.18426925206, 4.11223779251, 0.890808071234, 37.6916413562, 14.4984488035, 44.0140989194, 0.804289544236
1.02471413928, 1.37670754168, 1.23215517081, 0.82059573437, 5.76854370935, 0.831925665956, 5.83053576234, 1.10771833744, 0.912673909831, 1.42667597926, 1.86128946441, 1.03088335384, 4.58009195189, 0.813500772468, 1.08844415235, 1.12173901746, 1.16978370157, 1.20423814128, 3.40400510495, 1.08656152948, 0.766441135566, 334.544888787, 1.04494857507, 4.52776942392, 1.18426925206, 4.11223779251, 0.890808071234, 37.6916413562, 14.4984488035, 44.0140989194, 0.804289544236
1.02471413928, 1.37670754168, 1.23215517081, 0.82059573437, 5.76854370935, 0.831925665956, 5.83053576234, 1.10771833744, 0.912673909831, 1.42667597926, 1.86128946441, 1.03088335384, 4.58009195189, 0.813500772468, 1.08844415235, 1.12173901746, 1.16978370157, 1.20423814128, 3.40400510495, 1.08656152948, 0.766441135566, 334.544888787, 1.04494857507, 4.52776942392, 1.18426925206, 4.11223779251, 0.890808071234, 37.6916413562, 14.4984488035, 44.0140989194, 0.804289544236
1.02471413928, 1.37670754168, 1.23215517081, 0.82059573437, 5.76854370935, 0.831925665956, 5.83053576234, 1.10771833744, 0.912673909831, 1.42667597926, 1.86128946441, 1.03088335384, 4.58009195189, 0.813500772468, 1.08844415235, 1.12173901746, 1.16978370157, 1.20423814128, 3.40400510495, 1.08656152948, 0.766441135566, 334.544888787, 1.04494857507, 4.52776942392, 1.18426925206, 4.11223779251, 0.890808071234, 37.6916413562, 14.4984488035, 44.0140989194, 0.804289544236
1.03014575899, 1.13767226713, 0.960079735677, 0.82059573437, 5.76854370935, 0.834874671089, 5.83053576234, 1.10767107304, 0.913214582374, 1.42667597926, 1.86128946441, 1.03074929171, 4.57967103276, 0.813500772468, 1.08844410376, 1.12173901746, 1.10319291043, 1.20456269626, 3.40400510495, 1.08656152948, 0.763175010441, 334.544244264, 0.999480460354, 4.52776942392, 1.18426925206, 4.11223779251, 0.890808071234, 11.3512554542, 11.1685687746, 89.7056713912, 1.07238605898
1.03014575899, 1.13767226713, 0.960079735677, 0.82059573437, 5.76854370935, 0.834874671089, 5.83053576234, 1.10767107304, 0.913214582374, 1.42667597926, 1.86128946441, 1.03074929171, 4.57967103276, 0.813500772468, 1.08844410376, 1.12173901746, 1.10319291043, 1.20456269626, 3.40400510495, 1.08656152948, 0.763175010441, 334.544244264, 0.999480460354, 4.52776942392, 1.18426925206, 4.11223779251, 0.890808071234, 11.3512554542, 11.1685687746, 89.7056713912, 1.07238605898
1.03014575899, 1.13767226713, 0.960079735677, 0.82059573437, 5.76854370935, 0.834874671089, 5.83053576234, 1.10767107304, 0.913214582374, 1.42667597926, 1.86128946441, 1.03074929171, 4.57967103276, 0.813500772468, 1.08844410376, 1.12173901746, 1.10319291043, 1.20456269626, 3.40400510495, 1.08656152948, 0.763175010441, 334.544244264, 0.999480460354, 4.52776942392, 1.18426925206, 4.11223779251, 0.890808071234, 11.3512554542, 11.1685687746, 89.7056713912, 1.07238605898
1.03014575899, 1.13767226713, 0.960079735677, 0.82059573437, 5.76854370935, 0.834874671089, 5.83053576234, 1.10767107304, 0.913214582374, 1.42667597926, 1.86128946441, 1.03074929171, 4.57967103276, 0.813500772468, 1.08844410376, 1.12173901746, 1.10319291043, 1.20456269626, 3.40400510495, 1.08656152948, 0.763175010441, 334.544244264, 0.999480460354, 4.52776942392, 1.18426925206, 4.11223779251, 0.890808071234, 11.3512554542, 11.1685687746, 89.7056713912, 1.07238605898
1.03014575899, 1.13767226713, 0.960079735677, 0.82059573437, 5.76854370935, 0.834874671089, 5.83053576234, 1.10767107304, 0.913214582374, 1.42667597926, 1.86128946441, 1.03074929171, 4.57967103276, 0.813500772468, 1.08844410376, 1.12173901746, 1.10319291043, 1.20456269626, 3.40400510495, 1.08656152948, 0.763175010441, 334.544244264, 0.999480460354, 4.52776942392, 1.18426925206, 4.11223779251, 0.890808071234, 11.3512554542, 11.1685687746, 89.7056713912, 1.07238605898
1.03014575899, 1.13767226713, 0.960079735677, 0.82059573437, 5.76854370935, 0.834874671089, 5.83053576234, 1.10767107304, 0.913214582374, 1.42667597926, 1.86128946441, 1.03074929171, 4.57967103276, 0.813500772468, 1.08844410376, 1.12173901746, 1.10319291043, 1.20456269626, 3.40400510495, 1.08656152948, 0.763175010441, 334.544244264, 0.999480460354, 4.52776942392, 1.18426925206, 4.11223779251, 0.890808071234, 11.3512554542, 11.1685687746, 89.7056713912, 1.07238605898
1.03014575899, 1.13767226713, 0.960079735677, 0.82059573437, 5.76854370935, 0.834874671089, 5.83053576234, 1.10767107304, 0.913214582374, 1.42667597926, 1.86128946441, 1.03074929171, 4.57967103276, 0.813500772468, 1.08844410376, 1.12173901746, 1.10319291043, 1.20456269626, 3.40400510495, 1.08656152948, 0.763175010441, 334.544244264, 0.999480460354, 4.52776942392, 1.18426925206, 4.11223779251, 0.890808071234, 11.3512554542, 11.1685687746, 89.7056713912, 1.07238605898
1.03014575899, 1.13767226713, 0.960079735677, 0.82059573437, 5.76854370935, 0.834874671089, 5.83053576234, 1.10767107304, 0.913214582374, 1.42667597926, 1.86128946441, 1.03074929171, 4.57967103276, 0.813500772468, 1.08844410376, 1.12173901746, 1.10319291043, 1.20456269626, 3.40400510495, 1.08656152948, 0.763175010441, 334.544244264, 0.999480460354, 4.52776942392, 1.18426925206, 4.11223779251, 0.890808071234, 11.3512554542, 11.1685687746, 89.7056713912, 1.07238605898
1.03014575899, 1.13767226713, 0.960079735677, 0.82059573437, 5.76854370935, 0.834874671089, 5.83053576234, 1.10767107304, 0.913214582374, 1.42667597926, 1.86128946441, 1.03074929171, 4.57967103276, 0.813500772468, 1.08844410376, 1.12173901746, 1.10319291043, 1.20456269626, 3.40400510495, 1.08656152948, 0.763175010441, 334.544244264, 0.999480460354, 4.52776942392, 1.18426925206, 4.11223779251, 0.890808071234, 11.3512554542, 11.1685687746, 89.7056713912, 1.07238605898
1.03077400042, 1.37199694905, 1.23420654218, 0.813712041584, 5.76854370935, 0.831880014744, 5.83052871459, 1.16683216713, 0.912360022507, 2.56938293367, 1.86128946441, 1.12775955512, 1.9927327003, 0.813500772468, 1.08844415118, 1.54334821707, 1.16705567325, 1.20147207403, 3.28688692406, 1.08641917988, 0.785410856761, 334.544888787, 1.04705917343, 4.52776942392, 1.06473835056, 3.78358443655, 1.07669332688, 16.3906238406, 12.2332440564, 90.7072564689, 2.14477211796
1.03077400042, 1.37199694905, 1.23420654218, 0.813712041584, 5.76854370935, 0.831880014744, 5.83052871459, 1.16683216713, 0.912360022507, 2.56938293367, 1.86128946441, 1.12775955512, 1.9927327003, 0.813500772468, 1.08844415118, 1.54334821707, 1.16705567325, 1.20147207403, 3.28688692406, 1.08641917988, 0.785410856761, 334.544888787, 1.04705917343, 4.52776942392, 1.06473835056, 3.78358443655, 1.07669332688, 16.3906238406, 12.2332440564, 90.7072564689, 2.14477211796
1.03077400042, 1.37199694905, 1.23420654218, 0.813712041584, 5.76854370935, 0.831880014744, 5.83052871459, 1.16683216713, 0.912360022507, 2.56938293367, 1.86128946441, 1.12775955512, 1.9927327003, 0.813500772468, 1.08844415118, 1.54334821707, 1.16705567325, 1.20147207403, 3.28688692406, 1.08641917988, 0.785410856761, 334.544888787, 1.04705917343, 4.52776942392, 1.06473835056, 3.78358443655, 1.07669332688, 16.3906238406, 12.2332440564, 90.7072564689, 2.14477211796
1.03077400042, 1.37199694905, 1.23420654218, 0.813712041584, 5.76854370935, 0.831880014744, 5.83052871459, 1.16683216713, 0.912360022507, 2.56938293367, 1.86128946441, 1.12775955512, 1.9927327003, 0.813500772468, 1.08844415118, 1.54334821707, 1.16705567325, 1.20147207403, 3.28688692406, 1.08641917988, 0.785410856761, 334.544888787, 1.04705917343, 4.52776942392, 1.06473835056, 3.78358443655, 1.07669332688, 16.3906238406, 12.2332440564, 90.7072564689, 2.14477211796
1.03077400042, 1.37199694905, 1.23420654218, 0.813712041584, 5.76854370935, 0.831880014744, 5.83052871459, 1.16683216713, 0.912360022507, 2.56938293367, 1.86128946441, 1.12775955512, 1.9927327003, 0.813500772468, 1.08844415118, 1.54334821707, 1.16705567325, 1.20147207403, 3.28688692406, 1.08641917988, 0.785410856761, 334.544888787, 1.04705917343, 4.52776942392, 1.06473835056, 3.78358443655, 1.07669332688, 16.3906238406, 12.2332440564, 90.7072564689, 2.14477211796
1.03077400042, 1.37199694905, 1.23420654218, 0.813712041584, 5.76854370935, 0.831880014744, 5.83052871459, 1.16683216713, 0.912360022507, 2.56938293367, 1.86128946441, 1.12775955512, 1.9927327003, 0.813500772468, 1.08844415118, 1.54334821707, 1.16705567325, 1.20147207403, 3.28688692406, 1.08641917988, 0.785410856761, 334.544888787, 1.04705917343, 4.52776942392, 1.06473835056, 3.78358443655, 1.07669332688, 16.3906238406, 12.2332440564, 90.7072564689, 2.14477211796
1.03077400042, 1.37199694905, 1.23420654218, 0.813712041584, 5.76854370935, 0.831880014744, 5.83052871459, 1.16683216713, 0.912360022507, 2.56938293367, 1.86128946441, 1.12775955512, 1.9927327003, 0.813500772468, 1.08844415118, 1.54334821707, 1.16705567325, 1.20147207403, 3.28688692406, 1.08641917988, 0.785410856761, 334.544888787, 1.04705917343, 4.52776942392, 1.06473835056, 3.78358443655, 1.07669332688, 16.3906238406, 12.2332440564, 90.7072564689, 2.14477211796
1.03077400042, 1.37199694905, 1.23420654218, 0.813712041584, 5.76854370935, 0.831880014744, 5.83052871459, 1.16683216713, 0.912360022507, 2.56938293367, 1.86128946441, 1.12775955512, 1.9927327003, 0.813500772468, 1.08844415118, 1.54334821707, 1.16705567325, 1.20147207403, 3.28688692406, 1.08641917988, 0.785410856761, 334.544888787, 1.04705917343, 4.52776942392, 1.06473835056, 3.78358443655, 1.07669332688, 16.3906238406, 12.2332440564, 90.7072564689, 2.14477211796
1.03077400042, 1.37199694905, 1.23420654218, 0.813712041584, 5.76854370935, 0.831880014744, 5.83052871459, 1.16683216713, 0.912360022507, 2.56938293367, 1.86128946441, 1.12775955512, 1.9927327003, 0.813500772468, 1.08844415118, 1.54334821707, 1.16705567325, 1.20147207403, 3.28688692406, 1.08641917988, 0.785410856761, 334.544888787, 1.04705917343, 4.52776942392, 1.06473835056, 3.78358443655, 1.07669332688, 16.3906238406, 12.2332440564, 90.7072564689, 2.14477211796
1.0013983115, 1.37670754168, 1.23571559043, 0.813644958023, 5.76854370935, 0.831925665956, 5.83054115612, 1.16634407239, 0.912694397951, 2.87444800407, 1.86128946441, 1.03121824516, 1.9611364644, 0.813500772468, 1.08844415235, 1.55095958238, 1.16978370157, 1.20147207403, 6.06597077254, 1.08660079206, 0.766160163951, 334.544888787, 1.04494857507, 4.52776942392, 1.06473835056, 4.11588750579, 1.11409834953, 116.322056676, 10.9222704085, 280.45503367, 6.70241286863
1.02471413928, 1.37670754168, 1.23215517081, 0.82059573437, 5.76854370935, 0.831925665956, 5.83053576234, 1.10771833744, 0.912673909831, 1.42667597926, 1.86128946441, 1.03088335384, 4.58009195189, 0.813500772468, 1.08844415235, 1.12173901746, 1.16978370157, 1.20423814128, 3.40400510495, 1.08656152948, 0.766441135566, 334.544888787, 1.04494857507, 4.52776942392, 1.18426925206, 4.11223779251, 0.890808071234, 105.448744817, 14.7646937087, 80.1370156398, 0.0
1.02471413928, 1.37670754168, 1.23215517081, 0.82059573437, 5.76854370935, 0.831925665956, 5.83053576234, 1.10771833744, 0.912673909831, 1.42667597926, 1.86128946441, 1.03088335384, 4.58009195189, 0.813500772468, 1.08844415235, 1.12173901746, 1.16978370157, 1.20423814128, 3.40400510495, 1.08656152948, 0.766441135566, 334.544888787, 1.04494857507, 4.52776942392, 1.18426925206, 4.11223779251, 0.890808071234, 105.448744817, 14.7646937087, 80.1370156398, 0.0
1.02476251047, 1.37793165936, 0.960079735677, 0.82059573437, 5.76854370935, 0.831795070246, 5.83053576234, 1.10771979177, 0.913214582374, 1.42667597926, 1.85731677185, 1.03074929171, 4.57967596301, 0.813500772468, 1.08844410376, 1.12173901746, 1.10319291043, 1.21682522394, 3.40400510495, 1.08656152948, 0.763175010441, 334.544244264, 0.999480460354, 4.52776942392, 1.18426925206, 4.11223779251, 0.890808071234, 54.1757768859, 12.3727702767, 122.588236656, 0.804289544236
1.02476251047, 1.37793165936, 0.960079735677, 0.82059573437, 5.76854370935, 0.831795070246, 5.83053576234, 1.10771979177, 0.913214582374, 1.42667597926, 1.85731677185, 1.03074929171, 4.57967596301, 0.813500772468, 1.08844410376, 1.12173901746, 1.10319291043, 1.21682522394, 3.40400510495, 1.08656152948, 0.763175010441, 334.544244264, 0.999480460354, 4.52776942392, 1.18426925206, 4.11223779251, 0.890808071234, 54.1757768859, 12.3727702767, 122.588236656, 0.804289544236
1.02476251047, 1.37793165936, 0.960079735677, 0.82059573437, 5.76854370935, 0.831795070246, 5.83053576234, 1.10771979177, 0.913214582374, 1.42667597926, 1.85731677185, 1.03074929171, 4.57967596301, 0.813500772468, 1.08844410376, 1.12173901746, 1.10319291043, 1.21682522394, 3.40400510495, 1.08656152948, 0.763175010441, 334.544244264, 0.999480460354, 4.52776942392, 1.18426925206, 4.11223779251, 0.890808071234, 54.1757768859, 12.3727702767, 122.588236656, 0.804289544236
1.02476251047, 1.37793165936, 0.960079735677, 0.82059573437, 5.76854370935, 0.831795070246, 5.83053576234, 1.10771979177, 0.913214582374, 1.42667597926, 1.85731677185, 1.03074929171, 4.57967596301, 0.813500772468, 1.08844410376, 1.12173901746, 1.10319291043, 1.21682522394, 3.40400510495, 1.08656152948, 0.763175010441, 334.544244264, 0.999480460354, 4.52776942392, 1.18426925206, 4.11223779251, 0.890808071234, 54.1757768859, 12.3727702767, 122.588236656, 0.804289544236
1.02476251047, 1.37793165936, 0.960079735677, 0.82059573437, 5.76854370935, 0.831795070246, 5.83053576234, 1.10771979177, 0.913214582374, 1.42667597926, 1.85731677185, 1.03074929171, 4.57967596301, 0.813500772468, 1.08844410376, 1.12173901746, 1.10319291043, 1.21682522394, 3.40400510495, 1.08656152948, 0.763175010441, 334.544244264, 0.999480460354, 4.52776942392, 1.18426925206, 4.11223779251, 0.890808071234, 54.1757768859, 12.3727702767, 122.588236656, 0.804289544236
1.02476251047, 1.37793165936, 0.960079735677, 0.82059573437, 5.76854370935, 0.831795070246, 5.83053576234, 1.10771979177, 0.913214582374, 1.42667597926, 1.85731677185, 1.03074929171, 4.57967596301, 0.813500772468, 1.08844410376, 1.12173901746, 1.10319291043, 1.21682522394, 3.40400510495, 1.08656152948, 0.763175010441, 334.544244264, 0.999480460354, 4.52776942392, 1.18426925206, 4.11223779251, 0.890808071234, 54.1757768859, 12.3727702767, 122.588236656, 0.804289544236
1.02476251047, 1.37793165936, 0.960079735677, 0.82059573437, 5.76854370935, 0.831795070246, 5.83053576234, 1.10771979177, 0.913214582374, 1.42667597926, 1.85731677185, 1.03074929171, 4.57967596301, 0.813500772468, 1.08844410376, 1.12173901746, 1.10319291043, 1.21682522394, 3.40400510495, 1.08656152948, 0.763175010441, 334.544244264, 0.999480460354, 4.52776942392, 1.18426925206, 4.11223779251, 0.890808071234, 54.1757768859, 12.3727702767, 122.588236656, 0.804289544236
1.02476251047, 1.37793165936, 0.960079735677, 0.82059573437, 5.76854370935, 0.831795070246, 5.83053576234, 1.10771979177, 0.913214582374, 1.42667597926, 1.85731677185, 1.03074929171, 4.57967596301, 0.813500772468, 1.08844410376, 1.12173901746, 1.10319291043, 1.21682522394, 3.40400510495, 1.08656152948, 0.763175010441, 334.544244264, 0.999480460354, 4.52776942392, 1.18426925206, 4.11223779251, 0.890808071234, 54.1757768859, 12.3727702767, 122.588236656, 0.804289544236
1.02476573097, 1.37670754168, 1.23215517081, 0.82059573437, 5.76854370935, 0.831925665956, 5.83053576234, 1.10771983674, 0.912639838992, 1.42667597926, 1.86128946441, 1.03088335384, 4.58009195189, 0.813500772468, 1.08844415368, 1.12173901746, 1.16803527594, 1.20423814128, 3.40400510495, 1.08656152948, 0.766441135566, 334.544905388, 1.04801408449, 4.52776942392, 1.18426925206, 4.11223779251, 0.890808071234, 16.5498524566, 6.05303848029, 189.34708668, 8.8471849866
1.03014361616, 1.13767226713, 0.962161985072, 0.813529955326, 5.76854370935, 0.807847635844, 5.83053576234, 1.10767107304, 0.913214582374, 1.30583884431, 1.86128946441, 1.03193133656, 4.57967103276, 0.813500772468, 1.08844410327, 1.12079833015, 1.10319291043, 1.22504175912, 5.89246710539, 1.08656152948, 0.773085560827, 334.544324465, 0.999457390207, 4.54997056382, 1.18436355001, 4.11570910098, 0.889555639929, 202.725699682, 13.4350417514, 665.790100388, 5.8981233244
1.03033863194, 1.12935523173, 0.962201611577, 0.82059573437, 5.76854370935, 0.834841403685, 5.83053576234, 1.10775884716, 0.913246132241, 1.42667597926, 1.86128946441, 1.03075111692, 4.57967723247, 0.813500772468, 1.08844336157, 1.12173901746, 1.10319291043, 1.22556081612, 3.40400510495, 1.08656152948, 0.766249278639, 334.502043441, 0.999848576188, 4.52776942392, 1.18426925206, 4.11223779251, 0.890808071234, 95.7215707753, 19.7910810599, 137.548491119, 0.0
1.03033863194, 1.12935523173, 0.962201611577, 0.82059573437, 5.76854370935, 0.834841403685, 5.83053576234, 1.10775884716, 0.913246132241, 1.42667597926, 1.86128946441, 1.03075111692, 4.57967723247, 0.813500772468, 1.08844336157, 1.12173901746, 1.10319291043, 1.22556081612, 3.40400510495, 1.08656152948, 0.766249278639, 334.502043441, 0.999848576188, 4.52776942392, 1.18426925206, 4.11223779251, 0.890808071234, 95.7215707753, 19.7910810599, 137.548491119, 0.0
1.03033863194, 1.12935523173, 0.962201611577, 0.82059573437, 5.76854370935, 0.834841403685, 5.83053576234, 1.10775884716, 0.913246132241, 1.42667597926, 1.86128946441, 1.03075111692, 4.57967723247, 0.813500772468, 1.08844336157, 1.12173901746, 1.10319291043, 1.22556081612, 3.40400510495, 1.08656152948, 0.766249278639, 334.502043441, 0.999848576188, 4.52776942392, 1.18426925206, 4.11223779251, 0.890808071234, 95.7215707753, 19.7910810599, 137.548491119, 0.0
1.03033863194, 1.12935523173, 0.962201611577, 0.82059573437, 5.76854370935, 0.834841403685, 5.83053576234, 1.10775884716, 0.913246132241, 1.42667597926, 1.86128946441, 1.03075111692, 4.57967723247, 0.813500772468, 1.08844336157, 1.12173901746, 1.10319291043, 1.22556081612, 3.40400510495, 1.08656152948, 0.766249278639, 334.502043441, 0.999848576188, 4.52776942392, 1.18426925206, 4.11223779251, 0.890808071234, 95.7215707753, 19.7910810599, 137.548491119, 0.0
1.03033863194, 1.12935523173, 0.962201611577, 0.82059573437, 5.76854370935, 0.834841403685, 5.83053576234, 1.10775884716, 0.913246132241, 1.42667597926, 1.86128946441, 1.03075111692, 4.57967723247, 0.813500772468, 1.08844336157, 1.12173901746, 1.10319291043, 1.22556081612, 3.40400510495, 1.08656152948, 0.766249278639, 334.502043441, 0.999848576188, 4.52776942392, 1.18426925206, 4.11223779251, 0.890808071234, 95.7215707753, 19.7910810599, 137.548491119, 0.0
1.03033863194, 1.12935523173, 0.962201611577, 0.82059573437, 5.76854370935, 0.834841403685, 5.83053576234, 1.10775884716, 0.913246132241, 1.42667597926, 1.86128946441, 1.03075111692, 4.57967723247, 0.813500772468, 1.08844336157, 1.12173901746, 1.10319291043, 1.22556081612, 3.40400510495, 1.08656152948, 0.766249278639, 334.502043441, 0.999848576188, 4.52776942392, 1.18426925206, 4.11223779251, 0.890808071234, 95.7215707753, 19.7910810599, 137.548491119, 0.0
1.03033863194, 1.12935523173, 0.962201611577, 0.82059573437, 5.76854370935, 0.834841403685, 5.83053576234, 1.10775884716, 0.913246132241, 1.42667597926, 1.86128946441, 1.03075111692, 4.57967723247, 0.813500772468, 1.08844336157, 1.12173901746, 1.10319291043, 1.22556081612, 3.40400510495, 1.08656152948, 0.766249278639, 334.502043441, 0.999848576188, 4.52776942392, 1.18426925206, 4.11223779251, 0.890808071234, 95.7215707753, 19.7910810599, 137.548491119, 0.0
1.03033863194, 1.12935523173, 0.962201611577, 0.82059573437, 5.76854370935, 0.834841403685, 5.83053576234, 1.10775884716, 0.913246132241, 1.42667597926, 1.86128946441, 1.03075111692, 4.57967723247, 0.813500772468, 1.08844336157, 1.12173901746, 1.10319291043, 1.22556081612, 3.40400510495, 1.08656152948, 0.766249278639, 334.502043441, 0.999848576188, 4.52776942392, 1.18426925206, 4.11223779251, 0.890808071234, 95.7215707753, 19.7910810599, 137.548491119, 0.0
1.00091416001, 1.13259934413, 0.962306561192, 0.81295477207, 5.76854370935, 0.834841403685, 5.83053576234, 1.10775884716, 0.912363839951, 1.40477098552, 1.86128946441, 1.03075111692, 4.57967723247, 0.813500772468, 1.08844336157, 1.12173901746, 1.10319291043, 1.22556081612, 3.36306599662, 1.08656152948, 0.766439510476, 334.502043441, 1.04450964401, 4.52776942392, 1.06544676255, 4.11223779251, 0.883696365243, 64.3984874179, 10.4926909242, 319.444351621, 6.43431635389
1.00091416001, 1.13259934413, 0.962306561192, 0.81295477207, 5.76854370935, 0.834841403685, 5.83053576234, 1.10775884716, 0.912363839951, 1.40477098552, 1.86128946441, 1.03075111692, 4.57967723247, 0.813500772468, 1.08844336157, 1.12173901746, 1.10319291043, 1.22556081612, 3.36306599662, 1.08656152948, 0.766439510476, 334.502043441, 1.04450964401, 4.52776942392, 1.06544676255, 4.11223779251, 0.883696365243, 64.3984874179, 10.4926909242, 319.444351621, 6.43431635389
1.00091416001, 1.13259934413, 0.962306561192, 0.81295477207, 5.76854370935, 0.834841403685, 5.83053576234, 1.10775884716, 0.912363839951, 1.40477098552, 1.86128946441, 1.03075111692, 4.57967723247, 0.813500772468, 1.08844336157, 1.12173901746, 1.10319291043, 1.22556081612, 3.36306599662, 1.08656152948, 0.766439510476, 334.502043441, 1.04450964401, 4.52776942392, 1.06544676255, 4.11223779251, 0.883696365243, 64.3984874179, 10.4926909242, 319.444351621, 6.43431635389
1.02471413928, 1.37670754168, 1.23215517081, 0.82059573437, 5.76854370935, 0.831925665956, 5.83053576234, 1.10771833744, 0.912673909831, 1.42667597926, 1.86128946441, 1.03088335384, 4.58009195189, 0.812579493233, 1.08844415235, 1.12173901746, 1.16996024617, 1.20423814128, 3.40400510495, 1.08656152948, 0.766441135566, 334.544888787, 1.04494857507, 4.52776942392, 1.18426925206, 4.11223779251, 0.890808071234, 29.3565680055, 7.59911058095, 144.569054959, 2.9490616622
1.02471413928, 1.37670754168, 1.23215517081, 0.82059573437, 5.76854370935, 0.831925665956, 5.83053576234, 1.10771833744, 0.912673909831, 1.42667597926, 1.86128946441, 1.03088335384, 4.58009195189, 0.812579493233, 1.08844415235, 1.12173901746, 1.16996024617, 1.20423814128, 3.40400510495, 1.08656152948, 0.766441135566, 334.544888787, 1.04494857507, 4.52776942392, 1.18426925206, 4.11223779251, 0.890808071234, 29.3565680055, 7.59911058095, 144.569054959, 2.9490616622
1.02471413928, 1.37670754168, 1.23215517081, 0.82059573437, 5.76854370935, 0.831925665956, 5.83053576234, 1.10771833744, 0.912673909831, 1.42667597926, 1.86128946441, 1.03088335384, 4.58009195189, 0.812579493233, 1.08844415235, 1.12173901746, 1.16996024617, 1.20423814128, 3.40400510495, 1.08656152948, 0.766441135566, 334.544888787, 1.04494857507, 4.52776942392, 1.18426925206, 4.11223779251, 0.890808071234, 29.3565680055, 7.59911058095, 144.569054959, 2.9490616622
1.02471413928, 1.37670754168, 1.23215517081, 0.82059573437, 5.76854370935, 0.831925665956, 5.83053576234, 1.10771833744, 0.912673909831, 1.42667597926, 1.86128946441, 1.03088335384, 4.58009195189, 0.812579493233, 1.08844415235, 1.12173901746, 1.16996024617, 1.20423814128, 3.40400510495, 1.08656152948, 0.766441135566, 334.544888787, 1.04494857507, 4.52776942392, 1.18426925206, 4.11223779251, 0.890808071234, 29.3565680055, 7.59911058095, 144.569054959, 2.9490616622
1.02471413928, 1.37670754168, 1.23215517081, 0.82059573437, 5.76854370935, 0.831925665956, 5.83053576234, 1.10771833744, 0.912673909831, 1.42667597926, 1.86128946441, 1.03088335384, 4.58009195189, 0.812579493233, 1.08844415235, 1.12173901746, 1.16996024617, 1.20423814128, 3.40400510495, 1.08656152948, 0.766441135566, 334.544888787, 1.04494857507, 4.52776942392, 1.18426925206, 4.11223779251, 0.890808071234, 29.3565680055, 7.59911058095, 144.569054959, 2.9490616622
1.03077400042, 1.36726352528, 1.23466350479, 0.820335276329, 5.76854370935, 0.834871144577, 5.83052871459, 1.10819739329, 0.912360022507, 2.56938293367, 1.86128946441, 1.03192549914, 1.9927327003, 0.813500772468, 1.08844415118, 1.54334821707, 1.16802090236, 1.20147207403, 3.28688692406, 1.08641917988, 0.785410856761, 334.544873765, 1.00019977458, 4.52776942392, 1.06473835056, 4.12767570783, 1.07669332688, 200.590396619, 24.5423898737, 313.949306744, 1.34048257373
1.03077400042, 1.36726352528, 1.23466350479, 0.820335276329, 5.76854370935, 0.834871144577, 5.83052871459, 1.10819739329, 0.912360022507, 2.56938293367, 1.86128946441, 1.03192549914, 1.9927327003, 0.813500772468, 1.08844415118, 1.54334821707, 1.16802090236, 1.20147207403, 3.28688692406, 1.08641917988, 0.785410856761, 334.544873765, 1.00019977458, 4.52776942392, 1.06473835056, 4.12767570783, 1.07669332688, 200.590396619, 24.5423898737, 313.949306744, 1.34048257373
1.02479968431, 1.37670754168, 0.955183977516, 0.82059573437, 5.76854370935, 0.83192636525, 5.83053576234, 1.10771833744, 0.912673909831, 1.42667597926, 1.86128946441, 1.03088335384, 4.58009195189, 0.813500772468, 1.08147420755, 1.12173901746, 1.16978370157, 1.20456844947, 3.40400510495, 1.08656152948, 0.763193999642, 334.544888787, 1.0480651752, 4.52776942392, 1.18426925206, 4.11223779251, 0.890808071234, 74.3846525926, 11.2108369641, 108.950201779, 3.75335120643
1.02457284615, 1.37670754168, 1.23423695739, 0.82059573437, 5.76854370935, 0.831925665956, 5.83053576234, 1.16696759229, 0.912673909831, 2.53605847831, 1.86128946441, 1.03088335384, 4.60450150821, 0.813500772468, 1.08844415235, 1.54438610563, 1.16708811702, 1.20423814128, 3.40400510495, 1.08642104899, 0.763214072199, 334.544888787, 1.03870745316, 4.52776942392, 1.061753644, 4.11223779251, 0.885471832902, 73.5728431006, 13.825599195, 1047.65986475, 1.07238605898
1.02471413928, 1.37670754168, 1.23215517081, 0.82059573437, 5.76854370935, 0.831925665956, 5.83053576234, 1.10771833744, 0.912673909831, 1.42667597926, 1.86128946441, 1.03088335384, 4.58009195189, 0.812579493233, 1.08844415235, 1.12173901746, 1.16978370157, 1.20423814128, 3.40400510495, 1.08656152948, 0.766441135566, 334.544888787, 1.04494857507, 4.52776942392, 1.18426925206, 4.11223779251, 0.890808071234, 56.5651372331, 8.9943699919, 301.364230418, 4.55764075067
1.02471347023, 1.37793844044, 1.23698812257, 0.82059573437, 5.76854370935, 0.831922231654, 5.83053576234, 1.10771831152, 0.912680500173, 1.42667597926, 1.85731677185, 1.03074915014, 4.57967596301, 0.813500772468, 1.08844410437, 1.12173901746, 1.16693453984, 1.21682522394, 3.40400510495, 1.08656152948, 0.766515961915, 334.544244264, 0.999480460354, 4.52776942392, 1.18426925206, 4.11223779251, 0.890808071234, 18.6924893813, 9.39887287173, 70.9149410456, 3.21715817694
1.02471347023, 1.37793844044, 1.23698812257, 0.82059573437, 5.76854370935, 0.831922231654, 5.83053576234, 1.10771831152, 0.912680500173, 1.42667597926, 1.85731677185, 1.03074915014, 4.57967596301, 0.813500772468, 1.08844410437, 1.12173901746, 1.16693453984, 1.21682522394, 3.40400510495, 1.08656152948, 0.766515961915, 334.544244264, 0.999480460354, 4.52776942392, 1.18426925206, 4.11223779251, 0.890808071234, 18.6924893813, 9.39887287173, 70.9149410456, 3.21715817694
1.02471347023, 1.37793844044, 1.23698812257, 0.82059573437, 5.76854370935, 0.831922231654, 5.83053576234, 1.10771831152, 0.912680500173, 1.42667597926, 1.85731677185, 1.03074915014, 4.57967596301, 0.813500772468, 1.08844410437, 1.12173901746, 1.16693453984, 1.21682522394, 3.40400510495, 1.08656152948, 0.766515961915, 334.544244264, 0.999480460354, 4.52776942392, 1.18426925206, 4.11223779251, 0.890808071234, 18.6924893813, 9.39887287173, 70.9149410456, 3.21715817694
1.02471347023, 1.37793844044, 1.23698812257, 0.82059573437, 5.76854370935, 0.831922231654, 5.83053576234, 1.10771831152, 0.912680500173, 1.42667597926, 1.85731677185, 1.03074915014, 4.57967596301, 0.813500772468, 1.08844410437, 1.12173901746, 1.16693453984, 1.21682522394, 3.40400510495, 1.08656152948, 0.766515961915, 334.544244264, 0.999480460354, 4.52776942392, 1.18426925206, 4.11223779251, 0.890808071234, 18.6924893813, 9.39887287173, 70.9149410456, 3.21715817694
1.02471347023, 1.37793844044, 1.23698812257, 0.82059573437, 5.76854370935, 0.831922231654, 5.83053576234, 1.10771831152, 0.912680500173, 1.42667597926, 1.85731677185, 1.03074915014, 4.57967596301, 0.813500772468, 1.08844410437, 1.12173901746, 1.16693453984, 1.21682522394, 3.40400510495, 1.08656152948, 0.766515961915, 334.544244264, 0.999480460354, 4.52776942392, 1.18426925206, 4.11223779251, 0.890808071234, 18.6924893813, 9.39887287173, 70.9149410456, 3.21715817694
1.02471347023, 1.37793844044, 1.23698812257, 0.82059573437, 5.76854370935, 0.831922231654, 5.83053576234, 1.10771831152, 0.912680500173, 1.42667597926, 1.85731677185, 1.03074915014, 4.57967596301, 0.813500772468, 1.08844410437, 1.12173901746, 1.16693453984, 1.21682522394, 3.40400510495, 1.08656152948, 0.766515961915, 334.544244264, 0.999480460354, 4.52776942392, 1.18426925206, 4.11223779251, 0.890808071234, 18.6924893813, 9.39887287173, 70.9149410456, 3.21715817694
1.02471347023, 1.37793844044, 1.23698812257, 0.82059573437, 5.76854370935, 0.831922231654, 5.83053576234, 1.10771831152, 0.912680500173, 1.42667597926, 1.85731677185, 1.03074915014, 4.57967596301, 0.813500772468, 1.08844410437, 1.12173901746, 1.16693453984, 1.21682522394, 3.40400510495, 1.08656152948, 0.766515961915, 334.544244264, 0.999480460354, 4.52776942392, 1.18426925206, 4.11223779251, 0.890808071234, 18.6924893813, 9.39887287173, 70.9149410456, 3.21715817694
1.02471347023, 1.37793844044, 1.23698812257, 0.82059573437, 5.76854370935, 0.831922231654, 5.83053576234, 1.10771831152, 0.912680500173, 1.42667597926, 1.85731677185, 1.03074915014, 4.57967596301, 0.813500772468, 1.08844410437, 1.12173901746, 1.16693453984, 1.21682522394, 3.40400510495, 1.08656152948, 0.766515961915, 334.544244264, 0.999480460354, 4.52776942392, 1.18426925206, 4.11223779251, 0.890808071234, 18.6924893813, 9.39887287173, 70.9149410456, 3.21715817694
1.02471347023, 1.37793844044, 1.23698812257, 0.82059573437, 5.76854370935, 0.831922231654, 5.83053576234, 1.10771831152, 0.912680500173, 1.42667597926, 1.85731677185, 1.03074915014, 4.57967596301, 0.813500772468, 1.08844410437, 1.12173901746, 1.16693453984, 1.21682522394, 3.40400510495, 1.08656152948, 0.766515961915, 334.544244264, 0.999480460354, 4.52776942392, 1.18426925206, 4.11223779251, 0.890808071234, 18.6924893813, 9.39887287173, 70.9149410456, 3.21715817694
1.02471347023, 1.37793844044, 1.23698812257, 0.82059573437, 5.76854370935, 0.831922231654, 5.83053576234, 1.10771831152, 0.912680500173, 1.42667597926, 1.85731677185, 1.03074915014, 4.57967596301, 0.813500772468, 1.08844410437, 1.12173901746, 1.16693453984, 1.21682522394, 3.40400510495, 1.08656152948, 0.766515961915, 334.544244264, 0.999480460354, 4.52776942392, 1.18426925206, 4.11223779251, 0.890808071234, 18.6924893813, 9.39887287173, 70.9149410456, 3.21715817694
1.02471347023, 1.37793844044, 1.23698812257, 0.82059573437, 5.76854370935, 0.831922231654, 5.83053576234, 1.10771831152, 0.912680500173, 1.42667597926, 1.85731677185, 1.03074915014, 4.57967596301, 0.813500772468, 1.08844410437, 1.12173901746, 1.16693453984, 1.21682522394, 3.40400510495, 1.08656152948, 0.766515961915, 334.544244264, 0.999480460354, 4.52776942392, 1.18426925206, 4.11223779251, 0.890808071234, 18.6924893813, 9.39887287173, 70.9149410456, 3.21715817694
1.02471347023, 1.37793844044, 1.23698812257, 0.82059573437, 5.76854370935, 0.831922231654, 5.83053576234, 1.10771831152, 0.912680500173, 1.42667597926, 1.85731677185, 1.03074915014, 4.57967596301, 0.813500772468, 1.08844410437, 1.12173901746, 1.16693453984, 1.21682522394, 3.40400510495, 1.08656152948, 0.766515961915, 334.544244264, 0.999480460354, 4.52776942392, 1.18426925206, 4.11223779251, 0.890808071234, 18.6924893813, 9.39887287173, 70.9149410456, 3.21715817694
1.02471347023, 1.37793844044, 1.23698812257, 0.82059573437, 5.76854370935, 0.831922231654, 5.83053576234, 1.10771831152, 0.912680500173, 1.42667597926, 1.85731677185, 1.03074915014, 4.57967596301, 0.813500772468, 1.08844410437, 1.12173901746, 1.16693453984, 1.21682522394, 3.40400510495, 1.08656152948, 0.766515961915, 334.544244264, 0.999480460354, 4.52776942392, 1.18426925206, 4.11223779251, 0.890808071234, 18.6924893813, 9.39887287173, 70.9149410456, 3.21715817694
1.02471347023, 1.37793844044, 1.23698812257, 0.82059573437, 5.76854370935, 0.831922231654, 5.83053576234, 1.10771831152, 0.912680500173, 1.42667597926, 1.85731677185, 1.03074915014, 4.57967596301, 0.813500772468, 1.08844410437, 1.12173901746, 1.16693453984, 1.21682522394, 3.40400510495, 1.08656152948, 0.766515961915, 334.544244264, 0.999480460354, 4.52776942392, 1.18426925206, 4.11223779251, 0.890808071234, 18.6924893813, 9.39887287173, 70.9149410456, 3.21715817694
1.02471347023, 1.37793844044, 1.23698812257, 0.82059573437, 5.76854370935, 0.831922231654, 5.83053576234, 1.10771831152, 0.912680500173, 1.42667597926, 1.85731677185, 1.03074915014, 4.57967596301, 0.813500772468, 1.08844410437, 1.12173901746, 1.16693453984, 1.21682522394, 3.40400510495, 1.08656152948, 0.766515961915, 334.544244264, 0.999480460354, 4.52776942392, 1.18426925206, 4.11223779251, 0.890808071234, 18.6924893813, 9.39887287173, 70.9149410456, 3.21715817694
1.02471347023, 1.37793844044, 1.23698812257, 0.82059573437, 5.76854370935, 0.831922231654, 5.83053576234, 1.10771831152, 0.912680500173, 1.42667597926, 1.85731677185, 1.03074915014, 4.57967596301, 0.813500772468, 1.08844410437, 1.12173901746, 1.16693453984, 1.21682522394, 3.40400510495, 1.08656152948, 0.766515961915, 334.544244264, 0.999480460354, 4.52776942392, 1.18426925206, 4.11223779251, 0.890808071234, 18.6924893813, 9.39887287173, 70.9149410456, 3.21715817694
1.03077400042, 1.11326403431, 1.24359092063, 0.813704600261, 5.76854370935, 0.831880014744, 5.83052879441, 1.10833509491, 0.912363861825, 2.57718463768, 1.86128946441, 1.12723746835, 2.03017909476, 0.811657056381, 1.08844336873, 1.56078474731, 1.16705567325, 1.22484371942, 3.36381769421, 1.08642148634, 0.784931850336, 334.544167067, 1.04453063395, 4.63540537703, 1.06548171186, 4.09640512417, 1.07669332688, 16.2039312783, 11.8728093704, 161.568799005, 0.536193029491
1.03077400042, 1.11326403431, 1.24359092063, 0.813704600261, 5.76854370935, 0.831880014744, 5.83052879441, 1.10833509491, 0.912363861825, 2.57718463768, 1.86128946441, 1.12723746835, 2.03017909476, 0.811657056381, 1.08844336873, 1.56078474731, 1.16705567325, 1.22484371942, 3.36381769421, 1.08642148634, 0.784931850336, 334.544167067, 1.04453063395, 4.63540537703, 1.06548171186, 4.09640512417, 1.07669332688, 16.2039312783, 11.8728093704, 161.568799005, 0.536193029491
1.03077400042, 1.11326403431, 1.24359092063, 0.813704600261, 5.76854370935, 0.831880014744, 5.83052879441, 1.10833509491, 0.912363861825, 2.57718463768, 1.86128946441, 1.12723746835, 2.03017909476, 0.811657056381, 1.08844336873, 1.56078474731, 1.16705567325, 1.22484371942, 3.36381769421, 1.08642148634, 0.784931850336, 334.544167067, 1.04453063395, 4.63540537703, 1.06548171186, 4.09640512417, 1.07669332688, 16.2039312783, 11.8728093704, 161.568799005, 0.536193029491
1.03077400042, 1.11326403431, 1.24359092063, 0.813704600261, 5.76854370935, 0.831880014744, 5.83052879441, 1.10833509491, 0.912363861825, 2.57718463768, 1.86128946441, 1.12723746835, 2.03017909476, 0.811657056381, 1.08844336873, 1.56078474731, 1.16705567325, 1.22484371942, 3.36381769421, 1.08642148634, 0.784931850336, 334.544167067, 1.04453063395, 4.63540537703, 1.06548171186, 4.09640512417, 1.07669332688, 16.2039312783, 11.8728093704, 161.568799005, 0.536193029491
1.03077400042, 1.11326403431, 1.24359092063, 0.813704600261, 5.76854370935, 0.831880014744, 5.83052879441, 1.10833509491, 0.912363861825, 2.57718463768, 1.86128946441, 1.12723746835, 2.03017909476, 0.811657056381, 1.08844336873, 1.56078474731, 1.16705567325, 1.22484371942, 3.36381769421, 1.08642148634, 0.784931850336, 334.544167067, 1.04453063395, 4.63540537703, 1.06548171186, 4.09640512417, 1.07669332688, 16.2039312783, 11.8728093704, 161.568799005, 0.536193029491
1.02476693768, 1.38147799185, 1.24360511201, 0.820508634368, 5.76854370935, 0.831880014744, 5.83053569417, 1.10833509491, 0.912363861825, 1.39586203884, 1.86128946441, 1.12701661352, 2.03017909476, 0.811657056381, 1.08844336873, 1.54848725478, 1.16989903318, 1.22484371942, 3.40357844419, 1.08642148634, 0.784931850336, 334.544167067, 1.04453063395, 4.63540537703, 1.18609904339, 4.09609050847, 1.07669332688, 31.006090987, 8.75074912347, 211.132959616, 1.07238605898
1.02462704208, 1.14078211694, 1.22461503052, 0.82059573437, 5.76854370935, 0.834874671089, 5.83053576234, 1.10767107304, 0.912672741808, 1.42667597926, 1.86128946441, 1.03074929171, 4.57967103276, 0.813500772468, 1.08844410441, 1.12173901746, 1.1041027731, 1.2042371831, 3.40400510495, 1.08656152948, 0.762205539667, 334.544868171, 0.999480460354, 4.52776942392, 1.18426925206, 4.11223779251, 0.870349000548, 62.9507065713, 12.9745603225, 148.881624871, 1.07238605898
1.02462704208, 1.14078211694, 1.22461503052, 0.82059573437, 5.76854370935, 0.834874671089, 5.83053576234, 1.10767107304, 0.912672741808, 1.42667597926, 1.86128946441, 1.03074929171, 4.57967103276, 0.813500772468, 1.08844410441, 1.12173901746, 1.1041027731, 1.2042371831, 3.40400510495, 1.08656152948, 0.762205539667, 334.544868171, 0.999480460354, 4.52776942392, 1.18426925206, 4.11223779251, 0.870349000548, 62.9507065713, 12.9745603225, 148.881624871, 1.07238605898
1.02462704208, 1.14078211694, 1.22461503052, 0.82059573437, 5.76854370935, 0.834874671089, 5.83053576234, 1.10767107304, 0.912672741808, 1.42667597926, 1.86128946441, 1.03074929171, 4.57967103276, 0.813500772468, 1.08844410441, 1.12173901746, 1.1041027731, 1.2042371831, 3.40400510495, 1.08656152948, 0.762205539667, 334.544868171, 0.999480460354, 4.52776942392, 1.18426925206, 4.11223779251, 0.870349000548, 62.9507065713, 12.9745603225, 148.881624871, 1.07238605898
1.02462704208, 1.14078211694, 1.22461503052, 0.82059573437, 5.76854370935, 0.834874671089, 5.83053576234, 1.10767107304, 0.912672741808, 1.42667597926, 1.86128946441, 1.03074929171, 4.57967103276, 0.813500772468, 1.08844410441, 1.12173901746, 1.1041027731, 1.2042371831, 3.40400510495, 1.08656152948, 0.762205539667, 334.544868171, 0.999480460354, 4.52776942392, 1.18426925206, 4.11223779251, 0.870349000548, 62.9507065713, 12.9745603225, 148.881624871, 1.07238605898
1.02462704208, 1.14078211694, 1.22461503052, 0.82059573437, 5.76854370935, 0.834874671089, 5.83053576234, 1.10767107304, 0.912672741808, 1.42667597926, 1.86128946441, 1.03074929171, 4.57967103276, 0.813500772468, 1.08844410441, 1.12173901746, 1.1041027731, 1.2042371831, 3.40400510495, 1.08656152948, 0.762205539667, 334.544868171, 0.999480460354, 4.52776942392, 1.18426925206, 4.11223779251, 0.870349000548, 62.9507065713, 12.9745603225, 148.881624871, 1.07238605898
1.02471347023, 1.33458277474, 1.23698812257, 0.82059573437, 5.76854370935, 0.831922231654, 5.83053576234, 1.10771831152, 0.912680500173, 1.53179649899, 1.85731677185, 1.03074915014, 4.57967596301, 0.813500772468, 1.08844410437, 1.12173901746, 1.16693453984, 1.21682522394, 3.40400510495, 1.08656152948, 0.766515961915, 334.544244264, 0.999480460354, 4.52041842618, 1.18426925206, 4.11223779251, 0.890808071234, 31.1591452849, 10.3418366888, 64.0434275424, 0.0
1.02471347023, 1.33458277474, 1.23698812257, 0.82059573437, 5.76854370935, 0.831922231654, 5.83053576234, 1.10771831152, 0.912680500173, 1.53179649899, 1.85731677185, 1.03074915014, 4.57967596301, 0.813500772468, 1.08844410437, 1.12173901746, 1.16693453984, 1.21682522394, 3.40400510495, 1.08656152948, 0.766515961915, 334.544244264, 0.999480460354, 4.52041842618, 1.18426925206, 4.11223779251, 0.890808071234, 31.1591452849, 10.3418366888, 64.0434275424, 0.0
1.02471347023, 1.33458277474, 1.23698812257, 0.82059573437, 5.76854370935, 0.831922231654, 5.83053576234, 1.10771831152, 0.912680500173, 1.53179649899, 1.85731677185, 1.03074915014, 4.57967596301, 0.813500772468, 1.08844410437, 1.12173901746, 1.16693453984, 1.21682522394, 3.40400510495, 1.08656152948, 0.766515961915, 334.544244264, 0.999480460354, 4.52041842618, 1.18426925206, 4.11223779251, 0.890808071234, 31.1591452849, 10.3418366888, 64.0434275424, 0.0
1.02471347023, 1.33458277474, 1.23698812257, 0.82059573437, 5.76854370935, 0.831922231654, 5.83053576234, 1.10771831152, 0.912680500173, 1.53179649899, 1.85731677185, 1.03074915014, 4.57967596301, 0.813500772468, 1.08844410437, 1.12173901746, 1.16693453984, 1.21682522394, 3.40400510495, 1.08656152948, 0.766515961915, 334.544244264, 0.999480460354, 4.52041842618, 1.18426925206, 4.11223779251, 0.890808071234, 31.1591452849, 10.3418366888, 64.0434275424, 0.0
1.02471347023, 1.33458277474, 1.23698812257, 0.82059573437, 5.76854370935, 0.831922231654, 5.83053576234, 1.10771831152, 0.912680500173, 1.53179649899, 1.85731677185, 1.03074915014, 4.57967596301, 0.813500772468, 1.08844410437, 1.12173901746, 1.16693453984, 1.21682522394, 3.40400510495, 1.08656152948, 0.766515961915, 334.544244264, 0.999480460354, 4.52041842618, 1.18426925206, 4.11223779251, 0.890808071234, 31.1591452849, 10.3418366888, 64.0434275424, 0.0
1.02471347023, 1.33458277474, 1.23698812257, 0.82059573437, 5.76854370935, 0.831922231654, 5.83053576234, 1.10771831152, 0.912680500173, 1.53179649899, 1.85731677185, 1.03074915014, 4.57967596301, 0.813500772468, 1.08844410437, 1.12173901746, 1.16693453984, 1.21682522394, 3.40400510495, 1.08656152948, 0.766515961915, 334.544244264, 0.999480460354, 4.52041842618, 1.18426925206, 4.11223779251, 0.890808071234, 31.1591452849, 10.3418366888, 64.0434275424, 0.0
1.02471347023, 1.33458277474, 1.23698812257, 0.82059573437, 5.76854370935, 0.831922231654, 5.83053576234, 1.10771831152, 0.912680500173, 1.53179649899, 1.85731677185, 1.03074915014, 4.57967596301, 0.813500772468, 1.08844410437, 1.12173901746, 1.16693453984, 1.21682522394, 3.40400510495, 1.08656152948, 0.766515961915, 334.544244264, 0.999480460354, 4.52041842618, 1.18426925206, 4.11223779251, 0.890808071234, 31.1591452849, 10.3418366888, 64.0434275424, 0.0
1.02471347023, 1.33458277474, 1.23698812257, 0.82059573437, 5.76854370935, 0.831922231654, 5.83053576234, 1.10771831152, 0.912680500173, 1.53179649899, 1.85731677185, 1.03074915014, 4.57967596301, 0.813500772468, 1.08844410437, 1.12173901746, 1.16693453984, 1.21682522394, 3.40400510495, 1.08656152948, 0.766515961915, 334.544244264, 0.999480460354, 4.52041842618, 1.18426925206, 4.11223779251, 0.890808071234, 31.1591452849, 10.3418366888, 64.0434275424, 0.0
