4.62303971191, 1.00000064963, 1.13413367963, 0.972314654051, 6.81647775197, 0.854978476303, 2.54259478058, 1.06473478205, 0.947774729251, 5.15607430906, 5.66761510433, 1.21651116592, 2.96121184733, 1.24125452422, 1.09000048599, 1.00089181979, 1.01539706332, 0.926855232295, 3.00025010502, 1.09819430268, 0.952066755701, 465.454399413, 1.00505469192, 2.02409502474, 1.05150176699, 2.6518611782, 0.951636977225, 28.4932191093, 13.6920799882, 54.3707754868, 0.536193029491
2.99754107262, 1.00000084074, 1.2292276071, 1.14844889021, 2.20370220533, 0.834091437824, 4.86674422937, 1.02596430239, 0.94248672263, 4.48114093969, 5.44967744027, 0.855091757948, 2.73723449004, 1.193429114, 1.09000004501, 1.0880116724, 1.04795833362, 1.05079286747, 5.13245754579, 1.18952179416, 0.930017254328, 644.797641854, 1.14289633224, 2.14119555342, 1.09892990249, 2.85164001693, 1.14173652332, 29.3367463953, 7.41836736063, 120.883525617, 2.41286863271
3.1156815958, 1.00000000944, 1.30124558725, 1.02179219882, 6.73952770804, 0.91668646252, 1.32737336067, 1.2217977712, 0.990018269455, 5.88795197429, 5.3733045375, 1.18672677462, 1.64978413074, 1.13103388772, 1.09000038056, 1.00636746825, 1.02421110956, 1.10456924286, 7.6268656389, 0.948962178248, 0.772136765881, 559.544096867, 1.18453340435, 5.14090286045, 1.14890154475, 3.10053226862, 0.962013756295, 11.3729104331, 7.86369790459, 25.881082951, 2.14477211796
3.35785084018, 1.00000045702, 1.62423520743, 0.922949283149, 2.37361078564, 0.73304271737, 4.51493136233, 1.17621814949, 0.918866036544, 1.7323196614, 6.23535870238, 1.00967049322, 4.18572063176, 1.08411037138, 1.09000089615, 1.08789949404, 1.00031009454, 0.992496128794, 3.02291428535, 1.02060376787, 0.897686814876, 39.3020394017, 0.944271492585, 3.58693016667, 0.963000241975, 3.4232750101, 1.11470634808, 38.7895665158, 11.1070502329, 39.1910535526, 0.536193029491
3.98158110435, 1.00000031128, 1.59906723026, 1.18071650628, 6.79338100312, 0.950968061765, 5.99041305396, 1.11966197509, 0.934375080296, 5.69590191721, 5.51321106086, 1.09284883265, 3.91354053842, 0.886425191834, 1.09000085043, 1.0305255243, 1.02923506044, 0.823738346238, 9.98986551422, 1.00998437904, 0.794262334247, 205.527796628, 1.06940891873, 3.947937048, 1.01666827926, 1.50627998614, 1.13013817261, 78.2605064725, 18.2373726981, 96.1776835256, 0.0
4.50730494703, 1.00000040916, 1.69504203978, 1.0770542847, 5.71098667856, 0.819021109527, 1.00183537558, 1.04615665527, 0.947636676283, 1.44060349548, 6.11304720073, 0.905620493273, 1.47294886127, 0.996853322014, 1.09000030715, 1.09184175591, 1.03190392411, 1.13821847995, 6.45911787238, 1.17895869429, 0.89140722814, 995.121700489, 1.10167529569, 5.51650007262, 0.988156030726, 5.41073344094, 1.27039815008, 55.2782703754, 12.4902992296, 109.450326023, 0.0
5.75016265294, 1.00000043901, 1.08679430305, 1.03145799365, 6.52269325038, 0.786013953522, 3.63465304963, 1.20369019277, 0.966730939565, 1.86031245134, 5.71258787728, 1.00129606857, 2.53151424355, 0.810020627276, 1.09000037259, 1.09063667976, 1.00349155272, 1.10425971153, 7.6901160171, 0.982972822274, 0.83271615305, 368.946909837, 1.19569735561, 2.19257974525, 1.15272728632, 5.27628425997, 1.28109842892, 24.474855011, 13.3619462017, 78.5867171067, 2.14477211796
1.61840903368, 1.00000084922, 1.36928557805, 0.857245047065, 6.84636853665, 0.95853158059, 4.35307329684, 1.02745608141, 0.950666058397, 1.52833849826, 5.06036230456, 0.947409653469, 3.26414887285, 1.2339217162, 1.09000048467, 1.09437662478, 1.01132283197, 0.867766585714, 8.94553861041, 1.09487456315, 0.930742824846, 353.567252328, 1.16602384618, 2.5885710105, 0.982865741617, 2.03786340439, 1.15790506906, 12.8495600969, 11.0600647153, 113.284169699, 2.9490616622
3.761723745, 1.0000003748, 1.5557222731, 1.17070344008, 6.02188278218, 0.968494883243, 5.14233815365, 1.03278162336, 0.990569497019, 4.17465377748, 4.75776741865, 1.13734606031, 3.47421778247, 1.0729755145, 1.09000093171, 1.09054316455, 1.00969727665, 0.894228265393, 4.078954214, 0.911868580612, 0.773422359836, 55.196919646, 0.968582982045, 1.86800941803, 0.991744976999, 4.31302347226, 1.14964567764, 36.6564674945, 15.0910470514, 387.763430888, 0.804289544236
1.44889234708, 1.00000083139, 1.52448062658, 1.06213774437, 1.75863047166, 0.859460722939, 2.41338954816, 1.01136543403, 0.901790431962, 2.2253206148, 5.55428135071, 0.88883181713, 1.85008876837, 0.912412647185, 1.09000099142, 1.00515204402, 1.00185040124, 1.11179994631, 7.07259704305, 1.00416713779, 0.775346451147, 675.726876613, 0.950039444877, 4.15821856329, 1.11971992323, 3.30886523471, 1.06969612762, 52.2326880075, 12.3020849293, 673.586880467, 1.07238605898
4.26800029512, 1.00000089165, 1.54351240746, 1.07705511621, 4.0397898433, 0.96397949901, 4.47167989059, 1.04061329059, 0.921920634662, 3.61865982888, 4.94353725191, 1.20137650016, 2.77661070114, 1.08411037138, 1.090000791, 1.08423221154, 1.01251553508, 1.01415975942, 6.0251103917, 1.06423419514, 0.818924956946, 541.715467635, 1.17520497615, 3.89172055354, 0.973183147313, 3.4232750101, 0.901625446311, 60.9258618409, 8.91291073664, 196.07371542, 4.28954423592
2.91952282931, 1.00000045736, 1.28845919067, 1.13860076379, 7.06975662352, 0.828872978531, 1.72008014318, 1.1135681708, 0.922225731536, 4.21968390396, 6.16651002647, 1.08290546883, 4.03545448685, 0.828375488016, 1.09000068655, 1.08018483972, 1.00001911539, 0.921487063249, 6.70397291502, 0.973323100296, 0.776759843816, 601.004381804, 1.17157698991, 4.78781451706, 1.13491492277, 4.80784190333, 1.1620484301, 52.5711726422, 10.5651789887, 838.200765898, 4.02144772118
2.99754107262, 1.00000000944, 1.2292276071, 1.14844889021, 2.20370220533, 0.834091437824, 4.86674422937, 1.02596430239, 0.94248672263, 4.85872892705, 5.44967744027, 0.898381925574, 2.73723449004, 1.193429114, 1.09000004501, 1.0880116724, 1.04795833362, 1.05079286747, 7.60465335825, 1.18952179416, 0.930017254328, 644.797641854, 1.14289633224, 2.14119555342, 1.09892990249, 2.85164001693, 1.14173652332, 39.4607739243, 8.08734457647, 197.318267524, 6.97050938338
4.71721271721, 1.0000003748, 1.72926014846, 1.17070344008, 6.84636853665, 0.968494883243, 5.14233815365, 1.03278162336, 0.990569497019, 4.17465377748, 4.75776741865, 1.13734606031, 3.47421778247, 1.0729755145, 1.09000093171, 1.09054316455, 1.00969727665, 0.986350193248, 4.078954214, 0.911868580612, 0.773422359836, 55.196919646, 0.968582982045, 2.5885710105, 0.991744976999, 4.31302347226, 1.14964567764, 85.815111533, 9.82236319219, 595.788309916, 4.55764075067
2.92418564966, 1.00000081591, 1.32721188563, 1.03051422847, 5.79511967296, 0.784661552217, 3.36730720677, 1.04164557881, 0.903880526617, 3.711007228, 5.14656634943, 0.841663790279, 3.31447975535, 1.21675422182, 1.0900001594, 1.08890382954, 1.00388985768, 1.19109751946, 7.41160955464, 1.12000529708, 0.894870149925, 606.230387528, 1.17277116412, 5.37475653137, 1.16511810067, 5.02862213004, 1.22447070783, 94.2585059769, 10.4512383725, 405.0321602, 6.97050938338
4.28836422594, 1.00000080398, 1.49567435078, 1.11039151934, 3.66281342696, 0.932774758308, 5.26724399738, 1.14246808267, 0.94925422736, 3.3833108034, 6.19695608091, 1.11985495772, 3.59924504038, 1.23155546486, 1.0900000455, 1.02199084795, 1.04049397546, 1.14687072166, 9.5103233116, 1.14457437548, 0.933209646231, 715.276482767, 1.07510289041, 5.59095511749, 1.01926245814, 2.01786864225, 0.962798490009, 54.0316772332, 12.9514041941, 659.013692749, 2.14477211796
4.62303971191, 1.00000064963, 1.13413367963, 0.972314654051, 5.70683246623, 0.854978476303, 2.54259478058, 1.06473478205, 0.947774729251, 1.83837154109, 5.24366797562, 1.21651116592, 2.96121184733, 1.24125452422, 1.09000048599, 1.00089181979, 1.0430576451, 0.926855232295, 9.7444387944, 1.09819430268, 0.952066755701, 257.930230883, 1.00505469192, 1.82503546145, 1.05150176699, 5.02862213004, 0.951636977225, 179.167524127, 12.3914071747, 1369.27075394, 1.34048257373
4.11754463721, 1.00000078473, 1.21974326809, 1.03726095753, 5.79511967296, 0.720633963452, 1.6297056665, 1.18545352193, 0.998060325318, 2.44699228092, 5.14656634943, 1.04641423879, 2.70477492385, 1.1496962632, 1.09000096994, 1.06390629914, 1.02057608038, 1.22969590056, 3.30035201716, 1.02010197962, 0.868228598705, 11.0353192415, 0.96251220538, 5.37475653137, 1.14202272743, 3.70791992154, 1.17546261955, 59.6173996388, 12.9232987094, 249.649262193, 1.60857908847
4.62303971191, 1.00000064963, 1.13413367963, 1.1370174264, 6.81647775197, 0.854978476303, 2.54259478058, 1.06473478205, 0.947636676283, 5.15607430906, 5.66761510433, 1.21651116592, 2.96121184733, 1.24125452422, 1.09000048599, 1.00089181979, 1.01539706332, 0.926855232295, 3.00025010502, 1.09819430268, 0.952066755701, 465.454399413, 1.00505469192, 2.02409502474, 1.05150176699, 2.6518611782, 0.951636977225, 60.6721350092, 13.1844990305, 465.670962149, 0.536193029491
2.26121693838, 1.00000050071, 1.36399996155, 0.974780280136, 5.49967352188, 0.851100756984, 3.58337768483, 1.01756341791, 0.941563191992, 5.86929538017, 5.3652329795, 0.847442456155, 4.5231684469, 1.08587743453, 1.09000066846, 1.04013117943, 1.02043856068, 1.01399440323, 5.3755422776, 1.16257160437, 0.799051819345, 238.690124139, 1.06145839961, 4.91690541723, 1.1053095037, 4.74379797736, 1.13135381128, 211.563849845, 19.4616720231, 449.164669231, 0.0
4.50730494703, 1.00000040916, 1.69504203978, 1.0770542847, 5.71098667856, 0.819021109527, 1.00183537558, 1.18282610113, 0.947636676283, 1.44060349548, 6.11304720073, 0.905620493273, 1.47294886127, 0.996853322014, 1.09000030715, 1.09184175591, 1.03190392411, 1.00334840416, 9.7444387944, 1.06209517143, 0.89140722814, 980.20051943, 1.10167529569, 5.51650007262, 0.988156030726, 5.41073344094, 1.27039815008, 166.753570012, 22.3662890587, 464.098073036, 0.268096514745
3.98158110435, 1.00000016152, 1.69725975428, 1.12066724503, 6.96152061641, 0.769140143753, 4.31763907346, 1.12982239808, 0.908925299475, 6.10688953241, 5.98099834034, 0.942517646336, 2.67786879894, 1.18916115779, 1.09000035422, 1.10409708888, 1.04103955945, 0.884373736436, 9.96237361612, 1.05301289636, 0.762337374875, 100.250943503, 0.925324536855, 1.6343731338, 1.02877856657, 1.50627998614, 0.8732243285, 82.4768101728, 19.418980886, 541.601944466, 0.268096514745
2.59328292153, 1.00000045702, 1.62423520743, 0.922949283149, 2.37361078564, 0.745388721027, 4.51493136233, 1.17621814949, 0.938541748928, 1.7323196614, 6.23535870238, 1.00967049322, 4.18572063176, 1.08411037138, 1.09000089615, 1.02153324133, 1.00031009454, 1.02917513784, 3.02291428535, 1.02060376787, 0.897686814876, 39.3020394017, 0.944271492585, 3.58693016667, 1.02112969326, 3.4232750101, 1.11470634808, 105.055396728, 19.9494090364, 820.991881374, 0.0
4.50730494703, 1.00000007431, 1.69504203978, 1.0770542847, 5.71098667856, 0.819021109527, 1.02382410088, 1.18282610113, 0.947636676283, 1.44060349548, 6.11304720073, 0.99153346213, 1.47294886127, 0.964454135638, 1.09000014446, 1.09184175591, 1.03190392411, 1.07948359037, 9.7444387944, 1.06209517143, 0.89140722814, 980.755073488, 1.10167529569, 1.01456593849, 0.985999902608, 5.41073344094, 1.27039815008, 157.027591179, 11.7845776258, 734.052844176, 3.21715817694
1.67638758579, 1.00000068485, 1.49567435078, 0.843914555557, 4.12102161815, 0.975821703114, 2.03214848201, 1.04300862388, 0.91966451308, 4.85571351998, 5.90025001223, 0.945171592221, 2.38115144592, 0.881789875258, 1.09000008313, 1.02184065175, 1.04452028218, 1.07227410758, 7.32766200278, 1.0184029129, 0.921599556831, 362.963260053, 0.978130352675, 1.00235971233, 1.09772055518, 2.73789531881, 0.90733930643, 95.0111506946, 12.0694025043, 621.766692157, 3.75335120643
1.67638758579, 1.00000068485, 1.49567435078, 0.843914555557, 4.12102161815, 0.958634067859, 2.03214848201, 1.0492491261, 0.91966451308, 4.85571351998, 5.66080179855, 0.924059219954, 2.38115144592, 0.881789875258, 1.09000008313, 1.02184065175, 1.04236632496, 1.07227410758, 7.32766200278, 1.0184029129, 0.921599556831, 362.963260053, 0.978130352675, 1.04681463937, 1.09772055518, 2.73789531881, 0.90733930643, 114.775961725, 11.150112697, 479.727824981, 6.43431635389
4.28836422594, 1.00000080398, 1.6858916839, 1.11039151934, 3.66281342696, 0.932774758308, 5.26724399738, 1.14246808267, 0.94925422736, 3.3833108034, 6.19695608091, 1.11985495772, 3.59924504038, 1.16863832874, 1.0900000455, 1.02199084795, 1.04049397546, 1.14687072166, 9.47141187998, 1.14457437548, 0.933209646231, 140.77972685, 1.07510289041, 5.59095511749, 1.01926245814, 2.01786864225, 0.962798490009, 136.716852147, 13.9774847538, 294.583883648, 0.804289544236
1.08343192328, 1.00000095612, 1.36399996155, 0.974780280136, 2.69327587849, 0.934252923383, 4.02398232759, 1.23996577104, 0.957946584309, 4.02631492264, 5.26726370504, 1.03409213339, 3.3542214266, 1.04820961592, 1.09000086104, 1.07552788825, 1.0375086472, 1.18194726705, 4.8565545028, 0.936564321877, 0.832762461017, 135.010886339, 1.06723585845, 4.68032123349, 0.999206380031, 3.2238053904, 1.00763738634, 117.565452162, 15.9885256814, 217.347487483, 0.536193029491
5.09520709309, 1.00000076158, 1.10196025525, 0.983503737919, 4.18404590423, 0.814458992435, 4.7389621309, 1.10261375325, 0.977847194941, 1.90662003188, 5.16592726796, 1.13169384535, 4.85394137676, 0.977510027884, 1.09000033505, 1.06234394246, 1.01215207269, 1.0850821242, 7.31248333872, 1.02907081061, 0.893215683888, 951.402024277, 0.912858054719, 5.65113056302, 1.17713527582, 5.0104379153, 1.00763218013, 436.348166579, 32.3233704187, 553.584606161, 0.0
5.22486411902, 1.00000039687, 1.2799648327, 1.01632431343, 4.30113266858, 0.837793614931, 3.00221583155, 1.05626846474, 0.955480689257, 1.95578471762, 5.81335071628, 1.06841466033, 4.71742474647, 1.26471191827, 1.09000010796, 1.06058416364, 1.00910733446, 0.971543833592, 9.73826550114, 0.999235267796, 0.896492177697, 733.382708646, 1.12675211792, 1.99351934147, 1.22913327966, 5.17064353504, 0.992794492108, 123.478234727, 15.716477081, 445.567129473, 1.07238605898
3.761723745, 1.0000003748, 1.5557222731, 1.17070344008, 6.02188278218, 0.968494883243, 5.14233815365, 1.03278162336, 0.963360147103, 4.17465377748, 4.75776741865, 1.13734606031, 3.47421778247, 1.0729755145, 1.0900008976, 1.09054316455, 1.00969727665, 0.894228265393, 4.2060366011, 0.911868580612, 0.773422359836, 55.196919646, 1.10805784756, 1.86800941803, 0.991744976999, 3.07398387916, 1.14964567764, 213.756649136, 13.4001741568, 297.548290446, 2.14477211796
2.33653961903, 1.00000007431, 1.69504203978, 1.0770542847, 5.71098667856, 0.719882588944, 1.02382410088, 1.18282610113, 0.930824948737, 1.44060349548, 6.11304720073, 0.99153346213, 1.47294886127, 0.851971334308, 1.09000014446, 1.09184175591, 1.00483632464, 1.07948359037, 9.7444387944, 1.06209517143, 0.89140722814, 660.875215515, 0.930133757686, 1.01456593849, 0.974635424623, 5.41073344094, 1.27039815008, 171.793851851, 15.0465880761, 1747.87811969, 0.536193029491
3.35785084018, 1.00000045702, 1.62423520743, 0.922949283149, 2.37361078564, 0.745388721027, 4.51493136233, 1.17621814949, 0.938541748928, 1.7323196614, 6.23535870238, 1.00967049322, 4.18572063176, 1.08411037138, 1.09000089615, 1.08789949404, 1.00031009454, 1.02917513784, 3.02291428535, 1.02060376787, 0.897686814876, 39.3020394017, 0.944271492585, 3.58693016667, 1.02112969326, 3.4232750101, 1.11470634808, 321.315273465, 22.9667007082, 3924.84012811, 0.0
5.09520709309, 1.00000078955, 1.62536063239, 0.983503737919, 4.18404590423, 0.814458992435, 4.7389621309, 1.10261375325, 0.977847194941, 1.90662003188, 5.52647245952, 1.13169384535, 4.85394137676, 0.977510027884, 1.09000033505, 1.06234394246, 1.01215207269, 1.0850821242, 8.55979804459, 1.02907081061, 0.893215683888, 572.523820128, 0.989651490915, 5.65113056302, 1.17713527582, 5.0104379153, 0.992794492108, 645.158653289, 26.9829118804, 2086.90437533, 0.0
4.62303971191, 1.00000064963, 1.13413367963, 0.972314654051, 6.81647775197, 0.924663819718, 2.54259478058, 1.06473478205, 0.947774729251, 5.15607430906, 5.66761510433, 1.21651116592, 3.88544078752, 1.24125452422, 1.09000048599, 1.06266573253, 1.01539706332, 0.926855232295, 3.00025010502, 1.12938308493, 0.952066755701, 465.454399413, 1.00505469192, 2.02409502474, 1.05150176699, 2.6518611782, 0.951636977225, 440.624085516, 31.0844717655, 3635.93151819, 0.0
5.75016265294, 1.00000069678, 1.31238659224, 1.17237375875, 4.85076401194, 0.781996926445, 5.26916808104, 1.03978561302, 0.941769076206, 5.59487849141, 5.76245704109, 1.21437891785, 1.90703074189, 1.22256207399, 1.09000071784, 1.04388203434, 1.02841552684, 1.21812467948, 9.62299496259, 1.06594112538, 0.847125531097, 5.74352793806, 1.16015192632, 1.99800983904, 1.03176980768, 2.65106382139, 1.19537174937, 705.484197248, 27.0461179196, 2083.37364789, 0.0
1.80618708821, 1.00000089386, 1.165033014, 1.12804708778, 4.85301004668, 0.720760909854, 1.47998865263, 1.0483295966, 0.923174119667, 4.37225532738, 5.20606328725, 1.01593466637, 4.42538998151, 0.815975513076, 1.09000002431, 1.03353906887, 1.00997976315, 1.08621301742, 6.68919637319, 1.01657715679, 0.915185526396, 129.009828208, 1.15026463406, 3.82318670106, 1.15955841841, 5.22495678128, 1.2917513913, 660.990360122, 25.5033173177, 2480.7969629, 0.0
5.09520709309, 1.00000078955, 1.62536063239, 0.983503737919, 4.18404590423, 0.814458992435, 4.7389621309, 1.10261375325, 0.977847194941, 1.90662003188, 5.52647245952, 1.13169384535, 4.85394137676, 0.977510027884, 1.09000033505, 1.06234394246, 1.01215207269, 1.0850821242, 7.31248333872, 1.02907081061, 0.893215683888, 572.523820128, 0.989651490915, 5.65113056302, 1.17713527582, 5.0104379153, 1.00763218013, 83.5361346441, 18.5319342974, 149.73871551, 1.34048257373
4.42468272787, 1.00000001428, 1.1940438189, 1.14813123728, 6.57058250576, 0.734752560558, 2.19170841904, 1.05819585481, 0.966730939565, 1.55883903108, 4.93125564033, 1.00608671074, 2.81847943304, 1.17220244551, 1.09000036486, 1.07231564948, 1.02063604237, 1.03146077451, 4.75845877682, 0.982972822274, 0.934549410842, 266.430292016, 1.05376084066, 3.66741733208, 1.14321284432, 4.35332174127, 0.946624550122, 823.087769967, 39.5118949984, 1467.26172384, 0.0
4.42468272787, 1.00000040916, 1.1940438189, 1.21247967424, 6.57058250576, 0.734752560558, 1.45921768715, 1.05819585481, 0.984097737615, 1.55883903108, 4.93125564033, 1.00608671074, 2.81847943304, 1.17220244551, 1.09000036486, 1.07231564948, 1.0069483751, 1.03146077451, 3.84438649922, 1.04023486424, 0.914627737, 398.552069154, 1.05376084066, 3.66741733208, 1.16400057762, 4.35332174127, 0.966900726431, 974.572445498, 40.7395451577, 1323.48355366, 0.0
1.80618708821, 1.00000088288, 1.165033014, 1.12804708778, 4.85301004668, 0.720760909854, 1.47998865263, 1.0483295966, 0.923174119667, 4.37225532738, 5.20606328725, 1.01593466637, 4.42538998151, 0.815975513076, 1.09000002431, 1.03615663249, 1.00997976315, 1.08621301742, 6.68919637319, 1.01657715679, 0.915185526396, 129.009828208, 1.15026463406, 3.82318670106, 1.15955841841, 5.22495678128, 1.2917513913, 1012.02213828, 24.2461176318, 8518.42523063, 0.0
4.28836422594, 1.00000080398, 1.49567435078, 1.1902088116, 3.66281342696, 0.932774758308, 5.26724399738, 1.14246808267, 0.94925422736, 3.3833108034, 6.1932269199, 0.999279605897, 3.59924504038, 1.27777576596, 1.0900000455, 1.02199084795, 1.04049397546, 1.14687072166, 9.5103233116, 1.14457437548, 0.933209646231, 715.276482767, 1.07510289041, 5.59095511749, 1.01926245814, 2.01786864225, 0.951636977225, 498.639166334, 24.4950484411, 4321.57929549, 0.0
4.82882733313, 1.0000007121, 1.52885703575, 0.893855384138, 6.37382948559, 0.758502598661, 3.36730720677, 1.22180448985, 0.90427985023, 5.35551124076, 5.88417269912, 1.10862841208, 2.87970586709, 0.896199119677, 1.09000015385, 1.10575361191, 1.04467050902, 1.1956654428, 5.4988390586, 1.04228444819, 0.76649439208, 817.014257045, 1.18555706355, 1.1377780599, 1.02386265273, 4.19340038727, 0.977614223496, 392.934648126, 33.9749945805, 6061.32812851, 0.0
1.44889234708, 1.00000078277, 1.02500142739, 0.987509105665, 1.75863047166, 0.859460722939, 2.41338954816, 1.01136543403, 0.901790431962, 2.2253206148, 5.47827973008, 0.88883181713, 2.15529863423, 0.912412647185, 1.0900009297, 1.00515204402, 1.02043856068, 1.11179994631, 7.07259704305, 1.00416713779, 0.775346451147, 675.726876613, 1.06185595391, 4.8451563521, 1.11971992323, 3.30886523471, 1.06969612762, 240.555130714, 16.0654285578, 375.962752424, 1.07238605898
2.92418564966, 1.00000081591, 1.32721188563, 1.03051422847, 5.79511967296, 0.784661552217, 3.36730720677, 1.04164557881, 0.903880526617, 3.711007228, 5.14656634943, 0.841663790279, 3.31447975535, 1.21675422182, 1.0900001594, 1.08890382954, 1.00388985768, 1.19109751946, 6.01678488831, 1.12000529708, 0.894870149925, 606.230387528, 1.15955593016, 5.37475653137, 1.16511810067, 5.02862213004, 1.22447070783, 94.5464589123, 12.7124475853, 822.914093418, 4.55764075067
4.26800029512, 1.00000089165, 1.53223785392, 1.07705511621, 4.0397898433, 0.96397949901, 4.47167989059, 1.04061329059, 0.921920634662, 3.61865982888, 5.52795288197, 1.20137650016, 2.77661070114, 0.998126523155, 1.090000791, 1.08423221154, 1.01251553508, 1.01415975942, 6.0251103917, 1.06423419514, 0.818924956946, 799.204571799, 1.17520497615, 3.89172055354, 0.973183147313, 4.78593561923, 0.901625446311, 1178.69449371, 45.6367735636, 1426.99608152, 0.0
5.02275359651, 1.00000002851, 1.68076421529, 1.21726857806, 6.00224786338, 0.879206800304, 4.31674601844, 1.22500888745, 0.978730160269, 5.96851196339, 5.58770589049, 0.952444380688, 3.20398768088, 1.14018403321, 1.09000036239, 1.00089181979, 1.03539913537, 0.840652426052, 9.75426807817, 1.14456341953, 0.882628395801, 167.970248024, 1.07799169514, 2.87285367812, 0.9766050687, 3.81871206478, 1.11715310408, 469.228394742, 22.0720675856, 1449.1648018, 0.268096514745
2.99754107262, 1.00000000944, 1.2292276071, 1.14844889021, 2.20370220533, 0.834091437824, 4.86674422937, 1.02596430239, 0.94248672263, 4.85872892705, 5.44967744027, 0.855091757948, 2.73723449004, 1.193429114, 1.09000004501, 1.0880116724, 1.04795833362, 1.05079286747, 5.13245754579, 1.18952179416, 0.930017254328, 644.797641854, 1.14289633224, 2.14119555342, 1.09892990249, 2.85164001693, 1.14173652332, 73.8381925508, 13.7956287969, 391.919065594, 2.14477211796
2.2362498868, 1.00000074301, 1.1380847165, 0.885020686112, 3.54987732762, 0.735639202577, 5.39746706661, 1.20409805961, 0.936602178211, 2.58739478653, 5.85561784829, 1.05823782283, 4.65957633508, 1.05100358337, 1.09000094313, 1.00844170037, 1.01726670111, 0.969169119278, 6.41588066566, 1.15419398056, 0.894786469717, 490.101963864, 1.10186552638, 1.26911679693, 0.957583538584, 5.24440575658, 1.15939997129, 159.007565989, 24.3969281383, 323.334008399, 0.536193029491
5.53965626473, 1.00000016152, 1.72200405735, 1.12066724503, 6.96152061641, 0.769140143753, 4.31763907346, 1.12982239808, 0.908925299475, 6.10688953241, 5.98099834034, 0.942517646336, 2.67786879894, 1.20756721195, 1.09000035422, 1.10409708888, 1.04103955945, 0.884373736436, 9.96237361612, 1.03617045471, 0.762337374875, 100.250943503, 0.925324536855, 1.6343731338, 1.02877856657, 1.50627998614, 0.8732243285, 726.18450288, 26.0733750717, 4029.91777835, 0.0
5.67593975061, 1.00000069885, 1.5060908672, 0.882150777876, 2.04901892423, 0.806322307465, 5.10272748292, 1.17412809445, 0.977913456251, 2.29129079506, 4.96137836251, 0.857337451328, 2.37902261301, 1.19213496464, 1.09000074143, 1.1068734048, 1.01437104104, 1.21927495951, 6.24566041306, 1.06209517143, 0.977388907553, 513.841405696, 0.972974110657, 1.0206947731, 1.0171350992, 1.31719285891, 1.12889724388, 276.456774398, 28.2120489059, 2201.60925445, 0.268096514745
5.09520709309, 1.00000076158, 1.10196025525, 0.983503737919, 4.18404590423, 0.814458992435, 4.7389621309, 1.10261375325, 0.977847194941, 1.90662003188, 5.52647245952, 1.13169384535, 4.85394137676, 0.977510027884, 1.09000033505, 1.06234394246, 1.01215207269, 1.0850821242, 7.31248333872, 1.02907081061, 0.893215683888, 572.523820128, 0.989651490915, 5.65113056302, 1.17713527582, 5.0104379153, 1.00763218013, 212.664230675, 13.1883700571, 582.128845038, 7.50670241287
4.62303971191, 1.00000064963, 1.13413367963, 0.972314654051, 6.81647775197, 0.854978476303, 2.54259478058, 1.06473478205, 0.947774729251, 1.83837154109, 5.66761510433, 1.21651116592, 2.96121184733, 1.24125452422, 1.09000048599, 1.00089181979, 1.01539706332, 0.926855232295, 9.7444387944, 1.09819430268, 0.952066755701, 257.930230883, 1.00505469192, 1.82503546145, 1.05150176699, 2.6518611782, 0.951636977225, 686.450462313, 39.7339766666, 2490.40687292, 0.0
5.67593975061, 1.00000069885, 1.5060908672, 0.882150777876, 2.04901892423, 0.806322307465, 5.10272748292, 1.03051603844, 0.935683179989, 2.59739164529, 4.96137836251, 0.857337451328, 2.37902261301, 1.19213496464, 1.09000074143, 1.1068734048, 1.01437104104, 1.20302997029, 6.24566041306, 1.04097647517, 0.893471454828, 513.841405696, 0.972974110657, 1.02078086653, 1.0171350992, 1.31719285891, 1.12889724388, 211.117696653, 19.0288999643, 681.878400105, 0.536193029491
4.87788135714, 1.00000064963, 1.13413367963, 0.972314654051, 6.81647775197, 0.854978476303, 2.54259478058, 1.06473478205, 0.947774729251, 5.15607430906, 5.66761510433, 1.21651116592, 2.96121184733, 1.24125452422, 1.09000047521, 1.00089181979, 1.01539706332, 0.926855232295, 3.00025010502, 1.09819430268, 0.952066755701, 465.454399413, 0.919319174369, 2.02409502474, 1.05150176699, 2.85164001693, 0.951636977225, 871.168947872, 29.8007277996, 3359.03043498, 0.0
2.99754107262, 1.00000080539, 1.32721188563, 1.05630512977, 6.76550132673, 0.784661552217, 5.73451740755, 1.04164557881, 0.94248672263, 3.711007228, 5.85782489583, 0.841663790279, 3.31447975535, 1.21675422182, 1.0900001594, 1.07753674013, 1.00199940734, 1.19109751946, 6.01678488831, 1.12000529708, 0.894870149925, 506.350805954, 1.15955593016, 2.31722551305, 1.1487166774, 5.02862213004, 1.22447070783, 220.178805264, 15.2168748154, 729.535366004, 1.34048257373
4.17253868003, 1.00000028508, 1.63336770787, 1.02920891134, 3.71079240618, 0.890890448834, 3.52177674344, 1.20232732736, 0.941641615814, 5.64926745245, 4.72732157064, 1.18450065647, 4.58461524106, 1.20038824863, 1.09000051439, 1.0857517307, 1.00600297238, 1.13750797504, 7.03218707609, 0.933740299797, 0.835428237021, 690.925415143, 1.03072801502, 3.40048658408, 1.06548303548, 5.37561254719, 0.904209305632, 413.683646348, 22.1941346055, 317.033342554, 1.34048257373
3.28836357963, 1.00000077579, 1.25023329038, 1.07812301885, 4.10774770675, 0.786073177392, 5.82004437764, 1.0323542532, 0.904466242207, 4.85571351998, 4.9090213438, 1.2076067369, 2.38115144592, 0.995302658291, 1.09000028664, 1.08258044053, 1.04479905963, 1.2183737225, 5.4099898661, 0.957116014573, 0.787473064128, 831.858916211, 1.11919483999, 1.01456593849, 1.08847823588, 1.3658947981, 1.27582014004, 1006.07890176, 40.8691527958, 2283.7050581, 0.0
5.67593975061, 1.00000069885, 1.5060908672, 0.882150777876, 2.04901892423, 0.806322307465, 5.10272748292, 1.03051603844, 0.967110846275, 2.29129079506, 4.96137836251, 0.857337451328, 2.37902261301, 1.19213496464, 1.09000074143, 1.1068734048, 1.01437104104, 1.20302997029, 6.24566041306, 1.06209517143, 0.893471454828, 513.841405696, 0.972974110657, 1.02078086653, 1.0171350992, 1.31719285891, 1.12889724388, 2674.95597755, 32.9627709597, 2974.57578292, 0.0
2.60489237777, 1.00000037181, 1.40440048721, 1.201771389, 3.08528773006, 0.95387519823, 5.35259441963, 1.23416317194, 0.916334405231, 4.32769311745, 4.95227608045, 1.07151002718, 3.74558899912, 1.00483798181, 1.09000040814, 1.05712832593, 1.02272148062, 0.964462854832, 3.33787328692, 1.17634138421, 0.828312217861, 801.993638212, 1.04239166526, 4.95479362902, 1.05704548798, 1.79605204742, 1.24159146905, 445.713399588, 34.2644022074, 2398.23121068, 0.268096514745
4.22067492363, 1.00000095876, 1.49204692622, 1.08628967953, 6.91481590153, 0.942702212447, 2.01300870335, 1.24762668526, 0.98986156636, 1.68715364798, 4.72263624776, 0.981227777602, 2.54605500222, 1.10322010236, 1.09000072801, 1.05876119848, 1.04707869924, 1.04669332299, 4.27187034137, 1.17895869429, 0.821736522955, 315.120796688, 0.931044719333, 4.63681016504, 1.18191737285, 2.09928019596, 1.21964374411, 195.803602653, 18.0171004318, 589.474304694, 1.07238605898
2.48052978527, 1.00000096497, 1.6302861645, 0.986447219017, 4.27919606596, 0.891516199413, 3.21295348326, 1.15392814869, 0.922891285449, 2.59019890093, 6.02925087041, 1.2150963055, 3.23489882724, 0.871440375839, 1.09000003614, 1.08279132814, 1.04948416935, 1.11869439014, 9.24809365155, 1.01815087533, 0.923788000046, 885.770884447, 0.988334964469, 4.16923695071, 1.13091299847, 4.79508929679, 1.27940368657, 464.562346396, 19.1288073762, 5041.963995, 0.536193029491
2.48052978527, 1.00000096497, 1.6302861645, 0.986447219017, 4.27919606596, 0.891516199413, 3.21295348326, 1.15392814869, 0.966617718033, 4.95855622217, 6.02925087041, 1.2150963055, 2.99459438044, 0.871440375839, 1.09000003614, 1.07231564948, 1.04855924751, 1.11869439014, 7.52644512459, 1.01815087533, 0.923788000046, 885.770884447, 0.988334964469, 4.16923695071, 1.13091299847, 4.79508929679, 1.27940368657, 1752.50788794, 33.9806618107, 3907.65295534, 0.0
5.09520709309, 1.00000076158, 1.10196025525, 0.983503737919, 4.18404590423, 0.834012299011, 4.7389621309, 1.10261375325, 0.977847194941, 1.90662003188, 5.52647245952, 1.13169384535, 4.58461524106, 0.977510027884, 1.09000033505, 1.06234394246, 1.01215207269, 1.0850821242, 7.31248333872, 1.02264153474, 0.893215683888, 572.523820128, 1.00920014189, 5.65113056302, 1.17713527582, 5.0104379153, 1.00763218013, 144.258822056, 13.9661876266, 884.433635208, 2.14477211796
2.67265546302, 1.00000067941, 1.66709468326, 0.908566580309, 2.20384060036, 0.799147499724, 2.80792624978, 1.06540368113, 0.951159103364, 2.59739164529, 4.97337088044, 0.938399886225, 4.23587049683, 0.95738181706, 1.09000004869, 1.01408127325, 1.00138200769, 1.18050562642, 5.02639678851, 1.10835561715, 0.810135564951, 400.307300503, 0.922295895037, 5.5616301559, 1.00787629124, 2.58949679734, 0.894746830769, 181.278953412, 13.2506778864, 756.750885487, 8.04289544236
3.7664724912, 1.00000002256, 1.62734043535, 1.10930767595, 5.74753757798, 0.890487118631, 5.4589091468, 1.06219912366, 0.95518761518, 2.73092591376, 4.90512800067, 1.2156510648, 2.57865457478, 1.09432048192, 1.0900001815, 1.09213491926, 1.02525917858, 1.11501455597, 9.7393082733, 1.15580882668, 0.978369819569, 349.55932632, 1.18063067791, 3.21825242352, 1.02006522222, 4.71136855786, 1.16822242221, 728.462281993, 27.869065346, 27238.8182677, 0.0
4.50730494703, 1.00000040916, 1.69504203978, 1.0770542847, 5.71098667856, 0.819021109527, 1.02382410088, 1.18282610113, 0.947636676283, 1.44060349548, 6.11304720073, 0.99153346213, 1.47294886127, 0.996853322014, 1.09000030715, 1.09184175591, 1.03190392411, 1.07948359037, 9.7444387944, 1.06209517143, 0.89140722814, 980.755073488, 1.10167529569, 5.20954375857, 0.985999902608, 5.41073344094, 1.27039815008, 225.066217677, 13.370474856, 728.093770247, 4.55764075067
2.2362498868, 1.00000074301, 1.1380847165, 0.885020686112, 3.54987732762, 0.822445558359, 5.39746706661, 1.20409805961, 0.936602178211, 2.58739478653, 5.85561784829, 1.05823782283, 4.65957633508, 1.05100358337, 1.09000094313, 1.00844170037, 1.01726670111, 0.969169119278, 6.41588066566, 1.15419398056, 0.894786469717, 490.101963864, 1.10186552638, 1.26911679693, 0.957583538584, 5.24440575658, 1.15939997129, 222.296803784, 13.3677789615, 2131.38055874, 3.21715817694
1.44889234708, 1.00000089165, 1.52448062658, 0.848904823858, 1.75863047166, 0.859460722939, 4.47167989059, 1.01136543403, 0.901193292529, 2.2253206148, 5.55428135071, 0.88883181713, 1.85008876837, 0.912412647185, 1.09000099811, 1.00515204402, 1.00185040124, 1.11179994631, 7.07259704305, 1.00416713779, 0.775346451147, 675.726876613, 0.950039444877, 4.15821856329, 1.11971992323, 3.30886523471, 1.06969612762, 942.083250138, 30.1615318847, 9016.94727232, 0.0
4.26800029512, 1.00000089165, 1.6858916839, 1.07705511621, 4.0397898433, 0.96397949901, 4.47167989059, 1.04061329059, 0.910004153773, 3.61865982888, 5.52795288197, 1.20137650016, 1.86851464537, 0.998126523155, 1.090000791, 1.08423221154, 1.01251553508, 1.01415975942, 6.0251103917, 1.06423419514, 0.818924956946, 799.204571799, 1.17520497615, 3.89172055354, 1.00405160437, 4.78593561923, 0.901625446311, 162.87349587, 22.3556633737, 720.463512203, 0.804289544236
4.42468272787, 1.00000001428, 1.1940438189, 1.14813123728, 6.57058250576, 0.734752560558, 2.19170841904, 1.05819585481, 0.984097737615, 1.55883903108, 4.93125564033, 1.00608671074, 2.81847943304, 1.17220244551, 1.09000036486, 1.07231564948, 1.01841647092, 1.03146077451, 4.75845877682, 1.04023486424, 0.934549410842, 266.430292016, 1.05376084066, 3.66741733208, 1.16400057762, 4.35332174127, 0.966900726431, 260.337198163, 17.0659161432, 1075.41438417, 1.07238605898
5.67593975061, 1.00000069885, 1.5060908672, 0.882150777876, 2.04901892423, 0.806322307465, 5.10272748292, 1.03051603844, 0.967110846275, 2.59739164529, 4.96137836251, 0.857337451328, 2.37902261301, 1.19213496464, 1.09000074143, 1.1068734048, 1.01437104104, 1.20302997029, 6.24566041306, 1.04097647517, 0.893471454828, 513.841405696, 0.972974110657, 1.02078086653, 1.0171350992, 1.31719285891, 1.12889724388, 688.21155079, 21.6534365203, 706.485880897, 0.536193029491
3.98158110435, 1.00000016152, 1.69725975428, 1.12066724503, 6.96152061641, 0.769140143753, 4.31763907346, 1.12982239808, 0.908925299475, 6.10688953241, 5.98099834034, 0.942517646336, 2.67786879894, 1.18916115779, 1.09000035422, 1.10409708888, 1.04103955945, 0.884373736436, 9.96237361612, 1.05301289636, 0.762337374875, 100.250943503, 0.925324536855, 1.6343731338, 1.02877856657, 1.50627998614, 0.8732243285, 1174.53505282, 41.9902408173, 3886.65281826, 0.0
2.2362498868, 1.00000074301, 1.1380847165, 0.885020686112, 3.54987732762, 0.735639202577, 5.39746706661, 1.20409805961, 0.936602178211, 2.58739478653, 5.85561784829, 1.05823782283, 4.65957633508, 1.05100358337, 1.09000094313, 1.00844170037, 1.02235751351, 0.969169119278, 6.41588066566, 1.15419398056, 0.894786469717, 490.101963864, 1.10186552638, 1.22744779605, 0.957583538584, 5.24440575658, 1.15939997129, 78.3456067562, 19.1418311182, 616.365142857, 2.68096514745
3.33934808818, 1.00000015544, 1.5333337653, 1.05124099689, 5.30681012365, 0.972796249335, 5.03273969628, 1.08561597165, 0.976685598582, 5.53829386056, 4.7986059217, 1.01597914233, 3.05109468029, 1.04621145353, 1.09000086596, 1.03002399937, 1.02593138729, 1.13423321692, 5.35664157691, 1.14471009138, 0.790704486501, 430.017572869, 0.979885791892, 4.68239490273, 1.19575581754, 3.13770327675, 0.895187126106, 399.527527745, 19.1581529742, 585.021945806, 1.07238605898
4.42468272787, 1.00000040916, 1.1940438189, 1.21247967424, 6.57058250576, 0.734752560558, 1.45921768715, 1.05819585481, 0.984097737615, 1.55883903108, 4.93125564033, 1.00608671074, 2.81847943304, 1.17220244551, 1.09000036486, 1.07231564948, 1.01841647092, 1.03146077451, 3.84438649922, 1.04023486424, 0.914627737, 398.552069154, 1.05376084066, 3.66741733208, 1.16400057762, 4.35332174127, 0.966900726431, 207.267535583, 25.7523090182, 1711.98532811, 0.536193029491
2.91952282931, 1.00000045736, 1.28845919067, 0.979931379539, 7.06975662352, 0.828872978531, 1.72008014318, 1.1135681708, 0.922225731536, 4.21968390396, 6.16651002647, 1.08290546883, 4.03545448685, 0.828375488016, 1.09000068655, 1.08018483972, 1.00042907035, 0.921487063249, 6.70397291502, 0.973323100296, 0.776759843816, 601.004381804, 1.17157698991, 4.78781451706, 1.13491492277, 4.80784190333, 1.1620484301, 1062.77470503, 31.5351694666, 10938.84742, 0.0
2.99754107262, 1.00000098588, 1.2292276071, 1.2176230378, 2.20370220533, 0.834091437824, 4.86674422937, 1.02596430239, 0.94248672263, 4.48114093969, 5.44967744027, 0.855091757948, 2.73723449004, 1.21228031332, 1.09000004501, 1.0880116724, 1.04795833362, 1.05079286747, 5.13245754579, 1.18952179416, 0.930017254328, 644.797641854, 1.11277586882, 2.14119555342, 1.09892990249, 2.35014848708, 1.14173652332, 360.764524658, 18.1018286692, 1295.63814984, 1.07238605898
5.75016265294, 1.00000043901, 1.08679430305, 1.03145799365, 6.52269325038, 0.786013953522, 3.63465304963, 1.1996884712, 0.966730939565, 1.86031245134, 5.71258787728, 1.00129606857, 2.79311695907, 0.810020627276, 1.09000037259, 1.09063667976, 1.00349155272, 1.10425971153, 7.6901160171, 0.982972822274, 0.83271615305, 368.946909837, 1.19569735561, 2.19204317279, 1.15272728632, 5.27628425997, 1.28109842892, 2150.54885972, 47.8560780584, 2323.36902874, 0.268096514745
2.48052978527, 1.00000096497, 1.6302861645, 0.986447219017, 4.27919606596, 0.891516199413, 3.21295348326, 1.15392814869, 0.966617718033, 4.95855622217, 6.02925087041, 1.2150963055, 3.74535150359, 0.871440375839, 1.09000003614, 1.08279132814, 1.04948416935, 1.11869439014, 9.24809365155, 1.01815087533, 0.923788000046, 885.770884447, 0.988334964469, 4.16923695071, 1.13091299847, 4.79508929679, 1.27940368657, 1675.49293406, 35.2839440019, 2725.20336375, 0.268096514745
1.67638758579, 1.00000068485, 1.49567435078, 0.843914555557, 4.12102161815, 0.9825301914, 2.03214848201, 1.04300862388, 0.91966451308, 4.85571351998, 5.90025001223, 0.945171592221, 2.55249349616, 0.881789875258, 1.09000008313, 1.02184065175, 1.04452028218, 1.07227410758, 7.32766200278, 1.0184029129, 0.921599556831, 362.963260053, 0.978130352675, 1.00235971233, 1.14851670981, 2.73789531881, 0.90733930643, 259.655736885, 16.2859869853, 785.147094356, 1.60857908847
2.99754107262, 1.00000098588, 1.2292276071, 1.2176230378, 2.20370220533, 0.834091437824, 4.86674422937, 1.02596430239, 0.94248672263, 4.48114093969, 5.44967744027, 0.88883181713, 2.73723449004, 1.21228031332, 1.09000004501, 1.0880116724, 1.04795833362, 1.05079286747, 5.13245754579, 1.18952179416, 0.930017254328, 644.797641854, 1.11277586882, 2.14119555342, 1.09892990249, 2.35014848708, 1.14173652332, 357.152127281, 17.4954789473, 1859.88656633, 1.07238605898
1.19452979368, 1.00000095612, 1.6302861645, 1.03449022556, 2.69327587849, 0.934252923383, 3.23034070798, 1.23996577104, 0.957946584309, 4.02631492264, 4.87750331826, 0.824595400907, 3.3542214266, 1.04820961592, 1.09000081281, 1.07552788825, 1.0375086472, 1.18194726705, 9.65029489107, 0.974188714545, 0.832762461017, 119.807836193, 1.0884843865, 5.94661105723, 0.988175420936, 3.2238053904, 1.27940368657, 2085.51097144, 38.1594189395, 7979.75046859, 0.0
1.44889234708, 1.00000083139, 1.52448062658, 1.06213774437, 1.75863047166, 0.859460722939, 2.41338954816, 1.01136543403, 0.901790431962, 2.2253206148, 5.55428135071, 0.88883181713, 1.85008876837, 0.912412647185, 1.09000032348, 1.00515204402, 1.00185040124, 1.11179994631, 7.07259704305, 1.00416713779, 0.775346451147, 675.726876613, 0.950039444877, 4.15821856329, 1.11971992323, 2.09502641472, 1.06969612762, 1727.49402917, 36.873680247, 9007.631626, 0.0
4.42468272787, 1.00000001428, 1.1940438189, 1.21247967424, 6.57058250576, 0.734752560558, 1.45921768715, 1.05819585481, 0.984097737615, 1.55883903108, 4.93125564033, 1.00608671074, 2.81847943304, 1.17220244551, 1.09000036486, 1.07231564948, 1.01841647092, 1.03146077451, 4.75845877682, 1.04023486424, 0.934549410842, 266.430292016, 1.05376084066, 3.66741733208, 1.16400057762, 4.35332174127, 0.966900726431, 2626.61871178, 40.6365264293, 5870.34320331, 0.0
2.92418564966, 1.00000080539, 1.32721188563, 1.05630512977, 6.76550132673, 0.784661552217, 5.73451740755, 1.04164557881, 0.903880526617, 3.711007228, 5.85782489583, 0.841663790279, 3.31447975535, 1.21675422182, 1.0900001594, 1.07753674013, 1.00199940734, 1.19109751946, 6.01678488831, 1.12000529708, 0.894870149925, 506.350805954, 1.15955593016, 2.31722551305, 1.1487166774, 5.02862213004, 1.22447070783, 213.38186951, 15.5544654972, 702.10427248, 3.21715817694
4.95721787497, 1.0000000627, 1.57644249702, 1.16023112781, 2.89024405653, 0.773903728206, 4.22004986391, 1.24786458722, 0.935298945169, 2.89987729164, 5.95594953464, 0.825996510727, 3.80499922878, 1.00154989196, 1.09000013007, 1.09162771007, 1.02478569915, 1.13821847995, 3.44726120845, 0.933607892928, 0.837647336178, 808.259484187, 1.13735739862, 5.37800619661, 1.11864215008, 3.47436022501, 0.962355858126, 1046.07929791, 42.1839999456, 4404.94708787, 0.0
4.94834731177, 1.00000040916, 1.69504203978, 1.0770542847, 5.71098667856, 0.737248463363, 1.02382410088, 1.18282610113, 0.947636676283, 2.29129079506, 6.11304720073, 0.847442456155, 1.47294886127, 0.996853322014, 1.09000030715, 1.09184175591, 1.03190392411, 1.07948359037, 9.7444387944, 1.06209517143, 0.89140722814, 980.20051943, 1.13909329924, 4.91690541723, 0.985999902608, 5.41073344094, 1.27039815008, 928.832445121, 40.4413414752, 3269.64831415, 0.268096514745
3.98158110435, 1.00000031128, 1.59906723026, 1.18071650628, 5.21212209022, 0.950968061765, 3.83511097711, 1.11966197509, 0.934375080296, 5.69590191721, 5.51321106086, 1.09284883265, 1.35258427327, 1.17794183771, 1.09000022011, 1.0305255243, 1.01233943065, 0.823738346238, 9.785197205, 1.01657197494, 0.794262334247, 555.239194642, 1.06940891873, 3.947937048, 1.01666827926, 1.50627998614, 1.13013817261, 366.551847576, 23.0453179826, 1277.4193191, 0.536193029491
3.761723745, 1.0000003748, 1.5557222731, 1.17070344008, 6.02188278218, 0.968494883243, 5.14233815365, 1.03278162336, 0.990569497019, 4.17465377748, 4.75776741865, 1.13734606031, 3.47421778247, 1.0729755145, 1.09000093171, 1.09054316455, 1.00969727665, 0.894228265393, 4.2060366011, 0.911868580612, 0.773422359836, 55.196919646, 0.968582982045, 1.86800941803, 0.991744976999, 3.07398387916, 1.14964567764, 345.396894018, 14.9039646257, 1743.82798612, 2.68096514745
3.28836357963, 1.00000077579, 1.25023329038, 1.07812301885, 4.10774770675, 0.786073177392, 5.82004437764, 1.0323542532, 0.904466242207, 4.85571351998, 4.9090213438, 1.2076067369, 2.38115144592, 0.995302658291, 1.09000028664, 1.08258044053, 1.04479905963, 1.2183737225, 5.4099898661, 0.957116014573, 0.787473064128, 831.858916211, 1.11919483999, 1.01456593849, 1.0142622622, 1.3658947981, 1.27582014004, 787.452065341, 39.3101600026, 3993.72486168, 0.268096514745
1.06262321843, 1.00000082764, 1.32721188563, 0.986447219017, 5.5576686909, 0.784661552217, 3.36730720677, 1.04334553236, 0.903880526617, 3.711007228, 5.85782489583, 0.841663790279, 3.31447975535, 1.193429114, 1.09000002599, 1.08890382954, 1.00388985768, 1.15888754604, 6.01678488831, 0.911868580612, 0.923788000046, 899.519797409, 1.00256862804, 2.06881818876, 1.02921503692, 5.02862213004, 1.22447070783, 230.583441093, 26.4299790906, 839.272371069, 0.536193029491
1.08343192328, 1.00000095612, 1.63511616488, 1.03449022556, 2.69327587849, 0.934252923383, 4.02398232759, 1.23996577104, 0.957946584309, 4.02631492264, 5.26726370504, 0.824595400907, 3.3542214266, 1.04820961592, 1.09000081281, 1.07552788825, 1.0375086472, 1.18194726705, 4.8565545028, 0.936564321877, 0.832762461017, 135.010886339, 1.06723585845, 5.98018243418, 0.988175420936, 3.2238053904, 1.00763738634, 1673.42577509, 29.7552162672, 11595.3574449, 0.268096514745
4.26800029512, 1.00000089165, 1.6858916839, 1.07705511621, 4.0397898433, 0.96397949901, 4.47167989059, 1.04061329059, 0.921920634662, 3.61865982888, 5.52795288197, 1.20137650016, 2.77661070114, 0.998126523155, 1.090000791, 1.08423221154, 1.01251553508, 1.01415975942, 6.0251103917, 1.06423419514, 0.818924956946, 799.204571799, 1.17520497615, 3.89172055354, 0.973183147313, 4.78593561923, 0.901625446311, 1354.08289781, 44.6416747017, 3347.04554682, 0.268096514745
4.62303971191, 1.00000064963, 1.13413367963, 0.972314654051, 6.81647775197, 0.924663819718, 2.54259478058, 1.06473478205, 0.947774729251, 5.15607430906, 5.72079424788, 1.21651116592, 3.88544078752, 1.24125452422, 1.09000048599, 1.06266573253, 1.01539706332, 0.926855232295, 3.00025010502, 1.12938308493, 0.952066755701, 465.454399413, 1.00505469192, 2.02409502474, 1.05150176699, 2.6518611782, 0.908370279121, 313.815299459, 30.1815834561, 1355.00274368, 0.536193029491
4.50730494703, 1.00000040916, 1.69504203978, 1.11934719126, 5.71098667856, 0.819021109527, 1.02382410088, 1.18282610113, 0.947636676283, 1.44060349548, 6.11304720073, 0.99153346213, 1.47294886127, 0.996853322014, 1.09000030715, 1.09184175591, 1.03190392411, 1.07948359037, 9.7444387944, 1.06209517143, 0.883436196948, 315.120796688, 1.10167529569, 5.20954375857, 0.985999902608, 5.41073344094, 1.10214984174, 454.281423109, 23.8287013254, 3311.87991016, 0.536193029491
2.26121693838, 1.00000050071, 1.36399996155, 0.974780280136, 5.26439013945, 0.88030094624, 3.58337768483, 1.01756341791, 0.941563191992, 2.40752364126, 5.3652329795, 0.99153346213, 4.5231684469, 1.08587743453, 1.09000066846, 1.04013117943, 1.02043856068, 1.01399440323, 5.3755422776, 1.16257160437, 0.799051819345, 238.690124139, 1.06145839961, 5.20954375857, 1.06218849448, 4.74379797736, 1.13135381128, 336.078537463, 14.7147610308, 885.959016737, 4.82573726542
4.82882733313, 1.0000007121, 1.52885703575, 0.893855384138, 6.37382948559, 0.723790945921, 3.36730720677, 1.0436751008, 0.90427985023, 5.35551124076, 5.88417269912, 1.10862841208, 2.87970586709, 0.896199119677, 1.09000015385, 1.10575361191, 1.03333259237, 1.1956654428, 5.4988390586, 1.04228444819, 0.76649439208, 817.014257045, 1.18555706355, 1.1377780599, 1.02386265273, 4.19340038727, 0.977614223496, 2094.16379315, 32.867532939, 5123.6657079, 0.268096514745
3.08179433011, 1.00000071422, 1.21769384952, 1.07644199154, 3.86867597912, 0.870921662734, 5.59013722028, 1.01261654101, 0.910004153773, 3.06306183154, 5.37768736067, 0.826950450957, 1.86851464537, 1.06630108298, 1.09000096496, 1.09044816485, 1.03167515336, 0.879348223564, 6.85942429799, 0.988016743108, 0.828312217861, 852.189830579, 1.07196752735, 1.16031746247, 1.00029991979, 4.2400361818, 1.19943712226, 595.31204342, 25.8779707651, 1476.69681489, 0.536193029491
4.08296746796, 1.00000078473, 1.21974326809, 1.03726095753, 5.79511967296, 0.720633963452, 1.6297056665, 1.18545352193, 0.998060325318, 2.44699228092, 5.14656634943, 1.04641423879, 2.70477492385, 1.1496962632, 1.09000096994, 1.06390629914, 1.02057608038, 1.1074257646, 3.30035201716, 1.02010197962, 0.868228598705, 11.0353192415, 0.96251220538, 5.37475653137, 1.14202272743, 3.70791992154, 1.17546261955, 310.868353414, 17.3573361905, 7556.48229117, 1.87667560322
