1.0, 1.0, 0.0, 0.0, 1.0, 2.0, 2.0, 3.0, -1.0, -1.0, 3.0, 0.0, 1.0, 1.0, 0.0, 1.0, -1.0, 2.0, -1.0, 2.0, 1.0, 2.0, 1.0, 0.0, -1.0, 3.0, -1.0, 3.0, 3.0, -1.0, 1.0, 3.0, -1.0, 3.0, 0.0, -1.0, 1.0, 2.0, -1.0, -1.0, 2.0, -1.0, 0.0, 2.0, 2.0, 1.0, 0.0, 2.0, -1.0, 0.0, 97017.0, 512.0, 99501.0
1.0, 0.0, 1.0, 2.0, -1.0, 2.0, 1.0, 0.0, -1.0, 1.0, 0.0, 0.0, -1.0, 0.0, -1.0, -1.0, -1.0, 2.0, 0.0, 1.0, 1.0, -1.0, -1.0, 0.0, 2.0, -1.0, 2.0, 2.0, 0.0, 1.0, 0.0, 3.0, 2.0, -1.0, 2.0, 2.0, 1.0, 1.0, -1.0, -1.0, 0.0, 1.0, 0.0, 2.0, 2.0, 1.0, 0.0, 3.0, 3.0, 0.0, 96585.0, 523.0, 99488.0
1.0, 0.0, 1.0, 2.0, -1.0, 2.0, 1.0, 0.0, -1.0, 1.0, 0.0, 2.0, -1.0, 0.0, -1.0, 0.0, -1.0, 2.0, 0.0, 1.0, 1.0, -1.0, -1.0, 0.0, 2.0, -1.0, 2.0, 2.0, 0.0, 1.0, 0.0, 3.0, 0.0, -1.0, 2.0, 2.0, 1.0, 1.0, -1.0, -1.0, 0.0, 1.0, 0.0, 2.0, 2.0, 1.0, 0.0, 3.0, 3.0, 0.0, 96584.0, 536.0, 99481.0
1.0, 1.0, 0.0, 0.0, 1.0, 2.0, 2.0, 3.0, -1.0, -1.0, 3.0, 0.0, 1.0, 1.0, 0.0, 1.0, -1.0, 2.0, -1.0, 2.0, 1.0, 2.0, 1.0, 0.0, -1.0, 3.0, -1.0, 3.0, 3.0, -1.0, 1.0, 3.0, -1.0, 3.0, 0.0, -1.0, 1.0, 2.0, -1.0, -1.0, 2.0, -1.0, 0.0, 2.0, 2.0, 1.0, 0.0, 2.0, -1.0, 0.0, 97017.0, 512.0, 99501.0
2.0, 0.0, -1.0, 2.0, 2.0, 1.0, 2.0, -1.0, -1.0, 0.0, 0.0, -1.0, 0.0, 1.0, 0.0, 2.0, 1.0, 0.0, 0.0, -1.0, 0.0, 1.0, 1.0, 1.0, -1.0, 1.0, -1.0, 2.0, 1.0, 0.0, 1.0, 3.0, 2.0, 0.0, 1.0, -1.0, -1.0, 0.0, 3.0, -1.0, 3.0, -1.0, 2.0, 3.0, 2.0, 2.0, 0.0, -1.0, 2.0, 1.0, 96790.0, 517.0, 99510.0
1.0, -1.0, 0.0, 3.0, 2.0, 2.0, 1.0, 2.0, -1.0, 1.0, 3.0, 0.0, 3.0, 0.0, -1.0, 1.0, 1.0, 1.0, 0.0, 0.0, 3.0, 0.0, -1.0, 0.0, -1.0, 1.0, 0.0, 3.0, 2.0, 0.0, 1.0, 2.0, 0.0, -1.0, 1.0, 0.0, 1.0, 2.0, -1.0, 0.0, 1.0, -1.0, -1.0, 3.0, 1.0, 3.0, 0.0, -1.0, 0.0, 1.0, 96745.0, 542.0, 99471.0
3.0, 1.0, 1.0, 2.0, 0.0, 3.0, 1.0, 1.0, 1.0, 1.0, 0.0, 2.0, -1.0, -1.0, 3.0, 3.0, 1.0, 1.0, 1.0, 2.0, 2.0, 2.0, 0.0, 0.0, 0.0, 1.0, 3.0, 0.0, 0.0, 3.0, 0.0, 2.0, 0.0, 3.0, 0.0, -1.0, 0.0, 2.0, 0.0, 1.0, 3.0, 1.0, -1.0, 3.0, 0.0, 3.0, 2.0, 2.0, -1.0, 2.0, 96406.0, 638.0, 99400.0
3.0, 1.0, 0.0, 2.0, 0.0, 3.0, 2.0, 1.0, 1.0, 1.0, 0.0, 2.0, -1.0, 0.0, 3.0, 3.0, 1.0, 1.0, 1.0, 2.0, 2.0, 2.0, 0.0, 1.0, 0.0, 1.0, 3.0, 0.0, 0.0, 3.0, 3.0, 2.0, 0.0, 3.0, 0.0, -1.0, 1.0, 2.0, 0.0, 1.0, 3.0, 1.0, -1.0, 3.0, 0.0, 3.0, 2.0, 2.0, -1.0, 2.0, 96340.0, 649.0, 99388.0
1.0, -1.0, 0.0, 3.0, 2.0, 2.0, 3.0, 2.0, -1.0, 1.0, 3.0, 0.0, 3.0, 0.0, -1.0, 1.0, -1.0, 1.0, 0.0, -1.0, 3.0, -1.0, -1.0, 0.0, -1.0, 1.0, 0.0, 3.0, 2.0, 0.0, 1.0, 2.0, 0.0, 1.0, 1.0, 0.0, 2.0, 3.0, -1.0, 0.0, 1.0, -1.0, -1.0, 3.0, 1.0, 3.0, 0.0, -1.0, 0.0, 1.0, 97021.0, 512.0, 99487.0
1.0, -1.0, 0.0, 3.0, 2.0, 2.0, 3.0, 2.0, -1.0, 1.0, 3.0, 0.0, 3.0, 0.0, -1.0, 1.0, 3.0, 1.0, 0.0, 0.0, 1.0, -1.0, -1.0, 0.0, -1.0, 1.0, 0.0, 3.0, 2.0, 0.0, 1.0, 2.0, 0.0, 1.0, 1.0, 0.0, 2.0, 0.0, 2.0, 0.0, 1.0, -1.0, -1.0, 3.0, 1.0, 3.0, 0.0, -1.0, 0.0, 1.0, 96669.0, 561.0, 99454.0
3.0, 1.0, 1.0, 2.0, 0.0, 3.0, 1.0, 0.0, -1.0, 1.0, 0.0, 2.0, -1.0, -1.0, 3.0, 3.0, 1.0, 1.0, 1.0, 2.0, 3.0, 2.0, 0.0, 1.0, 2.0, 1.0, 3.0, 0.0, 0.0, 3.0, 3.0, 2.0, 0.0, 3.0, 0.0, -1.0, 1.0, 0.0, -1.0, 1.0, 3.0, 1.0, -1.0, 3.0, 0.0, 3.0, 2.0, 2.0, -1.0, 2.0, 96580.0, 606.0, 99418.0
1.0, 1.0, 1.0, 0.0, 1.0, 2.0, 2.0, 3.0, -1.0, -1.0, 3.0, 0.0, 1.0, 1.0, 0.0, 1.0, -1.0, 2.0, -1.0, 2.0, 1.0, 2.0, 1.0, -1.0, -1.0, 3.0, -1.0, 0.0, 3.0, -1.0, -1.0, 3.0, -1.0, 3.0, 0.0, -1.0, 1.0, 2.0, -1.0, -1.0, 2.0, -1.0, 0.0, 2.0, 2.0, 1.0, 0.0, 3.0, 2.0, 0.0, 97103.0, 501.0, 99510.0
1.0, 1.0, 0.0, 3.0, 2.0, 2.0, 3.0, 2.0, -1.0, 1.0, 3.0, 0.0, 3.0, 0.0, -1.0, 1.0, 3.0, 1.0, 0.0, -1.0, 3.0, -1.0, 1.0, 0.0, -1.0, 1.0, 0.0, 3.0, 2.0, 0.0, 1.0, 2.0, 0.0, 1.0, 1.0, 0.0, 2.0, 3.0, -1.0, 0.0, 1.0, -1.0, -1.0, 3.0, 1.0, 3.0, 0.0, -1.0, 0.0, 1.0, 96782.0, 558.0, 99447.0
1.0, 0.0, 1.0, 2.0, 2.0, 2.0, 1.0, 0.0, -1.0, 1.0, 0.0, 2.0, -1.0, 0.0, -1.0, 0.0, -1.0, 3.0, 0.0, 1.0, 1.0, -1.0, -1.0, 0.0, 2.0, -1.0, 2.0, 2.0, 0.0, 1.0, 0.0, 3.0, 2.0, -1.0, 2.0, 2.0, 1.0, 1.0, -1.0, -1.0, 0.0, 1.0, 0.0, 2.0, 2.0, 1.0, 0.0, 3.0, 3.0, 0.0, 96555.0, 551.0, 99466.0
2.0, 0.0, -1.0, 2.0, 2.0, 1.0, 2.0, -1.0, -1.0, 0.0, 0.0, -1.0, 0.0, 1.0, 0.0, 2.0, 1.0, 0.0, 0.0, -1.0, 0.0, 1.0, 1.0, 1.0, -1.0, 1.0, -1.0, 2.0, 1.0, 0.0, 1.0, 3.0, 2.0, 0.0, 1.0, -1.0, -1.0, 0.0, 3.0, -1.0, 3.0, -1.0, 2.0, 3.0, 2.0, 2.0, 0.0, -1.0, 2.0, 1.0, 96790.0, 517.0, 99510.0
1.0, 1.0, -1.0, 0.0, 1.0, 2.0, 0.0, 3.0, -1.0, -1.0, 0.0, 0.0, 1.0, 1.0, 0.0, 1.0, -1.0, 2.0, -1.0, 2.0, 1.0, 2.0, 1.0, -1.0, -1.0, 3.0, -1.0, 2.0, 3.0, -1.0, -1.0, 3.0, -1.0, 3.0, 0.0, -1.0, 1.0, 2.0, 3.0, 2.0, 2.0, -1.0, 0.0, 2.0, 2.0, 1.0, 0.0, 2.0, 2.0, 0.0, 96977.0, 515.0, 99511.0
1.0, 0.0, 1.0, 2.0, -1.0, 2.0, 1.0, 0.0, -1.0, 1.0, 0.0, 0.0, -1.0, 0.0, -1.0, -1.0, -1.0, 2.0, 0.0, 1.0, 1.0, -1.0, -1.0, 0.0, 2.0, -1.0, 2.0, 2.0, 0.0, 1.0, 0.0, 3.0, 2.0, -1.0, 2.0, 2.0, 1.0, 1.0, -1.0, 1.0, 0.0, 1.0, 0.0, 2.0, 2.0, 1.0, 0.0, 3.0, 3.0, 0.0, 96492.0, 537.0, 99477.0
1.0, 1.0, 0.0, 3.0, 2.0, 2.0, 2.0, 2.0, -1.0, 1.0, 3.0, 0.0, 3.0, 0.0, -1.0, 1.0, 3.0, 1.0, 0.0, -1.0, 3.0, -1.0, -1.0, 0.0, -1.0, 1.0, 0.0, 3.0, 2.0, 0.0, 1.0, 2.0, 0.0, 1.0, 1.0, 0.0, 2.0, 3.0, -1.0, 0.0, 1.0, -1.0, -1.0, 3.0, 1.0, 3.0, 0.0, -1.0, 0.0, 1.0, 96800.0, 547.0, 99457.0
1.0, 1.0, -1.0, 2.0, 2.0, 2.0, 2.0, -1.0, -1.0, 0.0, 0.0, -1.0, 0.0, 1.0, 0.0, 2.0, 1.0, 0.0, 0.0, -1.0, 0.0, 1.0, 1.0, 1.0, -1.0, 1.0, -1.0, 2.0, 0.0, 0.0, -1.0, 3.0, 0.0, 0.0, 1.0, -1.0, 2.0, 0.0, 3.0, -1.0, 0.0, -1.0, 2.0, -1.0, 2.0, 2.0, 0.0, -1.0, 3.0, 1.0, 96698.0, 508.0, 99513.0
1.0, 1.0, -1.0, 0.0, 1.0, 2.0, 0.0, 3.0, -1.0, -1.0, 0.0, 0.0, 1.0, 1.0, 0.0, 1.0, -1.0, 2.0, -1.0, 2.0, 1.0, 2.0, 1.0, -1.0, -1.0, 3.0, -1.0, 2.0, 3.0, -1.0, -1.0, 3.0, -1.0, 3.0, 0.0, -1.0, 1.0, 2.0, 3.0, 2.0, 2.0, -1.0, 0.0, 2.0, 2.0, 1.0, 0.0, 2.0, 2.0, 0.0, 96977.0, 515.0, 99511.0
1.0, 1.0, 0.0, 0.0, 1.0, 2.0, 2.0, 3.0, -1.0, -1.0, 3.0, 0.0, 1.0, 1.0, 0.0, 1.0, -1.0, 2.0, -1.0, 2.0, 1.0, 2.0, 1.0, 0.0, -1.0, 3.0, -1.0, 3.0, 3.0, 0.0, 1.0, 3.0, -1.0, 3.0, 0.0, -1.0, 1.0, 2.0, -1.0, -1.0, 2.0, -1.0, 0.0, 2.0, 2.0, 1.0, 0.0, 2.0, -1.0, 0.0, 96923.0, 522.0, 99488.0
1.0, 0.0, -1.0, 0.0, 2.0, 2.0, 2.0, -1.0, -1.0, 0.0, 0.0, -1.0, 0.0, 1.0, 0.0, 2.0, 1.0, 0.0, 0.0, -1.0, 0.0, 1.0, 1.0, 1.0, -1.0, 1.0, -1.0, 2.0, 0.0, 0.0, 1.0, 3.0, 2.0, 1.0, 1.0, -1.0, 2.0, 0.0, 3.0, -1.0, 0.0, -1.0, 2.0, -1.0, 1.0, 2.0, 0.0, -1.0, 3.0, 1.0, 96580.0, 518.0, 99505.0
1.0, -1.0, 0.0, 3.0, 2.0, 2.0, 3.0, 2.0, -1.0, 1.0, 3.0, 0.0, 3.0, 0.0, -1.0, 1.0, 3.0, 1.0, 0.0, -1.0, 3.0, -1.0, -1.0, 0.0, -1.0, 1.0, 0.0, 3.0, 2.0, 0.0, -1.0, 2.0, 0.0, 1.0, 1.0, 0.0, 2.0, 3.0, -1.0, 0.0, 1.0, -1.0, -1.0, 3.0, 1.0, 3.0, 0.0, -1.0, 0.0, 1.0, 97037.0, 521.0, 99482.0
1.0, 1.0, -1.0, 0.0, 1.0, 2.0, 2.0, 3.0, -1.0, -1.0, 0.0, 0.0, 1.0, 1.0, 0.0, -1.0, -1.0, 2.0, 0.0, 2.0, 1.0, 2.0, -1.0, -1.0, -1.0, 3.0, -1.0, 3.0, 2.0, -1.0, -1.0, 3.0, 0.0, 3.0, 0.0, -1.0, 1.0, 2.0, -1.0, -1.0, 2.0, -1.0, 0.0, 2.0, 2.0, 1.0, 0.0, 2.0, 0.0, 0.0, 96917.0, 489.0, 99514.0
1.0, 0.0, 1.0, 2.0, -1.0, 2.0, 1.0, 0.0, -1.0, 1.0, 0.0, 0.0, -1.0, 0.0, -1.0, -1.0, -1.0, 2.0, 0.0, 1.0, 1.0, -1.0, -1.0, 0.0, 2.0, -1.0, 2.0, 2.0, 0.0, 1.0, 0.0, 3.0, 2.0, -1.0, 2.0, 2.0, 1.0, 1.0, -1.0, -1.0, 0.0, 1.0, 0.0, 2.0, 2.0, 1.0, 0.0, 3.0, 3.0, 0.0, 96585.0, 523.0, 99488.0
1.0, -1.0, 0.0, 3.0, 2.0, 2.0, 3.0, 2.0, -1.0, 1.0, 3.0, 0.0, 3.0, 0.0, -1.0, 1.0, 3.0, 1.0, 0.0, 0.0, 1.0, -1.0, -1.0, 0.0, -1.0, 1.0, 0.0, 3.0, 2.0, 0.0, 1.0, 2.0, 0.0, 1.0, 1.0, 0.0, 2.0, 0.0, 2.0, 0.0, 1.0, -1.0, -1.0, 3.0, 1.0, 3.0, 0.0, -1.0, 0.0, 1.0, 96669.0, 561.0, 99454.0
1.0, 1.0, -1.0, 0.0, 1.0, 2.0, 0.0, 3.0, -1.0, -1.0, 0.0, 0.0, 1.0, 1.0, 0.0, 1.0, -1.0, 2.0, -1.0, 2.0, 1.0, 2.0, 1.0, -1.0, -1.0, 3.0, -1.0, 2.0, 3.0, -1.0, -1.0, 3.0, -1.0, 3.0, 0.0, -1.0, 1.0, 2.0, 3.0, 2.0, 2.0, -1.0, 0.0, 2.0, 2.0, 1.0, 0.0, 2.0, 2.0, 0.0, 96977.0, 515.0, 99511.0
1.0, 0.0, 1.0, 2.0, -1.0, 2.0, 1.0, 0.0, -1.0, 1.0, 0.0, 2.0, -1.0, 0.0, -1.0, 0.0, -1.0, 2.0, 0.0, 1.0, 1.0, -1.0, -1.0, 0.0, -1.0, -1.0, 2.0, 2.0, 0.0, 1.0, 0.0, 1.0, 0.0, -1.0, 2.0, 2.0, 1.0, 1.0, -1.0, 1.0, 0.0, 1.0, 0.0, 2.0, 2.0, 1.0, 0.0, 3.0, 3.0, 0.0, 96486.0, 531.0, 99482.0
1.0, 0.0, 1.0, 2.0, -1.0, 2.0, 1.0, 0.0, -1.0, 1.0, 0.0, 2.0, -1.0, 0.0, -1.0, 0.0, -1.0, 2.0, 0.0, 1.0, 1.0, -1.0, -1.0, 0.0, 2.0, -1.0, 2.0, 2.0, 0.0, 1.0, 0.0, 3.0, 0.0, -1.0, 2.0, 2.0, 1.0, 1.0, -1.0, -1.0, 0.0, 1.0, 0.0, 2.0, 2.0, 1.0, 0.0, 3.0, 3.0, 0.0, 96584.0, 536.0, 99481.0
1.0, 0.0, 1.0, 2.0, -1.0, 2.0, 1.0, 0.0, -1.0, 1.0, 0.0, 0.0, -1.0, 0.0, -1.0, -1.0, -1.0, 2.0, 0.0, 1.0, 1.0, -1.0, -1.0, 0.0, 2.0, -1.0, 2.0, 2.0, 0.0, 1.0, 0.0, 3.0, 2.0, -1.0, 2.0, 2.0, 1.0, 1.0, -1.0, 1.0, 0.0, 1.0, 0.0, 2.0, 2.0, 1.0, 0.0, 3.0, 3.0, 0.0, 96492.0, 537.0, 99477.0
1.0, -1.0, 0.0, 3.0, 2.0, 2.0, 3.0, 2.0, -1.0, 1.0, 3.0, 0.0, 3.0, 0.0, -1.0, 1.0, -1.0, 1.0, 0.0, -1.0, 3.0, -1.0, -1.0, 0.0, -1.0, 1.0, 0.0, 3.0, 2.0, 0.0, 1.0, 2.0, 0.0, 1.0, 1.0, 0.0, 2.0, 3.0, -1.0, 0.0, 1.0, -1.0, -1.0, 3.0, 1.0, 3.0, 0.0, -1.0, 0.0, 1.0, 97021.0, 512.0, 99487.0
1.0, 1.0, -1.0, 0.0, 1.0, 2.0, 2.0, 2.0, -1.0, -1.0, 3.0, 0.0, 1.0, 1.0, 0.0, 1.0, -1.0, 2.0, 0.0, 2.0, 1.0, 2.0, -1.0, -1.0, -1.0, 3.0, -1.0, 3.0, 3.0, -1.0, -1.0, 3.0, -1.0, 3.0, 0.0, -1.0, 1.0, 2.0, -1.0, -1.0, 2.0, -1.0, 0.0, 2.0, 2.0, 1.0, 0.0, 2.0, 0.0, 0.0, 97098.0, 484.0, 99522.0
1.0, 1.0, 0.0, 3.0, 2.0, 2.0, 3.0, 2.0, -1.0, 1.0, 3.0, 0.0, 3.0, 0.0, -1.0, 1.0, 3.0, 1.0, 0.0, -1.0, 3.0, -1.0, -1.0, 0.0, -1.0, -1.0, 0.0, 3.0, 2.0, 0.0, 1.0, 2.0, 0.0, 1.0, 1.0, 0.0, 2.0, 3.0, -1.0, 0.0, 1.0, -1.0, -1.0, 3.0, 1.0, 3.0, 0.0, -1.0, 0.0, 1.0, 96925.0, 529.0, 99469.0
1.0, 0.0, 1.0, 2.0, 2.0, 2.0, 1.0, 0.0, -1.0, 1.0, 0.0, 2.0, -1.0, 0.0, -1.0, 0.0, -1.0, 3.0, 0.0, 1.0, 1.0, -1.0, -1.0, 0.0, 2.0, -1.0, 2.0, 2.0, 0.0, 1.0, 0.0, 3.0, 2.0, -1.0, 2.0, 2.0, 1.0, 1.0, -1.0, -1.0, 0.0, 1.0, 0.0, 2.0, 2.0, 1.0, 0.0, 3.0, 3.0, 0.0, 96555.0, 551.0, 99466.0
1.0, 1.0, -1.0, 0.0, 1.0, 2.0, 2.0, 3.0, -1.0, -1.0, 3.0, 0.0, 1.0, 1.0, 0.0, -1.0, -1.0, 2.0, -1.0, 2.0, 1.0, 2.0, -1.0, -1.0, -1.0, 3.0, -1.0, 3.0, 0.0, -1.0, -1.0, 2.0, 0.0, 3.0, 0.0, -1.0, 1.0, 2.0, -1.0, -1.0, 2.0, -1.0, 0.0, 2.0, 2.0, 1.0, 0.0, 2.0, 0.0, 0.0, 97082.0, 479.0, 99531.0
3.0, 1.0, 0.0, 2.0, 0.0, 3.0, 2.0, 1.0, 1.0, 1.0, 0.0, 2.0, -1.0, 0.0, 3.0, 3.0, 1.0, 1.0, 1.0, 2.0, 2.0, 2.0, 0.0, 1.0, 0.0, 1.0, 3.0, 0.0, 0.0, 3.0, 3.0, 2.0, 0.0, 3.0, 0.0, -1.0, 1.0, 2.0, 0.0, 1.0, 3.0, 1.0, -1.0, 3.0, 0.0, 3.0, 2.0, 2.0, -1.0, 2.0, 96340.0, 649.0, 99388.0
3.0, 1.0, 1.0, 2.0, 0.0, 3.0, 1.0, 1.0, -1.0, 1.0, 0.0, 2.0, -1.0, -1.0, 3.0, 3.0, -1.0, 1.0, 1.0, 2.0, 2.0, 2.0, 0.0, 1.0, 2.0, 1.0, 3.0, 0.0, 0.0, 3.0, 3.0, 2.0, 0.0, 3.0, 0.0, -1.0, 1.0, 0.0, -1.0, 1.0, 3.0, 1.0, -1.0, 3.0, 0.0, 3.0, 2.0, 2.0, -1.0, 2.0, 96681.0, 587.0, 99431.0
1.0, 0.0, 1.0, 2.0, 2.0, 2.0, 1.0, 0.0, -1.0, 1.0, 0.0, 2.0, -1.0, 0.0, -1.0, 0.0, -1.0, 3.0, 0.0, 1.0, 1.0, -1.0, -1.0, 0.0, 2.0, -1.0, 2.0, 2.0, 0.0, 1.0, 0.0, 3.0, 2.0, -1.0, 2.0, 2.0, 1.0, 1.0, -1.0, -1.0, 0.0, -1.0, 0.0, 2.0, 2.0, 1.0, 0.0, 3.0, 3.0, 0.0, 96635.0, 533.0, 99477.0
1.0, 1.0, -1.0, 0.0, 1.0, 2.0, 1.0, 1.0, -1.0, -1.0, 3.0, -1.0, 1.0, 1.0, 0.0, 1.0, -1.0, 2.0, -1.0, 2.0, 1.0, 2.0, 0.0, -1.0, -1.0, 3.0, -1.0, 3.0, 3.0, -1.0, -1.0, 3.0, -1.0, 3.0, 0.0, -1.0, 1.0, 2.0, -1.0, -1.0, 2.0, -1.0, 0.0, 2.0, 2.0, 1.0, 0.0, 2.0, 0.0, 0.0, 97202.0, 470.0, 99539.0
1.0, -1.0, 0.0, 3.0, 2.0, 2.0, 1.0, 2.0, -1.0, 1.0, 3.0, 0.0, 3.0, 0.0, -1.0, 1.0, 1.0, 1.0, 0.0, 0.0, 3.0, 0.0, -1.0, 0.0, -1.0, 1.0, 0.0, 3.0, 2.0, 0.0, 1.0, 2.0, 0.0, -1.0, 1.0, 0.0, 1.0, 2.0, -1.0, 0.0, 1.0, -1.0, -1.0, 3.0, 1.0, 3.0, 0.0, -1.0, 0.0, 1.0, 96745.0, 542.0, 99471.0
1.0, -1.0, 0.0, 3.0, 2.0, 2.0, 3.0, 2.0, -1.0, 1.0, 3.0, 0.0, 3.0, 0.0, -1.0, 1.0, 3.0, 1.0, 0.0, -1.0, 3.0, -1.0, -1.0, 0.0, -1.0, 1.0, 0.0, 3.0, 2.0, 0.0, -1.0, 2.0, 0.0, 1.0, 1.0, 0.0, 2.0, 3.0, -1.0, 0.0, 1.0, -1.0, -1.0, 3.0, 1.0, 3.0, 0.0, -1.0, 0.0, 1.0, 97037.0, 521.0, 99482.0
3.0, 1.0, 1.0, 2.0, 0.0, 3.0, 1.0, 1.0, 1.0, 1.0, 0.0, 2.0, -1.0, -1.0, 3.0, 3.0, 1.0, 1.0, 1.0, 2.0, 2.0, 2.0, 0.0, 0.0, 0.0, 1.0, 3.0, 0.0, 0.0, 3.0, 0.0, 2.0, 0.0, 3.0, 0.0, -1.0, 0.0, 2.0, 0.0, 1.0, 3.0, 1.0, -1.0, 3.0, 0.0, 3.0, 2.0, 2.0, -1.0, 2.0, 96406.0, 638.0, 99400.0
3.0, 1.0, 0.0, 2.0, 0.0, 3.0, 2.0, 1.0, 1.0, 1.0, 0.0, 2.0, -1.0, 0.0, 3.0, 3.0, 1.0, 1.0, 1.0, 2.0, 2.0, 2.0, 0.0, 1.0, 0.0, 1.0, 3.0, 0.0, 0.0, 3.0, 3.0, 2.0, 0.0, 3.0, 0.0, -1.0, 1.0, 2.0, -1.0, 1.0, 3.0, 1.0, -1.0, 3.0, 0.0, 3.0, 2.0, 2.0, -1.0, 2.0, 96416.0, 633.0, 99395.0
3.0, 1.0, 1.0, 2.0, 0.0, 3.0, 1.0, 1.0, -1.0, 1.0, 0.0, 2.0, -1.0, -1.0, 3.0, 3.0, 1.0, 1.0, 0.0, 0.0, 2.0, 2.0, 0.0, 1.0, 0.0, 1.0, 3.0, 0.0, 0.0, -1.0, 3.0, 2.0, 0.0, 3.0, 0.0, -1.0, 0.0, 2.0, 0.0, 1.0, 3.0, 1.0, -1.0, 3.0, 0.0, 3.0, 2.0, 2.0, -1.0, 2.0, 96495.0, 612.0, 99424.0
3.0, 1.0, 1.0, 2.0, 0.0, 3.0, 1.0, 0.0, -1.0, 1.0, 0.0, 2.0, -1.0, -1.0, 3.0, 1.0, 1.0, 1.0, 1.0, 2.0, 3.0, 2.0, 0.0, 1.0, 2.0, 1.0, 3.0, 0.0, 0.0, 3.0, 3.0, 2.0, 0.0, 3.0, 0.0, -1.0, 1.0, 0.0, -1.0, 1.0, 3.0, 1.0, -1.0, 3.0, 0.0, 3.0, 2.0, 2.0, -1.0, 2.0, 96580.0, 606.0, 99418.0
1.0, 1.0, 1.0, 0.0, 1.0, 2.0, 2.0, 3.0, -1.0, -1.0, 3.0, 0.0, 1.0, 1.0, 0.0, 3.0, -1.0, 2.0, -1.0, 2.0, 1.0, 2.0, 1.0, -1.0, -1.0, 3.0, -1.0, 0.0, 3.0, -1.0, -1.0, 3.0, -1.0, 3.0, 0.0, -1.0, 1.0, 2.0, -1.0, -1.0, 2.0, -1.0, 0.0, 2.0, 2.0, 1.0, 0.0, 3.0, 2.0, 0.0, 97103.0, 501.0, 99510.0
1.0, 1.0, 0.0, 3.0, 2.0, 2.0, 3.0, 2.0, -1.0, 1.0, 3.0, 0.0, 3.0, 0.0, -1.0, 1.0, 3.0, 1.0, 0.0, -1.0, 3.0, -1.0, 1.0, 0.0, -1.0, 1.0, 0.0, 3.0, 2.0, 0.0, 1.0, 2.0, 0.0, 1.0, 1.0, 0.0, 2.0, 3.0, -1.0, 0.0, 1.0, -1.0, -1.0, 3.0, 1.0, 3.0, 0.0, -1.0, 0.0, 1.0, 96782.0, 558.0, 99447.0
1.0, 0.0, 1.0, 2.0, 2.0, 2.0, 1.0, 0.0, -1.0, 1.0, 0.0, 2.0, -1.0, 0.0, -1.0, 0.0, -1.0, 3.0, 0.0, 1.0, 1.0, -1.0, -1.0, 0.0, 2.0, -1.0, 2.0, 2.0, 0.0, 1.0, 0.0, 3.0, 2.0, -1.0, 2.0, 2.0, 1.0, 1.0, -1.0, -1.0, 0.0, 1.0, 0.0, 2.0, 2.0, 1.0, 0.0, 3.0, 3.0, 0.0, 96555.0, 551.0, 99466.0
2.0, 0.0, -1.0, 2.0, 2.0, 1.0, 2.0, -1.0, -1.0, 0.0, 0.0, -1.0, 0.0, 1.0, 0.0, 2.0, 1.0, 0.0, 0.0, -1.0, 0.0, 1.0, 1.0, 1.0, -1.0, 1.0, -1.0, 2.0, 1.0, 0.0, 1.0, 3.0, 2.0, 0.0, 1.0, -1.0, -1.0, 0.0, 3.0, -1.0, 3.0, -1.0, 2.0, 3.0, 2.0, 2.0, 0.0, -1.0, 2.0, 1.0, 96790.0, 517.0, 99510.0
