0.109703909413, 0.824730329593, 80.9206838958, 0.408905811198, 80.2142316299, 2.26995889964, 0.727567210713, 4.68838656045, 1.04120512039, 1067.32616036, 0.00363091621829, 0.611111111111
0.540094261726, 0.823218063264, 81.3827566457, 0.694651247258, 80.2142316299, 38.8392703614, 0.500121858331, 0.382379687173, 1.05291669695, 151.425266899, 0.554241629395, 0.0
0.184102209671, 0.820352962469, 87.7352407155, 0.661516628516, 22.4136575657, 1.05806983169, 0.295285411126, 2.62623102634, 4.34299174326, 1104.89266632, 0.0226337812973, 0.392857142857
0.109703909413, 0.828873472692, 88.0301751936, 0.649989353044, 45.412375062, 6.44046241126, 0.623752753256, 2.59617244842, 1.05291669695, 1118.33228016, 0.0, 0.0
0.683706238358, 0.820352962469, 84.7303463793, 0.555774748393, 27.7107661084, 17.7152575074, 0.533748536502, 2.51660499756, 1.05291669695, 994.954684535, 0.0, 0.857142857143
0.337839522838, 0.830106404892, 84.7303463793, 0.566621281573, 27.7107661084, 17.7152575074, 0.218909123583, 2.51660499756, 1.02812184827, 0.0, 1.0, 0.0
0.540094261726, 0.823218063264, 84.7303463793, 0.694651247258, 84.4306616103, 38.8392703614, 0.500121858331, 2.51660499756, 1.05291669695, 0.0, 1.0, 0.0
0.184102209671, 0.820352962469, 87.7352407155, 0.661516628516, 22.4136575657, 1.05806983169, 0.0709796856047, 2.62623102634, 4.34299174326, 759.583353902, 0.0401290751686, 0.666666666667
0.588679767452, 0.820558499895, 81.5307874398, 0.591807665338, 91.9841584573, 17.7152575074, 0.533748536502, 3.98587587639, 1.05291669695, 1049.21097258, 0.0364296680438, 0.772727272727
0.675208613897, 0.86377148351, 81.8383982232, 0.566621281573, 94.3458159133, 6.58890276726, 0.690786736703, 2.21912317046, 1.04930892334, 522.866714864, 0.0576265685554, 0.0
0.683706238358, 0.823218063264, 80.9206838958, 0.566621281573, 58.7893353192, 17.7152575074, 0.951753028211, 3.98587587639, 1.02000463355, 1111.11325709, 0.0, 0.846153846154
0.683706238358, 0.823218063264, 80.2015136088, 0.566621281573, 81.0131734115, 17.7152575074, 0.181256437427, 2.51660499756, 1.04635159193, 224.403245539, 0.126690442189, 0.0
0.184102209671, 0.86377148351, 80.6519192514, 0.47675568435, 59.2530682829, 3.95154356837, 0.393773125011, 2.83816079481, 15.6168710408, 1147.65752098, 0.045692701898, 0.363636363636
0.119271406872, 0.83298311252, 88.1711157293, 0.667532050994, 68.3610544677, 1.6298558729, 0.605115716506, 1.65504945727, 13.2650653607, 1214.24441064, 0.0243432555774, 0.6
0.109703909413, 0.824730329593, 80.9206838958, 0.408905811198, 80.2142316299, 2.26995889964, 0.727567210713, 4.68838656045, 1.04120512039, 1300.29582988, 0.0182529874083, 0.5
0.540094261726, 0.823218063264, 81.3827566457, 0.694651247258, 80.2142316299, 38.8392703614, 0.500121858331, 0.382379687173, 1.05291669695, 1381.75556046, 0.0, 0.0
0.109703909413, 0.820352962469, 88.0301751936, 0.591251127631, 92.2217147465, 2.26995889964, 0.727567210713, 4.68838656045, 7.47876579241, 1340.04313579, 0.0297365370902, 0.45
0.386022449132, 0.831369104223, 81.7472848786, 0.41155034937, 93.0525821742, 1.29964473454, 0.727567210713, 2.62623102634, 1.05291669695, 1106.34509987, 0.0436689538966, 0.666666666667
0.376863738833, 0.820352962469, 86.6499470137, 0.644195241177, 77.1766584921, 6.44046241126, 0.980879704939, 4.27642967106, 2.51531644602, 1272.80670682, 0.119781221563, 0.0
0.184102209671, 0.820352962469, 89.1567226819, 0.661516628516, 22.4136575657, 6.44046241126, 0.295285411126, 2.62623102634, 4.34299174326, 991.95905679, 0.126037901717, 0.533333333333
0.184102209671, 0.820352962469, 89.1567226819, 0.661516628516, 22.4136575657, 6.44046241126, 0.295285411126, 2.62623102634, 4.34299174326, 1314.64453309, 0.0903509951984, 0.0
0.540094261726, 0.823218063264, 81.3827566457, 0.581303806806, 27.666960594, 17.7152575074, 0.500121858331, 0.382379687173, 1.05291669695, 851.767126309, 0.110197149766, 0.818181818182
0.53632862077, 0.872408092091, 89.5938324355, 0.609996637978, 41.2812751915, 3.2176680206, 0.605115716506, 4.27642967106, 15.8805434383, 1198.64499149, 0.0801042569512, 0.142857142857
0.184102209671, 0.820351281417, 87.7352407155, 0.661516628516, 22.4136575657, 20.816909045, 0.295285411126, 2.62623102634, 4.34299174326, 330.251148115, 0.395332771157, 0.0
0.540094261726, 0.823218063264, 81.3827566457, 0.581303806806, 27.666960594, 17.7152575074, 0.151204848335, 0.382379687173, 1.04134774982, 880.040883357, 0.176902583052, 0.333333333333
0.261384988662, 0.820352962469, 81.7472848786, 0.408905811198, 90.2348017723, 18.0552360552, 0.295285411126, 4.90978237526, 7.996569076, 925.910543932, 0.233578175869, 0.0
0.683706238358, 0.823218063264, 80.9206838958, 0.566621281573, 92.2217147465, 17.7152575074, 0.951753028211, 3.98587587639, 1.05291669695, 1230.85666335, 0.170870292223, 0.0
0.870470247596, 0.823218063264, 81.5307874398, 0.566621281573, 87.572242113, 17.7152575074, 0.533748536502, 2.51660499756, 1.05291669695, 834.085851281, 0.166989739828, 0.714285714286
0.298921798545, 0.820352962469, 89.1567226819, 0.661516628516, 22.4136575657, 6.44046241126, 0.295285411126, 2.62623102634, 4.34299174326, 970.446691703, 0.17570933735, 0.0
0.748054611845, 0.823218063264, 84.7303463793, 0.549088734405, 92.2217147465, 2.40796727839, 0.690786736703, 2.51660499756, 1.05291669695, 1284.88739779, 0.0715207854199, 0.538461538462
0.675208613897, 0.823218063264, 81.8383982232, 0.566621281573, 92.2217147465, 6.58890276726, 0.690786736703, 2.51660499756, 1.05291669695, 1321.56717192, 0.025210617092, 0.619047619048
0.119272873719, 0.828873472692, 91.7618057722, 0.552422428999, 45.412375062, 24.1812127728, 0.0163800222014, 3.40665915685, 1.05291669695, 2100.62284705, 0.0, 0.0
0.651364116024, 0.823218063264, 84.7303463793, 0.442612001106, 99.0829390391, 48.3829146424, 0.500121858331, 3.40665915685, 1.05291669695, 1424.46399836, 0.0455359533028, 0.375
0.109703909413, 0.820352962469, 86.6499470137, 0.644195241177, 77.1766584921, 17.7152575074, 0.295285411126, 2.62623102634, 13.5492562131, 1465.03961665, 0.0816140887994, 0.0
0.261384988662, 0.831369104223, 81.7472848786, 0.408905811198, 90.2348017723, 3.67390766867, 0.727567210713, 2.62623102634, 1.05291669695, 1476.91700225, 0.00637927688093, 0.0
0.651364116024, 0.823218063264, 84.7303463793, 0.442612001106, 99.0829390391, 48.3829146424, 0.500121858331, 3.40665915685, 1.05291669695, 1487.07780048, 0.0, 0.5
0.109703909413, 0.820352962469, 87.7352407155, 0.673745358536, 22.4136575657, 1.05806983169, 0.295285411126, 2.62623102634, 4.34299174326, 1783.95935214, 0.0042107608817, 0.0
0.184102209671, 0.820352962469, 87.7352407155, 0.566621281573, 66.6594857184, 1.05806983169, 0.295285411126, 4.59214707195, 1.04635159193, 1442.59586708, 0.00945622974395, 0.533333333333
0.119272873719, 0.828873472692, 91.7618057722, 0.442507005135, 45.412375062, 2.71171182437, 0.203202409774, 2.83816079481, 1.05291669695, 1465.14030508, 0.0204617116566, 0.451612903226
0.107732926045, 0.820352962469, 91.7636370574, 0.502876740468, 9.34418084006, 1.12432739463, 0.706254588156, 1.92637555509, 8.18427576776, 1909.81837576, 0.0034749202318, 0.2
0.109703909413, 0.824730329593, 88.0301751936, 0.408905811198, 80.2142316299, 2.26995889964, 0.727567210713, 4.68838656045, 1.04120512039, 1449.95173667, 0.00843607333919, 0.571428571429
0.119271406872, 0.831369104223, 86.6499470137, 0.459703313893, 45.412375062, 1.19344933633, 0.623752753256, 4.49765175687, 1.01251741856, 2021.18902496, 0.00254187214494, 0.0769230769231
0.299713385831, 0.82354786125, 86.6499470137, 0.459703313893, 48.8080149319, 3.67390766867, 0.203202409774, 3.40665915685, 1.01251741856, 1316.76495445, 0.062837444877, 0.724137931034
0.184102209671, 0.823218063264, 81.3827566457, 0.442612001106, 22.4136575657, 40.2482880712, 0.500121858331, 0.382379687173, 1.05291669695, 1135.68950175, 0.154588222049, 0.772727272727
0.220796078162, 0.820352962469, 81.7472848786, 0.408905811198, 90.2348017723, 18.0552360552, 0.727567210713, 2.62623102634, 8.99249080424, 1334.95989638, 0.120383508677, 0.0
0.184102209671, 0.823218063264, 81.3827566457, 0.442612001106, 22.4136575657, 40.2482880712, 0.500121858331, 2.51660499756, 1.05291669695, 1332.54234871, 0.150345774434, 0.5
0.53632862077, 0.872408092091, 89.5938324355, 0.609996637978, 27.7107661084, 3.2176680206, 0.605115716506, 4.27642967106, 15.8805434383, 1460.84858338, 0.118500066855, 0.333333333333
0.119272873719, 0.828873472692, 90.9853152759, 0.576240372828, 82.9270717834, 24.1812127728, 0.203202409774, 3.40665915685, 1.01038356306, 1331.14085736, 0.152597092664, 0.416666666667
0.540094261726, 0.823218063264, 81.3827566457, 0.442612001106, 78.4129852067, 40.2482880712, 0.500121858331, 4.90978237526, 1.05291669695, 1395.27567357, 0.10364760054, 0.5
0.683706238358, 0.820352962469, 84.7303463793, 0.694651247258, 80.2142316299, 12.0097839247, 0.295285411126, 3.41405629311, 1.04120512039, 1255.59692224, 0.161848182611, 0.714285714286
0.683706238358, 0.820352962469, 90.4057268608, 0.566621281573, 94.702640155, 17.7152575074, 0.690786736703, 2.51660499756, 10.6378224227, 905.888360625, 0.396792872996, 0.0
0.870470247596, 0.823218063264, 82.1249248379, 0.566621281573, 87.572242113, 29.2410097622, 0.533748536502, 2.51660499756, 1.05291669695, 724.665469605, 0.872781521813, 0.0
0.337839522838, 0.824730329593, 89.0054774753, 0.566621281573, 27.7107661084, 17.7152575074, 0.218909123583, 2.51660499756, 1.02812184827, 1025.44265247, 0.28139101766, 0.0
0.683706238358, 0.823218063264, 84.7303463793, 0.566621281573, 92.2217147465, 17.7152575074, 0.690786736703, 2.51660499756, 1.05291669695, 1154.44197669, 0.271056913735, 0.0
0.259795827291, 0.820386025299, 90.9932753776, 0.496484079026, 8.38757597202, 12.8452555262, 0.284392998555, 1.15681983223, 6.59337106989, 1080.66718133, 0.234772405863, 0.526315789474
0.165268935924, 0.820352962469, 86.6499470137, 0.644195241177, 77.1766584921, 6.44046241126, 0.980879704939, 2.62623102634, 2.51531644602, 1207.43193886, 0.218571267585, 0.571428571429
0.104371802409, 0.824730329593, 88.0301751936, 0.48342263743, 7.71716097449, 17.7152575074, 0.181256437427, 4.68838656045, 7.62074721557, 1305.6723841, 0.108455710065, 0.571428571429
0.107738590325, 0.820352962469, 86.6499470137, 0.673745358536, 2.32565036435, 8.07309872636, 0.295285411126, 3.19679650902, 11.5632171759, 1325.06024571, 0.0912296938561, 0.538461538462
0.651161841996, 0.823218063264, 84.7303463793, 0.442612001106, 99.0829390391, 40.2482880712, 0.500121858331, 0.382379687173, 1.05291669695, 1320.75988859, 0.10184844162, 0.636363636364
0.109703909413, 0.828873472692, 88.0301751936, 0.649989353044, 45.412375062, 6.44046241126, 0.203202409774, 2.59617244842, 1.05291669695, 1330.03304101, 0.0529494305337, 0.71875
0.683706238358, 0.823218063264, 84.7303463793, 0.566621281573, 90.2348017723, 17.7152575074, 0.218909123583, 2.51660499756, 1.05291669695, 2543.68571135, 0.0, 0.0
0.184102209671, 0.820352962469, 87.7352407155, 0.661516628516, 22.4136575657, 1.05806983169, 0.0709796856047, 2.62623102634, 4.34299174326, 2394.33883295, 0.0032356997413, 0.0
0.119271406872, 0.831369104223, 86.6499470137, 0.459703313893, 45.412375062, 1.00767246864, 0.623752753256, 4.68838656045, 1.00034298747, 2526.98890753, 0.00205495813581, 0.0
0.119271406872, 0.83298311252, 88.1711157293, 0.667532050994, 68.3610544677, 1.6298558729, 0.605115716506, 1.65504945727, 13.2650653607, 1769.09781682, 0.0104952215797, 0.0
0.299713385831, 0.831369104223, 86.6499470137, 0.459703313893, 45.412375062, 1.19344933633, 0.623752753256, 4.49765175687, 1.01251741856, 1487.4849383, 0.0135129371913, 0.0
0.683706238358, 0.887885868275, 80.9206838958, 0.513338915908, 92.2217147465, 1.18888578553, 0.951753028211, 2.51660499756, 1.05083548152, 1523.22384251, 0.0120744280305, 0.363636363636
0.683706238358, 0.823218063264, 80.9206838958, 0.513338915908, 80.2142316299, 1.1110039069, 0.672194578823, 2.51660499756, 1.05083548152, 1482.01601088, 0.0416870959224, 0.4375
0.184102209671, 0.820352962469, 87.7352407155, 0.566621281573, 46.8768747929, 1.05806983169, 0.295285411126, 4.59214707195, 1.04635159193, 1639.95888433, 0.00697537886345, 0.142857142857
0.109703909413, 0.823733544448, 88.0301751936, 0.408905811198, 42.102255469, 2.26995889964, 0.727567210713, 4.97505987029, 1.05083548152, 1538.10119432, 0.0103648714484, 0.454545454545
0.119271406872, 0.823218063264, 84.7303463793, 0.566621281573, 90.2348017723, 1.00767246864, 0.623752753256, 2.51660499756, 1.05291669695, 1721.87955845, 0.00274096329681, 0.838709677419
0.184102209671, 0.820352962469, 87.7352407155, 0.661516628516, 23.0419863833, 1.05806983169, 0.295285411126, 2.62623102634, 4.34299174326, 2009.0429288, 0.00686025743193, 0.142857142857
0.879185916286, 0.830106404892, 89.561301062, 0.668638779487, 48.8080149319, 1.05806983169, 0.393773125011, 4.62842805661, 2.95267749998, 1820.89962116, 0.00758392892446, 0.0
0.107732926045, 0.820073272488, 91.7636370574, 0.502876740468, 9.34418084006, 1.12432739463, 0.706254588156, 1.92637555509, 8.18427576776, 2251.47690465, 0.00559300713246, 0.0
0.683706238358, 0.823218063264, 80.9206838958, 0.513338915908, 92.2217147465, 1.18888578553, 0.951753028211, 2.51660499756, 1.05083548152, 1469.45655316, 0.0541084950929, 0.47619047619
0.119271406872, 0.831369104223, 82.6299266956, 0.459703313893, 45.412375062, 2.26995889964, 0.727567210713, 4.9617821632, 1.00109876988, 2008.37887251, 0.00549279836327, 0.363636363636
0.261384988662, 0.831369104223, 81.7472848786, 0.408905811198, 90.2348017723, 3.67390766867, 0.727567210713, 2.62623102634, 1.05291669695, 1457.22477555, 0.00861630900059, 0.65
0.109703909413, 0.820352962469, 87.7352407155, 0.673745358536, 22.4136575657, 1.05806983169, 0.295285411126, 2.62623102634, 4.34299174326, 2279.66743291, 0.00260989812673, 0.25
0.109703909413, 0.86377148351, 80.9206838958, 0.644195241177, 92.2217147465, 2.26995889964, 0.727567210713, 2.51660499756, 1.45039103459, 2156.25298903, 0.0038005509064, 0.1
0.261384988662, 0.820352962469, 81.7472848786, 0.408905811198, 90.2348017723, 18.0552360552, 0.727567210713, 2.62623102634, 8.99249080424, 1360.72228034, 0.20205673228, 0.0
0.184102209671, 0.820351281417, 87.7352407155, 0.661516628516, 22.4136575657, 20.816909045, 0.295285411126, 2.62623102634, 4.34299174326, 1354.02970727, 0.243586772396, 0.117647058824
0.748054611845, 0.823218063264, 84.7303463793, 0.549088734405, 92.2217147465, 6.44046241126, 0.690786736703, 2.51660499756, 1.05291669695, 1375.69747939, 0.161604097643, 0.0
0.683706238358, 0.820352962469, 92.8833220327, 0.661516628516, 77.1766584921, 6.44046241126, 0.295285411126, 4.90978237526, 1.05291669695, 1343.65214903, 0.189138863748, 0.483870967742
0.423051494333, 0.83045849452, 81.4666201236, 0.466619963185, 61.8269896726, 35.7807204452, 0.132644138838, 0.382379687173, 3.82273482344, 1150.70419541, 0.290459187127, 0.0
0.588679767452, 0.823218063264, 81.5307874398, 0.591807665338, 91.9841584573, 17.7152575074, 0.533748536502, 2.51660499756, 1.05291669695, 1061.56381072, 0.32323580648, 0.0
0.683706238358, 0.820352962469, 81.7472848786, 0.661516628516, 77.1766584921, 6.44046241126, 0.295285411126, 4.90978237526, 1.05291669695, 1365.70886554, 0.135730881904, 0.807692307692
0.683706238358, 0.820352962469, 84.7303463793, 0.694651247258, 80.2142316299, 17.7152575074, 0.295285411126, 3.41405629311, 1.04120512039, 2549.82759594, 0.0, 0.0
0.664374869861, 0.896136828781, 80.6519192514, 0.573167184815, 21.9005028425, 17.7152575074, 0.0217988188866, 4.81059611159, 2.05559992176, 1099.50717973, 0.505185291604, 0.0
0.664374869861, 0.823218063264, 84.7303463793, 0.566621281573, 92.2217147465, 17.7152575074, 0.690786736703, 4.81059611159, 5.73663048279, 1100.43568124, 0.413326755267, 0.357142857143
0.226644538882, 0.823218063264, 84.7303463793, 0.615954815842, 92.2217147465, 17.7152575074, 0.690786736703, 2.51660499756, 1.05291669695, 1402.28827677, 0.147100159518, 0.647058823529
0.588679767452, 0.823218063264, 81.5307874398, 0.567087317278, 91.9841584573, 6.44046241126, 0.533748536502, 2.51660499756, 1.05291669695, 1546.00761323, 0.119710208045, 0.181818181818
0.337839522838, 0.823218063264, 84.7303463793, 0.694651247258, 84.4306616103, 38.8392703614, 0.19744962588, 2.51660499756, 1.05291669695, 1330.54329517, 0.217635605098, 0.619047619048
0.386022449132, 0.831369104223, 81.8383982232, 0.41155034937, 93.0525821742, 1.29964473454, 0.727567210713, 2.62623102634, 1.05291669695, 1464.20650851, 0.0464223815575, 0.794117647059
0.109703909413, 0.824730329593, 88.0301751936, 0.408905811198, 92.2217147465, 2.26995889964, 0.727567210713, 4.68838656045, 9.10705047876, 1950.27043547, 0.00763054337901, 0.0
0.540094261726, 0.823218063264, 81.3827566457, 0.442612001106, 27.666960594, 40.2482880712, 0.500121858331, 0.382379687173, 1.05291669695, 1227.62627093, 0.357440127282, 0.5
0.109703909413, 0.831369104223, 81.7472848786, 0.408905811198, 90.2348017723, 1.05806983169, 0.727567210713, 2.62623102634, 1.05291669695, 2305.78072593, 0.00602535638744, 0.607142857143
0.184102209671, 0.820351281417, 89.0314711982, 0.661516628516, 22.4136575657, 20.816909045, 0.91380419559, 2.62623102634, 4.34299174326, 1319.08806891, 0.292841869885, 0.5
0.165268935924, 0.824730329593, 86.6499470137, 0.408905811198, 77.1766584921, 2.65886198078, 0.137155390526, 0.581493269684, 8.43504333982, 1799.19371053, 0.0129413444094, 0.416666666667
0.109703909413, 0.820352962469, 87.7352407155, 0.661516628516, 22.4136575657, 1.05806983169, 0.295285411126, 2.62623102634, 4.34299174326, 1853.08982474, 0.0082686983978, 0.25
0.261384988662, 0.831369104223, 81.7472848786, 0.408905811198, 90.2348017723, 3.67390766867, 0.727567210713, 2.62623102634, 1.05291669695, 1487.85712819, 0.0473504433361, 0.571428571429
0.299713385831, 0.82354786125, 86.6499470137, 0.459703313893, 48.8080149319, 3.67390766867, 0.623752753256, 3.40665915685, 1.01251741856, 1556.17676435, 0.0175343387074, 0.142857142857
