1.77583549508, 1.153296442, 1.70347119926, 0.964213036509, 6.77215622608, 1.10062270119, 2.28202501446, 0.857836970823, 1.00095703031, 4.44110766403, 6.7744230317, 0.94037395394, 3.96285679158, 1.27103347944, 0.978637428484, 1.53865424486, 1.04948391436, 1.13958250217, 4.94765685453, 0.918118618915, 0.911772792831, 344.665836303, 1.01717958917, 1.5016336117, 0.996226589402, 2.77116097273, 0.917620674116, 108.480302538, 12.5850258284, 227.432180456, 1.87667560322
3.79992110182, 1.41680686128, 0.746387944924, 0.82978512049, 6.64029350104, 0.979664142278, 1.33285520374, 0.980204720815, 1.0602727072, 5.97742018947, 4.09975177403, 1.02393614203, 2.39201454266, 1.27976885088, 0.892638511432, 1.37993001611, 1.14511999904, 1.21583831168, 6.34212626386, 1.10481267153, 0.931104730877, 366.947742244, 1.10130498981, 5.28602933669, 1.17082366378, 2.5809779418, 0.962001313031, 32.4103029552, 14.8233418714, 64.7650429196, 1.87667560322
1.05727542483, 1.27315399894, 1.68123192146, 1.15178721115, 5.68224576555, 1.05549388137, 4.92100657593, 1.05014930339, 0.999944073351, 3.3038903307, 5.19315828946, 0.95150506644, 4.44678240353, 1.07697132133, 0.951836354772, 1.25499099009, 1.09777025499, 0.857998819925, 5.24982349965, 1.07925176265, 0.808716913125, 283.076131687, 1.06641828972, 5.65644057511, 1.05507573735, 3.98398649182, 0.95455161364, 2564.20481893, 40.6740515642, 14913.7657622, 2.14477211796
3.40956430197, 1.08013295563, 1.16094946602, 1.11135478268, 2.44833900091, 0.798436056217, 1.99711157779, 0.924905036959, 0.972541178231, 2.92659052595, 4.37627489346, 0.839694432364, 4.54928593876, 1.1864601605, 1.00641315618, 1.62574398153, 1.03770830477, 0.921625012347, 5.96929154324, 1.14845859679, 0.827361231829, 62.5700084949, 1.19193104578, 4.78976964156, 1.16867169811, 5.34355197963, 1.14840516263, 1394.01001103, 27.8309418566, 741.624460887, 4.55764075067
2.81599520876, 1.15050013617, 0.757765199343, 1.09821536624, 2.2801850222, 0.871128701847, 2.21047078764, 0.987926378092, 0.924484743973, 4.18183557274, 5.32997327086, 1.13420418214, 2.07770339052, 1.27042849007, 1.08397961727, 1.0764954462, 1.0823634939, 0.85525673144, 7.44735073866, 1.17459775068, 0.845481830635, 148.712357751, 0.994264307581, 1.12042030626, 1.18835921195, 2.87193818598, 1.06241408681, 311.858839766, 17.1068333816, 332.305322987, 0.536193029491
2.81599520876, 1.15050013617, 0.757765199343, 1.09821536624, 2.2801850222, 0.871128701847, 2.21047078764, 0.987926378092, 0.924484743973, 4.18183557274, 5.32997327086, 1.13420418214, 2.07770339052, 1.27042849007, 1.08397961727, 1.0764954462, 1.0823634939, 0.85525673144, 7.44735073866, 1.17459775068, 0.845481830635, 148.712357751, 0.994264307581, 1.12042030626, 1.18835921195, 2.87193818598, 1.06241408681, 311.858839766, 17.1068333816, 332.305322987, 0.536193029491
2.81599520876, 1.15050013617, 0.757765199343, 1.09821536624, 2.2801850222, 0.871128701847, 2.21047078764, 0.987926378092, 0.924484743973, 4.18183557274, 5.32997327086, 1.13420418214, 2.07770339052, 1.27042849007, 1.08397961727, 1.0764954462, 1.0823634939, 0.85525673144, 7.44735073866, 1.17459775068, 0.845481830635, 148.712357751, 0.994264307581, 1.12042030626, 1.18835921195, 2.87193818598, 1.06241408681, 311.858839766, 17.1068333816, 332.305322987, 0.536193029491
2.81599520876, 1.15050013617, 0.757765199343, 1.09821536624, 2.2801850222, 0.871128701847, 2.21047078764, 0.987926378092, 0.924484743973, 4.18183557274, 5.32997327086, 1.13420418214, 2.07770339052, 1.27042849007, 1.08397961727, 1.0764954462, 1.0823634939, 0.85525673144, 7.44735073866, 1.17459775068, 0.845481830635, 148.712357751, 0.994264307581, 1.12042030626, 1.18835921195, 2.87193818598, 1.06241408681, 311.858839766, 17.1068333816, 332.305322987, 0.536193029491
2.81599520876, 1.15050013617, 0.757765199343, 1.09821536624, 2.2801850222, 0.871128701847, 2.21047078764, 0.987926378092, 0.924484743973, 4.18183557274, 5.32997327086, 1.13420418214, 2.07770339052, 1.27042849007, 1.08397961727, 1.0764954462, 1.0823634939, 0.85525673144, 7.44735073866, 1.17459775068, 0.845481830635, 148.712357751, 0.994264307581, 1.12042030626, 1.18835921195, 2.87193818598, 1.06241408681, 311.858839766, 17.1068333816, 332.305322987, 0.536193029491
2.81599520876, 1.15050013617, 0.757765199343, 1.09821536624, 2.2801850222, 0.871128701847, 2.21047078764, 0.987926378092, 0.924484743973, 4.18183557274, 5.32997327086, 1.13420418214, 2.07770339052, 1.27042849007, 1.08397961727, 1.0764954462, 1.0823634939, 0.85525673144, 7.44735073866, 1.17459775068, 0.845481830635, 148.712357751, 0.994264307581, 1.12042030626, 1.18835921195, 2.87193818598, 1.06241408681, 311.858839766, 17.1068333816, 332.305322987, 0.536193029491
2.81599520876, 1.15050013617, 0.757765199343, 1.09821536624, 2.2801850222, 0.871128701847, 2.21047078764, 0.987926378092, 0.924484743973, 4.18183557274, 5.32997327086, 1.13420418214, 2.07770339052, 1.27042849007, 1.08397961727, 1.0764954462, 1.0823634939, 0.85525673144, 7.44735073866, 1.17459775068, 0.845481830635, 148.712357751, 0.994264307581, 1.12042030626, 1.18835921195, 2.87193818598, 1.06241408681, 311.858839766, 17.1068333816, 332.305322987, 0.536193029491
2.81599520876, 1.15050013617, 0.757765199343, 1.09821536624, 2.2801850222, 0.871128701847, 2.21047078764, 0.987926378092, 0.924484743973, 4.18183557274, 5.32997327086, 1.13420418214, 2.07770339052, 1.27042849007, 1.08397961727, 1.0764954462, 1.0823634939, 0.85525673144, 7.44735073866, 1.17459775068, 0.845481830635, 148.712357751, 0.994264307581, 1.12042030626, 1.18835921195, 2.87193818598, 1.06241408681, 311.858839766, 17.1068333816, 332.305322987, 0.536193029491
2.81599520876, 1.15050013617, 0.757765199343, 0.896818399854, 2.2801850222, 1.1316318482, 2.21047078764, 0.924577106898, 0.924484743973, 4.18183557274, 5.32997327086, 1.13171961873, 2.07770339052, 1.26810197044, 1.07849051442, 1.30707878432, 1.0823634939, 0.85525673144, 7.44735073866, 1.17459775068, 0.845481830635, 147.0579882, 0.994264307581, 1.12042030626, 1.18835921195, 2.87193818598, 1.06241408681, 661.714193409, 27.3517361724, 2352.25130673, 0.536193029491
2.21334456454, 1.38215807751, 0.759464935098, 0.896992077026, 2.48424250458, 1.13758078048, 5.77060064936, 0.850773798498, 1.0118349294, 5.76363753197, 5.36086730136, 0.962469406407, 4.30504634281, 1.21318967108, 0.917221218662, 1.43543859913, 1.04957946441, 0.848474168261, 3.87947224448, 1.1744454797, 0.99325598528, 181.550517043, 0.968067022168, 4.00468433936, 1.21852849825, 2.83428564487, 1.06249173938, 78.7483320462, 13.6676491127, 530.217468707, 1.60857908847
2.81599520876, 1.15050013617, 0.757765199343, 0.896744631892, 2.2801850222, 1.1316318482, 2.21047078764, 0.924577106898, 0.924484743973, 4.18183557274, 5.32997327086, 1.13171961873, 2.07770339052, 1.26810197044, 1.07849051442, 1.30707878432, 1.0823634939, 0.85525673144, 7.44735073866, 1.17459775068, 0.845481830635, 147.0579882, 0.994264307581, 1.12042030626, 1.18835921195, 2.87193818598, 1.06241408681, 111.343545018, 12.4409859507, 544.961848437, 2.68096514745
2.81599520876, 1.15050013617, 0.757765199343, 0.896744631892, 2.2801850222, 1.1316318482, 2.21047078764, 0.924577106898, 0.924484743973, 4.18183557274, 5.32997327086, 1.13171961873, 2.07770339052, 1.26810197044, 1.07849051442, 1.30707878432, 1.0823634939, 0.85525673144, 7.44735073866, 1.17459775068, 0.845481830635, 147.0579882, 0.994264307581, 1.12042030626, 1.18835921195, 2.87193818598, 1.06241408681, 111.343545018, 12.4409859507, 544.961848437, 2.68096514745
2.81599520876, 1.15050013617, 0.757765199343, 0.896744631892, 2.2801850222, 1.1316318482, 2.21047078764, 0.924577106898, 0.924484743973, 4.18183557274, 5.32997327086, 1.13171961873, 2.07770339052, 1.26810197044, 1.07849051442, 1.30707878432, 1.0823634939, 0.85525673144, 7.44735073866, 1.17459775068, 0.845481830635, 147.0579882, 0.994264307581, 1.12042030626, 1.18835921195, 2.87193818598, 1.06241408681, 111.343545018, 12.4409859507, 544.961848437, 2.68096514745
2.81599520876, 1.15050013617, 0.757765199343, 0.896744631892, 2.2801850222, 1.1316318482, 2.21047078764, 0.924577106898, 0.924484743973, 4.18183557274, 5.32997327086, 1.13171961873, 2.07770339052, 1.26810197044, 1.07849051442, 1.30707878432, 1.0823634939, 0.85525673144, 7.44735073866, 1.17459775068, 0.845481830635, 147.0579882, 0.994264307581, 1.12042030626, 1.18835921195, 2.87193818598, 1.06241408681, 111.343545018, 12.4409859507, 544.961848437, 2.68096514745
2.81599520876, 1.15050013617, 0.757765199343, 0.896744631892, 2.2801850222, 1.1316318482, 2.21047078764, 0.924577106898, 0.924484743973, 4.18183557274, 5.32997327086, 1.13171961873, 2.07770339052, 1.26810197044, 1.07849051442, 1.30707878432, 1.0823634939, 0.85525673144, 7.44735073866, 1.17459775068, 0.845481830635, 147.0579882, 0.994264307581, 1.12042030626, 1.18835921195, 2.87193818598, 1.06241408681, 111.343545018, 12.4409859507, 544.961848437, 2.68096514745
2.81599520876, 1.15050013617, 0.757765199343, 0.896744631892, 2.2801850222, 1.1316318482, 2.21047078764, 0.924577106898, 0.924484743973, 4.18183557274, 5.32997327086, 1.13171961873, 2.07770339052, 1.26810197044, 1.07849051442, 1.30707878432, 1.0823634939, 0.85525673144, 7.44735073866, 1.17459775068, 0.845481830635, 147.0579882, 0.994264307581, 1.12042030626, 1.18835921195, 2.87193818598, 1.06241408681, 111.343545018, 12.4409859507, 544.961848437, 2.68096514745
2.81599520876, 1.15050013617, 0.757765199343, 0.896744631892, 2.2801850222, 1.1316318482, 2.21047078764, 0.924577106898, 0.924484743973, 4.18183557274, 5.32997327086, 1.13171961873, 2.07770339052, 1.26810197044, 1.07849051442, 1.30707878432, 1.0823634939, 0.85525673144, 7.44735073866, 1.17459775068, 0.845481830635, 147.0579882, 0.994264307581, 1.12042030626, 1.18835921195, 2.87193818598, 1.06241408681, 111.343545018, 12.4409859507, 544.961848437, 2.68096514745
2.81599520876, 1.15050013617, 0.757765199343, 0.896744631892, 2.2801850222, 1.1316318482, 2.21047078764, 0.924577106898, 0.924484743973, 4.18183557274, 5.32997327086, 1.13171961873, 2.07770339052, 1.26810197044, 1.07849051442, 1.30707878432, 1.0823634939, 0.85525673144, 7.44735073866, 1.17459775068, 0.845481830635, 147.0579882, 0.994264307581, 1.12042030626, 1.18835921195, 2.87193818598, 1.06241408681, 111.343545018, 12.4409859507, 544.961848437, 2.68096514745
2.81599520876, 1.15050013617, 0.757765199343, 0.896744631892, 2.2801850222, 1.1316318482, 2.21047078764, 0.924577106898, 0.924484743973, 4.18183557274, 5.32997327086, 1.13171961873, 2.07770339052, 1.26810197044, 1.07849051442, 1.30707878432, 1.0823634939, 0.85525673144, 7.44735073866, 1.17459775068, 0.845481830635, 147.0579882, 0.994264307581, 1.12042030626, 1.18835921195, 2.87193818598, 1.06241408681, 111.343545018, 12.4409859507, 544.961848437, 2.68096514745
2.81599520876, 1.15050013617, 0.757765199343, 0.896744631892, 2.2801850222, 1.1316318482, 2.21047078764, 0.924577106898, 0.924484743973, 4.18183557274, 5.32997327086, 1.13171961873, 2.07770339052, 1.26810197044, 1.07849051442, 1.30707878432, 1.0823634939, 0.85525673144, 7.44735073866, 1.17459775068, 0.845481830635, 147.0579882, 0.994264307581, 1.12042030626, 1.18835921195, 2.87193818598, 1.06241408681, 111.343545018, 12.4409859507, 544.961848437, 2.68096514745
2.81599520876, 1.15050013617, 0.757765199343, 0.896744631892, 2.2801850222, 1.1316318482, 2.21047078764, 0.924577106898, 0.924484743973, 4.18183557274, 5.32997327086, 1.13171961873, 2.07770339052, 1.26810197044, 1.07849051442, 1.30707878432, 1.0823634939, 0.85525673144, 7.44735073866, 1.17459775068, 0.845481830635, 147.0579882, 0.994264307581, 1.12042030626, 1.18835921195, 2.87193818598, 1.06241408681, 111.343545018, 12.4409859507, 544.961848437, 2.68096514745
2.81599520876, 1.15050013617, 0.757765199343, 0.896744631892, 2.2801850222, 1.1316318482, 2.21047078764, 0.924577106898, 0.924484743973, 4.18183557274, 5.32997327086, 1.13171961873, 2.07770339052, 1.26810197044, 1.07849051442, 1.30707878432, 1.0823634939, 0.85525673144, 7.44735073866, 1.17459775068, 0.845481830635, 147.0579882, 0.994264307581, 1.12042030626, 1.18835921195, 2.87193818598, 1.06241408681, 111.343545018, 12.4409859507, 544.961848437, 2.68096514745
2.81599520876, 1.15050013617, 0.757765199343, 1.09821536624, 2.2801850222, 0.871128701847, 2.21047078764, 1.01343868404, 0.924484743973, 3.96042081856, 5.32997327086, 1.13420418214, 2.07770339052, 1.27042849007, 1.08397961727, 1.0764954462, 1.0823634939, 0.85525673144, 7.44735073866, 1.17459775068, 0.845481830635, 148.712357751, 0.994264307581, 1.12042030626, 1.18835921195, 2.87193818598, 1.06241408681, 278.234622659, 27.725153535, 384.903782736, 0.536193029491
2.81599520876, 1.15050013617, 0.757765199343, 1.09821536624, 2.2801850222, 0.871128701847, 2.21047078764, 1.01343868404, 0.924484743973, 3.96042081856, 5.32997327086, 1.13420418214, 2.07770339052, 1.27042849007, 1.08397961727, 1.0764954462, 1.0823634939, 0.85525673144, 7.44735073866, 1.17459775068, 0.845481830635, 148.712357751, 0.994264307581, 1.12042030626, 1.18835921195, 2.87193818598, 1.06241408681, 278.234622659, 27.725153535, 384.903782736, 0.536193029491
2.81599520876, 1.15050013617, 0.757765199343, 1.09821536624, 2.2801850222, 0.871128701847, 2.21047078764, 1.01343868404, 0.924484743973, 3.96042081856, 5.32997327086, 1.13420418214, 2.07770339052, 1.27042849007, 1.08397961727, 1.0764954462, 1.0823634939, 0.85525673144, 7.44735073866, 1.17459775068, 0.845481830635, 148.712357751, 0.994264307581, 1.12042030626, 1.18835921195, 2.87193818598, 1.06241408681, 278.234622659, 27.725153535, 384.903782736, 0.536193029491
2.81599520876, 1.15050013617, 0.757765199343, 1.09821536624, 2.2801850222, 0.871128701847, 2.21047078764, 1.01343868404, 0.924484743973, 3.96042081856, 5.32997327086, 1.13420418214, 2.07770339052, 1.27042849007, 1.08397961727, 1.0764954462, 1.0823634939, 0.85525673144, 7.44735073866, 1.17459775068, 0.845481830635, 148.712357751, 0.994264307581, 1.12042030626, 1.18835921195, 2.87193818598, 1.06241408681, 278.234622659, 27.725153535, 384.903782736, 0.536193029491
2.81599520876, 1.15050013617, 0.757765199343, 1.09821536624, 2.2801850222, 0.871128701847, 2.21047078764, 1.01343868404, 0.924484743973, 3.96042081856, 5.32997327086, 1.13420418214, 2.07770339052, 1.27042849007, 1.08397961727, 1.0764954462, 1.0823634939, 0.85525673144, 7.44735073866, 1.17459775068, 0.845481830635, 148.712357751, 0.994264307581, 1.12042030626, 1.18835921195, 2.87193818598, 1.06241408681, 278.234622659, 27.725153535, 384.903782736, 0.536193029491
2.57645006977, 1.18569157158, 0.934124164364, 1.06744909402, 3.09009041072, 0.784269160279, 1.95399775553, 0.945874103015, 1.1256538465, 3.21444646393, 2.01113812929, 0.823478157589, 4.39590266161, 0.972987508127, 0.940223821654, 1.24047140471, 1.11507113444, 0.848258984049, 4.95859637277, 1.1750976479, 0.805858184089, 114.20356899, 1.02734940337, 2.84811980524, 1.18873803467, 3.88461065993, 1.13173660285, 1170.24138941, 32.24982847, 1310.75462379, 0.536193029491
2.57645006977, 1.18569157158, 0.934124164364, 1.06744909402, 3.09009041072, 0.784269160279, 1.95399775553, 0.945874103015, 1.1256538465, 3.21444646393, 2.01113812929, 0.823478157589, 4.39590266161, 0.972987508127, 0.940223821654, 1.24047140471, 1.11507113444, 0.848258984049, 4.95859637277, 1.1750976479, 0.805858184089, 114.20356899, 1.02734940337, 2.84811980524, 1.18873803467, 3.88461065993, 1.13173660285, 1170.24138941, 32.24982847, 1310.75462379, 0.536193029491
2.57645006977, 1.18569157158, 0.934124164364, 1.06744909402, 3.09009041072, 0.784269160279, 1.95399775553, 0.945874103015, 1.1256538465, 3.21444646393, 2.01113812929, 0.823478157589, 4.39590266161, 0.972987508127, 0.940223821654, 1.24047140471, 1.11507113444, 0.848258984049, 4.95859637277, 1.1750976479, 0.805858184089, 114.20356899, 1.02734940337, 2.84811980524, 1.18873803467, 3.88461065993, 1.13173660285, 1170.24138941, 32.24982847, 1310.75462379, 0.536193029491
2.2210806585, 1.15108975746, 0.757032676233, 0.898053870622, 1.70453695156, 1.13760310995, 1.76096159929, 0.921364886243, 0.924547311704, 4.13084634938, 1.58835285859, 1.11235482688, 3.35996723342, 1.19056332743, 0.82107119723, 1.39816425445, 1.03226166531, 0.986905851776, 3.89781868353, 1.13803619551, 0.846838850944, 145.759639931, 0.967931826418, 1.05889279276, 1.1087451636, 2.18581766685, 1.19799371031, 445.534038289, 34.1851912966, 4019.37521216, 1.60857908847
2.90866098174, 1.15049288328, 0.757503734804, 1.09821536624, 2.2801850222, 0.874033695075, 3.71840681247, 0.909497711955, 0.949685582972, 3.96042081856, 5.32997327086, 1.11435652737, 2.07770339052, 1.27042849007, 1.08397961727, 1.0764954462, 1.0823634939, 0.855250086588, 7.44735073866, 1.17459775068, 0.845480987954, 148.712357751, 0.994277399251, 5.43263781593, 1.18835921195, 4.17693588949, 1.06241408681, 96.1440477617, 14.9757173782, 483.841443552, 0.0
2.90866098174, 1.15049288328, 0.757503734804, 1.09821536624, 2.2801850222, 0.874033695075, 3.71840681247, 0.909497711955, 0.949685582972, 3.96042081856, 5.32997327086, 1.11435652737, 2.07770339052, 1.27042849007, 1.08397961727, 1.0764954462, 1.0823634939, 0.855250086588, 7.44735073866, 1.17459775068, 0.845480987954, 148.712357751, 0.994277399251, 5.43263781593, 1.18835921195, 4.17693588949, 1.06241408681, 96.1440477617, 14.9757173782, 483.841443552, 0.0
2.90866098174, 1.15049288328, 0.757503734804, 1.09821536624, 2.2801850222, 0.874033695075, 3.71840681247, 0.909497711955, 0.949685582972, 3.96042081856, 5.32997327086, 1.11435652737, 2.07770339052, 1.27042849007, 1.08397961727, 1.0764954462, 1.0823634939, 0.855250086588, 7.44735073866, 1.17459775068, 0.845480987954, 148.712357751, 0.994277399251, 5.43263781593, 1.18835921195, 4.17693588949, 1.06241408681, 96.1440477617, 14.9757173782, 483.841443552, 0.0
2.90866098174, 1.15049288328, 0.757503734804, 1.09821536624, 2.2801850222, 0.874033695075, 3.71840681247, 0.909497711955, 0.949685582972, 3.96042081856, 5.32997327086, 1.11435652737, 2.07770339052, 1.27042849007, 1.08397961727, 1.0764954462, 1.0823634939, 0.855250086588, 7.44735073866, 1.17459775068, 0.845480987954, 148.712357751, 0.994277399251, 5.43263781593, 1.18835921195, 4.17693588949, 1.06241408681, 96.1440477617, 14.9757173782, 483.841443552, 0.0
2.90866098174, 1.15049288328, 0.757503734804, 1.09821536624, 2.2801850222, 0.874033695075, 3.71840681247, 0.909497711955, 0.949685582972, 3.96042081856, 5.32997327086, 1.11435652737, 2.07770339052, 1.27042849007, 1.08397961727, 1.0764954462, 1.0823634939, 0.855250086588, 7.44735073866, 1.17459775068, 0.845480987954, 148.712357751, 0.994277399251, 5.43263781593, 1.18835921195, 4.17693588949, 1.06241408681, 96.1440477617, 14.9757173782, 483.841443552, 0.0
2.90866098174, 1.15049288328, 0.757503734804, 1.09821536624, 2.2801850222, 0.874033695075, 3.71840681247, 0.909497711955, 0.949685582972, 3.96042081856, 5.32997327086, 1.11435652737, 2.07770339052, 1.27042849007, 1.08397961727, 1.0764954462, 1.0823634939, 0.855250086588, 7.44735073866, 1.17459775068, 0.845480987954, 148.712357751, 0.994277399251, 5.43263781593, 1.18835921195, 4.17693588949, 1.06241408681, 96.1440477617, 14.9757173782, 483.841443552, 0.0
2.90866098174, 1.15049288328, 0.757503734804, 1.09821536624, 2.2801850222, 0.874033695075, 3.71840681247, 0.909497711955, 0.949685582972, 3.96042081856, 5.32997327086, 1.11435652737, 2.07770339052, 1.27042849007, 1.08397961727, 1.0764954462, 1.0823634939, 0.855250086588, 7.44735073866, 1.17459775068, 0.845480987954, 148.712357751, 0.994277399251, 5.43263781593, 1.18835921195, 4.17693588949, 1.06241408681, 96.1440477617, 14.9757173782, 483.841443552, 0.0
2.90866098174, 1.15049288328, 0.757503734804, 1.09821536624, 2.2801850222, 0.874033695075, 3.71840681247, 0.909497711955, 0.949685582972, 3.96042081856, 5.32997327086, 1.11435652737, 2.07770339052, 1.27042849007, 1.08397961727, 1.0764954462, 1.0823634939, 0.855250086588, 7.44735073866, 1.17459775068, 0.845480987954, 148.712357751, 0.994277399251, 5.43263781593, 1.18835921195, 4.17693588949, 1.06241408681, 96.1440477617, 14.9757173782, 483.841443552, 0.0
2.90866098174, 1.15049288328, 0.757503734804, 1.09821536624, 2.2801850222, 0.874033695075, 3.71840681247, 0.909497711955, 0.949685582972, 3.96042081856, 5.32997327086, 1.11435652737, 2.07770339052, 1.27042849007, 1.08397961727, 1.0764954462, 1.0823634939, 0.855250086588, 7.44735073866, 1.17459775068, 0.845480987954, 148.712357751, 0.994277399251, 5.43263781593, 1.18835921195, 4.17693588949, 1.06241408681, 96.1440477617, 14.9757173782, 483.841443552, 0.0
2.81599520876, 1.15050013617, 0.755072478629, 0.896744631892, 2.2801850222, 1.13264474576, 2.21047078764, 0.922653439123, 0.924484743973, 4.18183557274, 5.32997327086, 1.1342640155, 2.07770339052, 1.26810197044, 1.08348132982, 1.3079931495, 1.0823634939, 0.85525673144, 7.44735073866, 1.17459775068, 0.845481830635, 147.0579882, 0.994264307581, 1.12042030626, 1.18835921195, 2.87193818598, 1.06241408681, 180.256642755, 15.4607608394, 1374.96951855, 4.55764075067
2.81599520876, 1.15050013617, 0.757765199343, 1.09821536624, 2.2801850222, 0.871128701847, 2.21047078764, 0.967146817134, 0.924484743973, 4.18183557274, 5.32997327086, 1.13420418214, 2.07770339052, 1.27042849007, 1.08397961727, 1.0764954462, 1.0823634939, 0.85525673144, 7.44735073866, 1.17459775068, 0.845481830635, 148.712357751, 0.994264307581, 1.12042030626, 1.18835921195, 2.87193818598, 1.06241408681, 711.728912215, 24.3556113807, 1142.49334562, 2.68096514745
2.9084636486, 1.18569157158, 0.929037110527, 1.0982001582, 3.09009041072, 0.785472368805, 3.73508297247, 0.945906574902, 1.1256538465, 3.2227764697, 5.19113387905, 1.1140712609, 4.39590266161, 0.972987508127, 0.941839480229, 1.06892447725, 1.11507113444, 0.820256207647, 4.96108206683, 1.1750976479, 0.805858184089, 114.20356899, 1.02734940337, 2.86989213833, 1.18873803467, 3.88461065993, 1.13173660285, 921.431500652, 38.7507905205, 2840.78872585, 0.536193029491
2.81599520876, 1.15050013617, 0.827015745775, 0.896744631892, 2.44728646787, 1.1316318482, 2.21051420348, 0.924577106898, 0.924484743973, 4.16467452045, 5.33348695397, 1.13171961873, 2.07770339052, 1.26810197044, 1.07849051442, 1.61922289273, 1.0823634939, 0.85525673144, 7.31154518271, 1.17459775068, 0.845481830635, 149.269048504, 0.994264307581, 1.12042030626, 1.18909537779, 2.87193818598, 1.06241408681, 320.392079036, 22.3836363193, 1354.52417882, 1.07238605898
2.81599520876, 1.15050013617, 0.827015745775, 0.896744631892, 2.44728646787, 1.1316318482, 2.21051420348, 0.924577106898, 0.924484743973, 4.16467452045, 5.33348695397, 1.13171961873, 2.07770339052, 1.26810197044, 1.07849051442, 1.61922289273, 1.0823634939, 0.85525673144, 7.31154518271, 1.17459775068, 0.845481830635, 149.269048504, 0.994264307581, 1.12042030626, 1.18909537779, 2.87193818598, 1.06241408681, 320.392079036, 22.3836363193, 1354.52417882, 1.07238605898
2.81599520876, 1.15050013617, 0.827015745775, 0.896744631892, 2.44728646787, 1.1316318482, 2.21051420348, 0.924577106898, 0.924484743973, 4.16467452045, 5.33348695397, 1.13171961873, 2.07770339052, 1.26810197044, 1.07849051442, 1.61922289273, 1.0823634939, 0.85525673144, 7.31154518271, 1.17459775068, 0.845481830635, 149.269048504, 0.994264307581, 1.12042030626, 1.18909537779, 2.87193818598, 1.06241408681, 320.392079036, 22.3836363193, 1354.52417882, 1.07238605898
2.81599520876, 1.15050013617, 0.827015745775, 0.896744631892, 2.44728646787, 1.1316318482, 2.21051420348, 0.924577106898, 0.924484743973, 4.16467452045, 5.33348695397, 1.13171961873, 2.07770339052, 1.26810197044, 1.07849051442, 1.61922289273, 1.0823634939, 0.85525673144, 7.31154518271, 1.17459775068, 0.845481830635, 149.269048504, 0.994264307581, 1.12042030626, 1.18909537779, 2.87193818598, 1.06241408681, 320.392079036, 22.3836363193, 1354.52417882, 1.07238605898
2.81599520876, 1.15050013617, 0.827015745775, 0.896744631892, 2.44728646787, 1.1316318482, 2.21051420348, 0.924577106898, 0.924484743973, 4.16467452045, 5.33348695397, 1.13171961873, 2.07770339052, 1.26810197044, 1.07849051442, 1.61922289273, 1.0823634939, 0.85525673144, 7.31154518271, 1.17459775068, 0.845481830635, 149.269048504, 0.994264307581, 1.12042030626, 1.18909537779, 2.87193818598, 1.06241408681, 320.392079036, 22.3836363193, 1354.52417882, 1.07238605898
2.81599520876, 1.15050013617, 0.827015745775, 0.896744631892, 2.44728646787, 1.1316318482, 2.21051420348, 0.924577106898, 0.924484743973, 4.16467452045, 5.33348695397, 1.13171961873, 2.07770339052, 1.26810197044, 1.07849051442, 1.61922289273, 1.0823634939, 0.85525673144, 7.31154518271, 1.17459775068, 0.845481830635, 149.269048504, 0.994264307581, 1.12042030626, 1.18909537779, 2.87193818598, 1.06241408681, 320.392079036, 22.3836363193, 1354.52417882, 1.07238605898
2.81599520876, 1.15050013617, 0.757765199343, 0.896744631892, 2.2801850222, 1.1316318482, 2.21047078764, 0.924577106898, 0.924484743973, 4.18183557274, 5.32997327086, 1.13171961873, 2.14405349984, 1.26810197044, 1.07849051442, 1.30707878432, 1.0823634939, 0.85525673144, 7.44735073866, 1.17459775068, 0.845481830635, 147.0579882, 0.994264307581, 1.12042030626, 1.18835921195, 2.87193818598, 1.06241408681, 218.239894353, 19.1226115584, 2030.18663524, 0.0
2.81599520876, 1.15050013617, 0.757765199343, 0.896744631892, 2.2801850222, 1.1316318482, 2.21047078764, 0.924577106898, 0.924484743973, 4.18183557274, 5.32997327086, 1.13171961873, 2.14405349984, 1.26810197044, 1.07849051442, 1.30707878432, 1.0823634939, 0.85525673144, 7.44735073866, 1.17459775068, 0.845481830635, 147.0579882, 0.994264307581, 1.12042030626, 1.18835921195, 2.87193818598, 1.06241408681, 218.239894353, 19.1226115584, 2030.18663524, 0.0
2.81599520876, 1.15050013617, 0.757765199343, 0.896744631892, 2.2801850222, 1.1316318482, 2.21047078764, 0.924577106898, 0.924484743973, 4.18183557274, 5.32997327086, 1.13171961873, 2.07770339052, 1.26810197044, 1.08397989433, 1.30707878432, 1.0823634939, 0.85525673144, 7.44735073866, 1.17459775068, 0.845481830635, 147.0579882, 0.994264307581, 1.12042030626, 1.18835921195, 2.87193818598, 1.06241408681, 70.9632732499, 9.08641753528, 156.841199021, 2.14477211796
2.81599520876, 1.15050013617, 0.757765199343, 0.896744631892, 2.2801850222, 1.1316318482, 2.21047078764, 0.924577106898, 0.924484743973, 4.18183557274, 5.32997327086, 1.13171961873, 2.07770339052, 1.26810197044, 1.08397989433, 1.30707878432, 1.0823634939, 0.85525673144, 7.44735073866, 1.17459775068, 0.845481830635, 147.0579882, 0.994264307581, 1.12042030626, 1.18835921195, 2.87193818598, 1.06241408681, 70.9632732499, 9.08641753528, 156.841199021, 2.14477211796
2.81599520876, 1.15050013617, 0.757765199343, 0.896744631892, 2.2801850222, 1.1316318482, 2.21047078764, 0.924577106898, 0.924484743973, 4.18183557274, 5.32997327086, 1.13171961873, 2.07770339052, 1.26810197044, 1.08397989433, 1.30707878432, 1.0823634939, 0.85525673144, 7.44735073866, 1.17459775068, 0.845481830635, 147.0579882, 0.994264307581, 1.12042030626, 1.18835921195, 2.87193818598, 1.06241408681, 70.9632732499, 9.08641753528, 156.841199021, 2.14477211796
2.81599520876, 1.15050013617, 0.757765199343, 0.896744631892, 2.2801850222, 1.1316318482, 2.21047078764, 0.924577106898, 0.924484743973, 4.18183557274, 5.32997327086, 1.13171961873, 2.07770339052, 1.26810197044, 1.08397989433, 1.30707878432, 1.0823634939, 0.85525673144, 7.44735073866, 1.17459775068, 0.845481830635, 147.0579882, 0.994264307581, 1.12042030626, 1.18835921195, 2.87193818598, 1.06241408681, 70.9632732499, 9.08641753528, 156.841199021, 2.14477211796
2.81599520876, 1.15050013617, 0.757765199343, 0.896744631892, 2.2801850222, 1.1316318482, 2.21047078764, 0.924577106898, 0.924484743973, 4.18183557274, 5.32997327086, 1.13171961873, 2.07770339052, 1.26810197044, 1.08397989433, 1.30707878432, 1.0823634939, 0.85525673144, 7.44735073866, 1.17459775068, 0.845481830635, 147.0579882, 0.994264307581, 1.12042030626, 1.18835921195, 2.87193818598, 1.06241408681, 70.9632732499, 9.08641753528, 156.841199021, 2.14477211796
2.81599520876, 1.15050013617, 0.757765199343, 0.896744631892, 2.2801850222, 1.1316318482, 2.21047078764, 0.924577106898, 0.924484743973, 4.18183557274, 5.32997327086, 1.13171961873, 2.07770339052, 1.26810197044, 1.08397989433, 1.30707878432, 1.0823634939, 0.85525673144, 7.44735073866, 1.17459775068, 0.845481830635, 147.0579882, 0.994264307581, 1.12042030626, 1.18835921195, 2.87193818598, 1.06241408681, 70.9632732499, 9.08641753528, 156.841199021, 2.14477211796
2.81599520876, 1.15050013617, 0.757765199343, 0.896744631892, 2.2801850222, 1.1316318482, 2.21047078764, 0.924577106898, 0.924484743973, 4.18183557274, 5.32997327086, 1.13171961873, 2.07770339052, 1.26810197044, 1.08397989433, 1.30707878432, 1.0823634939, 0.85525673144, 7.44735073866, 1.17459775068, 0.845481830635, 147.0579882, 0.994264307581, 1.12042030626, 1.18835921195, 2.87193818598, 1.06241408681, 70.9632732499, 9.08641753528, 156.841199021, 2.14477211796
2.81599520876, 1.15050013617, 0.757765199343, 0.896744631892, 2.2801850222, 1.1316318482, 2.21047078764, 0.924577106898, 0.924484743973, 4.18183557274, 5.32997327086, 1.13171961873, 2.07770339052, 1.26810197044, 1.08397989433, 1.30707878432, 1.0823634939, 0.85525673144, 7.44735073866, 1.17459775068, 0.845481830635, 147.0579882, 0.994264307581, 1.12042030626, 1.18835921195, 2.87193818598, 1.06241408681, 70.9632732499, 9.08641753528, 156.841199021, 2.14477211796
2.81599520876, 1.15050013617, 0.757765199343, 0.896744631892, 2.2801850222, 1.1316318482, 2.21047078764, 0.924577106898, 0.924484743973, 4.18183557274, 5.32997327086, 1.13171961873, 2.07770339052, 1.26810197044, 1.08397989433, 1.30707878432, 1.0823634939, 0.85525673144, 7.44735073866, 1.17459775068, 0.845481830635, 147.0579882, 0.994264307581, 1.12042030626, 1.18835921195, 2.87193818598, 1.06241408681, 70.9632732499, 9.08641753528, 156.841199021, 2.14477211796
2.81599520876, 1.15050013617, 0.757765199343, 0.896744631892, 2.2801850222, 1.1316318482, 2.21047078764, 0.924577106898, 0.924484743973, 4.18183557274, 5.32997327086, 1.13171961873, 2.07770339052, 1.26810197044, 1.08397989433, 1.30707878432, 1.0823634939, 0.85525673144, 7.44735073866, 1.17459775068, 0.845481830635, 147.0579882, 0.994264307581, 1.12042030626, 1.18835921195, 2.87193818598, 1.06241408681, 70.9632732499, 9.08641753528, 156.841199021, 2.14477211796
2.81599520876, 1.15050013617, 0.757765199343, 0.896744631892, 2.2801850222, 1.1316318482, 2.21047078764, 0.924577106898, 0.924484743973, 4.18183557274, 5.32997327086, 1.13171961873, 2.07770339052, 1.26810197044, 1.08397989433, 1.30707878432, 1.0823634939, 0.85525673144, 7.44735073866, 1.17459775068, 0.845481830635, 147.0579882, 0.994264307581, 1.12042030626, 1.18835921195, 2.87193818598, 1.06241408681, 70.9632732499, 9.08641753528, 156.841199021, 2.14477211796
2.81599520876, 1.15050013617, 0.757765199343, 0.896744631892, 2.2801850222, 1.1316318482, 2.21047078764, 0.924577106898, 0.924484743973, 4.18183557274, 5.32997327086, 1.13171961873, 2.07770339052, 1.26810197044, 1.08397989433, 1.30707878432, 1.0823634939, 0.85525673144, 7.44735073866, 1.17459775068, 0.845481830635, 147.0579882, 0.994264307581, 1.12042030626, 1.18835921195, 2.87193818598, 1.06241408681, 70.9632732499, 9.08641753528, 156.841199021, 2.14477211796
2.81599520876, 1.15050013617, 0.757765199343, 0.896744631892, 2.2801850222, 1.1316318482, 2.21047078764, 0.924577106898, 0.924484743973, 4.18183557274, 5.32997327086, 1.13171961873, 2.07770339052, 1.26810197044, 1.08397989433, 1.30707878432, 1.0823634939, 0.85525673144, 7.44735073866, 1.17459775068, 0.845481830635, 147.0579882, 0.994264307581, 1.12042030626, 1.18835921195, 2.87193818598, 1.06241408681, 70.9632732499, 9.08641753528, 156.841199021, 2.14477211796
2.81599520876, 1.15050013617, 0.757765199343, 0.896744631892, 2.2801850222, 1.1316318482, 2.21047078764, 0.924577106898, 0.924484743973, 4.18183557274, 5.32997327086, 1.13171961873, 2.07770339052, 1.26810197044, 1.08397989433, 1.30707878432, 1.0823634939, 0.85525673144, 7.44735073866, 1.17459775068, 0.845481830635, 147.0579882, 0.994264307581, 1.12042030626, 1.18835921195, 2.87193818598, 1.06241408681, 70.9632732499, 9.08641753528, 156.841199021, 2.14477211796
2.81599520876, 1.15050013617, 0.757765199343, 0.896744631892, 2.2801850222, 1.1316318482, 2.21047078764, 0.924577106898, 0.924484743973, 4.18183557274, 5.32997327086, 1.13171961873, 2.07770339052, 1.26810197044, 1.08397989433, 1.30707878432, 1.0823634939, 0.85525673144, 7.44735073866, 1.17459775068, 0.845481830635, 147.0579882, 0.994264307581, 1.12042030626, 1.18835921195, 2.87193818598, 1.06241408681, 70.9632732499, 9.08641753528, 156.841199021, 2.14477211796
2.81599520876, 1.15050013617, 0.757765199343, 0.896744631892, 2.2801850222, 1.1316318482, 2.21047078764, 0.924577106898, 0.924484743973, 4.18183557274, 5.32997327086, 1.13171961873, 2.07770339052, 1.26810197044, 1.08397989433, 1.30707878432, 1.0823634939, 0.85525673144, 7.44735073866, 1.17459775068, 0.845481830635, 147.0579882, 0.994264307581, 1.12042030626, 1.18835921195, 2.87193818598, 1.06241408681, 70.9632732499, 9.08641753528, 156.841199021, 2.14477211796
2.81599520876, 1.15050013617, 0.757765199343, 0.896744631892, 2.2801850222, 1.1316318482, 2.21047078764, 0.924577106898, 0.924484743973, 4.18183557274, 5.32997327086, 1.13171961873, 2.07770339052, 1.26810197044, 1.08397989433, 1.30707878432, 1.0823634939, 0.85525673144, 7.44735073866, 1.17459775068, 0.845481830635, 147.0579882, 0.994264307581, 1.12042030626, 1.18835921195, 2.87193818598, 1.06241408681, 70.9632732499, 9.08641753528, 156.841199021, 2.14477211796
2.81599520876, 1.15050013617, 0.757765199343, 0.896744631892, 2.2801850222, 1.1316318482, 2.21047078764, 0.924577106898, 0.924484743973, 4.18183557274, 5.32997327086, 1.13171961873, 2.07770339052, 1.26810197044, 1.08397989433, 1.30707878432, 1.0823634939, 0.85525673144, 7.44735073866, 1.17459775068, 0.845481830635, 147.0579882, 0.994264307581, 1.12042030626, 1.18835921195, 2.87193818598, 1.06241408681, 70.9632732499, 9.08641753528, 156.841199021, 2.14477211796
2.81599520876, 1.15050013617, 0.757765199343, 0.896744631892, 2.2801850222, 1.1316318482, 2.21047078764, 0.924577106898, 0.924484743973, 4.18183557274, 5.32997327086, 1.13171961873, 2.07770339052, 1.26810197044, 1.08397989433, 1.30707878432, 1.0823634939, 0.85525673144, 7.44735073866, 1.17459775068, 0.845481830635, 147.0579882, 0.994264307581, 1.12042030626, 1.18835921195, 2.87193818598, 1.06241408681, 70.9632732499, 9.08641753528, 156.841199021, 2.14477211796
2.81599520876, 1.15050013617, 0.757765199343, 0.896744631892, 2.2801850222, 1.1316318482, 2.21047078764, 0.924577106898, 0.924484743973, 4.18183557274, 5.32997327086, 1.13171961873, 2.07770339052, 1.26810197044, 1.08397989433, 1.30707878432, 1.0823634939, 0.85525673144, 7.44735073866, 1.17459775068, 0.845481830635, 147.0579882, 0.994264307581, 1.12042030626, 1.18835921195, 2.87193818598, 1.06241408681, 70.9632732499, 9.08641753528, 156.841199021, 2.14477211796
2.81599520876, 1.15050013617, 0.757765199343, 0.896744631892, 2.2801850222, 1.1316318482, 2.21047078764, 0.927645290382, 0.924484743973, 4.18183557274, 5.32997327086, 1.13171961873, 2.07770339052, 1.26810197044, 1.07849051442, 1.30707878432, 1.0823634939, 0.85525673144, 7.44735073866, 1.17459775068, 0.845481830635, 147.0579882, 0.994264307581, 1.12042030626, 1.18835921195, 2.87193818598, 1.06241408681, 440.55231381, 18.5026400302, 2287.32480178, 0.536193029491
2.81599520876, 1.10528706272, 0.757765199343, 0.896744631892, 2.2801850222, 1.1316318482, 2.21047078764, 0.924577106898, 0.924484743973, 4.18183557274, 5.32997327086, 1.13171961873, 2.07770339052, 1.26872927574, 1.08397989433, 1.30707878432, 1.0823634939, 0.85525673144, 7.44735073866, 1.17459775068, 0.845481830635, 147.0579882, 0.994264307581, 1.12042030626, 1.18835921195, 2.87193818598, 1.06241408681, 410.818963378, 18.7425411871, 1444.17532551, 0.804289544236
2.81599520876, 1.10528706272, 0.757765199343, 0.896744631892, 2.2801850222, 1.1316318482, 2.21047078764, 0.924577106898, 0.924484743973, 4.18183557274, 5.32997327086, 1.13171961873, 2.07770339052, 1.26872927574, 1.08397989433, 1.30707878432, 1.0823634939, 0.85525673144, 7.44735073866, 1.17459775068, 0.845481830635, 147.0579882, 0.994264307581, 1.12042030626, 1.18835921195, 2.87193818598, 1.06241408681, 410.818963378, 18.7425411871, 1444.17532551, 0.804289544236
2.57712569786, 1.18569157158, 0.934124164364, 1.06744909402, 2.28009148424, 0.784269160279, 1.95399775553, 1.01590847457, 1.12414539298, 3.9345755942, 2.01113812929, 1.10500922598, 4.39590266161, 1.27000679418, 0.934873102469, 1.24047140471, 1.11457417071, 0.855386977662, 4.95859637277, 1.17509955205, 0.805191719878, 150.723231494, 0.993140914136, 2.86865627537, 1.18873803467, 3.90575419726, 1.1317659846, 505.334576069, 25.1988980052, 1407.00629323, 1.60857908847
2.57712569786, 1.18569157158, 0.934124164364, 1.06744909402, 2.28009148424, 0.784269160279, 1.95399775553, 1.01590847457, 1.12414539298, 3.9345755942, 2.01113812929, 1.10500922598, 4.39590266161, 1.27000679418, 0.934873102469, 1.24047140471, 1.11457417071, 0.855386977662, 4.95859637277, 1.17509955205, 0.805191719878, 150.723231494, 0.993140914136, 2.86865627537, 1.18873803467, 3.90575419726, 1.1317659846, 505.334576069, 25.1988980052, 1407.00629323, 1.60857908847
2.81599520876, 1.15050013617, 0.757765199343, 0.896744631892, 2.2801850222, 1.1316318482, 2.21047078764, 0.924577106898, 0.924484743973, 4.18183557274, 5.32997327086, 1.13171961873, 1.70108877299, 1.26810197044, 1.07849051442, 1.30707878432, 1.0823634939, 0.85525673144, 7.44735073866, 1.17459775068, 0.845481830635, 147.0579882, 0.994264307581, 1.12042030626, 1.18835921195, 2.87193818598, 1.06241408681, 630.62075732, 20.96141604, 2089.17664443, 1.60857908847
2.81599520876, 1.15050013617, 0.757765199343, 0.895437530233, 2.2801850222, 0.871128701847, 2.21047078764, 0.987926378092, 0.924484743973, 4.18183557274, 5.32997327086, 1.13418993421, 2.07770339052, 1.27042849007, 1.08005219484, 1.33004250255, 1.0823634939, 0.85525673144, 7.44735073866, 1.17459775068, 0.845481830635, 148.768429608, 0.994264307581, 1.12042030626, 1.18835921195, 2.87193818598, 1.06241408681, 633.334147279, 35.6726433629, 902.746349014, 0.804289544236
2.81599520876, 1.15050013617, 0.757765199343, 0.896747335997, 2.2801850222, 1.1316318482, 2.46929009425, 0.921504936073, 0.924484743973, 4.18183557274, 5.32997327086, 1.13171961873, 1.95764944025, 1.21374832744, 1.08397989433, 1.30764060042, 1.08285025612, 0.85525673144, 7.47958608308, 1.17459775068, 0.845481830635, 147.0579882, 0.994264307581, 1.12042030626, 1.18835921195, 2.87193818598, 1.06241524354, 916.366610006, 29.4392897207, 2317.72672741, 3.21715817694
2.8159636025, 1.15049288328, 0.757505732023, 0.896699877604, 2.2801850222, 0.874033695075, 2.22753770334, 0.923047815056, 0.949969175272, 4.18161155769, 5.32997327086, 1.13129330235, 2.07770339052, 1.27044429566, 1.07850775613, 1.0764954462, 1.0823634939, 0.855256773091, 7.44735073866, 1.17459775068, 0.845480988273, 148.650931153, 0.994276663168, 5.46417336318, 1.18835921195, 4.17693588949, 1.06241408681, 186.934539271, 17.5794603956, 555.184535742, 1.34048257373
2.81599520876, 1.15050013617, 0.757765199343, 0.896744631892, 2.2801850222, 1.1316318482, 2.21047078764, 0.924577106898, 0.924484743973, 4.18183557274, 5.32997327086, 1.13171961873, 2.07752700623, 1.26810197044, 1.07849051442, 1.30707878432, 1.0823634939, 0.85525673144, 7.44735073866, 1.17459775068, 0.845481830635, 147.0579882, 0.994264307581, 1.12042030626, 1.18835921195, 2.87193818598, 1.06241408681, 88.8373429018, 14.5556819216, 364.58169815, 0.536193029491
2.81599520876, 1.15050013617, 0.757765199343, 0.896744631892, 2.2801850222, 1.1316318482, 2.21047078764, 0.924577106898, 0.924484743973, 4.18183557274, 5.32997327086, 1.13171961873, 2.07752700623, 1.26810197044, 1.07849051442, 1.30707878432, 1.0823634939, 0.85525673144, 7.44735073866, 1.17459775068, 0.845481830635, 147.0579882, 0.994264307581, 1.12042030626, 1.18835921195, 2.87193818598, 1.06241408681, 88.8373429018, 14.5556819216, 364.58169815, 0.536193029491
2.81599520876, 1.15050013617, 0.757765199343, 0.896744631892, 2.2801850222, 1.1316318482, 2.21047078764, 0.924577106898, 0.924484743973, 4.18183557274, 5.32997327086, 1.13171961873, 2.07752700623, 1.26810197044, 1.07849051442, 1.30707878432, 1.0823634939, 0.85525673144, 7.44735073866, 1.17459775068, 0.845481830635, 147.0579882, 0.994264307581, 1.12042030626, 1.18835921195, 2.87193818598, 1.06241408681, 88.8373429018, 14.5556819216, 364.58169815, 0.536193029491
2.81599520876, 1.15050013617, 0.757765199343, 0.896744631892, 2.2801850222, 1.1316318482, 2.21047078764, 0.924577106898, 0.924484743973, 4.18183557274, 5.32997327086, 1.13171961873, 2.07752700623, 1.26810197044, 1.07849051442, 1.30707878432, 1.0823634939, 0.85525673144, 7.44735073866, 1.17459775068, 0.845481830635, 147.0579882, 0.994264307581, 1.12042030626, 1.18835921195, 2.87193818598, 1.06241408681, 88.8373429018, 14.5556819216, 364.58169815, 0.536193029491
2.81599520876, 1.15050013617, 0.757765199343, 0.896744631892, 2.2801850222, 1.1316318482, 2.21047078764, 0.924577106898, 0.924484743973, 4.18183557274, 5.32997327086, 1.13171961873, 2.07752700623, 1.26810197044, 1.07849051442, 1.30707878432, 1.0823634939, 0.85525673144, 7.44735073866, 1.17459775068, 0.845481830635, 147.0579882, 0.994264307581, 1.12042030626, 1.18835921195, 2.87193818598, 1.06241408681, 88.8373429018, 14.5556819216, 364.58169815, 0.536193029491
2.81599520876, 1.15050013617, 0.757765199343, 0.896744631892, 2.2801850222, 1.1316318482, 2.21047078764, 0.924577106898, 0.924484743973, 4.18183557274, 5.32997327086, 1.13171961873, 2.07752700623, 1.26810197044, 1.07849051442, 1.30707878432, 1.0823634939, 0.85525673144, 7.44735073866, 1.17459775068, 0.845481830635, 147.0579882, 0.994264307581, 1.12042030626, 1.18835921195, 2.87193818598, 1.06241408681, 88.8373429018, 14.5556819216, 364.58169815, 0.536193029491
2.81599520876, 1.15050013617, 0.757765199343, 0.896744631892, 2.2801850222, 1.1316318482, 2.21047078764, 0.924577106898, 0.924484743973, 4.18183557274, 5.32997327086, 1.13171961873, 2.07752700623, 1.26810197044, 1.07849051442, 1.30707878432, 1.0823634939, 0.85525673144, 7.44735073866, 1.17459775068, 0.845481830635, 147.0579882, 0.994264307581, 1.12042030626, 1.18835921195, 2.87193818598, 1.06241408681, 88.8373429018, 14.5556819216, 364.58169815, 0.536193029491
2.81599520876, 1.15050013617, 0.757765199343, 0.896744631892, 2.2801850222, 1.1316318482, 2.21047078764, 0.924577106898, 0.924484743973, 4.18183557274, 5.32997327086, 1.13171961873, 2.07752700623, 1.26810197044, 1.07849051442, 1.30707878432, 1.0823634939, 0.85525673144, 7.44735073866, 1.17459775068, 0.845481830635, 147.0579882, 0.994264307581, 1.12042030626, 1.18835921195, 2.87193818598, 1.06241408681, 88.8373429018, 14.5556819216, 364.58169815, 0.536193029491
2.81599520876, 1.15050013617, 0.757765199343, 0.896744631892, 2.2801850222, 1.1316318482, 2.21047078764, 0.924577106898, 0.924484743973, 4.18183557274, 5.32997327086, 1.13171961873, 2.07752700623, 1.26810197044, 1.07849051442, 1.30707878432, 1.0823634939, 0.85525673144, 7.44735073866, 1.17459775068, 0.845481830635, 147.0579882, 0.994264307581, 1.12042030626, 1.18835921195, 2.87193818598, 1.06241408681, 88.8373429018, 14.5556819216, 364.58169815, 0.536193029491
2.81599520876, 1.15050013617, 0.757765199343, 0.896744631892, 2.2801850222, 1.1316318482, 2.21047078764, 0.924577106898, 0.924484743973, 4.18183557274, 5.32997327086, 1.13171961873, 2.07752700623, 1.26810197044, 1.07849051442, 1.30707878432, 1.0823634939, 0.85525673144, 7.44735073866, 1.17459775068, 0.845481830635, 147.0579882, 0.994264307581, 1.12042030626, 1.18835921195, 2.87193818598, 1.06241408681, 88.8373429018, 14.5556819216, 364.58169815, 0.536193029491
2.81599520876, 1.15050013617, 0.757765199343, 0.896744631892, 2.2801850222, 1.1316318482, 2.21047078764, 0.924577106898, 0.924484743973, 4.18183557274, 5.32997327086, 1.13171961873, 2.07752700623, 1.26810197044, 1.07849051442, 1.30707878432, 1.0823634939, 0.85525673144, 7.44735073866, 1.17459775068, 0.845481830635, 147.0579882, 0.994264307581, 1.12042030626, 1.18835921195, 2.87193818598, 1.06241408681, 88.8373429018, 14.5556819216, 364.58169815, 0.536193029491
2.81599520876, 1.15050013617, 0.757765199343, 0.896744631892, 2.2801850222, 1.1316318482, 2.21047078764, 0.924577106898, 0.924484743973, 4.18183557274, 5.32997327086, 1.13171961873, 2.07752700623, 1.26810197044, 1.07849051442, 1.30707878432, 1.0823634939, 0.85525673144, 7.44735073866, 1.17459775068, 0.845481830635, 147.0579882, 0.994264307581, 1.12042030626, 1.18835921195, 2.87193818598, 1.06241408681, 88.8373429018, 14.5556819216, 364.58169815, 0.536193029491
2.81599520876, 1.15050013617, 0.757765199343, 0.896744631892, 2.2801850222, 1.1316318482, 2.21047078764, 0.924577106898, 0.924484743973, 4.18183557274, 5.32997327086, 1.13171961873, 2.07752700623, 1.26810197044, 1.07849051442, 1.30707878432, 1.0823634939, 0.85525673144, 7.44735073866, 1.17459775068, 0.845481830635, 147.0579882, 0.994264307581, 1.12042030626, 1.18835921195, 2.87193818598, 1.06241408681, 88.8373429018, 14.5556819216, 364.58169815, 0.536193029491
2.70831412515, 1.15038013164, 1.70347119926, 0.964853750018, 6.77215622608, 1.10096240631, 2.28202501446, 0.923413824414, 1.00095703031, 4.18030464512, 6.76405104486, 0.94037395394, 3.96285679158, 1.27103347944, 1.08400982896, 1.53865424486, 1.04948391436, 1.13958250217, 4.86513297132, 0.918118618915, 0.911772792831, 351.126920306, 0.994350330661, 1.5016336117, 1.18547707301, 2.76496344853, 0.917620674116, 77.7485247548, 11.6940902362, 1404.83354299, 1.60857908847
2.81599520876, 1.15050013617, 0.757765199343, 0.896744631892, 2.2801850222, 1.13602388804, 2.21047078764, 0.924577106898, 0.924484743973, 4.18183557274, 5.32997327086, 1.13171961873, 2.07770339052, 1.26810197044, 1.08397989433, 1.30707878432, 1.0823634939, 0.85525673144, 7.44735073866, 1.17459775068, 0.845481830635, 147.0579882, 0.994264307581, 1.12042030626, 1.18835921195, 2.87193818598, 1.06241408681, 286.932358109, 20.7536798412, 3342.96200206, 2.41286863271
2.81599520876, 1.15050013617, 0.777227758036, 0.893862146972, 2.2801850222, 1.1316318482, 2.21047078764, 0.924577106898, 0.924484743973, 4.18183557274, 5.32997327086, 1.13171961873, 2.07770339052, 1.27049583875, 1.08397989433, 1.30707878432, 1.0823634939, 0.85525673144, 7.44735073866, 1.17459775068, 0.845481830635, 148.648183396, 0.994264307581, 1.12042030626, 1.18835921195, 2.87193818598, 1.06241408681, 1210.97722609, 26.4089191531, 2736.22379619, 2.9490616622
