-1.0, 1.0, 3.0, -1.0, 1.0, 0.0, -1.0, 3.0, 0.0, -1.0, -1.0, -1.0, 2.0, -1.0, 1.0, -1.0, 2.0, 2.0, -1.0, -1.0, 2.0, -1.0, -1.0, 2.0, 2.0, 1.0, -1.0, -1.0, 2.0, 0.0, -1.0, 2.0, 3.0, 2.0, 0.0, 1.0, -1.0, 3.0, 0.0, 0.0, 1.0, 0.0, 2.0, -1.0, -1.0, 0.0, 0.0, 1.0, -1.0, 1.0, 96350.0, 413.0, 99605.0
-1.0, 1.0, 3.0, -1.0, 1.0, 0.0, -1.0, 3.0, 0.0, -1.0, -1.0, -1.0, 2.0, -1.0, 1.0, -1.0, 2.0, 2.0, -1.0, -1.0, 2.0, -1.0, -1.0, 2.0, 2.0, 1.0, -1.0, -1.0, 2.0, 0.0, -1.0, 2.0, 3.0, 2.0, 0.0, 1.0, -1.0, 3.0, 0.0, 0.0, 1.0, 0.0, 2.0, -1.0, -1.0, 0.0, 0.0, 1.0, -1.0, 1.0, 96350.0, 413.0, 99605.0
1.0, 1.0, 3.0, 1.0, 1.0, 0.0, -1.0, 3.0, 0.0, 1.0, -1.0, -1.0, 2.0, -1.0, 1.0, -1.0, 2.0, 2.0, -1.0, -1.0, 2.0, -1.0, -1.0, 2.0, 0.0, 1.0, -1.0, -1.0, 2.0, 0.0, -1.0, 2.0, 3.0, 2.0, -1.0, 1.0, -1.0, 3.0, 0.0, 0.0, 1.0, 0.0, 2.0, -1.0, -1.0, 0.0, 0.0, 1.0, -1.0, 1.0, 96019.0, 443.0, 99571.0
2.0, 2.0, 2.0, 1.0, 1.0, -1.0, 2.0, 0.0, 0.0, 1.0, 1.0, 0.0, 0.0, 2.0, 3.0, -1.0, -1.0, 3.0, 3.0, 0.0, 0.0, 2.0, -1.0, 3.0, 2.0, 0.0, 0.0, 1.0, -1.0, 1.0, -1.0, 1.0, 0.0, 0.0, 0.0, -1.0, -1.0, 2.0, -1.0, -1.0, 3.0, 2.0, -1.0, -1.0, -1.0, 1.0, 3.0, -1.0, 1.0, 3.0, 95639.0, 479.0, 99531.0
3.0, 1.0, 3.0, 2.0, -1.0, -1.0, -1.0, 2.0, 0.0, 1.0, 1.0, 0.0, 2.0, 2.0, 1.0, -1.0, 0.0, -1.0, 1.0, 1.0, -1.0, 0.0, 2.0, 2.0, 2.0, 3.0, 2.0, 3.0, 0.0, 2.0, 0.0, 0.0, -1.0, 2.0, -1.0, 1.0, 0.0, 1.0, 2.0, 0.0, -1.0, 2.0, -1.0, 1.0, 1.0, 0.0, -1.0, -1.0, 3.0, 0.0, 95113.0, 514.0, 99495.0
-1.0, 1.0, 3.0, -1.0, 1.0, 0.0, -1.0, 3.0, 0.0, 1.0, -1.0, -1.0, 2.0, -1.0, 1.0, -1.0, 2.0, 2.0, -1.0, -1.0, 2.0, -1.0, -1.0, 2.0, 0.0, 1.0, -1.0, 1.0, 2.0, 0.0, -1.0, 2.0, 3.0, 2.0, -1.0, 1.0, -1.0, 3.0, 0.0, 0.0, 1.0, 0.0, 2.0, -1.0, -1.0, 0.0, 0.0, 1.0, -1.0, 1.0, 96157.0, 429.0, 99584.0
1.0, 1.0, 0.0, 1.0, 2.0, 1.0, 3.0, 1.0, 2.0, 0.0, -1.0, 0.0, 2.0, -1.0, 0.0, 3.0, 0.0, 1.0, -1.0, 3.0, 0.0, -1.0, 0.0, 2.0, 2.0, 3.0, 0.0, 2.0, 2.0, 1.0, 1.0, 0.0, -1.0, 1.0, 2.0, 2.0, 2.0, 1.0, 2.0, 0.0, 2.0, 3.0, 0.0, -1.0, 3.0, -1.0, -1.0, -1.0, 0.0, 3.0, 95028.0, 546.0, 99464.0
-1.0, 1.0, 3.0, -1.0, 1.0, 0.0, -1.0, 3.0, 0.0, 1.0, -1.0, -1.0, 2.0, -1.0, 1.0, -1.0, 2.0, 2.0, -1.0, -1.0, 2.0, -1.0, -1.0, 2.0, 0.0, 1.0, -1.0, -1.0, 2.0, 0.0, -1.0, 2.0, 3.0, 2.0, -1.0, 1.0, -1.0, 3.0, 0.0, 0.0, 1.0, 0.0, 2.0, -1.0, -1.0, 0.0, 0.0, 1.0, -1.0, 1.0, 96307.0, 414.0, 99602.0
3.0, 1.0, 3.0, 0.0, -1.0, -1.0, -1.0, 2.0, 0.0, 2.0, 1.0, 0.0, 2.0, 2.0, 1.0, -1.0, 3.0, -1.0, 1.0, 2.0, -1.0, 0.0, 2.0, -1.0, 2.0, 3.0, 2.0, 3.0, 0.0, 2.0, 0.0, 0.0, -1.0, 2.0, -1.0, 1.0, 0.0, -1.0, 2.0, 0.0, -1.0, 1.0, -1.0, 1.0, 1.0, 0.0, -1.0, -1.0, 2.0, 1.0, 95455.0, 484.0, 99516.0
2.0, 1.0, 2.0, 1.0, 3.0, -1.0, 2.0, 0.0, 0.0, 1.0, 1.0, 0.0, 0.0, 2.0, 3.0, -1.0, -1.0, 3.0, 3.0, 0.0, 0.0, 2.0, -1.0, 3.0, 2.0, 0.0, 0.0, 1.0, 1.0, 1.0, -1.0, 1.0, 0.0, 0.0, 0.0, 1.0, -1.0, 2.0, -1.0, -1.0, 2.0, 2.0, -1.0, -1.0, -1.0, 1.0, 3.0, -1.0, 1.0, 3.0, 95352.0, 507.0, 99502.0
-1.0, 1.0, 3.0, 0.0, 1.0, 0.0, -1.0, 3.0, 0.0, -1.0, -1.0, -1.0, 2.0, -1.0, 1.0, -1.0, 2.0, 2.0, -1.0, -1.0, 2.0, -1.0, -1.0, 2.0, 2.0, 1.0, -1.0, -1.0, 2.0, 0.0, -1.0, 2.0, 3.0, 2.0, 0.0, 1.0, -1.0, 3.0, 0.0, 0.0, 0.0, 0.0, 2.0, -1.0, -1.0, 0.0, 0.0, 1.0, -1.0, 1.0, 96091.0, 426.0, 99588.0
-1.0, 1.0, 3.0, -1.0, 1.0, 0.0, -1.0, 3.0, 0.0, 1.0, -1.0, -1.0, 2.0, -1.0, 1.0, -1.0, 2.0, 2.0, -1.0, -1.0, 2.0, -1.0, -1.0, 2.0, 0.0, 1.0, -1.0, 1.0, 2.0, 0.0, -1.0, 2.0, 3.0, 2.0, -1.0, 1.0, -1.0, 3.0, 0.0, 0.0, 1.0, 0.0, 2.0, -1.0, -1.0, 0.0, 0.0, 1.0, -1.0, 1.0, 96157.0, 429.0, 99584.0
-1.0, 1.0, 3.0, 0.0, 1.0, 0.0, -1.0, 3.0, 0.0, -1.0, -1.0, -1.0, 2.0, -1.0, 1.0, -1.0, 2.0, 2.0, -1.0, -1.0, 2.0, -1.0, -1.0, 2.0, 2.0, 1.0, -1.0, -1.0, 2.0, 0.0, -1.0, 2.0, 3.0, 2.0, 0.0, 1.0, -1.0, 3.0, 0.0, 0.0, 0.0, 0.0, 2.0, -1.0, -1.0, 0.0, 0.0, 1.0, -1.0, 1.0, 96091.0, 426.0, 99588.0
-1.0, 1.0, 3.0, -1.0, 1.0, 0.0, -1.0, 3.0, 0.0, 1.0, -1.0, -1.0, 2.0, -1.0, 1.0, -1.0, 2.0, 2.0, -1.0, -1.0, 2.0, -1.0, -1.0, 2.0, 0.0, 1.0, -1.0, -1.0, 2.0, 0.0, -1.0, 2.0, 3.0, 2.0, -1.0, 1.0, -1.0, 3.0, 0.0, 0.0, 1.0, 0.0, 2.0, -1.0, -1.0, 0.0, 0.0, 1.0, -1.0, 1.0, 96307.0, 414.0, 99602.0
2.0, 2.0, 2.0, 1.0, 3.0, -1.0, 2.0, 0.0, 0.0, 1.0, 1.0, 0.0, 0.0, 2.0, 3.0, -1.0, -1.0, 3.0, 3.0, 0.0, 0.0, 2.0, -1.0, 3.0, 0.0, 0.0, 0.0, 2.0, 1.0, 1.0, -1.0, 1.0, 0.0, 0.0, 0.0, -1.0, -1.0, 2.0, -1.0, -1.0, 3.0, 2.0, -1.0, -1.0, -1.0, 1.0, 3.0, -1.0, 1.0, 3.0, 95496.0, 490.0, 99512.0
1.0, 0.0, 0.0, 3.0, 1.0, 1.0, -1.0, -1.0, 0.0, 1.0, 0.0, 1.0, -1.0, 2.0, 3.0, -1.0, 1.0, 2.0, 3.0, 1.0, 3.0, -1.0, -1.0, 0.0, 0.0, 2.0, -1.0, 0.0, 2.0, 3.0, 3.0, 1.0, -1.0, 1.0, 0.0, 3.0, 2.0, 2.0, 0.0, 0.0, 1.0, -1.0, 1.0, -1.0, 0.0, -1.0, 0.0, -1.0, -1.0, -1.0, 95498.0, 483.0, 99526.0
1.0, 0.0, 0.0, 3.0, 1.0, 1.0, -1.0, -1.0, 0.0, 1.0, 0.0, 1.0, -1.0, 2.0, 3.0, -1.0, 1.0, 2.0, 3.0, 1.0, 3.0, -1.0, -1.0, 0.0, 0.0, 2.0, -1.0, 0.0, 2.0, 3.0, 3.0, 1.0, -1.0, 1.0, 0.0, 3.0, 2.0, 2.0, 0.0, 0.0, 1.0, -1.0, 1.0, -1.0, 0.0, -1.0, 0.0, -1.0, -1.0, -1.0, 95498.0, 483.0, 99526.0
3.0, 3.0, 2.0, 2.0, 0.0, 1.0, 2.0, 3.0, -1.0, 0.0, 1.0, -1.0, 0.0, 3.0, 0.0, 1.0, 0.0, 3.0, 2.0, 2.0, 3.0, 0.0, 1.0, 2.0, 1.0, -1.0, 3.0, 1.0, 1.0, 3.0, 0.0, 2.0, 2.0, 2.0, -1.0, -1.0, -1.0, -1.0, 1.0, 1.0, 1.0, 0.0, 3.0, 3.0, 0.0, 0.0, -1.0, -1.0, 0.0, 2.0, 95179.0, 557.0, 99461.0
3.0, 1.0, 3.0, 2.0, -1.0, -1.0, -1.0, 2.0, 0.0, 2.0, 1.0, 0.0, 2.0, 2.0, 1.0, -1.0, 3.0, -1.0, 1.0, 1.0, -1.0, 0.0, 2.0, -1.0, 2.0, 3.0, 2.0, 3.0, 0.0, 2.0, 0.0, 0.0, -1.0, 2.0, -1.0, 1.0, 0.0, 0.0, 2.0, 0.0, -1.0, 1.0, -1.0, 1.0, 1.0, 0.0, -1.0, -1.0, -1.0, 1.0, 95370.0, 490.0, 99514.0
-1.0, 3.0, 0.0, 0.0, 0.0, -1.0, 3.0, 3.0, 2.0, 2.0, -1.0, 2.0, -1.0, -1.0, 2.0, 2.0, 2.0, 3.0, -1.0, 3.0, 1.0, 0.0, -1.0, 2.0, 1.0, 1.0, -1.0, 1.0, 2.0, -1.0, 1.0, 0.0, 1.0, 3.0, 1.0, 1.0, 0.0, -1.0, 2.0, 1.0, -1.0, 0.0, 1.0, -1.0, 1.0, 0.0, 3.0, -1.0, 3.0, 0.0, 95463.0, 497.0, 99513.0
3.0, 1.0, 3.0, 2.0, -1.0, -1.0, -1.0, 2.0, 0.0, 2.0, 1.0, 0.0, 2.0, 2.0, 1.0, -1.0, 3.0, -1.0, 1.0, 1.0, -1.0, 0.0, 2.0, -1.0, 2.0, 3.0, 2.0, 3.0, 0.0, 2.0, 0.0, 0.0, -1.0, 2.0, -1.0, 1.0, 0.0, 0.0, 2.0, 0.0, -1.0, 1.0, -1.0, 1.0, 1.0, 0.0, -1.0, -1.0, -1.0, 1.0, 95370.0, 490.0, 99514.0
3.0, 1.0, 3.0, 0.0, -1.0, -1.0, -1.0, 2.0, 0.0, 2.0, 1.0, 0.0, 2.0, 2.0, 1.0, -1.0, 3.0, -1.0, 1.0, 2.0, -1.0, 0.0, 2.0, -1.0, 2.0, 3.0, 2.0, 3.0, 0.0, 2.0, 0.0, 0.0, -1.0, 2.0, -1.0, 1.0, 0.0, 1.0, 2.0, 0.0, -1.0, 1.0, -1.0, 1.0, 1.0, 0.0, -1.0, -1.0, 2.0, 1.0, 95311.0, 503.0, 99504.0
3.0, 1.0, 3.0, 0.0, -1.0, -1.0, -1.0, 2.0, 0.0, 2.0, 1.0, 0.0, 2.0, 2.0, 1.0, -1.0, 3.0, -1.0, 1.0, 2.0, -1.0, 0.0, 2.0, -1.0, 2.0, 3.0, 2.0, 3.0, 0.0, 2.0, 0.0, 0.0, -1.0, 2.0, -1.0, 1.0, 0.0, 1.0, 2.0, 0.0, -1.0, 1.0, -1.0, 1.0, 1.0, 0.0, -1.0, -1.0, 2.0, 1.0, 95311.0, 503.0, 99504.0
3.0, 3.0, 2.0, 2.0, 0.0, 1.0, 2.0, 3.0, -1.0, 0.0, 1.0, -1.0, 0.0, 3.0, 0.0, 1.0, 0.0, 3.0, 2.0, 2.0, 3.0, 0.0, 1.0, 2.0, 1.0, -1.0, 3.0, 1.0, 1.0, 3.0, 0.0, 2.0, 2.0, 2.0, -1.0, -1.0, -1.0, -1.0, 1.0, 1.0, 1.0, 0.0, 3.0, 3.0, 0.0, 0.0, -1.0, -1.0, 0.0, 2.0, 95179.0, 557.0, 99461.0
-1.0, 3.0, 0.0, 0.0, 0.0, -1.0, 3.0, 3.0, 2.0, 2.0, -1.0, 2.0, -1.0, -1.0, 2.0, 2.0, 2.0, 3.0, -1.0, 3.0, 1.0, 0.0, -1.0, 2.0, 1.0, 1.0, -1.0, 1.0, 2.0, -1.0, 1.0, 0.0, 1.0, 3.0, 1.0, 1.0, 0.0, -1.0, 2.0, 1.0, -1.0, 0.0, 1.0, -1.0, 1.0, 0.0, 3.0, -1.0, 3.0, 0.0, 95463.0, 497.0, 99513.0
-1.0, 1.0, 3.0, -1.0, 1.0, 0.0, -1.0, 3.0, 0.0, -1.0, -1.0, -1.0, 2.0, -1.0, 1.0, -1.0, 2.0, 2.0, -1.0, -1.0, 2.0, -1.0, -1.0, 2.0, 2.0, 1.0, -1.0, -1.0, 2.0, 0.0, -1.0, 2.0, 3.0, 2.0, 0.0, 1.0, -1.0, 3.0, 0.0, 0.0, 1.0, 0.0, 2.0, -1.0, -1.0, 0.0, 0.0, 1.0, -1.0, 1.0, 96350.0, 413.0, 99605.0
-1.0, 1.0, 3.0, -1.0, 1.0, 0.0, -1.0, 3.0, 0.0, -1.0, -1.0, -1.0, 2.0, -1.0, 1.0, -1.0, 2.0, 2.0, -1.0, -1.0, 2.0, -1.0, -1.0, 2.0, 2.0, 1.0, -1.0, -1.0, 2.0, 0.0, -1.0, 2.0, 3.0, 2.0, 0.0, 1.0, -1.0, 3.0, 0.0, 0.0, 1.0, 0.0, 2.0, -1.0, -1.0, 0.0, 0.0, 1.0, -1.0, 1.0, 96350.0, 413.0, 99605.0
-1.0, 1.0, 3.0, -1.0, 1.0, 0.0, -1.0, 3.0, 0.0, -1.0, -1.0, -1.0, 2.0, -1.0, 1.0, -1.0, 2.0, 2.0, -1.0, -1.0, 2.0, -1.0, -1.0, 2.0, 2.0, 1.0, -1.0, -1.0, 2.0, 0.0, -1.0, 2.0, 3.0, 2.0, 0.0, 1.0, -1.0, 3.0, 0.0, 0.0, 1.0, 0.0, 2.0, -1.0, -1.0, 0.0, 0.0, 1.0, -1.0, 1.0, 96350.0, 413.0, 99605.0
-1.0, 1.0, 3.0, -1.0, 1.0, 0.0, -1.0, 3.0, 0.0, -1.0, -1.0, -1.0, 2.0, -1.0, 1.0, -1.0, 2.0, 2.0, -1.0, -1.0, 2.0, -1.0, -1.0, 2.0, 2.0, 1.0, -1.0, -1.0, 2.0, 0.0, -1.0, 2.0, 3.0, 2.0, 0.0, 1.0, -1.0, 3.0, 0.0, 0.0, 1.0, 0.0, 2.0, -1.0, -1.0, 0.0, 0.0, 1.0, -1.0, 1.0, 96350.0, 413.0, 99605.0
-1.0, 1.0, 3.0, -1.0, 1.0, 0.0, -1.0, 3.0, 0.0, -1.0, -1.0, -1.0, 2.0, -1.0, 1.0, -1.0, 2.0, 2.0, -1.0, -1.0, 2.0, -1.0, -1.0, 2.0, 2.0, 1.0, -1.0, -1.0, 2.0, 0.0, -1.0, 2.0, 3.0, 2.0, 0.0, 1.0, -1.0, 3.0, 0.0, 0.0, 1.0, 0.0, 2.0, -1.0, -1.0, 0.0, 0.0, 1.0, -1.0, 1.0, 96350.0, 413.0, 99605.0
-1.0, 1.0, 3.0, -1.0, 1.0, 0.0, -1.0, 3.0, 0.0, -1.0, -1.0, -1.0, 2.0, -1.0, 1.0, -1.0, 2.0, 2.0, -1.0, -1.0, 2.0, -1.0, -1.0, 2.0, 2.0, 1.0, -1.0, -1.0, 2.0, 0.0, -1.0, 2.0, 3.0, 2.0, 0.0, 1.0, -1.0, 3.0, 0.0, 0.0, 1.0, 0.0, 2.0, -1.0, -1.0, 0.0, 0.0, 1.0, -1.0, 1.0, 96350.0, 413.0, 99605.0
-1.0, 1.0, 3.0, -1.0, 1.0, 0.0, -1.0, 3.0, 0.0, -1.0, -1.0, -1.0, 2.0, -1.0, 1.0, -1.0, 2.0, 2.0, -1.0, -1.0, 2.0, -1.0, -1.0, 2.0, 2.0, 1.0, -1.0, -1.0, 2.0, 0.0, -1.0, 2.0, 3.0, 2.0, 0.0, 1.0, -1.0, 3.0, 0.0, 0.0, 1.0, 0.0, 2.0, -1.0, -1.0, 0.0, 0.0, 1.0, -1.0, 1.0, 96350.0, 413.0, 99605.0
-1.0, 1.0, 3.0, -1.0, 1.0, 0.0, -1.0, 3.0, 0.0, -1.0, -1.0, -1.0, 2.0, -1.0, 1.0, -1.0, 2.0, 2.0, -1.0, -1.0, 2.0, -1.0, -1.0, 2.0, 2.0, 1.0, -1.0, -1.0, 2.0, 0.0, -1.0, 2.0, 3.0, 2.0, 0.0, 1.0, -1.0, 3.0, 0.0, 0.0, 1.0, 0.0, 2.0, -1.0, -1.0, 0.0, 0.0, 1.0, -1.0, 1.0, 96350.0, 413.0, 99605.0
-1.0, 1.0, 3.0, -1.0, 1.0, 0.0, -1.0, 3.0, 0.0, -1.0, -1.0, -1.0, 2.0, -1.0, 1.0, -1.0, 2.0, 2.0, -1.0, -1.0, 2.0, -1.0, -1.0, 2.0, 2.0, 1.0, -1.0, -1.0, 2.0, 0.0, -1.0, 2.0, 3.0, 2.0, 0.0, 1.0, -1.0, 3.0, 0.0, 0.0, 1.0, 0.0, 2.0, -1.0, -1.0, 0.0, 0.0, 1.0, -1.0, 1.0, 96350.0, 413.0, 99605.0
-1.0, 1.0, 3.0, -1.0, 1.0, 0.0, -1.0, 3.0, 0.0, -1.0, -1.0, -1.0, 2.0, -1.0, 1.0, -1.0, 2.0, 2.0, -1.0, -1.0, 2.0, -1.0, -1.0, 2.0, 2.0, 1.0, -1.0, -1.0, 2.0, 0.0, -1.0, 2.0, 3.0, 2.0, 0.0, 1.0, -1.0, 3.0, 0.0, 0.0, 1.0, 0.0, 2.0, -1.0, -1.0, 0.0, 0.0, 1.0, -1.0, 1.0, 96350.0, 413.0, 99605.0
-1.0, 1.0, 3.0, -1.0, 1.0, 0.0, -1.0, 3.0, 0.0, -1.0, -1.0, -1.0, 2.0, -1.0, 1.0, -1.0, 2.0, 2.0, -1.0, -1.0, 2.0, -1.0, -1.0, 2.0, 2.0, 1.0, -1.0, -1.0, 2.0, 0.0, -1.0, 2.0, 3.0, 2.0, 0.0, 1.0, -1.0, 3.0, 0.0, 0.0, 1.0, 0.0, 2.0, -1.0, -1.0, 0.0, 0.0, 1.0, -1.0, 1.0, 96350.0, 413.0, 99605.0
-1.0, 1.0, 3.0, -1.0, 1.0, 0.0, -1.0, 3.0, 0.0, -1.0, -1.0, -1.0, 2.0, -1.0, 1.0, -1.0, 2.0, 2.0, -1.0, -1.0, 2.0, -1.0, -1.0, 2.0, 2.0, 1.0, -1.0, -1.0, 2.0, 0.0, -1.0, 2.0, 3.0, 2.0, 0.0, 1.0, -1.0, 3.0, 0.0, 0.0, 1.0, 0.0, 2.0, -1.0, -1.0, 0.0, 0.0, 1.0, -1.0, 1.0, 96350.0, 413.0, 99605.0
-1.0, 1.0, 3.0, -1.0, 1.0, 0.0, -1.0, 3.0, 0.0, -1.0, -1.0, -1.0, 2.0, -1.0, 1.0, -1.0, 2.0, 2.0, -1.0, -1.0, 2.0, -1.0, -1.0, 2.0, 2.0, 1.0, -1.0, -1.0, 2.0, 0.0, -1.0, 2.0, 3.0, 2.0, 0.0, 1.0, -1.0, 3.0, 0.0, 0.0, 1.0, 0.0, 2.0, -1.0, -1.0, 0.0, 0.0, 1.0, -1.0, 1.0, 96350.0, 413.0, 99605.0
-1.0, 1.0, 3.0, -1.0, 1.0, 0.0, -1.0, 3.0, 0.0, -1.0, -1.0, -1.0, 2.0, -1.0, 1.0, -1.0, 2.0, 2.0, -1.0, -1.0, 2.0, -1.0, -1.0, 2.0, 2.0, 1.0, -1.0, -1.0, 2.0, 0.0, -1.0, 2.0, 3.0, 2.0, 0.0, 1.0, -1.0, 3.0, 0.0, 0.0, 1.0, 0.0, 2.0, -1.0, -1.0, 0.0, 0.0, 1.0, -1.0, 1.0, 96350.0, 413.0, 99605.0
-1.0, 1.0, 3.0, -1.0, 1.0, 0.0, -1.0, 3.0, 0.0, -1.0, -1.0, -1.0, 2.0, -1.0, 1.0, -1.0, 2.0, 2.0, -1.0, -1.0, 2.0, -1.0, -1.0, 2.0, 2.0, 1.0, -1.0, -1.0, 2.0, 0.0, -1.0, 2.0, 3.0, 2.0, 0.0, 1.0, -1.0, 3.0, 0.0, 0.0, 1.0, 0.0, 2.0, -1.0, -1.0, 0.0, 0.0, 1.0, -1.0, 1.0, 96350.0, 413.0, 99605.0
-1.0, 1.0, 3.0, -1.0, 1.0, 0.0, -1.0, 3.0, 0.0, -1.0, -1.0, -1.0, 2.0, -1.0, 1.0, -1.0, 2.0, 2.0, -1.0, -1.0, 2.0, -1.0, -1.0, 2.0, 2.0, 1.0, -1.0, -1.0, 2.0, 0.0, -1.0, 2.0, 3.0, 2.0, 0.0, 1.0, -1.0, 3.0, 0.0, 0.0, 1.0, 0.0, 2.0, -1.0, -1.0, 0.0, 0.0, 1.0, -1.0, 1.0, 96350.0, 413.0, 99605.0
-1.0, 1.0, 3.0, -1.0, 1.0, 0.0, -1.0, 3.0, 0.0, -1.0, -1.0, -1.0, 2.0, -1.0, 1.0, -1.0, 2.0, 2.0, -1.0, -1.0, 2.0, -1.0, -1.0, 2.0, 2.0, 1.0, -1.0, -1.0, 2.0, 0.0, -1.0, 2.0, 3.0, 2.0, 0.0, 1.0, -1.0, 3.0, 0.0, 0.0, 1.0, 0.0, 2.0, -1.0, -1.0, 0.0, 0.0, 1.0, -1.0, 1.0, 96350.0, 413.0, 99605.0
-1.0, 1.0, 3.0, -1.0, 1.0, 0.0, -1.0, 3.0, 0.0, -1.0, -1.0, -1.0, 2.0, -1.0, 1.0, -1.0, 2.0, 2.0, -1.0, -1.0, 2.0, -1.0, -1.0, 2.0, 2.0, 1.0, -1.0, -1.0, 2.0, 0.0, -1.0, 2.0, 3.0, 2.0, 0.0, 1.0, -1.0, 3.0, 0.0, 0.0, 1.0, 0.0, 2.0, -1.0, -1.0, 0.0, 0.0, 1.0, -1.0, 1.0, 96350.0, 413.0, 99605.0
-1.0, 1.0, 3.0, -1.0, 1.0, 0.0, -1.0, 3.0, 0.0, -1.0, -1.0, -1.0, 2.0, -1.0, 1.0, -1.0, 2.0, 2.0, -1.0, -1.0, 2.0, -1.0, -1.0, 2.0, 2.0, 1.0, -1.0, -1.0, 2.0, 0.0, -1.0, 2.0, 3.0, 2.0, 0.0, 1.0, -1.0, 3.0, 0.0, 0.0, 1.0, 0.0, 2.0, -1.0, -1.0, 0.0, 0.0, 1.0, -1.0, 1.0, 96350.0, 413.0, 99605.0
-1.0, 1.0, 3.0, -1.0, 1.0, 0.0, -1.0, 3.0, 0.0, -1.0, -1.0, -1.0, 2.0, -1.0, 1.0, -1.0, 2.0, 2.0, -1.0, -1.0, 2.0, -1.0, -1.0, 2.0, 2.0, 1.0, -1.0, -1.0, 2.0, 0.0, -1.0, 2.0, 3.0, 2.0, 0.0, 1.0, -1.0, 3.0, 0.0, 0.0, 1.0, 0.0, 2.0, -1.0, -1.0, 0.0, 0.0, 1.0, -1.0, 1.0, 96350.0, 413.0, 99605.0
-1.0, 1.0, 3.0, -1.0, 1.0, 0.0, -1.0, 3.0, 0.0, -1.0, -1.0, -1.0, 2.0, -1.0, 1.0, -1.0, 2.0, 2.0, -1.0, -1.0, 2.0, -1.0, -1.0, 2.0, 2.0, 1.0, -1.0, -1.0, 2.0, 0.0, -1.0, 2.0, 3.0, 2.0, 0.0, 1.0, -1.0, 3.0, 0.0, 0.0, 1.0, 0.0, 2.0, -1.0, -1.0, 0.0, 0.0, 1.0, -1.0, 1.0, 96350.0, 413.0, 99605.0
-1.0, 1.0, 3.0, -1.0, 1.0, 0.0, -1.0, 3.0, 0.0, -1.0, -1.0, -1.0, 2.0, -1.0, 1.0, -1.0, 2.0, 2.0, -1.0, -1.0, 2.0, -1.0, -1.0, 2.0, 2.0, 1.0, -1.0, -1.0, 2.0, 0.0, -1.0, 2.0, 3.0, 2.0, 0.0, 1.0, -1.0, 3.0, 0.0, 0.0, 1.0, 0.0, 2.0, -1.0, -1.0, 0.0, 0.0, 1.0, -1.0, 1.0, 96350.0, 413.0, 99605.0
-1.0, 1.0, 3.0, -1.0, 1.0, 0.0, -1.0, 3.0, 0.0, -1.0, -1.0, -1.0, 2.0, -1.0, 1.0, -1.0, 2.0, 2.0, -1.0, -1.0, 2.0, -1.0, -1.0, 2.0, 2.0, 1.0, -1.0, -1.0, 2.0, 0.0, -1.0, 2.0, 3.0, 2.0, 0.0, 1.0, -1.0, 3.0, 0.0, 0.0, 1.0, 0.0, 2.0, -1.0, -1.0, 0.0, 0.0, 1.0, -1.0, 1.0, 96350.0, 413.0, 99605.0
-1.0, 1.0, 3.0, -1.0, 1.0, 0.0, -1.0, 3.0, 0.0, -1.0, -1.0, -1.0, 2.0, -1.0, 1.0, -1.0, 2.0, 2.0, -1.0, -1.0, 2.0, -1.0, -1.0, 2.0, 2.0, 1.0, -1.0, -1.0, 2.0, 0.0, -1.0, 2.0, 3.0, 2.0, 0.0, 1.0, -1.0, 3.0, 0.0, 0.0, 1.0, 0.0, 2.0, -1.0, -1.0, 0.0, 0.0, 1.0, -1.0, 1.0, 96350.0, 413.0, 99605.0
-1.0, 1.0, 3.0, -1.0, 1.0, 0.0, -1.0, 3.0, 0.0, -1.0, -1.0, -1.0, 2.0, -1.0, 1.0, -1.0, 2.0, 2.0, -1.0, -1.0, 2.0, -1.0, -1.0, 2.0, 2.0, 1.0, -1.0, -1.0, 2.0, 0.0, -1.0, 2.0, 3.0, 2.0, 0.0, 1.0, -1.0, 3.0, 0.0, 0.0, 1.0, 0.0, 2.0, -1.0, -1.0, 0.0, 0.0, 1.0, -1.0, 1.0, 96350.0, 413.0, 99605.0
-1.0, 1.0, 3.0, -1.0, 1.0, 0.0, -1.0, 3.0, 0.0, -1.0, -1.0, -1.0, 2.0, -1.0, 1.0, -1.0, 2.0, 2.0, -1.0, -1.0, 2.0, -1.0, -1.0, 2.0, 2.0, 1.0, -1.0, -1.0, 2.0, 0.0, -1.0, 2.0, 3.0, 2.0, 0.0, 1.0, -1.0, 3.0, 0.0, 0.0, 1.0, 0.0, 2.0, -1.0, -1.0, 0.0, 0.0, 1.0, -1.0, 1.0, 96350.0, 413.0, 99605.0
-1.0, 1.0, 3.0, -1.0, 1.0, 0.0, -1.0, 3.0, 0.0, -1.0, -1.0, -1.0, 2.0, -1.0, 1.0, -1.0, 2.0, 2.0, -1.0, -1.0, 2.0, -1.0, -1.0, 2.0, 2.0, 1.0, -1.0, -1.0, 2.0, 0.0, -1.0, 2.0, 3.0, 2.0, 0.0, 1.0, -1.0, 3.0, 0.0, 0.0, 1.0, 0.0, 2.0, -1.0, -1.0, 0.0, 0.0, 1.0, -1.0, 1.0, 96350.0, 413.0, 99605.0
-1.0, 1.0, 3.0, -1.0, 1.0, 0.0, -1.0, 3.0, 0.0, -1.0, -1.0, -1.0, 2.0, -1.0, 1.0, -1.0, 2.0, 2.0, -1.0, -1.0, 2.0, -1.0, -1.0, 2.0, 2.0, 1.0, -1.0, -1.0, 2.0, 0.0, -1.0, 2.0, 3.0, 2.0, 0.0, 1.0, -1.0, 3.0, 0.0, 0.0, 1.0, 0.0, 2.0, -1.0, -1.0, 0.0, 0.0, 1.0, -1.0, 1.0, 96350.0, 413.0, 99605.0
-1.0, 1.0, 3.0, -1.0, 1.0, 0.0, -1.0, 3.0, 0.0, 1.0, -1.0, -1.0, 2.0, -1.0, 1.0, -1.0, 2.0, 2.0, -1.0, -1.0, 2.0, -1.0, -1.0, 2.0, 0.0, 1.0, -1.0, -1.0, 2.0, 0.0, -1.0, 2.0, 3.0, 2.0, -1.0, 1.0, -1.0, 3.0, 0.0, 0.0, 1.0, 0.0, 2.0, -1.0, -1.0, 0.0, 0.0, 1.0, -1.0, 1.0, 96307.0, 414.0, 99602.0
-1.0, 1.0, 3.0, -1.0, 1.0, 0.0, -1.0, 3.0, 0.0, 1.0, -1.0, -1.0, 2.0, -1.0, 1.0, -1.0, 2.0, 2.0, -1.0, -1.0, 2.0, -1.0, -1.0, 2.0, 0.0, 1.0, -1.0, -1.0, 2.0, 0.0, -1.0, 2.0, 3.0, 2.0, -1.0, 1.0, -1.0, 3.0, 0.0, 0.0, 1.0, 0.0, 2.0, -1.0, -1.0, 0.0, 0.0, 1.0, -1.0, 1.0, 96307.0, 414.0, 99602.0
-1.0, 1.0, 3.0, -1.0, 1.0, 0.0, -1.0, 3.0, 0.0, 1.0, -1.0, -1.0, 2.0, -1.0, 1.0, -1.0, 2.0, 2.0, -1.0, -1.0, 2.0, -1.0, -1.0, 2.0, 0.0, 1.0, -1.0, -1.0, 2.0, 0.0, -1.0, 2.0, 3.0, 2.0, -1.0, 1.0, -1.0, 3.0, 0.0, 0.0, 1.0, 0.0, 2.0, -1.0, -1.0, 0.0, 0.0, 1.0, -1.0, 1.0, 96307.0, 414.0, 99602.0
-1.0, 1.0, 3.0, -1.0, 1.0, 0.0, -1.0, 3.0, 0.0, 1.0, -1.0, -1.0, 2.0, -1.0, 1.0, -1.0, 2.0, 2.0, -1.0, -1.0, 2.0, -1.0, -1.0, 2.0, 0.0, 1.0, -1.0, -1.0, 2.0, 0.0, -1.0, 2.0, 3.0, 2.0, -1.0, 1.0, -1.0, 3.0, 0.0, 0.0, 1.0, 0.0, 2.0, -1.0, -1.0, 0.0, 0.0, 1.0, -1.0, 1.0, 96307.0, 414.0, 99602.0
-1.0, 1.0, 3.0, -1.0, 1.0, 0.0, -1.0, 3.0, 0.0, 1.0, -1.0, -1.0, 2.0, -1.0, 1.0, -1.0, 2.0, 2.0, -1.0, -1.0, 2.0, -1.0, -1.0, 2.0, 0.0, 1.0, -1.0, -1.0, 2.0, 0.0, -1.0, 2.0, 3.0, 2.0, -1.0, 1.0, -1.0, 3.0, 0.0, 0.0, 1.0, 0.0, 2.0, -1.0, -1.0, 0.0, 0.0, 1.0, -1.0, 1.0, 96307.0, 414.0, 99602.0
-1.0, 1.0, 3.0, -1.0, 1.0, 0.0, -1.0, 3.0, 0.0, 1.0, -1.0, -1.0, 2.0, -1.0, 1.0, -1.0, 2.0, 2.0, -1.0, -1.0, 2.0, -1.0, -1.0, 2.0, 0.0, 1.0, -1.0, -1.0, 2.0, 0.0, -1.0, 2.0, 3.0, 2.0, -1.0, 1.0, -1.0, 3.0, 0.0, 0.0, 1.0, 0.0, 2.0, -1.0, -1.0, 0.0, 0.0, 1.0, -1.0, 1.0, 96307.0, 414.0, 99602.0
-1.0, 1.0, 3.0, -1.0, 1.0, 0.0, -1.0, 3.0, 0.0, 1.0, -1.0, -1.0, 2.0, -1.0, 1.0, -1.0, 2.0, 2.0, -1.0, -1.0, 2.0, -1.0, -1.0, 2.0, 0.0, 1.0, -1.0, -1.0, 2.0, 0.0, -1.0, 2.0, 3.0, 2.0, -1.0, 1.0, -1.0, 3.0, 0.0, 0.0, 1.0, 0.0, 2.0, -1.0, -1.0, 0.0, 0.0, 1.0, -1.0, 1.0, 96307.0, 414.0, 99602.0
-1.0, 1.0, 3.0, -1.0, 1.0, 0.0, -1.0, 3.0, 0.0, 1.0, -1.0, -1.0, 2.0, -1.0, 1.0, -1.0, 2.0, 2.0, -1.0, -1.0, 2.0, -1.0, -1.0, 2.0, 0.0, 1.0, -1.0, -1.0, 2.0, 0.0, -1.0, 2.0, 3.0, 2.0, -1.0, 1.0, -1.0, 3.0, 0.0, 0.0, 1.0, 0.0, 2.0, -1.0, -1.0, 0.0, 0.0, 1.0, -1.0, 1.0, 96307.0, 414.0, 99602.0
-1.0, 1.0, 3.0, -1.0, 1.0, 0.0, -1.0, 3.0, 0.0, 1.0, -1.0, -1.0, 2.0, -1.0, 1.0, -1.0, 2.0, 2.0, -1.0, -1.0, 2.0, -1.0, -1.0, 2.0, 0.0, 1.0, -1.0, -1.0, 2.0, 0.0, -1.0, 2.0, 3.0, 2.0, -1.0, 1.0, -1.0, 3.0, 0.0, 0.0, 1.0, 0.0, 2.0, -1.0, -1.0, 0.0, 0.0, 1.0, -1.0, 1.0, 96307.0, 414.0, 99602.0
-1.0, 1.0, 3.0, -1.0, 1.0, 0.0, -1.0, 3.0, 0.0, 1.0, -1.0, -1.0, 2.0, -1.0, 1.0, -1.0, 2.0, 2.0, -1.0, -1.0, 2.0, -1.0, -1.0, 2.0, 0.0, 1.0, -1.0, -1.0, 2.0, 0.0, -1.0, 2.0, 3.0, 2.0, -1.0, 1.0, -1.0, 3.0, 0.0, 0.0, 1.0, 0.0, 2.0, -1.0, -1.0, 0.0, 0.0, 1.0, -1.0, 1.0, 96307.0, 414.0, 99602.0
-1.0, 1.0, 3.0, -1.0, 1.0, 0.0, -1.0, 3.0, 0.0, 1.0, -1.0, -1.0, 2.0, -1.0, 1.0, -1.0, 2.0, 2.0, -1.0, -1.0, 2.0, -1.0, -1.0, 2.0, 0.0, 1.0, -1.0, -1.0, 2.0, 0.0, -1.0, 2.0, 3.0, 2.0, -1.0, 1.0, -1.0, 3.0, 0.0, 0.0, 1.0, 0.0, 2.0, -1.0, -1.0, 0.0, 0.0, 1.0, -1.0, 1.0, 96307.0, 414.0, 99602.0
-1.0, 1.0, 3.0, -1.0, 1.0, 0.0, -1.0, 3.0, 0.0, 1.0, -1.0, -1.0, 2.0, -1.0, 1.0, -1.0, 2.0, 2.0, -1.0, -1.0, 2.0, -1.0, -1.0, 2.0, 0.0, 1.0, -1.0, -1.0, 2.0, 0.0, -1.0, 2.0, 3.0, 2.0, -1.0, 1.0, -1.0, 3.0, 0.0, 0.0, 1.0, 0.0, 2.0, -1.0, -1.0, 0.0, 0.0, 1.0, -1.0, 1.0, 96307.0, 414.0, 99602.0
-1.0, 1.0, 3.0, -1.0, 1.0, 0.0, -1.0, 3.0, 0.0, 1.0, -1.0, -1.0, 2.0, -1.0, 1.0, -1.0, 2.0, 2.0, -1.0, -1.0, 2.0, -1.0, -1.0, 2.0, 0.0, 1.0, -1.0, -1.0, 2.0, 0.0, -1.0, 2.0, 3.0, 2.0, -1.0, 1.0, -1.0, 3.0, 0.0, 0.0, 1.0, 0.0, 2.0, -1.0, -1.0, 0.0, 0.0, 1.0, -1.0, 1.0, 96307.0, 414.0, 99602.0
-1.0, 1.0, 3.0, -1.0, 1.0, 0.0, -1.0, 3.0, 0.0, 1.0, -1.0, -1.0, 2.0, -1.0, 1.0, -1.0, 2.0, 2.0, -1.0, -1.0, 2.0, -1.0, -1.0, 2.0, 0.0, 1.0, -1.0, -1.0, 2.0, 0.0, -1.0, 2.0, 3.0, 2.0, -1.0, 1.0, -1.0, 3.0, 0.0, 0.0, 1.0, 0.0, 2.0, -1.0, -1.0, 0.0, 0.0, 1.0, -1.0, 1.0, 96307.0, 414.0, 99602.0
-1.0, 1.0, 3.0, -1.0, 1.0, 0.0, -1.0, 3.0, 0.0, 1.0, -1.0, -1.0, 2.0, -1.0, 1.0, -1.0, 2.0, 2.0, -1.0, -1.0, 2.0, -1.0, -1.0, 2.0, 0.0, 1.0, -1.0, -1.0, 2.0, 0.0, -1.0, 2.0, 3.0, 2.0, -1.0, 1.0, -1.0, 3.0, 0.0, 0.0, 1.0, 0.0, 2.0, -1.0, -1.0, 0.0, 0.0, 1.0, -1.0, 1.0, 96307.0, 414.0, 99602.0
-1.0, 1.0, 3.0, -1.0, 1.0, 0.0, -1.0, 3.0, 0.0, 1.0, -1.0, -1.0, 2.0, -1.0, 1.0, -1.0, 2.0, 2.0, -1.0, -1.0, 2.0, -1.0, -1.0, 2.0, 0.0, 1.0, -1.0, -1.0, 2.0, 0.0, -1.0, 2.0, 3.0, 2.0, -1.0, 1.0, -1.0, 3.0, 0.0, 0.0, 1.0, 0.0, 2.0, -1.0, -1.0, 0.0, 0.0, 1.0, -1.0, 1.0, 96307.0, 414.0, 99602.0
