0.11258872777, 0.832037032354, 86.4571928752, 0.68195660436, 72.821293272, 36.3146801595, 0.997624405414, 4.24233292894, 7.32033362325, 1043.4732779, 0.224598144686, 0.0
0.11258872777, 0.832037032354, 86.4571928752, 0.68195660436, 72.821293272, 36.3146801595, 0.997624405414, 4.24233292894, 7.32033362325, 1043.4732779, 0.224598144686, 0.0
0.11258872777, 0.832037032354, 86.4571928752, 0.68195660436, 72.821293272, 36.3146801595, 0.997624405414, 4.24233292894, 7.32033362325, 1043.4732779, 0.224598144686, 0.0
0.11258872777, 0.832037032354, 86.4571928752, 0.68195660436, 72.821293272, 36.3146801595, 0.997624405414, 4.24233292894, 7.32033362325, 1043.4732779, 0.224598144686, 0.0
0.11258872777, 0.832037032354, 86.4571928752, 0.68195660436, 72.821293272, 36.3146801595, 0.997624405414, 4.24233292894, 7.32033362325, 1043.4732779, 0.224598144686, 0.0
0.11258872777, 0.832037032354, 86.4571928752, 0.68195660436, 72.821293272, 36.3146801595, 0.997624405414, 4.24233292894, 7.32033362325, 1043.4732779, 0.224598144686, 0.0
0.11258872777, 0.832037032354, 86.4571928752, 0.68195660436, 72.821293272, 36.3146801595, 0.997624405414, 4.24233292894, 7.32033362325, 1043.4732779, 0.224598144686, 0.0
0.11258872777, 0.832037032354, 86.4571928752, 0.68195660436, 72.821293272, 36.3146801595, 0.997624405414, 4.24233292894, 7.32033362325, 1043.4732779, 0.224598144686, 0.0
0.11258872777, 0.832037032354, 86.4571928752, 0.68195660436, 72.821293272, 36.3146801595, 0.997624405414, 4.24233292894, 7.32033362325, 1043.4732779, 0.224598144686, 0.0
0.11258872777, 0.832037032354, 86.4571928752, 0.68195660436, 72.821293272, 36.3146801595, 0.997624405414, 4.24233292894, 7.32033362325, 1043.4732779, 0.224598144686, 0.0
0.11258872777, 0.832037032354, 86.4571928752, 0.68195660436, 72.821293272, 36.3146801595, 0.997624405414, 4.24233292894, 7.32033362325, 1043.4732779, 0.224598144686, 0.0
0.11258872777, 0.832037032354, 86.4571928752, 0.68195660436, 72.821293272, 36.3146801595, 0.997624405414, 4.24233292894, 7.32033362325, 1043.4732779, 0.224598144686, 0.0
0.11258872777, 0.832037032354, 86.4571928752, 0.68195660436, 72.821293272, 36.3146801595, 0.997624405414, 4.24233292894, 7.32033362325, 1043.4732779, 0.224598144686, 0.0
0.11258872777, 0.832037032354, 86.4571928752, 0.68195660436, 72.821293272, 36.3146801595, 0.997624405414, 4.24233292894, 7.32033362325, 1043.4732779, 0.224598144686, 0.0
0.11258872777, 0.832037032354, 86.4571928752, 0.68195660436, 72.821293272, 36.3146801595, 0.997624405414, 4.24233292894, 7.32033362325, 1043.4732779, 0.224598144686, 0.0
0.11258872777, 0.832037032354, 86.4571928752, 0.68195660436, 72.821293272, 36.3146801595, 0.997624405414, 4.24233292894, 7.32033362325, 1043.4732779, 0.224598144686, 0.0
0.11258872777, 0.832037032354, 86.4571928752, 0.68195660436, 72.821293272, 36.3146801595, 0.997624405414, 4.24233292894, 7.32033362325, 1043.4732779, 0.224598144686, 0.0
0.11258872777, 0.832037032354, 86.4571928752, 0.68195660436, 72.821293272, 36.3146801595, 0.997624405414, 4.24233292894, 7.32033362325, 1043.4732779, 0.224598144686, 0.0
0.11258872777, 0.832037032354, 86.4571928752, 0.68195660436, 72.821293272, 36.3146801595, 0.997624405414, 4.24233292894, 7.32033362325, 1043.4732779, 0.224598144686, 0.0
0.11258872777, 0.832037032354, 86.4571928752, 0.68195660436, 72.8282122619, 36.3146801595, 0.997624405414, 4.24233292894, 8.4278576849, 1318.13555159, 0.136791885016, 0.0
0.11258872777, 0.832037032354, 86.4571928752, 0.68195660436, 72.8282122619, 36.3146801595, 0.997624405414, 4.24233292894, 8.4278576849, 1318.13555159, 0.136791885016, 0.0
0.11258872777, 0.832037032354, 86.4571928752, 0.68195660436, 72.8282122619, 36.3146801595, 0.997624405414, 4.24233292894, 8.4278576849, 1318.13555159, 0.136791885016, 0.0
0.11258872777, 0.832037032354, 86.4571928752, 0.68195660436, 72.8282122619, 36.3146801595, 0.997624405414, 4.24233292894, 8.4278576849, 1318.13555159, 0.136791885016, 0.0
0.11258872777, 0.832037032354, 86.4571928752, 0.68195660436, 72.8282122619, 36.3146801595, 0.997624405414, 4.24233292894, 8.4278576849, 1318.13555159, 0.136791885016, 0.0
0.11258872777, 0.832037032354, 86.4571928752, 0.681551305178, 72.821293272, 36.3146801595, 0.997624405414, 4.24233292894, 7.32033362325, 1050.8737976, 0.402036245296, 0.25
0.11258872777, 0.832037032354, 86.4571928752, 0.681551305178, 72.821293272, 36.3146801595, 0.997624405414, 4.24233292894, 7.32033362325, 1050.8737976, 0.402036245296, 0.25
0.11258872777, 0.832037032354, 86.4571928752, 0.681551305178, 72.821293272, 36.3146801595, 0.997624405414, 4.24233292894, 7.32033362325, 1050.8737976, 0.402036245296, 0.25
0.11258872777, 0.832037032354, 86.4571928752, 0.681551305178, 72.821293272, 36.3146801595, 0.997624405414, 4.24233292894, 7.32033362325, 1050.8737976, 0.402036245296, 0.25
0.11258872777, 0.832037032354, 86.4571928752, 0.68195660436, 70.9345538822, 36.3146801595, 0.997624405414, 4.24233292894, 7.32033362325, 876.96158462, 0.121753424644, 0.0
0.11258872777, 0.832037032354, 86.4571928752, 0.68195660436, 70.9345538822, 36.3146801595, 0.997624405414, 4.24233292894, 7.32033362325, 876.96158462, 0.121753424644, 0.0
0.11258872777, 0.832037032354, 86.4571928752, 0.68195660436, 70.9345538822, 36.3146801595, 0.997624405414, 4.24233292894, 7.32033362325, 876.96158462, 0.121753424644, 0.0
0.11258872777, 0.832037032354, 86.4571928752, 0.68195660436, 70.9345538822, 36.3146801595, 0.997624405414, 4.24233292894, 7.32033362325, 876.96158462, 0.121753424644, 0.0
0.11258872777, 0.832037032354, 86.4571928752, 0.68195660436, 70.9345538822, 36.3146801595, 0.997624405414, 4.24233292894, 7.32033362325, 876.96158462, 0.121753424644, 0.0
0.11258872777, 0.832037032354, 86.4571928752, 0.68195660436, 70.9345538822, 36.3146801595, 0.997624405414, 4.24233292894, 7.32033362325, 876.96158462, 0.121753424644, 0.0
0.11258872777, 0.832037032354, 86.4571928752, 0.68195660436, 70.9345538822, 36.3146801595, 0.997624405414, 4.24233292894, 7.32033362325, 876.96158462, 0.121753424644, 0.0
0.11258872777, 0.832037032354, 86.4571928752, 0.68195660436, 70.9345538822, 36.3146801595, 0.997624405414, 4.24233292894, 7.32033362325, 876.96158462, 0.121753424644, 0.0
0.11258872777, 0.832037032354, 86.4571928752, 0.68195660436, 70.9345538822, 36.3146801595, 0.997624405414, 4.24233292894, 7.32033362325, 876.96158462, 0.121753424644, 0.0
0.11258872777, 0.832037032354, 86.4571928752, 0.68195660436, 70.9345538822, 36.3146801595, 0.997624405414, 4.24233292894, 7.32033362325, 876.96158462, 0.121753424644, 0.0
0.11258872777, 0.832037032354, 86.4571928752, 0.68195660436, 70.9345538822, 36.3146801595, 0.997624405414, 4.24233292894, 7.32033362325, 876.96158462, 0.121753424644, 0.0
0.11258872777, 0.832037032354, 86.4571928752, 0.68195660436, 70.9345538822, 36.3146801595, 0.997624405414, 4.24233292894, 7.32033362325, 876.96158462, 0.121753424644, 0.0
0.11258872777, 0.832037032354, 86.4571928752, 0.68195660436, 70.9345538822, 36.3146801595, 0.997624405414, 4.24233292894, 7.32033362325, 876.96158462, 0.121753424644, 0.0
0.11258872777, 0.832037032354, 86.4571928752, 0.68195660436, 70.9345538822, 36.3146801595, 0.997624405414, 4.24233292894, 7.32033362325, 876.96158462, 0.121753424644, 0.0
0.11258872777, 0.832037032354, 86.4571928752, 0.68195660436, 70.9345538822, 36.3146801595, 0.997624405414, 4.24233292894, 7.32033362325, 876.96158462, 0.121753424644, 0.0
0.11258872777, 0.832037032354, 86.4571928752, 0.68195660436, 70.9345538822, 36.3146801595, 0.997624405414, 4.24233292894, 7.32033362325, 876.96158462, 0.121753424644, 0.0
0.11258872777, 0.832037032354, 86.4571928752, 0.68195660436, 70.9345538822, 36.3146801595, 0.997624405414, 4.24233292894, 7.32033362325, 876.96158462, 0.121753424644, 0.0
0.11258872777, 0.832037032354, 86.4571928752, 0.68195660436, 70.9345538822, 36.3146801595, 0.997624405414, 4.24233292894, 7.32033362325, 876.96158462, 0.121753424644, 0.0
0.11258872777, 0.832037032354, 86.4571928752, 0.68195660436, 70.9345538822, 36.3146801595, 0.997624405414, 4.24233292894, 7.32033362325, 876.96158462, 0.121753424644, 0.0
0.11258872777, 0.832037032354, 86.4571928752, 0.68195660436, 70.9345538822, 36.3146801595, 0.997624405414, 4.24233292894, 7.32033362325, 876.96158462, 0.121753424644, 0.0
0.11258872777, 0.832037032354, 86.4571928752, 0.681551305178, 72.821293272, 36.3146801595, 0.997624405414, 4.24233292894, 7.32033362325, 606.842615517, 0.265005148394, 0.0
0.11258872777, 0.832037032354, 86.4571928752, 0.681551305178, 72.821293272, 36.3146801595, 0.997624405414, 4.24233292894, 7.32033362325, 606.842615517, 0.265005148394, 0.0
0.11258872777, 0.832037032354, 86.4571928752, 0.681551305178, 72.821293272, 36.3146801595, 0.997624405414, 4.24233292894, 7.32033362325, 606.842615517, 0.265005148394, 0.0
0.11258872777, 0.832037032354, 86.4571928752, 0.681551305178, 72.821293272, 36.3146801595, 0.997624405414, 4.24233292894, 7.32033362325, 606.842615517, 0.265005148394, 0.0
0.11258872777, 0.832037032354, 86.4571928752, 0.681551305178, 72.821293272, 36.3146801595, 0.997624405414, 4.24233292894, 7.32033362325, 606.842615517, 0.265005148394, 0.0
0.11258872777, 0.832037032354, 86.4571928752, 0.681551305178, 72.821293272, 36.3146801595, 0.997624405414, 4.24233292894, 7.32033362325, 606.842615517, 0.265005148394, 0.0
0.11258872777, 0.832037032354, 86.4571928752, 0.681551305178, 72.821293272, 36.3146801595, 0.997624405414, 4.24233292894, 7.32033362325, 606.842615517, 0.265005148394, 0.0
0.11258872777, 0.832037032354, 86.4571928752, 0.681551305178, 72.821293272, 36.3146801595, 0.997624405414, 4.24233292894, 7.32033362325, 606.842615517, 0.265005148394, 0.0
0.11258872777, 0.832037032354, 86.4571928752, 0.681551305178, 72.821293272, 36.3146801595, 0.997624405414, 4.24233292894, 7.32033362325, 606.842615517, 0.265005148394, 0.0
0.11258872777, 0.832037032354, 86.4571928752, 0.681551305178, 72.821293272, 36.3146801595, 0.997624405414, 4.24233292894, 7.32033362325, 606.842615517, 0.265005148394, 0.0
0.11258872777, 0.832037032354, 86.4571928752, 0.681551305178, 72.821293272, 36.3146801595, 0.997624405414, 4.24233292894, 7.32033362325, 606.842615517, 0.265005148394, 0.0
0.11258872777, 0.832037032354, 86.4571928752, 0.681551305178, 72.821293272, 36.3146801595, 0.997624405414, 4.24233292894, 7.32033362325, 606.842615517, 0.265005148394, 0.0
0.11258872777, 0.832037032354, 86.4571928752, 0.681551305178, 72.821293272, 36.3146801595, 0.997624405414, 4.24233292894, 7.32033362325, 606.842615517, 0.265005148394, 0.0
0.11258872777, 0.832037032354, 86.4571928752, 0.681551305178, 72.821293272, 36.3146801595, 0.997624405414, 4.24233292894, 7.32033362325, 606.842615517, 0.265005148394, 0.0
0.11258872777, 0.832037032354, 86.4571928752, 0.681551305178, 72.821293272, 36.3146801595, 0.997624405414, 4.24233292894, 7.32033362325, 606.842615517, 0.265005148394, 0.0
0.11258872777, 0.832037032354, 86.4571928752, 0.681551305178, 72.821293272, 36.3146801595, 0.997624405414, 4.24233292894, 7.32033362325, 606.842615517, 0.265005148394, 0.0
0.11258872777, 0.832037032354, 86.4571928752, 0.681551305178, 72.821293272, 36.3146801595, 0.997624405414, 4.24233292894, 7.32033362325, 606.842615517, 0.265005148394, 0.0
0.11258872777, 0.832037032354, 86.4571928752, 0.681551305178, 72.821293272, 36.3146801595, 0.997624405414, 4.24233292894, 7.32033362325, 606.842615517, 0.265005148394, 0.0
0.11258872777, 0.832037032354, 86.4571928752, 0.681551305178, 72.821293272, 36.3146801595, 0.997624405414, 4.24233292894, 7.32033362325, 606.842615517, 0.265005148394, 0.0
0.11258872777, 0.832037032354, 86.4571928752, 0.681551305178, 72.821293272, 36.3146801595, 0.997624405414, 4.24233292894, 7.32033362325, 606.842615517, 0.265005148394, 0.0
0.11258872777, 0.832037032354, 86.4571928752, 0.68195660436, 72.821293272, 36.3146801595, 0.997624405414, 4.41045362516, 7.32033362325, 1043.4732779, 0.22199731707, 0.0
0.11258872777, 0.832037032354, 86.4571928752, 0.68195660436, 72.821293272, 36.3146801595, 0.997624405414, 4.41045362516, 7.32033362325, 1043.4732779, 0.22199731707, 0.0
0.11258872777, 0.832037032354, 86.4571928752, 0.68195660436, 72.821293272, 36.3146801595, 0.997624405414, 4.41045362516, 7.32033362325, 1043.4732779, 0.22199731707, 0.0
0.11258872777, 0.832037032354, 86.4571928752, 0.68195660436, 72.821293272, 36.3146801595, 0.997624405414, 4.41045362516, 7.32033362325, 1043.4732779, 0.22199731707, 0.0
0.11258872777, 0.832037032354, 86.4571928752, 0.68195660436, 72.821293272, 36.3146801595, 0.997624405414, 4.41045362516, 7.32033362325, 1043.4732779, 0.22199731707, 0.0
0.11258872777, 0.832037032354, 86.4571928752, 0.68195660436, 72.821293272, 36.3146801595, 0.997624405414, 4.41045362516, 7.32033362325, 1043.4732779, 0.22199731707, 0.0
0.11258872777, 0.832037032354, 86.4571928752, 0.68195660436, 72.821293272, 36.3146801595, 0.997624405414, 4.41045362516, 7.32033362325, 1043.4732779, 0.22199731707, 0.0
0.11258872777, 0.832037032354, 86.4571928752, 0.68195660436, 72.821293272, 36.3146801595, 0.997624405414, 4.41045362516, 7.32033362325, 1043.4732779, 0.22199731707, 0.0
0.11258872777, 0.832037032354, 86.4571928752, 0.68195660436, 72.821293272, 36.3146801595, 0.997624405414, 4.41045362516, 7.32033362325, 1043.4732779, 0.22199731707, 0.0
0.11258872777, 0.832037032354, 86.4571928752, 0.68195660436, 70.9345538822, 36.3146801595, 0.997624405414, 4.24233292894, 7.32033362325, 1391.29770387, 0.304003143007, 0.538461538462
0.11258872777, 0.832037032354, 86.4571928752, 0.68195660436, 70.9468391245, 36.3146801595, 0.871844421206, 4.24233292894, 7.56237135235, 1172.35130768, 0.151398230232, 0.0
0.11258872777, 0.832037032354, 86.4571928752, 0.68195660436, 70.9468391245, 36.3146801595, 0.871844421206, 4.24233292894, 7.56237135235, 1172.35130768, 0.151398230232, 0.0
0.11258872777, 0.832037032354, 86.4571928752, 0.68195660436, 71.2113679934, 36.3146801595, 0.997624405414, 4.24233292894, 7.32033362325, 1187.78341208, 0.298289176641, 0.0
0.11258872777, 0.832037032354, 86.4571928752, 0.681551305178, 72.821293272, 36.3146801595, 0.997624405414, 4.24233292894, 7.32033362325, 1977.10726339, 0.228535110329, 0.344827586207
0.11258872777, 0.832037032354, 86.4571928752, 0.681551305178, 72.821293272, 36.3146801595, 0.997624405414, 4.24233292894, 7.32033362325, 1187.78341208, 0.110498436445, 0.0
0.11258872777, 0.832037032354, 86.4571928752, 0.681551305178, 72.821293272, 36.3146801595, 0.997624405414, 4.24233292894, 7.32033362325, 1187.78341208, 0.110498436445, 0.0
0.11258872777, 0.832037032354, 86.4571928752, 0.681551305178, 72.821293272, 36.3146801595, 0.997624405414, 4.24233292894, 7.32033362325, 1187.78341208, 0.110498436445, 0.0
0.11258872777, 0.832037032354, 86.4571928752, 0.68195660436, 70.9345538822, 36.3146801595, 0.997624405414, 4.24233292894, 7.32033362325, 941.346106022, 0.297480110355, 0.0
0.11258872777, 0.832037032354, 86.4571928752, 0.68195660436, 70.9345538822, 36.3146801595, 0.997624405414, 4.24233292894, 7.32033362325, 941.346106022, 0.297480110355, 0.0
0.11258872777, 0.832037032354, 86.4571928752, 0.68195660436, 70.9345538822, 36.3146801595, 0.997624405414, 4.24233292894, 7.32033362325, 941.346106022, 0.297480110355, 0.0
0.11258872777, 0.832037032354, 86.4571928752, 0.68195660436, 70.9345538822, 36.3146801595, 0.997624405414, 4.24233292894, 7.32033362325, 941.346106022, 0.297480110355, 0.0
0.11258872777, 0.832037032354, 86.4571928752, 0.68195660436, 70.9345538822, 36.3146801595, 0.997624405414, 4.24233292894, 7.32033362325, 941.346106022, 0.297480110355, 0.0
0.11258872777, 0.832037032354, 86.4571928752, 0.68195660436, 70.9345538822, 36.3146801595, 0.997624405414, 4.24233292894, 7.32033362325, 941.346106022, 0.297480110355, 0.0
0.11258872777, 0.832037032354, 86.4571928752, 0.68195660436, 70.9345538822, 36.3146801595, 0.997624405414, 4.24233292894, 7.32033362325, 941.346106022, 0.297480110355, 0.0
0.11258872777, 0.832037032354, 86.4571928752, 0.68195660436, 70.9345538822, 36.3146801595, 0.997624405414, 4.24233292894, 7.32033362325, 941.346106022, 0.297480110355, 0.0
0.11258872777, 0.832037032354, 86.4571928752, 0.68195660436, 70.9345538822, 36.3146801595, 0.997624405414, 4.24233292894, 7.32033362325, 941.346106022, 0.297480110355, 0.0
0.11258872777, 0.832037032354, 86.4571928752, 0.68195660436, 70.9345538822, 36.3146801595, 0.997624405414, 4.24233292894, 7.32033362325, 941.346106022, 0.297480110355, 0.0
0.11258872777, 0.832037032354, 86.4571928752, 0.68195660436, 70.9345538822, 36.3146801595, 0.997624405414, 4.24233292894, 7.32033362325, 941.346106022, 0.297480110355, 0.0
0.11258872777, 0.832037032354, 86.4571928752, 0.68195660436, 85.9749856084, 36.3146801595, 0.997624405414, 4.71426009115, 7.32033362325, 1262.31721764, 0.121266488368, 0.0
0.11258872777, 0.832037032354, 86.4571928752, 0.68195660436, 85.9749856084, 36.3146801595, 0.997624405414, 4.71426009115, 7.32033362325, 1262.31721764, 0.121266488368, 0.0
0.11258872777, 0.832037032354, 86.4571928752, 0.68195660436, 85.9749856084, 36.3146801595, 0.997624405414, 4.71426009115, 7.32033362325, 1262.31721764, 0.121266488368, 0.0
0.11258872777, 0.832037032354, 86.4571928752, 0.681551305178, 72.7358058355, 36.3146801595, 0.997624405414, 4.24233292894, 7.32033362325, 1325.75024366, 0.15227457036, 0.363636363636
