0.171809523404, 0.837217892339, 2.15360838818, 0.624623033298, 69.0288710133, 25.8614621752, 0.0185772683819, 4.87488496375, 1.09848263312, 4.81345520677, 0.0, 0.0
0.171809523404, 0.837217892339, 2.15360838818, 0.624623033298, 32.4132827077, 25.8614621752, 0.0185772683819, 4.87488496375, 1.09848263312, 100.761662328, -2.22044604925e-16, 0.0
0.171809523404, 0.821942738261, 2.15360838818, 0.681687830797, 69.0288710133, 46.00553304, 0.0185772683819, 4.90050739946, 1.09848263312, 0.0, 1.0, 0.0
0.39943018444, 1.09722661541, 2.1492016091, 0.681687830797, 69.0288710133, 46.00553304, 0.0185772683819, 2.06472332411, 1.09848263312, 27.3598621652, 0.201548408914, 0.0
0.171809523404, 1.00872954182, 2.11738154542, 0.457399176015, 10.2100141863, 6.468585, 0.0149619896113, 4.90050739946, 6.19470660687, 34.3023215676, 0.0291923599026, 0.0
0.39943018444, 0.821942738261, 2.15360838818, 0.681687830797, 69.0288710133, 46.00553304, 0.0185772683819, 2.06472332411, 1.09848263312, 28.5442746784, 0.0, 0.5
0.171809523404, 0.837217892339, 2.15360838818, 0.624623033298, 69.0288710133, 25.8614621752, 0.0185772683819, 4.87488496375, 1.09848263312, 55.8360803986, 0.0, 0.0
0.171809523404, 0.824805633285, 2.15360838818, 0.681687830797, 65.6005022889, 45.1380249761, 0.0185772683819, 4.90050739946, 1.01946821849, 46.6818869223, 0.180919119094, 0.333333333333
0.500363556127, 0.88178004433, 2.15360838818, 0.441372269278, 91.9132493269, 40.8239121607, 0.761703669177, 4.76530801426, 6.13101761096, 35.430259658, 0.317226132247, 0.0
0.39943018444, 0.821942738261, 2.33534384546, 0.681687830797, 69.0288710133, 46.00553304, 0.0185772683819, 2.06472332411, 1.09848263312, 46.7815819391, 0.126273398474, 0.0
0.100256487139, 0.826153424483, 2.1492016091, 0.586246063474, 32.9565328743, 2.03731146244, 0.00442037936356, 0.0131479649853, 1.5034492095, 32.2334169559, 0.0113609715537, 0.5
0.147185904175, 1.09722661541, 2.1492016091, 0.499706187001, 30.5747252997, 1.2270498047, 0.772944849647, 2.99647864604, 17.5217458501, 69.825957115, 0.00459583769737, 0.333333333333
0.171809523404, 0.837217892339, 2.15360838818, 0.624623033298, 7.67703844024, 1.21663583691, 0.0518139054709, 4.87488496375, 7.75163642958, 71.0466432622, 0.0092987652996, 0.0
0.147185904175, 1.09722661541, 2.1492016091, 0.582169546415, 6.94318501611, 1.2270498047, 0.0185772683819, 0.882494464704, 7.3632276451, 65.4156814739, 0.018996787152, 0.0
0.100256487139, 0.837217892339, 2.1492016091, 0.441372269278, 30.5747252997, 1.01205530843, 0.772944849647, 0.0131479649853, 1.5034492095, 64.4296944356, 0.005356912434, 0.352941176471
0.171809523404, 0.837217892339, 2.09766538168, 0.624623033298, 69.0288710133, 25.8614621752, 0.0185772683819, 4.87488496375, 1.09848263312, 79.1036235495, 0.0, 0.0
0.147185904175, 1.14570027463, 2.1492016091, 0.499706187001, 30.5747252997, 1.2270498047, 0.0105798610023, 4.70688477771, 17.5217458501, 62.8023189648, 0.0336939608581, 0.454545454545
0.147185904175, 1.09722661541, 2.1492016091, 0.582169546415, 7.67703844024, 1.2270498047, 0.0518139054709, 0.882494464704, 17.5217458501, 78.2050719688, 0.00638394749637, 0.0
0.830105412779, 0.824805633285, 2.1492016091, 0.441372269278, 32.9565328743, 14.4739368747, 0.987973370463, 4.90050739946, 1.09848263312, 65.3677920705, 0.0, 0.625
0.147185904175, 0.871709645623, 2.04159335411, 0.582169546415, 30.5747252997, 1.06225266673, 0.07793371649, 1.07328294162, 3.8216700084, 71.8163044816, 0.0058197641244, 0.307692307692
0.147185904175, 0.957005860169, 2.04159335411, 0.513357536182, 30.5747252997, 1.2270498047, 0.772944849647, 2.99647864604, 6.08789648721, 63.3534263889, 0.00847076055402, 0.125
0.830105412779, 0.824805633285, 2.1492016091, 0.681687830797, 32.9565328743, 14.4739368747, 0.987973370463, 4.90050739946, 1.09848263312, 39.9822417519, 0.652352929712, 0.0
0.830105412779, 0.824805633285, 2.15360838818, 0.441372269278, 65.6005022889, 45.1380249761, 0.0185772683819, 4.98025467275, 1.01946821849, 41.9184290731, 0.427861020012, 0.375
0.39943018444, 0.871709645623, 2.15360838818, 0.574887429107, 9.84732580543, 6.468585, 0.0149619896113, 4.87488496375, 35.5882987468, 60.9396798164, 0.175141478488, 0.0
0.171809523404, 0.837217892339, 2.15360838818, 0.624623033298, 69.0288710133, 25.8614621752, 0.0185772683819, 4.87488496375, 1.09848263312, 47.653206547, 0.239403995495, 0.0
0.171809523404, 0.837217892339, 2.15360838818, 0.681687830797, 69.0288710133, 25.8614621752, 0.0185772683819, 4.90050739946, 1.09848263312, 43.321096861, 0.0442381632182, 0.666666666667
0.135027668412, 0.918992035075, 2.1492016091, 0.544917665308, 94.5784014911, 1.25889758589, 0.00199901142976, 0.103472984393, 17.0571876721, 56.8361812024, 0.0407728111386, 0.5
0.187442352741, 0.840361866444, 2.1492016091, 0.499706187001, 32.9565328743, 27.6024340065, 0.0149619896113, 2.99647864604, 17.5217458501, 68.8411085029, 0.062806886812, 0.0
0.147185904175, 1.09722661541, 2.1492016091, 0.499706187001, 30.5747252997, 1.2270498047, 0.772944849647, 0.0131479649853, 17.5217458501, 74.5741221988, 0.0209243316198, 0.0
0.100256487139, 0.832565463675, 2.1492016091, 0.441372269278, 30.5747252997, 1.01205530843, 0.772944849647, 0.0131479649853, 1.5034492095, 81.8885274109, 0.00434059923087, 0.181818181818
0.171809523404, 0.825290866258, 2.15360838818, 0.624623033298, 66.2023211464, 1.01205530843, 0.00704517639136, 0.882494464704, 1.09848263312, 80.9471657219, 0.00505601608259, 0.461538461538
0.108090713523, 1.12201020256, 2.02690354098, 0.582169546415, 7.67703844024, 1.00125692346, 0.0476705636523, 2.99647864604, 3.8216700084, 86.0043513764, 0.00290075807904, 0.0
0.171809523404, 0.837217892339, 2.15360838818, 0.624623033298, 66.2023211464, 25.8614621752, 0.0185772683819, 0.882494464704, 1.09848263312, 110.709469756, 0.0, 0.0
0.100256487139, 0.826153424483, 2.1492016091, 0.586246063474, 30.5747252997, 1.01205530843, 0.00704517639136, 0.0131479649853, 1.5034492095, 89.3599677986, 0.00259543096785, 0.0769230769231
0.100256487139, 0.900107042641, 2.1492016091, 0.583509731629, 30.5747252997, 1.01205530843, 0.00704517639136, 0.0131479649853, 1.27256391984, 84.9792935414, 0.00347011008881, 0.259259259259
0.100256487139, 0.900107042641, 2.03759308133, 0.583509731629, 34.6390792343, 1.00848766591, 0.00127555284581, 0.0131479649853, 1.5034492095, 96.8438816381, 0.000406467921036, 0.0
0.171809523404, 1.15256728722, 2.1492016091, 0.582169546415, 7.67703844024, 1.21663583691, 0.0518139054709, 1.93439113961, 3.8216700084, 85.1289557229, 0.00737864961833, 0.0
0.147185904175, 0.97170990002, 2.11133841642, 0.582169546415, 30.5747252997, 1.2270498047, 0.772944849647, 0.882494464704, 1.5034492095, 82.6785664223, 0.00756455481032, 0.0
0.171809523404, 0.835481954379, 2.1492016091, 0.624623033298, 7.67703844024, 1.21663583691, 0.0518139054709, 2.99647864604, 7.75163642958, 78.20995769, 0.00794506798779, 0.0
0.171546174435, 0.837217892339, 2.1492016091, 0.624623033298, 69.0288710133, 1.02126835672, 0.0185772683819, 4.96284573822, 1.09848263312, 91.0586860298, 0.00228065535007, 0.636363636364
0.147185904175, 0.837217892339, 2.03759308133, 0.586246063474, 30.5747252997, 1.00982089395, 0.772944849647, 0.882494464704, 1.5034492095, 81.2597822176, 0.00141044786133, 0.72
0.100256487139, 0.826153424483, 2.02511503763, 0.586246063474, 30.5747252997, 1.00982089395, 0.00704517639136, 0.0131479649853, 1.5034492095, 74.2478886255, 0.00812214443717, 0.541666666667
0.108090713523, 1.12201020256, 2.04159335411, 0.582169546415, 7.67703844024, 1.00125692346, 0.0476705636523, 2.99647864604, 3.8216700084, 73.8189541426, 0.0107736735924, 0.3
0.147185904175, 1.09722661541, 2.1492016091, 0.499706187001, 30.5747252997, 1.2270498047, 0.772944849647, 2.99647864604, 17.5217458501, 65.4812308945, 0.0173656597214, 0.470588235294
0.538010960002, 1.09722661541, 2.04159335411, 0.513357536182, 50.8990924881, 1.2099484504, 0.772944849647, 1.07328294162, 6.08789648721, 63.8624966833, 0.0707874225373, 0.277777777778
0.101341714346, 0.871709645623, 2.15360838818, 0.441372269278, 42.4855138334, 1.2270498047, 0.64975423036, 4.47260982017, 1.5034492095, 65.7140490972, 0.010970649562, 0.52
0.147185904175, 1.1725528098, 2.1492016091, 0.582169546415, 7.67703844024, 1.21663583691, 0.772944849647, 1.93439113961, 3.8216700084, 71.7620514705, 0.0100161712138, 0.363636363636
0.171809523404, 0.837217892339, 2.15360838818, 0.624623033298, 33.416763737, 18.6013806455, 0.0185772683819, 4.87488496375, 1.09848263312, 64.3077615625, 0.0663597108318, 0.166666666667
0.13879204636, 0.984502687503, 2.15360838818, 0.424629347355, 58.266225877, 28.0070353537, 0.772944849647, 4.87488496375, 6.48303444839, 68.3932804373, 0.169244055161, 0.125
0.106434094524, 0.991292222479, 2.04159335411, 0.601679358157, 30.5747252997, 1.2270498047, 0.772944849647, 2.99647864604, 7.64405570909, 72.7631032017, 0.0108641832684, 0.166666666667
0.171809523404, 0.837217892339, 2.15360838818, 0.624623033298, 69.0288710133, 25.8614621752, 0.0185772683819, 4.87488496375, 1.09848263312, 59.686844564, 0.280055988546, 0.0
0.39943018444, 0.915146924212, 2.12367556091, 0.681687830797, 10.2100141863, 31.3042123505, 0.0185772683819, 1.41197270033, 6.19470660687, 47.8818370792, 0.396666781216, 0.166666666667
0.830105412779, 0.824805633285, 2.1492016091, 0.441372269278, 32.9565328743, 14.4739368747, 0.987973370463, 1.1834317759, 1.09848263312, 59.2593940251, 0.379576079933, 0.272727272727
0.39943018444, 0.915146924212, 2.12367556091, 0.574887429107, 10.2100141863, 6.468585, 0.0149619896113, 1.41197270033, 6.19470660687, 60.1194941006, 0.221181091861, 0.6
0.171809523404, 0.837217892339, 2.15360838818, 0.624623033298, 33.416763737, 25.8614621752, 0.0185772683819, 4.87488496375, 1.09848263312, 72.2018281016, 0.0923759077997, 0.0
0.171809523404, 0.821942738261, 2.15360838818, 0.681687830797, 65.6005022889, 45.1380249761, 0.0185772683819, 4.90050739946, 1.01946821849, 70.3445119103, 0.0646013574082, 0.2
0.171809523404, 0.837217892339, 2.15360838818, 0.624623033298, 69.0288710133, 4.8813986409, 0.0185772683819, 4.87488496375, 1.09848263312, 75.0899012256, 0.0268269870104, 0.0
0.106434094524, 0.991292222479, 2.04159335411, 0.513357536182, 30.5747252997, 1.2270498047, 0.772944849647, 2.99647864604, 7.64405570909, 89.3504367583, 0.00501207621735, 0.0909090909091
0.147185904175, 0.871709645623, 2.04159335411, 0.582169546415, 30.5747252997, 1.06225266673, 0.150197790242, 1.07328294162, 3.8216700084, 86.6338251352, 0.00663832465939, 0.0
0.100256487139, 0.900107042641, 2.1492016091, 0.583509731629, 30.5747252997, 1.01205530843, 0.00704517639136, 0.0131479649853, 1.5034492095, 93.2109967942, 0.00518480807732, 0.0
0.39943018444, 0.821942738261, 2.33534384546, 0.681687830797, 69.0288710133, 46.00553304, 0.0185772683819, 2.06472332411, 1.09848263312, 126.106873053, 0.0, 0.0
0.108090713523, 1.12201020256, 2.04159335411, 0.582169546415, 7.67703844024, 1.00125692346, 0.0476705636523, 2.99647864604, 3.8216700084, 91.9411748668, 0.00470670347699, 0.25
0.147185904175, 0.871709645623, 2.1492016091, 0.513357536182, 30.5747252997, 1.2270498047, 0.720263151132, 0.637239367304, 6.08789648721, 87.6956341472, 0.00437263965143, 0.416666666667
0.101341714346, 0.826153424483, 2.1492016091, 0.441372269278, 2.05900854373, 1.2270498047, 0.770374783322, 0.882494464704, 17.5217458501, 93.4439443977, 0.00400951891148, 0.571428571429
0.106434094524, 1.09722661541, 2.10120205736, 0.582169546415, 30.5747252997, 1.2270498047, 0.485132748012, 0.0131479649853, 6.08789648721, 98.4324573842, 0.00423934601804, 0.333333333333
0.108090713523, 0.826153424483, 2.04159335411, 0.582169546415, 7.67703844024, 1.00125692346, 0.0476705636523, 2.99647864604, 3.8216700084, 100.823143484, 0.00124455221671, 0.0
0.100256487139, 0.826153424483, 2.03759308133, 0.586246063474, 30.5747252997, 1.00982089395, 0.00704517639136, 0.0131479649853, 1.5034492095, 99.5923103387, 0.0041104609709, 0.0
0.100102860148, 0.853299089606, 2.1492016091, 0.586246063474, 93.5275655501, 1.01205530843, 0.460243651939, 2.00839830969, 1.5034492095, 100.684666556, 0.00378776713058, 0.285714285714
0.147185904175, 0.957005860169, 2.04159335411, 0.513357536182, 30.5747252997, 1.2270498047, 0.772944849647, 2.99647864604, 6.08789648721, 86.6075548721, 0.00782389723572, 0.0
0.101341714346, 1.09722661541, 2.1492016091, 0.441372269278, 30.5747252997, 1.2270498047, 0.772944849647, 0.0131479649853, 17.5217458501, 80.9981102534, 0.00898383033662, 0.384615384615
0.100256487139, 0.826153424483, 2.00896196119, 0.586246063474, 30.5747252997, 1.01205530843, 0.00704517639136, 0.0131479649853, 4.38791548319, 84.4846402193, 0.00835298129304, 0.416666666667
0.171809523404, 0.837217892339, 2.1492016091, 0.624623033298, 7.67703844024, 1.21663583691, 0.0518139054709, 2.99647864604, 7.75163642958, 84.9028120612, 0.00881531600581, 0.0
0.147185904175, 1.03211115797, 2.1492016091, 0.513357536182, 30.5747252997, 1.21663583691, 0.314200292952, 3.43594264953, 6.08789648721, 82.4071662516, 0.00845909711298, 0.3125
0.147185904175, 1.15256728722, 2.1492016091, 0.582169546415, 7.67703844024, 1.21663583691, 0.0518139054709, 1.93439113961, 3.8216700084, 79.9279054181, 0.00942003852719, 0.0
0.108090713523, 1.15256728722, 2.04159335411, 0.582169546415, 7.67703844024, 1.21663583691, 0.0476705636523, 1.93439113961, 3.8216700084, 84.452607464, 0.00824525065181, 0.6
0.147185904175, 0.871709645623, 2.04159335411, 0.491645253438, 30.5747252997, 1.06225266673, 0.16177810582, 1.07328294162, 6.08789648721, 66.552044889, 0.0185812731914, 0.684210526316
0.147185904175, 1.03211115797, 2.1492016091, 0.513357536182, 30.5747252997, 1.2270498047, 0.772944849647, 0.962571367956, 6.08789648721, 72.5048170331, 0.0170620264573, 0.588235294118
0.100256487139, 1.09722661541, 2.1492016091, 0.441372269278, 30.5747252997, 1.01205530843, 0.772944849647, 0.0131479649853, 1.5034492095, 78.0483163288, 0.010699175319, 0.619047619048
0.179026296684, 0.837217892339, 2.15360838818, 0.624623033298, 69.0288710133, 25.8614621752, 0.0185772683819, 4.87488496375, 1.09848263312, 64.3933340995, 0.132751218757, 0.181818181818
0.147185904175, 1.09722661541, 2.11133841642, 0.582169546415, 30.5747252997, 29.1961537685, 0.772944849647, 0.882494464704, 6.08789648721, 72.0252379773, 0.167139244132, 0.166666666667
0.100256487139, 0.826153424483, 2.1492016091, 0.441372269278, 44.8224979317, 1.01205530843, 0.772944849647, 0.0131479649853, 1.42138706386, 75.6712646508, 0.0154608541136, 0.666666666667
0.108090713523, 0.826153424483, 2.04159335411, 0.582169546415, 7.67703844024, 1.00125692346, 0.0476705636523, 2.99647864604, 3.8216700084, 79.7790605759, 0.0181242429068, 0.538461538462
0.171809523404, 0.837217892339, 2.15360838818, 0.624623033298, 7.67703844024, 1.21663583691, 0.0518139054709, 4.87488496375, 1.09848263312, 76.6302068918, 0.0112674377726, 0.8
0.147185904175, 1.09722661541, 2.11133841642, 0.582169546415, 30.5747252997, 1.2270498047, 0.485132748012, 0.0131479649853, 6.08789648721, 74.3257984041, 0.0233221848047, 0.266666666667
0.147185904175, 1.09722661541, 2.03759308133, 0.582169546415, 30.5747252997, 1.00982089395, 0.485132748012, 0.0131479649853, 6.08789648721, 79.8265292576, 0.0162479260665, 0.4375
0.830105412779, 0.824805633285, 2.93432084494, 0.441372269278, 32.9565328743, 14.4739368747, 0.987973370463, 1.0082639364, 1.09848263312, 61.1253971979, 0.349446182397, 0.142857142857
0.39943018444, 0.871709645623, 2.15360838818, 0.574887429107, 42.4855138334, 16.9309668848, 0.772944849647, 4.47260982017, 1.5034492095, 141.690745661, 0.0, 0.0
0.171809523404, 0.837217892339, 2.1492016091, 0.624623033298, 69.0288710133, 1.02126835672, 0.0185772683819, 4.87488496375, 1.09848263312, 107.636652616, 0.00249291924198, 0.828571428571
0.171809523404, 0.837217892339, 2.15360838818, 0.624623033298, 69.0288710133, 25.8614621752, 0.0185772683819, 4.87488496375, 1.09848263312, 69.3137549775, 0.144794786424, 0.5
0.100102860148, 0.853299089606, 2.02443634457, 0.586246063474, 93.5275655501, 1.21663583691, 0.460243651939, 2.00839830969, 1.5034492095, 75.859185774, 0.0233049925127, 0.75
0.82787675527, 0.871709645623, 2.1492016091, 0.513357536182, 30.5747252997, 1.2270498047, 0.720263151132, 1.93439113961, 6.08789648721, 74.3846896784, 0.0747425077836, 0.428571428571
0.500363556127, 0.88178004433, 2.15360838818, 0.441372269278, 91.9132493269, 40.8239121607, 0.761703669177, 4.76530801426, 6.13101761096, 66.7832275299, 0.263446780096, 0.25
0.364824721067, 1.17989729687, 2.83563302186, 0.689383378469, 9.84732580543, 40.2458521615, 0.854843326431, 0.708398013278, 40.1369434114, 85.6400926472, 0.256540403493, 0.0
0.135027668412, 0.918992035075, 2.1492016091, 0.544917665308, 77.0819676016, 1.25889758589, 0.0185772683819, 0.103472984393, 17.0571876721, 133.911587906, 0.00220704740911, 0.0
0.39943018444, 0.871709645623, 2.15360838818, 0.574887429107, 33.416763737, 6.468585, 0.0149619896113, 4.87488496375, 27.6640594575, 76.6634029113, 0.143884543166, 0.2
0.108090713523, 0.826153424483, 2.1492016091, 0.463851383562, 7.67703844024, 1.00125692346, 0.0476705636523, 2.99647864604, 3.8216700084, 114.04183709, 0.00280701345221, 0.0
0.171809523404, 0.824805633285, 2.15360838818, 0.681687830797, 65.6005022889, 45.1380249761, 0.0185772683819, 4.90050739946, 1.01946821849, 72.4045593081, 0.0846056790996, 0.25
0.147185904175, 1.1725528098, 2.1492016091, 0.582169546415, 6.63758016537, 1.21663583691, 0.772944849647, 1.93439113961, 3.8216700084, 90.0686972538, 0.00581023657763, 0.3
0.171809523404, 0.837217892339, 2.15360838818, 0.624623033298, 4.20544548906, 1.2270498047, 0.0518139054709, 4.87488496375, 1.09848263312, 102.045250384, 0.00535895576508, 0.5
0.147185904175, 1.05770909738, 2.1492016091, 0.457399176015, 6.94318501611, 1.2270498047, 0.0185772683819, 0.849739156963, 7.3632276451, 75.3676058924, 0.034866777092, 0.5
