0.715284035925, 0.826746060277, 80.8325075789, 0.583053227867, 30.3067715188, 14.028251496, 0.382627613423, 4.82227648409, 6.72089134851, 1012.08031952, 0.371392624115, 0.4
0.715284035925, 0.826746060277, 80.8325075789, 0.583053227867, 30.3067715188, 14.028251496, 0.382627613423, 4.82227648409, 6.72089134851, 1012.08031952, 0.371392624115, 0.4
0.715284035925, 0.826746060277, 80.8325075789, 0.583053227867, 30.3067715188, 14.028251496, 0.382627613423, 4.82227648409, 6.72089134851, 1012.08031952, 0.371392624115, 0.4
0.715284035925, 0.826746060277, 80.8325075789, 0.583053227867, 30.3067715188, 14.028251496, 0.382627613423, 4.82227648409, 6.72089134851, 1012.08031952, 0.371392624115, 0.4
0.715284035925, 0.826746060277, 80.8325075789, 0.583053227867, 30.3067715188, 14.028251496, 0.382627613423, 4.82227648409, 6.72089134851, 1012.08031952, 0.371392624115, 0.4
0.715284035925, 0.826746060277, 80.8325075789, 0.583053227867, 30.3067715188, 14.028251496, 0.382627613423, 4.82227648409, 6.72089134851, 1012.08031952, 0.371392624115, 0.4
0.715284035925, 0.826746060277, 80.8325075789, 0.583053227867, 30.3067715188, 14.028251496, 0.382627613423, 4.82227648409, 6.72089134851, 1012.08031952, 0.371392624115, 0.4
0.715284035925, 0.826746060277, 80.8325075789, 0.583053227867, 30.3067715188, 14.028251496, 0.382627613423, 4.82227648409, 6.72089134851, 1012.08031952, 0.371392624115, 0.4
0.715284035925, 0.826746060277, 80.8325075789, 0.583053227867, 30.3067715188, 14.028251496, 0.382627613423, 4.82227648409, 6.72089134851, 1012.08031952, 0.371392624115, 0.4
0.715284035925, 0.826746060277, 80.8325075789, 0.583053227867, 30.3067715188, 14.028251496, 0.382627613423, 4.82227648409, 6.72089134851, 1012.08031952, 0.371392624115, 0.4
0.744153171313, 0.826746060277, 82.0692075839, 0.583053227867, 30.6780561927, 8.2851571255, 0.533022234696, 4.82227648409, 5.99911839388, 933.536486972, 0.283735081393, 0.444444444444
0.744153171313, 0.826746060277, 82.0692075839, 0.583053227867, 30.6780561927, 8.2851571255, 0.533022234696, 4.82227648409, 5.99911839388, 933.536486972, 0.283735081393, 0.444444444444
0.744153171313, 0.826746060277, 82.0692075839, 0.583053227867, 30.6780561927, 8.2851571255, 0.533022234696, 4.82227648409, 5.99911839388, 933.536486972, 0.283735081393, 0.444444444444
0.744153171313, 0.826746060277, 82.0692075839, 0.583053227867, 30.6780561927, 8.2851571255, 0.533022234696, 4.82227648409, 5.99911839388, 933.536486972, 0.283735081393, 0.444444444444
0.744153171313, 0.826746060277, 82.0692075839, 0.583053227867, 30.6780561927, 8.2851571255, 0.533022234696, 4.82227648409, 5.99911839388, 933.536486972, 0.283735081393, 0.444444444444
0.744153171313, 0.826746060277, 82.0692075839, 0.583053227867, 30.6780561927, 8.2851571255, 0.533022234696, 4.82227648409, 5.99911839388, 933.536486972, 0.283735081393, 0.444444444444
0.778999165431, 0.826746060277, 80.8325075789, 0.583053227867, 30.3067715188, 14.028251496, 0.382627613423, 4.94673815276, 6.72089134851, 1263.40227805, 0.436109780057, 0.652173913043
0.715284035925, 0.826746060277, 80.8325075789, 0.583053227867, 30.3067715188, 14.028251496, 0.382627613423, 4.82227648409, 6.72089134851, 1173.74147122, 0.408793200101, 0.375
0.715284035925, 0.826746060277, 82.4022201296, 0.583053227867, 27.1805247764, 20.1377124044, 0.382627613423, 4.95220506393, 6.72089134851, 766.050473439, 0.142775894991, 0.142857142857
0.715284035925, 0.826746060277, 82.4022201296, 0.583053227867, 27.1805247764, 20.1377124044, 0.382627613423, 4.95220506393, 6.72089134851, 766.050473439, 0.142775894991, 0.142857142857
0.715284035925, 0.826746060277, 82.4022201296, 0.583053227867, 27.1805247764, 20.1377124044, 0.382627613423, 4.95220506393, 6.72089134851, 766.050473439, 0.142775894991, 0.142857142857
0.715284035925, 0.826746060277, 82.4022201296, 0.583053227867, 27.1805247764, 20.1377124044, 0.382627613423, 4.95220506393, 6.72089134851, 766.050473439, 0.142775894991, 0.142857142857
0.715284035925, 0.826746060277, 82.4022201296, 0.583053227867, 27.1805247764, 20.1377124044, 0.382627613423, 4.95220506393, 6.72089134851, 766.050473439, 0.142775894991, 0.142857142857
0.715284035925, 0.826746060277, 82.4022201296, 0.583053227867, 27.1805247764, 20.1377124044, 0.382627613423, 4.95220506393, 6.72089134851, 766.050473439, 0.142775894991, 0.142857142857
0.715284035925, 0.826746060277, 82.4022201296, 0.583053227867, 27.1805247764, 20.1377124044, 0.382627613423, 4.95220506393, 6.72089134851, 766.050473439, 0.142775894991, 0.142857142857
0.715284035925, 0.826746060277, 82.4022201296, 0.583053227867, 27.1805247764, 20.1377124044, 0.382627613423, 4.95220506393, 6.72089134851, 766.050473439, 0.142775894991, 0.142857142857
0.715284035925, 0.826746060277, 82.4022201296, 0.583053227867, 27.1805247764, 20.1377124044, 0.382627613423, 4.95220506393, 6.72089134851, 766.050473439, 0.142775894991, 0.142857142857
0.715284035925, 0.826746060277, 82.4022201296, 0.583053227867, 27.1805247764, 20.1377124044, 0.382627613423, 4.95220506393, 6.72089134851, 766.050473439, 0.142775894991, 0.142857142857
0.715284035925, 0.826746060277, 82.4022201296, 0.583053227867, 27.1805247764, 20.1377124044, 0.382627613423, 4.95220506393, 6.72089134851, 766.050473439, 0.142775894991, 0.142857142857
0.715284035925, 0.826746060277, 82.4022201296, 0.583053227867, 27.1805247764, 20.1377124044, 0.382627613423, 4.95220506393, 6.72089134851, 766.050473439, 0.142775894991, 0.142857142857
0.715284035925, 0.826746060277, 82.4022201296, 0.583053227867, 27.1805247764, 20.1377124044, 0.382627613423, 4.95220506393, 6.72089134851, 766.050473439, 0.142775894991, 0.142857142857
0.715284035925, 0.826746060277, 82.4022201296, 0.583053227867, 27.1805247764, 20.1377124044, 0.382627613423, 4.95220506393, 6.72089134851, 766.050473439, 0.142775894991, 0.142857142857
0.715284035925, 0.826746060277, 82.4022201296, 0.583053227867, 27.1805247764, 20.1377124044, 0.382627613423, 4.95220506393, 6.72089134851, 766.050473439, 0.142775894991, 0.142857142857
0.715284035925, 0.826746060277, 82.4022201296, 0.583053227867, 27.1805247764, 20.1377124044, 0.382627613423, 4.95220506393, 6.72089134851, 766.050473439, 0.142775894991, 0.142857142857
0.715284035925, 0.826746060277, 82.4022201296, 0.583053227867, 27.1805247764, 20.1377124044, 0.382627613423, 4.95220506393, 6.72089134851, 766.050473439, 0.142775894991, 0.142857142857
0.715284035925, 0.826746060277, 82.4022201296, 0.583053227867, 27.1805247764, 20.1377124044, 0.382627613423, 4.95220506393, 6.72089134851, 766.050473439, 0.142775894991, 0.142857142857
0.715284035925, 0.826746060277, 82.4022201296, 0.583053227867, 27.1805247764, 20.1377124044, 0.382627613423, 4.95220506393, 6.72089134851, 766.050473439, 0.142775894991, 0.142857142857
0.715284035925, 0.826746060277, 82.4022201296, 0.583053227867, 27.1805247764, 20.1377124044, 0.382627613423, 4.95220506393, 6.72089134851, 766.050473439, 0.142775894991, 0.142857142857
0.68697089537, 0.826746060277, 82.1290817794, 0.583053227867, 30.3067715188, 14.6247223702, 0.382627613423, 4.82227648409, 5.98882540208, 1556.65622819, 0.292382136934, 0.166666666667
0.715284035925, 0.826746060277, 80.8325075789, 0.583053227867, 30.3067715188, 14.028251496, 0.382627613423, 4.82227648409, 6.72089134851, 1372.08204391, 0.36210523131, 0.454545454545
0.778999165431, 0.826746060277, 80.8325075789, 0.583053227867, 30.3067715188, 14.028251496, 0.382627613423, 4.94673815276, 6.72089134851, 1049.43898903, 0.567273746217, 0.2
0.778999165431, 0.826746060277, 80.8325075789, 0.583053227867, 30.3067715188, 14.028251496, 0.382627613423, 4.94673815276, 6.72089134851, 1049.43898903, 0.567273746217, 0.2
0.778999165431, 0.826746060277, 80.8325075789, 0.583053227867, 30.3067715188, 14.028251496, 0.382627613423, 4.94673815276, 6.72089134851, 1049.43898903, 0.567273746217, 0.2
0.778999165431, 0.826746060277, 80.8325075789, 0.583053227867, 30.3067715188, 14.028251496, 0.382627613423, 4.94673815276, 6.72089134851, 1049.43898903, 0.567273746217, 0.2
0.778999165431, 0.826746060277, 80.8325075789, 0.583053227867, 30.3067715188, 14.028251496, 0.382627613423, 4.94673815276, 6.72089134851, 1049.43898903, 0.567273746217, 0.2
0.749268821989, 0.826746060277, 82.0692075839, 0.583053227867, 30.6780561927, 8.2851571255, 0.659014542711, 4.82227648409, 5.99911839388, 1199.09135231, 0.347694346534, 0.416666666667
0.715284035925, 0.826746060277, 80.8325075789, 0.583053227867, 23.9798120316, 8.67397061639, 0.382627613423, 4.69192253928, 6.72089134851, 1127.55257074, 0.456043324894, 0.4
0.715284035925, 0.826746060277, 80.8325075789, 0.583053227867, 23.9798120316, 8.67397061639, 0.382627613423, 4.69192253928, 6.72089134851, 1127.55257074, 0.456043324894, 0.4
0.715284035925, 0.826746060277, 80.8325075789, 0.583053227867, 23.9798120316, 8.67397061639, 0.382627613423, 4.69192253928, 6.72089134851, 1127.55257074, 0.456043324894, 0.4
0.715284035925, 0.826746060277, 80.8325075789, 0.583053227867, 23.9798120316, 8.67397061639, 0.382627613423, 4.69192253928, 6.72089134851, 1127.55257074, 0.456043324894, 0.4
0.715284035925, 0.826746060277, 80.8325075789, 0.583053227867, 23.9798120316, 8.67397061639, 0.382627613423, 4.69192253928, 6.72089134851, 1127.55257074, 0.456043324894, 0.4
0.715284035925, 0.826746060277, 80.8325075789, 0.583053227867, 23.9798120316, 8.67397061639, 0.382627613423, 4.69192253928, 6.72089134851, 1127.55257074, 0.456043324894, 0.4
0.715284035925, 0.826746060277, 80.8325075789, 0.583053227867, 23.9798120316, 8.67397061639, 0.382627613423, 4.69192253928, 6.72089134851, 1127.55257074, 0.456043324894, 0.4
0.715284035925, 0.826746060277, 80.8325075789, 0.583053227867, 23.9798120316, 8.67397061639, 0.382627613423, 4.69192253928, 6.72089134851, 1127.55257074, 0.456043324894, 0.4
0.715284035925, 0.826746060277, 80.8325075789, 0.583053227867, 23.9798120316, 8.67397061639, 0.382627613423, 4.69192253928, 6.72089134851, 1127.55257074, 0.456043324894, 0.4
0.715284035925, 0.826746060277, 82.2114447523, 0.583053227867, 27.0514767414, 20.3504095547, 0.381749866329, 4.81943396377, 6.72089134851, 957.451926528, 0.524299480523, 0.538461538462
0.715284035925, 0.826746060277, 82.2114447523, 0.583053227867, 27.0514767414, 20.3504095547, 0.381749866329, 4.81943396377, 6.72089134851, 957.451926528, 0.524299480523, 0.538461538462
0.715284035925, 0.826746060277, 82.2114447523, 0.583053227867, 27.0514767414, 20.3504095547, 0.381749866329, 4.81943396377, 6.72089134851, 957.451926528, 0.524299480523, 0.538461538462
0.715284035925, 0.826746060277, 82.2114447523, 0.583053227867, 27.0514767414, 20.3504095547, 0.381749866329, 4.81943396377, 6.72089134851, 957.451926528, 0.524299480523, 0.538461538462
0.715284035925, 0.826746060277, 82.2114447523, 0.583053227867, 27.0514767414, 20.3504095547, 0.381749866329, 4.81943396377, 6.72089134851, 957.451926528, 0.524299480523, 0.538461538462
0.715284035925, 0.826746060277, 82.2114447523, 0.583053227867, 27.0514767414, 20.3504095547, 0.381749866329, 4.81943396377, 6.72089134851, 957.451926528, 0.524299480523, 0.538461538462
0.715284035925, 0.826746060277, 80.8325075789, 0.583053227867, 30.1958053715, 14.0350833599, 0.382627613423, 4.69192253928, 6.72089134851, 1120.76008537, 0.405637598674, 0.333333333333
0.715284035925, 0.826746060277, 80.8325075789, 0.583053227867, 30.1958053715, 14.0350833599, 0.382627613423, 4.69192253928, 6.72089134851, 1120.76008537, 0.405637598674, 0.333333333333
0.715284035925, 0.826746060277, 80.8325075789, 0.583053227867, 30.1958053715, 14.0350833599, 0.382627613423, 4.69192253928, 6.72089134851, 1120.76008537, 0.405637598674, 0.333333333333
0.715284035925, 0.826746060277, 80.8325075789, 0.583053227867, 30.1958053715, 14.0350833599, 0.382627613423, 4.69192253928, 6.72089134851, 1120.76008537, 0.405637598674, 0.333333333333
0.715284035925, 0.826746060277, 80.8325075789, 0.583053227867, 30.1958053715, 14.0350833599, 0.382627613423, 4.69192253928, 6.72089134851, 1120.76008537, 0.405637598674, 0.333333333333
0.715284035925, 0.826746060277, 80.8325075789, 0.583053227867, 30.1958053715, 14.0350833599, 0.382627613423, 4.69192253928, 6.72089134851, 1120.76008537, 0.405637598674, 0.333333333333
0.715284035925, 0.826746060277, 80.8325075789, 0.583053227867, 30.1958053715, 14.0350833599, 0.382627613423, 4.69192253928, 6.72089134851, 1120.76008537, 0.405637598674, 0.333333333333
0.715284035925, 0.826746060277, 80.8325075789, 0.583053227867, 30.1958053715, 14.0350833599, 0.382627613423, 4.69192253928, 6.72089134851, 1120.76008537, 0.405637598674, 0.333333333333
0.715284035925, 0.826746060277, 80.8325075789, 0.583053227867, 30.1958053715, 14.0350833599, 0.382627613423, 4.69192253928, 6.72089134851, 1120.76008537, 0.405637598674, 0.333333333333
0.715284035925, 0.826746060277, 80.8325075789, 0.583053227867, 30.1958053715, 14.0350833599, 0.382627613423, 4.69192253928, 6.72089134851, 1120.76008537, 0.405637598674, 0.333333333333
0.715284035925, 0.826746060277, 80.8325075789, 0.583053227867, 30.1958053715, 14.0350833599, 0.382627613423, 4.69192253928, 6.72089134851, 1120.76008537, 0.405637598674, 0.333333333333
0.715284035925, 0.826746060277, 80.8325075789, 0.583053227867, 30.1958053715, 14.0350833599, 0.382627613423, 4.69192253928, 6.72089134851, 1120.76008537, 0.405637598674, 0.333333333333
0.715284035925, 0.826746060277, 80.8325075789, 0.583053227867, 30.1958053715, 14.0350833599, 0.382627613423, 4.69192253928, 6.72089134851, 1120.76008537, 0.405637598674, 0.333333333333
0.715284035925, 0.826746060277, 80.8325075789, 0.583053227867, 30.1958053715, 14.0350833599, 0.382627613423, 4.69192253928, 6.72089134851, 1120.76008537, 0.405637598674, 0.333333333333
0.715284035925, 0.826746060277, 80.8325075789, 0.583053227867, 30.1958053715, 14.0350833599, 0.382627613423, 4.69192253928, 6.72089134851, 1120.76008537, 0.405637598674, 0.333333333333
0.715284035925, 0.826746060277, 80.8325075789, 0.583053227867, 30.1958053715, 14.0350833599, 0.382627613423, 4.69192253928, 6.72089134851, 1120.76008537, 0.405637598674, 0.333333333333
0.715284035925, 0.826746060277, 80.8325075789, 0.583053227867, 30.1958053715, 14.0350833599, 0.382627613423, 4.69192253928, 6.72089134851, 1120.76008537, 0.405637598674, 0.333333333333
0.715284035925, 0.826746060277, 80.8325075789, 0.583053227867, 30.1958053715, 14.0350833599, 0.382627613423, 4.69192253928, 6.72089134851, 1120.76008537, 0.405637598674, 0.333333333333
0.715284035925, 0.826746060277, 80.8325075789, 0.583053227867, 30.1958053715, 14.0350833599, 0.382627613423, 4.69192253928, 6.72089134851, 1120.76008537, 0.405637598674, 0.333333333333
0.715284035925, 0.825356374109, 80.8325075789, 0.583053227867, 30.1958053715, 14.0282964296, 0.382627613423, 4.69192253928, 6.72089134851, 883.050436329, 0.357739850432, 0.545454545455
0.715284035925, 0.825356374109, 80.8325075789, 0.583053227867, 30.1958053715, 14.0282964296, 0.382627613423, 4.69192253928, 6.72089134851, 883.050436329, 0.357739850432, 0.545454545455
0.715284035925, 0.825356374109, 80.8325075789, 0.583053227867, 30.1958053715, 14.0282964296, 0.382627613423, 4.69192253928, 6.72089134851, 883.050436329, 0.357739850432, 0.545454545455
0.715284035925, 0.825356374109, 80.8325075789, 0.583053227867, 30.1958053715, 14.0282964296, 0.382627613423, 4.69192253928, 6.72089134851, 883.050436329, 0.357739850432, 0.545454545455
0.715284035925, 0.825356374109, 80.8325075789, 0.583053227867, 30.1958053715, 14.0282964296, 0.382627613423, 4.69192253928, 6.72089134851, 883.050436329, 0.357739850432, 0.545454545455
0.715284035925, 0.825356374109, 80.8325075789, 0.583053227867, 30.1958053715, 14.0282964296, 0.382627613423, 4.69192253928, 6.72089134851, 883.050436329, 0.357739850432, 0.545454545455
0.715284035925, 0.825356374109, 80.8325075789, 0.583053227867, 30.1958053715, 14.0282964296, 0.382627613423, 4.69192253928, 6.72089134851, 883.050436329, 0.357739850432, 0.545454545455
0.715284035925, 0.825356374109, 80.8325075789, 0.583053227867, 30.1958053715, 14.0282964296, 0.382627613423, 4.69192253928, 6.72089134851, 883.050436329, 0.357739850432, 0.545454545455
0.715284035925, 0.825356374109, 80.8325075789, 0.583053227867, 30.1958053715, 14.0282964296, 0.382627613423, 4.69192253928, 6.72089134851, 883.050436329, 0.357739850432, 0.545454545455
0.715284035925, 0.825356374109, 80.8325075789, 0.583053227867, 30.1958053715, 14.0282964296, 0.382627613423, 4.69192253928, 6.72089134851, 883.050436329, 0.357739850432, 0.545454545455
0.715284035925, 0.825356374109, 80.8325075789, 0.583053227867, 30.1958053715, 14.0282964296, 0.382627613423, 4.69192253928, 6.72089134851, 883.050436329, 0.357739850432, 0.545454545455
0.715284035925, 0.825356374109, 80.8325075789, 0.583053227867, 30.1958053715, 14.0282964296, 0.382627613423, 4.69192253928, 6.72089134851, 883.050436329, 0.357739850432, 0.545454545455
0.715284035925, 0.825356374109, 80.8325075789, 0.583053227867, 30.1958053715, 14.0282964296, 0.382627613423, 4.69192253928, 6.72089134851, 883.050436329, 0.357739850432, 0.545454545455
0.715284035925, 0.825356374109, 80.8325075789, 0.583053227867, 30.1958053715, 14.0282964296, 0.382627613423, 4.69192253928, 6.72089134851, 883.050436329, 0.357739850432, 0.545454545455
0.715284035925, 0.825356374109, 80.8325075789, 0.583053227867, 30.1958053715, 14.0282964296, 0.382627613423, 4.69192253928, 6.72089134851, 883.050436329, 0.357739850432, 0.545454545455
0.715284035925, 0.825356374109, 80.8325075789, 0.583053227867, 30.1958053715, 14.0282964296, 0.382627613423, 4.69192253928, 6.72089134851, 883.050436329, 0.357739850432, 0.545454545455
0.715284035925, 0.826746060277, 80.8325075789, 0.583053227867, 30.0590180646, 8.49572269819, 0.382627613423, 4.69192253928, 6.72089134851, 1438.06618746, 0.369349778434, 0.416666666667
0.715284035925, 0.826746060277, 80.8325075789, 0.583053227867, 30.0590180646, 8.49572269819, 0.382627613423, 4.69192253928, 6.72089134851, 1438.06618746, 0.369349778434, 0.416666666667
0.715284035925, 0.826746060277, 80.8325075789, 0.583053227867, 30.0590180646, 8.49572269819, 0.382627613423, 4.69192253928, 6.72089134851, 1438.06618746, 0.369349778434, 0.416666666667
0.715284035925, 0.826746060277, 80.8325075789, 0.583053227867, 30.0590180646, 8.49572269819, 0.382627613423, 4.69192253928, 6.72089134851, 1438.06618746, 0.369349778434, 0.416666666667
