1.73335265923, 1.06975172537, 1.44997365576, 1.0000006823, 4.45329969679, 1.11017377219, 1.04073259289, 1.2600001727, 1.00000090852, 6.15831466979, 7.58837846226, 1.03292286836, 2.64465612114, 1.04458194738, 1.00607330077, 1.27035857061, 1.15084626453, 0.961810297496, 9.80763503956, 1.00000058686, 1.00000001238, 106.887515652, 0.9890217002, 2.37577872291, 0.964218705152, 4.01064798609, 0.870000466208, 132.808077362, 13.8240386581, 383.995978765, 0.0
1.73335265923, 1.06975172537, 1.44997365576, 1.0000006823, 4.45329969679, 1.11017377219, 1.04073259289, 1.2600001727, 1.00000090852, 6.15831466979, 7.58837846226, 1.03292286836, 2.64465612114, 1.04458194738, 1.00607330077, 1.27035857061, 1.15084626453, 0.961810297496, 9.80763503956, 1.00000058686, 1.00000001238, 106.887515652, 0.9890217002, 2.37577872291, 0.964218705152, 4.01064798609, 0.870000466208, 132.808077362, 13.8240386581, 383.995978765, 0.0
1.73335265923, 1.06975172537, 1.44997365576, 1.0000006823, 4.45329969679, 1.11017377219, 1.04073259289, 1.2600001727, 1.00000090852, 6.15831466979, 7.58837846226, 1.03292286836, 2.64465612114, 1.04458194738, 1.00607330077, 1.27035857061, 1.15084626453, 0.961810297496, 9.80763503956, 1.00000058686, 1.00000001238, 106.887515652, 0.9890217002, 2.37577872291, 0.964218705152, 4.01064798609, 0.870000466208, 132.808077362, 13.8240386581, 383.995978765, 0.0
1.73335265923, 1.06975172537, 1.44997365576, 1.0000006823, 4.45329969679, 1.11017377219, 1.04073259289, 1.2600001727, 1.00000090852, 6.15831466979, 7.58837846226, 1.03292286836, 2.64465612114, 1.04458194738, 1.00607330077, 1.27035857061, 1.15084626453, 0.961810297496, 9.80763503956, 1.00000058686, 1.00000001238, 106.887515652, 0.9890217002, 2.37577872291, 0.964218705152, 4.01064798609, 0.870000466208, 132.808077362, 13.8240386581, 383.995978765, 0.0
1.60868352645, 1.06544699038, 1.44416369324, 1.00000072743, 5.68959866731, 1.11017744225, 1.04104543636, 1.26000052058, 1.00000090205, 5.41199865845, 3.65080733479, 1.03321576096, 1.59159063249, 1.01681102197, 1.00615415565, 1.29665718417, 1.15070721917, 0.962676692381, 3.0219573781, 1.00000060355, 1.00000046779, 100.440802172, 0.989106913296, 3.47446223766, 1.04888919436, 4.01100465719, 0.87000042862, 299.769766147, 28.4523773617, 1634.26641338, 2.68096514745
1.60470686596, 1.06544699038, 1.45011360975, 1.00000072932, 5.61140743155, 1.11017744225, 1.0410411504, 1.26000050391, 1.00000090205, 5.41199865845, 3.66553319269, 1.03321576096, 2.61087102101, 1.04447947376, 1.00615415565, 1.29665718417, 1.1507074461, 0.962676692381, 3.0219573781, 1.00000060355, 1.00000046779, 100.440802172, 0.989107291456, 3.54146192467, 1.04885059384, 4.0109791728, 0.87000042862, 289.044689464, 28.6669189808, 1289.85536734, 0.804289544236
1.60470686596, 1.06544699038, 1.45011360975, 1.00000072932, 5.61140743155, 1.11017744225, 1.0410411504, 1.26000050391, 1.00000090205, 5.41199865845, 3.66553319269, 1.03321576096, 2.61087102101, 1.04447947376, 1.00615415565, 1.29665718417, 1.1507074461, 0.962676692381, 3.0219573781, 1.00000060355, 1.00000046779, 100.440802172, 0.989107291456, 3.54146192467, 1.04885059384, 4.0109791728, 0.87000042862, 289.044689464, 28.6669189808, 1289.85536734, 0.804289544236
1.60470686596, 1.06544699038, 1.45011360975, 1.00000072932, 5.61140743155, 1.11017744225, 1.0410411504, 1.26000050391, 1.00000090205, 5.41199865845, 3.66553319269, 1.03321576096, 2.61087102101, 1.04447947376, 1.00615415565, 1.29665718417, 1.1507074461, 0.962676692381, 3.0219573781, 1.00000060355, 1.00000046779, 100.440802172, 0.989107291456, 3.54146192467, 1.04885059384, 4.0109791728, 0.87000042862, 289.044689464, 28.6669189808, 1289.85536734, 0.804289544236
1.73117260566, 1.06546248305, 1.44419740476, 1.0000006823, 5.67909284753, 1.11017749643, 1.0410527452, 1.2600001727, 1.00000090193, 5.41645590841, 7.58837846226, 1.03322027445, 2.64465612114, 1.04458194738, 1.00607418126, 1.27035857061, 1.15070926228, 0.961810297496, 9.80763503956, 1.00000060331, 1.00000001238, 106.887515652, 0.989020048698, 2.37577872291, 0.964355487566, 4.0110016151, 0.870000466208, 728.657069618, 27.5186002427, 1154.61492441, 0.804289544236
1.62985381545, 1.325892169, 1.45324081856, 1.00000072538, 4.38246819285, 1.10974578432, 2.83609010341, 1.26000017795, 1.00000020987, 5.37458526512, 3.68823992299, 1.08545092164, 2.60719381331, 1.04420148887, 1.00562613335, 1.29552526427, 1.13092289078, 0.915014972314, 3.01051406631, 1.00000000606, 1.00000001896, 106.973052749, 1.02105725876, 2.38585280751, 1.04874813123, 4.01087592293, 0.870000428237, 300.045144819, 22.0540416355, 486.315089528, 1.87667560322
1.62985381545, 1.325892169, 1.45324081856, 1.00000072538, 4.38246819285, 1.10974578432, 2.83609010341, 1.26000017795, 1.00000020987, 5.37458526512, 3.68823992299, 1.08545092164, 2.60719381331, 1.04420148887, 1.00562613335, 1.29552526427, 1.13092289078, 0.915014972314, 3.01051406631, 1.00000000606, 1.00000001896, 106.973052749, 1.02105725876, 2.38585280751, 1.04874813123, 4.01087592293, 0.870000428237, 300.045144819, 22.0540416355, 486.315089528, 1.87667560322
1.62985381545, 1.325892169, 1.45324081856, 1.00000072538, 4.38246819285, 1.10974578432, 2.83609010341, 1.26000017795, 1.00000020987, 5.37458526512, 3.68823992299, 1.08545092164, 2.60719381331, 1.04420148887, 1.00562613335, 1.29552526427, 1.13092289078, 0.915014972314, 3.01051406631, 1.00000000606, 1.00000001896, 106.973052749, 1.02105725876, 2.38585280751, 1.04874813123, 4.01087592293, 0.870000428237, 300.045144819, 22.0540416355, 486.315089528, 1.87667560322
1.62985381545, 1.325892169, 1.45324081856, 1.00000072538, 4.38246819285, 1.10974578432, 2.83609010341, 1.26000017795, 1.00000020987, 5.37458526512, 3.68823992299, 1.08545092164, 2.60719381331, 1.04420148887, 1.00562613335, 1.29552526427, 1.13092289078, 0.915014972314, 3.01051406631, 1.00000000606, 1.00000001896, 106.973052749, 1.02105725876, 2.38585280751, 1.04874813123, 4.01087592293, 0.870000428237, 300.045144819, 22.0540416355, 486.315089528, 1.87667560322
1.62985381545, 1.325892169, 1.45324081856, 1.00000072538, 4.38246819285, 1.10974578432, 2.83609010341, 1.26000017795, 1.00000020987, 5.37458526512, 3.68823992299, 1.08545092164, 2.60719381331, 1.04420148887, 1.00562613335, 1.29552526427, 1.13092289078, 0.915014972314, 3.01051406631, 1.00000000606, 1.00000001896, 106.973052749, 1.02105725876, 2.38585280751, 1.04874813123, 4.01087592293, 0.870000428237, 300.045144819, 22.0540416355, 486.315089528, 1.87667560322
1.62985381545, 1.325892169, 1.45324081856, 1.00000072538, 4.38246819285, 1.10974578432, 2.83609010341, 1.26000017795, 1.00000020987, 5.37458526512, 3.68823992299, 1.08545092164, 2.60719381331, 1.04420148887, 1.00562613335, 1.29552526427, 1.13092289078, 0.915014972314, 3.01051406631, 1.00000000606, 1.00000001896, 106.973052749, 1.02105725876, 2.38585280751, 1.04874813123, 4.01087592293, 0.870000428237, 300.045144819, 22.0540416355, 486.315089528, 1.87667560322
1.62985381545, 1.325892169, 1.45324081856, 1.00000072538, 4.38246819285, 1.10974578432, 2.83609010341, 1.26000017795, 1.00000020987, 5.37458526512, 3.68823992299, 1.08545092164, 2.60719381331, 1.04420148887, 1.00562613335, 1.29552526427, 1.13092289078, 0.915014972314, 3.01051406631, 1.00000000606, 1.00000001896, 106.973052749, 1.02105725876, 2.38585280751, 1.04874813123, 4.01087592293, 0.870000428237, 300.045144819, 22.0540416355, 486.315089528, 1.87667560322
1.62985381545, 1.325892169, 1.45324081856, 1.00000072538, 4.38246819285, 1.10974578432, 2.83609010341, 1.26000017795, 1.00000020987, 5.37458526512, 3.68823992299, 1.08545092164, 2.60719381331, 1.04420148887, 1.00562613335, 1.29552526427, 1.13092289078, 0.915014972314, 3.01051406631, 1.00000000606, 1.00000001896, 106.973052749, 1.02105725876, 2.38585280751, 1.04874813123, 4.01087592293, 0.870000428237, 300.045144819, 22.0540416355, 486.315089528, 1.87667560322
1.62985381545, 1.325892169, 1.45324081856, 1.00000072538, 4.38246819285, 1.10974578432, 2.83609010341, 1.26000017795, 1.00000020987, 5.37458526512, 3.68823992299, 1.08545092164, 2.60719381331, 1.04420148887, 1.00562613335, 1.29552526427, 1.13092289078, 0.915014972314, 3.01051406631, 1.00000000606, 1.00000001896, 106.973052749, 1.02105725876, 2.38585280751, 1.04874813123, 4.01087592293, 0.870000428237, 300.045144819, 22.0540416355, 486.315089528, 1.87667560322
1.62985381545, 1.325892169, 1.45324081856, 1.00000072538, 4.38246819285, 1.10974578432, 2.83609010341, 1.26000017795, 1.00000020987, 5.37458526512, 3.68823992299, 1.08545092164, 2.60719381331, 1.04420148887, 1.00562613335, 1.29552526427, 1.13092289078, 0.915014972314, 3.01051406631, 1.00000000606, 1.00000001896, 106.973052749, 1.02105725876, 2.38585280751, 1.04874813123, 4.01087592293, 0.870000428237, 300.045144819, 22.0540416355, 486.315089528, 1.87667560322
4.87975496351, 1.06797746912, 1.44997365576, 1.00000068168, 5.67858076369, 1.10868112617, 1.05270194344, 1.2600001727, 1.00000023605, 5.39302888661, 7.45997467514, 1.03288977978, 2.64465612114, 1.04458194738, 1.00613348774, 1.29595495127, 1.15087836028, 0.961810297496, 9.80763503956, 1.0000000102, 1.00000001361, 106.819037591, 0.9890217002, 2.35196483085, 1.04819329059, 4.0131023258, 0.870000466208, 52.1475691901, 12.2974769971, 45.1770714726, 0.804289544236
4.87975496351, 1.06797746912, 1.44997365576, 1.00000068168, 5.67858076369, 1.10868112617, 1.05270194344, 1.2600001727, 1.00000023605, 5.39302888661, 7.45997467514, 1.03288977978, 2.64465612114, 1.04458194738, 1.00613348774, 1.29595495127, 1.15087836028, 0.961810297496, 9.80763503956, 1.0000000102, 1.00000001361, 106.819037591, 0.9890217002, 2.35196483085, 1.04819329059, 4.0131023258, 0.870000466208, 52.1475691901, 12.2974769971, 45.1770714726, 0.804289544236
4.87975496351, 1.06797746912, 1.44997365576, 1.00000068168, 5.67858076369, 1.10868112617, 1.05270194344, 1.2600001727, 1.00000023605, 5.39302888661, 7.45997467514, 1.03288977978, 2.64465612114, 1.04458194738, 1.00613348774, 1.29595495127, 1.15087836028, 0.961810297496, 9.80763503956, 1.0000000102, 1.00000001361, 106.819037591, 0.9890217002, 2.35196483085, 1.04819329059, 4.0131023258, 0.870000466208, 52.1475691901, 12.2974769971, 45.1770714726, 0.804289544236
4.87975496351, 1.06797746912, 1.44997365576, 1.00000068168, 5.67858076369, 1.10868112617, 1.05270194344, 1.2600001727, 1.00000023605, 5.39302888661, 7.45997467514, 1.03288977978, 2.64465612114, 1.04458194738, 1.00613348774, 1.29595495127, 1.15087836028, 0.961810297496, 9.80763503956, 1.0000000102, 1.00000001361, 106.819037591, 0.9890217002, 2.35196483085, 1.04819329059, 4.0131023258, 0.870000466208, 52.1475691901, 12.2974769971, 45.1770714726, 0.804289544236
4.87975496351, 1.06797746912, 1.44997365576, 1.00000068168, 5.67858076369, 1.10868112617, 1.05270194344, 1.2600001727, 1.00000023605, 5.39302888661, 7.45997467514, 1.03288977978, 2.64465612114, 1.04458194738, 1.00613348774, 1.29595495127, 1.15087836028, 0.961810297496, 9.80763503956, 1.0000000102, 1.00000001361, 106.819037591, 0.9890217002, 2.35196483085, 1.04819329059, 4.0131023258, 0.870000466208, 52.1475691901, 12.2974769971, 45.1770714726, 0.804289544236
4.87975496351, 1.06797746912, 1.44997365576, 1.00000068168, 5.67858076369, 1.10868112617, 1.05270194344, 1.2600001727, 1.00000023605, 5.39302888661, 7.45997467514, 1.03288977978, 2.64465612114, 1.04458194738, 1.00613348774, 1.29595495127, 1.15087836028, 0.961810297496, 9.80763503956, 1.0000000102, 1.00000001361, 106.819037591, 0.9890217002, 2.35196483085, 1.04819329059, 4.0131023258, 0.870000466208, 52.1475691901, 12.2974769971, 45.1770714726, 0.804289544236
4.87975496351, 1.06797746912, 1.44997365576, 1.00000068168, 5.67858076369, 1.10868112617, 1.05270194344, 1.2600001727, 1.00000023605, 5.39302888661, 7.45997467514, 1.03288977978, 2.64465612114, 1.04458194738, 1.00613348774, 1.29595495127, 1.15087836028, 0.961810297496, 9.80763503956, 1.0000000102, 1.00000001361, 106.819037591, 0.9890217002, 2.35196483085, 1.04819329059, 4.0131023258, 0.870000466208, 52.1475691901, 12.2974769971, 45.1770714726, 0.804289544236
4.87975496351, 1.06797746912, 1.44997365576, 1.00000068168, 5.67858076369, 1.10868112617, 1.05270194344, 1.2600001727, 1.00000023605, 5.39302888661, 7.45997467514, 1.03288977978, 2.64465612114, 1.04458194738, 1.00613348774, 1.29595495127, 1.15087836028, 0.961810297496, 9.80763503956, 1.0000000102, 1.00000001361, 106.819037591, 0.9890217002, 2.35196483085, 1.04819329059, 4.0131023258, 0.870000466208, 52.1475691901, 12.2974769971, 45.1770714726, 0.804289544236
4.87975496351, 1.06797746912, 1.44997365576, 1.00000068168, 5.67858076369, 1.10868112617, 1.05270194344, 1.2600001727, 1.00000023605, 5.39302888661, 7.45997467514, 1.03288977978, 2.64465612114, 1.04458194738, 1.00613348774, 1.29595495127, 1.15087836028, 0.961810297496, 9.80763503956, 1.0000000102, 1.00000001361, 106.819037591, 0.9890217002, 2.35196483085, 1.04819329059, 4.0131023258, 0.870000466208, 52.1475691901, 12.2974769971, 45.1770714726, 0.804289544236
4.87975496351, 1.06797746912, 1.44997365576, 1.00000068168, 5.67858076369, 1.10868112617, 1.05270194344, 1.2600001727, 1.00000023605, 5.39302888661, 7.45997467514, 1.03288977978, 2.64465612114, 1.04458194738, 1.00613348774, 1.29595495127, 1.15087836028, 0.961810297496, 9.80763503956, 1.0000000102, 1.00000001361, 106.819037591, 0.9890217002, 2.35196483085, 1.04819329059, 4.0131023258, 0.870000466208, 52.1475691901, 12.2974769971, 45.1770714726, 0.804289544236
4.87975496351, 1.06797746912, 1.44997365576, 1.00000068168, 5.67858076369, 1.10868112617, 1.05270194344, 1.2600001727, 1.00000023605, 5.39302888661, 7.45997467514, 1.03288977978, 2.64465612114, 1.04458194738, 1.00613348774, 1.29595495127, 1.15087836028, 0.961810297496, 9.80763503956, 1.0000000102, 1.00000001361, 106.819037591, 0.9890217002, 2.35196483085, 1.04819329059, 4.0131023258, 0.870000466208, 52.1475691901, 12.2974769971, 45.1770714726, 0.804289544236
4.87975496351, 1.06797746912, 1.44997365576, 1.00000068168, 5.67858076369, 1.10868112617, 1.05270194344, 1.2600001727, 1.00000023605, 5.39302888661, 7.45997467514, 1.03288977978, 2.64465612114, 1.04458194738, 1.00613348774, 1.29595495127, 1.15087836028, 0.961810297496, 9.80763503956, 1.0000000102, 1.00000001361, 106.819037591, 0.9890217002, 2.35196483085, 1.04819329059, 4.0131023258, 0.870000466208, 52.1475691901, 12.2974769971, 45.1770714726, 0.804289544236
4.87975496351, 1.06797746912, 1.44997365576, 1.00000068168, 5.67858076369, 1.10868112617, 1.05270194344, 1.2600001727, 1.00000023605, 5.39302888661, 7.45997467514, 1.03288977978, 2.64465612114, 1.04458194738, 1.00613348774, 1.29595495127, 1.15087836028, 0.961810297496, 9.80763503956, 1.0000000102, 1.00000001361, 106.819037591, 0.9890217002, 2.35196483085, 1.04819329059, 4.0131023258, 0.870000466208, 52.1475691901, 12.2974769971, 45.1770714726, 0.804289544236
4.87975496351, 1.06797746912, 1.44997365576, 1.00000068168, 5.67858076369, 1.10868112617, 1.05270194344, 1.2600001727, 1.00000023605, 5.39302888661, 7.45997467514, 1.03288977978, 2.64465612114, 1.04458194738, 1.00613348774, 1.29595495127, 1.15087836028, 0.961810297496, 9.80763503956, 1.0000000102, 1.00000001361, 106.819037591, 0.9890217002, 2.35196483085, 1.04819329059, 4.0131023258, 0.870000466208, 52.1475691901, 12.2974769971, 45.1770714726, 0.804289544236
4.87975496351, 1.06797746912, 1.44997365576, 1.00000068168, 5.67858076369, 1.10868112617, 1.05270194344, 1.2600001727, 1.00000023605, 5.39302888661, 7.45997467514, 1.03288977978, 2.64465612114, 1.04458194738, 1.00613348774, 1.29595495127, 1.15087836028, 0.961810297496, 9.80763503956, 1.0000000102, 1.00000001361, 106.819037591, 0.9890217002, 2.35196483085, 1.04819329059, 4.0131023258, 0.870000466208, 52.1475691901, 12.2974769971, 45.1770714726, 0.804289544236
4.87975496351, 1.06797746912, 1.44997365576, 1.00000068168, 5.67858076369, 1.10868112617, 1.05270194344, 1.2600001727, 1.00000023605, 5.39302888661, 7.45997467514, 1.03288977978, 2.64465612114, 1.04458194738, 1.00613348774, 1.29595495127, 1.15087836028, 0.961810297496, 9.80763503956, 1.0000000102, 1.00000001361, 106.819037591, 0.9890217002, 2.35196483085, 1.04819329059, 4.0131023258, 0.870000466208, 52.1475691901, 12.2974769971, 45.1770714726, 0.804289544236
4.87975496351, 1.06797746912, 1.44997365576, 1.00000068168, 5.67858076369, 1.10868112617, 1.05270194344, 1.2600001727, 1.00000023605, 5.39302888661, 7.45997467514, 1.03288977978, 2.64465612114, 1.04458194738, 1.00613348774, 1.29595495127, 1.15087836028, 0.961810297496, 9.80763503956, 1.0000000102, 1.00000001361, 106.819037591, 0.9890217002, 2.35196483085, 1.04819329059, 4.0131023258, 0.870000466208, 52.1475691901, 12.2974769971, 45.1770714726, 0.804289544236
4.87975496351, 1.06797746912, 1.44997365576, 1.00000068168, 5.67858076369, 1.10868112617, 1.05270194344, 1.2600001727, 1.00000023605, 5.39302888661, 7.45997467514, 1.03288977978, 2.64465612114, 1.04458194738, 1.00613348774, 1.29595495127, 1.15087836028, 0.961810297496, 9.80763503956, 1.0000000102, 1.00000001361, 106.819037591, 0.9890217002, 2.35196483085, 1.04819329059, 4.0131023258, 0.870000466208, 52.1475691901, 12.2974769971, 45.1770714726, 0.804289544236
4.87975496351, 1.06797746912, 1.44997365576, 1.00000068168, 5.67858076369, 1.10868112617, 1.05270194344, 1.2600001727, 1.00000023605, 5.39302888661, 7.45997467514, 1.03288977978, 2.64465612114, 1.04458194738, 1.00613348774, 1.29595495127, 1.15087836028, 0.961810297496, 9.80763503956, 1.0000000102, 1.00000001361, 106.819037591, 0.9890217002, 2.35196483085, 1.04819329059, 4.0131023258, 0.870000466208, 52.1475691901, 12.2974769971, 45.1770714726, 0.804289544236
4.87975496351, 1.06797746912, 1.44997365576, 1.00000068168, 5.67858076369, 1.10868112617, 1.05270194344, 1.2600001727, 1.00000023605, 5.39302888661, 7.45997467514, 1.03288977978, 2.64465612114, 1.04458194738, 1.00613348774, 1.29595495127, 1.15087836028, 0.961810297496, 9.80763503956, 1.0000000102, 1.00000001361, 106.819037591, 0.9890217002, 2.35196483085, 1.04819329059, 4.0131023258, 0.870000466208, 52.1475691901, 12.2974769971, 45.1770714726, 0.804289544236
1.76716107481, 1.06982688861, 1.44997365576, 1.00000068165, 4.44631637318, 1.11563829721, 1.05317965087, 1.2600001727, 1.00000020058, 6.14528616257, 7.45997467514, 1.03292367676, 2.64465612114, 1.04458194738, 1.00613508045, 1.29595495127, 1.15087836028, 0.961810297496, 9.80763503956, 1.00000059547, 1.00000001237, 106.885666839, 0.9890217002, 2.35196483085, 1.04819329059, 4.0131023258, 0.870000466208, 68.9415112046, 17.8894855006, 144.41333781, 0.0
1.76716107481, 1.06982688861, 1.44997365576, 1.00000068165, 4.44631637318, 1.11563829721, 1.05317965087, 1.2600001727, 1.00000020058, 6.14528616257, 7.45997467514, 1.03292367676, 2.64465612114, 1.04458194738, 1.00613508045, 1.29595495127, 1.15087836028, 0.961810297496, 9.80763503956, 1.00000059547, 1.00000001237, 106.885666839, 0.9890217002, 2.35196483085, 1.04819329059, 4.0131023258, 0.870000466208, 68.9415112046, 17.8894855006, 144.41333781, 0.0
1.76716107481, 1.06982688861, 1.44997365576, 1.00000068165, 4.44631637318, 1.11563829721, 1.05317965087, 1.2600001727, 1.00000020058, 6.14528616257, 7.45997467514, 1.03292367676, 2.64465612114, 1.04458194738, 1.00613508045, 1.29595495127, 1.15087836028, 0.961810297496, 9.80763503956, 1.00000059547, 1.00000001237, 106.885666839, 0.9890217002, 2.35196483085, 1.04819329059, 4.0131023258, 0.870000466208, 68.9415112046, 17.8894855006, 144.41333781, 0.0
1.76716107481, 1.06982688861, 1.44997365576, 1.00000068165, 4.44631637318, 1.11563829721, 1.05317965087, 1.2600001727, 1.00000020058, 6.14528616257, 7.45997467514, 1.03292367676, 2.64465612114, 1.04458194738, 1.00613508045, 1.29595495127, 1.15087836028, 0.961810297496, 9.80763503956, 1.00000059547, 1.00000001237, 106.885666839, 0.9890217002, 2.35196483085, 1.04819329059, 4.0131023258, 0.870000466208, 68.9415112046, 17.8894855006, 144.41333781, 0.0
1.76716107481, 1.06982688861, 1.44997365576, 1.00000068165, 4.44631637318, 1.11563829721, 1.05317965087, 1.2600001727, 1.00000020058, 6.14528616257, 7.45997467514, 1.03292367676, 2.64465612114, 1.04458194738, 1.00613508045, 1.29595495127, 1.15087836028, 0.961810297496, 9.80763503956, 1.00000059547, 1.00000001237, 106.885666839, 0.9890217002, 2.35196483085, 1.04819329059, 4.0131023258, 0.870000466208, 68.9415112046, 17.8894855006, 144.41333781, 0.0
1.76716107481, 1.06982688861, 1.44997365576, 1.00000068165, 4.44631637318, 1.11563829721, 1.05317965087, 1.2600001727, 1.00000020058, 6.14528616257, 7.45997467514, 1.03292367676, 2.64465612114, 1.04458194738, 1.00613508045, 1.29595495127, 1.15087836028, 0.961810297496, 9.80763503956, 1.00000059547, 1.00000001237, 106.885666839, 0.9890217002, 2.35196483085, 1.04819329059, 4.0131023258, 0.870000466208, 68.9415112046, 17.8894855006, 144.41333781, 0.0
1.73335265923, 1.06975172537, 1.44412611276, 1.0000006823, 4.45329969679, 1.11017755701, 1.08655760873, 1.2600001727, 1.00000090838, 6.15831466979, 7.58837846226, 1.03321449504, 2.64465612114, 1.04458194738, 1.00607330077, 1.27035857061, 1.15084626453, 0.961810297496, 9.80763503956, 1.00000058686, 1.00000001238, 106.887515652, 0.989021751827, 2.37577872291, 0.964218705152, 4.01064798609, 0.870000466208, 398.19295351, 18.9446835075, 659.859364721, 0.536193029491
1.67464219313, 1.06798254819, 1.44996857429, 1.00000068168, 5.67858076369, 1.11018715175, 1.05270194344, 1.2600001727, 1.0000001498, 5.39295178024, 6.39659487798, 1.03288977978, 2.64465612114, 1.04458194738, 1.00607425569, 1.02438266841, 1.03136284188, 0.96180629274, 9.80763503956, 1.0000000102, 1.00000088121, 106.7192192, 0.9890217002, 2.35196483085, 1.04819329059, 4.01385964215, 0.870000466156, 350.576370903, 29.6639766134, 719.49227805, 2.41286863271
1.7460985312, 1.06975172537, 1.44997365576, 1.0000006823, 4.45329969679, 1.11017377219, 2.00388353052, 1.26000065091, 1.00000090852, 5.54699925332, 3.23478239358, 1.03292286836, 2.64465612114, 1.04458194738, 1.00607330077, 1.27035857061, 1.15084626453, 0.994300126836, 9.80763503956, 1.00000058686, 1.00000001238, 106.944615747, 1.07763901166, 2.37577872291, 0.964227844614, 4.01755250557, 0.870000466208, 382.3695024, 21.9892002406, 879.920611297, 0.536193029491
1.7460985312, 1.06975172537, 1.44997365576, 1.0000006823, 4.45329969679, 1.11017377219, 2.00388353052, 1.26000065091, 1.00000090852, 5.54699925332, 3.23478239358, 1.03292286836, 2.64465612114, 1.04458194738, 1.00607330077, 1.27035857061, 1.15084626453, 0.994300126836, 9.80763503956, 1.00000058686, 1.00000001238, 106.944615747, 1.07763901166, 2.37577872291, 0.964227844614, 4.01755250557, 0.870000466208, 382.3695024, 21.9892002406, 879.920611297, 0.536193029491
1.7460985312, 1.06975172537, 1.44997365576, 1.0000006823, 4.45329969679, 1.11017377219, 2.00388353052, 1.26000065091, 1.00000090852, 5.54699925332, 3.23478239358, 1.03292286836, 2.64465612114, 1.04458194738, 1.00607330077, 1.27035857061, 1.15084626453, 0.994300126836, 9.80763503956, 1.00000058686, 1.00000001238, 106.944615747, 1.07763901166, 2.37577872291, 0.964227844614, 4.01755250557, 0.870000466208, 382.3695024, 21.9892002406, 879.920611297, 0.536193029491
4.87975496351, 1.06797746912, 1.44997365576, 1.00000068168, 5.67858076369, 1.10868112617, 1.05270194344, 1.2600001727, 1.00000023605, 5.39302888661, 7.45997467514, 1.03288977978, 2.64465612114, 1.04458194738, 1.00613348774, 1.29595495127, 1.15087836028, 0.961810297496, 9.80763503956, 1.0000000102, 1.00000001361, 106.819037591, 0.9890217002, 2.35196483085, 1.04819329059, 4.0131023258, 0.870000466208, 112.375884223, 10.6544027505, 489.939462248, 4.82573726542
4.87975496351, 1.06797746912, 1.44997365576, 1.00000068168, 5.67858076369, 1.10868112617, 1.05270194344, 1.2600001727, 1.00000023605, 5.39302888661, 7.45997467514, 1.03288977978, 2.64465612114, 1.04458194738, 1.00613348774, 1.29595495127, 1.15087836028, 0.961810297496, 9.80763503956, 1.0000000102, 1.00000001361, 106.819037591, 0.9890217002, 2.35196483085, 1.04819329059, 4.0131023258, 0.870000466208, 112.375884223, 10.6544027505, 489.939462248, 4.82573726542
1.62943773597, 1.06982688861, 1.48965821489, 1.00000072529, 4.44631637318, 1.11586715447, 1.18348899412, 1.2600001727, 1.00000020936, 6.14528616257, 3.72405785013, 1.03321194062, 2.64465612114, 1.05169829491, 1.00616307323, 1.29595495127, 1.15087836028, 0.963189938094, 9.80763503956, 1.00000000923, 1.00000001237, 106.885666839, 1.02130483018, 2.35247601618, 1.04040414635, 4.01078856376, 0.870000465585, 417.442862627, 15.9860449738, 1252.96408863, 9.38337801609
1.73335265923, 1.06792165399, 1.44997365576, 1.00000074621, 4.47200744252, 1.1087029415, 1.04073259289, 1.2600001727, 1.00000090852, 6.15831466979, 7.58837846226, 1.03292286836, 2.64465612114, 1.04458194738, 1.00607392583, 1.27035857061, 1.15084626453, 0.961810297496, 9.80763503956, 1.00000058686, 1.00000001364, 106.887515652, 0.9890217002, 2.35231333526, 0.964117303604, 4.01307277826, 0.870000466208, 497.175919628, 17.2732763386, 521.767243766, 8.3109919571
4.87975496351, 1.06797746912, 1.44997365576, 1.00000068168, 5.67858076369, 1.10868112617, 1.05270194344, 1.2600001727, 1.00000023605, 5.39302888661, 7.45997467514, 1.03288977978, 2.64465612114, 1.04458194738, 1.01111854356, 1.29595495127, 1.15087836028, 0.961810297496, 9.80763503956, 1.0000000102, 1.00000001361, 106.819037591, 0.9890217002, 2.35196483085, 1.04819329059, 4.0131023258, 0.870000466208, 194.097299877, 26.2090993079, 508.720013978, 2.9490616622
4.87975496351, 1.06797746912, 1.44997365576, 1.00000068168, 5.67858076369, 1.10868112617, 1.05270194344, 1.2600001727, 1.00000023605, 5.39302888661, 7.45997467514, 1.03288977978, 2.64465612114, 1.04458194738, 1.01111854356, 1.29595495127, 1.15087836028, 0.961810297496, 9.80763503956, 1.0000000102, 1.00000001361, 106.819037591, 0.9890217002, 2.35196483085, 1.04819329059, 4.0131023258, 0.870000466208, 194.097299877, 26.2090993079, 508.720013978, 2.9490616622
4.87975496351, 1.06797746912, 1.44997365576, 1.00000068168, 5.67858076369, 1.10868112617, 1.05270194344, 1.2600001727, 1.00000023605, 5.39302888661, 7.45997467514, 1.03288977978, 2.64465612114, 1.04458194738, 1.01111854356, 1.29595495127, 1.15087836028, 0.961810297496, 9.80763503956, 1.0000000102, 1.00000001361, 106.819037591, 0.9890217002, 2.35196483085, 1.04819329059, 4.0131023258, 0.870000466208, 194.097299877, 26.2090993079, 508.720013978, 2.9490616622
1.73335265923, 1.06975172537, 1.44997365576, 1.0000006823, 4.45329969679, 1.11017377219, 1.04073259289, 1.2600001727, 1.00000090852, 6.15831466979, 7.58837846226, 1.03292286836, 2.64465612114, 1.04458194738, 1.00607330077, 1.27035857061, 1.15084626453, 0.961810297496, 9.80763503956, 1.00000058686, 1.00000001238, 106.887515652, 0.9890217002, 2.37577872291, 0.964218705152, 4.01064798609, 0.870000466208, 344.962630899, 30.9382878908, 381.454515771, 3.48525469169
1.73335265923, 1.06975172537, 1.44997365576, 1.0000006823, 4.45329969679, 1.11017377219, 1.04073259289, 1.2600001727, 1.00000090852, 6.15831466979, 7.58837846226, 1.03292286836, 2.64465612114, 1.04458194738, 1.00607330077, 1.27035857061, 1.15084626453, 0.961810297496, 9.80763503956, 1.00000058686, 1.00000001238, 106.887515652, 0.9890217002, 2.37577872291, 0.964218705152, 4.01064798609, 0.870000466208, 344.962630899, 30.9382878908, 381.454515771, 3.48525469169
1.73335265923, 1.06975172537, 1.44997365576, 1.0000006823, 4.45329969679, 1.11017377219, 1.04073259289, 1.2600001727, 1.00000090852, 6.15831466979, 7.58837846226, 1.03292286836, 2.64465612114, 1.04458194738, 1.00607330077, 1.27035857061, 1.15084626453, 0.961810297496, 9.80763503956, 1.00000058686, 1.00000001238, 106.887515652, 0.9890217002, 2.37577872291, 0.964218705152, 4.01064798609, 0.870000466208, 344.962630899, 30.9382878908, 381.454515771, 3.48525469169
1.73335265923, 1.06975172537, 1.44997365576, 1.0000006823, 4.45329969679, 1.11017377219, 1.04073259289, 1.2600001727, 1.00000090852, 6.15831466979, 7.58837846226, 1.03292286836, 2.64465612114, 1.04458194738, 1.00607330077, 1.27035857061, 1.15084626453, 0.961810297496, 9.80763503956, 1.00000058686, 1.00000001238, 106.887515652, 0.9890217002, 2.37577872291, 0.964218705152, 4.01064798609, 0.870000466208, 344.962630899, 30.9382878908, 381.454515771, 3.48525469169
1.73335265923, 1.06975172537, 1.44997365576, 1.0000006823, 4.45329969679, 1.11017377219, 1.04073259289, 1.2600001727, 1.00000090852, 6.15831466979, 7.58837846226, 1.03292286836, 2.64465612114, 1.04458194738, 1.00607330077, 1.27035857061, 1.15084626453, 0.961810297496, 9.80763503956, 1.00000058686, 1.00000001238, 106.887515652, 0.9890217002, 2.37577872291, 0.964218705152, 4.01064798609, 0.870000466208, 344.962630899, 30.9382878908, 381.454515771, 3.48525469169
1.73335265923, 1.06975172537, 1.44997365576, 1.0000006823, 4.45329969679, 1.11017377219, 1.04073259289, 1.2600001727, 1.00000090852, 6.15831466979, 7.58837846226, 1.03292286836, 2.64465612114, 1.04458194738, 1.00607330077, 1.27035857061, 1.15084626453, 0.961810297496, 9.80763503956, 1.00000058686, 1.00000001238, 106.887515652, 0.9890217002, 2.37577872291, 0.964218705152, 4.01064798609, 0.870000466208, 344.962630899, 30.9382878908, 381.454515771, 3.48525469169
1.73335265923, 1.06975172537, 1.44997365576, 1.0000006823, 4.45329969679, 1.11017377219, 1.04073259289, 1.2600001727, 1.00000090852, 6.15831466979, 7.58837846226, 1.03292286836, 2.64465612114, 1.04458194738, 1.00607330077, 1.27035857061, 1.15084626453, 0.961810297496, 9.80763503956, 1.00000058686, 1.00000001238, 106.887515652, 0.9890217002, 2.37577872291, 0.964218705152, 4.01064798609, 0.870000466208, 344.962630899, 30.9382878908, 381.454515771, 3.48525469169
1.73335265923, 1.06975172537, 1.44997365576, 1.0000006823, 4.45329969679, 1.11017377219, 1.04073259289, 1.2600001727, 1.00000090852, 6.15831466979, 7.58837846226, 1.03292286836, 2.64465612114, 1.04458194738, 1.00607330077, 1.27035857061, 1.15084626453, 0.961810297496, 9.80763503956, 1.00000058686, 1.00000001238, 106.887515652, 0.9890217002, 2.37577872291, 0.964218705152, 4.01064798609, 0.870000466208, 344.962630899, 30.9382878908, 381.454515771, 3.48525469169
1.73335265923, 1.06975172537, 1.44997365576, 1.0000006823, 4.45329969679, 1.11017377219, 1.04073259289, 1.2600001727, 1.00000090852, 6.15831466979, 7.58837846226, 1.03292286836, 2.64465612114, 1.04458194738, 1.00607330077, 1.27035857061, 1.15084626453, 0.961810297496, 9.80763503956, 1.00000058686, 1.00000001238, 106.887515652, 0.9890217002, 2.37577872291, 0.964218705152, 4.01064798609, 0.870000466208, 344.962630899, 30.9382878908, 381.454515771, 3.48525469169
1.76716107481, 1.06800572929, 1.44997365576, 1.00000068165, 4.44631637318, 1.10863318577, 1.05317965087, 1.2600001727, 1.00000023435, 6.14528616257, 7.45997467514, 1.03292367676, 2.64465612114, 1.04458194738, 1.00613480347, 1.29595495127, 1.15087836028, 0.961810297496, 9.80763503956, 1.00000057615, 1.00000001235, 106.884908863, 0.9890217002, 1.99433041886, 1.04819329059, 4.0131023258, 0.870000466208, 888.940465313, 22.0676275762, 1003.91475546, 2.14477211796
1.76716107481, 1.06988181146, 1.44997365576, 1.00000068165, 4.44631637318, 1.10859079765, 1.05317965087, 1.2600001727, 1.00000020002, 6.14528616257, 7.45997467514, 1.03292367676, 2.64465612114, 1.04458194738, 1.00613480347, 1.29595495127, 1.15087836028, 0.961810297496, 9.80763503956, 1.00000057615, 1.00000001235, 106.885648971, 0.9890217002, 2.35049193242, 1.04819329059, 4.0131023258, 0.870000466208, 324.051107862, 20.4745878833, 1050.50043701, 1.07238605898
1.48869586482, 1.06797746912, 1.44991942193, 1.00000068215, 5.67858076369, 1.10973549892, 1.06608188485, 1.2600001727, 1.00000021024, 5.33109523644, 7.41967699454, 1.03288977978, 2.64465612114, 1.0441929287, 1.00613348774, 1.29595495127, 1.1309706595, 0.961810297496, 9.80763503956, 1.0000000102, 1.00000001361, 106.970874457, 0.989292299397, 2.35196483085, 1.04873703318, 4.05597159071, 0.870000466208, 1387.96954079, 27.2917923178, 3478.76677708, 3.48525469169
1.62985381545, 1.325892169, 1.45324081856, 1.00000072486, 4.44557530679, 1.11716775679, 2.83609010341, 1.26000017795, 1.00000020987, 5.37458526512, 3.68823992299, 1.08545092164, 2.60719381331, 1.04420148887, 1.00561103712, 1.29552526427, 1.15043151018, 0.915014972314, 3.01051406631, 1.00000001108, 1.00000001896, 106.973052749, 1.02105725876, 2.35216121119, 1.0481633119, 4.01087592293, 0.870000428237, 60.847848106, 9.19971639731, 134.225124366, 2.9490616622
1.62985381545, 1.325892169, 1.45324081856, 1.00000072486, 4.44557530679, 1.11716775679, 2.83609010341, 1.26000017795, 1.00000020987, 5.37458526512, 3.68823992299, 1.08545092164, 2.60719381331, 1.04420148887, 1.00561103712, 1.29552526427, 1.15043151018, 0.915014972314, 3.01051406631, 1.00000001108, 1.00000001896, 106.973052749, 1.02105725876, 2.35216121119, 1.0481633119, 4.01087592293, 0.870000428237, 60.847848106, 9.19971639731, 134.225124366, 2.9490616622
1.62985381545, 1.325892169, 1.45324081856, 1.00000072486, 4.44557530679, 1.11716775679, 2.83609010341, 1.26000017795, 1.00000020987, 5.37458526512, 3.68823992299, 1.08545092164, 2.60719381331, 1.04420148887, 1.00561103712, 1.29552526427, 1.15043151018, 0.915014972314, 3.01051406631, 1.00000001108, 1.00000001896, 106.973052749, 1.02105725876, 2.35216121119, 1.0481633119, 4.01087592293, 0.870000428237, 60.847848106, 9.19971639731, 134.225124366, 2.9490616622
1.62985381545, 1.325892169, 1.45324081856, 1.00000072486, 4.44557530679, 1.11716775679, 2.83609010341, 1.26000017795, 1.00000020987, 5.37458526512, 3.68823992299, 1.08545092164, 2.60719381331, 1.04420148887, 1.00561103712, 1.29552526427, 1.15043151018, 0.915014972314, 3.01051406631, 1.00000001108, 1.00000001896, 106.973052749, 1.02105725876, 2.35216121119, 1.0481633119, 4.01087592293, 0.870000428237, 60.847848106, 9.19971639731, 134.225124366, 2.9490616622
1.62985381545, 1.325892169, 1.45324081856, 1.00000072486, 4.44557530679, 1.11716775679, 2.83609010341, 1.26000017795, 1.00000020987, 5.37458526512, 3.68823992299, 1.08545092164, 2.60719381331, 1.04420148887, 1.00561103712, 1.29552526427, 1.15043151018, 0.915014972314, 3.01051406631, 1.00000001108, 1.00000001896, 106.973052749, 1.02105725876, 2.35216121119, 1.0481633119, 4.01087592293, 0.870000428237, 60.847848106, 9.19971639731, 134.225124366, 2.9490616622
1.62985381545, 1.325892169, 1.45324081856, 1.00000072486, 4.44557530679, 1.11716775679, 2.83609010341, 1.26000017795, 1.00000020987, 5.37458526512, 3.68823992299, 1.08545092164, 2.60719381331, 1.04420148887, 1.00561103712, 1.29552526427, 1.15043151018, 0.915014972314, 3.01051406631, 1.00000001108, 1.00000001896, 106.973052749, 1.02105725876, 2.35216121119, 1.0481633119, 4.01087592293, 0.870000428237, 60.847848106, 9.19971639731, 134.225124366, 2.9490616622
1.62985381545, 1.325892169, 1.45324081856, 1.00000072486, 4.44557530679, 1.11716775679, 2.83609010341, 1.26000017795, 1.00000020987, 5.37458526512, 3.68823992299, 1.08545092164, 2.60719381331, 1.04420148887, 1.00561103712, 1.29552526427, 1.15043151018, 0.915014972314, 3.01051406631, 1.00000001108, 1.00000001896, 106.973052749, 1.02105725876, 2.35216121119, 1.0481633119, 4.01087592293, 0.870000428237, 60.847848106, 9.19971639731, 134.225124366, 2.9490616622
1.62985381545, 1.325892169, 1.45324081856, 1.00000072486, 4.44557530679, 1.11716775679, 2.83609010341, 1.26000017795, 1.00000020987, 5.37458526512, 3.68823992299, 1.08545092164, 2.60719381331, 1.04420148887, 1.00561103712, 1.29552526427, 1.15043151018, 0.915014972314, 3.01051406631, 1.00000001108, 1.00000001896, 106.973052749, 1.02105725876, 2.35216121119, 1.0481633119, 4.01087592293, 0.870000428237, 60.847848106, 9.19971639731, 134.225124366, 2.9490616622
1.62985381545, 1.325892169, 1.45324081856, 1.00000072486, 4.44557530679, 1.11716775679, 2.83609010341, 1.26000017795, 1.00000020987, 5.37458526512, 3.68823992299, 1.08545092164, 2.60719381331, 1.04420148887, 1.00561103712, 1.29552526427, 1.15043151018, 0.915014972314, 3.01051406631, 1.00000001108, 1.00000001896, 106.973052749, 1.02105725876, 2.35216121119, 1.0481633119, 4.01087592293, 0.870000428237, 60.847848106, 9.19971639731, 134.225124366, 2.9490616622
1.62985381545, 1.325892169, 1.45324081856, 1.00000072486, 4.44557530679, 1.11716775679, 2.83609010341, 1.26000017795, 1.00000020987, 5.37458526512, 3.68823992299, 1.08545092164, 2.60719381331, 1.04420148887, 1.00561103712, 1.29552526427, 1.15043151018, 0.915014972314, 3.01051406631, 1.00000001108, 1.00000001896, 106.973052749, 1.02105725876, 2.35216121119, 1.0481633119, 4.01087592293, 0.870000428237, 60.847848106, 9.19971639731, 134.225124366, 2.9490616622
1.62985381545, 1.325892169, 1.45324081856, 1.00000072486, 4.44557530679, 1.11716775679, 2.83609010341, 1.26000017795, 1.00000020987, 5.37458526512, 3.68823992299, 1.08545092164, 2.60719381331, 1.04420148887, 1.00561103712, 1.29552526427, 1.15043151018, 0.915014972314, 3.01051406631, 1.00000001108, 1.00000001896, 106.973052749, 1.02105725876, 2.35216121119, 1.0481633119, 4.01087592293, 0.870000428237, 60.847848106, 9.19971639731, 134.225124366, 2.9490616622
1.62985381545, 1.325892169, 1.45324081856, 1.00000072486, 4.44557530679, 1.11716775679, 2.83609010341, 1.26000017795, 1.00000020987, 5.37458526512, 3.68823992299, 1.08545092164, 2.60719381331, 1.04420148887, 1.00561103712, 1.29552526427, 1.15043151018, 0.915014972314, 3.01051406631, 1.00000001108, 1.00000001896, 106.973052749, 1.02105725876, 2.35216121119, 1.0481633119, 4.01087592293, 0.870000428237, 60.847848106, 9.19971639731, 134.225124366, 2.9490616622
1.62985381545, 1.325892169, 1.45324081856, 1.00000072486, 4.44557530679, 1.11716775679, 2.83609010341, 1.26000017795, 1.00000020987, 5.37458526512, 3.68823992299, 1.08545092164, 2.60719381331, 1.04420148887, 1.00561103712, 1.29552526427, 1.15043151018, 0.915014972314, 3.01051406631, 1.00000001108, 1.00000001896, 106.973052749, 1.02105725876, 2.35216121119, 1.0481633119, 4.01087592293, 0.870000428237, 60.847848106, 9.19971639731, 134.225124366, 2.9490616622
4.87975496351, 1.06797746912, 1.44997365576, 1.00000068168, 5.67858076369, 1.11557864907, 1.05270194344, 1.2600001727, 1.00000023605, 5.39302888661, 7.45997467514, 1.03288977978, 2.64465612114, 1.04458194738, 1.00613506843, 1.29595495127, 1.15087836028, 0.961810297496, 9.80763503956, 1.0000000102, 1.00000001361, 106.819037591, 0.9890217002, 2.35196483085, 1.04819329059, 4.0131023258, 0.870000466208, 467.764063549, 24.5479871934, 1678.40049189, 3.48525469169
1.62985381545, 1.325892169, 1.45324081856, 1.00000072538, 4.38246819285, 1.10974578432, 2.83609010341, 1.26000017795, 1.00000020987, 5.37458526512, 3.68823992299, 1.08545092164, 2.60719381331, 1.04420148887, 1.00562613335, 1.29552526427, 1.13092289078, 0.915014972314, 3.01051406631, 1.00000000606, 1.00000001896, 114.340114998, 1.02105725876, 2.38585280751, 1.04874813123, 4.01087592293, 0.870000428237, 209.420273288, 13.1790459318, 404.790234857, 5.36193029491
4.95783808199, 1.06976933761, 1.44997365576, 1.0000007007, 5.73102721409, 1.11017377219, 1.04073259289, 1.2600001727, 1.00000090852, 6.15831466979, 7.58778177656, 1.03289020633, 2.64465612114, 1.03303070253, 1.00607330077, 1.27035857061, 1.15084626453, 0.961810297496, 9.80763503956, 1.00000058686, 1.00000001361, 106.887515652, 0.9890217002, 2.37577872291, 1.04992685656, 4.01321161271, 0.870000466208, 33.7046356542, 8.76889286594, 109.126187869, 1.87667560322
4.95783808199, 1.06976933761, 1.44997365576, 1.0000007007, 5.73102721409, 1.11017377219, 1.04073259289, 1.2600001727, 1.00000090852, 6.15831466979, 7.58778177656, 1.03289020633, 2.64465612114, 1.03303070253, 1.00607330077, 1.27035857061, 1.15084626453, 0.961810297496, 9.80763503956, 1.00000058686, 1.00000001361, 106.887515652, 0.9890217002, 2.37577872291, 1.04992685656, 4.01321161271, 0.870000466208, 33.7046356542, 8.76889286594, 109.126187869, 1.87667560322
4.95783808199, 1.06976933761, 1.44997365576, 1.0000007007, 5.73102721409, 1.11017377219, 1.04073259289, 1.2600001727, 1.00000090852, 6.15831466979, 7.58778177656, 1.03289020633, 2.64465612114, 1.03303070253, 1.00607330077, 1.27035857061, 1.15084626453, 0.961810297496, 9.80763503956, 1.00000058686, 1.00000001361, 106.887515652, 0.9890217002, 2.37577872291, 1.04992685656, 4.01321161271, 0.870000466208, 33.7046356542, 8.76889286594, 109.126187869, 1.87667560322
4.95783808199, 1.06976933761, 1.44997365576, 1.0000007007, 5.73102721409, 1.11017377219, 1.04073259289, 1.2600001727, 1.00000090852, 6.15831466979, 7.58778177656, 1.03289020633, 2.64465612114, 1.03303070253, 1.00607330077, 1.27035857061, 1.15084626453, 0.961810297496, 9.80763503956, 1.00000058686, 1.00000001361, 106.887515652, 0.9890217002, 2.37577872291, 1.04992685656, 4.01321161271, 0.870000466208, 33.7046356542, 8.76889286594, 109.126187869, 1.87667560322
4.95783808199, 1.06976933761, 1.44997365576, 1.0000007007, 5.73102721409, 1.11017377219, 1.04073259289, 1.2600001727, 1.00000090852, 6.15831466979, 7.58778177656, 1.03289020633, 2.64465612114, 1.03303070253, 1.00607330077, 1.27035857061, 1.15084626453, 0.961810297496, 9.80763503956, 1.00000058686, 1.00000001361, 106.887515652, 0.9890217002, 2.37577872291, 1.04992685656, 4.01321161271, 0.870000466208, 33.7046356542, 8.76889286594, 109.126187869, 1.87667560322
4.95783808199, 1.06976933761, 1.44997365576, 1.0000007007, 5.73102721409, 1.11017377219, 1.04073259289, 1.2600001727, 1.00000090852, 6.15831466979, 7.58778177656, 1.03289020633, 2.64465612114, 1.03303070253, 1.00607330077, 1.27035857061, 1.15084626453, 0.961810297496, 9.80763503956, 1.00000058686, 1.00000001361, 106.887515652, 0.9890217002, 2.37577872291, 1.04992685656, 4.01321161271, 0.870000466208, 33.7046356542, 8.76889286594, 109.126187869, 1.87667560322
4.95783808199, 1.06976933761, 1.44997365576, 1.0000007007, 5.73102721409, 1.11017377219, 1.04073259289, 1.2600001727, 1.00000090852, 6.15831466979, 7.58778177656, 1.03289020633, 2.64465612114, 1.03303070253, 1.00607330077, 1.27035857061, 1.15084626453, 0.961810297496, 9.80763503956, 1.00000058686, 1.00000001361, 106.887515652, 0.9890217002, 2.37577872291, 1.04992685656, 4.01321161271, 0.870000466208, 33.7046356542, 8.76889286594, 109.126187869, 1.87667560322
4.95783808199, 1.06976933761, 1.44997365576, 1.0000007007, 5.73102721409, 1.11017377219, 1.04073259289, 1.2600001727, 1.00000090852, 6.15831466979, 7.58778177656, 1.03289020633, 2.64465612114, 1.03303070253, 1.00607330077, 1.27035857061, 1.15084626453, 0.961810297496, 9.80763503956, 1.00000058686, 1.00000001361, 106.887515652, 0.9890217002, 2.37577872291, 1.04992685656, 4.01321161271, 0.870000466208, 33.7046356542, 8.76889286594, 109.126187869, 1.87667560322
4.95783808199, 1.06976933761, 1.44997365576, 1.0000007007, 5.73102721409, 1.11017377219, 1.04073259289, 1.2600001727, 1.00000090852, 6.15831466979, 7.58778177656, 1.03289020633, 2.64465612114, 1.03303070253, 1.00607330077, 1.27035857061, 1.15084626453, 0.961810297496, 9.80763503956, 1.00000058686, 1.00000001361, 106.887515652, 0.9890217002, 2.37577872291, 1.04992685656, 4.01321161271, 0.870000466208, 33.7046356542, 8.76889286594, 109.126187869, 1.87667560322
4.95783808199, 1.06976933761, 1.44997365576, 1.0000007007, 5.73102721409, 1.11017377219, 1.04073259289, 1.2600001727, 1.00000090852, 6.15831466979, 7.58778177656, 1.03289020633, 2.64465612114, 1.03303070253, 1.00607330077, 1.27035857061, 1.15084626453, 0.961810297496, 9.80763503956, 1.00000058686, 1.00000001361, 106.887515652, 0.9890217002, 2.37577872291, 1.04992685656, 4.01321161271, 0.870000466208, 33.7046356542, 8.76889286594, 109.126187869, 1.87667560322
4.95783808199, 1.06976933761, 1.44997365576, 1.0000007007, 5.73102721409, 1.11017377219, 1.04073259289, 1.2600001727, 1.00000090852, 6.15831466979, 7.58778177656, 1.03289020633, 2.64465612114, 1.03303070253, 1.00607330077, 1.27035857061, 1.15084626453, 0.961810297496, 9.80763503956, 1.00000058686, 1.00000001361, 106.887515652, 0.9890217002, 2.37577872291, 1.04992685656, 4.01321161271, 0.870000466208, 33.7046356542, 8.76889286594, 109.126187869, 1.87667560322
4.95783808199, 1.06976933761, 1.44997365576, 1.0000007007, 5.73102721409, 1.11017377219, 1.04073259289, 1.2600001727, 1.00000090852, 6.15831466979, 7.58778177656, 1.03289020633, 2.64465612114, 1.03303070253, 1.00607330077, 1.27035857061, 1.15084626453, 0.961810297496, 9.80763503956, 1.00000058686, 1.00000001361, 106.887515652, 0.9890217002, 2.37577872291, 1.04992685656, 4.01321161271, 0.870000466208, 33.7046356542, 8.76889286594, 109.126187869, 1.87667560322
4.95783808199, 1.06976933761, 1.44997365576, 1.0000007007, 5.73102721409, 1.11017377219, 1.04073259289, 1.2600001727, 1.00000090852, 6.15831466979, 7.58778177656, 1.03289020633, 2.64465612114, 1.03303070253, 1.00607330077, 1.27035857061, 1.15084626453, 0.961810297496, 9.80763503956, 1.00000058686, 1.00000001361, 106.887515652, 0.9890217002, 2.37577872291, 1.04992685656, 4.01321161271, 0.870000466208, 33.7046356542, 8.76889286594, 109.126187869, 1.87667560322
4.95783808199, 1.06976933761, 1.44997365576, 1.0000007007, 5.73102721409, 1.11017377219, 1.04073259289, 1.2600001727, 1.00000090852, 6.15831466979, 7.58778177656, 1.03289020633, 2.64465612114, 1.03303070253, 1.00607330077, 1.27035857061, 1.15084626453, 0.961810297496, 9.80763503956, 1.00000058686, 1.00000001361, 106.887515652, 0.9890217002, 2.37577872291, 1.04992685656, 4.01321161271, 0.870000466208, 33.7046356542, 8.76889286594, 109.126187869, 1.87667560322
4.95783808199, 1.06976933761, 1.44997365576, 1.0000007007, 5.73102721409, 1.11017377219, 1.04073259289, 1.2600001727, 1.00000090852, 6.15831466979, 7.58778177656, 1.03289020633, 2.64465612114, 1.03303070253, 1.00607330077, 1.27035857061, 1.15084626453, 0.961810297496, 9.80763503956, 1.00000058686, 1.00000001361, 106.887515652, 0.9890217002, 2.37577872291, 1.04992685656, 4.01321161271, 0.870000466208, 33.7046356542, 8.76889286594, 109.126187869, 1.87667560322
4.95783808199, 1.06976933761, 1.44997365576, 1.0000007007, 5.73102721409, 1.11017377219, 1.04073259289, 1.2600001727, 1.00000090852, 6.15831466979, 7.58778177656, 1.03289020633, 2.64465612114, 1.03303070253, 1.00607330077, 1.27035857061, 1.15084626453, 0.961810297496, 9.80763503956, 1.00000058686, 1.00000001361, 106.887515652, 0.9890217002, 2.37577872291, 1.04992685656, 4.01321161271, 0.870000466208, 33.7046356542, 8.76889286594, 109.126187869, 1.87667560322
