2.23299491746, 1.09311558813, 1.38712537419, 1.00000063476, 4.3294030653, 1.08267261825, 5.84400406223, 1.2600007741, 1.00000026018, 5.44600850304, 5.78033341083, 1.09406176066, 1.24998012357, 1.07971701312, 1.04887680083, 1.39416005748, 1.00467688345, 1.01602341971, 6.14426879558, 1.00000069185, 1.00000010761, 123.768578981, 1.06616376544, 4.63543203983, 1.06002735839, 3.4225277526, 0.870000743064, 27.7619263731, 13.9087244053, 11.7634389888, 1.60857908847
1.27004166942, 1.03122808816, 1.54830072963, 1.00000037044, 6.34370243089, 1.11216631089, 1.95166486184, 1.26000070307, 1.00000094372, 5.92041435712, 5.75968364513, 1.09667306545, 2.12967673067, 1.02668324258, 1.00651371549, 1.17390273083, 1.10926168579, 0.919076384992, 8.09485171696, 1.00000019411, 1.00000016939, 91.1708195763, 1.00999752447, 5.12538543526, 0.998024920699, 4.05594976689, 0.870000612009, 21.067997768, 9.48995400144, 47.1913223043, 0.0
3.94473880767, 1.33752902946, 1.44936941931, 1.00000030048, 4.2545387136, 1.10315517086, 1.52224815938, 1.26000052083, 1.0000003532, 5.5670000534, 3.20399657662, 1.04602658588, 1.29533202505, 1.09675204005, 1.0602052661, 1.45878215694, 1.16300481621, 0.931211499816, 8.62413546992, 1.00000033028, 1.00000078789, 111.028949414, 1.05007130894, 2.27059067827, 0.984173133917, 4.32606620425, 0.870000982807, 44.7678471233, 8.26978341896, 41.8487293479, 1.87667560322
5.55754645252, 1.22259065051, 1.66205683495, 1.00000066255, 5.39851206585, 1.13890191112, 3.66852487712, 1.26000099936, 1.00000085241, 5.43351955906, 6.50631989024, 1.05358101307, 2.67529215325, 1.02263054479, 1.06185542161, 1.59055432451, 1.12001102539, 1.06570938438, 8.73033389408, 1.00000026129, 1.00000013918, 94.6132851066, 0.931449985551, 5.4872908125, 1.00848771644, 4.35107892147, 0.87000088785, 19.2188580237, 9.35812759833, 27.5143795085, 1.34048257373
5.58749416181, 1.25805833359, 1.44883993479, 1.00000027123, 4.29936913556, 1.08973881849, 3.23055764052, 1.26000090461, 1.00000001678, 4.99612190546, 6.51169329953, 1.01483408538, 3.96940183439, 1.11090739308, 1.08449503445, 1.03250455017, 1.13384250486, 1.06992523336, 7.76078194336, 1.00000063956, 1.00000053781, 88.2657315159, 1.04668176116, 2.48953973562, 1.06230565939, 4.09180800028, 0.870000245882, 62.6477369708, 9.23515032276, 344.715117579, 3.21715817694
1.70185646079, 1.17252714003, 1.64839208101, 1.00000060878, 5.17276700833, 1.08859867726, 2.7507759823, 1.2600007302, 1.0000002943, 5.72316268803, 4.05934632517, 1.00670836082, 3.20468968622, 1.10832115487, 1.07151470282, 1.01317207018, 1.16196286401, 1.08341518102, 4.53861120239, 1.0000006158, 1.00000040858, 100.56206558, 0.942159937107, 5.63601100667, 1.05613205178, 3.7409312794, 0.870000857183, 38.6706483998, 9.4282041817, 172.796795159, 1.60857908847
1.70185646079, 1.17252714003, 1.64839208101, 1.00000072704, 5.17276700833, 1.01054533229, 2.55141644414, 1.2600007302, 1.00000029531, 5.38806563483, 4.05934632517, 1.00625161733, 1.65760156928, 1.09578116672, 1.07151470282, 1.01317207018, 1.16196286401, 1.08341518102, 7.73055592495, 1.0000006158, 1.00000040858, 100.56206558, 0.942159937107, 5.26347577979, 1.05613205178, 3.95876498655, 0.870000857183, 303.347347137, 17.4167274959, 1633.33720282, 0.0
4.52100646544, 1.42132828174, 1.67790718554, 1.00000059604, 4.8799997319, 1.08267261825, 5.88852099925, 1.2600009943, 1.00000056745, 5.1078765308, 4.48448574681, 1.03687647611, 2.52905966881, 1.08674328937, 1.08983857607, 1.1386645196, 1.05120138748, 0.964222207726, 9.63807998062, 1.00000021291, 1.00000090573, 86.7881696188, 0.939331970562, 5.84233539723, 1.00425795405, 4.16552276971, 0.870000847357, 86.0820377017, 14.1373435935, 898.250620854, 0.536193029491
1.80547338023, 1.20031519272, 1.68212651616, 1.00000084333, 4.32071269494, 1.00620011024, 1.36440380887, 1.2600009232, 1.00000025434, 6.17330752957, 7.23722713332, 1.09818194587, 1.59363785913, 1.05353541241, 1.03433051488, 1.54691346226, 1.1683611713, 1.01012606751, 9.7071697006, 1.00000027831, 1.00000020182, 78.0349920778, 0.91721759962, 2.06320601696, 0.970051009905, 3.74121061604, 0.870000039647, 29.2510118439, 10.5959781671, 61.3240878774, 1.07238605898
2.26217787419, 1.07847859824, 1.39178981813, 1.00000060645, 5.83018036742, 1.05255248059, 2.55273588343, 1.26000014698, 1.00000020042, 5.11384114547, 6.66902681329, 1.03817186292, 2.32293903689, 1.10513835799, 1.02532870898, 1.20124371972, 1.16701567679, 0.923217764001, 9.27250789281, 1.00000099922, 1.00000081181, 90.7758163257, 1.08682119176, 5.53424782047, 1.02777728308, 4.06740244345, 0.870000190248, 22.6905543216, 13.4374015052, 233.510913792, 0.804289544236
4.10942929799, 1.08415473717, 1.63274518032, 1.00000056866, 5.83018036742, 1.05255248059, 2.55273588343, 1.26000008001, 1.00000020042, 5.34444323216, 6.92023714342, 1.04822665902, 2.6882530744, 1.10513835799, 1.07842203653, 1.3495125251, 1.16712874339, 1.02818656048, 8.49090138798, 1.00000096383, 1.00000080292, 75.9663331641, 1.08882688581, 5.53424782047, 1.00096233929, 3.95796406432, 0.870000190248, 174.000656042, 17.7119975856, 354.642904004, 0.0
1.80547338023, 1.20031519272, 1.68212651616, 1.00000095894, 4.32071269494, 1.00620011024, 2.39337343647, 1.26000053351, 1.00000035529, 6.16565743573, 7.23722713332, 1.09818194587, 1.59363785913, 1.05353541241, 1.03433051488, 1.54691346226, 1.1683611713, 1.01012606751, 9.7071697006, 1.00000027831, 1.00000020182, 81.0648313469, 1.06733003241, 2.06320601696, 0.970051009905, 3.74121061604, 0.870000039647, 191.237995936, 18.4182530679, 317.816828982, 0.268096514745
5.258052471, 1.28581400953, 1.47100493053, 1.00000060645, 5.6217455873, 1.05606724489, 3.71158879466, 1.26000085229, 1.0000000986, 5.11384114547, 4.54045241859, 1.06498541141, 2.54358475359, 1.05510166527, 1.01531161136, 1.04330262271, 1.080572183, 1.03726266397, 7.92370507438, 1.00000027527, 1.00000002354, 95.095836673, 1.01456635477, 5.45837934365, 0.991011052385, 3.7409312794, 0.87000094993, 71.8426376572, 18.5456571665, 334.853982777, 0.536193029491
3.02650437703, 1.08415473717, 1.39178981813, 1.00000060645, 5.83018036742, 1.05255248059, 2.55273588343, 1.26000014698, 1.00000020042, 5.11384114547, 6.66902681329, 1.03817186292, 2.6882530744, 1.10513835799, 1.02532870898, 1.20124371972, 1.16701567679, 0.923217764001, 9.27250789281, 1.00000096383, 1.00000091535, 90.7758163257, 1.08682119176, 5.53424782047, 1.02777728308, 4.06740244345, 0.870000190248, 111.448222076, 15.8378385148, 598.114091777, 0.268096514745
5.4949210137, 1.0259407166, 1.59646502049, 1.00000078354, 5.6305425083, 1.04368029439, 3.93445743017, 1.26000065006, 1.00000031635, 5.24154582644, 7.53149880708, 1.07940431363, 3.55652812054, 1.02368800438, 1.03824602671, 1.27415756528, 1.01817207938, 1.03039913846, 7.56841915221, 1.00000003392, 1.00000078062, 99.0447747948, 1.08357929292, 3.07892343659, 1.03079740632, 4.05403102176, 0.870000692859, 148.359633356, 23.6451099297, 231.720823902, 0.0
5.55754645252, 1.22259065051, 1.697318357, 1.00000066255, 5.89237038896, 1.13890191112, 3.66852487712, 1.26000099936, 1.00000085241, 5.43351955906, 6.50631989024, 1.05358101307, 2.67529215325, 1.02263054479, 1.06185542161, 1.59055432451, 1.13848060516, 0.923217764001, 8.73033389408, 1.00000026129, 1.00000013918, 94.6132851066, 0.931449985551, 5.4872908125, 1.00848771644, 3.49799594109, 0.870000809994, 109.484525239, 15.4698890089, 188.052725116, 0.804289544236
1.66668197219, 1.2684930366, 1.34274693282, 1.00000082475, 6.18022426515, 1.0084774577, 2.74605267078, 1.2600000736, 1.00000011117, 4.96655897205, 4.82927401292, 1.04347963972, 2.66054855147, 1.10278443256, 1.04298907876, 1.62162530039, 1.09351581044, 0.964222207726, 9.81562159127, 1.00000008574, 1.00000034087, 116.032975203, 1.00905600248, 2.88857981156, 1.0197819592, 3.54982570583, 0.870000383861, 156.020468737, 23.4339219587, 451.269577537, 0.536193029491
3.60512422824, 1.21821119094, 1.39178981813, 1.00000012208, 4.70348458684, 1.09259316457, 3.74624197806, 1.2600009377, 1.00000099838, 5.43351955906, 5.60687660462, 1.09254087013, 1.43389796148, 1.02368800438, 1.00651371549, 1.11696935213, 1.04582203252, 1.04950584528, 3.49186116002, 1.00000011633, 1.0000000093, 117.49337574, 1.02860519417, 5.53424782047, 0.950978368844, 3.65491007273, 0.870000999718, 165.764707961, 24.4665076501, 285.502992323, 0.0
1.17236875618, 1.17252714003, 1.64839208101, 1.00000072704, 5.17276700833, 1.01054533229, 2.55141644414, 1.2600007302, 1.00000029531, 5.38806563483, 4.05934632517, 1.00625161733, 3.09878871554, 1.09578116672, 1.07151470282, 1.17390273083, 1.16196286401, 1.08341518102, 7.73055592495, 1.0000006158, 1.00000040858, 91.1708195763, 0.942159937107, 5.26347577979, 1.05613205178, 3.95876498655, 0.870000857183, 251.21530669, 16.3119770886, 667.001398335, 0.536193029491
1.70185646079, 1.17252714003, 1.64839208101, 1.00000060878, 5.17276700833, 1.08859867726, 2.7507759823, 1.2600007302, 1.0000002943, 5.72316268803, 4.05934632517, 1.00670836082, 3.20468968622, 1.10832115487, 1.07151470282, 1.01317207018, 1.16196286401, 1.08341518102, 4.53861120239, 1.0000006158, 1.00000040858, 100.56206558, 0.942159937107, 5.63601100667, 1.05613205178, 3.7409312794, 0.870000857183, 435.270954801, 19.283142771, 1203.72191695, 0.0
3.53667561379, 1.12722615372, 1.49092532836, 1.0000005779, 4.49587894134, 1.0550314067, 3.51919737888, 1.26000065253, 1.00000011868, 6.16789395234, 6.51169329953, 1.00021142585, 1.84425250044, 1.07106885212, 1.08853091411, 1.17458909093, 1.15159753549, 0.988432441647, 8.64332706102, 1.00000041674, 1.00000049456, 98.709714448, 1.0182923552, 3.45341294006, 1.06140206453, 3.42393932976, 0.870000866568, 278.112933512, 19.965717612, 696.790406645, 0.0
3.60512422824, 1.21821119094, 1.40012809827, 1.00000025706, 5.7924550884, 1.1137811231, 3.74624197806, 1.2600009719, 1.00000099838, 5.43351955906, 5.60687660462, 1.01035975751, 1.18299927537, 1.02368800438, 1.00651371549, 1.3653765244, 1.04582203252, 1.04950584528, 3.49186116002, 1.00000061028, 1.00000001418, 94.6132851066, 1.02860519417, 4.41191430816, 0.95305873657, 3.91273252116, 0.870000602737, 135.294579332, 16.3102303516, 1313.16908884, 0.536193029491
5.809050307, 1.35476021375, 1.48766076361, 1.0000006077, 6.69425319939, 1.06388183016, 3.20463066778, 1.26000079472, 1.00000071237, 5.979832877, 7.39085842506, 1.03804819001, 1.89094174158, 1.03774710914, 1.01082674878, 1.20124371972, 1.1483036369, 1.00521794451, 9.80214382288, 1.00000035831, 1.00000054298, 84.2408463991, 1.04851943899, 3.45114283325, 1.02777728308, 4.13708544304, 0.87000001546, 110.835883861, 15.6323645483, 304.379327842, 0.804289544236
1.21234497609, 1.1775566013, 1.73333299874, 1.00000052718, 4.65475701461, 1.00482142449, 1.39331497525, 1.2600007437, 1.00000011221, 6.15021860485, 3.38385988266, 1.0729258792, 3.67724608059, 1.07261954952, 1.00602378883, 1.61464927255, 1.1228089154, 1.10172035489, 8.76043919397, 1.00000081986, 1.00000088723, 75.556265529, 1.03566677036, 4.0786290767, 1.00543695941, 3.80783006775, 0.870000401591, 47.796932503, 9.82834425763, 113.366443633, 4.55764075067
1.21234497609, 1.18107354655, 1.73333299874, 1.00000057816, 5.50003498563, 1.04368029439, 2.6005799278, 1.2600007755, 1.00000011221, 6.09840039542, 6.88310999262, 1.06036165155, 3.67724608059, 1.07261954952, 1.00602378883, 1.61464927255, 1.15588541751, 1.10172035489, 8.76043919397, 1.00000081986, 1.00000088723, 77.7646636285, 1.02846645366, 5.33675557719, 1.06140206453, 4.18908933466, 0.870000244581, 250.154789505, 20.6682501357, 384.32358692, 0.268096514745
5.258052471, 1.28581400953, 1.47100493053, 1.00000060645, 5.6217455873, 1.05606724489, 3.71158879466, 1.26000085229, 1.0000000986, 5.11384114547, 3.85557205067, 1.06498541141, 2.54358475359, 1.05510166527, 1.01531161136, 1.04330262271, 1.080572183, 1.03726266397, 7.92370507438, 1.00000027527, 1.00000002354, 99.1732360485, 1.01456635477, 5.45837934365, 0.991011052385, 3.7409312794, 0.870000984364, 47.4019614924, 9.9664010176, 177.979512309, 1.60857908847
4.23865659569, 1.17252714003, 1.5254634582, 1.00000067423, 4.29936913556, 1.11923441861, 3.23055764052, 1.26000072468, 1.00000010411, 5.14202107537, 4.04736546593, 1.00670836082, 2.17634973774, 1.11090739308, 1.07997786344, 1.03250455017, 1.07468708461, 1.08341518102, 7.76078194336, 1.00000063956, 1.00000098546, 88.2657315159, 1.04668176116, 2.48953973562, 1.05553320129, 4.09180800028, 0.870000245882, 312.300330353, 20.7083939048, 1121.8332697, 0.0
1.70185646079, 1.17252714003, 1.64839208101, 1.00000072704, 5.17276700833, 1.01054533229, 2.55141644414, 1.2600007302, 1.00000029531, 5.72316268803, 4.05934632517, 1.00670836082, 3.5042563993, 1.09790947845, 1.07151470282, 1.01317207018, 1.16196286401, 1.08341518102, 4.53861120239, 1.0000006158, 1.00000040858, 100.56206558, 0.942159937107, 5.05315276609, 1.05613205178, 3.92350350163, 0.870000857183, 35.7480491006, 10.8965883911, 81.5981451183, 2.14477211796
1.68478174486, 1.19534989394, 1.45318957233, 1.00000074844, 4.35567712934, 1.15451919627, 1.80324293996, 1.26000014698, 1.00000079539, 5.03834055639, 6.3174115952, 1.09298188744, 1.30680880748, 1.00136984445, 1.02549386996, 1.48208008913, 1.08036214589, 1.04054279838, 3.72510681568, 1.00000068065, 1.00000061514, 121.275865158, 1.04913545247, 4.35281885495, 0.972212560513, 3.48815654528, 0.870000006694, 96.632139213, 10.53090196, 122.586557113, 7.23860589812
4.87246757793, 1.05569672063, 1.6025220553, 1.00000004218, 6.5451546592, 1.11941232777, 1.74619931568, 1.26000033321, 1.00000024973, 5.683059741, 7.15776572583, 1.03181854569, 1.18598248278, 1.03117286694, 1.07059858698, 1.26839131855, 1.0652759523, 0.945488321189, 5.6547692642, 1.00000024343, 1.00000063997, 80.0139577645, 0.924403696895, 3.02031068778, 0.97221993168, 3.9059085051, 0.870000910334, 117.922602931, 15.9193913936, 571.953107767, 0.804289544236
3.23837846142, 1.18997981436, 1.5254634582, 1.0000005779, 5.34442545412, 1.08973881849, 3.23055764052, 1.26000065253, 1.00000014726, 5.14202107537, 6.08937744596, 1.01658242058, 1.76269608482, 1.03735256391, 1.07972527439, 1.03250455017, 1.07468708461, 1.06992523336, 7.76078194336, 1.00000063956, 1.00000083868, 81.6157759959, 1.05007130894, 2.48953973562, 1.04500471781, 4.25982099558, 0.870000245882, 533.141779204, 34.2396127864, 502.373931075, 0.0
5.99701931363, 1.24837322319, 1.48766076361, 1.00000047092, 6.69425319939, 1.08524067222, 2.21147378513, 1.2600008621, 1.00000071237, 5.979832877, 7.39085842506, 1.03804819001, 1.89094174158, 1.03774710914, 1.01082674878, 1.26359586171, 1.1483036369, 1.00521794451, 9.80214382288, 1.00000035831, 1.00000058346, 83.7714257768, 1.04851943899, 3.45114283325, 0.979362951673, 4.1878679007, 0.870000014726, 288.501368423, 27.1345995817, 595.931418212, 0.0
1.66834102245, 1.03735307669, 1.54830072963, 1.0000000956, 6.25493907539, 1.11216631089, 4.6964933223, 1.26000067059, 1.00000094372, 5.92041435712, 5.75968364513, 1.03495210714, 2.47893986752, 1.02668324258, 1.00164850926, 1.0006731008, 1.10926168579, 0.921821959705, 8.09485171696, 1.00000010421, 1.00000016939, 91.1708195763, 1.00999752447, 5.12538543526, 1.0067188443, 3.92247326622, 0.870000060186, 66.1617780032, 17.5765329132, 315.969637302, 1.34048257373
1.80547338023, 1.20031519272, 1.68212651616, 1.00000095894, 5.6305425083, 1.00620011024, 1.36440380887, 1.26000053351, 1.0000004138, 6.17330752957, 7.23722713332, 1.09818194587, 1.59363785913, 1.05353541241, 1.03433051488, 1.54691346226, 1.08706948835, 1.01012606751, 9.7071697006, 1.00000027831, 1.00000002426, 78.0349920778, 0.91721759962, 2.06320601696, 0.970051009905, 3.74121061604, 0.870000667109, 85.1230103249, 9.68876542114, 608.970601626, 6.43431635389
1.87472744559, 1.21821119094, 1.40012809827, 1.00000025706, 5.7924550884, 1.1137811231, 3.74624197806, 1.2600009719, 1.00000099838, 5.43351955906, 6.47699457478, 1.01035975751, 1.18598248278, 1.02330734287, 1.00651371549, 1.26839131855, 1.04582203252, 1.04950584528, 3.49186116002, 1.00000061028, 1.00000063997, 94.6132851066, 1.02860519417, 4.41191430816, 0.95305873657, 3.91273252116, 0.870000602737, 69.0729367483, 9.70437781611, 365.614286656, 9.38337801609
3.23837846142, 1.18997981436, 1.5254634582, 1.00000067423, 4.29936913556, 1.08973881849, 3.23055764052, 1.26000072468, 1.00000010411, 5.14202107537, 4.04736546593, 1.0729258792, 2.17634973774, 1.11090739308, 1.07997786344, 1.03250455017, 1.07468708461, 1.06992523336, 7.76078194336, 1.00000063956, 1.00000098546, 88.2657315159, 1.04668176116, 2.48953973562, 1.05553320129, 4.09180800028, 0.870000245882, 406.363210011, 31.481173277, 639.602620184, 0.0
5.258052471, 1.28581400953, 1.47100493053, 1.00000060645, 5.6217455873, 1.05606724489, 3.71158879466, 1.26000085229, 1.0000000986, 5.11384114547, 4.54045241859, 1.06498541141, 2.54358475359, 1.05510166527, 1.01531161136, 1.04330262271, 1.080572183, 1.03726266397, 7.92370507438, 1.00000061666, 1.00000002354, 95.095836673, 1.01456635477, 5.45837934365, 0.991011052385, 3.7409312794, 0.87000097863, 528.485866111, 24.3890059178, 384.300097162, 0.536193029491
1.82765955279, 1.30962003318, 1.5254634582, 1.00000075898, 4.29936913556, 1.07518976829, 4.66561458743, 1.2600007437, 1.00000056594, 5.53199815486, 3.38385988266, 1.02592835939, 3.38993461264, 1.00491258263, 1.06143461805, 1.03901575144, 1.03771290031, 0.934702440306, 6.51183482036, 1.0000007082, 1.00000033295, 121.275865158, 0.993231076812, 4.98397468767, 0.958127753521, 3.40069717355, 0.870000171357, 585.747473981, 25.89779295, 744.590326849, 0.0
5.91811695077, 1.09264078615, 1.46991641709, 1.00000042976, 6.996795084, 1.06344884207, 2.37292077645, 1.26000075189, 1.00000058149, 5.11861336303, 3.75718009563, 1.02441315778, 1.34764070228, 1.08770221447, 1.05955365513, 1.04002451005, 1.06806597312, 0.931211499816, 9.80214382288, 1.00000050441, 1.00000036472, 89.4299166066, 0.97126122788, 5.52552323917, 0.95364150811, 3.85170605474, 0.870000819066, 649.104559112, 20.5180125304, 6989.75158553, 0.0
3.94473880767, 1.33752902946, 1.44936941931, 1.00000030048, 4.2545387136, 1.10315517086, 1.52224815938, 1.26000052083, 1.0000003532, 5.5670000534, 3.20399657662, 1.01448798611, 1.29533202505, 1.09675204005, 1.0602052661, 1.45878215694, 1.16300481621, 0.925501428111, 8.62413546992, 1.00000033028, 1.00000078789, 111.028949414, 1.05007130894, 2.27059067827, 0.984173133917, 4.32606620425, 0.870000982807, 596.714116999, 20.6645931862, 1819.67624415, 0.0
5.809050307, 1.28531602641, 1.48766076361, 1.0000006077, 6.69425319939, 1.09500454404, 3.20463066778, 1.26000070735, 1.00000071237, 5.979832877, 7.39085842506, 1.03804819001, 1.89094174158, 1.03774710914, 1.01082674878, 1.52024518884, 1.1483036369, 1.00521794451, 4.49071122193, 1.00000027156, 1.00000054298, 85.6252552502, 1.04851943899, 3.45114283325, 0.979362951673, 4.13708544304, 0.87000001546, 316.995896061, 21.6899854755, 1974.93181257, 0.0
3.60512422824, 1.21821119094, 1.40012809827, 1.00000012208, 4.70348458684, 1.1137811231, 3.74624197806, 1.2600009377, 1.00000099838, 5.43351955906, 5.60687660462, 1.09254087013, 1.43389796148, 1.02368800438, 1.00651371549, 1.3653765244, 1.04582203252, 1.04950584528, 3.49186116002, 1.00000049061, 1.00000001418, 117.49337574, 1.02860519417, 4.41191430816, 0.95305873657, 3.91273252116, 0.870000999718, 355.316649177, 21.5240497032, 4032.70292255, 0.0
4.75518509418, 1.03735307669, 1.42545197569, 1.00000037044, 6.25493907539, 1.11216631089, 4.6964933223, 1.26000091806, 1.00000073725, 5.92041435712, 5.75968364513, 1.08729608137, 2.47893986752, 1.10514452696, 1.07833634773, 1.02217851095, 1.10926168579, 0.921821959705, 9.85803757722, 1.00000010947, 1.00000016939, 91.1708195763, 1.00999752447, 5.29309885207, 0.998024920699, 4.19582601874, 0.870000008582, 63.3656839543, 10.590888883, 311.453339823, 4.28954423592
3.53667561379, 1.12722615372, 1.49092532836, 1.00000012208, 4.49587894134, 1.0550314067, 1.75710524548, 1.26000065253, 1.00000011822, 6.16789395234, 6.51169329953, 1.05604475374, 1.84425250044, 1.07106885212, 1.08853091411, 1.17458909093, 1.15159753549, 0.988432441647, 8.64332706102, 1.00000041674, 1.00000033906, 98.709714448, 1.04153842996, 3.02220091033, 0.998787225, 3.42393932976, 0.870000866568, 57.2396480008, 10.4562070336, 746.566963683, 2.14477211796
4.10942929799, 1.08415473717, 1.39178981813, 1.00000056866, 5.83018036742, 1.05255248059, 2.55273588343, 1.26000014698, 1.00000020042, 5.34444323216, 5.75965365876, 1.04822665902, 2.6882530744, 1.10513835799, 1.07842203653, 1.20124371972, 1.16701567679, 1.02818656048, 9.27250789281, 1.00000096383, 1.00000080292, 75.9663331641, 1.08882688581, 5.53424782047, 1.02777728308, 3.95796406432, 0.870000190248, 101.65807787, 12.9754228336, 1238.48712058, 1.60857908847
5.258052471, 1.28581400953, 1.47100493053, 1.00000060645, 5.6217455873, 1.05606724489, 3.71158879466, 1.26000085229, 1.0000000986, 5.11384114547, 4.54045241859, 1.06498541141, 2.54358475359, 1.05510166527, 1.01531161136, 1.04330262271, 1.080572183, 1.03726266397, 7.92370507438, 1.00000027527, 1.00000002354, 95.095836673, 1.01456635477, 5.45837934365, 0.991011052385, 3.7409312794, 0.87000094993, 351.791540733, 17.5929605142, 4128.72832858, 0.536193029491
2.59553660277, 1.129366205, 1.65520480382, 1.00000051248, 6.1464128996, 1.1868684623, 5.78421287132, 1.26000007022, 1.0000004593, 5.18264628792, 4.45406813486, 1.03627298226, 1.3491913248, 1.04961133477, 1.04469631467, 1.49920486767, 1.06783161277, 0.961636300627, 3.99486505355, 1.00000094155, 1.00000080893, 100.56206558, 0.919578641806, 2.75144033116, 0.980916499905, 3.57546635417, 0.870000777535, 88.3648195242, 10.0248997052, 237.384898278, 6.70241286863
5.86783630833, 1.102507043, 1.54308003939, 1.00000004218, 5.9591282742, 1.10315517086, 2.89747113862, 1.26000002159, 1.00000024973, 5.04464437729, 7.54754868349, 1.03181854569, 1.30680880748, 1.03117286694, 1.07059858698, 1.29504730225, 1.16440728248, 0.945488321189, 5.6547692642, 1.00000003594, 1.00000054298, 94.6132851066, 0.924403696895, 3.02031068778, 0.97221993168, 3.9059085051, 0.870000945178, 174.10576675, 17.0648128039, 593.20876214, 1.07238605898
1.39576795154, 1.33463438734, 1.66950400223, 1.0000001508, 5.25931019005, 1.00496737158, 2.56256769451, 1.26000066, 1.00000072995, 6.09789813138, 3.37917212084, 1.04766999094, 2.03861928504, 1.10011018241, 1.03706097645, 1.34790245915, 1.09623276313, 0.920353355216, 6.8325727105, 1.00000089421, 1.00000043863, 76.4075871953, 0.94376155958, 3.02031068778, 0.979796750032, 4.33987535935, 0.870000655362, 392.819258259, 32.0397625653, 903.198038076, 0.0
4.84567655976, 1.18312440725, 1.39178981813, 1.00000060645, 5.83018036742, 1.05255248059, 2.96916996725, 1.26000014698, 1.00000020042, 5.06753775748, 6.97597211527, 1.03817186292, 2.61881775562, 1.10513835799, 1.02532870898, 1.52024518884, 1.1405208012, 0.967534043312, 7.26889436177, 1.00000049197, 1.00000091535, 76.6891873779, 1.08682119176, 5.64093023409, 0.979362951673, 4.09288706426, 0.870000190248, 130.231781418, 22.3998659619, 338.941070234, 1.07238605898
5.10624742625, 1.17897175405, 1.44930461429, 1.00000001146, 6.26806770078, 1.02209015409, 4.3880054976, 1.2600002225, 1.00000056594, 6.06476966013, 5.85048544756, 1.02592835939, 1.48250736937, 1.08599092452, 1.05937293072, 1.19277131622, 1.03771290031, 0.934702440306, 9.93681354879, 1.00000060829, 1.00000022569, 91.2790354534, 0.960965038122, 4.56362283745, 1.04205492562, 3.35177715896, 0.87000084996, 85.2759495785, 10.2872516143, 1887.28697668, 4.82573726542
3.70828088875, 1.102507043, 1.68635418104, 1.00000001426, 6.50244708001, 1.10315517086, 1.3553907799, 1.26000026973, 1.00000035935, 5.97222170774, 3.5520823514, 1.08099070387, 2.53077213688, 1.06156912013, 1.01630631133, 1.01122917167, 1.11380615625, 1.06644809935, 9.93681354879, 1.00000060829, 1.00000090008, 90.056870765, 0.94467182075, 2.56082900552, 1.04348129184, 3.93620724446, 0.870000207288, 303.653759859, 21.1116032974, 1182.21376017, 0.268096514745
3.70828088875, 1.102507043, 1.68635418104, 1.00000001426, 6.50244708001, 1.10315517086, 1.3553907799, 1.26000026973, 1.00000035935, 5.97222170774, 4.80248861319, 1.08099070387, 2.53077213688, 1.06156912013, 1.01630631133, 1.01122917167, 1.10823417867, 1.06644809935, 9.93681354879, 1.00000060829, 1.00000087698, 90.056870765, 0.94467182075, 2.56082900552, 1.04348129184, 3.93620724446, 0.870000207288, 211.634959853, 18.1426700095, 546.411047168, 1.07238605898
1.82981710216, 1.22172899239, 1.42545197569, 1.00000006576, 6.76067078667, 1.13020746274, 1.90853663929, 1.26000048686, 1.00000010139, 5.1798140639, 6.10540914845, 1.0422447916, 3.84138672262, 1.10514452696, 1.07750724126, 1.62520665613, 1.08153585853, 1.09562550088, 4.56916870887, 1.00000043272, 1.00000052906, 120.809857832, 1.05008700323, 1.77545866187, 0.953731527909, 4.06701242499, 0.870000467575, 455.566147487, 31.842813489, 1026.5037542, 0.0
3.02650437703, 1.18312440725, 1.39178981813, 1.00000060645, 5.83018036742, 1.05255248059, 2.55273588343, 1.26000014698, 1.00000020042, 5.11384114547, 6.97597211527, 1.03817186292, 2.6882530744, 1.10513835799, 1.02532870898, 1.20124371972, 1.16701567679, 0.922703863235, 7.26889436177, 1.00000096383, 1.00000091535, 76.6891873779, 1.08682119176, 5.64093023409, 1.02777728308, 4.06740244345, 0.870000190248, 463.925356379, 31.9190959243, 950.21110533, 0.0
1.66834102245, 1.27599967884, 1.54830072963, 1.00000019546, 6.95897515492, 1.11216631089, 4.6964933223, 1.26000070307, 1.00000094372, 5.92041435712, 5.75968364513, 1.08729608137, 2.47893986752, 1.02668324258, 1.00164850926, 1.0006731008, 1.10926168579, 0.921821959705, 8.09485171696, 1.00000083212, 1.00000016939, 91.1708195763, 1.00999752447, 2.19325316245, 0.998024920699, 3.92247326622, 0.870000060186, 183.544084589, 13.1304823179, 176.627411783, 6.16621983914
3.66288210171, 1.05569672063, 1.6025220553, 1.0000001146, 6.5451546592, 1.11941232777, 2.75845989165, 1.26000033321, 1.00000024973, 5.11384114547, 7.15776572583, 1.03181854569, 1.18598248278, 1.03117286694, 1.05217868094, 1.26839131855, 1.0652759523, 0.945488321189, 5.6547692642, 1.00000024343, 1.00000084838, 80.0139577645, 0.924403696895, 2.67619119177, 0.97221993168, 3.57930890561, 0.870000910334, 109.688190458, 10.6071070629, 247.328511992, 5.63002680965
2.30841614389, 1.19534989394, 1.45318957233, 1.00000074844, 4.35567712934, 1.15451919627, 1.95832844433, 1.26000014698, 1.00000079539, 5.03834055639, 6.3174115952, 1.09298188744, 1.30680880748, 1.01542919248, 1.02549386996, 1.48208008913, 1.08036214589, 1.04054279838, 9.50169356382, 1.00000068065, 1.00000061514, 98.9221332934, 1.04913545247, 4.35281885495, 0.972212560513, 3.48815654528, 0.870000006694, 365.139788248, 31.1610577243, 1144.61993608, 0.0
5.99701931363, 1.24837322319, 1.48766076361, 1.00000047092, 6.69425319939, 1.15090852847, 1.36440380887, 1.2600008621, 1.00000071237, 5.979832877, 7.39085842506, 1.03804819001, 1.89094174158, 1.03774710914, 1.01082674878, 1.26359586171, 1.1483036369, 1.00521794451, 9.80214382288, 1.00000035831, 1.00000058346, 83.7714257768, 1.04851943899, 4.84253276852, 0.979362951673, 4.1878679007, 0.870000014726, 352.497565149, 29.4915868479, 1146.71993889, 0.0
5.809050307, 1.28531602641, 1.48766076361, 1.0000006077, 6.69425319939, 1.09500454404, 3.20463066778, 1.26000079472, 1.00000071237, 5.979832877, 7.39085842506, 1.03804819001, 1.89094174158, 1.03774710914, 1.01082674878, 1.52024518884, 1.1483036369, 1.00521794451, 9.80214382288, 1.00000035831, 1.00000054298, 89.4299166066, 1.04851943899, 3.45114283325, 0.979362951673, 4.13708544304, 0.87000001546, 321.0081583, 29.7669983826, 406.94922099, 0.536193029491
3.02650437703, 1.30996672756, 1.66439902405, 1.00000004487, 5.83018036742, 1.05255248059, 2.55273588343, 1.26000014698, 1.00000020042, 5.18916222476, 6.97597211527, 1.03817186292, 2.6882530744, 1.10513835799, 1.02532870898, 1.42385115897, 1.05844711626, 0.923217764001, 9.27250789281, 1.00000096986, 1.00000091535, 90.7758163257, 0.927194145647, 5.53424782047, 0.979362951673, 4.06740244345, 0.870000190248, 688.200089802, 21.1798715889, 1955.68827629, 0.0
5.809050307, 1.35476021375, 1.48766076361, 1.0000006077, 6.69425319939, 1.06388183016, 3.20463066778, 1.26000079472, 1.00000071237, 5.979832877, 7.39085842506, 1.03804819001, 1.89094174158, 1.03774710914, 1.01082674878, 1.20124371972, 1.09634044618, 1.00521794451, 9.80214382288, 1.00000035831, 1.00000054298, 84.2408463991, 1.00999752447, 3.45114283325, 1.02777728308, 4.13708544304, 0.870000010784, 132.988517619, 13.1014357474, 227.209510366, 2.68096514745
3.53667561379, 1.12722615372, 1.49092532836, 1.0000005779, 4.49587894134, 1.0550314067, 3.51919737888, 1.26000065253, 1.00000011868, 6.16789395234, 6.51169329953, 1.00021142585, 1.84425250044, 1.07106885212, 1.08853091411, 1.17458909093, 1.15159753549, 0.945488321189, 8.64332706102, 1.00000041674, 1.00000045332, 98.709714448, 1.0182923552, 3.45341294006, 1.06140206453, 3.42393932976, 0.870000866568, 118.911093782, 11.160069647, 372.194624495, 2.9490616622
3.15257348408, 1.03119800271, 1.43851971753, 1.00000079544, 5.24622471381, 1.02400400754, 2.37292077645, 1.2600006907, 1.00000061617, 5.36148472802, 7.06800235996, 1.07907980585, 1.60764773876, 1.02339631963, 1.07836710602, 1.57526333439, 1.15324594712, 1.08554647647, 5.75817154742, 1.00000081768, 1.00000038479, 99.6114171706, 0.991951359836, 1.42211272953, 1.05525815002, 4.21358259225, 0.870000750152, 201.280331383, 15.1174851478, 238.31032547, 1.60857908847
1.82981710216, 1.22172899239, 1.42545197569, 1.00000006576, 6.76067078667, 1.13020746274, 1.90853663929, 1.26000048686, 1.00000062517, 5.1798140639, 6.10540914845, 1.0422447916, 3.84138672262, 1.10514452696, 1.07750724126, 1.62520665613, 1.08153585853, 1.09562550088, 4.99169278888, 1.00000043272, 1.00000014675, 120.809857832, 1.05008700323, 1.77545866187, 0.953731527909, 3.40069717355, 0.870000467575, 111.953092098, 15.4537405322, 579.05614714, 1.60857908847
1.42866653515, 1.12062532846, 1.57195042764, 1.00000062719, 6.66890301073, 1.02320609361, 5.77907420182, 1.26000099846, 1.00000001898, 5.60098234313, 5.63434787451, 1.09832344484, 1.60530509971, 1.00996880747, 1.05696553131, 1.5607344968, 1.12025865232, 0.923088343335, 9.29093577485, 1.00000067822, 1.00000053197, 90.1818418088, 1.0492203596, 4.61530150899, 1.06008438198, 3.92186792599, 0.870000446741, 531.633086508, 24.4023123275, 2224.39197689, 0.0
3.15257348408, 1.03119800271, 1.39178981813, 1.00000060645, 5.62128776955, 1.05255248059, 5.05575419588, 1.26000014698, 1.00000020042, 5.06753775748, 6.97597211527, 1.03817186292, 2.61881775562, 1.10513835799, 1.02532870898, 1.52024518884, 1.1405208012, 0.967534043312, 7.26889436177, 1.00000049197, 1.00000038479, 76.6891873779, 1.08682119176, 5.64093023409, 0.979362951673, 4.09288706426, 0.870000294975, 259.712364339, 26.0564347156, 187.717298714, 2.14477211796
3.15257348408, 1.03119800271, 1.50268620526, 1.00000079544, 5.24622471381, 1.02400400754, 1.60665167789, 1.2600006907, 1.00000061617, 5.36148472802, 6.10540914845, 1.07087234226, 2.15869597633, 1.02339631963, 1.07836710602, 1.62603659496, 1.15324594712, 1.08554647647, 5.75817154742, 1.00000081768, 1.00000038479, 99.6114171706, 1.05008700323, 1.42211272953, 1.05525815002, 4.21358259225, 0.870000750152, 96.3564043341, 10.6099026525, 1295.43270484, 5.8981233244
3.66288210171, 1.00779194895, 1.6025220553, 1.0000001146, 6.5451546592, 1.11941232777, 2.41022436967, 1.26000033321, 1.00000024973, 5.35812860266, 7.15776572583, 1.03181854569, 1.18598248278, 1.03117286694, 1.04574100183, 1.26839131855, 1.0652759523, 0.945488321189, 5.1951858795, 1.00000024343, 1.00000032248, 80.0139577645, 0.924403696895, 2.67619119177, 0.97221993168, 4.03570496342, 0.870000910334, 76.7426563049, 18.5128728289, 285.410989644, 1.87667560322
1.70185646079, 1.17252714003, 1.64839208101, 1.00000072704, 5.17276700833, 1.00535878795, 2.55141644414, 1.26000064672, 1.00000029531, 5.15760956913, 4.05934632517, 1.00625161733, 1.65760156928, 1.09578116672, 1.07151470282, 1.01317207018, 1.16196286401, 1.08341518102, 8.35633105726, 1.0000006158, 1.00000040858, 100.56206558, 0.942159937107, 4.79006774851, 1.05613205178, 3.95876498655, 0.870000857183, 874.899455953, 29.4835834646, 1627.68961083, 0.0
3.70828088875, 1.102507043, 1.424594215, 1.00000055793, 6.50244708001, 1.10315517086, 1.3553907799, 1.26000026973, 1.00000035935, 5.97222170774, 4.80248861319, 1.08099070387, 2.53077213688, 1.06156912013, 1.01630631133, 1.01122917167, 1.11380615625, 1.06644809935, 7.9997555699, 1.00000069703, 1.00000098546, 111.028949414, 0.94467182075, 2.56082900552, 1.00615429897, 4.23770235019, 0.870000207288, 292.851601883, 17.0647679374, 1005.86888158, 1.07238605898
3.60512422824, 1.21821119094, 1.40012809827, 1.00000012208, 5.97277508176, 1.13634684202, 5.53680053149, 1.2600005503, 1.00000099838, 5.43351955906, 3.94964075543, 1.09254087013, 1.11465186921, 1.02368800438, 1.00651371549, 1.3653765244, 1.05054467509, 1.04950584528, 3.49186116002, 1.00000084879, 1.00000027118, 117.49337574, 1.02860519417, 4.41191430816, 0.95305873657, 3.91273252116, 0.870000705199, 134.960709533, 11.8687137361, 740.428226482, 5.36193029491
4.00505875153, 1.17451693333, 1.55088192025, 1.00000075898, 4.34099233339, 1.05394555543, 4.51756412139, 1.2600007437, 1.00000056594, 5.53199815486, 3.38385988266, 1.02592835939, 3.38993461264, 1.00491258263, 1.06143461805, 1.03901575144, 1.03771290031, 1.06496669745, 3.72510681568, 1.00000035803, 1.00000033295, 121.275865158, 0.993231076812, 4.98397468767, 0.958127753521, 3.40069717355, 0.870000171357, 106.215110804, 15.9762890873, 1267.99601074, 1.60857908847
5.79441405276, 1.23981512738, 1.37688510583, 1.0000000476, 4.59841702634, 1.13712568482, 1.09974540484, 1.260000442, 1.00000074658, 5.52417176722, 3.48922854523, 1.00329995752, 2.18887787063, 1.05471091268, 1.06252570151, 1.02087541359, 1.10356284069, 0.916014314492, 3.57656016435, 1.00000014275, 1.00000051099, 80.4790108935, 0.951007339018, 2.00773780883, 0.992891003358, 4.06163947619, 0.87000047713, 310.362299586, 14.8946889372, 3036.66175414, 1.60857908847
5.10624742625, 1.17897175405, 1.424594215, 1.00000001146, 6.26806770078, 1.00429460206, 3.28018518206, 1.2600002225, 1.00000056594, 6.06476966013, 5.85048544756, 1.02592835939, 3.64594843839, 1.08599092452, 1.05937293072, 1.19277131622, 1.03771290031, 1.00024581468, 7.9997555699, 1.00000069703, 1.00000022569, 91.2790354534, 1.05309744228, 4.56362283745, 1.04205492562, 3.35177715896, 0.87000084996, 87.9444771309, 20.096973713, 354.223424888, 1.60857908847
3.53667561379, 1.12722615372, 1.49092532836, 1.0000005779, 4.49587894134, 1.0550314067, 3.51919737888, 1.26000065253, 1.00000011868, 6.16789395234, 6.51169329953, 1.05604475374, 1.84425250044, 1.07106885212, 1.08853091411, 1.17458909093, 1.15159753549, 0.988432441647, 8.64332706102, 1.00000041674, 1.00000033906, 98.709714448, 1.0182923552, 3.02220091033, 0.998787225, 3.42393932976, 0.870000866568, 227.718592429, 15.4364818048, 980.684510866, 1.60857908847
1.21234497609, 1.1775566013, 1.73333299874, 1.00000052718, 5.50003498563, 1.00482142449, 2.20748286208, 1.26000002451, 1.00000011221, 6.09840039542, 6.88310999262, 1.0729258792, 3.67724608059, 1.07261954952, 1.00602378883, 1.61464927255, 1.11932922109, 1.10172035489, 8.76043919397, 1.00000081986, 1.00000088723, 80.2054145845, 1.03566677036, 4.0786290767, 1.00543695941, 3.80783006775, 0.870000401591, 146.516873516, 16.620673944, 223.316240887, 2.9490616622
4.79769056633, 1.102507043, 1.424594215, 1.00000055793, 6.50244708001, 1.17204294679, 1.3553907799, 1.26000078772, 1.00000035935, 5.97231680165, 4.80248861319, 1.08099070387, 2.53077213688, 1.02339631963, 1.01630631133, 1.01122917167, 1.11380615625, 1.06644809935, 7.9997555699, 1.00000069703, 1.00000098546, 111.028949414, 0.94467182075, 2.56082900552, 1.00615429897, 4.23770235019, 0.870000750152, 174.285411413, 18.2545030407, 212.330788037, 3.75335120643
3.15257348408, 1.03119800271, 1.43851971753, 1.00000079544, 5.24622471381, 1.02400400754, 5.82596162416, 1.2600006907, 1.0000003004, 5.36148472802, 7.06800235996, 1.07907980585, 1.60764773876, 1.02339631963, 1.07836710602, 1.57526333439, 1.15324594712, 1.09754336514, 5.75817154742, 1.00000081768, 1.00000038479, 99.6114171706, 0.991951359836, 1.42211272953, 1.05525815002, 4.21358259225, 0.870000750152, 343.78100112, 14.9772918644, 376.222915528, 2.14477211796
1.70185646079, 1.17252714003, 1.64839208101, 1.00000072704, 5.17276700833, 1.01054533229, 2.55141644414, 1.2600007302, 1.00000083916, 5.38806563483, 4.05934632517, 1.00625161733, 2.6882530744, 1.09578116672, 1.07151470282, 1.01317207018, 1.16196286401, 1.08341518102, 7.73055592495, 1.0000006158, 1.00000040858, 100.56206558, 0.942159937107, 5.26347577979, 1.01491261506, 3.95876498655, 0.870000857183, 102.538667642, 15.0713197143, 601.415486944, 2.14477211796
4.52100646544, 1.2684930366, 1.7035987883, 1.00000041347, 4.8799997319, 1.11552921257, 4.9508520572, 1.2600009943, 1.00000056745, 5.1078765308, 4.48448574681, 1.00021142585, 2.52905966881, 1.08674328937, 1.06679045007, 1.1386645196, 1.05120138748, 0.964222207726, 8.33222029699, 1.00000021291, 1.00000090573, 86.7881696188, 0.939331970562, 5.84233539723, 0.960740353003, 4.16552276971, 0.870000847357, 171.309702682, 12.2688692414, 1661.79782186, 4.28954423592
4.00505875153, 1.17451693333, 1.55088192025, 1.00000075898, 4.65475701461, 1.06976139438, 4.51756412139, 1.2600007437, 1.00000056594, 5.53199815486, 3.38385988266, 1.02592835939, 3.38993461264, 1.00491258263, 1.06143461805, 1.03901575144, 1.03771290031, 1.06496669745, 3.72510681568, 1.00000035803, 1.00000033295, 121.275865158, 0.993231076812, 4.98397468767, 0.958127753521, 3.40069717355, 0.870000171357, 272.718537863, 16.5941127053, 194.709889752, 5.36193029491
2.23299491746, 1.09037240851, 1.38712537419, 1.00000063476, 4.3294030653, 1.08267261825, 5.84400406223, 1.2600007741, 1.00000026018, 5.44600850304, 5.78033341083, 1.09406176066, 1.24998012357, 1.07971701312, 1.04887680083, 1.39416005748, 1.00467688345, 1.01602341971, 4.54912914871, 1.00000069185, 1.00000010761, 120.926594178, 1.06616376544, 4.63543203983, 1.06337765118, 3.4225277526, 0.870000857183, 745.948410514, 23.618647124, 4157.69132781, 0.0
1.16640226893, 1.1530369834, 1.73333299874, 1.00000057816, 5.50003498563, 1.04368029439, 2.6005799278, 1.26000023708, 1.00000011221, 6.09840039542, 6.88310999262, 1.05358101307, 3.67724608059, 1.07261954952, 1.06185542161, 1.61464927255, 1.15588541751, 1.10172035489, 8.76043919397, 1.00000081986, 1.00000088723, 77.7646636285, 1.02846645366, 4.0786290767, 1.06140206453, 4.18908933466, 0.870000401591, 211.932191376, 27.8757234882, 1552.39687778, 0.536193029491
5.10624742625, 1.17897175405, 1.44930461429, 1.00000001146, 6.26806770078, 1.02209015409, 4.3880054976, 1.2600002225, 1.00000056594, 6.06476966013, 5.85048544756, 1.02592835939, 1.48250736937, 1.08599092452, 1.05937293072, 1.19277131622, 1.03771290031, 0.934702440306, 9.93681354879, 1.00000060829, 1.00000022569, 91.2790354534, 0.960965038122, 4.56362283745, 1.04205492562, 3.35177715896, 0.87000084996, 232.007316657, 13.4031117227, 1377.39510909, 2.9490616622
1.70185646079, 1.17252714003, 1.64839208101, 1.00000072704, 5.17276700833, 1.01054533229, 2.55141644414, 1.2600007302, 1.00000029531, 5.15760956913, 4.05934632517, 1.00625161733, 1.65760156928, 1.09578116672, 1.07151470282, 1.01317207018, 1.16196286401, 1.08341518102, 7.73055592495, 1.0000006158, 1.00000040858, 100.56206558, 0.942159937107, 5.26347577979, 1.05613205178, 3.95876498655, 0.870000857183, 146.567397534, 13.9584522219, 298.343718078, 4.02144772118
5.58749416181, 1.25805833359, 1.44883993479, 1.00000027123, 4.29936913556, 1.08973881849, 3.23055764052, 1.26000090461, 1.00000010411, 4.99612190546, 4.04736546593, 1.0729258792, 3.96940183439, 1.11090739308, 1.07892996383, 1.03250455017, 1.13384250486, 1.06992523336, 7.76078194336, 1.00000063956, 1.00000053781, 88.2657315159, 1.04668176116, 2.48953973562, 1.06943427698, 4.09180800028, 0.870000245882, 193.770142816, 12.4210181483, 1040.9899567, 5.8981233244
3.53667561379, 1.32071392343, 1.49092532836, 1.00000012208, 6.56485846078, 1.0550314067, 1.75710524548, 1.26000065253, 1.00000011822, 6.16789395234, 6.51169329953, 1.05604475374, 1.84425250044, 1.07106885212, 1.08853091411, 1.17458909093, 1.15159753549, 0.988432441647, 8.64332706102, 1.00000032645, 1.00000033906, 76.4075871953, 1.04153842996, 3.02220091033, 0.998787225, 3.42393932976, 0.870000866568, 164.100866098, 16.9345378683, 294.584406091, 2.41286863271
5.809050307, 1.35476021375, 1.48766076361, 1.0000006077, 6.69425319939, 1.06388183016, 3.20463066778, 1.26000070431, 1.00000071237, 5.979832877, 7.39085842506, 1.03804819001, 1.89094174158, 1.03774710914, 1.01082674878, 1.20124371972, 1.05844711626, 1.00521794451, 9.80214382288, 1.00000035831, 1.00000054298, 84.2408463991, 1.00999752447, 3.45114283325, 1.02777728308, 4.13708544304, 0.870000010784, 144.127145814, 11.9314954547, 1470.77033906, 6.16621983914
3.60512422824, 1.18312440725, 1.39178981813, 1.00000060645, 5.83018036742, 1.05255248059, 2.96916996725, 1.26000011436, 1.00000020042, 5.06753775748, 6.97597211527, 1.03817186292, 1.67525056356, 1.10513835799, 1.0671000298, 1.52024518884, 1.1405208012, 0.967534043312, 8.90170262587, 1.00000042187, 1.00000091535, 76.6891873779, 1.08682119176, 5.64093023409, 0.979362951673, 4.09288706426, 0.870000190248, 143.376351995, 11.8511729855, 1697.79743804, 10.4557640751
1.66834102245, 1.03735307669, 1.42545197569, 1.00000037044, 6.25493907539, 1.11216631089, 4.6964933223, 1.26000070307, 1.00000073725, 5.92041435712, 5.75968364513, 1.08729608137, 2.47893986752, 1.10514452696, 1.07833634773, 1.04240462624, 1.10926168579, 0.921821959705, 8.09485171696, 1.00000010947, 1.00000016939, 91.1708195763, 1.00999752447, 5.29309885207, 0.998024920699, 4.19582601874, 0.870000060186, 557.840581059, 25.1394861107, 4439.44238167, 0.0
1.80547338023, 1.23105782884, 1.71284637455, 1.00000048989, 4.31212968551, 1.08859867726, 1.36440380887, 1.2600007302, 1.00000063885, 6.18620157489, 7.23722713332, 1.09818194587, 1.59363785913, 1.01641125889, 1.03433051488, 1.39438498228, 1.1683611713, 1.01012606751, 9.7071697006, 1.00000027831, 1.00000021506, 76.6386683317, 1.08357929292, 2.06320601696, 1.05942033887, 3.74121061604, 0.870000039647, 274.802753422, 29.3262864215, 1201.76220245, 0.536193029491
4.10942929799, 1.08415473717, 1.39178981813, 1.00000056866, 5.83018036742, 1.05255248059, 2.55273588343, 1.26000014698, 1.00000020042, 5.683059741, 5.75965365876, 1.04822665902, 2.6882530744, 1.10513835799, 1.07842203653, 1.20124371972, 1.16701567679, 0.923217764001, 9.27250789281, 1.00000096383, 1.00000080292, 90.7758163257, 1.08882688581, 5.53424782047, 1.02777728308, 4.06740244345, 0.870000190248, 231.566905233, 19.8124463706, 3077.49247439, 0.804289544236
1.16640226893, 1.1530369834, 1.73333299874, 1.00000057816, 5.50003498563, 1.04368029439, 2.6005799278, 1.2600009943, 1.00000011221, 6.09840039542, 6.88310999262, 1.05358101307, 3.67724608059, 1.07261954952, 1.06185542161, 1.61464927255, 1.15588541751, 1.10172035489, 8.76043919397, 1.00000081986, 1.00000088723, 77.7646636285, 1.02846645366, 4.0786290767, 1.06140206453, 4.18908933466, 0.870000401591, 143.483631358, 11.8779620727, 3969.08241347, 9.65147453083
3.94473880767, 1.2181851734, 1.47354524822, 1.00000030048, 4.2545387136, 1.13921256431, 3.48924007061, 1.26000052083, 1.00000026827, 6.07089307466, 3.20399657662, 1.01448798611, 1.47328880931, 1.09675204005, 1.0602052661, 1.45878215694, 1.10823417867, 0.925501428111, 5.59145574411, 1.00000027073, 1.00000078789, 101.826226712, 1.05007130894, 1.91968201577, 1.04100992951, 4.31925061233, 0.870000688945, 195.238410254, 12.203546772, 2044.99032107, 8.3109919571
5.55754645252, 1.22259065051, 1.66205683495, 1.00000066255, 5.39851206585, 1.13890191112, 3.66852487712, 1.26000099936, 1.00000085241, 5.43351955906, 6.50631989024, 1.05358101307, 2.67529215325, 1.02263054479, 1.06185542161, 1.59055432451, 1.13848060516, 1.06570938438, 8.73033389408, 1.00000026129, 1.00000013918, 94.6132851066, 0.931449985551, 5.4872908125, 1.00848771644, 4.11875556137, 0.870000809994, 574.275668918, 26.4810143254, 739.37860182, 0.536193029491
1.70185646079, 1.17252714003, 1.64839208101, 1.00000072704, 5.17276700833, 1.08859867726, 2.55141644414, 1.2600007302, 1.00000029531, 5.72316268803, 4.05934632517, 1.00670836082, 3.20468968622, 1.09790947845, 1.07151470282, 1.01317207018, 1.16196286401, 1.08341518102, 4.53861120239, 1.0000006158, 1.00000040858, 100.56206558, 0.942159937107, 5.05315276609, 1.05613205178, 3.7409312794, 0.870000857183, 749.166574574, 26.9373024453, 2184.25117532, 0.0
5.50995530157, 1.05569672063, 1.54308003939, 1.00000004218, 5.9591282742, 1.11941232777, 2.89747113862, 1.26000002159, 1.00000024973, 5.04464437729, 7.54754868349, 1.03181854569, 1.30680880748, 1.03117286694, 1.07059858698, 1.29504730225, 1.1511303841, 0.945488321189, 5.6547692642, 1.00000003594, 1.00000054298, 94.6132851066, 0.924403696895, 3.02031068778, 0.97221993168, 3.9059085051, 0.870000945178, 293.375911934, 14.236783748, 406.139918567, 4.28954423592
1.82981710216, 1.22172899239, 1.46556635715, 1.00000019094, 6.76067078667, 1.13020746274, 1.90853663929, 1.26000048686, 1.00000010139, 5.1798140639, 6.10540914845, 1.03369425859, 3.84138672262, 1.04651455337, 1.07750724126, 1.62520665613, 1.02423059545, 1.09562550088, 5.19796329227, 1.00000037727, 1.00000052906, 120.809857832, 1.05008700323, 1.77545866187, 0.953731527909, 4.06701242499, 0.870000467575, 78.3575095365, 19.374419283, 455.491347031, 2.68096514745
2.30841614389, 1.19534989394, 1.45318957233, 1.00000074844, 4.35567712934, 1.15451919627, 1.95832844433, 1.26000060949, 1.00000096679, 5.06194290081, 6.3174115952, 1.09298188744, 1.30680880748, 1.01542919248, 1.02549386996, 1.48208008913, 1.08036214589, 1.04054279838, 4.97906250126, 1.00000068065, 1.00000061514, 98.9221332934, 1.04913545247, 4.35281885495, 0.972212560513, 3.48815654528, 0.870000006694, 438.906420729, 22.8701171282, 4424.35727299, 0.268096514745
