2.89012202065, 1.07721063927, 1.71048214198, 1.08370637238, 3.68714854969, 0.878671661902, 4.81092503597, 0.916965520647, 0.94986255088, 2.78418720713, 7.60754667621, 1.02512553528, 3.0157548388, 0.891402897103, 1.04061240052, 1.61474223699, 1.03656454187, 0.867191313408, 3.64779364755, 1.17094456951, 0.83165854036, 267.554097008, 0.980268371024, 4.95282231645, 1.10763050751, 3.9901573793, 1.11103602823, 14.1251428686, 11.1887405038, 63.1577395854, 1.07238605898
2.89012202065, 1.07721063927, 1.71048214198, 1.08370637238, 3.68714854969, 0.878671661902, 4.81092503597, 0.916965520647, 0.94986255088, 2.78418720713, 7.60754667621, 1.02512553528, 3.0157548388, 0.891402897103, 1.04061240052, 1.61474223699, 1.03656454187, 0.867191313408, 3.64779364755, 1.17094456951, 0.83165854036, 267.554097008, 0.980268371024, 4.95282231645, 1.10763050751, 3.9901573793, 1.11103602823, 14.1251428686, 11.1887405038, 63.1577395854, 1.07238605898
2.89012202065, 1.07721063927, 1.71048214198, 1.08370637238, 3.68714854969, 0.878671661902, 4.81092503597, 0.916965520647, 0.94986255088, 2.78418720713, 7.60754667621, 1.02512553528, 3.0157548388, 0.891402897103, 1.04061240052, 1.61474223699, 1.03656454187, 0.867191313408, 3.64779364755, 1.17094456951, 0.83165854036, 267.554097008, 0.980268371024, 4.95282231645, 1.10763050751, 3.9901573793, 1.11103602823, 14.1251428686, 11.1887405038, 63.1577395854, 1.07238605898
2.89012202065, 1.07721063927, 1.71048214198, 1.08370637238, 3.68714854969, 0.878671661902, 4.81092503597, 0.916965520647, 0.94986255088, 2.78418720713, 7.60754667621, 1.02512553528, 3.0157548388, 0.891402897103, 1.04061240052, 1.61474223699, 1.03656454187, 0.867191313408, 3.64779364755, 1.17094456951, 0.83165854036, 267.554097008, 0.980268371024, 4.95282231645, 1.10763050751, 3.9901573793, 1.11103602823, 14.1251428686, 11.1887405038, 63.1577395854, 1.07238605898
2.89012202065, 1.07721063927, 1.71048214198, 1.08370637238, 3.68714854969, 0.878671661902, 4.81092503597, 0.916965520647, 0.94986255088, 2.78418720713, 7.60754667621, 1.02512553528, 3.0157548388, 0.891402897103, 1.04061240052, 1.61474223699, 1.03656454187, 0.867191313408, 3.64779364755, 1.17094456951, 0.83165854036, 267.554097008, 0.980268371024, 4.95282231645, 1.10763050751, 3.9901573793, 1.11103602823, 14.1251428686, 11.1887405038, 63.1577395854, 1.07238605898
2.89012202065, 1.07721063927, 1.71048214198, 1.08370637238, 3.68714854969, 0.878671661902, 4.81092503597, 0.916965520647, 0.94986255088, 2.78418720713, 7.60754667621, 1.02512553528, 3.0157548388, 0.891402897103, 1.04061240052, 1.61474223699, 1.03656454187, 0.867191313408, 3.64779364755, 1.17094456951, 0.83165854036, 267.554097008, 0.980268371024, 4.95282231645, 1.10763050751, 3.9901573793, 1.11103602823, 14.1251428686, 11.1887405038, 63.1577395854, 1.07238605898
2.89012202065, 1.07721063927, 1.71048214198, 1.08370637238, 3.68714854969, 0.878671661902, 4.81092503597, 0.916965520647, 0.94986255088, 2.78418720713, 7.60754667621, 1.02512553528, 3.0157548388, 0.891402897103, 1.04061240052, 1.61474223699, 1.03656454187, 0.867191313408, 3.64779364755, 1.17094456951, 0.83165854036, 267.554097008, 0.980268371024, 4.95282231645, 1.10763050751, 3.9901573793, 1.11103602823, 14.1251428686, 11.1887405038, 63.1577395854, 1.07238605898
2.89012202065, 1.07721063927, 1.71048214198, 1.08370637238, 3.68714854969, 0.878671661902, 4.81092503597, 0.916965520647, 0.94986255088, 2.78418720713, 7.60754667621, 1.02512553528, 3.0157548388, 0.891402897103, 1.04061240052, 1.61474223699, 1.03656454187, 0.867191313408, 3.64779364755, 1.17094456951, 0.83165854036, 267.554097008, 0.980268371024, 4.95282231645, 1.10763050751, 3.9901573793, 1.11103602823, 14.1251428686, 11.1887405038, 63.1577395854, 1.07238605898
2.89012202065, 1.07721063927, 1.71048214198, 1.08370637238, 3.68714854969, 0.878671661902, 4.81092503597, 0.916965520647, 0.94986255088, 2.78418720713, 7.60754667621, 1.02512553528, 3.0157548388, 0.891402897103, 1.04061240052, 1.61474223699, 1.03656454187, 0.867191313408, 3.64779364755, 1.17094456951, 0.83165854036, 267.554097008, 0.980268371024, 4.95282231645, 1.10763050751, 3.9901573793, 1.11103602823, 14.1251428686, 11.1887405038, 63.1577395854, 1.07238605898
2.89012202065, 1.07721063927, 1.71048214198, 1.08370637238, 3.68714854969, 0.878671661902, 4.81092503597, 0.916965520647, 0.94986255088, 2.78418720713, 7.60754667621, 1.02512553528, 3.0157548388, 0.891402897103, 1.04061240052, 1.61474223699, 1.03656454187, 0.867191313408, 3.64779364755, 1.17094456951, 0.83165854036, 267.554097008, 0.980268371024, 4.95282231645, 1.10763050751, 3.9901573793, 1.11103602823, 14.1251428686, 11.1887405038, 63.1577395854, 1.07238605898
2.89012202065, 1.07721063927, 1.71048214198, 1.08370637238, 3.68714854969, 0.878671661902, 4.81092503597, 0.916965520647, 0.94986255088, 2.78418720713, 7.60754667621, 1.02512553528, 3.0157548388, 0.891402897103, 1.04061240052, 1.61474223699, 1.03656454187, 0.867191313408, 3.64779364755, 1.17094456951, 0.83165854036, 267.554097008, 0.980268371024, 4.95282231645, 1.10763050751, 3.9901573793, 1.11103602823, 14.1251428686, 11.1887405038, 63.1577395854, 1.07238605898
2.89012202065, 1.07721063927, 1.71048214198, 1.08370637238, 3.68714854969, 0.878671661902, 4.81092503597, 0.916965520647, 0.94986255088, 2.78418720713, 7.60754667621, 1.02512553528, 3.0157548388, 0.891402897103, 1.04061240052, 1.61474223699, 1.03656454187, 0.867191313408, 3.64779364755, 1.17094456951, 0.83165854036, 267.554097008, 0.980268371024, 4.95282231645, 1.10763050751, 3.9901573793, 1.11103602823, 14.1251428686, 11.1887405038, 63.1577395854, 1.07238605898
2.89012202065, 1.07721063927, 1.71048214198, 1.08370637238, 3.68714854969, 0.878671661902, 4.81092503597, 0.916965520647, 0.94986255088, 2.78418720713, 7.60754667621, 1.02512553528, 3.0157548388, 0.891402897103, 1.04061240052, 1.61474223699, 1.03656454187, 0.867191313408, 3.64779364755, 1.17094456951, 0.83165854036, 267.554097008, 0.980268371024, 4.95282231645, 1.10763050751, 3.9901573793, 1.11103602823, 14.1251428686, 11.1887405038, 63.1577395854, 1.07238605898
2.89012202065, 1.07721063927, 1.71048214198, 1.08370637238, 3.68714854969, 0.878671661902, 4.81092503597, 0.916965520647, 0.94986255088, 2.78418720713, 7.60754667621, 1.02512553528, 3.0157548388, 0.891402897103, 1.04061240052, 1.61474223699, 1.03656454187, 0.867191313408, 3.64779364755, 1.17094456951, 0.83165854036, 267.554097008, 0.980268371024, 4.95282231645, 1.10763050751, 3.9901573793, 1.11103602823, 14.1251428686, 11.1887405038, 63.1577395854, 1.07238605898
2.89012202065, 1.07721063927, 1.71048214198, 1.08370637238, 3.68714854969, 0.878671661902, 4.81092503597, 0.916965520647, 0.94986255088, 2.78418720713, 7.60754667621, 1.02512553528, 3.0157548388, 0.891402897103, 1.04061240052, 1.61474223699, 1.03656454187, 0.867191313408, 3.64779364755, 1.17094456951, 0.83165854036, 267.554097008, 0.980268371024, 4.95282231645, 1.10763050751, 3.9901573793, 1.11103602823, 14.1251428686, 11.1887405038, 63.1577395854, 1.07238605898
2.89012202065, 1.07721063927, 1.71048214198, 1.08370637238, 3.68714854969, 0.878671661902, 4.81092503597, 0.916965520647, 0.94986255088, 2.78418720713, 7.60754667621, 1.02512553528, 3.0157548388, 0.891402897103, 1.04061240052, 1.61474223699, 1.03656454187, 0.867191313408, 3.64779364755, 1.17094456951, 0.83165854036, 267.554097008, 0.980268371024, 4.95282231645, 1.10763050751, 3.9901573793, 1.11103602823, 14.1251428686, 11.1887405038, 63.1577395854, 1.07238605898
2.89012202065, 1.07721063927, 1.71048214198, 1.08370637238, 3.68714854969, 0.878671661902, 4.81092503597, 0.916965520647, 0.94986255088, 2.78418720713, 7.60754667621, 1.02512553528, 3.0157548388, 0.891402897103, 1.04061240052, 1.61474223699, 1.03656454187, 0.867191313408, 3.64779364755, 1.17094456951, 0.83165854036, 267.554097008, 0.980268371024, 4.95282231645, 1.10763050751, 3.9901573793, 1.11103602823, 14.1251428686, 11.1887405038, 63.1577395854, 1.07238605898
2.89012202065, 1.07721063927, 1.71048214198, 1.08370637238, 3.68714854969, 0.878671661902, 4.81092503597, 0.916965520647, 0.94986255088, 2.78418720713, 7.60754667621, 1.02512553528, 3.0157548388, 0.891402897103, 1.04061240052, 1.61474223699, 1.03656454187, 0.867191313408, 3.64779364755, 1.17094456951, 0.83165854036, 267.554097008, 0.980268371024, 4.95282231645, 1.10763050751, 3.9901573793, 1.11103602823, 14.1251428686, 11.1887405038, 63.1577395854, 1.07238605898
2.89012202065, 1.07721063927, 1.71048214198, 1.08370637238, 3.68714854969, 0.878671661902, 4.81092503597, 0.916965520647, 0.94986255088, 2.78418720713, 7.60754667621, 1.02512553528, 3.0157548388, 0.891402897103, 1.04061240052, 1.61474223699, 1.03656454187, 0.867191313408, 3.64779364755, 1.17094456951, 0.83165854036, 267.554097008, 0.980268371024, 4.95282231645, 1.10763050751, 3.9901573793, 1.11103602823, 14.1251428686, 11.1887405038, 63.1577395854, 1.07238605898
2.89012202065, 1.07721063927, 1.71048214198, 1.08370637238, 3.68714854969, 0.878671661902, 4.81092503597, 0.916965520647, 0.94986255088, 2.78418720713, 7.60754667621, 1.02512553528, 3.0157548388, 0.891402897103, 1.04061240052, 1.61474223699, 1.03656454187, 0.867191313408, 3.64779364755, 1.17094456951, 0.83165854036, 267.554097008, 0.980268371024, 4.95282231645, 1.10763050751, 3.9901573793, 1.11103602823, 14.1251428686, 11.1887405038, 63.1577395854, 1.07238605898
2.78765303983, 1.07721063927, 0.857742049382, 1.08221657946, 3.78610462179, 0.901369280653, 3.69344397688, 0.841023347478, 0.950905676938, 2.76561377313, 5.65870120289, 0.906325547237, 3.07768633606, 0.933527526842, 0.968592276977, 1.56479736373, 1.03656454187, 0.867090729059, 3.64779364755, 0.976903478816, 0.83165854036, 212.61502634, 1.15213667211, 5.28088421542, 0.971402092041, 4.09948179525, 1.11103602823, 339.478971609, 17.1459578701, 923.66599524, 0.0
2.88775728179, 1.07721063927, 1.71346163117, 1.08221657946, 3.78610462179, 0.901369280653, 3.7077389358, 0.841023347478, 0.950905676938, 2.78429185714, 7.58134430765, 1.02661849871, 3.07768633606, 0.891446389004, 0.968592276977, 1.56307996606, 1.03656454187, 0.867090729059, 3.64779364755, 0.976903478816, 0.83165854036, 212.61502634, 1.15213667211, 5.28031132039, 0.971402092041, 4.09948179525, 1.11103602823, 221.816156525, 16.3292334669, 349.010618909, 2.68096514745
2.88775728179, 1.07721063927, 1.71346163117, 1.08221657946, 3.78610462179, 0.901369280653, 3.7077389358, 0.841023347478, 0.950905676938, 2.78429185714, 7.58134430765, 1.02661849871, 3.07768633606, 0.891446389004, 0.968592276977, 1.56307996606, 1.03656454187, 0.867090729059, 3.64779364755, 0.976903478816, 0.83165854036, 212.61502634, 1.15213667211, 5.28031132039, 0.971402092041, 4.09948179525, 1.11103602823, 221.816156525, 16.3292334669, 349.010618909, 2.68096514745
2.88775728179, 1.07721063927, 1.71346163117, 1.08221657946, 3.78610462179, 0.901369280653, 3.7077389358, 0.841023347478, 0.950905676938, 2.78429185714, 7.58134430765, 1.02661849871, 3.07768633606, 0.891446389004, 0.968592276977, 1.56307996606, 1.03656454187, 0.867090729059, 3.64779364755, 0.976903478816, 0.83165854036, 212.61502634, 1.15213667211, 5.28031132039, 0.971402092041, 4.09948179525, 1.11103602823, 221.816156525, 16.3292334669, 349.010618909, 2.68096514745
2.78847764931, 1.07721063927, 0.857742049382, 1.08221657946, 3.78610462179, 0.901369280653, 3.69344397688, 0.841023347478, 0.950905676938, 2.78501209843, 5.65870120289, 0.906861057015, 3.07768633606, 0.933070874041, 0.951426706651, 1.56479736373, 1.03370630839, 0.867090729059, 3.64779364755, 0.976903478816, 0.83165854036, 212.61502634, 1.15213667211, 5.28089388539, 0.971402092041, 4.09948179525, 1.11103602823, 584.919290863, 21.7474253562, 1363.06047416, 1.87667560322
5.28943232006, 1.15324715158, 0.856643287032, 1.21856384318, 4.07308678285, 0.901341816493, 3.72516794953, 0.83908013174, 0.949865514841, 2.42765565695, 5.629419205, 1.03224197801, 3.13331027764, 0.891909333008, 1.03976595616, 1.58200163343, 1.01436509658, 0.875073266305, 3.66810188003, 0.974232823094, 0.907695580924, 265.64658495, 0.981839318398, 4.9546556685, 0.97143463723, 3.53448884014, 1.25404688356, 246.207086041, 26.7362603646, 1813.25173998, 0.268096514745
5.28943232006, 1.15324715158, 0.856643287032, 1.21856384318, 4.07308678285, 0.901341816493, 3.72516794953, 0.83908013174, 0.949865514841, 2.42765565695, 5.629419205, 1.03224197801, 3.13331027764, 0.891909333008, 1.03976595616, 1.58200163343, 1.01436509658, 0.875073266305, 3.66810188003, 0.974232823094, 0.907695580924, 265.64658495, 0.981839318398, 4.9546556685, 0.97143463723, 3.53448884014, 1.25404688356, 246.207086041, 26.7362603646, 1813.25173998, 0.268096514745
2.88775728179, 1.09263211328, 1.73317409448, 1.08221657946, 3.78610462179, 0.901369280653, 3.7077389358, 0.841023347478, 0.950905676938, 2.76577435537, 7.58134430765, 1.02661849871, 3.07768633606, 0.891446389004, 0.968592276977, 1.56479199854, 1.03656454187, 0.867090729059, 3.64779364755, 0.976903478816, 0.83165854036, 212.61502634, 1.15213667211, 5.28089681925, 0.971402092041, 4.09948179525, 1.11103602823, 465.386701548, 24.0581753981, 1694.68403395, 0.0
2.88775728179, 1.09263211328, 1.73317409448, 1.08221657946, 3.78610462179, 0.901369280653, 3.7077389358, 0.841023347478, 0.950905676938, 2.76577435537, 7.58134430765, 1.02661849871, 3.07768633606, 0.891446389004, 0.968592276977, 1.56479199854, 1.03656454187, 0.867090729059, 3.64779364755, 0.976903478816, 0.83165854036, 212.61502634, 1.15213667211, 5.28089681925, 0.971402092041, 4.09948179525, 1.11103602823, 465.386701548, 24.0581753981, 1694.68403395, 0.0
3.12252831173, 1.07721063927, 1.71346163117, 1.08362159551, 3.78610462179, 0.901575473026, 3.7077389358, 0.841023347478, 0.952204244159, 3.11861504391, 7.58134430765, 1.02661849871, 3.3786548544, 0.891447142321, 0.969562582057, 1.56307996606, 1.03656454187, 0.867090729059, 3.64779364755, 0.976903478816, 0.83165854036, 212.61502634, 0.980179391368, 5.28031132039, 0.963809811344, 4.09948179525, 1.11103602823, 20.2474365668, 6.7297934472, 351.493101677, 6.16621983914
3.12252831173, 1.07721063927, 1.71346163117, 1.08362159551, 3.78610462179, 0.901575473026, 3.7077389358, 0.841023347478, 0.952204244159, 3.11861504391, 7.58134430765, 1.02661849871, 3.3786548544, 0.891447142321, 0.969562582057, 1.56307996606, 1.03656454187, 0.867090729059, 3.64779364755, 0.976903478816, 0.83165854036, 212.61502634, 0.980179391368, 5.28031132039, 0.963809811344, 4.09948179525, 1.11103602823, 20.2474365668, 6.7297934472, 351.493101677, 6.16621983914
3.12252831173, 1.07721063927, 1.71346163117, 1.08362159551, 3.78610462179, 0.901575473026, 3.7077389358, 0.841023347478, 0.952204244159, 3.11861504391, 7.58134430765, 1.02661849871, 3.3786548544, 0.891447142321, 0.969562582057, 1.56307996606, 1.03656454187, 0.867090729059, 3.64779364755, 0.976903478816, 0.83165854036, 212.61502634, 0.980179391368, 5.28031132039, 0.963809811344, 4.09948179525, 1.11103602823, 20.2474365668, 6.7297934472, 351.493101677, 6.16621983914
3.12252831173, 1.07721063927, 1.71346163117, 1.08362159551, 3.78610462179, 0.901575473026, 3.7077389358, 0.841023347478, 0.952204244159, 3.11861504391, 7.58134430765, 1.02661849871, 3.3786548544, 0.891447142321, 0.969562582057, 1.56307996606, 1.03656454187, 0.867090729059, 3.64779364755, 0.976903478816, 0.83165854036, 212.61502634, 0.980179391368, 5.28031132039, 0.963809811344, 4.09948179525, 1.11103602823, 20.2474365668, 6.7297934472, 351.493101677, 6.16621983914
2.88772580872, 1.07721063927, 1.71346163117, 1.08362159551, 3.78610462179, 0.901575473026, 3.7077389358, 0.841023347478, 0.952204244159, 3.11861504391, 7.58134430765, 1.02661849871, 3.28366375076, 0.891447142321, 0.969562582057, 1.56307996606, 1.03656454187, 0.867090729059, 3.64779364755, 0.976903478816, 0.83165854036, 212.61502634, 0.980179391368, 5.28031132039, 0.963809811344, 4.09948179525, 1.11103602823, 56.7016783565, 12.7789404385, 313.260007601, 1.34048257373
2.88772580872, 1.07721063927, 1.71346163117, 1.08362159551, 3.78610462179, 0.901575473026, 3.7077389358, 0.841023347478, 0.952204244159, 3.11861504391, 7.58134430765, 1.02661849871, 3.28366375076, 0.891447142321, 0.969562582057, 1.56307996606, 1.03656454187, 0.867090729059, 3.64779364755, 0.976903478816, 0.83165854036, 212.61502634, 0.980179391368, 5.28031132039, 0.963809811344, 4.09948179525, 1.11103602823, 56.7016783565, 12.7789404385, 313.260007601, 1.34048257373
2.88772580872, 1.07721063927, 1.71346163117, 1.08362159551, 3.78610462179, 0.901575473026, 3.7077389358, 0.841023347478, 0.952204244159, 3.11861504391, 7.58134430765, 1.02661849871, 3.28366375076, 0.891447142321, 0.969562582057, 1.56307996606, 1.03656454187, 0.867090729059, 3.64779364755, 0.976903478816, 0.83165854036, 212.61502634, 0.980179391368, 5.28031132039, 0.963809811344, 4.09948179525, 1.11103602823, 56.7016783565, 12.7789404385, 313.260007601, 1.34048257373
2.88772580872, 1.07721063927, 1.71346163117, 1.08362159551, 3.78610462179, 0.901575473026, 3.7077389358, 0.841023347478, 0.952204244159, 3.11861504391, 7.58134430765, 1.02661849871, 3.28366375076, 0.891447142321, 0.969562582057, 1.56307996606, 1.03656454187, 0.867090729059, 3.64779364755, 0.976903478816, 0.83165854036, 212.61502634, 0.980179391368, 5.28031132039, 0.963809811344, 4.09948179525, 1.11103602823, 56.7016783565, 12.7789404385, 313.260007601, 1.34048257373
2.88772580872, 1.07721063927, 1.71346163117, 1.08362159551, 3.78610462179, 0.901575473026, 3.7077389358, 0.841023347478, 0.952204244159, 3.11861504391, 7.58134430765, 1.02661849871, 3.28366375076, 0.891447142321, 0.969562582057, 1.56307996606, 1.03656454187, 0.867090729059, 3.64779364755, 0.976903478816, 0.83165854036, 212.61502634, 0.980179391368, 5.28031132039, 0.963809811344, 4.09948179525, 1.11103602823, 56.7016783565, 12.7789404385, 313.260007601, 1.34048257373
2.88772580872, 1.07721063927, 1.71346163117, 1.08362159551, 3.78610462179, 0.901575473026, 3.7077389358, 0.841023347478, 0.952204244159, 3.11861504391, 7.58134430765, 1.02661849871, 3.28366375076, 0.891447142321, 0.969562582057, 1.56307996606, 1.03656454187, 0.867090729059, 3.64779364755, 0.976903478816, 0.83165854036, 212.61502634, 0.980179391368, 5.28031132039, 0.963809811344, 4.09948179525, 1.11103602823, 56.7016783565, 12.7789404385, 313.260007601, 1.34048257373
2.88772580872, 1.07721063927, 1.71346163117, 1.08362159551, 3.78610462179, 0.901575473026, 3.7077389358, 0.841023347478, 0.952204244159, 3.11861504391, 7.58134430765, 1.02661849871, 3.28366375076, 0.891447142321, 0.969562582057, 1.56307996606, 1.03656454187, 0.867090729059, 3.64779364755, 0.976903478816, 0.83165854036, 212.61502634, 0.980179391368, 5.28031132039, 0.963809811344, 4.09948179525, 1.11103602823, 56.7016783565, 12.7789404385, 313.260007601, 1.34048257373
2.88772580872, 1.07721063927, 1.71346163117, 1.08362159551, 3.78610462179, 0.901575473026, 3.7077389358, 0.841023347478, 0.952204244159, 3.11861504391, 7.58134430765, 1.02661849871, 3.28366375076, 0.891447142321, 0.969562582057, 1.56307996606, 1.03656454187, 0.867090729059, 3.64779364755, 0.976903478816, 0.83165854036, 212.61502634, 0.980179391368, 5.28031132039, 0.963809811344, 4.09948179525, 1.11103602823, 56.7016783565, 12.7789404385, 313.260007601, 1.34048257373
3.13018441724, 1.09258974413, 1.71346163117, 1.08098431265, 3.78610462179, 0.901575473026, 3.7077389358, 0.841023347478, 0.950910794184, 3.11861504391, 7.58134430765, 1.02661849871, 3.39810047773, 0.891447142321, 0.969567404154, 1.56296424606, 1.03656454187, 0.867090729059, 3.64779364755, 0.976903478816, 0.83165854036, 212.61502634, 1.1512124251, 5.28031132039, 0.963885290354, 4.09948179525, 1.11103602823, 81.4134048795, 19.0548047, 214.235677333, 1.60857908847
3.13018441724, 1.09258974413, 1.71346163117, 1.08098431265, 3.78610462179, 0.901575473026, 3.7077389358, 0.841023347478, 0.950910794184, 3.11861504391, 7.58134430765, 1.02661849871, 3.39810047773, 0.891447142321, 0.969567404154, 1.56296424606, 1.03656454187, 0.867090729059, 3.64779364755, 0.976903478816, 0.83165854036, 212.61502634, 1.1512124251, 5.28031132039, 0.963885290354, 4.09948179525, 1.11103602823, 81.4134048795, 19.0548047, 214.235677333, 1.60857908847
3.13018441724, 1.09258974413, 1.71346163117, 1.08098431265, 3.78610462179, 0.901575473026, 3.7077389358, 0.841023347478, 0.950910794184, 3.11861504391, 7.58134430765, 1.02661849871, 3.39810047773, 0.891447142321, 0.969567404154, 1.56296424606, 1.03656454187, 0.867090729059, 3.64779364755, 0.976903478816, 0.83165854036, 212.61502634, 1.1512124251, 5.28031132039, 0.963885290354, 4.09948179525, 1.11103602823, 81.4134048795, 19.0548047, 214.235677333, 1.60857908847
3.13018441724, 1.09258974413, 1.71346163117, 1.08098431265, 3.78610462179, 0.901575473026, 3.7077389358, 0.841023347478, 0.950910794184, 3.11861504391, 7.58134430765, 1.02661849871, 3.39810047773, 0.891447142321, 0.969567404154, 1.56296424606, 1.03656454187, 0.867090729059, 3.64779364755, 0.976903478816, 0.83165854036, 212.61502634, 1.1512124251, 5.28031132039, 0.963885290354, 4.09948179525, 1.11103602823, 81.4134048795, 19.0548047, 214.235677333, 1.60857908847
2.88775728179, 1.07721063927, 1.71346163117, 1.08221657946, 3.78610462179, 0.901369280653, 3.7077389358, 0.841023347478, 0.950905676938, 2.78429185714, 7.58134430765, 1.02661849871, 3.07768633606, 0.891446389004, 0.968592276977, 1.56307996606, 1.03656454187, 0.856947882359, 3.64779364755, 0.976903478816, 0.83165854036, 212.61502634, 1.15213667211, 5.28031132039, 0.971402092041, 4.09948179525, 1.11103602823, 383.628493963, 18.5912309385, 281.749653851, 1.07238605898
2.88775728179, 1.07721063927, 1.71346163117, 1.08221657946, 3.78610462179, 0.901369280653, 3.7077389358, 0.841023347478, 0.950905676938, 2.78429185714, 7.58134430765, 1.02661849871, 3.07768633606, 0.891446389004, 0.968592276977, 1.56307996606, 1.03656454187, 0.856947882359, 3.64779364755, 0.976903478816, 0.83165854036, 212.61502634, 1.15213667211, 5.28031132039, 0.971402092041, 4.09948179525, 1.11103602823, 383.628493963, 18.5912309385, 281.749653851, 1.07238605898
2.88775728179, 1.07721063927, 1.71346163117, 1.08221657946, 3.78610462179, 0.901369280653, 3.7077389358, 0.841023347478, 0.950905676938, 2.78429185714, 7.58134430765, 1.02661849871, 3.07768633606, 0.891446389004, 0.968592276977, 1.56307996606, 1.03656454187, 0.856947882359, 3.64779364755, 0.976903478816, 0.83165854036, 212.61502634, 1.15213667211, 5.28031132039, 0.971402092041, 4.09948179525, 1.11103602823, 383.628493963, 18.5912309385, 281.749653851, 1.07238605898
2.88775728179, 1.07721063927, 1.71346163117, 1.08221657946, 3.78610462179, 0.901369280653, 3.7077389358, 0.841023347478, 0.950905676938, 2.78429185714, 7.58134430765, 1.02661849871, 3.07768633606, 0.891446389004, 0.968592276977, 1.56307996606, 1.03656454187, 0.856947882359, 3.64779364755, 0.976903478816, 0.83165854036, 212.61502634, 1.15213667211, 5.28031132039, 0.971402092041, 4.09948179525, 1.11103602823, 383.628493963, 18.5912309385, 281.749653851, 1.07238605898
5.29000697629, 1.15364621391, 1.19445353935, 1.02482047008, 6.5274286637, 0.834247052106, 3.74086180496, 1.03923520569, 1.08507536291, 2.3831864788, 2.56205712691, 1.03392093039, 2.37651336797, 1.01126489826, 1.0358007327, 1.22037734216, 1.1394816961, 1.02713592209, 4.12540528157, 1.15897935558, 0.774827246749, 265.860552963, 1.18276691325, 4.92746905094, 1.07742573667, 3.55635405572, 1.09033804809, 201.928651121, 25.0673108615, 200.309231059, 0.268096514745
5.29000697629, 1.15364621391, 1.19445353935, 1.02482047008, 6.5274286637, 0.834247052106, 3.74086180496, 1.03923520569, 1.08507536291, 2.3831864788, 2.56205712691, 1.03392093039, 2.37651336797, 1.01126489826, 1.0358007327, 1.22037734216, 1.1394816961, 1.02713592209, 4.12540528157, 1.15897935558, 0.774827246749, 265.860552963, 1.18276691325, 4.92746905094, 1.07742573667, 3.55635405572, 1.09033804809, 201.928651121, 25.0673108615, 200.309231059, 0.268096514745
5.29000697629, 1.15364621391, 1.19445353935, 1.02482047008, 6.5274286637, 0.834247052106, 3.74086180496, 1.03923520569, 1.08507536291, 2.3831864788, 2.56205712691, 1.03392093039, 2.37651336797, 1.01126489826, 1.0358007327, 1.22037734216, 1.1394816961, 1.02713592209, 4.12540528157, 1.15897935558, 0.774827246749, 265.860552963, 1.18276691325, 4.92746905094, 1.07742573667, 3.55635405572, 1.09033804809, 201.928651121, 25.0673108615, 200.309231059, 0.268096514745
5.29000697629, 1.15364621391, 1.19445353935, 1.02482047008, 6.5274286637, 0.834247052106, 3.74086180496, 1.03923520569, 1.08507536291, 2.3831864788, 2.56205712691, 1.03392093039, 2.37651336797, 1.01126489826, 1.0358007327, 1.22037734216, 1.1394816961, 1.02713592209, 4.12540528157, 1.15897935558, 0.774827246749, 265.860552963, 1.18276691325, 4.92746905094, 1.07742573667, 3.55635405572, 1.09033804809, 201.928651121, 25.0673108615, 200.309231059, 0.268096514745
5.29000697629, 1.15364621391, 1.19445353935, 1.02482047008, 6.5274286637, 0.834247052106, 3.74086180496, 1.03923520569, 1.08507536291, 2.3831864788, 2.56205712691, 1.03392093039, 2.37651336797, 1.01126489826, 1.0358007327, 1.22037734216, 1.1394816961, 1.02713592209, 4.12540528157, 1.15897935558, 0.774827246749, 265.860552963, 1.18276691325, 4.92746905094, 1.07742573667, 3.55635405572, 1.09033804809, 201.928651121, 25.0673108615, 200.309231059, 0.268096514745
5.29000697629, 1.15364621391, 1.19445353935, 1.02482047008, 6.5274286637, 0.834247052106, 3.74086180496, 1.03923520569, 1.08507536291, 2.3831864788, 2.56205712691, 1.03392093039, 2.37651336797, 1.01126489826, 1.0358007327, 1.22037734216, 1.1394816961, 1.02713592209, 4.12540528157, 1.15897935558, 0.774827246749, 265.860552963, 1.18276691325, 4.92746905094, 1.07742573667, 3.55635405572, 1.09033804809, 201.928651121, 25.0673108615, 200.309231059, 0.268096514745
5.29000697629, 1.15364621391, 1.19445353935, 1.02482047008, 6.5274286637, 0.834247052106, 3.74086180496, 1.03923520569, 1.08507536291, 2.3831864788, 2.56205712691, 1.03392093039, 2.37651336797, 1.01126489826, 1.0358007327, 1.22037734216, 1.1394816961, 1.02713592209, 4.12540528157, 1.15897935558, 0.774827246749, 265.860552963, 1.18276691325, 4.92746905094, 1.07742573667, 3.55635405572, 1.09033804809, 201.928651121, 25.0673108615, 200.309231059, 0.268096514745
5.29000697629, 1.15364621391, 1.19445353935, 1.02482047008, 6.5274286637, 0.834247052106, 3.74086180496, 1.03923520569, 1.08507536291, 2.3831864788, 2.56205712691, 1.03392093039, 2.37651336797, 1.01126489826, 1.0358007327, 1.22037734216, 1.1394816961, 1.02713592209, 4.12540528157, 1.15897935558, 0.774827246749, 265.860552963, 1.18276691325, 4.92746905094, 1.07742573667, 3.55635405572, 1.09033804809, 201.928651121, 25.0673108615, 200.309231059, 0.268096514745
5.29000697629, 1.15364621391, 1.19445353935, 1.02482047008, 6.5274286637, 0.834247052106, 3.74086180496, 1.03923520569, 1.08507536291, 2.3831864788, 2.56205712691, 1.03392093039, 2.37651336797, 1.01126489826, 1.0358007327, 1.22037734216, 1.1394816961, 1.02713592209, 4.12540528157, 1.15897935558, 0.774827246749, 265.860552963, 1.18276691325, 4.92746905094, 1.07742573667, 3.55635405572, 1.09033804809, 201.928651121, 25.0673108615, 200.309231059, 0.268096514745
5.29000697629, 1.15364621391, 1.19445353935, 1.02482047008, 6.5274286637, 0.834247052106, 3.74086180496, 1.03923520569, 1.08507536291, 2.3831864788, 2.56205712691, 1.03392093039, 2.37651336797, 1.01126489826, 1.0358007327, 1.22037734216, 1.1394816961, 1.02713592209, 4.12540528157, 1.15897935558, 0.774827246749, 265.860552963, 1.18276691325, 4.92746905094, 1.07742573667, 3.55635405572, 1.09033804809, 201.928651121, 25.0673108615, 200.309231059, 0.268096514745
5.29000697629, 1.15364621391, 1.19445353935, 1.02482047008, 6.5274286637, 0.834247052106, 3.74086180496, 1.03923520569, 1.08507536291, 2.3831864788, 2.56205712691, 1.03392093039, 2.37651336797, 1.01126489826, 1.0358007327, 1.22037734216, 1.1394816961, 1.02713592209, 4.12540528157, 1.15897935558, 0.774827246749, 265.860552963, 1.18276691325, 4.92746905094, 1.07742573667, 3.55635405572, 1.09033804809, 201.928651121, 25.0673108615, 200.309231059, 0.268096514745
5.29000697629, 1.15364621391, 1.19445353935, 1.02482047008, 6.5274286637, 0.834247052106, 3.74086180496, 1.03923520569, 1.08507536291, 2.3831864788, 2.56205712691, 1.03392093039, 2.37651336797, 1.01126489826, 1.0358007327, 1.22037734216, 1.1394816961, 1.02713592209, 4.12540528157, 1.15897935558, 0.774827246749, 265.860552963, 1.18276691325, 4.92746905094, 1.07742573667, 3.55635405572, 1.09033804809, 201.928651121, 25.0673108615, 200.309231059, 0.268096514745
5.29000697629, 1.15364621391, 1.19445353935, 1.02482047008, 6.5274286637, 0.834247052106, 3.74086180496, 1.03923520569, 1.08507536291, 2.3831864788, 2.56205712691, 1.03392093039, 2.37651336797, 1.01126489826, 1.0358007327, 1.22037734216, 1.1394816961, 1.02713592209, 4.12540528157, 1.15897935558, 0.774827246749, 265.860552963, 1.18276691325, 4.92746905094, 1.07742573667, 3.55635405572, 1.09033804809, 201.928651121, 25.0673108615, 200.309231059, 0.268096514745
5.29000697629, 1.15364621391, 1.19445353935, 1.02482047008, 6.5274286637, 0.834247052106, 3.74086180496, 1.03923520569, 1.08507536291, 2.3831864788, 2.56205712691, 1.03392093039, 2.37651336797, 1.01126489826, 1.0358007327, 1.22037734216, 1.1394816961, 1.02713592209, 4.12540528157, 1.15897935558, 0.774827246749, 265.860552963, 1.18276691325, 4.92746905094, 1.07742573667, 3.55635405572, 1.09033804809, 201.928651121, 25.0673108615, 200.309231059, 0.268096514745
5.29000697629, 1.15364621391, 1.19445353935, 1.02482047008, 6.5274286637, 0.834247052106, 3.74086180496, 1.03923520569, 1.08507536291, 2.3831864788, 2.56205712691, 1.03392093039, 2.37651336797, 1.01126489826, 1.0358007327, 1.22037734216, 1.1394816961, 1.02713592209, 4.12540528157, 1.15897935558, 0.774827246749, 265.860552963, 1.18276691325, 4.92746905094, 1.07742573667, 3.55635405572, 1.09033804809, 201.928651121, 25.0673108615, 200.309231059, 0.268096514745
5.29000697629, 1.15364621391, 1.19445353935, 1.02482047008, 6.5274286637, 0.834247052106, 3.74086180496, 1.03923520569, 1.08507536291, 2.3831864788, 2.56205712691, 1.03392093039, 2.37651336797, 1.01126489826, 1.0358007327, 1.22037734216, 1.1394816961, 1.02713592209, 4.12540528157, 1.15897935558, 0.774827246749, 265.860552963, 1.18276691325, 4.92746905094, 1.07742573667, 3.55635405572, 1.09033804809, 201.928651121, 25.0673108615, 200.309231059, 0.268096514745
5.29000697629, 1.15364621391, 1.19445353935, 1.02482047008, 6.5274286637, 0.834247052106, 3.74086180496, 1.03923520569, 1.08507536291, 2.3831864788, 2.56205712691, 1.03392093039, 2.37651336797, 1.01126489826, 1.0358007327, 1.22037734216, 1.1394816961, 1.02713592209, 4.12540528157, 1.15897935558, 0.774827246749, 265.860552963, 1.18276691325, 4.92746905094, 1.07742573667, 3.55635405572, 1.09033804809, 201.928651121, 25.0673108615, 200.309231059, 0.268096514745
5.29000697629, 1.15364621391, 1.19445353935, 1.02482047008, 6.5274286637, 0.834247052106, 3.74086180496, 1.03923520569, 1.08507536291, 2.3831864788, 2.56205712691, 1.03392093039, 2.37651336797, 1.01126489826, 1.0358007327, 1.22037734216, 1.1394816961, 1.02713592209, 4.12540528157, 1.15897935558, 0.774827246749, 265.860552963, 1.18276691325, 4.92746905094, 1.07742573667, 3.55635405572, 1.09033804809, 201.928651121, 25.0673108615, 200.309231059, 0.268096514745
5.29000697629, 1.15364621391, 1.19445353935, 1.02482047008, 6.5274286637, 0.834247052106, 3.74086180496, 1.03923520569, 1.08507536291, 2.3831864788, 2.56205712691, 1.03392093039, 2.37651336797, 1.01126489826, 1.0358007327, 1.22037734216, 1.1394816961, 1.02713592209, 4.12540528157, 1.15897935558, 0.774827246749, 265.860552963, 1.18276691325, 4.92746905094, 1.07742573667, 3.55635405572, 1.09033804809, 201.928651121, 25.0673108615, 200.309231059, 0.268096514745
3.12252831173, 1.07721063927, 1.71346163117, 1.08362159551, 3.78610462179, 0.901575473026, 3.7077389358, 0.841023347478, 0.952204244159, 3.11861504391, 7.58134430765, 1.02661849871, 3.3786548544, 0.891447142321, 0.969562582057, 1.56307996606, 1.03656454187, 0.867090729059, 3.64779364755, 0.976903478816, 0.83165854036, 212.61502634, 0.980179391368, 5.28031132039, 0.963809811344, 4.09948179525, 1.11103602823, 60.0808070602, 9.01212672057, 274.48325427, 5.63002680965
3.12252831173, 1.07721063927, 1.71346163117, 1.08362159551, 3.78610462179, 0.901575473026, 3.7077389358, 0.841023347478, 0.952204244159, 3.11861504391, 7.58134430765, 1.02661849871, 3.3786548544, 0.891447142321, 0.969562582057, 1.56307996606, 1.03656454187, 0.867090729059, 3.64779364755, 0.976903478816, 0.83165854036, 212.61502634, 0.980179391368, 5.28031132039, 0.963809811344, 4.09948179525, 1.11103602823, 60.0808070602, 9.01212672057, 274.48325427, 5.63002680965
3.12252831173, 1.07721063927, 1.71346163117, 1.08362159551, 3.78610462179, 0.901575473026, 3.7077389358, 0.841023347478, 0.952204244159, 3.11861504391, 7.58134430765, 1.02661849871, 3.3786548544, 0.891447142321, 0.969562582057, 1.56307996606, 1.03656454187, 0.867090729059, 3.64779364755, 0.976903478816, 0.83165854036, 212.61502634, 0.980179391368, 5.28031132039, 0.963809811344, 4.09948179525, 1.11103602823, 60.0808070602, 9.01212672057, 274.48325427, 5.63002680965
3.12252831173, 1.07721063927, 1.71346163117, 1.08362159551, 3.78610462179, 0.901575473026, 3.7077389358, 0.841023347478, 0.952204244159, 3.11861504391, 7.58134430765, 1.02661849871, 3.3786548544, 0.891447142321, 0.969562582057, 1.56307996606, 1.03656454187, 0.867090729059, 3.64779364755, 0.976903478816, 0.83165854036, 212.61502634, 0.980179391368, 5.28031132039, 0.963809811344, 4.09948179525, 1.11103602823, 60.0808070602, 9.01212672057, 274.48325427, 5.63002680965
2.89012202065, 1.07721063927, 1.71048214198, 1.08370637238, 3.7440016763, 0.878671661902, 4.81092503597, 0.916965520647, 0.94986255088, 2.78418720713, 7.60754667621, 1.02512553528, 3.0157548388, 0.891402897103, 1.04061240052, 1.61474223699, 1.03656454187, 0.867191313408, 3.64779364755, 1.17094456951, 0.83165854036, 267.554097008, 0.980268371024, 4.95282231645, 1.10763050751, 3.9901573793, 1.11103602823, 297.998647417, 17.6619296926, 1622.31258007, 2.9490616622
2.89012202065, 1.07721063927, 1.71048214198, 1.08370637238, 3.68714854969, 0.878671661902, 4.81092503597, 0.916965520647, 0.94986255088, 2.78418720713, 7.60754667621, 1.02512553528, 3.0157548388, 0.891402897103, 1.04061240052, 1.61474223699, 1.03656454187, 0.867191313408, 3.64779364755, 1.17094456951, 0.83165854036, 267.554097008, 0.980268371024, 4.95282231645, 1.10763050751, 3.9901573793, 1.11103602823, 74.6112667034, 9.73757120603, 95.180701904, 4.28954423592
2.89012202065, 1.07721063927, 1.71048214198, 1.08370637238, 3.68714854969, 0.878671661902, 4.81092503597, 0.916965520647, 0.94986255088, 2.78418720713, 7.60754667621, 1.02512553528, 3.0157548388, 0.891402897103, 1.04061240052, 1.61474223699, 1.03656454187, 0.867191313408, 3.64779364755, 1.17094456951, 0.83165854036, 267.554097008, 0.980268371024, 4.95282231645, 1.10763050751, 3.9901573793, 1.11103602823, 74.6112667034, 9.73757120603, 95.180701904, 4.28954423592
2.89012202065, 1.07721063927, 1.71048214198, 1.08370637238, 3.68714854969, 0.878671661902, 4.81092503597, 0.916965520647, 0.94986255088, 2.78418720713, 7.60754667621, 1.02512553528, 3.0157548388, 0.891402897103, 1.04061240052, 1.61474223699, 1.03656454187, 0.867191313408, 3.64779364755, 1.17094456951, 0.83165854036, 267.554097008, 0.980268371024, 4.95282231645, 1.10763050751, 3.9901573793, 1.11103602823, 74.6112667034, 9.73757120603, 95.180701904, 4.28954423592
2.89012202065, 1.07721063927, 1.71048214198, 1.08370637238, 3.68714854969, 0.878671661902, 4.81092503597, 0.916965520647, 0.94986255088, 2.78418720713, 7.60754667621, 1.02512553528, 3.0157548388, 0.891402897103, 1.04061240052, 1.61474223699, 1.03656454187, 0.867191313408, 3.64779364755, 1.17094456951, 0.83165854036, 267.554097008, 0.980268371024, 4.95282231645, 1.10763050751, 3.9901573793, 1.11103602823, 74.6112667034, 9.73757120603, 95.180701904, 4.28954423592
2.89012202065, 1.07721063927, 1.71048214198, 1.08370637238, 3.68714854969, 0.878671661902, 4.81092503597, 0.916965520647, 0.94986255088, 2.78418720713, 7.60754667621, 1.02512553528, 3.0157548388, 0.891402897103, 1.04061240052, 1.61474223699, 1.03656454187, 0.867191313408, 3.64779364755, 1.17094456951, 0.83165854036, 267.554097008, 0.980268371024, 4.95282231645, 1.10763050751, 3.9901573793, 1.11103602823, 74.6112667034, 9.73757120603, 95.180701904, 4.28954423592
2.89012202065, 1.07721063927, 1.71048214198, 1.08370637238, 3.68714854969, 0.878671661902, 4.81092503597, 0.916965520647, 0.94986255088, 2.78418720713, 7.60754667621, 1.02512553528, 3.0157548388, 0.891402897103, 1.04061240052, 1.61474223699, 1.03656454187, 0.867191313408, 3.64779364755, 1.17094456951, 0.83165854036, 267.554097008, 0.980268371024, 4.95282231645, 1.10763050751, 3.9901573793, 1.11103602823, 74.6112667034, 9.73757120603, 95.180701904, 4.28954423592
2.89012202065, 1.07721063927, 1.71048214198, 1.08370637238, 3.68714854969, 0.878671661902, 4.81092503597, 0.916965520647, 0.94986255088, 2.78418720713, 7.60754667621, 1.02512553528, 3.0157548388, 0.891402897103, 1.04061240052, 1.61474223699, 1.03656454187, 0.867191313408, 3.64779364755, 1.17094456951, 0.83165854036, 267.554097008, 0.980268371024, 4.95282231645, 1.10763050751, 3.9901573793, 1.11103602823, 74.6112667034, 9.73757120603, 95.180701904, 4.28954423592
2.89012202065, 1.07721063927, 1.71048214198, 1.08370637238, 3.68714854969, 0.878671661902, 4.81092503597, 0.916965520647, 0.94986255088, 2.78418720713, 7.60754667621, 1.02512553528, 3.0157548388, 0.891402897103, 1.04061240052, 1.61474223699, 1.03656454187, 0.867191313408, 3.64779364755, 1.17094456951, 0.83165854036, 267.554097008, 0.980268371024, 4.95282231645, 1.10763050751, 3.9901573793, 1.11103602823, 74.6112667034, 9.73757120603, 95.180701904, 4.28954423592
2.89012202065, 1.07721063927, 1.71048214198, 1.08370637238, 3.68714854969, 0.878671661902, 4.81092503597, 0.916965520647, 0.94986255088, 2.78418720713, 7.60754667621, 1.02512553528, 3.0157548388, 0.891402897103, 1.04061240052, 1.61474223699, 1.03656454187, 0.867191313408, 3.64779364755, 1.17094456951, 0.83165854036, 267.554097008, 0.980268371024, 4.95282231645, 1.10763050751, 3.9901573793, 1.11103602823, 74.6112667034, 9.73757120603, 95.180701904, 4.28954423592
2.89012202065, 1.07721063927, 1.71048214198, 1.08370637238, 3.68714854969, 0.878671661902, 4.81092503597, 0.916965520647, 0.94986255088, 2.78418720713, 7.60754667621, 1.02512553528, 3.0157548388, 0.891402897103, 1.04061240052, 1.61474223699, 1.03656454187, 0.867191313408, 3.64779364755, 1.17094456951, 0.83165854036, 267.554097008, 0.980268371024, 4.95282231645, 1.10763050751, 3.9901573793, 1.11103602823, 74.6112667034, 9.73757120603, 95.180701904, 4.28954423592
2.89012202065, 1.07721063927, 1.71048214198, 1.08370637238, 3.68714854969, 0.878671661902, 4.81092503597, 0.916965520647, 0.94986255088, 2.78418720713, 7.60754667621, 1.02512553528, 3.0157548388, 0.891402897103, 1.04061240052, 1.61474223699, 1.03656454187, 0.867191313408, 3.64779364755, 1.17094456951, 0.83165854036, 267.554097008, 0.980268371024, 4.95282231645, 1.10763050751, 3.9901573793, 1.11103602823, 74.6112667034, 9.73757120603, 95.180701904, 4.28954423592
2.89012202065, 1.07721063927, 1.71048214198, 1.08370637238, 3.68714854969, 0.878671661902, 4.81092503597, 0.916965520647, 0.94986255088, 2.78418720713, 7.60754667621, 1.02512553528, 3.0157548388, 0.891402897103, 1.04061240052, 1.61474223699, 1.03656454187, 0.867191313408, 3.64779364755, 1.17094456951, 0.83165854036, 267.554097008, 0.980268371024, 4.95282231645, 1.10763050751, 3.9901573793, 1.11103602823, 74.6112667034, 9.73757120603, 95.180701904, 4.28954423592
2.89012202065, 1.07721063927, 1.71048214198, 1.08370637238, 3.68714854969, 0.878671661902, 4.81092503597, 0.916965520647, 0.94986255088, 2.78418720713, 7.60754667621, 1.02512553528, 3.0157548388, 0.891402897103, 1.04061240052, 1.61474223699, 1.03656454187, 0.867191313408, 3.64779364755, 1.17094456951, 0.83165854036, 267.554097008, 0.980268371024, 4.95282231645, 1.10763050751, 3.9901573793, 1.11103602823, 74.6112667034, 9.73757120603, 95.180701904, 4.28954423592
2.89012202065, 1.07721063927, 1.71048214198, 1.08370637238, 3.68714854969, 0.878671661902, 4.81092503597, 0.916965520647, 0.94986255088, 2.78418720713, 7.60754667621, 1.02512553528, 3.0157548388, 0.891402897103, 1.04061240052, 1.61474223699, 1.03656454187, 0.867191313408, 3.64779364755, 1.17094456951, 0.83165854036, 267.554097008, 0.980268371024, 4.95282231645, 1.10763050751, 3.9901573793, 1.11103602823, 74.6112667034, 9.73757120603, 95.180701904, 4.28954423592
2.89012202065, 1.07721063927, 1.71048214198, 1.08370637238, 3.68714854969, 0.878671661902, 4.81092503597, 0.916965520647, 0.94986255088, 2.78418720713, 7.60754667621, 1.02512553528, 3.0157548388, 0.891402897103, 1.04061240052, 1.61474223699, 1.03656454187, 0.867191313408, 3.64779364755, 1.17094456951, 0.83165854036, 267.554097008, 0.980268371024, 4.95282231645, 1.10763050751, 3.9901573793, 1.11103602823, 74.6112667034, 9.73757120603, 95.180701904, 4.28954423592
2.89012202065, 1.07721063927, 1.71048214198, 1.08370637238, 3.68714854969, 0.878671661902, 4.81092503597, 0.916965520647, 0.94986255088, 2.39044179355, 7.60754667621, 1.02512553528, 3.0157548388, 0.891402897103, 1.04061240052, 1.61474223699, 1.03656454187, 0.867191313408, 3.64779364755, 1.17094456951, 0.83165854036, 267.554097008, 0.980268371024, 4.95282231645, 1.10763050751, 3.9901573793, 1.11103602823, 95.0629000758, 12.4768564821, 693.471381851, 4.28954423592
2.89012202065, 1.07721063927, 1.71048214198, 1.08370637238, 3.68714854969, 0.878671661902, 4.81092503597, 0.916965520647, 0.94986255088, 2.39044179355, 7.60754667621, 1.02512553528, 3.0157548388, 0.891402897103, 1.04061240052, 1.61474223699, 1.03656454187, 0.867191313408, 3.64779364755, 1.17094456951, 0.83165854036, 267.554097008, 0.980268371024, 4.95282231645, 1.10763050751, 3.9901573793, 1.11103602823, 95.0629000758, 12.4768564821, 693.471381851, 4.28954423592
2.89012202065, 1.07721063927, 1.71048214198, 1.08370637238, 3.68714854969, 0.878671661902, 4.81092503597, 0.916965520647, 0.94986255088, 2.39044179355, 7.60754667621, 1.02512553528, 3.0157548388, 0.891402897103, 1.04061240052, 1.61474223699, 1.03656454187, 0.867191313408, 3.64779364755, 1.17094456951, 0.83165854036, 267.554097008, 0.980268371024, 4.95282231645, 1.10763050751, 3.9901573793, 1.11103602823, 95.0629000758, 12.4768564821, 693.471381851, 4.28954423592
2.89012202065, 1.07721063927, 1.71048214198, 1.08370637238, 3.68714854969, 0.878671661902, 4.81092503597, 0.916965520647, 0.94986255088, 2.39044179355, 7.60754667621, 1.02512553528, 3.0157548388, 0.891402897103, 1.04061240052, 1.61474223699, 1.03656454187, 0.867191313408, 3.64779364755, 1.17094456951, 0.83165854036, 267.554097008, 0.980268371024, 4.95282231645, 1.10763050751, 3.9901573793, 1.11103602823, 95.0629000758, 12.4768564821, 693.471381851, 4.28954423592
2.89012202065, 1.07721063927, 1.71048214198, 1.08370637238, 3.68714854969, 0.878671661902, 4.81092503597, 0.916965520647, 0.94986255088, 2.39044179355, 7.60754667621, 1.02512553528, 3.0157548388, 0.891402897103, 1.04061240052, 1.61474223699, 1.03656454187, 0.867191313408, 3.64779364755, 1.17094456951, 0.83165854036, 267.554097008, 0.980268371024, 4.95282231645, 1.10763050751, 3.9901573793, 1.11103602823, 95.0629000758, 12.4768564821, 693.471381851, 4.28954423592
2.89012202065, 1.07721063927, 1.71048214198, 1.08370637238, 3.68714854969, 0.878671661902, 4.81092503597, 0.916965520647, 0.94986255088, 2.78418720713, 7.60754667621, 1.02512553528, 3.0157548388, 0.891402897103, 1.04061240052, 1.61474223699, 1.03656454187, 0.867191313408, 3.64779364755, 1.17094456951, 0.83165854036, 267.554097008, 0.980268371024, 4.95282231645, 1.10763050751, 3.9901573793, 1.1315437195, 121.081568408, 16.0534872667, 678.848621504, 1.07238605898
2.89012202065, 1.07721063927, 1.71048214198, 1.08370637238, 3.68714854969, 0.878671661902, 4.81092503597, 0.916965520647, 0.94986255088, 2.78418720713, 7.60754667621, 1.02512553528, 3.0157548388, 0.891402897103, 1.04061240052, 1.61474223699, 1.03656454187, 0.867191313408, 3.64779364755, 1.17094456951, 0.83165854036, 267.554097008, 0.980268371024, 4.95282231645, 1.10763050751, 3.9901573793, 1.1315437195, 121.081568408, 16.0534872667, 678.848621504, 1.07238605898
2.89012202065, 1.07721063927, 1.71048214198, 1.08370637238, 3.68714854969, 0.878671661902, 4.81092503597, 0.916965520647, 0.94986255088, 2.78418720713, 7.60754667621, 1.02512553528, 3.0157548388, 0.891402897103, 1.04061240052, 1.61474223699, 1.03656454187, 0.867191313408, 3.64779364755, 1.17094456951, 0.83165854036, 267.554097008, 0.980268371024, 4.95282231645, 1.10763050751, 3.9901573793, 1.1315437195, 121.081568408, 16.0534872667, 678.848621504, 1.07238605898
2.89012202065, 1.07721063927, 1.71048214198, 1.08370637238, 3.68714854969, 0.878671661902, 4.81092503597, 0.916965520647, 0.94986255088, 2.78418720713, 7.60754667621, 1.02512553528, 3.0157548388, 0.891402897103, 1.04061240052, 1.61474223699, 1.03656454187, 0.867191313408, 3.64779364755, 1.17094456951, 0.83165854036, 267.554097008, 0.980268371024, 4.95282231645, 1.10763050751, 3.9901573793, 1.1315437195, 121.081568408, 16.0534872667, 678.848621504, 1.07238605898
2.89012202065, 1.07721063927, 1.71048214198, 1.08370637238, 3.68714854969, 0.878671661902, 4.81092503597, 0.916965520647, 0.94986255088, 2.78418720713, 7.60754667621, 1.02512553528, 3.0157548388, 0.891402897103, 1.04061240052, 1.61474223699, 1.03656454187, 0.867191313408, 3.64779364755, 1.17094456951, 0.83165854036, 267.554097008, 0.980268371024, 4.95282231645, 1.10763050751, 3.9901573793, 1.1315437195, 121.081568408, 16.0534872667, 678.848621504, 1.07238605898
2.89012202065, 1.07721063927, 1.71048214198, 1.08370637238, 3.68714854969, 0.878671661902, 4.81092503597, 0.916965520647, 0.94986255088, 2.78418720713, 7.60754667621, 1.02512553528, 3.0157548388, 0.891402897103, 1.04061240052, 1.61474223699, 1.03656454187, 0.867191313408, 3.64779364755, 1.17094456951, 0.83165854036, 267.554097008, 0.980268371024, 4.95282231645, 1.10763050751, 3.9901573793, 1.1315437195, 121.081568408, 16.0534872667, 678.848621504, 1.07238605898
2.89012202065, 1.07721063927, 1.71048214198, 1.08370637238, 3.68714854969, 0.878671661902, 4.81092503597, 0.916965520647, 0.94986255088, 2.78418720713, 7.60754667621, 1.02512553528, 3.0157548388, 0.891402897103, 1.04061240052, 1.61474223699, 1.03656454187, 0.867191313408, 3.64779364755, 1.17094456951, 0.83165854036, 267.554097008, 0.980268371024, 4.95282231645, 1.10763050751, 3.9901573793, 1.1315437195, 121.081568408, 16.0534872667, 678.848621504, 1.07238605898
