2.62925976923, 1.00000016848, 1.3069152818, 1.1164700139, 4.33841172684, 0.772233710227, 4.36773565863, 1.00734602243, 0.953223410805, 4.57192911625, 4.73417128377, 0.892500301266, 4.09422024841, 1.0763227805, 1.09000019307, 1.10686505185, 1.04428389297, 0.957304875683, 8.78057669747, 1.15024941404, 0.902869843456, 747.247564118, 1.15204732375, 3.26975180953, 1.05336974686, 2.04010168273, 0.99463459395, 16.7550646991, 7.16400374949, 187.557852838, 4.28954423592
1.13845108352, 1.00000054874, 1.24719235593, 1.09122990934, 5.49200004951, 0.761618502047, 3.20137624362, 1.08217071552, 0.97116933821, 2.73438676494, 5.62575231931, 0.830355838203, 1.34433694547, 0.927800169865, 1.09000079871, 1.00137288548, 1.02244836995, 0.824512014501, 3.77932027696, 0.935988798165, 0.826137920663, 93.8258812595, 0.997100431854, 1.47509894149, 1.0346034614, 4.28378398961, 0.994970230198, 27.0412373713, 13.6755786348, 57.5949199177, 0.0
2.28598495472, 1.00000017445, 1.32437618672, 1.06146940425, 2.56792644794, 0.743554441491, 3.26239030791, 1.18545352193, 0.967479888844, 5.68000356527, 5.64687024387, 0.822150172146, 1.12730611603, 1.21395779908, 1.0900009861, 1.01934904263, 1.00349155272, 1.06150968081, 6.58427115372, 1.00856249177, 0.984548634458, 465.890724534, 0.998408587162, 4.66096539313, 1.08249749623, 5.29896378887, 1.07266384466, 9.03766866298, 9.66396113696, 27.4705533658, 0.804289544236
3.14694580202, 1.00000033019, 1.01457756554, 0.965539166054, 3.122102357, 0.796710405594, 1.38102578383, 1.06574671229, 0.950883406406, 5.08219717574, 5.42100153733, 1.13269220055, 4.03545448685, 0.972827548463, 1.09000001771, 1.0059231998, 1.03276241959, 1.04015721874, 6.51836356177, 1.15233963865, 0.77790913474, 818.380562701, 0.914571046701, 5.2506356599, 1.18166219611, 1.07721446379, 0.995086949161, 42.3617311248, 15.0948043758, 30.0912501691, 0.0
2.14178999177, 1.0000004426, 1.08679430305, 1.1028989062, 6.52269325038, 0.786013953522, 3.63465304963, 1.16257149046, 0.966730939565, 1.86031245134, 5.71258787728, 1.00129606857, 2.79311695907, 0.810020627276, 1.09000037259, 1.09063667976, 1.00349155272, 1.10425971153, 9.94203943267, 0.982972822274, 0.83271615305, 979.525897859, 1.19569735561, 2.19204317279, 1.22010849118, 5.27628425997, 1.28706226479, 24.2863486907, 8.20807894956, 71.3475774728, 0.0
2.18384676541, 1.00000058912, 1.42152226318, 1.10259752876, 4.16615600101, 0.944553798849, 1.92977589515, 1.11122911333, 0.959219661539, 3.14878707667, 4.9842619646, 0.968246965795, 4.64999323715, 0.941774954521, 1.09000066151, 1.10700731126, 1.04575320524, 0.86158739251, 9.33728979052, 0.923737999115, 0.832762461017, 417.2570654, 0.978718385761, 1.04531053654, 0.977221987132, 3.01061258468, 0.903599553283, 33.2927624165, 7.56329892066, 613.71704798, 4.02144772118
2.26121693838, 1.00000050071, 1.36399996155, 0.974780280136, 5.26439013945, 0.760693941088, 3.58337768483, 1.01756341791, 0.941563191992, 5.86929538017, 5.3652329795, 0.99153346213, 4.98514158349, 1.08587743453, 1.09000076513, 1.04013117943, 1.02043856068, 0.832198934012, 5.3755422776, 1.16257160437, 0.761906462114, 238.690124139, 0.950411395137, 5.20954375857, 1.07853226869, 4.74379797736, 1.13135381128, 21.1577448273, 12.5775469762, 45.5760184479, 2.9490616622
2.28598495472, 1.00000017445, 1.32437618672, 0.900502644277, 2.56792644794, 0.743554441491, 3.26239030791, 1.18545352193, 0.967479888844, 5.68000356527, 5.5517356808, 0.822150172146, 2.65475782352, 1.21395779908, 1.09000011557, 1.02928351327, 1.00349155272, 1.06150968081, 6.58427115372, 1.00856249177, 0.959606541826, 465.890724534, 1.17824835195, 2.19204317279, 1.08249749623, 5.29896378887, 1.07266384466, 75.2158472521, 11.3115064978, 173.932348101, 1.07238605898
1.40118802559, 1.0000004426, 1.08679430305, 1.03145799365, 6.52269325038, 0.786013953522, 3.63465304963, 1.1996884712, 0.966730939565, 1.86031245134, 5.71258787728, 1.00129606857, 2.79311695907, 0.810020627276, 1.09000037259, 1.09063667976, 1.00349155272, 1.10425971153, 7.6901160171, 0.982972822274, 0.83271615305, 979.525897859, 1.19569735561, 2.19204317279, 1.15272728632, 5.27628425997, 1.28109842892, 39.0407070466, 9.57064709684, 322.638407184, 6.43431635389
4.35260473758, 1.00000083813, 1.65841202245, 0.853865664434, 2.00401681893, 0.947670089594, 3.6892679731, 1.18832472724, 0.938281604657, 2.83599936742, 5.49194537012, 0.944057136771, 5.01212145493, 1.19522701781, 1.09000065262, 1.02410958269, 1.03618114068, 1.04689345917, 5.12858477132, 1.14752981069, 0.914556410387, 288.734345221, 0.988101135716, 4.31286277828, 1.10717684466, 3.81074165503, 0.924395331597, 102.80082189, 14.9427404327, 870.641485734, 0.0
1.04757846121, 1.0000001334, 1.60729747162, 1.06146940425, 2.33978266254, 0.890360652016, 5.79726047105, 1.18545352193, 0.91421910299, 1.66492640964, 5.71685539783, 0.93420432106, 3.23039467484, 1.12768462512, 1.09000049862, 1.05187837722, 1.04318346436, 0.852312863174, 9.05322499136, 1.05142242865, 0.943149976848, 841.862636898, 1.04510511464, 4.66096539313, 1.15430967417, 1.06172129966, 1.12889724388, 62.1163632713, 18.2013587435, 86.161591439, 0.268096514745
2.18384676541, 1.00000058912, 1.42152226318, 1.10259752876, 4.16615600101, 0.944553798849, 1.92977589515, 1.11122911333, 0.959219661539, 3.14878707667, 4.9842619646, 0.968246965795, 1.43970584951, 0.941774954521, 1.09000066151, 1.0966157869, 1.04575320524, 0.86158739251, 4.40437864254, 0.923737999115, 0.81924823833, 417.2570654, 0.978718385761, 1.04531053654, 0.977221987132, 3.01061258468, 0.903599553283, 68.3195668837, 9.17273240742, 142.098721067, 4.82573726542
5.34807640035, 1.00000016848, 1.3069152818, 1.1164700139, 4.33841172684, 0.772233710227, 1.2435623985, 1.00483696239, 0.953223410805, 4.57192911625, 4.78610522403, 0.892500301266, 4.09422024841, 1.0763227805, 1.09000019307, 1.10686505185, 1.04428389297, 0.86158739251, 8.78057669747, 1.15024941404, 0.902869843456, 747.247564118, 1.15204732375, 3.26975180953, 1.05336974686, 1.37748198349, 0.99463459395, 43.4619588211, 11.9212444493, 109.92955055, 2.68096514745
2.32364352234, 1.00000053007, 1.57828296965, 0.987739982575, 6.57843692626, 0.772676191571, 5.18803320436, 1.03223083415, 0.936611548984, 4.38508943776, 5.43353610607, 1.13570842007, 4.7519155691, 0.92445026342, 1.09000041848, 1.02919221689, 1.02298533185, 0.913631170564, 8.6233838817, 0.996948451236, 0.817831163734, 756.662748601, 0.944555705065, 3.23345483293, 1.20118205269, 2.51630282792, 0.969841810251, 119.092198746, 22.1182995945, 516.446806578, 0.0
1.19452979368, 1.00000095612, 1.63511616488, 1.03449022556, 2.69327587849, 0.934252923383, 4.02398232759, 1.23996577104, 0.957946584309, 4.02631492264, 5.26726370504, 0.824595400907, 3.3542214266, 1.04820961592, 1.09000081281, 1.07552788825, 1.0375086472, 1.18194726705, 9.65029489107, 0.936564321877, 0.832762461017, 119.807836193, 1.0884843865, 5.94661105723, 0.988175420936, 3.2238053904, 1.00763738634, 53.1452814452, 10.3602149802, 103.19398711, 3.75335120643
3.14694580202, 1.00000018319, 1.01457756554, 0.965539166054, 2.00405295634, 0.796710405594, 1.38102578383, 1.06574671229, 0.950883406406, 5.24821596342, 5.42100153733, 1.13269220055, 4.03545448685, 0.972827548463, 1.09000001771, 1.0059231998, 1.03276241959, 1.04015721874, 6.51836356177, 1.15233963865, 0.77790913474, 818.380562701, 0.914571046701, 5.2506356599, 1.18166219611, 1.29138571044, 1.07720695225, 154.788545324, 16.5451085941, 300.928636867, 0.0
5.17072345917, 1.00000080898, 1.40043447031, 0.918320805944, 4.61268133123, 0.921381246137, 4.20585784381, 1.10491657457, 0.969054263161, 4.38007068027, 4.71034827067, 1.20644535942, 3.8051240453, 1.01967430798, 1.0900005779, 1.06527681059, 1.02796716543, 0.922446489467, 7.69662985173, 1.1491635463, 0.874637830334, 241.702751649, 1.19079018327, 5.94806174764, 1.19548686819, 2.71707974035, 0.88441576635, 55.7707732422, 12.535673604, 155.772732375, 0.536193029491
4.93934946181, 1.00000062063, 1.62288515312, 1.03726095753, 5.34987493557, 0.979573513618, 3.84472460532, 1.23151310168, 0.942005138529, 1.56479098535, 4.88280208786, 1.01879814115, 5.04410676768, 0.812040080872, 1.0900005005, 1.10832834668, 1.01218758056, 1.22736122648, 3.43370736556, 1.09202766996, 0.903354777305, 486.223661602, 0.918429036529, 3.61815033055, 1.02469190133, 2.71173389618, 1.19691501777, 37.2131630871, 14.9258654449, 102.512582145, 0.268096514745
5.09520709309, 1.0000009124, 1.10196025525, 0.983503737919, 4.18404590423, 0.959667566165, 4.7389621309, 1.10261375325, 0.977847194941, 1.90662003188, 5.52647245952, 1.13169384535, 4.82869702999, 0.977510027884, 1.09000039943, 1.06234394246, 1.02593138729, 1.0850821242, 7.31248333872, 1.02907081061, 0.893215683888, 572.523820128, 0.989651490915, 4.68239490273, 1.17713527582, 4.54571774849, 1.00763218013, 110.502941489, 12.4604466231, 242.669833355, 2.14477211796
4.58137639468, 1.00000093355, 1.58525405426, 0.862613653411, 3.02342332029, 0.888912681186, 5.84056368034, 1.23720385202, 0.987283085584, 3.31616281163, 5.8769045416, 1.07595355499, 1.35086115312, 0.993630049041, 1.09000021742, 1.01565763239, 1.03960584719, 0.815857456791, 6.60477520613, 1.12389355231, 0.961994227961, 680.058556633, 0.917240411069, 5.17499509299, 1.23846704538, 1.05362608861, 0.971180936505, 150.533589117, 22.7992112546, 681.49803165, 0.0
2.81943419854, 1.00000000366, 1.23668163169, 1.01788034547, 1.85855855778, 0.85154854006, 5.35259441963, 1.17286950998, 0.991087981049, 4.32769311745, 4.95227608045, 1.21142267232, 3.74558899912, 0.812040080872, 1.09000040814, 1.05712832593, 1.00536771724, 0.964462854832, 4.03191968981, 1.17634138421, 0.898906327856, 801.993638212, 1.10984132757, 5.75430043548, 1.05704548798, 1.79605204742, 1.06742296607, 100.925440074, 10.8942326073, 758.204579303, 4.02144772118
1.13845108352, 1.00000054874, 1.24719235593, 1.09122990934, 6.45285408289, 0.761618502047, 3.20137624362, 1.08217071552, 0.97116933821, 2.73438676494, 5.62575231931, 0.830355838203, 1.34433694547, 0.927800169865, 1.09000079871, 1.01092230552, 1.02244836995, 0.824512014501, 3.77932027696, 0.935988798165, 0.826137920663, 93.8258812595, 0.997100431854, 1.47509894149, 1.0346034614, 4.28378398961, 0.994970230198, 101.945448936, 10.7921479305, 451.50659515, 4.82573726542
2.37837455783, 1.00000099704, 1.01110122178, 0.903397796418, 1.75444168314, 0.802164899814, 1.18750388384, 1.11761790428, 0.927105782811, 5.04980276738, 5.27986044964, 0.968699354176, 3.1894114287, 0.987063316577, 1.09000001818, 1.04502127984, 1.00207639071, 1.07678722833, 5.42325376481, 0.914426286176, 0.962151377666, 95.1551999325, 1.14541380074, 1.21778543845, 1.12863412757, 1.89973903742, 1.15815700112, 176.229497366, 17.252638638, 343.877774549, 0.0
2.32364352234, 1.00000053007, 1.57828296965, 0.89757000283, 6.57843692626, 0.772676191571, 5.18803320436, 1.03223083415, 0.936611548984, 4.38508943776, 5.43353610607, 1.13570842007, 4.7519155691, 0.92445026342, 1.09000040445, 1.02919221689, 1.02298533185, 0.913631170564, 8.6233838817, 0.996948451236, 0.857201201986, 756.662748601, 0.944555705065, 3.23345483293, 1.20118205269, 2.51630282792, 0.969841810251, 192.10273648, 14.8088984341, 322.681734371, 1.87667560322
5.92885135879, 1.00000080539, 1.31238659224, 1.17237375875, 4.85076401194, 0.789266154428, 4.33319472233, 1.03978561302, 0.961718170709, 5.22701810735, 5.66761510433, 1.20979621052, 1.90703074189, 1.27712579913, 1.09000024245, 1.04388203434, 1.03557233322, 1.21812467948, 7.90694741517, 1.06594112538, 0.798441638108, 465.454399413, 1.14366430617, 3.26013108591, 1.03176980768, 2.65106382139, 0.876306697893, 172.552001379, 14.7932879003, 797.585903408, 0.804289544236
2.28598495472, 1.00000017445, 1.32437618672, 0.900502644277, 2.56792644794, 0.743554441491, 3.26239030791, 1.05101798545, 0.967479888844, 5.68000356527, 5.5517356808, 0.822150172146, 2.65475782352, 1.21395779908, 1.09000011557, 1.02928351327, 1.00349155272, 1.06150968081, 6.58427115372, 1.00856249177, 0.959606541826, 190.882663527, 1.11091534966, 2.19204317279, 1.08249749623, 5.29896378887, 1.07266384466, 223.845904141, 13.3792489739, 779.780250598, 1.87667560322
3.59682649917, 1.00000093679, 1.45631665189, 0.984605553732, 5.67094712348, 0.93738458426, 1.39461343391, 1.03212452165, 0.923858987881, 5.77117525027, 5.87017955143, 0.934908619357, 4.04539702447, 1.18296997876, 1.09000057514, 1.02362317141, 1.01928911692, 0.978134008319, 4.40437864254, 1.05919607609, 0.945817087714, 10.0631940679, 0.948088500049, 1.40652040313, 1.00232773507, 1.06365621742, 1.1992564647, 154.026071483, 16.6692645358, 680.181621986, 0.536193029491
3.1156815958, 1.00000000944, 1.30124558725, 1.02179219882, 6.73952770804, 0.91668646252, 1.32737336067, 1.2217977712, 0.990018269455, 5.88795197429, 5.3733045375, 1.18672677462, 1.64978413074, 1.13103388772, 1.09000038056, 1.00636746825, 1.02421110956, 1.10456924286, 7.6268656389, 0.948962178248, 0.772136765881, 559.544096867, 1.17989525379, 5.14090286045, 1.14890154475, 3.10053226862, 0.962013756295, 75.438297657, 19.1317213534, 293.7688785, 0.268096514745
4.36611935799, 1.00000078277, 1.00859594662, 1.05630512977, 6.76550132673, 0.784661552217, 2.38963417179, 1.03278162336, 0.903880526617, 2.18718140607, 5.85782489583, 0.841663790279, 3.31447975535, 1.193429114, 1.0900001594, 1.08890382954, 1.00388985768, 1.19109751946, 7.1566705028, 0.911868580612, 0.894870149925, 363.784881621, 1.15955593016, 2.31722551305, 1.1161699357, 5.08780557735, 1.22447070783, 37.6355358466, 14.9694131409, 210.439852182, 2.14477211796
1.04757846121, 1.0000001334, 1.60729747162, 1.14309401366, 1.87685438333, 0.824474060455, 5.79726047105, 1.05101798545, 0.904108045352, 1.66492640964, 5.71685539783, 0.93420432106, 3.23039467484, 1.12768462512, 1.09000049862, 1.03257646749, 1.04318346436, 1.07560018758, 4.51575816709, 1.05142242865, 0.943149976848, 795.409544667, 1.08228515141, 4.66096539313, 1.15430967417, 1.06172129966, 0.870750974589, 128.86933021, 22.8108656463, 287.851428877, 1.07238605898
2.26604309018, 1.00000099419, 1.16311351196, 0.816603858577, 5.9344712169, 0.793730509651, 3.94005578335, 1.0022000114, 0.945816677907, 3.75772840574, 5.8688770574, 1.03143074692, 3.67135495945, 0.963425989608, 1.09000067795, 1.10803362522, 1.00551469695, 0.947984361925, 8.55825300795, 1.18975628146, 0.99825856496, 244.034024593, 0.993201533271, 5.57737203955, 0.963675238346, 4.63659261528, 1.29702614249, 216.507698296, 16.1793683153, 510.748861107, 0.536193029491
5.67593975061, 1.00000087455, 1.5060908672, 0.882150777876, 2.04901892423, 0.727319033779, 5.38974801004, 1.09440244529, 0.935683179989, 5.21684542655, 5.47827973008, 0.857337451328, 1.78792843283, 1.15555465872, 1.09000074143, 1.10936884538, 1.01437104104, 1.09512001922, 3.18602954096, 1.04097647517, 0.893471454828, 831.270097174, 0.932700630251, 1.02078086653, 1.09829041307, 1.31719285891, 1.12889724388, 91.7931640046, 15.0321199766, 542.64486803, 1.07238605898
5.65411596239, 1.00000022428, 1.4696557194, 1.04972614111, 6.79328518143, 0.767882915123, 3.93017462999, 1.14768802768, 0.958446254935, 5.38043421713, 4.86554148851, 1.18371363956, 1.93211714221, 0.99037482774, 1.09000066119, 1.03834090363, 1.02425797553, 1.17356290705, 7.65979528033, 1.09673045314, 0.879544528858, 625.906768537, 1.05494996685, 3.48024128903, 1.08241436194, 2.68522587787, 1.01977328812, 156.107213342, 12.6473192452, 446.185469618, 4.28954423592
2.57049685851, 1.00000089165, 1.53223785392, 1.07705511621, 4.0397898433, 0.96397949901, 4.47167989059, 1.04061329059, 0.921920634662, 3.61865982888, 6.05956024787, 1.18602748526, 3.4070066712, 1.25245757475, 1.090000791, 1.00298696764, 1.01047701389, 1.22969590056, 6.0251103917, 1.06423419514, 0.818924956946, 799.204571799, 1.17520497615, 1.27721754784, 0.973183147313, 4.07427678242, 0.901625446311, 326.464049014, 14.4885323721, 508.990619298, 2.68096514745
1.19452979368, 1.00000095612, 1.63511616488, 1.03449022556, 2.69327587849, 0.934252923383, 4.02398232759, 1.24097321042, 0.957946584309, 2.29896193017, 5.26726370504, 0.824595400907, 3.3542214266, 1.04820961592, 1.09000081281, 1.07552788825, 1.0375086472, 1.19626082155, 9.65029489107, 0.936564321877, 0.832762461017, 119.807836193, 1.15047652272, 5.94661105723, 0.988175420936, 3.2238053904, 1.00763738634, 155.156396026, 14.3484708555, 1159.0677197, 3.75335120643
4.37532400047, 1.00000078277, 1.02500142739, 1.06213774437, 1.75863047166, 0.859460722939, 2.41338954816, 1.01136543403, 0.901790431962, 2.2253206148, 5.47827973008, 0.88883181713, 2.15529863423, 0.912412647185, 1.0900009297, 1.00515204402, 1.03000529393, 1.11179994631, 7.16817197306, 1.00416713779, 0.775346451147, 504.677215544, 1.06185595391, 4.8451563521, 1.13810097919, 3.30886523471, 1.06969612762, 168.173068611, 11.9421578166, 587.32580986, 5.63002680965
5.22486411902, 1.00000039687, 1.2799648327, 1.01632431343, 4.30113266858, 0.837793614931, 3.00221583155, 1.05626846474, 0.955480689257, 1.95578471762, 5.81335071628, 1.06841466033, 4.71742474647, 1.26471191827, 1.09000010796, 1.06058416364, 1.00910733446, 0.971543833592, 9.73826550114, 0.999235267796, 0.896492177697, 733.382708646, 1.12675211792, 1.99351934147, 1.22913327966, 5.17064353504, 0.992794492108, 122.958156581, 11.0299744318, 622.434171739, 6.43431635389
1.19452979368, 1.00000095612, 1.63511616488, 1.03449022556, 2.69327587849, 0.934252923383, 4.02398232759, 1.23996577104, 0.957946584309, 2.29896193017, 5.26726370504, 0.824595400907, 3.3542214266, 1.04820961592, 1.09000081281, 1.07552788825, 1.0375086472, 1.18194726705, 9.65029489107, 0.936564321877, 0.832762461017, 119.807836193, 1.0884843865, 5.94661105723, 0.988175420936, 3.2238053904, 1.00763738634, 295.437947262, 28.1703447129, 737.039765552, 0.0
5.88343195434, 1.00000083813, 1.66448510092, 0.853865664434, 2.00401681893, 0.947670089594, 3.6892679731, 1.041073189, 0.938281604657, 2.83599936742, 5.49194537012, 0.891234384857, 5.01212145493, 1.19522701781, 1.09000065262, 1.0059231998, 1.03618114068, 1.04689345917, 5.48578494922, 1.14752981069, 0.914556410387, 153.401332131, 0.988101135716, 4.31286277828, 1.22828745211, 3.81074165503, 0.898286383679, 392.916191557, 22.5539416345, 2834.98065229, 0.0
3.1156815958, 1.00000000944, 1.30124558725, 1.02179219882, 6.73952770804, 0.91668646252, 3.53249276931, 1.2217977712, 0.990018269455, 5.88795197429, 5.3733045375, 1.21627420253, 1.64978413074, 1.13103388772, 1.09000038056, 1.00137288548, 1.02421110956, 1.21501919791, 7.6268656389, 0.948962178248, 0.765762269034, 559.544096867, 1.17989525379, 5.14090286045, 1.14890154475, 4.0531910487, 0.962013756295, 351.141283402, 28.5989985708, 594.573536819, 0.0
4.35260473758, 1.00000086853, 1.65841202245, 0.853865664434, 2.00401681893, 0.947670089594, 3.6892679731, 1.18832472724, 0.938281604657, 2.83599936742, 6.03344999947, 0.944057136771, 5.01212145493, 1.19522701781, 1.0900006175, 1.02410958269, 1.03618114068, 1.04689345917, 3.95440315391, 1.17520658637, 0.914556410387, 288.734345221, 1.07964507602, 4.31286277828, 1.04460337606, 3.81074165503, 0.878300362046, 568.400042485, 26.4571000179, 1076.74921303, 0.0
5.67593975061, 1.00000087455, 1.5060908672, 0.882150777876, 2.04901892423, 0.806322307465, 4.48965870605, 1.03051603844, 0.935683179989, 4.72450080062, 4.96137836251, 0.857337451328, 2.37902261301, 1.19213496464, 1.09000074143, 1.1068734048, 1.01437104104, 1.18621506126, 3.18602954096, 1.04097647517, 0.893471454828, 831.270097174, 1.04510511464, 1.02078086653, 1.13879687074, 1.31719285891, 1.12889724388, 172.596970618, 14.9298518392, 1968.16633613, 3.48525469169
5.84722291124, 1.00000011308, 1.38744714331, 1.06887430047, 1.71047928184, 0.870196120708, 2.93306088479, 1.01020349947, 0.934190045893, 3.75772840574, 5.13707479532, 1.17647579843, 4.16970586371, 1.27530428084, 1.09000067336, 1.0988838168, 1.04937708532, 1.18281425035, 6.74719436031, 1.07751854112, 0.793927767541, 284.498219724, 1.07356177838, 5.63783914051, 1.1906009733, 1.28315997005, 1.28350529938, 186.285174101, 23.4599823173, 533.288447506, 0.804289544236
1.32503803191, 1.00000053007, 1.57828296965, 0.987739982575, 6.57843692626, 0.94964481907, 5.18803320436, 1.03223083415, 0.936611548984, 4.38508943776, 5.43353610607, 1.13570842007, 4.7519155691, 0.92445026342, 1.09000041848, 1.02919221689, 1.02298533185, 0.913631170564, 8.6233838817, 1.02923151533, 0.817831163734, 756.662748601, 0.944555705065, 2.7730532939, 1.18424343277, 2.51630282792, 0.969841810251, 166.867365361, 22.8064673848, 379.65884574, 1.34048257373
1.04757846121, 1.0000001334, 1.60729747162, 1.06146940425, 2.33978266254, 0.890360652016, 5.79726047105, 1.18545352193, 0.91421910299, 1.66492640964, 5.71685539783, 0.93420432106, 3.23039467484, 1.12768462512, 1.09000049862, 1.05187837722, 1.04318346436, 0.852312863174, 9.05322499136, 1.05142242865, 0.943149976848, 841.862636898, 1.08228515141, 4.66096539313, 1.15430967417, 1.06172129966, 0.870750974589, 396.248750829, 19.2599671905, 2960.33856091, 0.268096514745
4.35260473758, 1.00000083813, 1.65841202245, 0.853865664434, 2.00401681893, 0.947670089594, 3.6892679731, 1.18832472724, 0.938281604657, 2.83599936742, 5.49194537012, 0.944057136771, 5.01212145493, 1.19522701781, 1.09000065262, 1.02410958269, 1.03618114068, 1.04689345917, 3.95440315391, 1.17520658637, 0.914556410387, 288.734345221, 1.07964507602, 4.31286277828, 1.10717684466, 3.81074165503, 0.924395331597, 126.982654601, 21.6464011465, 460.258145367, 1.34048257373
5.22486411902, 1.00000039687, 1.2799648327, 1.01632431343, 4.30113266858, 0.837793614931, 3.00221583155, 1.05626846474, 0.972072504213, 1.95578471762, 5.47827973008, 1.06841466033, 4.71742474647, 1.26471191827, 1.09000010796, 1.07279667059, 1.00910733446, 0.971543833592, 9.73826550114, 0.999235267796, 0.896492177697, 733.382708646, 1.12675211792, 1.99351934147, 0.967228734199, 5.17064353504, 0.992794492108, 549.289517979, 23.851075723, 2518.72234591, 0.268096514745
5.67593975061, 1.00000087455, 1.5060908672, 0.882150777876, 2.04901892423, 0.806322307465, 4.28795445746, 1.09440244529, 0.935683179989, 4.72450080062, 4.96137836251, 0.857337451328, 1.78792843283, 1.19213496464, 1.09000074143, 1.1068734048, 1.01437104104, 1.18621506126, 3.18602954096, 1.04097647517, 0.893471454828, 831.270097174, 1.04510511464, 1.02078086653, 1.16261078851, 1.31719285891, 1.12889724388, 245.305661806, 19.8140077079, 443.791710433, 0.536193029491
5.67593975061, 1.00000087455, 1.5060908672, 0.882150777876, 2.04901892423, 0.835911318705, 4.28795445746, 1.09440244529, 0.935683179989, 4.72450080062, 4.96137836251, 0.857337451328, 1.78792843283, 1.15555465872, 1.09000074143, 1.10936884538, 1.01437104104, 1.09512001922, 3.18602954096, 1.04097647517, 0.893471454828, 831.270097174, 1.04510511464, 1.02078086653, 1.09829041307, 1.31719285891, 1.12889724388, 154.61915443, 17.2359092416, 218.512325201, 2.14477211796
5.30533311925, 1.00000000138, 1.13983156664, 1.15197865395, 4.11169208754, 0.994159496049, 3.94925368289, 1.10512863106, 0.966929104663, 4.86056273615, 5.7620969451, 0.949308235254, 2.52424210514, 1.22307521315, 1.09000048475, 1.08780762873, 1.04548312474, 1.09659690631, 9.98148927391, 0.914388690145, 0.971303900839, 611.897234575, 1.09017399719, 5.97164120815, 1.23531015299, 1.18134294226, 0.974567629005, 338.631674531, 18.7367172968, 1075.90753329, 0.536193029491
2.21279439888, 1.00000081774, 1.39603525883, 0.859727344034, 2.24926324328, 0.859460722939, 3.94005578335, 1.12571826223, 0.940943904715, 5.82872669385, 5.47827973008, 0.983025554341, 3.9487310348, 0.963425989608, 1.09000091437, 1.10803362522, 1.00961678339, 0.938752622503, 7.57253787196, 1.18062349368, 0.799337655564, 600.023835935, 1.16940867894, 3.38440934094, 1.22673269799, 1.20347906747, 1.29950328247, 240.35983533, 16.3252244224, 1837.78889491, 1.34048257373
2.28598495472, 1.00000033019, 1.0102925143, 0.965539166054, 3.122102357, 0.796710405594, 1.38102578383, 1.06574671229, 0.950883406406, 5.08219717574, 5.12129431541, 1.13269220055, 4.03545448685, 0.972827548463, 1.09000001771, 1.0059231998, 1.03176910972, 1.04015721874, 6.51836356177, 1.15233963865, 0.77790913474, 818.380562701, 0.914571046701, 5.2506356599, 1.18166219611, 5.29896378887, 0.995086949161, 169.137657272, 17.5915774107, 559.145446344, 1.34048257373
3.79969821269, 1.00000072824, 1.38736690529, 1.10458566413, 3.52465356576, 0.89500078297, 4.78185720378, 1.10782079802, 0.972125061611, 2.350891957, 4.99147707273, 0.894359661531, 2.01225170267, 0.818331974796, 1.09000078333, 1.0951372534, 1.00127211235, 0.96921226674, 8.10990249468, 0.949143360519, 0.77617487082, 592.420359235, 0.959702250132, 1.36250527505, 1.11494079412, 1.2900310445, 0.874420829371, 268.672508212, 15.8054823093, 821.754508557, 1.60857908847
1.04757846121, 1.0000001334, 1.60729747162, 1.06146940425, 2.33978266254, 0.890360652016, 5.79726047105, 1.18545352193, 0.91421910299, 1.66492640964, 5.71685539783, 0.93420432106, 3.23039467484, 1.12768462512, 1.09000049862, 1.05187837722, 1.04318346436, 0.852312863174, 9.05322499136, 1.05142242865, 0.943149976848, 841.862636898, 1.08228515141, 4.66096539313, 1.15430967417, 1.06172129966, 0.870750974589, 245.709815787, 16.7809335124, 1102.37854867, 3.75335120643
1.04757846121, 1.0000001334, 1.60729747162, 1.06146940425, 2.33978266254, 0.890360652016, 5.98109001688, 1.18545352193, 0.91421910299, 1.66492640964, 5.71685539783, 0.93420432106, 3.23039467484, 1.12768462512, 1.09000049862, 1.05187837722, 1.04318346436, 0.852312863174, 9.05322499136, 1.05142242865, 0.868228598705, 841.862636898, 1.08228515141, 4.66096539313, 1.15430967417, 1.06172129966, 0.870750974589, 212.709466015, 16.5915056295, 1856.22470934, 2.9490616622
4.58137639468, 1.00000093355, 1.58525405426, 0.862613653411, 3.02342332029, 0.888912681186, 5.92754167036, 1.23720385202, 0.987283085584, 3.31616281163, 5.8769045416, 1.07595355499, 1.35086115312, 1.09510636701, 1.09000021742, 1.01565763239, 1.04902946531, 0.815857456791, 6.60477520613, 1.12389355231, 0.961994227961, 680.058556633, 0.917240411069, 5.17499509299, 1.23846704538, 1.05362608861, 0.971180936505, 358.544468351, 15.5824667602, 1820.75973359, 2.41286863271
2.14178999177, 1.00000008406, 1.08679430305, 1.04326798257, 5.85392242363, 0.767909563075, 3.63465304963, 1.1996884712, 0.966730939565, 1.86031245134, 5.71258787728, 1.00129606857, 2.79311695907, 0.810020627276, 1.09000037259, 1.09063667976, 1.02707900079, 1.10425971153, 9.94203943267, 0.982972822274, 0.83271615305, 979.525897859, 1.19569735561, 2.35476757054, 1.15272728632, 5.27628425997, 1.14669057133, 172.002024712, 17.5437842951, 706.732344844, 1.07238605898
3.09401306264, 1.00000099375, 1.31238659224, 0.828607300068, 5.9344712169, 0.768929914646, 3.94005578335, 1.0022000114, 0.945816677907, 3.75772840574, 5.8688770574, 1.03143074692, 3.67135495945, 0.824571432809, 1.09000067795, 1.10803362522, 1.00551469695, 1.03106912337, 5.35234406759, 1.18975628146, 0.99825856496, 741.192242133, 1.02674189213, 5.57737203955, 1.03176980768, 4.44683626295, 1.23177971924, 164.126955472, 17.9095696847, 1464.60666797, 1.07238605898
4.13039307155, 1.00000081774, 1.39603525883, 0.956433095414, 2.24926324328, 0.734447097067, 5.98670187321, 1.25937169645, 0.940943904715, 5.82872669385, 5.05238435668, 1.01316346784, 3.9487310348, 0.963425989608, 1.09000091437, 1.08876821858, 1.00961678339, 0.947984361925, 3.32723382359, 1.18062349368, 0.82327065028, 244.034024593, 1.16940867894, 3.38440934094, 1.22673269799, 2.76771953275, 1.26125843848, 226.344840943, 15.2519137737, 1519.2649297, 3.21715817694
2.26604309018, 1.00000099419, 1.16311351196, 0.828607300068, 5.9344712169, 0.793730509651, 3.94005578335, 1.0022000114, 0.944497667346, 3.75772840574, 5.8688770574, 1.03143074692, 3.67135495945, 0.820057637765, 1.09000067795, 1.10803362522, 1.00551469695, 1.03106912337, 5.35234406759, 1.07751854112, 0.999795963504, 600.023835935, 1.02674189213, 5.57737203955, 0.969233591964, 4.44683626295, 1.29702614249, 108.708046354, 20.182256254, 1189.78693711, 2.68096514745
2.26604309018, 1.00000099419, 1.16311351196, 0.828607300068, 5.9344712169, 0.793730509651, 3.94005578335, 1.0022000114, 0.945816677907, 3.75772840574, 5.8688770574, 1.03143074692, 3.67135495945, 0.824571432809, 1.09000067795, 1.10803362522, 1.00551469695, 1.03106912337, 5.35234406759, 1.18975628146, 0.99825856496, 600.023835935, 1.02674189213, 5.57737203955, 0.969233591964, 4.44683626295, 1.29702614249, 400.996406844, 16.420620809, 537.60168494, 5.8981233244
2.70189882302, 1.00000020167, 1.72224724996, 0.987919189894, 1.70380194824, 0.979783372736, 3.93017462999, 1.25937169645, 0.953855219628, 2.58960850817, 4.78777534659, 0.822659704133, 2.28299340483, 0.814097431207, 1.09000067457, 1.08597205432, 1.04934273013, 1.09782706517, 3.32723382359, 0.972165189877, 0.958235454952, 972.822161679, 1.05225542793, 4.73022338468, 1.04460724352, 1.52400605605, 1.12759543402, 287.143918256, 14.5287127284, 843.372138452, 5.63002680965
4.13039307155, 1.00000081774, 1.39603525883, 0.859727344034, 2.24926324328, 0.734447097067, 5.98670187321, 1.12571826223, 0.940943904715, 5.82872669385, 5.05238435668, 0.983025554341, 3.9487310348, 0.963425989608, 1.09000074714, 1.08876821858, 1.00961678339, 0.947984361925, 7.57253787196, 1.18062349368, 0.82327065028, 244.034024593, 1.16940867894, 3.38440934094, 1.22673269799, 1.20347906747, 1.26125843848, 159.174043169, 12.166967938, 1202.10378941, 7.50670241287
5.02275359651, 1.00000002851, 1.68076421529, 1.21726857806, 6.00224786338, 0.879206800304, 4.31674601844, 1.22500888745, 0.978730160269, 5.96851196339, 5.58770589049, 0.952444380688, 3.20398768088, 1.14018403321, 1.09000036239, 1.00089181979, 1.03539913537, 0.840652426052, 9.75426807817, 1.14456341953, 0.882628395801, 167.970248024, 1.07799169514, 2.87285367812, 0.9766050687, 3.81871206478, 1.11715310408, 1024.51492601, 24.1223065594, 3128.39021114, 0.0
2.93315680066, 1.00000039949, 1.6858916839, 1.11039151934, 3.66281342696, 0.932774758308, 5.76457990727, 1.07746458349, 0.94925422736, 3.3833108034, 6.19695608091, 1.11985495772, 3.59924504038, 1.14649743022, 1.0900000455, 1.04726146225, 1.04049397546, 1.14687072166, 9.47141187998, 1.14457437548, 0.933209646231, 140.77972685, 1.07510289041, 5.59095511749, 0.988218248626, 2.01786864225, 1.0639220513, 353.341799843, 29.408915549, 1548.92213222, 0.268096514745
3.1156815958, 1.00000000944, 1.30124558725, 1.02179219882, 6.73952770804, 0.91668646252, 3.53249276931, 1.2217977712, 0.990018269455, 5.88795197429, 5.3733045375, 1.21627420253, 1.11197219495, 1.13103388772, 1.09000038056, 1.00137288548, 1.02421110956, 1.18281425035, 7.2477413726, 0.948962178248, 0.763070277594, 273.851927991, 1.17989525379, 5.14090286045, 1.14890154475, 4.0531910487, 0.962013756295, 553.78555809, 35.4475063621, 3230.8801977, 0.0
1.19452979368, 1.00000095612, 1.63511616488, 1.03449022556, 2.69327587849, 0.934252923383, 4.02398232759, 1.23996577104, 0.957946584309, 4.02631492264, 5.26726370504, 0.824595400907, 3.3542214266, 1.04820961592, 1.09000081281, 1.07552788825, 1.0375086472, 1.07398993236, 9.65029489107, 0.936564321877, 0.832762461017, 119.807836193, 1.0884843865, 5.94661105723, 0.988175420936, 3.2238053904, 1.00763738634, 869.861240509, 28.6204276891, 3130.73868505, 0.0
1.44889234708, 1.00000078277, 1.02500142739, 1.06213774437, 1.75863047166, 0.859460722939, 3.63432255869, 1.17922178957, 0.901790431962, 2.2253206148, 5.47827973008, 0.88883181713, 2.15529863423, 0.912412647185, 1.0900009297, 1.00515204402, 1.03000529393, 1.11179994631, 7.16817197306, 1.00416713779, 0.775346451147, 205.527796628, 1.06185595391, 4.8451563521, 1.13810097919, 3.30886523471, 1.05596164534, 1035.2548549, 37.7740106742, 2044.06887654, 0.0
5.30533311925, 1.00000000138, 1.13983156664, 1.15197865395, 4.11169208754, 0.982054286666, 3.94925368289, 1.10512863106, 0.966929104663, 4.86056273615, 5.7620969451, 0.949308235254, 3.14453246726, 1.22307521315, 1.09000048475, 1.08780762873, 1.04548312474, 1.09659690631, 9.72613882245, 0.914388690145, 0.971303900839, 611.897234575, 1.09017399719, 5.50239459885, 1.23531015299, 1.18134294226, 0.974567629005, 1251.52290972, 28.1373090754, 2177.68050064, 0.0
4.5705704017, 1.00000018721, 1.1455713125, 1.19440358925, 3.17589342043, 0.776614761927, 3.99622075814, 1.06756797501, 0.930223106094, 2.18718140607, 5.48753051499, 1.17409083315, 4.68372207776, 0.835101559567, 1.09000042319, 1.10127643379, 1.00095060806, 1.18194726705, 5.60988923438, 0.913547738452, 0.93893413083, 864.58041978, 0.924025492121, 1.15080330249, 1.23963586994, 1.70917757997, 0.968495197416, 666.921267656, 39.2577392644, 2624.07148249, 0.0
2.26604309018, 1.00000099419, 1.16311351196, 0.828607300068, 5.9344712169, 0.793730509651, 3.94005578335, 1.0022000114, 0.944497667346, 3.75772840574, 5.8688770574, 1.03143074692, 3.67135495945, 1.19522701781, 1.09000067795, 1.10803362522, 1.00551469695, 1.03106912337, 5.35234406759, 1.07751854112, 0.999795963504, 600.023835935, 1.02674189213, 5.57737203955, 0.969233591964, 4.44683626295, 1.29702614249, 333.947913866, 14.9662472387, 3043.29538979, 4.55764075067
1.13845108352, 1.00000054874, 1.24719235593, 1.09122990934, 5.49200004951, 0.761618502047, 3.20137624362, 1.08217071552, 0.97116933821, 4.57192911625, 5.62575231931, 0.830355838203, 1.34433694547, 0.927800169865, 1.09000079871, 1.10686505185, 1.02244836995, 0.824512014501, 3.77932027696, 0.935988798165, 0.791100665908, 93.8258812595, 0.997100431854, 1.47509894149, 1.0346034614, 4.28378398961, 1.26648779578, 446.496956347, 24.3953272129, 3885.0778528, 0.268096514745
4.16629449732, 1.00000094302, 1.58525405426, 0.862613653411, 6.81899623625, 0.888912681186, 5.77502567656, 1.23720385202, 0.977651620461, 4.30779552438, 5.79469906035, 1.07595355499, 1.35086115312, 0.993630049041, 1.09000021742, 1.01565763239, 1.03960584719, 1.15888754604, 6.60477520613, 1.16732714221, 0.953201628844, 574.960349523, 0.917240411069, 5.17499509299, 1.23846704538, 1.02061107421, 0.971180936505, 133.500882624, 22.8871416877, 859.974532363, 1.60857908847
4.13039307155, 1.00000081774, 1.39603525883, 0.859727344034, 2.24926324328, 0.734447097067, 5.98670187321, 1.12571826223, 0.940943904715, 5.82872669385, 5.05238435668, 0.983025554341, 3.9487310348, 0.963425989608, 1.09000097382, 1.08876821858, 1.00961678339, 0.817712154627, 7.57253787196, 0.983466635795, 0.82327065028, 244.034024593, 1.16940867894, 3.38440934094, 1.22673269799, 1.20347906747, 1.26125843848, 144.408809937, 22.1827102743, 1166.31904944, 1.34048257373
5.9773078133, 1.00000011308, 1.38744714331, 1.06887430047, 1.71047928184, 0.870196120708, 2.93306088479, 1.01020349947, 0.934190045893, 5.96851196339, 5.13707479532, 1.17647579843, 4.16970586371, 1.28817135929, 1.09000067336, 1.0988838168, 1.04937708532, 1.18281425035, 6.74719436031, 1.14456341953, 0.793927767541, 284.498219724, 1.07356177838, 5.63783914051, 1.1906009733, 4.77164399144, 1.28350529938, 271.353689125, 27.3147965809, 1161.98425909, 0.536193029491
3.918482822, 1.00000064966, 1.62288515312, 1.1715341765, 5.34987493557, 0.979573513618, 3.84472460532, 1.23151310168, 0.942005138529, 1.63840249933, 4.88280208786, 1.01879814115, 5.04410676768, 0.812040080872, 1.0900005005, 1.09714191807, 1.01218758056, 1.22736122648, 3.43370736556, 1.09202766996, 0.903354777305, 486.223661602, 0.918429036529, 3.61815033055, 1.02469190133, 2.71173389618, 1.05068273504, 256.552536964, 20.2070543227, 1274.27692582, 0.536193029491
2.32970160427, 1.00000039949, 1.6858916839, 1.06213774437, 3.66281342696, 0.932774758308, 5.92713761592, 1.07746458349, 0.94925422736, 3.3833108034, 6.19695608091, 1.11985495772, 4.25657603221, 1.14649743022, 1.0900000455, 1.04726146225, 1.04049397546, 1.14687072166, 9.47141187998, 1.14457437548, 0.775346451147, 140.77972685, 1.07510289041, 5.59095511749, 0.988218248626, 2.01786864225, 1.0639220513, 319.636347974, 20.9083995692, 612.05920461, 0.804289544236
2.18384676541, 1.00000058912, 1.38736690529, 0.914013041535, 4.4443415467, 0.78802213457, 3.28967995072, 1.11122911333, 0.940835061323, 2.350891957, 4.99147707273, 0.810947654922, 3.23377302124, 0.941774954521, 1.09000030614, 1.0966157869, 1.04575320524, 0.83181676108, 8.10990249468, 0.982972822274, 0.81924823833, 417.2570654, 0.978718385761, 1.04531053654, 1.01368820776, 4.3800112489, 1.04378754353, 195.041584125, 18.4447904347, 453.857514857, 2.14477211796
5.9773078133, 1.00000011308, 1.38744714331, 1.06887430047, 1.71047928184, 0.870196120708, 2.93306088479, 1.01020349947, 0.934190045893, 3.38583712533, 5.13707479532, 1.17647579843, 4.16970586371, 1.27530428084, 1.09000067336, 1.0988838168, 1.04937708532, 1.18281425035, 6.74719436031, 1.07751854112, 0.793927767541, 284.498219724, 1.07356177838, 5.63783914051, 1.1906009733, 4.77164399144, 1.28350529938, 400.894250363, 19.0549462469, 5096.69332352, 0.536193029491
4.13039307155, 1.00000081774, 1.39603525883, 0.859727344034, 2.24926324328, 0.734447097067, 5.98670187321, 1.12571826223, 0.940943904715, 5.82872669385, 5.05238435668, 0.983025554341, 3.9487310348, 0.963425989608, 1.09000091437, 1.08876821858, 1.00961678339, 0.947984361925, 7.57253787196, 1.18062349368, 0.82327065028, 244.034024593, 1.16940867894, 3.38440934094, 1.22673269799, 1.20347906747, 1.26125843848, 433.172258149, 16.3001051088, 907.506370701, 4.82573726542
2.37837455783, 1.00000099704, 1.32403871087, 1.03145799365, 1.52810041957, 0.802164899814, 1.18750388384, 1.10921444946, 0.927105782811, 5.04980276738, 5.27986044964, 0.968699354176, 3.1894114287, 1.12648616225, 1.09000001818, 1.04502127984, 1.00207639071, 1.07678722833, 5.42325376481, 0.914426286176, 0.913687514332, 95.1551999325, 1.14541380074, 1.21778543845, 1.12863412757, 1.89973903742, 1.15815700112, 478.708586714, 17.2506011548, 3869.37320301, 2.41286863271
2.18384676541, 1.00000058912, 1.38736690529, 0.914013041535, 4.16615600101, 0.78802213457, 3.28967995072, 1.11122911333, 0.940835061323, 2.350891957, 4.99147707273, 0.976749623732, 3.23377302124, 0.941774954521, 1.09000030614, 1.0966157869, 1.04575320524, 0.86158739251, 8.10990249468, 0.923737999115, 0.81924823833, 417.2570654, 0.978718385761, 1.04531053654, 1.01368820776, 4.3800112489, 1.04378754353, 393.699475048, 17.8800108973, 1163.32504041, 1.87667560322
4.13039307155, 1.0000009777, 1.39603525883, 0.859727344034, 2.24926324328, 0.734447097067, 5.98670187321, 1.12571826223, 0.940943904715, 5.82872669385, 5.05238435668, 0.983025554341, 3.9487310348, 0.963425989608, 1.09000097382, 1.08876821858, 1.00961678339, 0.817712154627, 7.57253787196, 0.983466635795, 0.82327065028, 244.034024593, 1.16940867894, 3.38440934094, 1.22673269799, 1.20347906747, 1.26125843848, 441.934054889, 18.9683056182, 1183.83907637, 1.07238605898
3.3463641842, 1.00000010852, 1.52371947972, 0.979931379539, 3.19776500567, 0.724516214732, 4.88163051056, 1.16950844726, 0.956387185784, 4.57454773489, 4.89546461814, 1.21254616703, 4.30696507606, 1.0825162959, 1.09000003361, 1.06608644556, 1.00064677207, 1.00841649001, 7.11396971131, 1.14344526031, 0.957773609171, 298.616895519, 1.12811692293, 2.42471880416, 1.18328012137, 5.28595977216, 0.929251150806, 313.984834567, 18.3318846334, 2148.8289969, 2.41286863271
3.25948323612, 1.0000004388, 1.31438384831, 0.980583794663, 2.45917770448, 0.786971758047, 4.68439421281, 1.04449990506, 0.924611778783, 4.10544917789, 5.8256230245, 1.05099781091, 3.66564696629, 1.00083742879, 1.09000065104, 1.10229768358, 1.04921985159, 1.12263017067, 4.85610826752, 1.07751854112, 0.892094026368, 981.773439554, 1.14366430617, 5.24747610065, 1.18443384039, 2.83608909412, 0.889649551193, 407.023297822, 15.4634861109, 2935.67818221, 5.09383378016
5.75016265294, 1.00000080539, 1.31238659224, 1.17237375875, 4.85076401194, 0.743480774212, 4.33319472233, 1.03978561302, 0.941769076206, 5.22701810735, 5.66761510433, 1.20979621052, 1.90703074189, 1.22256207399, 1.09000071784, 1.04388203434, 1.02841552684, 1.21812467948, 7.90694741517, 1.06594112538, 0.847125531097, 465.454399413, 1.18733152918, 1.99800983904, 1.03176980768, 2.65106382139, 0.923027799894, 309.517188712, 16.9953565843, 1650.51486661, 3.21715817694
1.40118802559, 1.0000004426, 1.08679430305, 1.03145799365, 6.52269325038, 0.786013953522, 1.30539679894, 1.1996884712, 0.966730939565, 1.86031245134, 5.71258787728, 1.00129606857, 2.79311695907, 1.01967430798, 1.09000037259, 1.09063667976, 1.00349155272, 1.10425971153, 7.6901160171, 0.982972822274, 0.822054437654, 979.525897859, 1.19569735561, 2.19204317279, 1.15272728632, 5.27628425997, 1.28109842892, 325.01033913, 15.7195863331, 4150.28032537, 4.02144772118
3.14694580202, 1.00000033019, 1.01457756554, 0.965539166054, 3.122102357, 0.796710405594, 1.38102578383, 1.06574671229, 0.950883406406, 5.08219717574, 5.42100153733, 1.13269220055, 4.03545448685, 0.972827548463, 1.09000001771, 1.0059231998, 1.03276241959, 1.04015721874, 6.51836356177, 1.15233963865, 0.77790913474, 818.380562701, 0.914571046701, 5.2506356599, 1.18166219611, 1.42831546593, 1.07720695225, 240.785779957, 14.6810556934, 3574.55552719, 8.8471849866
3.69100744437, 1.00000033019, 1.01457756554, 0.965539166054, 3.122102357, 0.796710405594, 1.38102578383, 1.16408852745, 0.950883406406, 5.08219717574, 5.72951796506, 1.13269220055, 4.03545448685, 0.972827548463, 1.09000001771, 1.0059231998, 1.03276241959, 1.02400609679, 6.51836356177, 1.15233963865, 0.789972215896, 818.380562701, 0.998408587162, 5.2506356599, 1.18166219611, 1.42831546593, 1.07720695225, 1600.90453204, 28.2192850726, 6591.22210797, 0.0
3.1156815958, 1.00000000944, 1.30124558725, 1.02179219882, 6.73952770804, 0.91668646252, 3.53249276931, 1.2217977712, 0.990018269455, 5.88795197429, 5.3733045375, 1.21830628353, 1.64978413074, 1.21319701113, 1.09000038056, 1.00137288548, 1.02421110956, 1.21501919791, 7.6268656389, 0.948962178248, 0.765762269034, 559.544096867, 1.17989525379, 5.14090286045, 1.14890154475, 4.0531910487, 0.962013756295, 1557.05785113, 45.9276994361, 2361.91101554, 0.0
2.09761608968, 1.00000089165, 1.53223785392, 1.07705511621, 4.0397898433, 0.96397949901, 4.47167989059, 1.04061329059, 0.921920634662, 3.61865982888, 6.05956024787, 0.824595400907, 3.4070066712, 1.25245757475, 1.090000791, 1.00298696764, 1.01047701389, 1.22969590056, 6.0251103917, 1.06423419514, 0.818924956946, 97.5668220157, 1.17520497615, 1.27721754784, 0.957918710448, 4.07427678242, 0.901625446311, 270.791492194, 26.2634859043, 569.007582617, 2.14477211796
1.19452979368, 1.00000095612, 1.63511616488, 1.03449022556, 4.41275301989, 0.934252923383, 4.02398232759, 1.2386369233, 0.936611548984, 4.02631492264, 5.26726370504, 0.824595400907, 3.3542214266, 0.92445026342, 1.09000081281, 1.02229931375, 1.0375086472, 1.18194726705, 9.65029489107, 0.992163968878, 0.832762461017, 119.807836193, 1.0884843865, 3.6739257082, 0.951588835864, 3.2238053904, 1.00763738634, 198.247196868, 26.960943698, 1221.83315784, 2.41286863271
4.87112942022, 1.0000008348, 1.2208890472, 0.911191350061, 3.09320446723, 0.804471377767, 1.88547546583, 1.07232460362, 0.969991586323, 2.27518387929, 5.93873627637, 1.17528965292, 2.36154635856, 1.01571730317, 1.09000028245, 1.09213491926, 1.02503024989, 0.876685368409, 6.08058821717, 1.13965578482, 0.86968460383, 8.11466221299, 1.09070814994, 5.78303938747, 1.08330049933, 3.22941766885, 1.0312512346, 577.573025936, 18.0278225775, 9583.01920749, 2.9490616622
2.14178999177, 1.0000004426, 1.08679430305, 1.1028989062, 6.52269325038, 0.786013953522, 3.63465304963, 1.16257149046, 0.966730939565, 1.86031245134, 5.71258787728, 1.00129606857, 2.79311695907, 0.810020627276, 1.09000037259, 1.09063667976, 1.00349155272, 1.10425971153, 9.94203943267, 0.982972822274, 0.83271615305, 979.525897859, 1.19569735561, 2.19204317279, 1.22010849118, 5.27628425997, 1.28706226479, 697.834802913, 35.8310035127, 8422.73704347, 0.0
5.09520709309, 1.00000099231, 1.10196025525, 0.983503737919, 4.18404590423, 0.772233710227, 4.7389621309, 1.10261375325, 0.977847194941, 1.90662003188, 5.4639696119, 1.13169384535, 4.82869702999, 0.977510027884, 1.09000071122, 1.06234394246, 1.02593138729, 1.0850821242, 7.31248333872, 1.02907081061, 0.893215683888, 748.592338386, 0.989651490915, 4.68239490273, 1.17713527582, 4.54571774849, 1.13720762075, 467.010912068, 15.9753196082, 1454.9012064, 7.23860589812
4.11754463721, 1.00000078473, 1.21974326809, 1.03726095753, 5.79511967296, 0.720633963452, 1.6297056665, 1.02155599615, 0.998060325318, 2.44699228092, 5.14656634943, 1.04641423879, 3.23377302124, 1.1496962632, 1.09000096166, 1.06390629914, 1.02057608038, 1.01415975942, 3.30035201716, 1.11289586314, 0.868228598705, 11.0353192415, 0.96251220538, 5.37475653137, 1.14202272743, 3.70791992154, 1.17546261955, 339.888019958, 18.4796156505, 5671.44940389, 5.36193029491
1.40118802559, 1.0000004426, 1.45631665189, 1.03145799365, 6.52269325038, 0.786013953522, 4.26808102823, 1.1996884712, 0.966730939565, 1.86031245134, 5.71258787728, 1.00129606857, 2.79311695907, 0.810020627276, 1.09000037259, 1.09063667976, 1.00349155272, 1.10425971153, 7.6901160171, 1.05919607609, 0.880521312046, 979.525897859, 1.19569735561, 1.40652040313, 1.15272728632, 5.27628425997, 1.28109842892, 1075.763435, 41.0201800893, 2411.02534409, 0.0
5.81418679281, 1.00000083813, 1.65841202245, 0.853865664434, 2.00401681893, 0.947670089594, 3.6892679731, 1.041073189, 0.938281604657, 2.83599936742, 5.49194537012, 0.891234384857, 5.01212145493, 1.19522701781, 1.09000065262, 1.02410958269, 1.03618114068, 1.04689345917, 5.48578494922, 1.14752981069, 0.914556410387, 288.734345221, 0.988101135716, 4.31286277828, 1.10717684466, 3.81074165503, 0.898286383679, 1238.16790396, 26.2794435418, 5310.80252609, 0.268096514745
1.19452979368, 1.00000095612, 1.63511616488, 1.03449022556, 4.41275301989, 0.934252923383, 4.02398232759, 1.2386369233, 0.936611548984, 4.02631492264, 5.26726370504, 0.824595400907, 3.3542214266, 0.92445026342, 1.09000081281, 1.02229931375, 1.0375086472, 1.18194726705, 9.65029489107, 0.992163968878, 0.832762461017, 119.807836193, 1.0884843865, 3.6739257082, 0.951489151605, 3.2238053904, 1.13784676181, 1453.57136888, 32.1878125769, 3881.51832783, 0.0
4.13039307155, 1.00000081774, 1.39603525883, 0.933320085869, 2.24926324328, 0.734447097067, 5.98670187321, 1.25937169645, 0.940943904715, 5.82872669385, 5.05238435668, 1.01316346784, 3.9487310348, 0.963425989608, 1.09000091437, 1.08876821858, 1.00961678339, 0.947984361925, 3.32723382359, 1.18062349368, 0.842702368761, 244.034024593, 1.16940867894, 3.38440934094, 1.22673269799, 2.18152760281, 1.26125843848, 481.558313767, 17.1345328852, 6096.17993724, 4.55764075067
