0.522513590715, 1.09722661541, 2.07329927483, 0.499706187001, 30.5747252997, 1.2270498047, 0.772944849647, 0.0131479649853, 17.5217458501, 49.2249125097, 0.0170586460262, 0.454545454545
0.643021631139, 0.89667706257, 2.15360838818, 0.605193552307, 49.2172383749, 22.0337234421, 0.51507863281, 0.314773284678, 6.74467215308, 59.058048667, 0.441164886435, 0.0
0.135221952079, 0.847730935706, 2.1492016091, 0.584034849531, 30.5747252997, 1.1609015582, 0.772944849647, 0.0131479649853, 1.12221327673, 120.164705965, 0.000670050584111, 0.636363636364
0.171809523404, 1.09722661541, 2.1492016091, 0.499706187001, 30.5747252997, 1.2270498047, 0.772944849647, 0.0131479649853, 1.12221327673, 66.4637168622, 0.0147038850281, 0.4
0.366381135873, 1.09722661541, 2.1492016091, 0.552782483826, 84.8701837689, 21.7496096771, 0.772944849647, 0.0131479649853, 7.94909865098, 51.9053040539, 0.415249023318, 0.4
0.135221952079, 1.09722661541, 2.1492016091, 0.650502362679, 30.5747252997, 1.0176483547, 0.772944849647, 0.0131479649853, 1.12221327673, 64.7434794846, 0.00670240849848, 0.838709677419
0.110711648132, 1.12985189221, 3.93727504438, 0.544917665308, 49.3318911317, 2.41882809419, 0.0185772683819, 4.78019460374, 1.57291869904, 237.650163235, 0.000250555342359, 0.166666666667
0.135221952079, 0.832077529745, 2.1492016091, 0.584034849531, 30.5747252997, 1.1609015582, 0.772944849647, 0.0131479649853, 1.12221327673, 79.156102065, 0.000808879328171, 0.0
0.135221952079, 1.09722661541, 2.1492016091, 0.584034849531, 30.5747252997, 1.0176483547, 0.772944849647, 0.0131479649853, 1.12221327673, 68.4185320641, 0.00416636439376, 0.0
0.262780840217, 1.19205550055, 2.00706534598, 0.446066798659, 49.9654285643, 34.851391844, 0.0287961009609, 4.02475188952, 10.0760529001, 50.9070433052, 0.531289373573, 0.571428571429
0.110711648132, 1.19205550055, 2.1492016091, 0.527656508537, 9.84732580543, 1.2270498047, 0.0963252713874, 2.4000666255, 40.1369434114, 59.8846208152, 0.0777197999009, 0.6
0.20283852075, 1.09722661541, 2.14918811041, 0.565808130237, 49.2172383749, 33.6168391985, 0.772944849647, 0.0131479649853, 1.11014083246, 78.5719998091, 0.345724075627, 0.333333333333
0.135221952079, 1.09722661541, 2.1492016091, 0.608780660803, 30.5747252997, 1.200479594, 0.772944849647, 0.0131479649853, 1.02311590137, 133.164795811, 0.00213979980008, 0.0769230769231
0.135221952079, 1.09722661541, 2.1492016091, 0.624623033298, 7.54293937322, 1.200479594, 0.772944849647, 4.87488496375, 1.03643043815, 109.555759688, 0.00318777887351, 0.0
0.135221952079, 1.09722661541, 2.1492016091, 0.499706187001, 30.5747252997, 1.2270498047, 0.772944849647, 0.0131479649853, 1.12221327673, 136.055138047, 0.00199455016573, 0.142857142857
0.135221952079, 1.09722661541, 2.1492016091, 0.499706187001, 30.5747252997, 1.2270498047, 0.772944849647, 0.0131479649853, 1.12221327673, 91.0943884053, 0.00306966810362, 0.142857142857
0.110711648132, 1.12985189221, 3.93727504438, 0.544917665308, 99.3599879865, 1.25889758589, 0.0185772683819, 4.4688895208, 1.57291869904, 269.272967213, 0.00315107977496, 0.0909090909091
0.135221952079, 1.17253018193, 4.55406175552, 0.676157107642, 49.9654285643, 1.2270498047, 0.772944849647, 0.0131479649853, 1.11014083246, 432.236142661, 0.00210124307025, 0.578947368421
0.135221952079, 1.09722661541, 2.1492016091, 0.499706187001, 30.5747252997, 1.2270498047, 0.772944849647, 0.00363451380973, 1.12221327673, 76.2377928714, 0.0233271561509, 0.6
0.237454168473, 0.871709645623, 2.15360838818, 0.499706187001, 21.7665960106, 6.468585, 0.0946068792404, 4.87488496375, 23.8941989171, 73.6043566594, 0.126728996567, 0.588235294118
0.20283852075, 1.09722661541, 2.14918811041, 0.565808130237, 49.2172383749, 33.6168391985, 0.772944849647, 0.0131479649853, 17.5217458501, 77.4065275833, 0.320702683446, 0.533333333333
0.20283852075, 1.11668318637, 2.05084144701, 0.500809894007, 86.6383722053, 1.2270498047, 0.338320798166, 1.66627195434, 13.9261333711, 131.421352214, 0.00374998341434, 0.0
0.110711648132, 1.12985189221, 3.93727504438, 0.544917665308, 76.4828267647, 1.25889758589, 0.0185772683819, 4.90241417623, 1.57291869904, 193.250468759, 0.00344672006938, 0.0
0.147185904175, 1.09722661541, 3.18964480709, 0.499706187001, 30.5747252997, 1.2270498047, 0.772944849647, 0.0131479649853, 17.5217458501, 194.447370935, 0.00370597470049, 0.0
0.39943018444, 0.89667706257, 2.15360838818, 0.488780680916, 49.2172383749, 22.0337234421, 0.714065593886, 0.314773284678, 18.7524799316, 83.1926841831, 0.399630114426, 0.0
0.135221952079, 1.09722661541, 2.1492016091, 0.584034849531, 30.5747252997, 1.2270498047, 0.772944849647, 0.0131479649853, 1.12221327673, 93.4960185104, 0.00547463270509, 0.0
0.135221952079, 1.09722661541, 2.1492016091, 0.499706187001, 30.5747252997, 1.2270498047, 0.772944849647, 0.0131479649853, 1.02311590137, 84.7412336981, 0.00875549689164, 0.777777777778
0.110711648132, 1.19205550055, 2.1492016091, 0.527656508537, 9.84732580543, 1.2270498047, 0.0963252713874, 2.4000666255, 17.0571876721, 85.2033546295, 0.0103360299545, 0.0
0.109351630936, 0.89667706257, 2.15360838818, 0.488780680916, 68.4462602441, 22.0337234421, 0.714065593886, 0.24812573737, 2.97354759811, 80.6513874479, 0.124544682794, 0.333333333333
0.779715617697, 0.907177451083, 2.05084144701, 0.667890077972, 30.5747252997, 1.04371857086, 0.408436631057, 1.66627195434, 16.2600241769, 80.6978957725, 0.114906537258, 0.375
0.110711648132, 1.12985189221, 2.1492016091, 0.544917665308, 99.3599879865, 1.25889758589, 0.654349942413, 4.4688895208, 1.57291869904, 81.1019034219, 0.0127496073662, 0.576923076923
0.643021631139, 0.89667706257, 2.15360838818, 0.605193552307, 49.2172383749, 22.0337234421, 0.51507863281, 0.314773284678, 1.12221327673, 84.6634325338, 0.421073738377, 0.3
0.110711648132, 1.14978260281, 2.00067033917, 0.499706187001, 68.4462602441, 1.2270498047, 0.0178272137055, 3.19263747802, 17.5217458501, 157.65612841, 0.00375369585533, 0.0
0.135221952079, 1.19205550055, 2.1492016091, 0.676157107642, 49.9654285643, 1.2270498047, 0.772944849647, 0.0131479649853, 1.12221327673, 80.2090820498, 0.0159864975204, 0.6875
0.135221952079, 1.09722661541, 2.1492016091, 0.499706187001, 30.5747252997, 1.2270498047, 0.778234574668, 0.0131479649853, 1.12221327673, 125.499135958, 0.00349718254339, 0.142857142857
0.39943018444, 1.09722661541, 2.02459369883, 0.488780680916, 68.4462602441, 1.2270498047, 0.0134637873664, 3.84423659953, 17.5217458501, 85.27725739, 0.029966900082, 0.0
0.135221952079, 0.847730935706, 2.1492016091, 0.584034849531, 7.54293937322, 1.200479594, 0.772944849647, 0.0131479649853, 1.12221327673, 86.3856872376, 0.0109657491883, 0.72
0.575331662723, 1.09722661541, 2.1492016091, 0.63172315002, 32.9565328743, 1.2270498047, 0.772944849647, 0.0131479649853, 1.09330364736, 85.7596268854, 0.0171743911029, 0.0
0.135221952079, 1.09722661541, 2.00008842022, 0.499706187001, 54.7686164714, 1.2270498047, 0.0178272137055, 3.19263747802, 1.03643043815, 90.9575469521, 0.0112074104777, 0.633333333333
0.110711648132, 1.12985189221, 3.93727504438, 0.544917665308, 77.0819676016, 1.25889758589, 0.0185772683819, 4.01460298402, 1.57291869904, 263.52336649, 0.00343957804082, 0.142857142857
0.723881526189, 1.1484330717, 2.1492016091, 0.624623033298, 7.54293937322, 1.200479594, 0.772944849647, 4.87488496375, 1.03643043815, 85.29751513, 0.0321510481265, 0.352941176471
0.147185904175, 1.09722661541, 2.17712432882, 0.652979915864, 17.3534015225, 1.2270498047, 0.854843326431, 0.0131479649853, 17.0571876721, 88.5488944613, 0.0187489360143, 0.0625
0.135221952079, 0.853157239595, 2.1492016091, 0.527656508537, 30.5747252997, 1.2270498047, 0.772944849647, 0.0131479649853, 3.80894416412, 93.3253462568, 0.012824991876, 0.272727272727
0.135221952079, 0.853157239595, 2.1492016091, 0.560257404948, 30.5747252997, 1.2270498047, 0.772944849647, 0.0131479649853, 3.80894416412, 92.8952755368, 0.0121810166044, 0.481481481481
0.135221952079, 1.09722661541, 2.1492016091, 0.499706187001, 30.5747252997, 1.2270498047, 0.772944849647, 0.0131479649853, 1.09104715594, 122.229385394, 0.00434402760139, 0.384615384615
0.171809523404, 0.875683065376, 5.5936207424, 0.544917665308, 77.0819676016, 1.25889758589, 0.0185772683819, 2.71839814916, 17.0571876721, 100.33047375, 0.0072499027072, 0.454545454545
0.110711648132, 1.09722661541, 2.00067033917, 0.499706187001, 68.4462602441, 1.2270498047, 0.0178272137055, 3.19263747802, 17.5217458501, 101.557525893, 0.00547650642655, 0.4
0.135221952079, 0.982244156529, 2.1492016091, 0.608780660803, 30.5747252997, 1.200479594, 0.772944849647, 0.0131479649853, 1.12221327673, 94.9995333189, 0.00758931418503, 0.4
0.147185904175, 1.09722661541, 2.12488639841, 0.499706187001, 30.5747252997, 1.2270498047, 0.772944849647, 0.0131479649853, 1.12221327673, 97.4785471637, 0.00924033107994, 0.1875
0.723561750472, 1.19763477542, 2.07793186797, 0.63180048754, 68.4462602441, 1.2270498047, 0.854843326431, 0.0131479649853, 17.5217458501, 88.3486021755, 0.0312955516319, 0.0
0.34424752063, 0.870526216424, 2.37765960773, 0.527656508537, 57.0583693865, 1.200479594, 0.646402745842, 4.19751643396, 11.5448308485, 87.2235224437, 0.0325594744889, 0.333333333333
0.110711648132, 1.09722661541, 2.1492016091, 0.552782483826, 68.4462602441, 1.2270498047, 0.772944849647, 4.01460298402, 17.5217458501, 146.834012676, 0.00454278377575, 0.125
0.135221952079, 1.1484330717, 2.1492016091, 0.624623033298, 7.54293937322, 1.200479594, 0.772944849647, 4.87488496375, 1.03643043815, 108.560473802, 0.0105802283929, 0.0
0.135221952079, 1.09722661541, 2.00067033917, 0.499706187001, 68.4462602441, 1.2270498047, 0.0178272137055, 3.19263747802, 11.2713692025, 95.2438152287, 0.0150799756131, 0.0
0.221196749883, 0.888732582736, 2.83563302186, 0.527656508537, 57.0583693865, 1.200479594, 0.646402745842, 4.19751643396, 2.97354759811, 117.611449472, 0.0102827860668, 0.0
0.147185904175, 1.09722661541, 2.1492016091, 0.499706187001, 75.9484302039, 1.2270498047, 0.772944849647, 0.0131479649853, 17.5217458501, 128.479761092, 0.0100137458542, 0.0
0.135221952079, 1.09722661541, 2.1492016091, 0.463772575601, 30.5747252997, 1.15344836879, 0.0134637873664, 0.0131479649853, 1.12221327673, 106.839536304, 0.00687450885397, 0.645161290323
0.135221952079, 1.09722661541, 2.1492016091, 0.63172315002, 32.9565328743, 1.2270498047, 0.772944849647, 0.0131479649853, 1.09330364736, 107.869530692, 0.00605647031889, 0.4
0.171809523404, 1.12985189221, 3.93727504438, 0.530379294674, 90.2782504897, 1.25889758589, 0.00448897719724, 4.9795672378, 33.269481199, 405.963785964, 0.00435585444969, 0.0
0.110711648132, 1.12985189221, 4.97852230885, 0.544917665308, 87.7080991819, 1.25889758589, 0.0185772683819, 4.4688895208, 1.57291869904, 333.217718239, 0.00522823842229, 0.0
0.110711648132, 0.844101970874, 2.1492016091, 0.565445857602, 30.5747252997, 1.2270498047, 0.772944849647, 4.01460298402, 32.4215624458, 138.771424043, 0.00900881887679, 0.0
0.135221952079, 1.09722661541, 2.1492016091, 0.63172315002, 32.9565328743, 1.2270498047, 0.772944849647, 0.0131479649853, 1.12221327673, 145.103139839, 0.00622567751545, 0.0666666666667
0.147185904175, 1.05110112997, 2.17712432882, 0.61298867776, 17.3534015225, 1.2270498047, 0.854843326431, 0.968205938406, 17.0571876721, 151.577602743, 0.00709681648719, 0.0
0.262780840217, 1.0772459755, 2.00706534598, 0.499706187001, 76.2665621695, 1.2270498047, 0.854843326431, 0.0131479649853, 20.4599158312, 87.0331976231, 0.0458929439441, 0.526315789474
0.116291890044, 0.992747007676, 6.85529603088, 0.676157107642, 55.3096879016, 1.04371857086, 1.95794231286, 0.707375957643, 1.12221327673, 455.996411161, 0.00542579106899, 0.0
0.20283852075, 1.09722661541, 2.1492016091, 0.499706187001, 68.4462602441, 1.2270498047, 0.772944849647, 0.00645766176935, 17.0571876721, 91.7521609726, 0.0189592936194, 0.333333333333
0.110711648132, 1.12985189221, 2.1492016091, 0.544917665308, 99.3599879865, 1.25889758589, 0.0185772683819, 4.4688895208, 1.57291869904, 119.937550353, 0.010162923461, 0.148148148148
0.135221952079, 1.09722661541, 2.06788911004, 0.499706187001, 30.5747252997, 1.2270498047, 0.772944849647, 0.626189211885, 1.12221327673, 98.4378723138, 0.00972384389248, 0.55
0.135221952079, 0.853157239595, 2.1492016091, 0.527656508537, 77.1539258519, 1.2270498047, 0.772944849647, 0.0117445577172, 3.80894416412, 112.391814847, 0.0103984028274, 0.0
0.39943018444, 1.09722661541, 2.14918811041, 0.488780680916, 68.4462602441, 1.2270498047, 0.0134637873664, 3.84423659953, 17.5217458501, 90.493816783, 0.0665891834669, 0.333333333333
0.110711648132, 1.09722661541, 2.00067033917, 0.499706187001, 68.4462602441, 1.2270498047, 0.0178272137055, 3.19263747802, 17.5217458501, 149.016611843, 0.00994841440874, 0.0
0.20283852075, 1.09722661541, 2.02459369883, 0.552782483826, 49.2172383749, 1.2270498047, 0.772944849647, 0.0131479649853, 17.5217458501, 89.985817614, 0.0303038479104, 0.52380952381
0.147185904175, 1.09722661541, 2.1492016091, 0.499706187001, 51.4851415663, 1.2270498047, 0.772944849647, 0.0131479649853, 17.5217458501, 135.695109993, 0.00857032501328, 0.0769230769231
0.147185904175, 1.09722661541, 2.1492016091, 0.624623033298, 44.0324591648, 1.20061228395, 0.772944849647, 0.0131479649853, 17.5217458501, 138.720901468, 0.00739688260571, 0.1
0.171809523404, 1.09722661541, 2.14918811041, 0.499706187001, 68.4462602441, 1.2270498047, 0.0134637873664, 0.0131479649853, 17.5217458501, 130.627351861, 0.00778759969597, 0.1875
0.135221952079, 1.09722661541, 2.05084144701, 0.46648173352, 30.5747252997, 1.2270498047, 0.772944849647, 0.0131479649853, 1.09104715594, 120.281868573, 0.00594083886444, 0.52
0.135221952079, 1.09722661541, 2.1492016091, 0.624623033298, 30.5747252997, 1.1609015582, 0.772944849647, 4.87488496375, 1.03643043815, 150.314854393, 0.00578329632969, 0.125
0.262780840217, 0.989495646878, 4.08017622553, 0.434069007767, 71.8303104771, 1.30314691522, 0.413552218517, 4.71995425216, 20.4599158312, 185.852507383, 0.00824614065993, 0.0
0.135221952079, 0.847730935706, 2.1492016091, 0.584034849531, 30.5747252997, 1.1609015582, 0.772944849647, 0.0131479649853, 1.12221327673, 99.00667306, 0.0120428235341, 0.333333333333
0.262780840217, 1.06763793626, 2.00150787406, 0.565445857602, 71.8303104771, 1.30314691522, 0.413552218517, 4.71995425216, 20.4599158312, 107.1677729, 0.0133909114513, 0.25
0.135221952079, 1.09722661541, 2.1492016091, 0.499706187001, 30.5747252997, 1.2270498047, 0.772944849647, 0.0131479649853, 1.12221327673, 108.687725222, 0.00763545768818, 0.777777777778
0.135221952079, 1.1484330717, 2.1492016091, 0.624623033298, 30.5747252997, 28.3878826268, 0.772944849647, 4.87488496375, 1.03643043815, 90.1716588517, 0.15492975721, 0.428571428571
0.107492011011, 1.09722661541, 2.1492016091, 0.499706187001, 40.2291303718, 1.2270498047, 1.95794231286, 0.0131479649853, 17.5217458501, 187.605205688, 0.00889477781194, 0.0
0.110711648132, 1.09722661541, 2.1492016091, 0.552782483826, 68.4462602441, 1.2270498047, 0.772944849647, 4.01460298402, 17.5217458501, 190.764514838, 0.00836467168151, 0.0
0.39943018444, 1.09722661541, 2.1492016091, 0.527656508537, 30.5747252997, 20.8454935866, 0.772944849647, 0.0131479649853, 1.09504454604, 91.8472933378, 0.310518677479, 0.25
0.262780840217, 0.989495646878, 2.00706534598, 0.434069007767, 71.8303104771, 1.30314691522, 0.413552218517, 4.71995425216, 20.4599158312, 108.443031228, 0.0189929144464, 0.125
0.135221952079, 1.09722661541, 2.1492016091, 0.584034849531, 30.5747252997, 1.0176483547, 0.772944849647, 0.0131479649853, 1.12221327673, 113.639923733, 0.00723437922062, 0.785714285714
0.110711648132, 0.844101970874, 2.1492016091, 0.40609859743, 30.5747252997, 1.2270498047, 0.772944849647, 4.01460298402, 5.21283088742, 91.785793072, 0.0207023344501, 0.485714285714
0.135221952079, 0.853157239595, 2.1492016091, 0.560257404948, 30.5747252997, 1.2270498047, 0.772944849647, 0.0131479649853, 3.80894416412, 106.800895486, 0.0139397897808, 0.3
0.135221952079, 1.17253018193, 6.85529603088, 0.676157107642, 49.9654285643, 1.2270498047, 0.772944849647, 0.0131479649853, 1.12221327673, 408.799794522, 0.00607052335775, 0.0
0.110711648132, 1.19205550055, 2.1492016091, 0.527656508537, 9.84732580543, 1.2270498047, 0.0963252713874, 2.4000666255, 17.0571876721, 154.296133432, 0.00769307582456, 0.1
0.39943018444, 0.89667706257, 2.01133770327, 0.488780680916, 49.2172383749, 33.6743779015, 0.714065593886, 0.314773284678, 18.7524799316, 96.5242285803, 0.388653081007, 0.0
0.723881526189, 0.870526216424, 2.37765960773, 0.624623033298, 57.0583693865, 1.200479594, 0.646402745842, 4.19751643396, 11.5448308485, 98.9941708012, 0.051292478637, 0.0
0.109619396199, 1.09722661541, 2.1492016091, 0.552782483826, 68.4462602441, 1.2270498047, 0.772944849647, 4.01460298402, 1.12221327673, 114.943133868, 0.00905339041775, 0.416666666667
0.20283852075, 1.09722661541, 2.1492016091, 0.499706187001, 68.4462602441, 1.2270498047, 0.772944849647, 0.0131479649853, 17.5217458501, 113.397354355, 0.0134542923766, 0.0
0.135221952079, 1.09722661541, 2.057185351, 0.499706187001, 30.5747252997, 1.2270498047, 0.772944849647, 0.0131479649853, 1.12221327673, 109.554855683, 0.00965872361386, 0.878787878788
0.221196749883, 0.870526216424, 2.37765960773, 0.527656508537, 57.0583693865, 1.200479594, 0.646402745842, 4.19751643396, 2.97354759811, 151.163680212, 0.00787984196603, 0.125
0.116291890044, 0.94740903974, 6.85529603088, 0.600099592388, 70.247485571, 1.04371857086, 1.95794231286, 0.707375957643, 34.871791283, 900.325152291, 0.00700166560809, 0.0
0.779715617697, 0.826153424483, 2.37086335038, 0.529739503477, 70.247485571, 35.6871579886, 0.442805764998, 2.99647864604, 26.6235246199, 100.247454778, 0.232089316057, 0.0
0.135221952079, 1.09722661541, 2.1492016091, 0.499706187001, 30.5747252997, 1.2270498047, 0.772944849647, 0.0131479649853, 1.12221327673, 119.243727312, 0.00848303425755, 0.6
