0.125172306309, 0.837237415062, 2.16867353314, 0.725327592092, 81.6834271724, 1.30851805073, 0.674642684368, 3.91442267619, 10.6707007251, 9.68522813992, 0.00505974337466, 0.0
0.102962071519, 0.844386677275, 2.16867353314, 0.933120761312, 87.0087149735, 6.95042918526, 0.336510031821, 0.934166943726, 12.6670362838, 0.0, 1.0, 0.0
0.102962071519, 0.826226400557, 2.16867353314, 0.933120761312, 87.0087149735, 6.95042918526, 0.116048976615, 0.687627277089, 12.6670362838, 0.0, 1.0, 0.0
0.122129137766, 0.900690337723, 2.25646196348, 0.933120761312, 99.9624071129, 5.85383545101, 0.674642684368, 2.06537965456, 13.8981280834, 0.0, 1.0, 0.0
0.102962071519, 0.844386677275, 2.16867353314, 0.933120761312, 87.0087149735, 2.77278788902, 0.0405791688354, 0.687627277089, 12.2037991568, 10.9946923304, 0.0, 0.0
0.102962071519, 0.855791217361, 2.16867353314, 0.933120761312, 94.4513749014, 3.28308064929, 0.116048976615, 2.68663495136, 12.6670362838, 22.2902185935, 0.0, 0.0
0.102962071519, 0.855791217361, 2.25646196348, 0.933120761312, 94.4513749014, 3.28308064929, 0.116048976615, 2.68663495136, 12.6670362838, 50.7324195546, 0.0, 0.0
0.189433145735, 0.847523610592, 2.16867353314, 0.641617899837, 96.9099835744, 1.30851805073, 0.674642684368, 3.44438055358, 12.3406103507, 39.7330331598, 0.0115224253316, 0.0
0.102962071519, 1.1481766166, 2.16867353314, 0.933120761312, 87.0087149735, 6.95042918526, 0.0405791688354, 0.687627277089, 12.6670362838, 33.5423775398, 0.0767990428692, 0.0
0.101375832477, 1.07855656221, 2.13119319688, 0.63308330041, 87.9461235784, 6.4681806042, 0.429850781363, 0.201105363322, 17.5117288249, 58.6580778095, 0.0, 0.0
0.127540875135, 0.84371684088, 2.06680927518, 0.94675302294, 80.3062021048, 3.4521939904, 0.469139847254, 3.44646083894, 13.166051922, 58.3440403913, 0.0125759862162, 0.0
0.122129137766, 0.900690337723, 2.16867353314, 0.933120761312, 99.9624071129, 4.07096086481, 0.674642684368, 2.06537965456, 13.8981280834, 51.024102384, 0.0734266478215, 0.538461538462
0.102962071519, 0.826226400557, 2.07061588434, 0.933120761312, 87.0087149735, 6.95042918526, 0.116048976615, 0.687627277089, 12.6670362838, 55.4173527698, 0.0657889533111, 0.0
0.153932352242, 0.837237415062, 2.16867353314, 0.933120761312, 87.0087149735, 6.95042918526, 0.336510031821, 0.934166943726, 12.6670362838, 55.5900632704, 0.0270264714017, 0.0
0.10787117034, 0.843312577464, 2.16867353314, 0.930793873298, 87.0087149735, 6.95042918526, 0.336510031821, 0.135194247247, 12.6670362838, 48.9349864028, 0.111797016234, 0.6
0.189433145735, 0.847523610592, 2.02191180487, 0.60220283435, 91.7082309045, 1.30851805073, 0.674642684368, 0.433992937856, 10.0402205267, 76.9711631535, 0.0109663600307, 0.0
0.123887352851, 0.844386677275, 2.16867353314, 0.818455674154, 95.8100314595, 1.52931798911, 0.0339565917158, 0.934166943726, 12.6670362838, 73.2794183559, 0.00263536984619, 0.142857142857
0.125172306309, 0.932602916402, 2.16867353314, 0.712091542104, 82.00962177, 1.32653658812, 0.445171965692, 4.08326158823, 18.8404733636, 96.2093474596, 0.00150460003983, 0.0
0.122129137766, 0.900690337723, 2.16867353314, 0.866656426781, 99.9624071129, 6.02728736355, 0.674642684368, 2.06537965456, 13.8981280834, 126.197016583, 0.0, 0.0
0.102932905334, 0.853020221288, 2.22633253783, 0.695556225421, 90.0991609791, 1.18745335854, 0.674642684368, 0.687627277089, 17.5695619359, 68.8798914486, 0.00848674751291, 0.142857142857
0.134339048915, 0.921928736821, 2.04766940741, 0.836433896537, 84.941143341, 1.67604882153, 0.0339565917158, 3.44438055358, 12.7076559788, 116.034878546, 1.11022302463e-16, 0.0
0.159761038395, 0.820938886962, 2.02191180487, 0.933120761312, 98.1828126286, 1.04877194171, 0.674642684368, 0.557897388785, 12.6670362838, 94.7384173195, 0.00521769675057, 0.0
0.199765507482, 0.823037298019, 2.05779551803, 0.695556225421, 87.0087149735, 1.07370254575, 0.0405791688354, 0.687627277089, 12.6670362838, 83.2537887529, 0.0055840570978, 0.0
0.189981736706, 0.821622591568, 2.02191180487, 0.933120761312, 98.1828126286, 1.04877194171, 0.674642684368, 0.557897388785, 12.2438733849, 80.0894299314, 0.00621525926998, 0.0
0.101375832477, 0.844386677275, 2.06487319076, 0.933120761312, 87.0087149735, 6.95042918526, 0.273861619465, 2.2391098303, 12.6670362838, 78.0084951029, 0.010777863554, 0.0
0.123887352851, 0.844386677275, 2.16867353314, 0.729770275886, 95.8100314595, 1.52931798911, 0.0339565917158, 0.934166943726, 12.6670362838, 91.3230942325, 0.00241938154149, 0.142857142857
0.128770147422, 0.826226400557, 2.11057491335, 0.757486338138, 98.750242315, 1.01220496219, 0.0346861092703, 4.19758375454, 10.6707007251, 95.0920304555, 0.00266982803595, 0.0
0.102962071519, 0.844386677275, 2.16867353314, 0.739701184832, 93.3194764289, 1.67604882153, 0.0339565917158, 0.934166943726, 12.6670362838, 65.7919065976, 0.00574101727369, 0.25
0.125172306309, 0.932602916402, 2.16867353314, 0.712091542104, 83.8050596205, 1.04877194171, 0.509355731906, 0.687627277089, 10.6707007251, 59.0879398617, 0.0121300343781, 0.0
0.102962071519, 0.844386677275, 2.16867353314, 0.933120761312, 90.0147671545, 6.95042918526, 0.336510031821, 0.433992937856, 12.6670362838, 57.4451721785, 0.0926971426441, 0.272727272727
0.189433145735, 0.847523610592, 2.02191180487, 0.641617899837, 91.7082309045, 1.30851805073, 0.674642684368, 0.687627277089, 10.0402205267, 55.8497885678, 0.0297623587713, 0.571428571429
0.102962071519, 0.844386677275, 2.16867353314, 0.739701184832, 93.3194764289, 1.67604882153, 0.0339565917158, 0.579619521576, 12.6670362838, 56.1826409218, 0.031367003493, 0.5
0.101546226108, 0.85911497253, 2.16867353314, 0.873961760176, 93.0430815729, 1.0396120553, 0.935648617563, 0.687627277089, 10.5639871693, 96.7565713278, 0.00172225433275, 0.0
0.104397168522, 0.891641506373, 2.16867353314, 0.695556225421, 85.6090748992, 1.04877194171, 0.336510031821, 0.934166943726, 10.5639871693, 110.355405985, 0.00154527749866, 0.0
0.102962071519, 0.844386677275, 2.16867353314, 0.933120761312, 87.0087149735, 6.40821680353, 0.336510031821, 2.11792032334, 10.0797607664, 126.899205087, 0.0, 0.0
0.102962071519, 0.826226400557, 2.16867353314, 0.933120761312, 87.0087149735, 6.95042918526, 0.116048976615, 0.687627277089, 12.6670362838, 117.643671014, 0.00141728230028, 0.0
0.189981736706, 0.821622591568, 2.02191180487, 0.933120761312, 90.0991609791, 1.04877194171, 0.674642684368, 0.557897388785, 12.2438733849, 118.034789433, 9.3504432346e-05, 0.0
0.134598478606, 0.847523610592, 2.13119319688, 0.674449131187, 83.8050596205, 1.04877194171, 0.935648617563, 0.557897388785, 13.9098702352, 92.6240864439, 0.00561549993555, 0.0
0.149432107872, 0.84371684088, 2.06680927518, 0.94675302294, 80.3062021048, 1.02259790991, 0.469139847254, 3.44646083894, 13.166051922, 84.9851547253, 0.00600144581986, 0.2
0.199765507482, 0.932602916402, 2.16867353314, 0.605670760451, 83.895344882, 1.04877194171, 0.0405791688354, 4.71891677529, 10.6707007251, 84.1134202738, 0.00641392688783, 0.0
0.125172306309, 0.932602916402, 2.16867353314, 0.712091542104, 82.00962177, 1.04877194171, 0.445171965692, 4.08326158823, 18.8404733636, 80.1295405546, 0.0109593655393, 0.222222222222
0.134339048915, 0.921928736821, 2.04766940741, 0.867016673953, 84.941143341, 1.67604882153, 0.0339565917158, 3.44438055358, 12.7076559788, 95.7218182731, 0.0033441835546, 0.0
0.102932905334, 0.853020221288, 2.13119319688, 0.743199872955, 90.0991609791, 1.18745335854, 0.674642684368, 3.44646083894, 10.4849489912, 76.9315190226, 0.0103293384225, 0.266666666667
0.122129137766, 0.900690337723, 2.16867353314, 0.933120761312, 99.9962057308, 9.13438397218, 0.674642684368, 2.06537965456, 13.8981280834, 59.203538644, 0.0590901238879, 0.0
0.102932905334, 0.853020221288, 2.04766940741, 0.695556225421, 90.0991609791, 1.18745335854, 0.0339565917158, 0.687627277089, 17.5695619359, 70.6855655037, 0.0139196121221, 0.0
0.102962071519, 0.844386677275, 2.16867353314, 0.739701184832, 93.3194764289, 1.67604882153, 0.0339565917158, 0.934166943726, 12.6670362838, 82.7308676246, 0.0126214376938, 0.0
0.102962071519, 0.825112292663, 2.16867353314, 0.695556225421, 93.0430815729, 6.65223907447, 0.935648617563, 0.687627277089, 15.0651448126, 65.4196568132, 0.0187455966466, 0.0
0.102962071519, 0.844386677275, 2.16867353314, 0.855036022601, 96.9099835744, 6.95042918526, 0.336510031821, 0.934166943726, 12.6670362838, 61.7062151697, 0.0543458416117, 0.263157894737
0.113259208515, 0.949506770604, 2.84444139239, 0.729770275886, 93.0430815729, 1.04877194171, 0.935648617563, 0.493483121874, 10.5639871693, 61.6906772675, 0.0202845158243, 0.647058823529
0.101375832477, 0.896283452727, 2.13119319688, 0.743199872955, 90.0991609791, 1.04877194171, 0.674642684368, 3.44646083894, 17.5695619359, 69.4753499548, 0.0129215784559, 0.176470588235
0.189981736706, 0.821622591568, 2.02191180487, 0.729770275886, 98.1828126286, 1.04877194171, 0.674642684368, 0.557897388785, 12.2438733849, 83.660296234, 0.0124231275895, 0.0
0.128335915788, 0.855791217361, 2.16867353314, 0.873961760176, 93.0430815729, 1.0396120553, 0.935648617563, 0.687627277089, 10.5639871693, 60.3401806082, 0.0345503175933, 0.5
0.101938250325, 0.855791217361, 2.16867353314, 0.873961760176, 93.0430815729, 1.04877194171, 0.935648617563, 0.687627277089, 14.504661203, 105.47574185, 0.00293615807429, 0.0
0.101938250325, 0.855791217361, 2.16867353314, 0.695556225421, 93.0430815729, 1.04877194171, 0.935648617563, 0.687627277089, 14.504661203, 102.462573317, 0.00306731657264, 0.0
0.102962071519, 0.844386677275, 2.16867353314, 0.933120761312, 87.0087149735, 6.40821680353, 0.336510031821, 0.934166943726, 10.6707007251, 170.973173562, 0.0, 0.0
0.127540875135, 1.06276410475, 2.13119319688, 0.695556225421, 85.5592268173, 1.04877194171, 0.935648617563, 0.557897388785, 15.9026430894, 119.787132566, 0.00214495081105, 0.0
0.102932905334, 0.853020221288, 2.22633253783, 0.743199872955, 90.0991609791, 1.18745335854, 0.674642684368, 3.44646083894, 17.5695619359, 124.563965543, 0.000166860567958, 0.0
0.101375832477, 0.896283452727, 2.22633253783, 0.743199872955, 90.0991609791, 1.18745335854, 0.674642684368, 3.44646083894, 17.5695619359, 118.707103106, 0.00248609383279, 0.0
0.100734245272, 0.847523610592, 2.16867353314, 0.739701184832, 93.3194764289, 1.67604882153, 0.0339565917158, 0.934166943726, 12.6670362838, 86.175912364, 0.00843191993926, 0.0434782608696
0.104397168522, 0.891641506373, 2.16867353314, 0.695556225421, 85.6090748992, 1.04877194171, 0.336510031821, 2.11792032334, 10.0797607664, 91.7486324056, 0.00667629571168, 0.111111111111
0.125172306309, 0.847523610592, 2.16260804181, 0.635353755055, 89.6135534113, 1.04877194171, 0.685620953907, 1.21764981754, 15.9256462245, 93.4272455357, 0.00644895894039, 0.0
0.134598478606, 0.891641506373, 2.16867353314, 0.695556225421, 85.6090748992, 1.04877194171, 0.336510031821, 0.934166943726, 10.5639871693, 84.7606398364, 0.0118549849423, 0.0
0.134339048915, 0.921928736821, 2.04766940741, 0.836433896537, 87.0615710044, 1.63685558909, 0.0952941041081, 3.44438055358, 12.7076559788, 92.5063566773, 0.00679086879406, 0.0
0.134339048915, 0.921928736821, 2.04766940741, 0.836433896537, 87.0615710044, 1.02838018078, 0.0952941041081, 3.44438055358, 12.7076559788, 87.1354757702, 0.00772984530416, 0.363636363636
0.125172306309, 0.847523610592, 2.16260804181, 0.635353755055, 82.7369049556, 1.04877194171, 0.685620953907, 1.21764981754, 15.9256462245, 98.5104270647, 0.0043238538281, 0.416666666667
0.102962071519, 0.844386677275, 2.16867353314, 0.947780896934, 87.0087149735, 2.77278788902, 0.116048976615, 0.687627277089, 12.6670362838, 97.5831450468, 0.00555861934937, 0.0
0.102932905334, 0.853020221288, 2.22633253783, 0.743199872955, 90.0991609791, 1.18745335854, 0.674642684368, 3.44646083894, 15.0533907562, 78.5621049207, 0.0110389661559, 0.533333333333
0.105060760939, 0.85911497253, 2.09833075134, 0.621113759685, 82.4463374437, 8.63709113715, 0.273861619465, 0.84496674319, 10.5639871693, 60.2229657198, 0.075869004957, 0.0
0.134174595358, 0.844386677275, 2.16867353314, 0.729770275886, 93.3194764289, 1.52931798911, 0.0339565917158, 0.934166943726, 12.6670362838, 76.8390550934, 0.0163759495666, 0.0
0.189981736706, 0.821622591568, 2.02191180487, 0.933120761312, 98.1828126286, 1.04877194171, 0.674642684368, 0.557897388785, 12.2438733849, 82.980131224, 0.0157434523599, 0.142857142857
0.102932905334, 0.85911497253, 2.09833075134, 0.621113759685, 82.4463374437, 8.63709113715, 0.273861619465, 0.687627277089, 10.5639871693, 67.7128807842, 0.0511048586428, 0.125
0.189433145735, 0.847523610592, 2.16867353314, 0.641617899837, 96.9099835744, 1.30851805073, 0.674642684368, 3.44438055358, 12.3406103507, 65.5910388669, 0.028432175625, 0.3
0.102962071519, 0.826226400557, 2.16867353314, 0.933120761312, 87.0087149735, 6.95042918526, 0.116048976615, 0.0122756451182, 12.6670362838, 71.4972478724, 0.0417606884268, 0.0
0.102917970586, 0.855791217361, 2.25646196348, 0.933120761312, 94.4513749014, 4.1877571245, 0.0339565917158, 2.68663495136, 15.9256462245, 72.9211841348, 0.0348137487996, 0.0
0.189433145735, 0.847523610592, 2.02191180487, 0.641617899837, 90.0991609791, 1.30851805073, 0.674642684368, 3.44646083894, 10.0402205267, 67.7813343073, 0.0269334900198, 0.272727272727
0.134339048915, 0.921928736821, 2.02004817229, 0.836433896537, 87.0615710044, 1.02838018078, 0.0952941041081, 3.06205480681, 16.489419238, 66.7945737978, 0.0216644658218, 0.466666666667
0.127540875135, 1.06276410475, 2.13119319688, 0.695556225421, 85.5592268173, 1.04877194171, 0.19419433552, 0.557897388785, 15.9026430894, 68.6122499824, 0.0211476155276, 0.416666666667
0.125172306309, 0.847523610592, 2.16867353314, 0.605670760451, 81.6834271724, 1.04877194171, 0.635249068767, 3.91442267619, 10.6707007251, 72.2126664301, 0.0148699700102, 0.391304347826
0.102962071519, 0.844386677275, 2.16867353314, 0.668344673972, 93.3194764289, 1.67604882153, 0.0339565917158, 0.934166943726, 12.6670362838, 70.5008931281, 0.0163392344687, 0.352941176471
0.125172306309, 0.847523610592, 2.22633253783, 0.641617899837, 83.8050596205, 1.04877194171, 0.685620953907, 1.21764981754, 15.9256462245, 82.4938503324, 0.014309112594, 0.304347826087
0.101938250325, 0.855791217361, 2.16867353314, 0.695556225421, 93.0430815729, 1.04877194171, 0.935648617563, 0.687627277089, 10.6445010419, 75.3069451051, 0.0146701735206, 0.333333333333
0.136942908477, 0.844386677275, 2.16867353314, 0.729770275886, 93.3194764289, 1.52931798911, 0.0339565917158, 0.934166943726, 12.6670362838, 69.7197816183, 0.0226683066681, 0.357142857143
0.125172306309, 0.826226400557, 2.16867353314, 0.757486338138, 83.8050596205, 1.03292059819, 0.0405791688354, 3.96829561323, 10.6707007251, 76.3749280594, 0.01672132137, 0.269230769231
0.102932905334, 0.853020221288, 2.22633253783, 0.743199872955, 90.0991609791, 1.18745335854, 0.674642684368, 3.44646083894, 17.5695619359, 79.6299323106, 0.0141195316536, 0.333333333333
0.114730435686, 0.844386677275, 4.74417579806, 0.752602890572, 99.9451632836, 8.49975162243, 0.588640747332, 0.687627277089, 14.6490627909, 233.578149361, 0.0, 0.0
0.101375832477, 0.844386677275, 2.16867353314, 0.933120761312, 87.9461235784, 6.95042918526, 0.336510031821, 3.72817189994, 12.6670362838, 62.8109300193, 0.120120336247, 0.416666666667
0.113259208515, 0.847523610592, 2.16867353314, 0.695556225421, 93.0430815729, 1.04877194171, 0.674642684368, 0.687627277089, 15.1880537083, 71.1904433421, 0.0173403924101, 0.5
0.102962071519, 0.844386677275, 2.16867353314, 0.739701184832, 93.3194764289, 1.67604882153, 0.0339565917158, 0.934166943726, 12.6670362838, 124.99059441, 0.000392707583318, 0.0
0.134339048915, 0.853020221288, 2.16867353314, 0.836433896537, 87.0087149735, 7.04962981003, 0.674642684368, 1.77933901742, 13.0723870559, 74.4495791977, 0.0795894836167, 0.0
0.102962071519, 0.844386677275, 2.16867353314, 0.933120761312, 90.0147671545, 6.95042918526, 0.336510031821, 0.433992937856, 12.1294749933, 72.7291470646, 0.0541445686162, 0.230769230769
0.134598478606, 0.847523610592, 2.22633253783, 0.695556225421, 85.6090748992, 1.02838018078, 0.935648617563, 0.882495660811, 10.4279576933, 92.0086067219, 0.0100443728966, 0.0769230769231
0.123887352851, 0.844386677275, 2.16867353314, 0.933120761312, 87.9461235784, 6.95042918526, 0.67054165777, 4.61342680759, 12.6670362838, 70.7017503735, 0.0552653983317, 0.181818181818
0.128770147422, 0.826226400557, 2.04599790615, 0.757486338138, 98.750242315, 1.01220496219, 0.0346861092703, 0.934166943726, 12.6670362838, 80.1087801038, 0.0235680566876, 0.333333333333
0.199765507482, 0.823037298019, 2.05779551803, 0.695556225421, 87.0087149735, 3.4521939904, 0.0405791688354, 0.687627277089, 12.6670362838, 78.0504269558, 0.0318387553784, 0.0
0.102962071519, 0.844386677275, 2.16867353314, 0.933120761312, 87.0087149735, 6.95042918526, 0.336510031821, 0.934166943726, 12.6670362838, 68.6931779197, 0.0743414284876, 0.153846153846
0.189433145735, 0.847523610592, 2.02191180487, 0.641617899837, 90.0991609791, 1.30851805073, 0.674642684368, 3.44646083894, 10.0402205267, 80.3656697833, 0.0160068019874, 0.363636363636
0.122129137766, 0.900690337723, 2.16867353314, 0.933120761312, 99.9624071129, 5.85383545101, 0.674642684368, 2.06537965456, 13.8981280834, 81.460508059, 0.0268131206666, 0.125
0.101938250325, 0.855791217361, 2.16867353314, 0.67008746861, 93.0430815729, 1.0396120553, 0.935648617563, 0.687627277089, 10.5639871693, 70.0333823123, 0.0250931622959, 0.4375
0.102962071519, 0.844386677275, 2.16867353314, 0.933120761312, 97.0923186698, 6.95042918526, 0.336510031821, 0.687627277089, 12.6670362838, 77.330039471, 0.0725111413014, 0.0
0.125172306309, 0.932602916402, 2.16867353314, 0.712091542104, 83.895344882, 1.04877194171, 0.509355731906, 2.78035908738, 10.6707007251, 115.527680738, 0.00317497611343, 0.0
