0.102962071519, 0.844386677275, 2.16867353314, 0.933120761312, 87.0087149735, 6.95042918526, 0.336510031821, 0.934166943726, 12.6670362838, 0.0, 1.0, 0.0
0.102962071519, 0.844386677275, 2.16867353314, 0.933120761312, 87.0087149735, 2.77278788902, 0.0405791688354, 0.687627277089, 12.2037991568, 10.9946923304, 0.0, 0.0
0.102962071519, 0.855791217361, 2.25646196348, 0.933120761312, 94.4513749014, 3.28308064929, 0.116048976615, 2.68663495136, 12.6670362838, 50.7324195546, 0.0, 0.0
0.102962071519, 1.1481766166, 2.16867353314, 0.933120761312, 87.0087149735, 6.95042918526, 0.0405791688354, 0.687627277089, 12.6670362838, 33.5423775398, 0.0767990428692, 0.0
0.101375832477, 1.07855656221, 2.13119319688, 0.63308330041, 87.9461235784, 6.4681806042, 0.429850781363, 0.201105363322, 17.5117288249, 58.6580778095, 0.0, 0.0
0.102962071519, 0.844386677275, 2.16867353314, 0.739701184832, 93.3194764289, 1.67604882153, 0.0339565917158, 0.934166943726, 12.6670362838, 124.99059441, 0.000392707583318, 0.0
0.102962071519, 0.844386677275, 2.16867353314, 0.933120761312, 87.0087149735, 6.95042918526, 0.336510031821, 0.934166943726, 12.6670362838, 68.6931779197, 0.0743414284876, 0.153846153846
0.101375832477, 0.844386677275, 2.16867353314, 0.933120761312, 87.9461235784, 6.95042918526, 0.336510031821, 3.72817189994, 12.6670362838, 62.8109300193, 0.120120336247, 0.416666666667
0.136942908477, 0.844386677275, 2.16867353314, 0.729770275886, 93.3194764289, 1.52931798911, 0.0339565917158, 0.934166943726, 12.6670362838, 75.1206097719, 0.0360155480437, 0.470588235294
0.125172306309, 0.847523610592, 2.22633253783, 0.641617899837, 83.8050596205, 1.04877194171, 0.685620953907, 1.21764981754, 15.9256462245, 82.4938503324, 0.014309112594, 0.304347826087
0.189433145735, 0.847523610592, 2.02191180487, 0.641617899837, 90.0991609791, 1.30851805073, 0.674642684368, 3.44646083894, 10.0402205267, 80.3656697833, 0.0160068019874, 0.363636363636
0.134339048915, 0.853020221288, 2.16867353314, 0.836433896537, 87.0087149735, 8.53551753192, 0.674642684368, 3.44438055358, 13.0723870559, 78.1720581576, 0.0583860342058, 0.0
0.199765507482, 0.932602916402, 2.16867353314, 0.605670760451, 83.895344882, 1.04877194171, 0.0405791688354, 4.71891677529, 10.6707007251, 84.1134202738, 0.00641392688783, 0.0
0.114730435686, 0.844386677275, 4.74417579806, 0.752602890572, 99.9451632836, 8.49975162243, 0.588640747332, 0.687627277089, 14.6490627909, 233.578149361, 0.0, 0.0
0.102962071519, 0.844386677275, 2.16867353314, 0.933120761312, 87.0087149735, 6.95042918526, 0.0405791688354, 0.687627277089, 12.3485608792, 82.803358416, 0.0364991223951, 0.0
0.149191341375, 0.826226400557, 4.99852298594, 0.729770275886, 94.8321842376, 1.61676529389, 0.10347123345, 0.111929011865, 10.5284231056, 105.49026367, 0.00500034656144, 0.142857142857
0.127540875135, 1.06276410475, 2.13119319688, 0.695556225421, 85.5592268173, 1.04877194171, 0.935648617563, 0.557897388785, 15.9026430894, 122.440644996, 0.00520525504807, 0.0
0.103582750524, 1.21011745822, 3.61227999779, 0.603223944211, 85.6090748992, 1.35719685877, 0.896914066628, 0.842246814473, 16.2952863449, 161.129143478, 0.00298181013204, 0.0
0.113259208515, 0.847523610592, 4.6822643967, 0.695556225421, 93.0430815729, 1.04877194171, 0.935648617563, 0.493483121874, 15.1880537083, 221.228024198, 0.00169405697897, 0.3
0.125172306309, 0.847523610592, 4.24852969537, 0.695556225421, 83.8050596205, 1.04877194171, 0.685620953907, 1.21764981754, 15.1880537083, 175.037656107, 0.00203819723302, 0.0
0.125172306309, 0.932602916402, 2.16867353314, 0.605670760451, 83.8050596205, 1.04877194171, 0.445171965692, 3.91442267619, 10.6707007251, 127.444576172, 0.00314595025824, 0.125
0.134339048915, 0.853020221288, 2.16867353314, 0.836433896537, 87.0087149735, 7.04962981003, 0.674642684368, 3.44438055358, 13.0723870559, 63.282142318, 0.157610398769, 0.538461538462
0.102962071519, 1.1481766166, 2.16867353314, 0.933120761312, 87.0087149735, 6.95042918526, 0.0405791688354, 0.687627277089, 12.6670362838, 81.5266120759, 0.098274609379, 0.4
0.134598478606, 0.891641506373, 2.16867353314, 0.695556225421, 85.6090748992, 1.04877194171, 0.336510031821, 0.934166943726, 10.5639871693, 84.7606398364, 0.0118549849423, 0.0
0.134339048915, 0.921928736821, 2.04766940741, 0.836433896537, 87.0615710044, 1.63685558909, 0.0952941041081, 3.44438055358, 12.7076559788, 92.5063566773, 0.00679086879406, 0.0
0.189981736706, 0.844386677275, 2.16867353314, 0.933120761312, 87.0087149735, 7.04962981003, 0.336510031821, 3.44438055358, 13.0723870559, 83.3563449733, 0.045452579794, 0.0
0.134598478606, 0.847523610592, 3.30441739679, 0.695556225421, 85.6090748992, 1.04877194171, 0.935648617563, 0.882495660811, 10.5639871693, 149.520791112, 0.00585391982555, 0.0
0.134598478606, 0.847523610592, 7.70030381059, 0.695556225421, 97.9171136748, 1.04877194171, 0.935648617563, 1.21764981754, 10.5639871693, 390.075973036, 0.00254132135238, 0.5
0.134598478606, 0.847523610592, 3.30441739679, 0.902189796001, 80.1920815369, 1.04877194171, 0.935648617563, 0.301246060587, 10.5639871693, 191.103496333, 0.00259301559382, 0.0
0.149432107872, 0.84371684088, 2.06680927518, 0.94675302294, 80.3062021048, 3.4521939904, 0.16741671522, 3.44646083894, 13.166051922, 87.3828550154, 0.0385931188744, 0.0
0.121880353874, 0.844386677275, 2.84444139239, 0.933120761312, 97.9171136748, 2.53431672367, 0.469139847254, 0.493483121874, 14.0659142406, 84.8909798819, 0.043096202194, 0.466666666667
0.102962071519, 0.844386677275, 2.16867353314, 0.739701184832, 93.3194764289, 1.67604882153, 0.0339565917158, 0.934166943726, 12.6670362838, 87.7746162308, 0.0166328091068, 0.153846153846
0.180230295791, 1.06276410475, 2.13119319688, 0.695556225421, 85.5592268173, 1.04877194171, 0.935648617563, 0.557897388785, 15.9026430894, 86.0917366261, 0.0207360059487, 0.55
0.111780468796, 0.844386677275, 3.10143608148, 0.801643648554, 85.8015875801, 1.28129317215, 0.83728293141, 0.687627277089, 15.1880537083, 114.969586842, 0.00806652898736, 0.2
0.180079454295, 0.847523610592, 4.6822643967, 0.695556225421, 83.8050596205, 1.04877194171, 0.935648617563, 0.267756622506, 10.5639871693, 110.604911548, 0.0142770873504, 0.0
0.180079454295, 0.847523610592, 4.6822643967, 0.695556225421, 83.8050596205, 1.04877194171, 0.935648617563, 1.21764981754, 10.5639871693, 137.302648819, 0.0117599201965, 0.0
0.102932905334, 1.24560572512, 2.25646196348, 0.676788364924, 83.5326310276, 3.57874191914, 0.33662485924, 4.52299146179, 19.2167961837, 140.250023584, 0.00909857318156, 0.0
0.102932905334, 0.853020221288, 2.22633253783, 0.743199872955, 90.0991609791, 1.30851805073, 0.674642684368, 3.44646083894, 15.9256462245, 127.714253685, 0.00789541451283, 0.1
0.123887352851, 0.900690337723, 2.13119319688, 0.692188635301, 99.9624071129, 4.07096086481, 0.469139847254, 1.96275700229, 13.8981280834, 96.3684158091, 0.0153739230948, 0.0
0.116516429352, 0.826057161838, 3.30441739679, 0.695556225421, 94.4513749014, 1.04877194171, 0.935648617563, 3.02565849589, 14.0659142406, 98.7829006683, 0.0145394977191, 0.5
0.189433145735, 0.853020221288, 2.22633253783, 0.641617899837, 90.0991609791, 1.30851805073, 0.674642684368, 3.44646083894, 15.9256462245, 112.304967453, 0.0119200275473, 0.0
0.125172306309, 0.932602916402, 2.16867353314, 0.605670760451, 83.8050596205, 1.04877194171, 0.0405791688354, 4.71891677529, 10.6707007251, 108.053487549, 0.0110693191835, 0.387096774194
0.109149028627, 0.942826709114, 2.07371958249, 0.937763570679, 82.4463374437, 1.87755344271, 0.0339565917158, 0.842246814473, 19.7512641346, 124.429461652, 0.00740796813513, 0.142857142857
0.105060760939, 0.85911497253, 2.16867353314, 0.621113759685, 87.0087149735, 6.95042918526, 0.336510031821, 0.84496674319, 12.6670362838, 86.5971225428, 0.0619075430617, 0.142857142857
0.199716731571, 0.853020221288, 3.65951048903, 0.679960561644, 87.7041963314, 2.99662606233, 0.674642684368, 3.44646083894, 19.2072882942, 84.0585871881, 0.100372198677, 0.625
0.123887352851, 0.900690337723, 5.08848451742, 0.692188635301, 97.9171136748, 8.03426330599, 0.469139847254, 1.21764981754, 13.8981280834, 84.2080668179, 0.148668933809, 0.461538461538
0.186837397205, 0.830119830107, 3.61227999779, 0.689025292605, 93.9496747921, 1.2704193262, 0.921986147248, 2.27702743919, 16.9819868599, 177.16280271, 0.00590608055558, 0.0
0.134598478606, 0.830340571116, 3.30441739679, 0.695556225421, 85.6090748992, 1.04877194171, 0.469139847254, 0.882495660811, 14.0659142406, 157.004601673, 0.00621457662395, 0.0
0.136942908477, 0.826226400557, 3.61227999779, 0.729770275886, 94.8321842376, 1.61676529389, 0.445171965692, 3.91442267619, 10.5284231056, 155.908884329, 0.00784867563109, 0.0
0.119241207529, 0.954525413644, 3.86944271483, 0.885928426015, 95.9230647282, 2.37585611931, 0.51165803702, 2.65845251925, 12.5059287507, 192.029383772, 0.00583181145509, 0.0
0.113259208515, 0.847523610592, 4.24852969537, 0.695556225421, 93.0430815729, 1.04877194171, 0.935648617563, 0.493483121874, 15.1880537083, 194.435271767, 0.00297340127173, 0.0
0.123887352851, 0.900690337723, 2.13119319688, 0.692188635301, 98.2783190711, 6.95042918526, 0.469139847254, 1.96275700229, 13.8981280834, 91.3655840676, 0.0780517846129, 0.125
0.102962071519, 0.844386677275, 2.16867353314, 0.933120761312, 93.3194764289, 6.95042918526, 0.0339565917158, 0.934166943726, 12.6670362838, 91.4151538033, 0.0519843920159, 0.111111111111
0.123887352851, 0.900690337723, 2.13119319688, 0.692188635301, 99.9624071129, 4.07096086481, 0.674642684368, 2.06537965456, 13.8981280834, 85.888031066, 0.0620655174141, 0.470588235294
0.102962071519, 0.844386677275, 2.16867353314, 0.739701184832, 80.3433659355, 1.63685558909, 0.0952941041081, 0.934166943726, 12.6670362838, 94.1769409272, 0.0182606541512, 0.333333333333
0.123887352851, 0.900690337723, 2.13119319688, 0.679960561644, 98.2783190711, 2.99662606233, 0.89910060984, 3.6214920636, 13.8981280834, 93.4329185876, 0.0457395727397, 0.261904761905
0.127540875135, 1.06276410475, 2.13119319688, 0.695556225421, 80.1920815369, 1.04877194171, 0.935648617563, 0.557897388785, 10.6707007251, 115.306284339, 0.00833212529033, 0.25
0.138878546889, 1.15162355443, 2.16867353314, 0.937763570679, 99.9240552659, 2.77278788902, 0.429850781363, 0.775219586864, 18.3129376979, 141.325251937, 0.0110391025826, 0.0
0.101375832477, 0.844386677275, 2.16867353314, 0.933120761312, 87.9461235784, 6.95042918526, 0.336510031821, 4.61342680759, 12.6670362838, 105.316148994, 0.0246550595174, 0.307692307692
0.123887352851, 0.914834263219, 2.84444139239, 0.870993392459, 97.9171136748, 2.53431672367, 0.469139847254, 0.493483121874, 14.0659142406, 105.699353911, 0.0166161093005, 0.0
0.199765507482, 0.942826709114, 2.14258061793, 0.621113759685, 82.4463374437, 4.66900293433, 0.0952941041081, 0.842246814473, 15.0023712577, 101.618917323, 0.0363888970053, 0.0
0.199765507482, 0.942826709114, 2.11907695301, 0.621113759685, 82.4463374437, 4.66900293433, 0.0952941041081, 0.842246814473, 15.0023712577, 97.7806728512, 0.039365848092, 0.0
0.114044910171, 0.904464333493, 3.61905451486, 0.709494367063, 83.8050596205, 4.15106675905, 0.0339565917158, 3.91442267619, 16.6171567504, 102.374921574, 0.0293959996639, 0.0
0.136942908477, 0.849539147119, 4.45329363847, 0.729770275886, 81.7860951219, 1.52931798911, 0.445171965692, 0.348248217403, 19.2167961837, 130.865245792, 0.0135490969884, 0.0
0.180079454295, 0.823037298019, 3.30441739679, 0.695556225421, 85.6090748992, 1.04877194171, 0.469139847254, 0.882495660811, 14.0659142406, 112.623183902, 0.0140408805813, 0.0
0.127540875135, 1.06276410475, 2.13119319688, 0.817997497519, 80.1920815369, 1.04877194171, 0.935648617563, 0.557897388785, 10.6707007251, 119.697853829, 0.0126716214931, 0.208333333333
0.134598478606, 0.847523610592, 3.30441739679, 0.695556225421, 85.5592268173, 1.04877194171, 0.935648617563, 0.301246060587, 10.5639871693, 131.295179888, 0.0121913813706, 0.0909090909091
0.125172306309, 0.847523610592, 2.22633253783, 0.641617899837, 83.8050596205, 1.04877194171, 0.685620953907, 1.21764981754, 15.9256462245, 112.757551712, 0.0115341990893, 0.463414634146
0.199765507482, 0.921928736821, 2.25646196348, 0.621113759685, 99.9240552659, 1.63685558909, 0.0952941041081, 2.53940216232, 12.7076559788, 132.277167387, 0.00878048228204, 0.142857142857
0.199765507482, 0.942826709114, 2.00652292661, 0.621113759685, 85.8304913367, 4.66900293433, 0.0952941041081, 4.79335711985, 16.6091875362, 88.3761985648, 0.109648203348, 0.25
0.136942908477, 0.826226400557, 4.99852298594, 0.729770275886, 88.281263556, 1.61676529389, 0.445171965692, 0.348248217403, 10.5284231056, 176.289098348, 0.00645506687556, 0.0
0.136942908477, 0.849539147119, 4.99852298594, 0.729770275886, 84.2874922408, 1.61676529389, 0.445171965692, 0.348248217403, 10.5284231056, 211.294021576, 0.00372545861115, 0.0
0.102962071519, 0.844386677275, 2.16867353314, 0.933120761312, 87.0087149735, 8.03426330599, 0.0405791688354, 0.687627277089, 12.6670362838, 89.9553520377, 0.0791030696158, 0.533333333333
0.134339048915, 0.921928736821, 2.04766940741, 0.836433896537, 87.0615710044, 1.67604882153, 0.0339565917158, 3.44438055358, 12.7076559788, 99.0609514686, 0.024544478615, 0.625
0.101375832477, 0.844386677275, 2.16867353314, 0.933120761312, 87.9461235784, 6.95042918526, 0.336510031821, 3.91442267619, 12.6670362838, 97.6166212543, 0.0867790810363, 0.3125
0.102962071519, 0.855791217361, 2.25646196348, 0.933120761312, 94.4513749014, 3.28308064929, 0.116048976615, 2.68663495136, 12.6670362838, 95.0079857113, 0.0621757109388, 0.444444444444
0.138878546889, 0.844386677275, 2.16867353314, 0.937763570679, 87.0087149735, 6.95042918526, 0.336510031821, 0.934166943726, 12.6670362838, 100.274117116, 0.0424456764317, 0.0
0.119241207529, 0.863949141358, 3.86944271483, 0.885928426015, 95.9230647282, 2.37585611931, 0.51165803702, 2.65845251925, 12.5059287507, 96.3545138867, 0.0543067269895, 0.388888888889
0.199765507482, 0.844386677275, 2.16867353314, 0.620398703559, 87.0087149735, 4.66900293433, 0.0405791688354, 0.687627277089, 12.6670362838, 107.15734041, 0.0281392728621, 0.2
0.102962071519, 0.855791217361, 2.16867353314, 0.933120761312, 94.4513749014, 3.28308064929, 0.116048976615, 2.68663495136, 12.6670362838, 115.503859984, 0.0151216433308, 0.0833333333333
0.114917780141, 0.844386677275, 2.84444139239, 0.681785336716, 97.9171136748, 2.53431672367, 0.469139847254, 0.493483121874, 10.5639871693, 97.8564040657, 0.038089808784, 0.454545454545
0.149432107872, 0.84371684088, 2.06680927518, 0.94675302294, 80.3062021048, 3.4521939904, 0.16741671522, 3.44646083894, 13.166051922, 92.4446667388, 0.0546450001767, 0.578947368421
0.146193036368, 0.956412346974, 5.08848451742, 0.692188635301, 97.9171136748, 2.53431672367, 0.469139847254, 0.493483121874, 13.1458721362, 178.301690024, 0.0110428382513, 0.0
0.101375832477, 1.13978862443, 2.13119319688, 0.623338498637, 87.9461235784, 4.07096086481, 0.893354588054, 0.659127995646, 12.3485608792, 99.2718346622, 0.062101859482, 0.25
0.104591956715, 0.904464333493, 3.61227999779, 0.664259468969, 85.6090748992, 1.2704193262, 0.336510031821, 3.91442267619, 16.9819868599, 186.445346912, 0.0105938570981, 0.555555555556
0.111871210801, 0.844386677275, 2.43325801138, 0.909270959432, 95.5938390279, 1.87755344271, 0.0952941041081, 1.36305021353, 12.7076559788, 160.531640792, 0.0108630461838, 0.333333333333
0.101375832477, 1.13978862443, 2.05260908689, 0.623338498637, 87.7938244036, 1.61676529389, 0.893354588054, 0.659127995646, 12.3485608792, 100.09354207, 0.0183407021666, 0.5
0.138878546889, 0.844386677275, 2.13119319688, 0.623338498637, 87.9461235784, 4.07096086481, 0.893354588054, 0.659127995646, 12.6670362838, 109.582884033, 0.0294646440937, 0.0
0.113259208515, 0.847523610592, 4.58355927703, 0.729770275886, 93.0430815729, 1.04877194171, 0.935648617563, 0.493483121874, 10.5639871693, 199.853777454, 0.00607851475249, 0.0
0.114917780141, 0.844386677275, 2.84444139239, 0.908990810284, 97.9171136748, 2.53431672367, 0.469139847254, 0.493483121874, 10.5639871693, 107.642044472, 0.0167558677853, 0.0625
0.102962071519, 0.844386677275, 2.16867353314, 0.933120761312, 93.3194764289, 6.95042918526, 0.0339565917158, 0.934166943726, 12.6670362838, 116.271237919, 0.0209189584225, 0.0
0.134598478606, 0.847523610592, 7.70030381059, 0.695556225421, 97.9171136748, 1.04877194171, 0.935648617563, 1.21764981754, 10.5639871693, 194.086581706, 0.00610634651976, 0.285714285714
0.123887352851, 0.900690337723, 2.15707119355, 0.752602890572, 97.9171136748, 8.03426330599, 0.469139847254, 1.21764981754, 13.2963062105, 106.751545948, 0.0277378294725, 0.266666666667
0.101375832477, 0.888023745503, 2.16867353314, 0.933120761312, 87.9461235784, 6.95042918526, 0.336510031821, 2.01034904418, 12.6670362838, 149.170338393, 0.0117225426862, 0.0
0.109396772161, 0.896674108317, 2.25646196348, 0.752602890572, 99.9451632836, 8.49975162243, 0.169126634434, 0.93322493469, 14.6490627909, 131.082967185, 0.0154055962066, 0.0
0.134598478606, 0.847523610592, 4.02684056386, 0.725847450276, 80.1920815369, 1.04877194171, 0.935648617563, 2.27702743919, 10.5639871693, 158.571241606, 0.0111348551265, 0.0714285714286
0.116516429352, 0.826057161838, 3.30441739679, 0.695556225421, 85.6090748992, 1.04877194171, 0.935648617563, 0.882495660811, 14.0659142406, 126.197762996, 0.0137174360318, 0.333333333333
0.148758454338, 0.849009404428, 3.61227999779, 0.647305326945, 85.6090748992, 1.2704193262, 0.0339565917158, 3.91442267619, 16.9819868599, 190.142770983, 0.00808595069843, 0.0
0.102962071519, 0.879122427846, 2.16867353314, 0.870993392459, 87.0087149735, 3.6453817969, 0.336510031821, 0.934166943726, 12.6670362838, 100.999251588, 0.0284811519132, 0.333333333333
0.109396772161, 0.883750602511, 5.42886359851, 0.816270894668, 87.2628215862, 1.50089567114, 0.169126634434, 3.71987846907, 12.7076559788, 142.829896707, 0.0128910440796, 0.363636363636
