2.0, 1.0, 3.0, 0.0, -1.0, 2.0, -1.0, 0.0, 0.0, 0.0, 3.0, 0.0, 2.0, 1.0, 0.0, 2.0, 2.0, 1.0, 2.0, 3.0, 0.0, 0.0, 1.0, 0.0, -1.0, 2.0, 0.0, 1.0, 3.0, 2.0, 1.0, 1.0, -1.0, 1.0, -1.0, -1.0, 1.0, 2.0, 3.0, -1.0, -1.0, 2.0, 0.0, 2.0, 1.0, 2.0, 2.0, 1.0, 1.0, 2.0, 96129.0, 635, 99409.0
-0.161593978048, -0.0838256533165, 1.98789791893, 0.954615225994, 0.774622926631, -0.964022347643, 1.01081512597, 2.0, 2.00885062172, 0.0, 2.9369390378, 3.0, 0.0, 3.0, 0.0, 2.93364821955, 1.98237897417, 1.00435540621, 0.974176819729, -0.972358188336, -0.0165164677112, -0.0050302704675, 0.912654439429, 2.99291632994, 2.2381593853, 0.0, 0.0, 3.0, 0.0, 1.78196742488, 3.0, -0.992950532698, 2.00802550269, 1.02399407772, 1.0, 0.972451795335, 0.956121544541, 2.0, -0.957574535709, -1.0, 1.92700286636, 2.0, 0.0349875246397, -0.147095390026, 0.999745916914, -1.0, -0.943050686013, -0.979697602134, 2.01510030267, 2.03028457704, 96486.0, 633, 99440.0
0.0, -0.123910770384, -1.0, 1.0, 0.782363906784, 0.0, 1.98490314448, 2.0, 0.94050023213, 0.0157867871938, 0.0, 0.0, -1.0, 2.0, 0.0, -1.0, 0.0, 2.98425377872, 3.0, -0.990837169739, 0.0, -0.098384367865, 2.0, 3.0, -1.0, 1.0, 0.0267675300559, 1.94989986924, 0.0, 1.35954799763, 2.0, 2.0, 2.0, 0.992621074976, 0.0, 1.95084914483, 0.931678071746, -0.0678003061612, 1.0, -0.999512177091, 1.92705009204, -0.95212619801, 0.993056678104, 2.66002191442, 0.796532087928, -1.0, 2.95221848961, 0.758771777321, 1.0, 1.0, 96096.0, 636, 99428.0
0.0, -0.123910770384, -1.0, 1.0, 0.782363906784, 0.0, 1.98490314448, 2.0, 0.94050023213, 0.0157867871938, 0.0, 0.0, -1.0, 2.0, 0.0, -1.0, 0.0, 2.98425377872, 3.0, -0.990837169739, 0.0, -0.098384367865, 2.0, 3.0, -1.0, 1.0, 0.0267675300559, 1.94989986924, 0.0, 1.35954799763, 2.0, 2.0, 2.0, 0.992621074976, 0.0, 1.95084914483, 0.931678071746, -0.0678003061612, 1.0, -0.999512177091, 1.92705009204, -0.95212619801, 0.993056678104, 2.66002191442, 0.796532087928, -1.0, 2.95221848961, 0.758771777321, 1.0, 1.0, 96096.0, 636, 99428.0
0.0, -0.123910770384, -1.0, 1.0, 0.782363906784, 0.0, 1.98490314448, 2.0, 0.94050023213, 0.0157867871938, 0.0, 0.0, -1.0, 2.0, 0.0, -1.0, 0.0, 2.98425377872, 3.0, -0.990837169739, 0.0, -0.098384367865, 2.0, 3.0, -1.0, 1.0, 0.0267675300559, 1.94989986924, 0.0, 1.35954799763, 2.0, 2.0, 2.0, 0.992621074976, 0.0, 1.95084914483, 0.931678071746, -0.0678003061612, 1.0, -0.999512177091, 1.92705009204, -0.95212619801, 0.993056678104, 2.66002191442, 0.796532087928, -1.0, 2.95221848961, 0.758771777321, 1.0, 1.0, 96096.0, 636, 99428.0
0.0, -0.123910770384, -1.0, 1.0, 0.782363906784, 0.0, 1.98490314448, 2.0, 0.94050023213, 0.0157867871938, 0.0, 0.0, -1.0, 2.0, 0.0, -1.0, 0.0, 2.98425377872, 3.0, -0.990837169739, 0.0, -0.098384367865, 2.0, 3.0, -1.0, 1.0, 0.0267675300559, 1.94989986924, 0.0, 1.35954799763, 2.0, 2.0, 2.0, 0.992621074976, 0.0, 1.95084914483, 0.931678071746, -0.0678003061612, 1.0, -0.999512177091, 1.92705009204, -0.95212619801, 0.993056678104, 2.66002191442, 0.796532087928, -1.0, 2.95221848961, 0.758771777321, 1.0, 1.0, 96096.0, 636, 99428.0
-0.000986614746387, -0.123749750772, 1.81714010559, 1.0, 0.782363906784, 0.0, 1.01068881255, 2.0, 2.99288538845, -0.000656610720824, 0.0, 0.0, -0.987205217597, 2.0, 0.0, 2.9651813573, 1.98733020298, 2.9851002985, 3.0, -0.990679405924, 0.0, -0.102012182951, 2.04406652821, 3.0, 2.28049261124, 1.0, 0.0267675300559, 1.9598647672, 0.0, 1.35954799763, 2.0, 2.0, 1.99977992793, 0.992621074976, 0.0, 1.95084914483, 1.0065424044, -0.0678003061612, 1.00002626413, -0.421185384444, 1.92704935075, -0.91541463281, 0.993056678104, 2.97261210161, 0.798277794687, -1.0, 2.99945439945, 0.758771777321, 0.961770678341, 1.06607615812, 95960.0, 696, 99382.0
-0.00098217604113, -0.123913364576, -1.0, 1.0, 0.782363906784, 0.0, 1.98490314448, 2.0, 0.94050023213, 0.0157867871938, 0.0, 0.0, -1.0, 2.0, 0.0, -1.0, 0.0, 2.98425377872, 3.0, -0.99083631035, 0.0, -0.098384367865, 2.0, 3.0, 2.3199651226, 1.0, 0.0267675300559, 1.94989986924, 0.0, 1.35954799763, 2.0, 2.0, 2.0, 0.992621074976, 0.0, 1.95084914483, 0.930725299251, -0.0678003061612, 1.0, -0.999512177091, 1.92705008928, -0.952246262333, 1.00287846038, 2.66002191442, 0.796424617453, -1.0, 2.95173119394, 0.758771777321, 1.0, 1.36147750371, 96073.0, 648, 99421.0
-0.00098217604113, -0.123913364576, -1.0, 1.0, 0.782363906784, 0.0, 1.98490314448, 2.0, 0.94050023213, 0.0157867871938, 0.0, 0.0, -1.0, 2.0, 0.0, -1.0, 0.0, 2.98425377872, 3.0, -0.99083631035, 0.0, -0.098384367865, 2.0, 3.0, 2.3199651226, 1.0, 0.0267675300559, 1.94989986924, 0.0, 1.35954799763, 2.0, 2.0, 2.0, 0.992621074976, 0.0, 1.95084914483, 0.930725299251, -0.0678003061612, 1.0, -0.999512177091, 1.92705008928, -0.952246262333, 1.00287846038, 2.66002191442, 0.796424617453, -1.0, 2.95173119394, 0.758771777321, 1.0, 1.36147750371, 96073.0, 648, 99421.0
-0.00098217604113, -0.123913364576, -1.0, 1.0, 0.782363906784, 0.0, 1.98490314448, 2.0, 0.94050023213, 0.0157867871938, 0.0, 0.0, -1.0, 2.0, 0.0, -1.0, 0.0, 2.98425377872, 3.0, -0.99083631035, 0.0, -0.098384367865, 2.0, 3.0, 2.3199651226, 1.0, 0.0267675300559, 1.94989986924, 0.0, 1.35954799763, 2.0, 2.0, 2.0, 0.992621074976, 0.0, 1.95084914483, 0.930725299251, -0.0678003061612, 1.0, -0.999512177091, 1.92705008928, -0.952246262333, 1.00287846038, 2.66002191442, 0.796424617453, -1.0, 2.95173119394, 0.758771777321, 1.0, 1.36147750371, 96073.0, 648, 99421.0
-0.00098217604113, -0.123913364576, -1.0, 1.0, 0.782363906784, 0.0, 1.98490314448, 2.0, 0.94050023213, 0.0157867871938, 0.0, 0.0, -1.0, 2.0, 0.0, -1.0, 0.0, 2.98425377872, 3.0, -0.99083631035, 0.0, -0.098384367865, 2.0, 3.0, 2.3199651226, 1.0, 0.0267675300559, 1.94989986924, 0.0, 1.35954799763, 2.0, 2.0, 2.0, 0.992621074976, 0.0, 1.95084914483, 0.930725299251, -0.0678003061612, 1.0, -0.999512177091, 1.92705008928, -0.952246262333, 1.00287846038, 2.66002191442, 0.796424617453, -1.0, 2.95173119394, 0.758771777321, 1.0, 1.36147750371, 96073.0, 648, 99421.0
-0.00098217604113, -0.123913364576, -1.0, 1.0, 0.782363906784, 0.0, 1.98490314448, 2.0, 0.94050023213, 0.0157867871938, 0.0, 0.0, -1.0, 2.0, 0.0, -1.0, 0.0, 2.98425377872, 3.0, -0.99083631035, 0.0, -0.098384367865, 2.0, 3.0, 2.3199651226, 1.0, 0.0267675300559, 1.94989986924, 0.0, 1.35954799763, 2.0, 2.0, 2.0, 0.992621074976, 0.0, 1.95084914483, 0.930725299251, -0.0678003061612, 1.0, -0.999512177091, 1.92705008928, -0.952246262333, 1.00287846038, 2.66002191442, 0.796424617453, -1.0, 2.95173119394, 0.758771777321, 1.0, 1.36147750371, 96073.0, 648, 99421.0
0.0, -0.123910770384, -1.0, 1.0, 0.782363906784, 0.0, 1.98490314448, 2.0, 0.94050023213, 0.0157867871938, 0.0, 0.0, -1.0, 2.0, 0.0, -1.0, 0.0, 2.98425377872, 3.0, -0.990837169739, 0.0, -0.098384367865, 2.0, 3.0, -1.0, 1.0, 0.0267675300559, 1.94989986924, 0.0, 1.35954799763, 2.0, 2.0, 2.0, 0.992621074976, 0.0, 1.95084914483, 0.931678071746, -0.0678003061612, 1.0, -0.999512177091, 1.92705009204, -0.95212619801, 0.993056678104, 2.66002191442, 0.796532087928, -1.0, 2.95221848961, 0.758771777321, 1.0, 1.0, 96096.0, 636, 99428.0
-0.000986614746387, -0.123753259027, -0.977749247241, 1.0, 0.782363906784, 0.0, 1.01068881255, 2.0, 0.696037310757, -0.000656610720824, 0.0, 0.0, -0.987205217597, 2.0, 0.0, -0.942585742481, 1.98977782579, 2.98511789076, 3.0, -0.990835116233, 0.0, -0.102265308035, 1.99883560787, 3.0, -0.966478250436, 1.0, 0.0267675300559, 1.9598647672, 0.0, 1.99125630828, 2.0, 2.0, 1.99977992793, 0.992621074976, 0.0, 1.95084914483, 1.0065424044, -0.0678003061612, 1.00000026703, -0.999512177091, 1.92704935075, -0.915658583853, 0.993056678104, 2.97261210161, 0.796557456994, -1.0, 2.99945439945, 0.758771777321, 0.961770678341, 0.977195305229, 96142.0, 636, 99428.0
-0.000986614746387, -0.123753259027, -0.977749247241, 1.0, 0.782363906784, 0.0, 1.01068881255, 2.0, 0.696037310757, -0.000656610720824, 0.0, 0.0, -0.987205217597, 2.0, 0.0, -0.942585742481, 1.98977782579, 2.98511789076, 3.0, -0.990835116233, 0.0, -0.102265308035, 1.99883560787, 3.0, -0.966478250436, 1.0, 0.0267675300559, 1.9598647672, 0.0, 1.99125630828, 2.0, 2.0, 1.99977992793, 0.992621074976, 0.0, 1.95084914483, 1.0065424044, -0.0678003061612, 1.00000026703, -0.999512177091, 1.92704935075, -0.915658583853, 0.993056678104, 2.97261210161, 0.796557456994, -1.0, 2.99945439945, 0.758771777321, 0.961770678341, 0.977195305229, 96142.0, 636, 99428.0
-0.000986614746387, -0.123753259027, -0.977749247241, 1.0, 0.782363906784, 0.0, 1.01068881255, 2.0, 0.696037310757, -0.000656610720824, 0.0, 0.0, -0.987205217597, 2.0, 0.0, -0.942585742481, 1.98977782579, 2.98511789076, 3.0, -0.990835116233, 0.0, -0.102265308035, 1.99883560787, 3.0, -0.966478250436, 1.0, 0.0267675300559, 1.9598647672, 0.0, 1.99125630828, 2.0, 2.0, 1.99977992793, 0.992621074976, 0.0, 1.95084914483, 1.0065424044, -0.0678003061612, 1.00000026703, -0.999512177091, 1.92704935075, -0.915658583853, 0.993056678104, 2.97261210161, 0.796557456994, -1.0, 2.99945439945, 0.758771777321, 0.961770678341, 0.977195305229, 96142.0, 636, 99428.0
-0.000986614746387, -0.123753259027, -0.977749247241, 1.0, 0.782363906784, 0.0, 1.01068881255, 2.0, 0.696037310757, -0.000656610720824, 0.0, 0.0, -0.987205217597, 2.0, 0.0, -0.942585742481, 1.98977782579, 2.98511789076, 3.0, -0.990835116233, 0.0, -0.102265308035, 1.99883560787, 3.0, -0.966478250436, 1.0, 0.0267675300559, 1.9598647672, 0.0, 1.99125630828, 2.0, 2.0, 1.99977992793, 0.992621074976, 0.0, 1.95084914483, 1.0065424044, -0.0678003061612, 1.00000026703, -0.999512177091, 1.92704935075, -0.915658583853, 0.993056678104, 2.97261210161, 0.796557456994, -1.0, 2.99945439945, 0.758771777321, 0.961770678341, 0.977195305229, 96142.0, 636, 99428.0
-0.000986614746387, -0.123753259027, -0.977749247241, 1.0, 0.782363906784, 0.0, 1.01068881255, 2.0, 0.696037310757, -0.000656610720824, 0.0, 0.0, -0.987205217597, 2.0, 0.0, -0.942585742481, 1.98977782579, 2.98511789076, 3.0, -0.990835116233, 0.0, -0.102265308035, 1.99883560787, 3.0, -0.966478250436, 1.0, 0.0267675300559, 1.9598647672, 0.0, 1.99125630828, 2.0, 2.0, 1.99977992793, 0.992621074976, 0.0, 1.95084914483, 1.0065424044, -0.0678003061612, 1.00000026703, -0.999512177091, 1.92704935075, -0.915658583853, 0.993056678104, 2.97261210161, 0.796557456994, -1.0, 2.99945439945, 0.758771777321, 0.961770678341, 0.977195305229, 96142.0, 636, 99428.0
-0.000986614746387, -0.123753259027, -0.977749247241, 1.0, 0.782363906784, 0.0, 1.01068881255, 2.0, 0.696037310757, -0.000656610720824, 0.0, 0.0, -0.987205217597, 2.0, 0.0, -0.942585742481, 1.98977782579, 2.98511789076, 3.0, -0.990835116233, 0.0, -0.102265308035, 1.99883560787, 3.0, -0.966478250436, 1.0, 0.0267675300559, 1.9598647672, 0.0, 1.99125630828, 2.0, 2.0, 1.99977992793, 0.992621074976, 0.0, 1.95084914483, 1.0065424044, -0.0678003061612, 1.00000026703, -0.999512177091, 1.92704935075, -0.915658583853, 0.993056678104, 2.97261210161, 0.796557456994, -1.0, 2.99945439945, 0.758771777321, 0.961770678341, 0.977195305229, 96142.0, 636, 99428.0
-0.000986614746387, -0.123753259027, -0.977749247241, 1.0, 0.782363906784, 0.0, 1.01068881255, 2.0, 0.696037310757, -0.000656610720824, 0.0, 0.0, -0.987205217597, 2.0, 0.0, -0.942585742481, 1.98977782579, 2.98511789076, 3.0, -0.990835116233, 0.0, -0.102265308035, 1.99883560787, 3.0, -0.966478250436, 1.0, 0.0267675300559, 1.9598647672, 0.0, 1.99125630828, 2.0, 2.0, 1.99977992793, 0.992621074976, 0.0, 1.95084914483, 1.0065424044, -0.0678003061612, 1.00000026703, -0.999512177091, 1.92704935075, -0.915658583853, 0.993056678104, 2.97261210161, 0.796557456994, -1.0, 2.99945439945, 0.758771777321, 0.961770678341, 0.977195305229, 96142.0, 636, 99428.0
-0.000978770947159, -0.123910770384, -1.0, 1.0, 0.782363906784, 0.0, 1.98490314448, 2.0, 0.94050023213, 0.0157867871938, 0.0, 0.0, -1.0, 2.0, 0.0, -1.0, 0.0, 2.98425377872, 3.0, -0.990837176211, 0.0, -0.098384367865, 2.0, 3.0, -1.0, 1.0, 0.0267675300559, 1.94989986924, 0.0, 1.35954799763, 2.0, 2.0, 2.0, 0.992621074976, 0.0, 1.95084914483, 0.930730362152, -0.0678003061612, 1.0, -0.999512177091, 1.92705009204, -0.95212619801, 0.993056678104, 2.66002191442, 0.796422622678, -1.0, 2.95221848961, 0.758771777321, 1.0, 0.996922823431, 96096.0, 636, 99428.0
-0.000978770947159, -0.123910770384, -1.0, 1.0, 0.782363906784, 0.0, 1.98490314448, 2.0, 0.94050023213, 0.0157867871938, 0.0, 0.0, -1.0, 2.0, 0.0, -1.0, 0.0, 2.98425377872, 3.0, -0.990837176211, 0.0, -0.098384367865, 2.0, 3.0, -1.0, 1.0, 0.0267675300559, 1.94989986924, 0.0, 1.35954799763, 2.0, 2.0, 2.0, 0.992621074976, 0.0, 1.95084914483, 0.930730362152, -0.0678003061612, 1.0, -0.999512177091, 1.92705009204, -0.95212619801, 0.993056678104, 2.66002191442, 0.796422622678, -1.0, 2.95221848961, 0.758771777321, 1.0, 0.996922823431, 96096.0, 636, 99428.0
-0.000978770947159, -0.123910770384, -1.0, 1.0, 0.782363906784, 0.0, 1.98490314448, 2.0, 0.94050023213, 0.0157867871938, 0.0, 0.0, -1.0, 2.0, 0.0, -1.0, 0.0, 2.98425377872, 3.0, -0.990837176211, 0.0, -0.098384367865, 2.0, 3.0, -1.0, 1.0, 0.0267675300559, 1.94989986924, 0.0, 1.35954799763, 2.0, 2.0, 2.0, 0.992621074976, 0.0, 1.95084914483, 0.930730362152, -0.0678003061612, 1.0, -0.999512177091, 1.92705009204, -0.95212619801, 0.993056678104, 2.66002191442, 0.796422622678, -1.0, 2.95221848961, 0.758771777321, 1.0, 0.996922823431, 96096.0, 636, 99428.0
-0.000978770947159, -0.123910770384, -1.0, 1.0, 0.782363906784, 0.0, 1.98490314448, 2.0, 0.94050023213, 0.0157867871938, 0.0, 0.0, -1.0, 2.0, 0.0, -1.0, 0.0, 2.98425377872, 3.0, -0.990837176211, 0.0, -0.098384367865, 2.0, 3.0, -1.0, 1.0, 0.0267675300559, 1.94989986924, 0.0, 1.35954799763, 2.0, 2.0, 2.0, 0.992621074976, 0.0, 1.95084914483, 0.930730362152, -0.0678003061612, 1.0, -0.999512177091, 1.92705009204, -0.95212619801, 0.993056678104, 2.66002191442, 0.796422622678, -1.0, 2.95221848961, 0.758771777321, 1.0, 0.996922823431, 96096.0, 636, 99428.0
-0.000978770947159, -0.123910770384, -1.0, 1.0, 0.782363906784, 0.0, 1.98490314448, 2.0, 0.94050023213, 0.0157867871938, 0.0, 0.0, -1.0, 2.0, 0.0, -1.0, 0.0, 2.98425377872, 3.0, -0.990837176211, 0.0, -0.098384367865, 2.0, 3.0, -1.0, 1.0, 0.0267675300559, 1.94989986924, 0.0, 1.35954799763, 2.0, 2.0, 2.0, 0.992621074976, 0.0, 1.95084914483, 0.930730362152, -0.0678003061612, 1.0, -0.999512177091, 1.92705009204, -0.95212619801, 0.993056678104, 2.66002191442, 0.796422622678, -1.0, 2.95221848961, 0.758771777321, 1.0, 0.996922823431, 96096.0, 636, 99428.0
-0.000978770947159, -0.123910770384, -1.0, 1.0, 0.782363906784, 0.0, 1.98490314448, 2.0, 0.94050023213, 0.0157867871938, 0.0, 0.0, -1.0, 2.0, 0.0, -1.0, 0.0, 2.98425377872, 3.0, -0.990837176211, 0.0, -0.098384367865, 2.0, 3.0, -1.0, 1.0, 0.0267675300559, 1.94989986924, 0.0, 1.35954799763, 2.0, 2.0, 2.0, 0.992621074976, 0.0, 1.95084914483, 0.930730362152, -0.0678003061612, 1.0, -0.999512177091, 1.92705009204, -0.95212619801, 0.993056678104, 2.66002191442, 0.796422622678, -1.0, 2.95221848961, 0.758771777321, 1.0, 0.996922823431, 96096.0, 636, 99428.0
-0.000978770947159, -0.123910770384, -1.0, 1.0, 0.782363906784, 0.0, 1.98490314448, 2.0, 0.94050023213, 0.0157867871938, 0.0, 0.0, -1.0, 2.0, 0.0, -1.0, 0.0, 2.98425377872, 3.0, -0.990837176211, 0.0, -0.098384367865, 2.0, 3.0, -1.0, 1.0, 0.0267675300559, 1.94989986924, 0.0, 1.35954799763, 2.0, 2.0, 2.0, 0.992621074976, 0.0, 1.95084914483, 0.930730362152, -0.0678003061612, 1.0, -0.999512177091, 1.92705009204, -0.95212619801, 0.993056678104, 2.66002191442, 0.796422622678, -1.0, 2.95221848961, 0.758771777321, 1.0, 0.996922823431, 96096.0, 636, 99428.0
-0.000978770947159, -0.123910770384, -1.0, 1.0, 0.782363906784, 0.0, 1.98490314448, 2.0, 0.94050023213, 0.0157867871938, 0.0, 0.0, -1.0, 2.0, 0.0, -1.0, 0.0, 2.98425377872, 3.0, -0.990837176211, 0.0, -0.098384367865, 2.0, 3.0, -1.0, 1.0, 0.0267675300559, 1.94989986924, 0.0, 1.35954799763, 2.0, 2.0, 2.0, 0.992621074976, 0.0, 1.95084914483, 0.930730362152, -0.0678003061612, 1.0, -0.999512177091, 1.92705009204, -0.95212619801, 0.993056678104, 2.66002191442, 0.796422622678, -1.0, 2.95221848961, 0.758771777321, 1.0, 0.996922823431, 96096.0, 636, 99428.0
-0.000986614746387, -0.339508536373, 1.88641445063, 1.0, 0.782363906784, 0.0, 1.01068881255, 2.0, 2.99288538845, 0.0156710401263, 0.0, 0.0, -0.998403518636, 2.0, 0.0, 2.9651813573, 0.0100136929812, 2.9851002985, 3.0, -0.990679405924, 0.0, -0.102108685675, 1.74526160529, 3.0, 2.28049261124, 1.0, 0.0267675300559, 1.9598647672, 0.0, 1.35954799763, 2.0, 2.0, 1.99999871387, 0.992621074976, 0.0, 1.95084914483, 1.0077662249, -0.0606821297719, 1.0000003557, -0.999512177091, 1.92704935075, -0.91541463281, 0.993056678104, 2.97261210161, 0.798277794687, -0.767165475777, 2.9978917517, 0.758771777321, 1.00101661296, 1.00039750807, 95994.0, 680, 99391.0
0.0, -0.123910770384, -1.0, 1.0, 0.782363906784, 0.0, 1.98490314448, 2.0, 0.94050023213, 0.0157867871938, 0.0, 0.0, -1.0, 2.0, 0.0, -1.0, 0.0, 2.98425377872, 3.0, -0.990836303437, 0.0, -0.098384367865, 2.0, 3.0, -1.0, 1.0, 0.0267675300559, 1.94989986924, 0.0, 1.35954799763, 2.0, 2.0, 2.0, 0.992621074976, 0.0, 1.95084914483, 0.930734761219, -0.0678003061612, 1.0, -0.999512177091, 1.92705009204, -0.952245834411, 1.00297071895, 2.97444984316, 0.796532087928, -1.0, 2.95173343065, 0.758771777321, 1.0, 1.0, 96096.0, 636, 99428.0
-0.000978770947159, -0.124531585146, 1.80279078881, 1.0, 0.782363906784, 0.0, 1.98270181289, 2.0, 0.94050023213, 0.0157867871938, 0.0, 0.0, -1.0, 2.0, 0.24166443521, -1.0, 0.0, 2.98425377872, 3.0, -0.989119784551, 0.0, -0.098384367865, 2.0, 3.0, 2.47330514789, 1.0, 0.0267675300559, 1.94996996602, 0.0, 1.35954799763, 2.0, 2.0, 2.0, 0.992621074976, 0.0, 1.95084914483, 0.930730362152, -0.0677555939147, 1.0, -0.999512177091, 1.92705009204, -0.95212619801, 0.993056678104, 2.66002191442, 0.796423722205, -0.760386488523, 2.95235531667, 0.758771777321, 1.15086950888, 1.00051686927, 96011.0, 662, 99408.0
-0.000978770947159, -0.124531585146, 1.80279078881, 1.0, 0.782363906784, 0.0, 1.98270181289, 2.0, 0.94050023213, 0.0157867871938, 0.0, 0.0, -1.0, 2.0, 0.24166443521, -1.0, 0.0, 2.98425377872, 3.0, -0.989119784551, 0.0, -0.098384367865, 2.0, 3.0, 2.47330514789, 1.0, 0.0267675300559, 1.94996996602, 0.0, 1.35954799763, 2.0, 2.0, 2.0, 0.992621074976, 0.0, 1.95084914483, 0.930730362152, -0.0677555939147, 1.0, -0.999512177091, 1.92705009204, -0.95212619801, 0.993056678104, 2.66002191442, 0.796423722205, -0.760386488523, 2.95235531667, 0.758771777321, 1.15086950888, 1.00051686927, 96011.0, 662, 99408.0
-0.000978770947159, -0.124531585146, 1.80279078881, 1.0, 0.782363906784, 0.0, 1.98270181289, 2.0, 0.94050023213, 0.0157867871938, 0.0, 0.0, -1.0, 2.0, 0.24166443521, -1.0, 0.0, 2.98425377872, 3.0, -0.989119784551, 0.0, -0.098384367865, 2.0, 3.0, 2.47330514789, 1.0, 0.0267675300559, 1.94996996602, 0.0, 1.35954799763, 2.0, 2.0, 2.0, 0.992621074976, 0.0, 1.95084914483, 0.930730362152, -0.0677555939147, 1.0, -0.999512177091, 1.92705009204, -0.95212619801, 0.993056678104, 2.66002191442, 0.796423722205, -0.760386488523, 2.95235531667, 0.758771777321, 1.15086950888, 1.00051686927, 96011.0, 662, 99408.0
-0.000979191054806, -0.122201501021, 1.88615799835, 1.0, 0.782363906784, 0.0, 1.98270181289, 2.0, 0.94050023213, 0.0157871057109, 0.0, 0.0, -1.0, 2.0, 0.264917120644, -0.940436072567, 0.0, 2.98513201407, 3.0, -0.98912144972, 0.0, -0.0984321127882, 2.04627895548, 3.0, 2.47330514789, 1.0, 0.0267675300559, 1.94996996602, 0.0, 1.35954799763, 2.0, 2.0, 2.0, 0.992621074976, 0.0, 1.95084914483, 0.930730362152, -0.0677555939147, 1.0, -0.999512177091, 1.92705009204, -0.953497875031, 0.993056678104, 2.65370477655, 0.796418376625, -0.760386488523, 2.95235531667, 0.758771777321, 1.15887203086, 1.00051686927, 96011.0, 662, 99408.0
-0.000979191054806, -0.122201501021, 1.88615799835, 1.0, 0.782363906784, 0.0, 1.98270181289, 2.0, 0.94050023213, 0.0157871057109, 0.0, 0.0, -1.0, 2.0, 0.264917120644, -0.940436072567, 0.0, 2.98513201407, 3.0, -0.98912144972, 0.0, -0.0984321127882, 2.04627895548, 3.0, 2.47330514789, 1.0, 0.0267675300559, 1.94996996602, 0.0, 1.35954799763, 2.0, 2.0, 2.0, 0.992621074976, 0.0, 1.95084914483, 0.930730362152, -0.0677555939147, 1.0, -0.999512177091, 1.92705009204, -0.953497875031, 0.993056678104, 2.65370477655, 0.796418376625, -0.760386488523, 2.95235531667, 0.758771777321, 1.15887203086, 1.00051686927, 96011.0, 662, 99408.0
-0.000978770947159, -0.122267242984, 1.80279078881, 1.0, 0.782363906784, 0.0, 1.98270181289, 2.0, 0.94050023213, 0.0157867871938, 0.0, 0.0, -1.0, 2.0, 0.24166443521, -1.0, 0.0, 2.98425377872, 3.0, -0.989121513285, 0.0, -0.0983841326658, 2.0, 3.0, 2.47330514789, 1.0, 0.0267675300559, 1.94996996602, 0.0, 1.35954799763, 2.0, 2.0, 2.0, 0.992621074976, 0.0, 1.95084914483, 0.930730362152, -0.0677555939147, 1.0, -0.999512177091, 1.92705009204, -0.952250797145, 0.993056678104, 2.66015873795, 0.796423722205, -0.760386488523, 2.95235531667, 0.758771777321, 1.15050081115, 1.00051686927, 96011.0, 662, 99408.0
-0.000978770947159, -0.122267242984, 1.80279078881, 1.0, 0.782363906784, 0.0, 1.98270181289, 2.0, 0.94050023213, 0.0157867871938, 0.0, 0.0, -1.0, 2.0, 0.24166443521, -1.0, 0.0, 2.98425377872, 3.0, -0.989121513285, 0.0, -0.0983841326658, 2.0, 3.0, 2.47330514789, 1.0, 0.0267675300559, 1.94996996602, 0.0, 1.35954799763, 2.0, 2.0, 2.0, 0.992621074976, 0.0, 1.95084914483, 0.930730362152, -0.0677555939147, 1.0, -0.999512177091, 1.92705009204, -0.952250797145, 0.993056678104, 2.66015873795, 0.796423722205, -0.760386488523, 2.95235531667, 0.758771777321, 1.15050081115, 1.00051686927, 96011.0, 662, 99408.0
-0.000978770947159, -0.122267242984, 1.80279078881, 1.0, 0.782363906784, 0.0, 1.98270181289, 2.0, 0.94050023213, 0.0157867871938, 0.0, 0.0, -1.0, 2.0, 0.24166443521, -1.0, 0.0, 2.98425377872, 3.0, -0.989121513285, 0.0, -0.0983841326658, 2.0, 3.0, 2.47330514789, 1.0, 0.0267675300559, 1.94996996602, 0.0, 1.35954799763, 2.0, 2.0, 2.0, 0.992621074976, 0.0, 1.95084914483, 0.930730362152, -0.0677555939147, 1.0, -0.999512177091, 1.92705009204, -0.952250797145, 0.993056678104, 2.66015873795, 0.796423722205, -0.760386488523, 2.95235531667, 0.758771777321, 1.15050081115, 1.00051686927, 96011.0, 662, 99408.0
-0.000978770947159, -0.124531585146, 1.80279078881, 1.0, 0.782363906784, 0.0, 1.98270181289, 2.0, 0.94050023213, 0.0160751569749, 0.0, 0.0, -1.0, 2.0, 0.240482254095, -1.0, 2.0081295655, 2.98425377872, 3.0, -0.990774337151, 0.0, -0.098384367865, 2.0, 3.0, 2.46972589423, 1.0, 0.0267675300559, 1.94992767549, 0.0, 1.35954799763, 2.0, 2.0, 2.18455126501, 0.992621074976, 0.0, 1.95084914483, 0.930730362152, -0.0678000677543, 1.00002609669, -0.427635865188, 1.92705009204, -0.91456585756, 0.993056678104, 2.66002191442, 0.796423722205, -0.999528707957, 2.95297118229, 0.758771777321, 1.15086950888, 1.00133258429, 95977.0, 678, 99399.0
-0.000978770947159, -0.124531585146, 1.80279078881, 1.0, 0.782363906784, 0.0, 1.98270181289, 2.0, 0.94050023213, 0.0160751569749, 0.0, 0.0, -1.0, 2.0, 0.240482254095, -1.0, 2.0081295655, 2.98425377872, 3.0, -0.990774337151, 0.0, -0.098384367865, 2.0, 3.0, 2.46972589423, 1.0, 0.0267675300559, 1.94992767549, 0.0, 1.35954799763, 2.0, 2.0, 2.18455126501, 0.992621074976, 0.0, 1.95084914483, 0.930730362152, -0.0678000677543, 1.00002609669, -0.427635865188, 1.92705009204, -0.91456585756, 0.993056678104, 2.66002191442, 0.796423722205, -0.999528707957, 2.95297118229, 0.758771777321, 1.15086950888, 1.00133258429, 95977.0, 678, 99399.0
-0.000978770947159, -0.124531585146, 1.80279078881, 1.0, 0.782363906784, 0.0, 1.98270181289, 2.0, 0.94050023213, 0.0160751569749, 0.0, 0.0, -1.0, 2.0, 0.240482254095, -1.0, 2.0081295655, 2.98425377872, 3.0, -0.990774337151, 0.0, -0.098384367865, 2.0, 3.0, 2.46972589423, 1.0, 0.0267675300559, 1.94992767549, 0.0, 1.35954799763, 2.0, 2.0, 2.18455126501, 0.992621074976, 0.0, 1.95084914483, 0.930730362152, -0.0678000677543, 1.00002609669, -0.427635865188, 1.92705009204, -0.91456585756, 0.993056678104, 2.66002191442, 0.796423722205, -0.999528707957, 2.95297118229, 0.758771777321, 1.15086950888, 1.00133258429, 95977.0, 678, 99399.0
-0.000979191054806, -0.122201501021, 1.88615799835, 1.0, 0.782363906784, 0.0, 1.98270181289, 2.0, 0.94050023213, 0.0157871057109, 0.0, 0.0, -1.0, 2.0, 0.264917120644, -0.940436072567, 0.0, 2.98513201407, 3.0, -0.98912144972, 0.0, -0.0984321127882, 2.04627895548, 3.0, 2.47330514789, 0.509584163889, 0.0267675300559, 1.94996996602, 0.0, 1.35954799763, 2.0, 2.0, 2.0, 0.992621074976, 0.0, 1.95084914483, 0.930730362152, -0.0677555939147, 1.0, -0.999512177091, 1.92705009204, -0.953497875031, 0.993056678104, 2.65370477655, 0.796418376625, -0.760386488523, 2.95235531667, 0.758771777321, 1.15887203086, 1.00051686927, 96011.0, 662, 99408.0
-0.000978770947159, -0.123910770384, -1.0, 1.0, 0.782363906784, 0.0, 1.98490314448, 2.0, 0.94050023213, 0.0157867871938, 0.0, 0.0, -1.0, 2.0, 0.0, -1.0, 0.0, 2.98425377872, 3.0, -0.990837176162, 0.0, -0.098384367865, 2.0, 3.0, -1.0, 1.0, 0.0267675300559, 1.94989986924, 0.0, 1.35954799763, 2.0, 2.0, 2.0, 0.992621074976, 0.0, 1.95084914483, 0.930694763472, -0.0678003061612, 1.0, -0.999512177091, 1.92705009204, -0.95212619801, 0.993056678104, 2.66002191442, 0.796526446546, -1.0, 2.95221848961, 0.758771777321, 1.0, 0.996922823431, 96096.0, 636, 99428.0
0.0, -0.123910770384, -1.0, 1.0, 0.782363906784, 0.0, 1.98775079432, 2.0, 0.94050023213, 0.0157867871938, 0.0, 0.0, -0.999986778711, 2.0, 0.0, 2.91936388941, 0.0, 2.9850897867, 3.0, -0.990275913176, 0.0, -0.101997338878, 2.0, 3.0, -1.0, 1.0, 0.0267675300559, 1.95979555964, 0.0, 1.35954799763, 2.0, 2.07859803672, 2.00000602727, 0.992621074976, 0.0, 1.95084914483, 0.931678071746, -0.0678003061612, 1.0, -0.999512177091, 1.92704934594, -0.915207387837, 0.993056678104, 2.96696073129, 0.798311697566, -0.998447944236, 2.95221848961, 0.758771777321, 1.0, 1.0, 96047.0, 654, 99411.0
0.0, -0.123910770384, -1.0, 1.0, 0.782363906784, 0.0, 1.98775079432, 2.0, 0.94050023213, 0.0157867871938, 0.0, 0.0, -0.999986778711, 2.0, 0.0, 2.91936388941, 0.0, 2.9850897867, 3.0, -0.990275913176, 0.0, -0.101997338878, 2.0, 3.0, -1.0, 1.0, 0.0267675300559, 1.95979555964, 0.0, 1.35954799763, 2.0, 2.07859803672, 2.00000602727, 0.992621074976, 0.0, 1.95084914483, 0.931678071746, -0.0678003061612, 1.0, -0.999512177091, 1.92704934594, -0.915207387837, 0.993056678104, 2.96696073129, 0.798311697566, -0.998447944236, 2.95221848961, 0.758771777321, 1.0, 1.0, 96047.0, 654, 99411.0
-0.000978770947159, -0.0696958224519, -0.9748151368, 1.0, 0.782363906784, 0.0, 1.98270181289, 2.0, 0.94050023213, 0.0157867871938, 0.0, 0.0, -1.0, 2.0, 0.24166443521, -1.0, 0.0, 2.98425377872, 3.0, -0.989121513285, 0.0, -0.0983841326658, 2.0, 3.0, 2.30836692773, 1.0, 0.0267675300559, 1.94990100378, 0.0, 1.35954799763, 2.0, 2.0, 2.0, 0.992621074976, 0.0, 1.95084914483, 0.930730362152, -0.0677555939147, 1.0, -0.999512177091, 1.92705009204, -0.952250797145, 0.992918032255, 2.9576892181, 0.796529565921, -0.753179113253, 2.95235531667, 0.758771777321, 1.15050081115, 1.00051686927, 96073.0, 648, 99421.0
-0.000986852566457, -0.123826950961, -0.934451122727, 1.0, 0.782363906784, 0.0, 1.987642174, 2.0, 0.932924353362, 0.0157867871938, 0.0, 0.0, -1.0, 2.0, 0.24166443521, -1.0, 0.0, 2.98425377872, 3.0, -0.990943915026, 0.0, -0.102290555923, 2.0, 3.0, 2.47330514789, 1.0, 0.0267675300559, 1.94996996602, 0.0, 1.35954799763, 2.0, 2.0, 1.99999679687, 0.992621074976, 0.0, 1.95084914483, 0.930730362152, 0.050452190653, 1.0, -0.999512177091, 1.92704933951, -0.915765467986, 0.993056678104, 2.66015873795, 0.796423829167, -0.759433737576, 2.99993038339, 0.758771777321, 1.15050081115, 1.00051686927, 96073.0, 648, 99421.0
-0.000978770947159, -0.124531585146, 1.80279078881, 1.0, 0.782363906784, 0.0, 1.98270181289, 2.0, 0.94050023213, 0.0160751569749, 0.0, 0.0, -1.0, 2.0, 0.240482254095, -1.0, 2.0081295655, 2.98425377872, 3.0, -0.990774337151, 0.0, -0.098384367865, 2.0, 3.0, 2.46972589423, 1.0, 0.0267675300559, 1.94992767549, 0.0, 1.35954799763, 2.0, 2.0, 2.18455126501, 0.992621074976, 0.0, 1.95084914483, 0.930730362152, -0.0678000677543, 1.00002609669, -0.427635865188, 1.92705009204, -0.91456585756, 0.993056678104, 2.66002191442, 0.796423722205, -0.999528707957, 2.9722011477, 0.758771777321, 1.15086950888, 1.00133258429, 95977.0, 678, 99399.0
-9.26523773333e-06, -0.122201501021, 2.11458466005, 1.0, 0.782363906784, 0.0, 1.98270548438, 2.0, 1.07011391615, 0.0157871057109, 0.0, 0.0, -1.0, 2.0, 0.247205788445, -0.937897364596, 0.0, 2.98513096107, 3.0, -0.98912144972, 0.0, -0.102019715616, 2.04627895548, 3.0, -0.999872675226, 1.0, 0.0267675300559, 1.94996996602, 0.0, 1.35954799763, 2.0, 2.0, 2.0, 0.992621074976, 0.0, 1.95084914483, 0.930730362152, -0.067801256136, 1.0, -0.999512177091, 1.92704934924, -0.953497875031, 0.993056678104, 2.97094319059, 0.796418376625, -0.760386488523, 2.95235790755, 0.758771777321, 1.15887203086, 1.00051686927, 96034.0, 650, 99415.0
-9.26523773333e-06, -0.122201501021, 2.11458466005, 1.0, 0.782363906784, 0.0, 1.98270548438, 2.0, 1.07011391615, 0.0157871057109, 0.0, 0.0, -1.0, 2.0, 0.247205788445, -0.937897364596, 0.0, 2.98513096107, 3.0, -0.98912144972, 0.0, -0.102019715616, 2.04627895548, 3.0, -0.999872675226, 1.0, 0.0267675300559, 1.94996996602, 0.0, 1.35954799763, 2.0, 2.0, 2.0, 0.992621074976, 0.0, 1.95084914483, 0.930730362152, -0.067801256136, 1.0, -0.999512177091, 1.92704934924, -0.953497875031, 0.993056678104, 2.97094319059, 0.796418376625, -0.760386488523, 2.95235790755, 0.758771777321, 1.15887203086, 1.00051686927, 96034.0, 650, 99415.0
-9.26523773333e-06, -0.122201501021, 2.11458466005, 1.0, 0.782363906784, 0.0, 1.98270548438, 2.0, 1.07011391615, 0.0157871057109, 0.0, 0.0, -1.0, 2.0, 0.247205788445, -0.937897364596, 0.0, 2.98513096107, 3.0, -0.98912144972, 0.0, -0.102019715616, 2.04627895548, 3.0, -0.999872675226, 1.0, 0.0267675300559, 1.94996996602, 0.0, 1.35954799763, 2.0, 2.0, 2.0, 0.992621074976, 0.0, 1.95084914483, 0.930730362152, -0.067801256136, 1.0, -0.999512177091, 1.92704934924, -0.953497875031, 0.993056678104, 2.97094319059, 0.796418376625, -0.760386488523, 2.95235790755, 0.758771777321, 1.15887203086, 1.00051686927, 96034.0, 650, 99415.0
-9.26523773333e-06, -0.122201501021, 2.11458466005, 1.0, 0.782363906784, 0.0, 1.98270548438, 2.0, 1.07011391615, 0.0157871057109, 0.0, 0.0, -1.0, 2.0, 0.247205788445, -0.937897364596, 0.0, 2.98513096107, 3.0, -0.98912144972, 0.0, -0.102019715616, 2.04627895548, 3.0, -0.999872675226, 1.0, 0.0267675300559, 1.94996996602, 0.0, 1.35954799763, 2.0, 2.0, 2.0, 0.992621074976, 0.0, 1.95084914483, 0.930730362152, -0.067801256136, 1.0, -0.999512177091, 1.92704934924, -0.953497875031, 0.993056678104, 2.97094319059, 0.796418376625, -0.760386488523, 2.95235790755, 0.758771777321, 1.15887203086, 1.00051686927, 96034.0, 650, 99415.0
-1.30543843681e-05, -0.122178879987, 2.11524465805, 1.03223100618, 0.782363906784, 0.0, 1.98270185756, 2.0, 1.06569951173, 0.0160734898774, 0.0, 0.0, -1.0, 2.0, 0.247205788445, -0.936479141592, -0.00553417974654, 2.98423375723, 3.0, -0.989114586842, 0.0, -0.0983931665682, 1.99838992158, 3.0, -0.980389475391, 1.0, 0.0267675300559, 1.94996996602, 0.0, 1.35954799763, 2.0, 2.0, 2.0, 0.992621074976, 0.0, 1.95084914483, 0.930730362152, -0.067801256136, 1.0, -0.999512177091, 1.92704934924, -0.953578320424, 0.993056678104, 2.97094319059, 0.796418234945, -0.999098507819, 2.95295840999, 0.758771777321, 1.15887203086, 1.00052584223, 96034.0, 650, 99415.0
-1.30543843681e-05, -0.122178879987, 2.11524465805, 1.03223100618, 0.782363906784, 0.0, 1.98270185756, 2.0, 1.06569951173, 0.0160734898774, 0.0, 0.0, -1.0, 2.0, 0.247205788445, -0.936479141592, -0.00553417974654, 2.98423375723, 3.0, -0.989114586842, 0.0, -0.0983931665682, 1.99838992158, 3.0, -0.980389475391, 1.0, 0.0267675300559, 1.94996996602, 0.0, 1.35954799763, 2.0, 2.0, 2.0, 0.992621074976, 0.0, 1.95084914483, 0.930730362152, -0.067801256136, 1.0, -0.999512177091, 1.92704934924, -0.953578320424, 0.993056678104, 2.97094319059, 0.796418234945, -0.999098507819, 2.95295840999, 0.758771777321, 1.15887203086, 1.00052584223, 96034.0, 650, 99415.0
-1.30543843681e-05, -0.122178879987, 2.11524465805, 1.03223100618, 0.782363906784, 0.0, 1.98270185756, 2.0, 1.06569951173, 0.0160734898774, 0.0, 0.0, -1.0, 2.0, 0.247205788445, -0.936479141592, -0.00553417974654, 2.98423375723, 3.0, -0.989114586842, 0.0, -0.0983931665682, 1.99838992158, 3.0, -0.980389475391, 1.0, 0.0267675300559, 1.94996996602, 0.0, 1.35954799763, 2.0, 2.0, 2.0, 0.992621074976, 0.0, 1.95084914483, 0.930730362152, -0.067801256136, 1.0, -0.999512177091, 1.92704934924, -0.953578320424, 0.993056678104, 2.97094319059, 0.796418234945, -0.999098507819, 2.95295840999, 0.758771777321, 1.15887203086, 1.00052584223, 96034.0, 650, 99415.0
-1.30543843681e-05, -0.122178879987, 2.11524465805, 1.03223100618, 0.782363906784, 0.0, 1.98270185756, 2.0, 1.06569951173, 0.0160734898774, 0.0, 0.0, -1.0, 2.0, 0.247205788445, -0.936479141592, -0.00553417974654, 2.98423375723, 3.0, -0.989114586842, 0.0, -0.0983931665682, 1.99838992158, 3.0, -0.980389475391, 1.0, 0.0267675300559, 1.94996996602, 0.0, 1.35954799763, 2.0, 2.0, 2.0, 0.992621074976, 0.0, 1.95084914483, 0.930730362152, -0.067801256136, 1.0, -0.999512177091, 1.92704934924, -0.953578320424, 0.993056678104, 2.97094319059, 0.796418234945, -0.999098507819, 2.95295840999, 0.758771777321, 1.15887203086, 1.00052584223, 96034.0, 650, 99415.0
-1.30543843681e-05, -0.122178879987, 2.11524465805, 1.03223100618, 0.782363906784, 0.0, 1.98270185756, 2.0, 1.06569951173, 0.0160734898774, 0.0, 0.0, -1.0, 2.0, 0.247205788445, -0.936479141592, -0.00553417974654, 2.98423375723, 3.0, -0.989114586842, 0.0, -0.0983931665682, 1.99838992158, 3.0, -0.980389475391, 1.0, 0.0267675300559, 1.94996996602, 0.0, 1.35954799763, 2.0, 2.0, 2.0, 0.992621074976, 0.0, 1.95084914483, 0.930730362152, -0.067801256136, 1.0, -0.999512177091, 1.92704934924, -0.953578320424, 0.993056678104, 2.97094319059, 0.796418234945, -0.999098507819, 2.95295840999, 0.758771777321, 1.15887203086, 1.00052584223, 96034.0, 650, 99415.0
-9.09330458538e-06, -0.122201374522, 2.11458466005, 1.03231285371, 0.782363906784, 0.0, 1.98270545326, 2.0, 1.07011391615, 0.0160863575879, 0.0, 0.0, -1.0, 2.0, 0.247205788445, -0.937897364596, 0.0, 2.98424311686, 3.0, -0.989121340011, 0.0, -0.102019715616, 2.0444976227, 3.0, -0.999872675226, 1.0, 0.0267675300559, 1.94996996602, 0.0, 1.35954799763, 2.0, 2.0, 2.0, 0.992621074976, 0.0, 1.95084914483, 0.930730362152, -0.067801256136, 1.0, -0.999767880523, 1.92704934924, -0.953497875031, 1.05989706734, 2.97094319059, 0.796418236649, -0.713168506168, 2.95235790755, 0.758771777321, 1.15887203086, 1.00051678587, 96034.0, 650, 99415.0
-9.09330458538e-06, -0.122201374522, 2.11458466005, 1.03231285371, 0.782363906784, 0.0, 1.98270545326, 2.0, 1.07011391615, 0.0160863575879, 0.0, 0.0, -1.0, 2.0, 0.247205788445, -0.937897364596, 0.0, 2.98424311686, 3.0, -0.989121340011, 0.0, -0.102019715616, 2.0444976227, 3.0, -0.999872675226, 1.0, 0.0267675300559, 1.94996996602, 0.0, 1.35954799763, 2.0, 2.0, 2.0, 0.992621074976, 0.0, 1.95084914483, 0.930730362152, -0.067801256136, 1.0, -0.999767880523, 1.92704934924, -0.953497875031, 1.05989706734, 2.97094319059, 0.796418236649, -0.713168506168, 2.95235790755, 0.758771777321, 1.15887203086, 1.00051678587, 96034.0, 650, 99415.0
-9.09330458538e-06, -0.122201374522, 2.11458466005, 1.03231285371, 0.782363906784, 0.0, 1.98270545326, 2.0, 1.07011391615, 0.0160863575879, 0.0, 0.0, -1.0, 2.0, 0.247205788445, -0.937897364596, 0.0, 2.98424311686, 3.0, -0.989121340011, 0.0, -0.102019715616, 2.0444976227, 3.0, -0.999872675226, 1.0, 0.0267675300559, 1.94996996602, 0.0, 1.35954799763, 2.0, 2.0, 2.0, 0.992621074976, 0.0, 1.95084914483, 0.930730362152, -0.067801256136, 1.0, -0.999767880523, 1.92704934924, -0.953497875031, 1.05989706734, 2.97094319059, 0.796418236649, -0.713168506168, 2.95235790755, 0.758771777321, 1.15887203086, 1.00051678587, 96034.0, 650, 99415.0
-9.09330458538e-06, -0.122201374522, 2.11458466005, 1.03231285371, 0.782363906784, 0.0, 1.98270545326, 2.0, 1.07011391615, 0.0160863575879, 0.0, 0.0, -1.0, 2.0, 0.247205788445, -0.937897364596, 0.0, 2.98424311686, 3.0, -0.989121340011, 0.0, -0.102019715616, 2.0444976227, 3.0, -0.999872675226, 1.0, 0.0267675300559, 1.94996996602, 0.0, 1.35954799763, 2.0, 2.0, 2.0, 0.992621074976, 0.0, 1.95084914483, 0.930730362152, -0.067801256136, 1.0, -0.999767880523, 1.92704934924, -0.953497875031, 1.05989706734, 2.97094319059, 0.796418236649, -0.713168506168, 2.95235790755, 0.758771777321, 1.15887203086, 1.00051678587, 96034.0, 650, 99415.0
-9.09330458538e-06, -0.122201374522, 2.11458466005, 1.03231285371, 0.782363906784, 0.0, 1.98270545326, 2.0, 1.07011391615, 0.0160863575879, 0.0, 0.0, -1.0, 2.0, 0.247205788445, -0.937897364596, 0.0, 2.98424311686, 3.0, -0.989121340011, 0.0, -0.102019715616, 2.0444976227, 3.0, -0.999872675226, 1.0, 0.0267675300559, 1.94996996602, 0.0, 1.35954799763, 2.0, 2.0, 2.0, 0.992621074976, 0.0, 1.95084914483, 0.930730362152, -0.067801256136, 1.0, -0.999767880523, 1.92704934924, -0.953497875031, 1.05989706734, 2.97094319059, 0.796418236649, -0.713168506168, 2.95235790755, 0.758771777321, 1.15887203086, 1.00051678587, 96034.0, 650, 99415.0
-0.000979191054806, -0.122201501021, 1.88615799835, 1.0, 0.782363906784, 0.0, 1.98270181289, 2.0, 1.06832225955, 0.0157871057109, 0.0, 0.0, -1.0, 2.0, 0.264917120644, -0.940436072567, 0.0, 2.98513201407, 3.0, -0.98912144972, 0.0, -0.102029050962, 2.04627895548, 3.0, -0.979065488139, 1.0, 0.0267675300559, 1.94996996602, 0.0, 1.36125408428, 2.0, 2.0, 2.0, 0.992621074976, 0.0, 1.95084914483, 0.930730362152, -0.0677568419365, 1.0, -0.999512177091, 1.92705005347, -0.953497875031, 0.993056678104, 2.65204791887, 0.796418376625, -0.760386488523, 2.95235773344, 0.758771777321, 1.15887203086, 1.00051686927, 96034.0, 650, 99415.0
-0.000979191054806, -0.122201501021, 1.88615799835, 1.0, 0.782363906784, 0.0, 1.98270181289, 2.0, 1.06832225955, 0.0157871057109, 0.0, 0.0, -1.0, 2.0, 0.264917120644, -0.940436072567, 0.0, 2.98513201407, 3.0, -0.98912144972, 0.0, -0.102029050962, 2.04627895548, 3.0, -0.979065488139, 1.0, 0.0267675300559, 1.94996996602, 0.0, 1.36125408428, 2.0, 2.0, 2.0, 0.992621074976, 0.0, 1.95084914483, 0.930730362152, -0.0677568419365, 1.0, -0.999512177091, 1.92705005347, -0.953497875031, 0.993056678104, 2.65204791887, 0.796418376625, -0.760386488523, 2.95235773344, 0.758771777321, 1.15887203086, 1.00051686927, 96034.0, 650, 99415.0
-9.09330458538e-06, -0.122201374522, 2.11458466005, 1.03231285371, 0.782363906784, 0.0, 1.98270545326, 2.0, 1.07011391615, 0.0160863575879, 0.0, 0.0, -1.0, 2.0, 0.247205788445, -0.937897364596, 0.0, 2.98424311686, 3.0, -0.989121340011, 0.0, -0.102019715616, 2.0444976227, 3.0, -0.999872675226, 1.0, 0.0267675300559, 1.94996996602, 0.0, 1.35954799763, 2.0, 2.0, 2.0, 0.992621074976, 0.0, 1.95084914483, 0.930730362152, -0.067801256136, 1.0, -0.999767880523, 1.92704934924, -0.953497875031, 1.05989706734, 2.97094319059, 0.796418236649, -0.713168506168, 2.95235790755, 0.758771777321, 1.15887203086, 1.00051678587, 96034.0, 650, 99415.0
8.71236460822e-06, -0.12218846641, 2.11458466005, 1.03362400137, 0.782363906784, 0.0, 1.98270181863, 2.0, 1.07011391615, 0.0160863575879, 0.0, 0.0, -1.0, 2.0, 0.247205788445, -0.937897364596, 0.0, 2.98424311686, 3.0, -0.989121340011, 0.0, -0.0984287694695, 2.0444976227, 3.0, -0.999872675226, 1.0, 0.0267675300559, 1.94996996602, 0.0, 1.35954799763, 2.0, 2.0, 2.18771027821, 1.05145459797, 0.0, 1.95084914483, 0.930730362152, -0.067801256136, 1.0, -0.999767880523, 1.92704935726, -0.953497875031, 1.05989706734, 2.66350830465, 0.796418236649, -0.713168506168, 2.95235790755, 0.758771777321, 1.1585814171, 1.00051678587, 96034.0, 650, 99415.0
-0.000979191054806, -0.122201501021, 1.88983451481, 1.0, 0.954793925158, 0.0, 1.98270181289, 2.0, 0.94050023213, 0.0157871057109, 0.0, 0.0, -1.0, 2.0, 0.247185274588, -0.940436072567, 0.0, 2.9842569034, 2.17706641074, -0.98912144972, 0.0, -0.0984321127882, 2.04627895548, 3.0, 2.47330514789, 0.509584163889, 0.0267675300559, 1.94996996602, 0.0, 1.35954799763, 2.0, 2.0, 2.0, 0.992621074976, 0.0, 1.95084914483, 0.930730362152, -0.0677559233577, 1.0, -0.999512177091, 1.92705009204, -0.953497875031, 0.993056678104, 2.65770167142, 0.796418391107, -0.760386488523, 2.95235531667, 0.758771777321, 1.15887203086, 1.00051686927, 95984.0, 662, 99408.0
-0.000979191054806, -0.122201501021, 1.88983451481, 1.0, 0.954793925158, 0.0, 1.98270181289, 2.0, 0.94050023213, 0.0157871057109, 0.0, 0.0, -1.0, 2.0, 0.247185274588, -0.940436072567, 0.0, 2.9842569034, 2.17706641074, -0.98912144972, 0.0, -0.0984321127882, 2.04627895548, 3.0, 2.47330514789, 0.509584163889, 0.0267675300559, 1.94996996602, 0.0, 1.35954799763, 2.0, 2.0, 2.0, 0.992621074976, 0.0, 1.95084914483, 0.930730362152, -0.0677559233577, 1.0, -0.999512177091, 1.92705009204, -0.953497875031, 0.993056678104, 2.65770167142, 0.796418391107, -0.760386488523, 2.95235531667, 0.758771777321, 1.15887203086, 1.00051686927, 95984.0, 662, 99408.0
-0.000979191054806, -0.122201501021, 1.88983451481, 1.0, 0.954793925158, 0.0, 1.98270181289, 2.0, 0.94050023213, 0.0157871057109, 0.0, 0.0, -1.0, 2.0, 0.247185274588, -0.940436072567, 0.0, 2.9842569034, 2.17706641074, -0.98912144972, 0.0, -0.0984321127882, 2.04627895548, 3.0, 2.47330514789, 0.509584163889, 0.0267675300559, 1.94996996602, 0.0, 1.35954799763, 2.0, 2.0, 2.0, 0.992621074976, 0.0, 1.95084914483, 0.930730362152, -0.0677559233577, 1.0, -0.999512177091, 1.92705009204, -0.953497875031, 0.993056678104, 2.65770167142, 0.796418391107, -0.760386488523, 2.95235531667, 0.758771777321, 1.15887203086, 1.00051686927, 95984.0, 662, 99408.0
-0.000979191054806, -0.122201501021, 1.88983451481, 1.0, 0.954793925158, 0.0, 1.98270181289, 2.0, 0.94050023213, 0.0157871057109, 0.0, 0.0, -1.0, 2.0, 0.247185274588, -0.940436072567, 0.0, 2.9842569034, 2.17706641074, -0.98912144972, 0.0, -0.0984321127882, 2.04627895548, 3.0, 2.47330514789, 0.509584163889, 0.0267675300559, 1.94996996602, 0.0, 1.35954799763, 2.0, 2.0, 2.0, 0.992621074976, 0.0, 1.95084914483, 0.930730362152, -0.0677559233577, 1.0, -0.999512177091, 1.92705009204, -0.953497875031, 0.993056678104, 2.65770167142, 0.796418391107, -0.760386488523, 2.95235531667, 0.758771777321, 1.15887203086, 1.00051686927, 95984.0, 662, 99408.0
-0.000978894322901, -0.124550242708, 1.81709022126, 1.0, 0.782363906784, 0.0, 1.98591855669, 2.0, 2.87207075253, 0.0159234289058, 0.0, 0.0, -0.987205217597, 2.0, 0.244045411678, 2.98706608487, 1.98668273761, 2.9851002985, 3.0, -0.990682750628, 0.0, -0.102012182951, 2.04406652821, 3.0, 2.47160936479, 1.0, 0.0267675300559, 1.94990931627, 0.0, 1.35954799763, 2.0, 2.0, 2.17643020795, 0.992621074976, 0.0, 1.95084914483, 1.0065424044, -0.0678003061612, 1.00002626413, -0.421149818866, 1.92705012296, -0.91541463281, 0.993056678104, 2.97261210161, 0.798284679085, -0.999993733563, 2.95324115825, 0.758771777321, 1.13322423197, 1.06390136486, 95974.0, 696, 99382.0
-9.26523773333e-06, -0.122201501021, 2.11458466005, 1.0, 0.78322980057, 0.0, 1.98270548438, 2.0, 1.0739358849, 0.0157871057109, 0.0, 0.0, -1.0, 2.0, 0.247205192749, -0.937897364596, 0.0, 2.98781346803, 2.16723117037, -0.98912144972, 0.0, -0.102019715616, 2.04627895548, 3.0, 2.49237219788, 0.998295158377, 0.0267675300559, 1.94996996602, 0.0, 1.35954799763, 2.0, 2.0, 2.0, 0.992621074976, 0.0, 1.95084914483, 0.861495599341, -0.0678015154533, 1.0, -0.999512177091, 1.92705008983, -0.953497875031, 0.993056678104, 2.6473907865, 0.796418376625, -0.760386488523, 2.95235522851, 0.758771777321, 1.15887203086, 1.00051686927, 95984.0, 662, 99408.0
-9.26523773333e-06, -0.122201501021, 2.11458466005, 1.0, 0.78322980057, 0.0, 1.98270548438, 2.0, 1.0739358849, 0.0157871057109, 0.0, 0.0, -1.0, 2.0, 0.247205192749, -0.937897364596, 0.0, 2.98781346803, 2.16723117037, -0.98912144972, 0.0, -0.102019715616, 2.04627895548, 3.0, 2.49237219788, 0.998295158377, 0.0267675300559, 1.94996996602, 0.0, 1.35954799763, 2.0, 2.0, 2.0, 0.992621074976, 0.0, 1.95084914483, 0.861495599341, -0.0678015154533, 1.0, -0.999512177091, 1.92705008983, -0.953497875031, 0.993056678104, 2.6473907865, 0.796418376625, -0.760386488523, 2.95235522851, 0.758771777321, 1.15887203086, 1.00051686927, 95984.0, 662, 99408.0
-9.26523773333e-06, -0.122201501021, 2.11458466005, 1.0, 0.78322980057, 0.0, 1.98270548438, 2.0, 1.0739358849, 0.0157871057109, 0.0, 0.0, -1.0, 2.0, 0.247205192749, -0.937897364596, 0.0, 2.98781346803, 2.16723117037, -0.98912144972, 0.0, -0.102019715616, 2.04627895548, 3.0, 2.49237219788, 0.998295158377, 0.0267675300559, 1.94996996602, 0.0, 1.35954799763, 2.0, 2.0, 2.0, 0.992621074976, 0.0, 1.95084914483, 0.861495599341, -0.0678015154533, 1.0, -0.999512177091, 1.92705008983, -0.953497875031, 0.993056678104, 2.6473907865, 0.796418376625, -0.760386488523, 2.95235522851, 0.758771777321, 1.15887203086, 1.00051686927, 95984.0, 662, 99408.0
-9.26523773333e-06, -0.122201501021, 2.11458466005, 1.0, 0.78322980057, 0.0, 1.98270548438, 2.0, 1.0739358849, 0.0157871057109, 0.0, 0.0, -1.0, 2.0, 0.247205192749, -0.937897364596, 0.0, 2.98781346803, 2.16723117037, -0.98912144972, 0.0, -0.102019715616, 2.04627895548, 3.0, 2.49237219788, 0.998295158377, 0.0267675300559, 1.94996996602, 0.0, 1.35954799763, 2.0, 2.0, 2.0, 0.992621074976, 0.0, 1.95084914483, 0.861495599341, -0.0678015154533, 1.0, -0.999512177091, 1.92705008983, -0.953497875031, 0.993056678104, 2.6473907865, 0.796418376625, -0.760386488523, 2.95235522851, 0.758771777321, 1.15887203086, 1.00051686927, 95984.0, 662, 99408.0
-9.26523773333e-06, -0.122201501021, 2.11458466005, 1.0, 0.78322980057, 0.0, 1.98270548438, 2.0, 1.0739358849, 0.0157871057109, 0.0, 0.0, -1.0, 2.0, 0.247205192749, -0.937897364596, 0.0, 2.98781346803, 2.16723117037, -0.98912144972, 0.0, -0.102019715616, 2.04627895548, 3.0, 2.49237219788, 0.998295158377, 0.0267675300559, 1.94996996602, 0.0, 1.35954799763, 2.0, 2.0, 2.0, 0.992621074976, 0.0, 1.95084914483, 0.861495599341, -0.0678015154533, 1.0, -0.999512177091, 1.92705008983, -0.953497875031, 0.993056678104, 2.6473907865, 0.796418376625, -0.760386488523, 2.95235522851, 0.758771777321, 1.15887203086, 1.00051686927, 95984.0, 662, 99408.0
-9.26523773333e-06, -0.122201501021, 2.11458466005, 1.0, 0.78322980057, 0.0, 1.98270548438, 2.0, 1.0739358849, 0.0157871057109, 0.0, 0.0, -1.0, 2.0, 0.247205192749, -0.937897364596, 0.0, 2.98781346803, 2.16723117037, -0.98912144972, 0.0, -0.102019715616, 2.04627895548, 3.0, 2.49237219788, 0.998295158377, 0.0267675300559, 1.94996996602, 0.0, 1.35954799763, 2.0, 2.0, 2.0, 0.992621074976, 0.0, 1.95084914483, 0.861495599341, -0.0678015154533, 1.0, -0.999512177091, 1.92705008983, -0.953497875031, 0.993056678104, 2.6473907865, 0.796418376625, -0.760386488523, 2.95235522851, 0.758771777321, 1.15887203086, 1.00051686927, 95984.0, 662, 99408.0
-0.000986614746387, -0.122316605279, 1.81685257034, 1.0, 0.782363906784, 0.0, 0.997801032937, 2.0, 2.99288538845, 0.0160939213584, 0.0, 0.0, -0.987116025362, 2.0, 0.240684899199, 2.9651813573, 1.98733020298, 2.9851002985, 3.0, -0.989996427431, 0.0, -0.0982962454552, 2.04628635815, 3.0, 2.47126283954, 1.0, 0.0267675300559, 1.95963700071, 0.0, 1.35954799763, 2.12409881956, 2.0, 1.99976557509, 0.992621074976, 0.0, 1.95084914483, 1.0065424044, -0.0678000663862, 1.00002626534, -0.421173037743, 1.92704935075, -0.91541463281, 0.993056678104, 2.65159058339, 0.795821957046, -0.999997404445, 2.95200485513, 0.758771777321, 0.951442542122, 1.06548679826, 95960.0, 696, 99382.0
-0.000986614746387, -0.122316605279, 1.81685257034, 1.0, 0.782363906784, 0.0, 0.997801032937, 2.0, 2.99288538845, 0.0160939213584, 0.0, 0.0, -0.987116025362, 2.0, 0.240684899199, 2.9651813573, 1.98733020298, 2.9851002985, 3.0, -0.989996427431, 0.0, -0.0982962454552, 2.04628635815, 3.0, 2.47126283954, 1.0, 0.0267675300559, 1.95963700071, 0.0, 1.35954799763, 2.12409881956, 2.0, 1.99976557509, 0.992621074976, 0.0, 1.95084914483, 1.0065424044, -0.0678000663862, 1.00002626534, -0.421173037743, 1.92704935075, -0.91541463281, 0.993056678104, 2.65159058339, 0.795821957046, -0.999997404445, 2.95200485513, 0.758771777321, 0.951442542122, 1.06548679826, 95960.0, 696, 99382.0
-0.000979191054806, -0.122201501021, 1.88983451481, 1.0, 0.954793925158, 0.0, 1.98270181289, 2.0, 0.94050023213, 0.0157871057109, 0.0, 0.0, -1.0, 2.0, 0.247185274588, -0.940436072567, 0.0, 2.98509299317, 1.96399224758, -0.98912144972, 0.0, -0.0984321127882, 2.04627895548, 3.0, 2.47330514789, 1.00326510095, 0.0267675300559, 1.94996996602, 0.0, 1.35954799763, 2.0, 2.0, 2.0, 0.992621074976, 0.0568726041653, 1.95084914483, 0.930730362152, -0.430739150695, 1.0, -0.999512177091, 1.92705009204, -0.953497875031, 0.993056678104, 2.6537589629, 0.796418391107, -0.760386488523, 2.95235531667, 0.758771777321, 1.15887203086, 1.00051686927, 95984.0, 662, 99408.0
-9.26523773333e-06, -0.122201501021, 2.11458466005, 1.0, 0.782355989163, 0.0, 1.98773240245, 2.0, 0.934334280914, 0.0157871107546, 0.0, 0.0, -1.0, 2.0, 0.247205192749, -0.937897364596, 0.0, 2.98781346803, 2.16723117037, -0.989005024674, 0.0, -0.102012723598, 2.04627895548, 3.0, 2.492334198, 0.99829675851, 0.0267675300559, 1.94996996602, 0.0, 1.35954799763, 2.0, 2.0, 2.00000005001, 0.992621074976, 0.0, 1.95084914483, 0.861968519026, -0.0663723688777, 1.0, -0.999512177091, 1.92704934805, -0.953497875031, 0.993056678104, 2.6473907865, 0.796418376625, -0.760381721926, 2.95181197768, 0.758771777321, 1.15013813824, 1.00051686927, 95984.0, 662, 99408.0
-9.26523773333e-06, -0.122201501021, 2.11458466005, 1.0, 0.782355989163, 0.0, 1.98773240245, 2.0, 0.934334280914, 0.0157871107546, 0.0, 0.0, -1.0, 2.0, 0.247205192749, -0.937897364596, 0.0, 2.98781346803, 2.16723117037, -0.989005024674, 0.0, -0.102012723598, 2.04627895548, 3.0, 2.492334198, 0.99829675851, 0.0267675300559, 1.94996996602, 0.0, 1.35954799763, 2.0, 2.0, 2.00000005001, 0.992621074976, 0.0, 1.95084914483, 0.861968519026, -0.0663723688777, 1.0, -0.999512177091, 1.92704934805, -0.953497875031, 0.993056678104, 2.6473907865, 0.796418376625, -0.760381721926, 2.95181197768, 0.758771777321, 1.15013813824, 1.00051686927, 95984.0, 662, 99408.0
-9.26523773333e-06, -0.122201501021, 2.11458466005, 1.0, 0.782355989163, 0.0, 1.98773240245, 2.0, 0.934334280914, 0.0157871107546, 0.0, 0.0, -1.0, 2.0, 0.247205192749, -0.937897364596, 0.0, 2.98781346803, 2.16723117037, -0.989005024674, 0.0, -0.102012723598, 2.04627895548, 3.0, 2.492334198, 0.99829675851, 0.0267675300559, 1.94996996602, 0.0, 1.35954799763, 2.0, 2.0, 2.00000005001, 0.992621074976, 0.0, 1.95084914483, 0.861968519026, -0.0663723688777, 1.0, -0.999512177091, 1.92704934805, -0.953497875031, 0.993056678104, 2.6473907865, 0.796418376625, -0.760381721926, 2.95181197768, 0.758771777321, 1.15013813824, 1.00051686927, 95984.0, 662, 99408.0
-0.000979191054806, -0.122201501021, 1.88983451481, 1.0, 0.954793925158, 0.0, 1.98270549411, 2.0, 0.937216754855, 0.0157871057109, 0.0, 0.0, -1.0, 2.0, 0.247185274588, -0.940461862759, 0.0, 2.98430307186, 2.17649965714, -0.98912144972, 0.0, -0.0984321127882, 2.04627895548, 3.0, 2.49257044279, 1.00438453177, 0.0267675300559, 2.11543007463, 0.0, 1.35954799763, 2.0, 2.0, 2.0, 0.992621074976, 0.0, 1.95084914483, 0.930730362152, -0.067756675857, 1.0, -0.999512177091, 1.9270500898, -0.953497875031, 0.993056678104, 2.64743100972, 0.796418391387, -0.760386488523, 2.95235522897, 0.758771777321, 1.15887203086, 1.00051686927, 95984.0, 662, 99408.0
-0.00101768660578, -0.122225556878, 1.80792116864, 1.0, 0.782355989163, 0.0, 1.98773240245, 2.0, 0.95515172119, 0.0157871107546, 0.0, 0.0, -0.986916277767, 2.0, 0.247205192749, 2.94347493781, 1.99296593714, 2.98781346803, 2.98885008333, -0.989005024674, 0.0, -0.102012176797, 2.04628660042, 3.0, 2.492334198, 1.00000590147, 0.0267675300559, 1.94986951966, 0.0, 1.35954799763, 2.12070418212, 2.0, 1.99976784809, 0.992621074976, 0.0, 1.95084914483, 0.861968519026, -0.0677793306184, 1.00002625168, -0.441042895366, 1.92704934805, -0.953497875031, 0.993056678104, 2.6473907865, 0.798290743597, -0.762612690689, 2.95181197768, 0.758771777321, 1.14996775813, 1.00051686927, 95928.0, 696, 99382.0
-0.00101768660578, -0.122225556878, 1.80792116864, 1.0, 0.782355989163, 0.0, 1.98773240245, 2.0, 0.95515172119, 0.0157871107546, 0.0, 0.0, -0.986916277767, 2.0, 0.247205192749, 2.94347493781, 1.99296593714, 2.98781346803, 2.98885008333, -0.989005024674, 0.0, -0.102012176797, 2.04628660042, 3.0, 2.492334198, 1.00000590147, 0.0267675300559, 1.94986951966, 0.0, 1.35954799763, 2.12070418212, 2.0, 1.99976784809, 0.992621074976, 0.0, 1.95084914483, 0.861968519026, -0.0677793306184, 1.00002625168, -0.441042895366, 1.92704934805, -0.953497875031, 0.993056678104, 2.6473907865, 0.798290743597, -0.762612690689, 2.95181197768, 0.758771777321, 1.14996775813, 1.00051686927, 95928.0, 696, 99382.0
-0.00101768660578, -0.122225556878, 1.80792116864, 1.0, 0.782355989163, 0.0, 1.98773240245, 2.0, 0.95515172119, 0.0157871107546, 0.0, 0.0, -0.986916277767, 2.0, 0.247205192749, 2.94347493781, 1.99296593714, 2.98781346803, 2.98885008333, -0.989005024674, 0.0, -0.102012176797, 2.04628660042, 3.0, 2.492334198, 1.00000590147, 0.0267675300559, 1.94986951966, 0.0, 1.35954799763, 2.12070418212, 2.0, 1.99976784809, 0.992621074976, 0.0, 1.95084914483, 0.861968519026, -0.0677793306184, 1.00002625168, -0.441042895366, 1.92704934805, -0.953497875031, 0.993056678104, 2.6473907865, 0.798290743597, -0.762612690689, 2.95181197768, 0.758771777321, 1.14996775813, 1.00051686927, 95928.0, 696, 99382.0
-0.00101768660578, -0.122225556878, 1.80792116864, 1.0, 0.782355989163, 0.0, 1.98773240245, 2.0, 0.95515172119, 0.0157871107546, 0.0, 0.0, -0.986916277767, 2.0, 0.247205192749, 2.94347493781, 1.99296593714, 2.98781346803, 2.98885008333, -0.989005024674, 0.0, -0.102012176797, 2.04628660042, 3.0, 2.492334198, 1.00000590147, 0.0267675300559, 1.94986951966, 0.0, 1.35954799763, 2.12070418212, 2.0, 1.99976784809, 0.992621074976, 0.0, 1.95084914483, 0.861968519026, -0.0677793306184, 1.00002625168, -0.441042895366, 1.92704934805, -0.953497875031, 0.993056678104, 2.6473907865, 0.798290743597, -0.762612690689, 2.95181197768, 0.758771777321, 1.14996775813, 1.00051686927, 95928.0, 696, 99382.0
-0.00101768660578, -0.122225556878, 1.80792116864, 1.0, 0.782355989163, 0.0, 1.98773240245, 2.0, 0.95515172119, 0.0157871107546, 0.0, 0.0, -0.986916277767, 2.0, 0.247205192749, 2.94347493781, 1.99296593714, 2.98781346803, 2.98885008333, -0.989005024674, 0.0, -0.102012176797, 2.04628660042, 3.0, 2.492334198, 1.00000590147, 0.0267675300559, 1.94986951966, 0.0, 1.35954799763, 2.12070418212, 2.0, 1.99976784809, 0.992621074976, 0.0, 1.95084914483, 0.861968519026, -0.0677793306184, 1.00002625168, -0.441042895366, 1.92704934805, -0.953497875031, 0.993056678104, 2.6473907865, 0.798290743597, -0.762612690689, 2.95181197768, 0.758771777321, 1.14996775813, 1.00051686927, 95928.0, 696, 99382.0
-0.00101768660578, -0.122225556878, 1.80792116864, 1.0, 0.782355989163, 0.0, 1.98773240245, 2.0, 0.95515172119, 0.0157871107546, 0.0, 0.0, -0.986916277767, 2.0, 0.247205192749, 2.94347493781, 1.99296593714, 2.98781346803, 2.98885008333, -0.989005024674, 0.0, -0.102012176797, 2.04628660042, 3.0, 2.492334198, 1.00000590147, 0.0267675300559, 1.94986951966, 0.0, 1.35954799763, 2.12070418212, 2.0, 1.99976784809, 0.992621074976, 0.0, 1.95084914483, 0.861968519026, -0.0677793306184, 1.00002625168, -0.441042895366, 1.92704934805, -0.953497875031, 0.993056678104, 2.6473907865, 0.798290743597, -0.762612690689, 2.95181197768, 0.758771777321, 1.14996775813, 1.00051686927, 95928.0, 696, 99382.0
-0.00101768660578, -0.122225556878, 1.80792116864, 1.0, 0.782355989163, 0.0, 1.98773240245, 2.0, 0.95515172119, 0.0157871107546, 0.0, 0.0, -0.986916277767, 2.0, 0.247205192749, 2.94347493781, 1.99296593714, 2.98781346803, 2.98885008333, -0.989005024674, 0.0, -0.102012176797, 2.04628660042, 3.0, 2.492334198, 1.00000590147, 0.0267675300559, 1.94986951966, 0.0, 1.35954799763, 2.12070418212, 2.0, 1.99976784809, 0.992621074976, 0.0, 1.95084914483, 0.861968519026, -0.0677793306184, 1.00002625168, -0.441042895366, 1.92704934805, -0.953497875031, 0.993056678104, 2.6473907865, 0.798290743597, -0.762612690689, 2.95181197768, 0.758771777321, 1.14996775813, 1.00051686927, 95928.0, 696, 99382.0
-0.00101768660578, -0.122225556878, 1.80792116864, 1.0, 0.782355989163, 0.0, 1.98773240245, 2.0, 0.95515172119, 0.0157871107546, 0.0, 0.0, -0.986916277767, 2.0, 0.247205192749, 2.94347493781, 1.99296593714, 2.98781346803, 2.98885008333, -0.989005024674, 0.0, -0.102012176797, 2.04628660042, 3.0, 2.492334198, 1.00000590147, 0.0267675300559, 1.94986951966, 0.0, 1.35954799763, 2.12070418212, 2.0, 1.99976784809, 0.992621074976, 0.0, 1.95084914483, 0.861968519026, -0.0677793306184, 1.00002625168, -0.441042895366, 1.92704934805, -0.953497875031, 0.993056678104, 2.6473907865, 0.798290743597, -0.762612690689, 2.95181197768, 0.758771777321, 1.14996775813, 1.00051686927, 95928.0, 696, 99382.0
-0.00101768660578, -0.122225556878, 1.80792116864, 1.0, 0.782355989163, 0.0, 1.98773240245, 2.0, 0.95515172119, 0.0157871107546, 0.0, 0.0, -0.986916277767, 2.0, 0.247205192749, 2.94347493781, 1.99296593714, 2.98781346803, 2.98885008333, -0.989005024674, 0.0, -0.102012176797, 2.04628660042, 3.0, 2.492334198, 1.00000590147, 0.0267675300559, 1.94986951966, 0.0, 1.35954799763, 2.12070418212, 2.0, 1.99976784809, 0.992621074976, 0.0, 1.95084914483, 0.861968519026, -0.0677793306184, 1.00002625168, -0.441042895366, 1.92704934805, -0.953497875031, 0.993056678104, 2.6473907865, 0.798290743597, -0.762612690689, 2.95181197768, 0.758771777321, 1.14996775813, 1.00051686927, 95928.0, 696, 99382.0
-0.0010173468917, -0.303215760227, 1.80775003896, 1.0, 0.782364131341, 0.0, 1.98270181289, 2.0, 0.94050023213, 0.0160681925771, 0.0, 0.0, -1.0, 2.0, 0.240482254095, 2.90652973938, 2.0081295655, 2.98425377872, 2.98890438638, -0.990774337151, 0.0, -0.098384367865, 2.0, 3.0, 2.49362651981, 1.00000585155, 0.0267675300559, 1.94986976633, 0.0, 1.35954799763, 1.99892998916, 2.0, 2.18455126501, 0.992621074976, 0.0, 1.95084914483, 0.92936865948, -0.0678000677543, 1.00002609669, -0.427635865188, 1.92705009204, -0.91456585756, 0.993056678104, 2.6600082958, 0.796423722205, -0.999528707957, 2.95297118229, 0.758771777321, 1.14995559771, 1.00134505592, 95928.0, 696, 99382.0
-0.0010173468917, -0.303215760227, 1.80775003896, 1.0, 0.782364131341, 0.0, 1.98270181289, 2.0, 0.94050023213, 0.0160681925771, 0.0, 0.0, -1.0, 2.0, 0.240482254095, 2.90652973938, 2.0081295655, 2.98425377872, 2.98890438638, -0.990774337151, 0.0, -0.098384367865, 2.0, 3.0, 2.49362651981, 1.00000585155, 0.0267675300559, 1.94986976633, 0.0, 1.35954799763, 1.99892998916, 2.0, 2.18455126501, 0.992621074976, 0.0, 1.95084914483, 0.92936865948, -0.0678000677543, 1.00002609669, -0.427635865188, 1.92705009204, -0.91456585756, 0.993056678104, 2.6600082958, 0.796423722205, -0.999528707957, 2.95297118229, 0.758771777321, 1.14995559771, 1.00134505592, 95928.0, 696, 99382.0
-0.0010173468917, -0.303215760227, 1.80775003896, 1.0, 0.782364131341, 0.0, 1.98270181289, 2.0, 0.94050023213, 0.0160681925771, 0.0, 0.0, -1.0, 2.0, 0.240482254095, 2.90652973938, 2.0081295655, 2.98425377872, 2.98890438638, -0.990774337151, 0.0, -0.098384367865, 2.0, 3.0, 2.49362651981, 1.00000585155, 0.0267675300559, 1.94986976633, 0.0, 1.35954799763, 1.99892998916, 2.0, 2.18455126501, 0.992621074976, 0.0, 1.95084914483, 0.92936865948, -0.0678000677543, 1.00002609669, -0.427635865188, 1.92705009204, -0.91456585756, 0.993056678104, 2.6600082958, 0.796423722205, -0.999528707957, 2.95297118229, 0.758771777321, 1.14995559771, 1.00134505592, 95928.0, 696, 99382.0
-0.0010173468917, -0.303215760227, 1.80775003896, 1.0, 0.782364131341, 0.0, 1.98270181289, 2.0, 0.94050023213, 0.0160681925771, 0.0, 0.0, -1.0, 2.0, 0.240482254095, 2.90652973938, 2.0081295655, 2.98425377872, 2.98890438638, -0.990774337151, 0.0, -0.098384367865, 2.0, 3.0, 2.49362651981, 1.00000585155, 0.0267675300559, 1.94986976633, 0.0, 1.35954799763, 1.99892998916, 2.0, 2.18455126501, 0.992621074976, 0.0, 1.95084914483, 0.92936865948, -0.0678000677543, 1.00002609669, -0.427635865188, 1.92705009204, -0.91456585756, 0.993056678104, 2.6600082958, 0.796423722205, -0.999528707957, 2.95297118229, 0.758771777321, 1.14995559771, 1.00134505592, 95928.0, 696, 99382.0
-0.0010173468917, -0.303215760227, 1.80775003896, 1.0, 0.782364131341, 0.0, 1.98270181289, 2.0, 0.94050023213, 0.0160681925771, 0.0, 0.0, -1.0, 2.0, 0.240482254095, 2.90652973938, 2.0081295655, 2.98425377872, 2.98890438638, -0.990774337151, 0.0, -0.098384367865, 2.0, 3.0, 2.49362651981, 1.00000585155, 0.0267675300559, 1.94986976633, 0.0, 1.35954799763, 1.99892998916, 2.0, 2.18455126501, 0.992621074976, 0.0, 1.95084914483, 0.92936865948, -0.0678000677543, 1.00002609669, -0.427635865188, 1.92705009204, -0.91456585756, 0.993056678104, 2.6600082958, 0.796423722205, -0.999528707957, 2.95297118229, 0.758771777321, 1.14995559771, 1.00134505592, 95928.0, 696, 99382.0
-0.0010173468917, -0.303215760227, 1.80775003896, 1.0, 0.782364131341, 0.0, 1.98270181289, 2.0, 0.94050023213, 0.0160681925771, 0.0, 0.0, -1.0, 2.0, 0.240482254095, 2.90652973938, 2.0081295655, 2.98425377872, 2.98890438638, -0.990774337151, 0.0, -0.098384367865, 2.0, 3.0, 2.49362651981, 1.00000585155, 0.0267675300559, 1.94986976633, 0.0, 1.35954799763, 1.99892998916, 2.0, 2.18455126501, 0.992621074976, 0.0, 1.95084914483, 0.92936865948, -0.0678000677543, 1.00002609669, -0.427635865188, 1.92705009204, -0.91456585756, 0.993056678104, 2.6600082958, 0.796423722205, -0.999528707957, 2.95297118229, 0.758771777321, 1.14995559771, 1.00134505592, 95928.0, 696, 99382.0
-0.0010173468917, -0.303215760227, 1.80775003896, 1.0, 0.782364131341, 0.0, 1.98270181289, 2.0, 0.94050023213, 0.0160681925771, 0.0, 0.0, -1.0, 2.0, 0.240482254095, 2.90652973938, 2.0081295655, 2.98425377872, 2.98890438638, -0.990774337151, 0.0, -0.098384367865, 2.0, 3.0, 2.49362651981, 1.00000585155, 0.0267675300559, 1.94986976633, 0.0, 1.35954799763, 1.99892998916, 2.0, 2.18455126501, 0.992621074976, 0.0, 1.95084914483, 0.92936865948, -0.0678000677543, 1.00002609669, -0.427635865188, 1.92705009204, -0.91456585756, 0.993056678104, 2.6600082958, 0.796423722205, -0.999528707957, 2.95297118229, 0.758771777321, 1.14995559771, 1.00134505592, 95928.0, 696, 99382.0
