0.218329051659, 1.03874070679, 83.3768635247, 0.694382200891, 68.3610544677, 4.07406977515, 0.690786736703, 1.65504945727, 8.09183249432, 2276.2986313, 0.0109870780109, 0.0
0.890222632407, 0.872752662239, 93.9005058339, 0.578679815779, 99.9105148655, 49.79890629, 0.700811511365, 0.201616347878, 18.8403785384, 997.775068101, 0.867690830634, 0.0
0.299713385831, 0.823576735636, 91.7618057722, 0.646549776615, 45.412375062, 4.0996840811, 0.623752753256, 3.40665915685, 9.85226260569, 2519.31674986, 0.0, 0.0
0.299713385831, 0.831369104223, 91.7618057722, 0.459703313893, 27.666960594, 1.40398915101, 0.623752753256, 3.40665915685, 4.88016879428, 2271.89031946, 0.00953253979049, 0.454545454545
0.176906884153, 0.831369104223, 91.7618057722, 0.646549776615, 41.4637861617, 3.43035038395, 0.623752753256, 3.40665915685, 9.85226260569, 1129.16064707, 0.0260783388345, 0.0
0.269372918562, 0.823871817919, 87.4041550781, 0.479229155296, 86.3751413808, 1.93744359202, 0.0923174557773, 0.0957243183958, 13.9868761336, 1250.76519915, 0.0182991809602, 0.0
0.137014466847, 0.86377148351, 80.6519192514, 0.655445912093, 71.0057864141, 10.4411432066, 0.393773125011, 2.83816079481, 2.53947921702, 2131.51113364, 0.00975901787281, 0.142857142857
0.109703909413, 0.86377148351, 80.6519192514, 0.667240724338, 71.0057864141, 1.03796676745, 0.393773125011, 2.83816079481, 2.53947921702, 2311.16707205, 0.00676335692197, 0.473684210526
0.11026429896, 0.86377148351, 91.7618057722, 0.655445912093, 57.2033968771, 10.6071273584, 0.393773125011, 1.77241672476, 6.10162393473, 1658.02480724, 0.0174360868895, 0.0
0.176906884153, 0.831369104223, 84.7303463793, 0.639608782036, 45.412375062, 3.43035038395, 0.690786736703, 3.40665915685, 1.05291669695, 2001.73267867, 0.00765381301409, 0.571428571429
0.299713385831, 0.831369104223, 91.7618057722, 0.459703313893, 45.412375062, 4.0996840811, 0.623752753256, 3.40665915685, 9.85226260569, 1051.49351261, 0.175928733679, 0.461538461538
0.109703909413, 1.15700826995, 89.7313535332, 0.644195241177, 27.0551011581, 1.03796676745, 0.980930170782, 2.62623102634, 11.0259400842, 8606.39151402, 0.00402413960323, 0.0
0.109703909413, 0.86377148351, 80.6519192514, 0.667240724338, 71.0057864141, 1.03796676745, 0.393773125011, 2.83816079481, 2.53947921702, 2768.42696048, 0.00868118096753, 0.142857142857
0.299713385831, 0.831369104223, 91.7618057722, 0.459703313893, 59.2530682829, 1.48345368991, 0.623752753256, 3.40665915685, 9.85226260569, 2382.93010326, 0.0144743014072, 0.125
0.109703909413, 1.15700826995, 87.349862728, 0.644195241177, 27.0551011581, 1.50388344957, 0.980930170782, 2.62623102634, 11.5751841675, 9288.48092309, 0.00602605899079, 0.0
0.137014466847, 1.15700826995, 80.6519192514, 0.644195241177, 6.75279347694, 1.03796676745, 0.393773125011, 2.83816079481, 9.67030106559, 9414.71605932, 0.00780383167235, 0.230769230769
0.15735835252, 1.22682780229, 88.1917213269, 0.699246729311, 76.7035345295, 2.39111255019, 1.2966501926, 3.82531408471, 4.58172810093, 24583.3566293, 0.0102974016466, 0.0
0.395431563117, 0.825411540058, 93.1139493628, 0.639608782036, 22.7315603078, 31.9444203682, 0.418923776703, 0.0554387499786, 13.9868761336, 1236.83467818, 0.445419694925, 0.25
0.15735835252, 1.04428709899, 93.5798656988, 0.69565130868, 76.7035345295, 2.39519474155, 1.2966501926, 3.44623092935, 4.58172810093, 8004.06365447, 0.0171125079019, 0.0
0.683706238358, 0.823218063264, 80.5959442409, 0.425267591835, 23.3699906975, 17.1233485705, 0.690786736703, 2.51660499756, 1.05291669695, 1185.65752323, 0.187412713033, 0.5625
0.269372918562, 1.09791863326, 87.4041550781, 0.479229155296, 86.3751413808, 1.34446361796, 1.30992492246, 1.60886879845, 3.68001207421, 9690.36681637, 0.0156940795101, 0.125
0.109703909413, 0.86377148351, 80.6519192514, 0.644195241177, 27.0551011581, 1.03796676745, 0.980930170782, 2.83816079481, 11.0259400842, 3307.17984831, 0.0139894178627, 0.647058823529
0.147593182774, 0.865172045515, 80.9206838958, 0.453118134208, 42.2092565713, 3.2176680206, 1.95109544242, 0.0304690609569, 2.62730491586, 3041.9586129, 0.0182214485009, 0.0727272727273
0.299713385831, 0.831369104223, 91.7618057722, 0.459703313893, 59.2530682829, 3.37703756513, 0.623752753256, 3.40665915685, 3.81195688596, 2095.69618997, 0.0198827267751, 0.25
0.789986235786, 0.853712256665, 84.1554964125, 0.597702129155, 63.3095643339, 35.7807204452, 0.994638570899, 2.70308821667, 15.7547405575, 1356.35913941, 0.831439082042, 0.0
0.395431563117, 0.825411540058, 87.8537198697, 0.639608782036, 22.7315603078, 19.7067819454, 0.418923776703, 0.0554387499786, 3.68001207421, 1363.69004478, 0.351407175017, 0.0
0.299713385831, 0.831369104223, 91.7618057722, 0.646549776615, 45.412375062, 4.0996840811, 0.623752753256, 3.40665915685, 9.85226260569, 1433.85478993, 0.0322481919715, 0.142857142857
0.11026429896, 0.86377148351, 83.3768635247, 0.655445912093, 57.2033968771, 10.6071273584, 0.393773125011, 1.77241672476, 6.10162393473, 1614.37087002, 0.0464238239504, 0.0
0.229038352483, 0.820352962469, 84.7303463793, 0.695008592733, 97.9040815323, 6.44046241126, 0.623752753256, 2.51660499756, 10.0626384805, 1433.15449315, 0.180567902528, 0.588235294118
0.683706238358, 0.823218063264, 84.7303463793, 0.566621281573, 41.4637861617, 17.7152575074, 0.496462915597, 3.19372423773, 1.01615798002, 1356.05213061, 0.431838369023, 0.571428571429
0.694178609768, 0.83045849452, 92.0568709956, 0.481567431, 61.8269896726, 33.3876284296, 0.980930170782, 4.0632036051, 3.82273482344, 1430.03495675, 0.482474588139, 0.166666666667
0.853948106595, 0.869249157433, 84.7303463793, 0.566621281573, 92.2217147465, 48.4112867446, 0.500121858331, 3.22816301835, 13.6443679686, 1431.03765863, 0.84610176695, 0.0
0.38618304876, 1.13706092318, 85.8278585606, 0.646549776615, 45.412375062, 1.18888578553, 1.61018112003, 1.22559732506, 12.0056315353, 14594.3486551, 0.0178793303249, 0.0
0.664374869861, 0.892065426164, 84.9907268388, 0.573167184815, 91.2951684394, 5.97048627486, 0.287831842589, 4.81059611159, 6.10162393473, 1560.36963541, 0.301861434196, 0.333333333333
0.299713385831, 0.831369104223, 91.7618057722, 0.644195241177, 77.1766584921, 4.0996840811, 0.623752753256, 3.40665915685, 9.85226260569, 1508.9614694, 0.0771446793494, 0.533333333333
0.778199449556, 0.892065426164, 84.9907268388, 0.573167184815, 57.2033968771, 5.97048627486, 0.287831842589, 4.81059611159, 6.10162393473, 1569.76945249, 0.0581751889066, 0.142857142857
0.184102209671, 0.86377148351, 83.3768635247, 0.655445912093, 31.3651137229, 10.6071273584, 0.623752753256, 2.83816079481, 8.09183249432, 1568.44693032, 0.205980885023, 0.272727272727
0.137014466847, 1.15700826995, 83.1738608435, 0.644195241177, 6.75279347694, 1.03796676745, 0.393773125011, 2.83816079481, 9.67030106559, 10479.5256244, 0.0172075249808, 0.586206896552
0.184102209671, 0.83045849452, 80.2962533314, 0.425267591835, 23.3699906975, 1.4582034226, 0.507117676012, 1.06597247478, 8.09183249432, 2263.87931838, 0.0206714169531, 0.461538461538
0.184102209671, 0.86377148351, 80.6519192514, 0.47675568435, 59.2530682829, 10.6071273584, 0.393773125011, 2.83816079481, 7.50848381589, 1620.5323138, 0.237766213935, 0.125
0.395431563117, 0.825411540058, 88.3302619675, 0.648990019554, 22.7315603078, 31.9444203682, 0.418923776703, 0.0554387499786, 3.68001207421, 1498.15094678, 0.503310445653, 0.352941176471
0.395431563117, 0.825411540058, 88.3302619675, 0.475638594459, 22.7315603078, 31.9444203682, 0.418923776703, 0.0554387499786, 3.68001207421, 1517.30888728, 0.501807286003, 0.4
0.395431563117, 0.823218063264, 88.3302619675, 0.566621281573, 22.7315603078, 31.9444203682, 0.418923776703, 0.0554387499786, 3.68001207421, 1469.07990509, 0.37974198289, 0.583333333333
0.553114897033, 0.823218063264, 84.7303463793, 0.566621281573, 41.4637861617, 33.4834029126, 0.496462915597, 3.19372423773, 1.01615798002, 1631.73305826, 0.311356325894, 0.125
0.540094261726, 0.891952664458, 81.3827566457, 0.644277677721, 84.7376163463, 1.44782147172, 0.623752753256, 4.13883050564, 4.52295927002, 3454.99036026, 0.0181617421604, 0.4
0.299713385831, 0.831369104223, 91.7618057722, 0.459703313893, 59.2530682829, 4.48965164233, 0.0638422857219, 3.82531408471, 9.85226260569, 1878.3497748, 0.0338158980261, 0.0
0.184102209671, 0.83045849452, 80.5606746274, 0.425267591835, 3.97634910145, 4.19672642003, 0.507117676012, 1.06597247478, 8.09183249432, 1666.61380373, 0.0266296600213, 0.333333333333
0.125014890724, 0.82474580123, 91.7618057722, 0.536283787426, 32.8642847461, 3.37703756513, 0.295285411126, 3.40665915685, 9.85226260569, 2226.51614855, 0.0291860159827, 0.0
0.176906884153, 0.831369104223, 91.7618057722, 0.646549776615, 41.4637861617, 3.43035038395, 0.623752753256, 3.40665915685, 9.85226260569, 2697.01258105, 0.024587395153, 0.0
0.176906884153, 0.971082865718, 91.7618057722, 0.646549776615, 41.4637861617, 1.93744359202, 0.623752753256, 3.40665915685, 9.85226260569, 5227.19831455, 0.018445695267, 0.0
0.269372918562, 1.04291885417, 87.4041550781, 0.479229155296, 86.3751413808, 1.93744359202, 0.507117676012, 2.06486096038, 13.9868761336, 5074.50074191, 0.0203864061978, 0.0
0.176906884153, 0.831369104223, 91.7618057722, 0.646549776615, 41.4637861617, 3.43035038395, 0.500121858331, 3.82807481929, 11.009463062, 2930.38158455, 0.0237869188277, 0.0
0.15735835252, 0.90491229748, 93.5798656988, 0.69565130868, 76.7035345295, 2.39519474155, 1.74429276746, 3.44623092935, 4.58172810093, 5115.15183445, 0.0206083713115, 0.0285714285714
0.540094261726, 0.891952664458, 81.3827566457, 0.644277677721, 59.2530682829, 1.44782147172, 0.500121858331, 4.13883050564, 4.52295927002, 3101.49777327, 0.0242099536925, 0.0
0.176906884153, 0.831369104223, 91.7618057722, 0.646549776615, 45.412375062, 2.1258891013, 0.191260124591, 0.327318400752, 9.85226260569, 2757.41305755, 0.0257390343017, 0.0714285714286
0.38618304876, 1.13706092318, 85.8278585606, 0.475638594459, 45.412375062, 1.18888578553, 1.61018112003, 1.22559732506, 12.0056315353, 12559.127218, 0.0197579915117, 0.0
0.299713385831, 0.831369104223, 91.7618057722, 0.646549776615, 91.6485691564, 4.0996840811, 0.623752753256, 3.40665915685, 9.85226260569, 2118.91874511, 0.0333310468446, 0.142857142857
0.432239787379, 1.03814775354, 94.2766391429, 0.605950590168, 6.51130197583, 1.24832862234, 1.70644537463, 4.72484160303, 4.42103086291, 8753.54504711, 0.0210962037928, 0.0
0.274998451751, 0.855769886691, 80.6519192514, 0.47223453383, 91.2951684394, 4.0996840811, 0.623752753256, 2.83816079481, 4.27179099626, 2074.72540186, 0.036636655584, 0.0
0.299713385831, 0.831369104223, 91.7618057722, 0.459703313893, 59.2530682829, 3.37703756513, 0.623752753256, 3.40665915685, 4.58172810093, 1619.26453318, 0.124753320551, 0.529411764706
0.338840659016, 0.83045849452, 80.5959442409, 0.425267591835, 23.3699906975, 29.7995140332, 0.507117676012, 2.90435276037, 13.6443679686, 1683.44168047, 0.272582466039, 0.0
0.137014466847, 0.858385925034, 80.6519192514, 0.655445912093, 71.0057864141, 10.4411432066, 0.393773125011, 2.83816079481, 9.67030106559, 1849.44028576, 0.105394791793, 0.0
0.683706238358, 0.823218063264, 87.1071256712, 0.566621281573, 41.4637861617, 17.7152575074, 0.496462915597, 3.19372423773, 1.01615798002, 1747.45121901, 0.260529604532, 0.0
0.299713385831, 0.823576735636, 91.7618057722, 0.459703313893, 1.46994154381, 1.40398915101, 0.623752753256, 3.40665915685, 4.88016879428, 1809.32779054, 0.0398501998424, 0.434782608696
0.184102209671, 0.83045849452, 80.5606746274, 0.425267591835, 23.3699906975, 29.7995140332, 0.507117676012, 1.06597247478, 8.09183249432, 1622.59004287, 0.320847833771, 0.444444444444
0.553114897033, 0.823218063264, 81.1834616605, 0.566621281573, 41.4637861617, 33.4834029126, 0.694991739867, 1.78807695891, 1.01615798002, 1724.54800509, 0.792398547259, 0.0
0.683706238358, 0.823218063264, 87.1071256712, 0.566621281573, 41.4637861617, 17.7152575074, 0.496462915597, 3.40665915685, 1.01615798002, 1709.33886963, 0.347173997849, 0.125
0.15735835252, 0.90491229748, 93.5798656988, 0.47675568435, 59.2530682829, 1.69165227287, 1.2966501926, 2.8934224781, 2.00602383922, 3139.20643559, 0.0198715510096, 0.285714285714
0.395431563117, 0.825411540058, 83.3768635247, 0.639608782036, 22.7315603078, 19.7067819454, 0.418923776703, 0.0554387499786, 3.68001207421, 1838.54605619, 0.372408890575, 0.0
0.137014466847, 0.825114218697, 80.6519192514, 0.459703313893, 71.0057864141, 30.3171962538, 0.393773125011, 1.72841647737, 2.41442980069, 1655.09587658, 0.256648491044, 0.6
0.395431563117, 0.825411540058, 88.3302619675, 0.639608782036, 22.7315603078, 31.9444203682, 0.418923776703, 0.0554387499786, 3.68001207421, 1633.21442728, 0.439544810675, 0.272727272727
0.853948106595, 0.83045849452, 80.5959442409, 0.425267591835, 23.3699906975, 29.7995140332, 0.958820547459, 2.90435276037, 13.6443679686, 1619.15182845, 0.6654394917, 0.533333333333
0.540094261726, 0.891952664458, 81.3827566457, 0.644277677721, 27.666960594, 1.44782147172, 0.500121858331, 4.13883050564, 4.82069147886, 2285.74800413, 0.0339941010907, 0.0
0.231179053228, 1.15700826995, 80.6519192514, 0.646331369209, 6.75279347694, 1.03796676745, 0.857221805853, 2.83816079481, 9.67030106559, 7905.25904854, 0.0221014011035, 0.142857142857
0.395431563117, 0.825411540058, 87.8537198697, 0.639608782036, 22.7315603078, 19.7067819454, 0.418923776703, 0.000435322742505, 3.68001207421, 1687.7121238, 0.223690545714, 0.181818181818
0.53632862077, 0.823269942374, 88.1711157293, 0.592773288328, 41.2812751915, 11.9365687582, 0.605115716506, 1.09061159852, 15.8805434383, 1924.09431075, 0.233646694077, 0.125
0.778199449556, 0.820352962469, 89.1567226819, 0.6826315072, 77.1766584921, 8.38363504452, 0.0668299364866, 0.309723099393, 10.0626384805, 1958.47513976, 0.20137295772, 0.0
0.778199449556, 0.831369104223, 92.7197145726, 0.644195241177, 77.1766584921, 6.61029386224, 0.287831842589, 3.40665915685, 9.85226260569, 2030.82928406, 0.166553315312, 0.0
0.853948106595, 0.83045849452, 80.5959442409, 0.608153466966, 23.3699906975, 1.93744359202, 0.958820547459, 2.90435276037, 13.6443679686, 2050.92564938, 0.11830182791, 0.0
0.196164360338, 0.831369104223, 91.7618057722, 0.459703313893, 63.3095643339, 3.37703756513, 0.623752753256, 3.40665915685, 3.81195688596, 1870.4647845, 0.0515970853696, 0.52380952381
0.176906884153, 0.831369104223, 84.7303463793, 0.646549776615, 45.412375062, 3.43035038395, 0.690786736703, 3.40665915685, 1.05291669695, 1844.34829116, 0.0549230859223, 0.702702702703
0.184102209671, 0.86377148351, 83.3768635247, 0.655445912093, 59.2530682829, 10.6071273584, 0.393773125011, 2.83816079481, 8.09183249432, 2159.58270565, 0.0547541617793, 0.0
0.299713385831, 0.831369104223, 91.7618057722, 0.522459915737, 45.412375062, 4.0996840811, 0.623752753256, 0.940467531509, 9.85226260569, 2102.98702523, 0.0993281239065, 0.0
0.299713385831, 0.831369104223, 91.7618057722, 0.646549776615, 45.412375062, 4.0996840811, 0.623752753256, 3.40665915685, 9.85226260569, 1709.59609568, 0.159204214669, 0.380952380952
0.15735835252, 1.22682780229, 93.5798656988, 0.699246729311, 76.7035345295, 2.39519474155, 1.2966501926, 1.65504945727, 4.58172810093, 16952.6244074, 0.0216709028667, 0.16091954023
0.218329051659, 1.04428709899, 83.3768635247, 0.694382200891, 60.0904363635, 4.07406977515, 0.0638422857219, 3.82531408471, 8.09183249432, 1729.78956353, 0.124448294873, 0.5625
0.299713385831, 0.831369104223, 91.7618057722, 0.640042121857, 59.2530682829, 4.0996840811, 0.393773125011, 0.940467531509, 9.85226260569, 1723.61294539, 0.203149984963, 0.384615384615
0.395431563117, 0.825411540058, 88.3302619675, 0.648990019554, 6.51130197583, 31.9444203682, 0.418923776703, 0.0554387499786, 3.68001207421, 1934.95199009, 0.31332159149, 0.0
0.269372918562, 1.04291885417, 87.4041550781, 0.479229155296, 86.3751413808, 1.93744359202, 1.30992492246, 1.60886879845, 13.9868761336, 7476.97607469, 0.0267790250186, 0.0
0.48030738174, 1.03814775354, 94.2766391429, 0.605950590168, 6.51130197583, 1.24832862234, 0.287831842589, 4.72484160303, 4.42103086291, 6075.45852797, 0.0274754539485, 0.0
0.683706238358, 0.820352962469, 88.5733736212, 0.684845715043, 59.2530682829, 4.29934878825, 0.623752753256, 2.51660499756, 10.0626384805, 2100.44831937, 0.115734514554, 0.0
0.15735835252, 0.90491229748, 93.5798656988, 0.69565130868, 76.7035345295, 2.39519474155, 1.2966501926, 3.44623092935, 4.58172810093, 5821.01287514, 0.023794492445, 0.279069767442
0.683706238358, 0.823269942374, 90.2516945692, 0.592773288328, 41.2812751915, 27.9247116775, 0.218247043351, 1.09061159852, 10.0626384805, 1662.6896254, 0.559260296251, 0.25
0.299713385831, 0.831369104223, 91.7618057722, 0.459703313893, 59.2530682829, 3.37703756513, 0.623752753256, 3.40665915685, 9.85226260569, 1989.47352102, 0.0834770040208, 0.272727272727
0.184102209671, 0.86377148351, 80.6519192514, 0.655445912093, 59.2530682829, 10.6071273584, 0.393773125011, 2.83816079481, 2.54393232913, 1670.49380568, 0.203190430802, 0.695652173913
0.664374869861, 0.820352962469, 88.7392295076, 0.697984125239, 77.1766584921, 31.9444203682, 0.295285411126, 0.309723099393, 10.0626384805, 1899.78733168, 0.360430527925, 0.0714285714286
0.128520417321, 1.14892641791, 90.3049145727, 0.550800684541, 5.45842980989, 17.7454091698, 0.68733092129, 1.92637555509, 4.99761757064, 10209.5019793, 0.0240327044198, 0.166666666667
0.683706238358, 0.823218063264, 94.4306629637, 0.566621281573, 51.670135763, 3.52822187385, 0.00864695697486, 2.51660499756, 1.02823245122, 1732.33777599, 0.181620758663, 0.555555555556
0.299713385831, 0.831369104223, 83.3768635247, 0.459703313893, 59.2530682829, 4.48965164233, 0.50480118831, 3.82531408471, 9.85226260569, 2289.51471556, 0.0419456418774, 0.0
0.109703909413, 1.15700826995, 87.349862728, 0.644195241177, 27.0551011581, 6.44046241126, 0.980930170782, 2.62623102634, 11.5751841675, 11354.1281732, 0.021875166699, 0.285714285714
