1.0, -1.0, -1.0, 2.0, 1.0, 2.0, -1.0, -1.0, -1.0, 3.0, 3.0, 3.0, 0.0, 3.0, 1.0, 0.0, 1.0, 3.0, 1.0, 0.0, -1.0, 0.0, 0.0, 1.0, 2.0, -1.0, 0.0, 3.0, 3.0, 1.0, -1.0, 2.0, -1.0, 0.0, 3.0, 0.0, -1.0, -1.0, 0.0, -1.0, 0.0, 1.0, -1.0, 1.0, 0.0, 0.0, 3.0, 3.0, 1.0, 2.0, 96143.0, 527.0, 99486.0
2.0, 3.0, 0.0, 1.0, 0.0, -1.0, 2.0, 3.0, 0.0, -1.0, 0.0, 2.0, 1.0, 2.0, 1.0, 1.0, 0.0, 3.0, -1.0, -1.0, 2.0, 0.0, 2.0, 0.0, 1.0, 2.0, -1.0, 1.0, 1.0, 3.0, 0.0, 2.0, 3.0, 2.0, 2.0, 0.0, -1.0, 1.0, 1.0, 0.0, 2.0, 1.0, 1.0, 2.0, 0.0, -1.0, 0.0, 0.0, 1.0, 2.0, 95579.0, 602.0, 99432.0
1.0, 0.0, -1.0, 2.0, 1.0, 2.0, -1.0, -1.0, -1.0, 3.0, 3.0, 3.0, 0.0, 3.0, 1.0, 0.0, 1.0, 3.0, 1.0, 0.0, -1.0, 0.0, 0.0, 1.0, 2.0, -1.0, 0.0, 3.0, 3.0, 1.0, -1.0, 2.0, -1.0, 0.0, 3.0, 0.0, -1.0, -1.0, 0.0, 2.0, 0.0, 1.0, -1.0, 1.0, 0.0, 0.0, 3.0, 3.0, 1.0, 2.0, 95949.0, 552.0, 99462.0
0.0, 1.0, 0.0, 1.0, 1.0, 0.0, 0.0, 2.0, -1.0, -1.0, 1.0, 0.0, 3.0, 0.0, -1.0, 1.0, 1.0, 1.0, 3.0, 0.0, 2.0, 3.0, 3.0, 3.0, 2.0, 2.0, 0.0, 1.0, 3.0, -1.0, 3.0, 3.0, 0.0, 0.0, 0.0, 3.0, -1.0, 2.0, 1.0, 2.0, 1.0, 1.0, 3.0, 2.0, -1.0, 0.0, 2.0, 0.0, 2.0, 1.0, 95617.0, 618.0, 99411.0
2.0, 2.0, 2.0, 3.0, 1.0, -1.0, 3.0, -1.0, 2.0, 3.0, 2.0, 2.0, 0.0, 3.0, -1.0, 3.0, 1.0, 1.0, 3.0, 0.0, 1.0, 1.0, 0.0, -1.0, 3.0, 2.0, 0.0, -1.0, 1.0, 0.0, 2.0, 1.0, -1.0, 1.0, 2.0, 0.0, -1.0, 2.0, 3.0, 3.0, 0.0, -1.0, 0.0, -1.0, 2.0, 2.0, 3.0, 2.0, 0.0, 0.0, 96193.0, 569.0, 99451.0
-1.0, 0.0, 1.0, 2.0, 2.0, -1.0, -1.0, 2.0, 0.0, 0.0, 0.0, 1.0, 1.0, -1.0, -1.0, -1.0, 2.0, 2.0, 0.0, 2.0, -1.0, 2.0, 2.0, 0.0, 1.0, 2.0, -1.0, 2.0, 0.0, 2.0, 0.0, -1.0, 1.0, 1.0, -1.0, 0.0, -1.0, 0.0, 1.0, 3.0, 1.0, 0.0, 2.0, 1.0, 0.0, -1.0, 2.0, 0.0, 1.0, 2.0, 95739.0, 535.0, 99484.0
1.0, 1.0, 0.0, -1.0, 0.0, -1.0, 1.0, -1.0, 0.0, 2.0, -1.0, 0.0, -1.0, 1.0, -1.0, 2.0, -1.0, -1.0, 3.0, -1.0, 3.0, 0.0, 0.0, 0.0, 0.0, 0.0, 3.0, 0.0, 0.0, 0.0, -1.0, -1.0, 3.0, 3.0, 1.0, 1.0, -1.0, 2.0, 1.0, -1.0, 0.0, 3.0, 1.0, 3.0, 3.0, 0.0, 1.0, 3.0, 3.0, 1.0, 96226.0, 514.0, 99501.0
-1.0, 0.0, 1.0, 2.0, 2.0, -1.0, -1.0, 2.0, -1.0, 0.0, 0.0, 1.0, 1.0, -1.0, -1.0, -1.0, -1.0, 2.0, 0.0, 2.0, -1.0, 2.0, 2.0, 0.0, 1.0, 2.0, -1.0, 2.0, 1.0, 2.0, 3.0, -1.0, 1.0, 1.0, -1.0, 0.0, -1.0, 0.0, 1.0, 3.0, 1.0, 0.0, 2.0, 1.0, 0.0, 0.0, 2.0, 3.0, 1.0, 2.0, 96123.0, 515.0, 99501.0
0.0, -1.0, 2.0, 0.0, 2.0, 0.0, -1.0, 2.0, -1.0, 0.0, 0.0, -1.0, 1.0, 0.0, 2.0, 1.0, 1.0, 3.0, 0.0, 1.0, 1.0, 1.0, 3.0, 2.0, 0.0, 0.0, 2.0, 2.0, 2.0, 3.0, 2.0, 2.0, 1.0, 0.0, 3.0, 0.0, -1.0, 3.0, 1.0, -1.0, 0.0, 1.0, 1.0, 1.0, 2.0, 2.0, -1.0, 0.0, 1.0, 3.0, 95407.0, 618.0, 99417.0
0.0, -1.0, 2.0, 0.0, 2.0, 0.0, -1.0, 1.0, -1.0, 0.0, 0.0, -1.0, 1.0, 0.0, 2.0, 1.0, 3.0, 3.0, 0.0, 1.0, 1.0, 1.0, 3.0, 2.0, 0.0, 0.0, 2.0, 2.0, 2.0, 3.0, 2.0, 2.0, 3.0, 0.0, 3.0, -1.0, -1.0, 3.0, 1.0, 3.0, 0.0, 1.0, 1.0, 1.0, 2.0, 2.0, -1.0, 1.0, 1.0, 3.0, 95661.0, 614.0, 99418.0
-1.0, 0.0, 1.0, 2.0, 2.0, -1.0, -1.0, 2.0, 0.0, 0.0, 0.0, 1.0, 1.0, -1.0, -1.0, -1.0, 2.0, 2.0, 0.0, 2.0, -1.0, 2.0, 2.0, 0.0, 1.0, 2.0, -1.0, 2.0, 0.0, 2.0, 0.0, -1.0, 1.0, 1.0, -1.0, 0.0, -1.0, 0.0, 1.0, 3.0, 1.0, 0.0, 2.0, 1.0, 0.0, -1.0, 2.0, 0.0, 1.0, 2.0, 95739.0, 535.0, 99484.0
0.0, 1.0, 0.0, 1.0, 1.0, 0.0, -1.0, 2.0, -1.0, -1.0, 1.0, 0.0, 3.0, 0.0, -1.0, 1.0, 1.0, 1.0, 3.0, 0.0, 2.0, 3.0, 3.0, 3.0, 2.0, 2.0, 0.0, 1.0, 3.0, -1.0, 3.0, 3.0, 0.0, 0.0, 0.0, 3.0, -1.0, 2.0, 1.0, 2.0, 1.0, 1.0, 3.0, 2.0, -1.0, 0.0, 2.0, 0.0, 2.0, 1.0, 95664.0, 605.0, 99418.0
0.0, -1.0, 2.0, 0.0, 2.0, 0.0, -1.0, 2.0, -1.0, 0.0, 0.0, -1.0, 1.0, 0.0, 2.0, 1.0, 1.0, 3.0, 0.0, 1.0, 1.0, 1.0, 3.0, 2.0, 0.0, 0.0, 2.0, 2.0, 2.0, 3.0, 2.0, 2.0, 1.0, 0.0, 3.0, 0.0, -1.0, 3.0, 1.0, -1.0, 0.0, 1.0, 1.0, 1.0, 2.0, 2.0, -1.0, 0.0, 1.0, 3.0, 95407.0, 618.0, 99417.0
3.0, 3.0, 2.0, 1.0, -1.0, -1.0, 3.0, 1.0, 0.0, 1.0, 1.0, 3.0, 0.0, 0.0, 2.0, 3.0, 2.0, 0.0, 0.0, 2.0, 1.0, 1.0, 3.0, 2.0, 1.0, 3.0, 2.0, 0.0, 2.0, 0.0, 2.0, 3.0, 2.0, 0.0, 3.0, 2.0, 1.0, 1.0, 0.0, 1.0, 0.0, 2.0, 1.0, 1.0, 2.0, 3.0, 0.0, 0.0, 3.0, 1.0, 95384.0, 681.0, 99371.0
-1.0, 0.0, 1.0, 2.0, 2.0, -1.0, -1.0, 2.0, -1.0, 0.0, 0.0, 1.0, 1.0, -1.0, -1.0, -1.0, -1.0, 2.0, 0.0, 0.0, -1.0, 2.0, 2.0, 0.0, 1.0, 2.0, -1.0, 2.0, 1.0, 2.0, 3.0, -1.0, 1.0, 1.0, -1.0, 0.0, -1.0, 0.0, 1.0, 3.0, 1.0, 0.0, 2.0, 1.0, 0.0, -1.0, 2.0, 3.0, 1.0, 2.0, 96136.0, 504.0, 99509.0
-1.0, 0.0, 1.0, 2.0, 2.0, -1.0, -1.0, 2.0, -1.0, 0.0, 0.0, 1.0, 1.0, -1.0, -1.0, -1.0, 2.0, 2.0, 0.0, 2.0, -1.0, 2.0, 2.0, 0.0, 1.0, 2.0, -1.0, 2.0, 0.0, 2.0, 3.0, -1.0, 1.0, 1.0, -1.0, 0.0, -1.0, 0.0, 1.0, 3.0, 1.0, 0.0, 2.0, -1.0, 1.0, -1.0, 2.0, 3.0, 1.0, 2.0, 96244.0, 502.0, 99509.0
1.0, -1.0, -1.0, 2.0, 1.0, 2.0, -1.0, -1.0, -1.0, 3.0, 3.0, 3.0, 0.0, 3.0, 1.0, 0.0, 1.0, 3.0, 1.0, 0.0, -1.0, 0.0, 0.0, 1.0, 2.0, -1.0, 0.0, 3.0, 3.0, 1.0, -1.0, 2.0, -1.0, 0.0, 3.0, 0.0, -1.0, -1.0, 0.0, -1.0, 0.0, 1.0, -1.0, 1.0, 0.0, 0.0, 3.0, 3.0, 1.0, 2.0, 96143.0, 527.0, 99486.0
0.0, -1.0, 2.0, 0.0, 2.0, 0.0, -1.0, 1.0, -1.0, 0.0, 0.0, -1.0, 1.0, 0.0, 2.0, 1.0, 3.0, 3.0, 0.0, 0.0, 1.0, 1.0, 3.0, 2.0, 0.0, 0.0, 2.0, 2.0, 2.0, 3.0, 2.0, 2.0, 3.0, 0.0, 3.0, -1.0, -1.0, 3.0, 1.0, -1.0, 0.0, 1.0, 1.0, 1.0, 2.0, 2.0, -1.0, 1.0, 1.0, 3.0, 95679.0, 604.0, 99428.0
-1.0, 0.0, 1.0, 2.0, 2.0, -1.0, -1.0, 2.0, -1.0, 0.0, 0.0, 1.0, 1.0, -1.0, -1.0, 3.0, -1.0, 2.0, 0.0, 2.0, -1.0, 2.0, 2.0, 0.0, 1.0, 2.0, -1.0, 2.0, 1.0, 2.0, 3.0, -1.0, 1.0, 1.0, -1.0, 0.0, -1.0, 0.0, 1.0, 3.0, 1.0, 0.0, 2.0, 1.0, 0.0, 0.0, 2.0, 3.0, 1.0, 2.0, 96057.0, 531.0, 99486.0
0.0, 1.0, 0.0, 1.0, 1.0, 0.0, 0.0, 2.0, -1.0, -1.0, 1.0, 0.0, 3.0, 0.0, -1.0, 1.0, 1.0, 1.0, 3.0, 0.0, 2.0, 3.0, 3.0, 3.0, 2.0, 2.0, 0.0, 1.0, 3.0, -1.0, 3.0, 3.0, 0.0, 0.0, 0.0, 3.0, -1.0, 2.0, 1.0, 2.0, 1.0, 1.0, 3.0, 2.0, -1.0, 0.0, 2.0, 0.0, 2.0, 1.0, 95617.0, 618.0, 99411.0
2.0, 3.0, 0.0, 1.0, 0.0, -1.0, 2.0, 3.0, 0.0, -1.0, 0.0, 2.0, 1.0, 2.0, 1.0, 1.0, 0.0, 3.0, -1.0, -1.0, 2.0, 0.0, 2.0, 0.0, 1.0, 2.0, -1.0, 1.0, 1.0, 3.0, 0.0, 2.0, 3.0, 2.0, 2.0, 0.0, -1.0, 1.0, 1.0, 0.0, 2.0, 1.0, 1.0, 2.0, 0.0, -1.0, 0.0, 0.0, 1.0, 2.0, 95579.0, 602.0, 99432.0
1.0, -1.0, 3.0, -1.0, 1.0, 3.0, -1.0, -1.0, -1.0, 1.0, 0.0, 2.0, 2.0, 0.0, -1.0, 2.0, 2.0, 2.0, 1.0, -1.0, 3.0, 1.0, 0.0, 1.0, 0.0, 1.0, 0.0, -1.0, 0.0, 2.0, 0.0, 0.0, 3.0, 1.0, 0.0, 2.0, 1.0, 3.0, 1.0, 0.0, 1.0, 2.0, 2.0, -1.0, 1.0, 0.0, -1.0, 0.0, 2.0, 0.0, 95606.0, 569.0, 99454.0
-1.0, 0.0, 1.0, 2.0, 2.0, -1.0, -1.0, 2.0, -1.0, 0.0, 0.0, 1.0, 1.0, -1.0, -1.0, -1.0, -1.0, 2.0, 0.0, 2.0, -1.0, 2.0, 2.0, 0.0, 1.0, -1.0, -1.0, 2.0, 1.0, 2.0, 3.0, -1.0, 1.0, 1.0, -1.0, 0.0, -1.0, 0.0, 1.0, 3.0, 1.0, 0.0, 2.0, 1.0, 0.0, 0.0, 2.0, 3.0, 1.0, 2.0, 96194.0, 500.0, 99512.0
0.0, -1.0, -1.0, 0.0, 2.0, 0.0, -1.0, 0.0, -1.0, 0.0, 0.0, -1.0, 1.0, 0.0, 2.0, 1.0, 3.0, 3.0, 0.0, 1.0, 1.0, 1.0, 3.0, 2.0, 0.0, 0.0, 2.0, 2.0, 2.0, 3.0, 2.0, 2.0, 3.0, 0.0, 3.0, -1.0, -1.0, 3.0, 1.0, -1.0, 0.0, 1.0, 1.0, 1.0, 2.0, 2.0, -1.0, 0.0, 1.0, 3.0, 95718.0, 589.0, 99440.0
-1.0, 0.0, 1.0, 2.0, 2.0, -1.0, -1.0, 2.0, -1.0, 0.0, 0.0, 1.0, 1.0, -1.0, -1.0, -1.0, -1.0, 2.0, 0.0, 0.0, -1.0, 2.0, 2.0, 0.0, 1.0, 2.0, -1.0, 2.0, 1.0, 2.0, 3.0, -1.0, 1.0, 1.0, -1.0, 0.0, -1.0, 0.0, 1.0, 3.0, 1.0, 0.0, 2.0, 1.0, 0.0, -1.0, 2.0, 3.0, 1.0, 2.0, 96136.0, 504.0, 99509.0
-1.0, 0.0, 1.0, 2.0, 2.0, -1.0, -1.0, 2.0, -1.0, 0.0, 0.0, 1.0, 1.0, -1.0, -1.0, -1.0, 2.0, 2.0, 0.0, 2.0, -1.0, 2.0, 2.0, 0.0, 1.0, 2.0, -1.0, 2.0, 0.0, 2.0, 3.0, -1.0, 1.0, 1.0, -1.0, 0.0, -1.0, 0.0, 1.0, 3.0, 1.0, 0.0, 2.0, -1.0, 1.0, -1.0, 2.0, 3.0, 1.0, 2.0, 96244.0, 502.0, 99509.0
1.0, 0.0, -1.0, 2.0, 1.0, 2.0, -1.0, -1.0, -1.0, 3.0, 3.0, 3.0, 0.0, 3.0, 1.0, 0.0, 1.0, 3.0, 1.0, 0.0, -1.0, 0.0, 0.0, 1.0, 2.0, -1.0, 0.0, 3.0, 3.0, 1.0, -1.0, 2.0, -1.0, 0.0, 3.0, 0.0, -1.0, 1.0, 0.0, 2.0, 0.0, 1.0, 1.0, 1.0, 0.0, 0.0, 3.0, 3.0, 1.0, 2.0, 95764.0, 576.0, 99439.0
-1.0, 0.0, 1.0, 2.0, 2.0, -1.0, -1.0, 2.0, -1.0, 0.0, 0.0, 1.0, 1.0, -1.0, -1.0, 3.0, -1.0, 2.0, 0.0, 2.0, -1.0, 2.0, 2.0, 0.0, 1.0, 2.0, -1.0, 2.0, 1.0, 2.0, 3.0, -1.0, 1.0, 1.0, -1.0, 0.0, -1.0, 0.0, 1.0, 3.0, 1.0, 0.0, 2.0, 1.0, 0.0, 0.0, 2.0, 3.0, 1.0, 2.0, 96057.0, 531.0, 99486.0
-1.0, 0.0, 1.0, 2.0, 2.0, -1.0, -1.0, 2.0, 0.0, 0.0, 0.0, 1.0, 1.0, -1.0, -1.0, -1.0, 2.0, 2.0, 0.0, 2.0, -1.0, 2.0, 2.0, 0.0, 1.0, -1.0, -1.0, 2.0, 0.0, 2.0, 0.0, -1.0, 1.0, 1.0, -1.0, 0.0, -1.0, 0.0, 1.0, 3.0, 1.0, 0.0, 2.0, 1.0, 0.0, -1.0, 2.0, 0.0, 1.0, 2.0, 95810.0, 520.0, 99495.0
-1.0, 0.0, 1.0, 2.0, 2.0, -1.0, -1.0, 2.0, -1.0, 0.0, 0.0, 1.0, 1.0, -1.0, -1.0, -1.0, -1.0, 2.0, 0.0, 2.0, -1.0, 2.0, 2.0, 0.0, 1.0, 2.0, -1.0, 2.0, 1.0, 2.0, 3.0, -1.0, 1.0, 1.0, -1.0, 0.0, -1.0, 0.0, 1.0, 3.0, 1.0, 0.0, 2.0, 1.0, 0.0, 0.0, 2.0, 3.0, 1.0, 2.0, 96123.0, 515.0, 99501.0
0.0, -1.0, 2.0, 0.0, 2.0, 0.0, -1.0, 1.0, -1.0, 0.0, 0.0, -1.0, 1.0, 0.0, 2.0, 1.0, 3.0, 3.0, 0.0, 1.0, 1.0, 1.0, 3.0, 2.0, 0.0, 0.0, 2.0, 2.0, 2.0, 3.0, 2.0, 2.0, 3.0, 0.0, 3.0, -1.0, -1.0, 3.0, 1.0, 3.0, 0.0, 1.0, 1.0, 1.0, 2.0, 2.0, -1.0, 1.0, 1.0, 3.0, 95661.0, 614.0, 99418.0
-1.0, 0.0, 1.0, 2.0, 2.0, -1.0, -1.0, 2.0, 0.0, 0.0, 0.0, 1.0, 1.0, -1.0, -1.0, -1.0, 2.0, 2.0, 0.0, 2.0, -1.0, 2.0, 2.0, 0.0, 1.0, 2.0, -1.0, 2.0, 0.0, 2.0, 0.0, -1.0, 1.0, 1.0, -1.0, 0.0, -1.0, 0.0, 1.0, 3.0, 1.0, 0.0, 2.0, 1.0, 0.0, -1.0, 2.0, 0.0, 1.0, 2.0, 95739.0, 535.0, 99484.0
0.0, -1.0, 2.0, 0.0, 2.0, 0.0, -1.0, 2.0, -1.0, 0.0, 0.0, -1.0, 1.0, 0.0, 2.0, 1.0, 3.0, 3.0, 0.0, 1.0, 1.0, 1.0, 3.0, 2.0, 0.0, 0.0, 2.0, 2.0, 2.0, 0.0, 2.0, 2.0, 3.0, 0.0, 3.0, -1.0, -1.0, 3.0, 1.0, -1.0, 0.0, 1.0, 1.0, 1.0, 2.0, 2.0, 0.0, 1.0, 1.0, 3.0, 95590.0, 615.0, 99417.0
-1.0, 0.0, 1.0, 2.0, 2.0, -1.0, 0.0, 2.0, -1.0, 0.0, 0.0, 1.0, 1.0, -1.0, -1.0, 3.0, -1.0, 2.0, 0.0, 2.0, -1.0, 2.0, 2.0, 0.0, 1.0, 2.0, -1.0, 2.0, 1.0, 2.0, 3.0, -1.0, 1.0, 1.0, 0.0, 0.0, -1.0, 0.0, 1.0, 3.0, 1.0, 0.0, 2.0, 1.0, 0.0, 0.0, 2.0, 3.0, 1.0, 2.0, 95847.0, 556.0, 99463.0
0.0, 1.0, 0.0, 1.0, 1.0, 0.0, -1.0, 2.0, -1.0, -1.0, 1.0, 0.0, 3.0, 0.0, -1.0, 1.0, 1.0, 1.0, 3.0, 0.0, 2.0, 3.0, 3.0, 3.0, 2.0, 2.0, 0.0, 1.0, 3.0, -1.0, 3.0, 3.0, 0.0, 0.0, 0.0, 3.0, -1.0, 2.0, 1.0, 2.0, 1.0, 1.0, 3.0, 2.0, -1.0, 0.0, 2.0, 0.0, 2.0, 1.0, 95664.0, 605.0, 99418.0
0.0, -1.0, 2.0, 0.0, 2.0, 0.0, -1.0, 2.0, -1.0, 0.0, 0.0, -1.0, 1.0, 0.0, 2.0, 1.0, 1.0, 3.0, 0.0, 1.0, 1.0, 1.0, 3.0, 2.0, 0.0, 0.0, 2.0, 2.0, 2.0, 3.0, -1.0, 2.0, 1.0, 0.0, 3.0, 0.0, -1.0, 3.0, 1.0, -1.0, 0.0, -1.0, 1.0, 1.0, 2.0, 2.0, -1.0, 0.0, 1.0, 3.0, 95573.0, 591.0, 99438.0
3.0, 3.0, 2.0, 1.0, -1.0, -1.0, 3.0, 1.0, 0.0, 1.0, 1.0, 3.0, 0.0, 0.0, 2.0, 3.0, 2.0, 0.0, 0.0, 2.0, 1.0, 1.0, 3.0, 2.0, 1.0, 3.0, 2.0, 0.0, 2.0, 0.0, 2.0, 3.0, 2.0, 0.0, 3.0, 2.0, 1.0, 1.0, 0.0, 1.0, 0.0, 2.0, 1.0, 1.0, 2.0, 3.0, 0.0, 0.0, 3.0, 1.0, 95384.0, 681.0, 99371.0
