5.99794245978, 1.17064994541, 1.73956589097, 1.00000009363, 5.41489360194, 1.09082536647, 1.09961598931, 1.26000070161, 1.00000088522, 5.68942097322, 7.24001721816, 1.0219232666, 2.637149886, 1.08415917072, 1.02562535324, 1.01484101633, 1.09617989944, 1.10625540436, 8.00208264765, 1.0000002066, 1.00000071837, 88.7249319177, 0.999846940772, 2.4589039718, 1.053153271, 3.97470204549, 0.870000584334, 275.938767361, 21.8504097387, 391.948755193, 0.536193029491
2.81950283675, 1.37624303928, 1.34369484966, 1.00000007659, 5.23946425607, 1.16511836986, 5.55891537825, 1.26000060501, 1.0000008056, 6.16104826918, 7.66665179512, 1.08505020039, 3.74917409314, 1.10600263106, 1.05176874238, 1.26762045399, 1.14803426775, 0.993437291112, 3.18476104697, 1.00000058604, 1.00000000579, 106.9703214, 1.03897311623, 2.68055323405, 1.04716062885, 3.68015937251, 0.870000271556, 274.980396839, 20.2040183451, 658.843775355, 1.34048257373
4.52868506763, 1.33259642987, 1.73457677131, 1.00000076967, 4.90295867121, 1.02496452644, 2.14520710736, 1.26000063126, 1.00000052897, 5.35374521781, 7.72051184186, 1.0277483832, 1.3191173979, 1.04378218475, 1.00339627926, 1.51323163743, 1.15888331744, 1.07864086495, 5.76058310866, 1.00000014747, 1.0000004609, 92.9938564245, 1.00855336486, 2.74975962254, 1.00833125267, 4.27571025037, 0.870000651849, 252.672393119, 19.5828934944, 251.846103546, 0.0
2.74492710428, 1.13409889172, 1.48876115036, 1.00000049258, 4.4797489216, 1.17623694382, 2.81861890317, 1.26000052342, 1.00000010481, 5.69683201589, 3.54054874224, 1.00025010876, 2.54639247696, 1.02152267667, 1.02469103798, 1.41877331332, 1.15252066948, 1.00291560309, 9.06717743977, 1.00000083046, 1.00000069246, 83.9855864072, 0.945523370474, 1.04440430112, 1.00200488803, 3.6455941927, 0.87000006855, 208.907066217, 24.9832925171, 731.787735442, 0.0
1.8547912903, 1.1543708068, 1.71153501396, 1.00000051296, 6.79576771559, 1.02054196171, 1.84340711627, 1.26000099815, 1.00000099203, 5.35176386082, 7.14430894521, 1.03120396825, 2.11172988747, 1.05350283972, 1.01450677892, 1.47934137988, 1.1677756346, 0.919336891135, 6.83693626533, 1.0000005286, 1.00000012483, 117.564895466, 0.990120731271, 4.93557585148, 0.98195369201, 4.30230272008, 0.870000976814, 381.543636168, 31.2798509304, 285.766698675, 0.536193029491
2.40525333818, 1.34834127201, 1.68119310733, 1.00000092675, 5.53319092649, 1.01149099284, 3.26621025218, 1.26000087674, 1.00000041543, 5.79871044806, 5.39409365202, 1.02750323346, 1.73825501083, 1.03186418987, 1.05833458002, 1.06197873897, 1.1614838008, 1.06521725435, 4.37493519004, 1.0000004768, 1.00000085399, 102.7900175, 0.986254360258, 4.59162977851, 0.990339117547, 3.37294068933, 0.870000320705, 105.186597066, 15.4586659919, 212.562166477, 1.87667560322
3.09288640019, 1.05234872559, 1.59977050294, 1.00000097052, 6.72521549188, 1.02313385395, 3.17889646513, 1.26000082294, 1.00000048028, 5.74949351847, 3.9529030747, 1.09295762572, 1.01770131294, 1.06316639825, 1.03898208697, 1.09344425821, 1.04055164035, 1.08273884989, 8.1587117513, 1.00000032482, 1.00000009631, 90.1039915622, 0.976880533116, 2.36934462859, 1.01296015722, 4.07497581703, 0.87000013555, 397.063416203, 29.9427407755, 1145.90470243, 0.804289544236
3.09288640019, 1.05234872559, 1.59977050294, 1.00000097052, 6.72521549188, 1.02313385395, 3.17889646513, 1.26000082294, 1.00000048028, 5.74949351847, 3.9529030747, 1.09295762572, 1.01770131294, 1.06316639825, 1.03898208697, 1.09344425821, 1.04055164035, 1.08273884989, 8.1587117513, 1.00000032482, 1.00000009631, 90.1039915622, 0.976880533116, 2.36934462859, 1.01296015722, 4.07497581703, 0.87000013555, 397.063416203, 29.9427407755, 1145.90470243, 0.804289544236
2.29649645183, 1.00682288776, 1.40187629591, 1.00000039059, 7.05553439924, 1.17846618339, 3.16431561152, 1.26000089204, 1.00000076146, 5.13427984042, 3.22207315003, 1.05181894318, 1.32992446606, 1.00186772036, 1.03897865918, 1.53526851696, 1.05845542272, 0.98792604847, 4.2189783484, 1.00000041988, 1.00000016138, 103.227625838, 0.950574812784, 3.39322323981, 1.01653934126, 4.33249620856, 0.870000400011, 307.603259873, 14.6390538639, 1520.43710238, 3.21715817694
2.29649645183, 1.00682288776, 1.40187629591, 1.00000039059, 7.05553439924, 1.17846618339, 3.16431561152, 1.26000089204, 1.00000076146, 5.13427984042, 3.22207315003, 1.05181894318, 1.32992446606, 1.00186772036, 1.03897865918, 1.53526851696, 1.05845542272, 0.98792604847, 4.2189783484, 1.00000041988, 1.00000016138, 103.227625838, 0.950574812784, 3.39322323981, 1.01653934126, 4.33249620856, 0.870000400011, 307.603259873, 14.6390538639, 1520.43710238, 3.21715817694
3.09288640019, 1.05234872559, 1.59977050294, 1.00000097052, 6.72521549188, 1.02313385395, 3.02126657681, 1.26000082294, 1.00000048028, 5.74949351847, 3.9529030747, 1.09295762572, 1.01770131294, 1.06316639825, 1.03898208697, 1.09344425821, 1.04055164035, 1.08273884989, 8.1587117513, 1.00000032482, 1.00000009631, 90.1039915622, 0.976880533116, 2.36934462859, 1.01296015722, 4.10356969543, 0.87000013555, 325.407026646, 15.2411113212, 934.825937157, 5.36193029491
3.09288640019, 1.05234872559, 1.59977050294, 1.00000097052, 6.72521549188, 1.02313385395, 3.02126657681, 1.26000082294, 1.00000048028, 5.74949351847, 3.9529030747, 1.09295762572, 1.01770131294, 1.06316639825, 1.03898208697, 1.09344425821, 1.04055164035, 1.08273884989, 8.1587117513, 1.00000032482, 1.00000009631, 90.1039915622, 0.976880533116, 2.36934462859, 1.01296015722, 4.10356969543, 0.87000013555, 325.407026646, 15.2411113212, 934.825937157, 5.36193029491
3.09288640019, 1.05234872559, 1.59977050294, 1.00000097052, 6.72521549188, 1.02313385395, 3.02126657681, 1.26000082294, 1.00000048028, 5.74949351847, 3.9529030747, 1.09295762572, 1.01770131294, 1.06316639825, 1.03898208697, 1.09344425821, 1.04055164035, 1.08273884989, 8.1587117513, 1.00000032482, 1.00000009631, 90.1039915622, 0.976880533116, 2.36934462859, 1.01296015722, 4.10356969543, 0.87000013555, 325.407026646, 15.2411113212, 934.825937157, 5.36193029491
3.09288640019, 1.05234872559, 1.59977050294, 1.00000097052, 6.72521549188, 1.02313385395, 3.02126657681, 1.26000082294, 1.00000048028, 5.74949351847, 3.9529030747, 1.09295762572, 1.01770131294, 1.06316639825, 1.03898208697, 1.09344425821, 1.04055164035, 1.08273884989, 8.1587117513, 1.00000032482, 1.00000009631, 90.1039915622, 0.976880533116, 2.36934462859, 1.01296015722, 4.10356969543, 0.87000013555, 325.407026646, 15.2411113212, 934.825937157, 5.36193029491
3.09288640019, 1.05234872559, 1.59977050294, 1.00000097052, 6.72521549188, 1.02313385395, 3.02126657681, 1.26000082294, 1.00000048028, 5.74949351847, 3.9529030747, 1.09295762572, 1.01770131294, 1.06316639825, 1.03898208697, 1.09344425821, 1.04055164035, 1.08273884989, 8.1587117513, 1.00000032482, 1.00000009631, 90.1039915622, 0.976880533116, 2.36934462859, 1.01296015722, 4.10356969543, 0.87000013555, 325.407026646, 15.2411113212, 934.825937157, 5.36193029491
3.09288640019, 1.05234872559, 1.59977050294, 1.00000097052, 6.72521549188, 1.02313385395, 3.02126657681, 1.26000082294, 1.00000048028, 5.74949351847, 3.9529030747, 1.09295762572, 1.01770131294, 1.06316639825, 1.03898208697, 1.09344425821, 1.04055164035, 1.08273884989, 8.1587117513, 1.00000032482, 1.00000009631, 90.1039915622, 0.976880533116, 2.36934462859, 1.01296015722, 4.10356969543, 0.87000013555, 325.407026646, 15.2411113212, 934.825937157, 5.36193029491
3.09288640019, 1.05234872559, 1.59977050294, 1.00000097052, 6.72521549188, 1.02313385395, 3.02126657681, 1.26000082294, 1.00000048028, 5.74949351847, 3.9529030747, 1.09295762572, 1.01770131294, 1.06316639825, 1.03898208697, 1.09344425821, 1.04055164035, 1.08273884989, 8.1587117513, 1.00000032482, 1.00000009631, 90.1039915622, 0.976880533116, 2.36934462859, 1.01296015722, 4.10356969543, 0.87000013555, 325.407026646, 15.2411113212, 934.825937157, 5.36193029491
3.1321187878, 1.05222266643, 1.59977050294, 1.00000097052, 6.72521549188, 1.02313385395, 3.02214022635, 1.26000082294, 1.00000048151, 5.13654081974, 3.9529030747, 1.05199305552, 1.01770131294, 1.06159217524, 1.03898208697, 1.09344425821, 1.05241787983, 1.08273884989, 8.1587117513, 1.00000026389, 1.00000008948, 103.102391602, 0.976880533116, 2.36934462859, 1.01282092515, 4.33191373109, 0.870000094664, 130.077498061, 22.428835021, 1423.66106293, 0.0
3.1321187878, 1.05222266643, 1.59977050294, 1.00000097052, 6.72521549188, 1.02313385395, 3.02214022635, 1.26000082294, 1.00000048151, 5.13654081974, 3.9529030747, 1.05199305552, 1.01770131294, 1.06159217524, 1.03898208697, 1.09344425821, 1.05241787983, 1.08273884989, 8.1587117513, 1.00000026389, 1.00000008948, 103.102391602, 0.976880533116, 2.36934462859, 1.01282092515, 4.33191373109, 0.870000094664, 130.077498061, 22.428835021, 1423.66106293, 0.0
2.86113897502, 1.2581848685, 1.73555157293, 1.00000050064, 4.97444695523, 1.17944063779, 4.15399147084, 1.26000089317, 1.00000053257, 5.88943244471, 4.24998112966, 1.00005113205, 2.5720462539, 1.00195937208, 1.03896983398, 1.5349652371, 1.05908792736, 0.961499477754, 5.75766501563, 1.00000056113, 1.00000016145, 92.6732782476, 0.952029963298, 3.42268478398, 1.01682786593, 3.62488942376, 0.870000413741, 295.507787864, 14.8004913394, 851.526711344, 1.87667560322
2.86113897502, 1.2581848685, 1.73555157293, 1.00000050064, 4.97444695523, 1.17944063779, 4.15399147084, 1.26000089317, 1.00000053257, 5.88943244471, 4.24998112966, 1.00005113205, 2.5720462539, 1.00195937208, 1.03896983398, 1.5349652371, 1.05908792736, 0.961499477754, 5.75766501563, 1.00000056113, 1.00000016145, 92.6732782476, 0.952029963298, 3.42268478398, 1.01682786593, 3.62488942376, 0.870000413741, 295.507787864, 14.8004913394, 851.526711344, 1.87667560322
2.86113897502, 1.2581848685, 1.73555157293, 1.00000050064, 4.97444695523, 1.17944063779, 4.15399147084, 1.26000089317, 1.00000053257, 5.88943244471, 4.24998112966, 1.00005113205, 2.5720462539, 1.00195937208, 1.03896983398, 1.5349652371, 1.05908792736, 0.961499477754, 5.75766501563, 1.00000056113, 1.00000016145, 92.6732782476, 0.952029963298, 3.42268478398, 1.01682786593, 3.62488942376, 0.870000413741, 295.507787864, 14.8004913394, 851.526711344, 1.87667560322
2.86113897502, 1.2581848685, 1.73555157293, 1.00000050064, 4.97444695523, 1.17944063779, 4.15399147084, 1.26000089317, 1.00000053257, 5.88943244471, 4.24998112966, 1.00005113205, 2.5720462539, 1.00195937208, 1.03896983398, 1.5349652371, 1.05908792736, 0.961499477754, 5.75766501563, 1.00000056113, 1.00000016145, 92.6732782476, 0.952029963298, 3.42268478398, 1.01682786593, 3.62488942376, 0.870000413741, 295.507787864, 14.8004913394, 851.526711344, 1.87667560322
2.86113897502, 1.2581848685, 1.73555157293, 1.00000050064, 4.97444695523, 1.17944063779, 4.15399147084, 1.26000089317, 1.00000053257, 5.88943244471, 4.24998112966, 1.00005113205, 2.5720462539, 1.00195937208, 1.03896983398, 1.5349652371, 1.05908792736, 0.961499477754, 5.75766501563, 1.00000056113, 1.00000016145, 92.6732782476, 0.952029963298, 3.42268478398, 1.01682786593, 3.62488942376, 0.870000413741, 295.507787864, 14.8004913394, 851.526711344, 1.87667560322
2.86113897502, 1.2581848685, 1.73555157293, 1.00000050064, 4.97444695523, 1.17944063779, 4.15399147084, 1.26000089317, 1.00000053257, 5.88943244471, 4.24998112966, 1.00005113205, 2.5720462539, 1.00195937208, 1.03896983398, 1.5349652371, 1.05908792736, 0.961499477754, 5.75766501563, 1.00000056113, 1.00000016145, 92.6732782476, 0.952029963298, 3.42268478398, 1.01682786593, 3.62488942376, 0.870000413741, 295.507787864, 14.8004913394, 851.526711344, 1.87667560322
2.86113897502, 1.2581848685, 1.73555157293, 1.00000050064, 4.97444695523, 1.17944063779, 4.15399147084, 1.26000089317, 1.00000053257, 5.88943244471, 4.24998112966, 1.00005113205, 2.5720462539, 1.00195937208, 1.03896983398, 1.5349652371, 1.05908792736, 0.961499477754, 5.75766501563, 1.00000056113, 1.00000016145, 92.6732782476, 0.952029963298, 3.42268478398, 1.01682786593, 3.62488942376, 0.870000413741, 295.507787864, 14.8004913394, 851.526711344, 1.87667560322
2.86113897502, 1.2581848685, 1.73555157293, 1.00000050064, 4.97444695523, 1.17944063779, 4.15399147084, 1.26000089317, 1.00000053257, 5.88943244471, 4.24998112966, 1.00005113205, 2.5720462539, 1.00195937208, 1.03896983398, 1.5349652371, 1.05908792736, 0.961499477754, 5.75766501563, 1.00000056113, 1.00000016145, 92.6732782476, 0.952029963298, 3.42268478398, 1.01682786593, 3.62488942376, 0.870000413741, 295.507787864, 14.8004913394, 851.526711344, 1.87667560322
2.88927432843, 1.26186685276, 1.68477519466, 1.00000039214, 4.97968977559, 1.04230777033, 3.98243702805, 1.26000078695, 1.0000005223, 5.80790945179, 3.22929408946, 1.00053673747, 2.39645461067, 1.0021188764, 1.04880679296, 1.51122611414, 1.04678710827, 0.969475422657, 5.76170942451, 1.00000056104, 1.00000016154, 85.4356798496, 1.08882424275, 3.3648950245, 1.0202522249, 3.65224844881, 0.870000056378, 101.75647958, 15.6697277711, 1107.34253929, 2.14477211796
2.88927432843, 1.26186685276, 1.68477519466, 1.00000039214, 4.97968977559, 1.04230777033, 3.98243702805, 1.26000078695, 1.0000005223, 5.80790945179, 3.22929408946, 1.00053673747, 2.39645461067, 1.0021188764, 1.04880679296, 1.51122611414, 1.04678710827, 0.969475422657, 5.76170942451, 1.00000056104, 1.00000016154, 85.4356798496, 1.08882424275, 3.3648950245, 1.0202522249, 3.65224844881, 0.870000056378, 101.75647958, 15.6697277711, 1107.34253929, 2.14477211796
2.88927432843, 1.26186685276, 1.68477519466, 1.00000039214, 4.97968977559, 1.04230777033, 3.98243702805, 1.26000078695, 1.0000005223, 5.80790945179, 3.22929408946, 1.00053673747, 2.39645461067, 1.0021188764, 1.04880679296, 1.51122611414, 1.04678710827, 0.969475422657, 5.76170942451, 1.00000056104, 1.00000016154, 85.4356798496, 1.08882424275, 3.3648950245, 1.0202522249, 3.65224844881, 0.870000056378, 101.75647958, 15.6697277711, 1107.34253929, 2.14477211796
2.88927432843, 1.26186685276, 1.68477519466, 1.00000039214, 4.97968977559, 1.04230777033, 3.98243702805, 1.26000078695, 1.0000005223, 5.80790945179, 3.22929408946, 1.00053673747, 2.39645461067, 1.0021188764, 1.04880679296, 1.51122611414, 1.04678710827, 0.969475422657, 5.76170942451, 1.00000056104, 1.00000016154, 85.4356798496, 1.08882424275, 3.3648950245, 1.0202522249, 3.65224844881, 0.870000056378, 101.75647958, 15.6697277711, 1107.34253929, 2.14477211796
3.07582091148, 1.06146219369, 1.40491493949, 1.00000034873, 7.05553439924, 1.17846618339, 3.16049366685, 1.26000089204, 1.00000075471, 5.13427984042, 3.92237995463, 1.09173894252, 1.01992238751, 1.06320609347, 1.03897865918, 1.53526851696, 1.05845542272, 0.948811688993, 4.2189783484, 1.00000041824, 1.00000009642, 103.227625838, 0.950574812784, 3.34471493653, 1.01653934126, 4.33462250458, 0.870000395341, 145.520965708, 22.5526705428, 885.175024878, 0.536193029491
3.07582091148, 1.06146219369, 1.40491493949, 1.00000034873, 7.05553439924, 1.17846618339, 3.16049366685, 1.26000089204, 1.00000075471, 5.13427984042, 3.92237995463, 1.09173894252, 1.01992238751, 1.06320609347, 1.03897865918, 1.53526851696, 1.05845542272, 0.948811688993, 4.2189783484, 1.00000041824, 1.00000009642, 103.227625838, 0.950574812784, 3.34471493653, 1.01653934126, 4.33462250458, 0.870000395341, 145.520965708, 22.5526705428, 885.175024878, 0.536193029491
3.07582091148, 1.06146219369, 1.40491493949, 1.00000034873, 7.05553439924, 1.17846618339, 3.16049366685, 1.26000089204, 1.00000075471, 5.13427984042, 3.92237995463, 1.09173894252, 1.01992238751, 1.06320609347, 1.03897865918, 1.53526851696, 1.05845542272, 0.948811688993, 4.2189783484, 1.00000041824, 1.00000009642, 103.227625838, 0.950574812784, 3.34471493653, 1.01653934126, 4.33462250458, 0.870000395341, 145.520965708, 22.5526705428, 885.175024878, 0.536193029491
3.07582091148, 1.06146219369, 1.40491493949, 1.00000034873, 7.05553439924, 1.17846618339, 3.16049366685, 1.26000089204, 1.00000075471, 5.13427984042, 3.92237995463, 1.09173894252, 1.01992238751, 1.06320609347, 1.03897865918, 1.53526851696, 1.05845542272, 0.948811688993, 4.2189783484, 1.00000041824, 1.00000009642, 103.227625838, 0.950574812784, 3.34471493653, 1.01653934126, 4.33462250458, 0.870000395341, 145.520965708, 22.5526705428, 885.175024878, 0.536193029491
3.07582091148, 1.06146219369, 1.40491493949, 1.00000034873, 7.05553439924, 1.17846618339, 3.16049366685, 1.26000089204, 1.00000075471, 5.13427984042, 3.92237995463, 1.09173894252, 1.01992238751, 1.06320609347, 1.03897865918, 1.53526851696, 1.05845542272, 0.948811688993, 4.2189783484, 1.00000041824, 1.00000009642, 103.227625838, 0.950574812784, 3.34471493653, 1.01653934126, 4.33462250458, 0.870000395341, 145.520965708, 22.5526705428, 885.175024878, 0.536193029491
3.07582091148, 1.06146219369, 1.40491493949, 1.00000034873, 7.05553439924, 1.17846618339, 3.16049366685, 1.26000089204, 1.00000075471, 5.13427984042, 3.92237995463, 1.09173894252, 1.01992238751, 1.06320609347, 1.03897865918, 1.53526851696, 1.05845542272, 0.948811688993, 4.2189783484, 1.00000041824, 1.00000009642, 103.227625838, 0.950574812784, 3.34471493653, 1.01653934126, 4.33462250458, 0.870000395341, 145.520965708, 22.5526705428, 885.175024878, 0.536193029491
3.07582091148, 1.06146219369, 1.40491493949, 1.00000034873, 7.05553439924, 1.17846618339, 3.16049366685, 1.26000089204, 1.00000075471, 5.13427984042, 3.92237995463, 1.09173894252, 1.01992238751, 1.06320609347, 1.03897865918, 1.53526851696, 1.05845542272, 0.948811688993, 4.2189783484, 1.00000041824, 1.00000009642, 103.227625838, 0.950574812784, 3.34471493653, 1.01653934126, 4.33462250458, 0.870000395341, 145.520965708, 22.5526705428, 885.175024878, 0.536193029491
3.07582091148, 1.06146219369, 1.40491493949, 1.00000034873, 7.05553439924, 1.17846618339, 3.16049366685, 1.26000089204, 1.00000075471, 5.13427984042, 3.92237995463, 1.09173894252, 1.01992238751, 1.06320609347, 1.03897865918, 1.53526851696, 1.05845542272, 0.948811688993, 4.2189783484, 1.00000041824, 1.00000009642, 103.227625838, 0.950574812784, 3.34471493653, 1.01653934126, 4.33462250458, 0.870000395341, 145.520965708, 22.5526705428, 885.175024878, 0.536193029491
3.07582091148, 1.06146219369, 1.40491493949, 1.00000034873, 7.05553439924, 1.17846618339, 3.16049366685, 1.26000089204, 1.00000075471, 5.13427984042, 3.92237995463, 1.09173894252, 1.01992238751, 1.06320609347, 1.03897865918, 1.53526851696, 1.05845542272, 0.948811688993, 4.2189783484, 1.00000041824, 1.00000009642, 103.227625838, 0.950574812784, 3.34471493653, 1.01653934126, 4.33462250458, 0.870000395341, 145.520965708, 22.5526705428, 885.175024878, 0.536193029491
3.07582091148, 1.06146219369, 1.40491493949, 1.00000034873, 7.05553439924, 1.17846618339, 3.16049366685, 1.26000089204, 1.00000075471, 5.13427984042, 3.92237995463, 1.09173894252, 1.01992238751, 1.06320609347, 1.03897865918, 1.53526851696, 1.05845542272, 0.948811688993, 4.2189783484, 1.00000041824, 1.00000009642, 103.227625838, 0.950574812784, 3.34471493653, 1.01653934126, 4.33462250458, 0.870000395341, 145.520965708, 22.5526705428, 885.175024878, 0.536193029491
3.07582091148, 1.06146219369, 1.40491493949, 1.00000034873, 7.05553439924, 1.17846618339, 3.16049366685, 1.26000089204, 1.00000075471, 5.13427984042, 3.92237995463, 1.09173894252, 1.01992238751, 1.06320609347, 1.03897865918, 1.53526851696, 1.05845542272, 0.948811688993, 4.2189783484, 1.00000041824, 1.00000009642, 103.227625838, 0.950574812784, 3.34471493653, 1.01653934126, 4.33462250458, 0.870000395341, 145.520965708, 22.5526705428, 885.175024878, 0.536193029491
3.12171598712, 1.26187521672, 1.68477519466, 1.00000039214, 5.05045672317, 1.04230777033, 3.98243702805, 1.26000078546, 1.00000034123, 5.80794886679, 3.22929408946, 1.05010126152, 2.3941044548, 1.02109675552, 1.04880679296, 1.51097134768, 1.04672695169, 0.973551540386, 5.21357932893, 1.00000054346, 1.00000016863, 85.4356798496, 1.08882424275, 3.34894689184, 0.971398372144, 3.65224844881, 0.870000056488, 40.9528545091, 14.8160806747, 391.345591343, 2.14477211796
3.12171598712, 1.26187521672, 1.68477519466, 1.00000039214, 5.05045672317, 1.04230777033, 3.98243702805, 1.26000078546, 1.00000034123, 5.80794886679, 3.22929408946, 1.05010126152, 2.3941044548, 1.02109675552, 1.04880679296, 1.51097134768, 1.04672695169, 0.973551540386, 5.21357932893, 1.00000054346, 1.00000016863, 85.4356798496, 1.08882424275, 3.34894689184, 0.971398372144, 3.65224844881, 0.870000056488, 40.9528545091, 14.8160806747, 391.345591343, 2.14477211796
3.12171598712, 1.26187521672, 1.68477519466, 1.00000039214, 5.05045672317, 1.04230777033, 3.98243702805, 1.26000078546, 1.00000034123, 5.80794886679, 3.22929408946, 1.05010126152, 2.3941044548, 1.02109675552, 1.04880679296, 1.51097134768, 1.04672695169, 0.973551540386, 5.21357932893, 1.00000054346, 1.00000016863, 85.4356798496, 1.08882424275, 3.34894689184, 0.971398372144, 3.65224844881, 0.870000056488, 40.9528545091, 14.8160806747, 391.345591343, 2.14477211796
3.12171598712, 1.26187521672, 1.68477519466, 1.00000039214, 5.05045672317, 1.04230777033, 3.98243702805, 1.26000078546, 1.00000034123, 5.80794886679, 3.22929408946, 1.05010126152, 2.3941044548, 1.02109675552, 1.04880679296, 1.51097134768, 1.04672695169, 0.973551540386, 5.21357932893, 1.00000054346, 1.00000016863, 85.4356798496, 1.08882424275, 3.34894689184, 0.971398372144, 3.65224844881, 0.870000056488, 40.9528545091, 14.8160806747, 391.345591343, 2.14477211796
3.12171598712, 1.26187521672, 1.68477519466, 1.00000039214, 5.05045672317, 1.04230777033, 3.98243702805, 1.26000078546, 1.00000034123, 5.80794886679, 3.22929408946, 1.05010126152, 2.3941044548, 1.02109675552, 1.04880679296, 1.51097134768, 1.04672695169, 0.973551540386, 5.21357932893, 1.00000054346, 1.00000016863, 85.4356798496, 1.08882424275, 3.34894689184, 0.971398372144, 3.65224844881, 0.870000056488, 40.9528545091, 14.8160806747, 391.345591343, 2.14477211796
3.12171598712, 1.26187521672, 1.68477519466, 1.00000039214, 5.05045672317, 1.04230777033, 3.98243702805, 1.26000078546, 1.00000034123, 5.80794886679, 3.22929408946, 1.05010126152, 2.3941044548, 1.02109675552, 1.04880679296, 1.51097134768, 1.04672695169, 0.973551540386, 5.21357932893, 1.00000054346, 1.00000016863, 85.4356798496, 1.08882424275, 3.34894689184, 0.971398372144, 3.65224844881, 0.870000056488, 40.9528545091, 14.8160806747, 391.345591343, 2.14477211796
3.12171598712, 1.26187521672, 1.68477519466, 1.00000039214, 5.05045672317, 1.04230777033, 3.98243702805, 1.26000078546, 1.00000034123, 5.80794886679, 3.22929408946, 1.05010126152, 2.3941044548, 1.02109675552, 1.04880679296, 1.51097134768, 1.04672695169, 0.973551540386, 5.21357932893, 1.00000054346, 1.00000016863, 85.4356798496, 1.08882424275, 3.34894689184, 0.971398372144, 3.65224844881, 0.870000056488, 40.9528545091, 14.8160806747, 391.345591343, 2.14477211796
3.12171598712, 1.26187521672, 1.68477519466, 1.00000039214, 5.05045672317, 1.04230777033, 3.98243702805, 1.26000078546, 1.00000034123, 5.80794886679, 3.22929408946, 1.05010126152, 2.3941044548, 1.02109675552, 1.04880679296, 1.51097134768, 1.04672695169, 0.973551540386, 5.21357932893, 1.00000054346, 1.00000016863, 85.4356798496, 1.08882424275, 3.34894689184, 0.971398372144, 3.65224844881, 0.870000056488, 40.9528545091, 14.8160806747, 391.345591343, 2.14477211796
3.12171598712, 1.26187521672, 1.68477519466, 1.00000039214, 5.05045672317, 1.04230777033, 3.98243702805, 1.26000078546, 1.00000034123, 5.80794886679, 3.22929408946, 1.05010126152, 2.3941044548, 1.02109675552, 1.04880679296, 1.51097134768, 1.04672695169, 0.973551540386, 5.21357932893, 1.00000054346, 1.00000016863, 85.4356798496, 1.08882424275, 3.34894689184, 0.971398372144, 3.65224844881, 0.870000056488, 40.9528545091, 14.8160806747, 391.345591343, 2.14477211796
3.12171598712, 1.26187521672, 1.68477519466, 1.00000039214, 5.05045672317, 1.04230777033, 3.98243702805, 1.26000078546, 1.00000034123, 5.80794886679, 3.22929408946, 1.05010126152, 2.3941044548, 1.02109675552, 1.04880679296, 1.51097134768, 1.04672695169, 0.973551540386, 5.21357932893, 1.00000054346, 1.00000016863, 85.4356798496, 1.08882424275, 3.34894689184, 0.971398372144, 3.65224844881, 0.870000056488, 40.9528545091, 14.8160806747, 391.345591343, 2.14477211796
3.12171598712, 1.26187521672, 1.68477519466, 1.00000039214, 5.05045672317, 1.04230777033, 3.98243702805, 1.26000078546, 1.00000034123, 5.80794886679, 3.22929408946, 1.05010126152, 2.3941044548, 1.02109675552, 1.04880679296, 1.51097134768, 1.04672695169, 0.973551540386, 5.21357932893, 1.00000054346, 1.00000016863, 85.4356798496, 1.08882424275, 3.34894689184, 0.971398372144, 3.65224844881, 0.870000056488, 40.9528545091, 14.8160806747, 391.345591343, 2.14477211796
3.12171598712, 1.26187521672, 1.68477519466, 1.00000039214, 5.05045672317, 1.04230777033, 3.98243702805, 1.26000078546, 1.00000034123, 5.80794886679, 3.22929408946, 1.05010126152, 2.3941044548, 1.02109675552, 1.04880679296, 1.51097134768, 1.04672695169, 0.973551540386, 5.21357932893, 1.00000054346, 1.00000016863, 85.4356798496, 1.08882424275, 3.34894689184, 0.971398372144, 3.65224844881, 0.870000056488, 40.9528545091, 14.8160806747, 391.345591343, 2.14477211796
3.12171598712, 1.26187521672, 1.68477519466, 1.00000039214, 5.05045672317, 1.04230777033, 3.98243702805, 1.26000078546, 1.00000034123, 5.80794886679, 3.22929408946, 1.05010126152, 2.3941044548, 1.02109675552, 1.04880679296, 1.51097134768, 1.04672695169, 0.973551540386, 5.21357932893, 1.00000054346, 1.00000016863, 85.4356798496, 1.08882424275, 3.34894689184, 0.971398372144, 3.65224844881, 0.870000056488, 40.9528545091, 14.8160806747, 391.345591343, 2.14477211796
3.12171598712, 1.26187521672, 1.68477519466, 1.00000039214, 5.05045672317, 1.04230777033, 3.98243702805, 1.26000078546, 1.00000034123, 5.80794886679, 3.22929408946, 1.05010126152, 2.3941044548, 1.02109675552, 1.04880679296, 1.51097134768, 1.04672695169, 0.973551540386, 5.21357932893, 1.00000054346, 1.00000016863, 85.4356798496, 1.08882424275, 3.34894689184, 0.971398372144, 3.65224844881, 0.870000056488, 40.9528545091, 14.8160806747, 391.345591343, 2.14477211796
3.12171598712, 1.26187521672, 1.68477519466, 1.00000039214, 5.05045672317, 1.04230777033, 3.98243702805, 1.26000078546, 1.00000034123, 5.80794886679, 3.22929408946, 1.05010126152, 2.3941044548, 1.02109675552, 1.04880679296, 1.51097134768, 1.04672695169, 0.973551540386, 5.21357932893, 1.00000054346, 1.00000016863, 85.4356798496, 1.08882424275, 3.34894689184, 0.971398372144, 3.65224844881, 0.870000056488, 40.9528545091, 14.8160806747, 391.345591343, 2.14477211796
3.12171598712, 1.26187521672, 1.68477519466, 1.00000039214, 5.05045672317, 1.04230777033, 3.98243702805, 1.26000078546, 1.00000034123, 5.80794886679, 3.22929408946, 1.05010126152, 2.3941044548, 1.02109675552, 1.04880679296, 1.51097134768, 1.04672695169, 0.973551540386, 5.21357932893, 1.00000054346, 1.00000016863, 85.4356798496, 1.08882424275, 3.34894689184, 0.971398372144, 3.65224844881, 0.870000056488, 40.9528545091, 14.8160806747, 391.345591343, 2.14477211796
3.12171598712, 1.26187521672, 1.68477519466, 1.00000039214, 5.05045672317, 1.04230777033, 3.98243702805, 1.26000078546, 1.00000034123, 5.80794886679, 3.22929408946, 1.05010126152, 2.3941044548, 1.02109675552, 1.04880679296, 1.51097134768, 1.04672695169, 0.973551540386, 5.21357932893, 1.00000054346, 1.00000016863, 85.4356798496, 1.08882424275, 3.34894689184, 0.971398372144, 3.65224844881, 0.870000056488, 40.9528545091, 14.8160806747, 391.345591343, 2.14477211796
3.12171598712, 1.26187521672, 1.68477519466, 1.00000039214, 5.05045672317, 1.04230777033, 3.98243702805, 1.26000078546, 1.00000034123, 5.80794886679, 3.22929408946, 1.05010126152, 2.3941044548, 1.02109675552, 1.04880679296, 1.51097134768, 1.04672695169, 0.973551540386, 5.21357932893, 1.00000054346, 1.00000016863, 85.4356798496, 1.08882424275, 3.34894689184, 0.971398372144, 3.65224844881, 0.870000056488, 40.9528545091, 14.8160806747, 391.345591343, 2.14477211796
3.12171598712, 1.26187521672, 1.68477519466, 1.00000039214, 5.05045672317, 1.04230777033, 3.98243702805, 1.26000078546, 1.00000034123, 5.80794886679, 3.22929408946, 1.05010126152, 2.3941044548, 1.02109675552, 1.04880679296, 1.51097134768, 1.04672695169, 0.973551540386, 5.21357932893, 1.00000054346, 1.00000016863, 85.4356798496, 1.08882424275, 3.34894689184, 0.971398372144, 3.65224844881, 0.870000056488, 40.9528545091, 14.8160806747, 391.345591343, 2.14477211796
3.12171598712, 1.26187521672, 1.68477519466, 1.00000039214, 5.05045672317, 1.04230777033, 3.98243702805, 1.26000078546, 1.00000034123, 5.80794886679, 3.22929408946, 1.05010126152, 2.3941044548, 1.02109675552, 1.04880679296, 1.51097134768, 1.04672695169, 0.973551540386, 5.21357932893, 1.00000054346, 1.00000016863, 85.4356798496, 1.08882424275, 3.34894689184, 0.971398372144, 3.65224844881, 0.870000056488, 40.9528545091, 14.8160806747, 391.345591343, 2.14477211796
2.88927432843, 1.06195342206, 1.68477519466, 1.00000034901, 5.04959077632, 1.04230777033, 3.98243702805, 1.26000078551, 1.00000078594, 5.80671007291, 3.19209285399, 1.05069622098, 2.3941044548, 1.02109675552, 1.03897797488, 1.53506313822, 1.04677184291, 0.96906488233, 5.2026291572, 1.00000056375, 1.00000016735, 85.6913006737, 0.950809634742, 3.35802949144, 0.97061156044, 4.32795794041, 0.870000062186, 274.475505793, 17.1102823432, 1161.7268791, 0.268096514745
2.88927432843, 1.06195342206, 1.68477519466, 1.00000034901, 5.04959077632, 1.04230777033, 3.98243702805, 1.26000078551, 1.00000078594, 5.80671007291, 3.19209285399, 1.05069622098, 2.3941044548, 1.02109675552, 1.03897797488, 1.53506313822, 1.04677184291, 0.96906488233, 5.2026291572, 1.00000056375, 1.00000016735, 85.6913006737, 0.950809634742, 3.35802949144, 0.97061156044, 4.32795794041, 0.870000062186, 274.475505793, 17.1102823432, 1161.7268791, 0.268096514745
2.88927432843, 1.06195342206, 1.68477519466, 1.00000034901, 5.04959077632, 1.04230777033, 3.98243702805, 1.26000078551, 1.00000078594, 5.80671007291, 3.19209285399, 1.05069622098, 2.3941044548, 1.02109675552, 1.03897797488, 1.53506313822, 1.04677184291, 0.96906488233, 5.2026291572, 1.00000056375, 1.00000016735, 85.6913006737, 0.950809634742, 3.35802949144, 0.97061156044, 4.32795794041, 0.870000062186, 274.475505793, 17.1102823432, 1161.7268791, 0.268096514745
3.07582091148, 1.06146219369, 1.40491493949, 1.00000034873, 7.05553439924, 1.17846618339, 3.16049366685, 1.26000089204, 1.00000075471, 5.13427984042, 3.92237995463, 1.09173894252, 1.01992238751, 1.06320609347, 1.03897865918, 1.53526851696, 1.05845542272, 0.948811688993, 4.2189783484, 1.00000041824, 1.00000009642, 103.227625838, 0.950574812784, 3.42587144522, 1.01653934126, 4.33462250458, 0.870000395341, 375.674624453, 30.3515499738, 967.005471953, 0.0
3.07582091148, 1.06146219369, 1.40491493949, 1.00000034873, 7.05553439924, 1.17846618339, 3.16049366685, 1.26000089204, 1.00000075471, 5.13427984042, 3.92237995463, 1.09173894252, 1.01992238751, 1.06320609347, 1.03897865918, 1.53526851696, 1.05845542272, 0.948811688993, 4.2189783484, 1.00000041824, 1.00000009642, 103.227625838, 0.950574812784, 3.42587144522, 1.01653934126, 4.33462250458, 0.870000395341, 375.674624453, 30.3515499738, 967.005471953, 0.0
3.07582091148, 1.06146219369, 1.40491493949, 1.00000034873, 7.05553439924, 1.17846618339, 3.16049366685, 1.26000089204, 1.00000075471, 5.13427984042, 3.92237995463, 1.09173894252, 1.01992238751, 1.06320609347, 1.03897865918, 1.53526851696, 1.05845542272, 0.948811688993, 4.2189783484, 1.00000041824, 1.00000009642, 103.227625838, 0.950574812784, 3.42587144522, 1.01653934126, 4.33462250458, 0.870000395341, 375.674624453, 30.3515499738, 967.005471953, 0.0
3.07582091148, 1.06146219369, 1.40491493949, 1.00000034873, 7.05553439924, 1.17846618339, 3.16049366685, 1.26000089204, 1.00000075471, 5.13427984042, 3.92237995463, 1.09173894252, 1.01992238751, 1.06320609347, 1.03897865918, 1.53526851696, 1.05845542272, 0.948811688993, 4.2189783484, 1.00000041824, 1.00000009642, 103.227625838, 0.950574812784, 3.42587144522, 1.01653934126, 4.33462250458, 0.870000395341, 375.674624453, 30.3515499738, 967.005471953, 0.0
3.07582091148, 1.06146219369, 1.40491493949, 1.00000034873, 7.05553439924, 1.17846618339, 3.16049366685, 1.26000089204, 1.00000075471, 5.13427984042, 3.92237995463, 1.09173894252, 1.01992238751, 1.06320609347, 1.03897865918, 1.53526851696, 1.05845542272, 0.948811688993, 4.2189783484, 1.00000041824, 1.00000009642, 103.227625838, 0.950574812784, 3.42587144522, 1.01653934126, 4.33462250458, 0.870000395341, 375.674624453, 30.3515499738, 967.005471953, 0.0
3.07582091148, 1.06146219369, 1.40491493949, 1.00000034873, 7.05553439924, 1.17846618339, 3.16049366685, 1.26000089204, 1.00000075471, 5.13427984042, 3.92237995463, 1.09173894252, 1.01992238751, 1.06320609347, 1.03897865918, 1.53526851696, 1.05845542272, 0.948811688993, 4.2189783484, 1.00000041824, 1.00000009642, 103.227625838, 0.950574812784, 3.42587144522, 1.01653934126, 4.33462250458, 0.870000395341, 375.674624453, 30.3515499738, 967.005471953, 0.0
3.07582091148, 1.06146219369, 1.40491493949, 1.00000034873, 7.05553439924, 1.17846618339, 3.16049366685, 1.26000089204, 1.00000075471, 5.13427984042, 3.92237995463, 1.09173894252, 1.01992238751, 1.06320609347, 1.03897865918, 1.53526851696, 1.05845542272, 0.948811688993, 4.2189783484, 1.00000041824, 1.00000009642, 103.227625838, 0.950574812784, 3.42587144522, 1.01653934126, 4.33462250458, 0.870000395341, 375.674624453, 30.3515499738, 967.005471953, 0.0
3.07582091148, 1.06146219369, 1.40491493949, 1.00000034873, 7.05553439924, 1.17846618339, 3.16049366685, 1.26000089204, 1.00000075471, 5.13427984042, 3.92237995463, 1.09173894252, 1.01992238751, 1.06320609347, 1.03897865918, 1.53526851696, 1.05845542272, 0.948811688993, 4.2189783484, 1.00000041824, 1.00000009642, 103.227625838, 0.950574812784, 3.42587144522, 1.01653934126, 4.33462250458, 0.870000395341, 375.674624453, 30.3515499738, 967.005471953, 0.0
3.07582091148, 1.06146219369, 1.40491493949, 1.00000034873, 7.05553439924, 1.17846618339, 3.16049366685, 1.26000089204, 1.00000075471, 5.13427984042, 3.92237995463, 1.09173894252, 1.01992238751, 1.06320609347, 1.03897865918, 1.53526851696, 1.05845542272, 0.948811688993, 4.2189783484, 1.00000041824, 1.00000009642, 103.227625838, 0.950574812784, 3.42587144522, 1.01653934126, 4.33462250458, 0.870000395341, 375.674624453, 30.3515499738, 967.005471953, 0.0
3.07582091148, 1.06146219369, 1.40491493949, 1.00000034873, 7.05553439924, 1.17846618339, 3.16049366685, 1.26000089204, 1.00000075471, 5.13427984042, 3.92237995463, 1.09173894252, 1.01992238751, 1.06320609347, 1.03897865918, 1.53526851696, 1.05845542272, 0.948811688993, 4.2189783484, 1.00000041824, 1.00000009642, 103.227625838, 0.950574812784, 3.42587144522, 1.01653934126, 4.33462250458, 0.870000395341, 375.674624453, 30.3515499738, 967.005471953, 0.0
2.8856677411, 1.06195342206, 1.59942411666, 1.00000034901, 6.76134560702, 1.04236028992, 3.98243702805, 1.2600007861, 1.0000007764, 5.81012425634, 3.19209285399, 1.05060056708, 2.3941044548, 1.06522292637, 1.03897797488, 1.53506313822, 1.04056767288, 1.08016810802, 5.2026291572, 1.00000056375, 1.00000009739, 85.6913006737, 0.950809634742, 3.32702500283, 0.97061156044, 4.32795794041, 0.870000062186, 1355.13527408, 47.3412940991, 4662.02768942, 0.0
3.09288640019, 1.05215269222, 1.6007305808, 1.00000097052, 5.01609100609, 1.02313385395, 3.01425180878, 1.26000078412, 1.00000048028, 5.74949351847, 3.97337047232, 1.09295762572, 2.35288188768, 1.06301646308, 1.0389820132, 1.06959001781, 1.04055164035, 0.964271810977, 8.1587117513, 1.00000055656, 1.00000009631, 90.1039915622, 0.976880533116, 2.34701208694, 1.01296015722, 4.10356969543, 0.87000013555, 528.241636886, 35.3262134084, 2235.31554271, 0.804289544236
3.09288640019, 1.05234872559, 1.59977050294, 1.00000097052, 6.72521549188, 1.02313385395, 3.02338863591, 1.26000082294, 1.00000048028, 5.74949351847, 3.9529030747, 1.09207684423, 1.01770131294, 1.06316639825, 1.03898208697, 1.09344425821, 1.04055164035, 1.08656948037, 8.1587117513, 1.00000032482, 1.00000009631, 90.1039915622, 0.976880533116, 2.36934462859, 1.01296015722, 4.1036485056, 0.87000013555, 335.582101251, 30.1405295295, 466.007761242, 1.34048257373
3.09288640019, 1.05234872559, 1.59977050294, 1.00000097052, 6.72521549188, 1.02313385395, 3.02338863591, 1.26000082294, 1.00000048028, 5.74949351847, 3.9529030747, 1.09207684423, 1.01770131294, 1.06316639825, 1.03898208697, 1.09344425821, 1.04055164035, 1.08656948037, 8.1587117513, 1.00000032482, 1.00000009631, 90.1039915622, 0.976880533116, 2.36934462859, 1.01296015722, 4.1036485056, 0.87000013555, 335.582101251, 30.1405295295, 466.007761242, 1.34048257373
3.09288640019, 1.05234872559, 1.59977050294, 1.00000097052, 6.72521549188, 1.02313385395, 3.02338863591, 1.26000082294, 1.00000048028, 5.74949351847, 3.9529030747, 1.09207684423, 1.01770131294, 1.06316639825, 1.03898208697, 1.09344425821, 1.04055164035, 1.08656948037, 8.1587117513, 1.00000032482, 1.00000009631, 90.1039915622, 0.976880533116, 2.36934462859, 1.01296015722, 4.1036485056, 0.87000013555, 335.582101251, 30.1405295295, 466.007761242, 1.34048257373
3.09288640019, 1.05234872559, 1.59977050294, 1.00000097052, 6.72521549188, 1.02313385395, 3.02338863591, 1.26000082294, 1.00000048028, 5.74949351847, 3.9529030747, 1.09207684423, 1.01770131294, 1.06316639825, 1.03898208697, 1.09344425821, 1.04055164035, 1.08656948037, 8.1587117513, 1.00000032482, 1.00000009631, 90.1039915622, 0.976880533116, 2.36934462859, 1.01296015722, 4.1036485056, 0.87000013555, 335.582101251, 30.1405295295, 466.007761242, 1.34048257373
3.09288640019, 1.05234872559, 1.59977050294, 1.00000097052, 6.72521549188, 1.02313385395, 3.02338863591, 1.26000082294, 1.00000048028, 5.74949351847, 3.9529030747, 1.09207684423, 1.01770131294, 1.06316639825, 1.03898208697, 1.09344425821, 1.04055164035, 1.08656948037, 8.1587117513, 1.00000032482, 1.00000009631, 90.1039915622, 0.976880533116, 2.36934462859, 1.01296015722, 4.1036485056, 0.87000013555, 335.582101251, 30.1405295295, 466.007761242, 1.34048257373
3.09288640019, 1.05234872559, 1.59977050294, 1.00000097052, 6.72521549188, 1.02313385395, 3.02338863591, 1.26000082294, 1.00000048028, 5.74949351847, 3.9529030747, 1.09207684423, 1.01770131294, 1.06316639825, 1.03898208697, 1.09344425821, 1.04055164035, 1.08656948037, 8.1587117513, 1.00000032482, 1.00000009631, 90.1039915622, 0.976880533116, 2.36934462859, 1.01296015722, 4.1036485056, 0.87000013555, 335.582101251, 30.1405295295, 466.007761242, 1.34048257373
3.09288640019, 1.05234872559, 1.59977050294, 1.00000097052, 6.72521549188, 1.02313385395, 3.02338863591, 1.26000082294, 1.00000048028, 5.74949351847, 3.9529030747, 1.09207684423, 1.01770131294, 1.06316639825, 1.03898208697, 1.09344425821, 1.04055164035, 1.08656948037, 8.1587117513, 1.00000032482, 1.00000009631, 90.1039915622, 0.976880533116, 2.36934462859, 1.01296015722, 4.1036485056, 0.87000013555, 335.582101251, 30.1405295295, 466.007761242, 1.34048257373
3.09288640019, 1.05234872559, 1.59977050294, 1.00000097052, 6.72521549188, 1.02313385395, 3.02338863591, 1.26000082294, 1.00000048028, 5.74949351847, 3.9529030747, 1.09207684423, 1.01770131294, 1.06316639825, 1.03898208697, 1.09344425821, 1.04055164035, 1.08656948037, 8.1587117513, 1.00000032482, 1.00000009631, 90.1039915622, 0.976880533116, 2.36934462859, 1.01296015722, 4.1036485056, 0.87000013555, 335.582101251, 30.1405295295, 466.007761242, 1.34048257373
3.09288640019, 1.05234872559, 1.59977050294, 1.00000097052, 6.72521549188, 1.02313385395, 3.02338863591, 1.26000082294, 1.00000048028, 5.74949351847, 3.9529030747, 1.09207684423, 1.01770131294, 1.06316639825, 1.03898208697, 1.09344425821, 1.04055164035, 1.08656948037, 8.1587117513, 1.00000032482, 1.00000009631, 90.1039915622, 0.976880533116, 2.36934462859, 1.01296015722, 4.1036485056, 0.87000013555, 335.582101251, 30.1405295295, 466.007761242, 1.34048257373
3.09288640019, 1.05234872559, 1.59977050294, 1.00000097052, 6.72521549188, 1.02313385395, 3.02338863591, 1.26000082294, 1.00000048028, 5.74949351847, 3.9529030747, 1.09207684423, 1.01770131294, 1.06316639825, 1.03898208697, 1.09344425821, 1.04055164035, 1.08656948037, 8.1587117513, 1.00000032482, 1.00000009631, 90.1039915622, 0.976880533116, 2.36934462859, 1.01296015722, 4.1036485056, 0.87000013555, 335.582101251, 30.1405295295, 466.007761242, 1.34048257373
3.12171598712, 1.25812874507, 1.68444307322, 1.00000049872, 5.05248390227, 1.16979535701, 3.98243702805, 1.26000078546, 1.00000034123, 5.805602536, 3.22929408946, 1.05007083667, 2.3941044548, 1.00091043472, 1.04880679296, 1.53518161036, 1.04672695169, 0.961278663881, 5.21357932893, 1.00000054346, 1.00000016863, 85.4356798496, 0.934657077093, 3.34894689184, 0.971816765572, 3.65235493917, 0.870000056488, 736.992023688, 18.6061686208, 2762.94369162, 2.41286863271
3.12171598712, 1.25812874507, 1.68444307322, 1.00000049872, 5.05248390227, 1.16979535701, 3.98243702805, 1.26000078546, 1.00000034123, 5.805602536, 3.22929408946, 1.05007083667, 2.3941044548, 1.00091043472, 1.04880679296, 1.53518161036, 1.04672695169, 0.961278663881, 5.21357932893, 1.00000054346, 1.00000016863, 85.4356798496, 0.934657077093, 3.34894689184, 0.971816765572, 3.65235493917, 0.870000056488, 736.992023688, 18.6061686208, 2762.94369162, 2.41286863271
3.12171598712, 1.25812874507, 1.68444307322, 1.00000049872, 5.05248390227, 1.16979535701, 3.98243702805, 1.26000078546, 1.00000034123, 5.805602536, 3.22929408946, 1.05007083667, 2.3941044548, 1.00091043472, 1.04880679296, 1.53518161036, 1.04672695169, 0.961278663881, 5.21357932893, 1.00000054346, 1.00000016863, 85.4356798496, 0.934657077093, 3.34894689184, 0.971816765572, 3.65235493917, 0.870000056488, 736.992023688, 18.6061686208, 2762.94369162, 2.41286863271
3.07582091148, 1.05227359465, 1.40491493949, 1.00000034873, 7.05553439924, 1.17846618339, 3.16049366685, 1.26000082397, 1.00000076087, 5.74367265128, 3.92266468198, 1.09173894252, 1.01992238751, 1.0631658955, 1.03897867703, 1.53526851696, 1.04045141293, 1.08748895146, 4.2189783484, 1.00000041824, 1.00000009642, 103.227625838, 0.950574812784, 2.3425250218, 1.01289168901, 4.33462250458, 0.870000395341, 182.828605474, 18.3898886328, 1163.93713474, 1.87667560322
3.07582091148, 1.05227359465, 1.40491493949, 1.00000034873, 7.05553439924, 1.17846618339, 3.16049366685, 1.26000082397, 1.00000076087, 5.74367265128, 3.92266468198, 1.09173894252, 1.01992238751, 1.0631658955, 1.03897867703, 1.53526851696, 1.04045141293, 1.08748895146, 4.2189783484, 1.00000041824, 1.00000009642, 103.227625838, 0.950574812784, 2.3425250218, 1.01289168901, 4.33462250458, 0.870000395341, 182.828605474, 18.3898886328, 1163.93713474, 1.87667560322
3.07582091148, 1.05227359465, 1.40491493949, 1.00000034873, 7.05553439924, 1.17846618339, 3.16049366685, 1.26000082397, 1.00000076087, 5.74367265128, 3.92266468198, 1.09173894252, 1.01992238751, 1.0631658955, 1.03897867703, 1.53526851696, 1.04045141293, 1.08748895146, 4.2189783484, 1.00000041824, 1.00000009642, 103.227625838, 0.950574812784, 2.3425250218, 1.01289168901, 4.33462250458, 0.870000395341, 182.828605474, 18.3898886328, 1163.93713474, 1.87667560322
3.07582091148, 1.05227359465, 1.40491493949, 1.00000034873, 7.05553439924, 1.17846618339, 3.16049366685, 1.26000082397, 1.00000076087, 5.74367265128, 3.92266468198, 1.09173894252, 1.01992238751, 1.0631658955, 1.03897867703, 1.53526851696, 1.04045141293, 1.08748895146, 4.2189783484, 1.00000041824, 1.00000009642, 103.227625838, 0.950574812784, 2.3425250218, 1.01289168901, 4.33462250458, 0.870000395341, 182.828605474, 18.3898886328, 1163.93713474, 1.87667560322
3.07582091148, 1.05227359465, 1.40491493949, 1.00000034873, 7.05553439924, 1.17846618339, 3.16049366685, 1.26000082397, 1.00000076087, 5.74367265128, 3.92266468198, 1.09173894252, 1.01992238751, 1.0631658955, 1.03897867703, 1.53526851696, 1.04045141293, 1.08748895146, 4.2189783484, 1.00000041824, 1.00000009642, 103.227625838, 0.950574812784, 2.3425250218, 1.01289168901, 4.33462250458, 0.870000395341, 182.828605474, 18.3898886328, 1163.93713474, 1.87667560322
3.07582091148, 1.05227359465, 1.40491493949, 1.00000034873, 7.05553439924, 1.17846618339, 3.16049366685, 1.26000082397, 1.00000076087, 5.74367265128, 3.92266468198, 1.09173894252, 1.01992238751, 1.0631658955, 1.03897867703, 1.53526851696, 1.04045141293, 1.08748895146, 4.2189783484, 1.00000041824, 1.00000009642, 103.227625838, 0.950574812784, 2.3425250218, 1.01289168901, 4.33462250458, 0.870000395341, 182.828605474, 18.3898886328, 1163.93713474, 1.87667560322
3.07582091148, 1.05227359465, 1.40491493949, 1.00000034873, 7.05553439924, 1.17846618339, 3.16049366685, 1.26000082397, 1.00000076087, 5.74367265128, 3.92266468198, 1.09173894252, 1.01992238751, 1.0631658955, 1.03897867703, 1.53526851696, 1.04045141293, 1.08748895146, 4.2189783484, 1.00000041824, 1.00000009642, 103.227625838, 0.950574812784, 2.3425250218, 1.01289168901, 4.33462250458, 0.870000395341, 182.828605474, 18.3898886328, 1163.93713474, 1.87667560322
3.07582091148, 1.05227359465, 1.40491493949, 1.00000034873, 7.05553439924, 1.17846618339, 3.16049366685, 1.26000082397, 1.00000076087, 5.74367265128, 3.92266468198, 1.09173894252, 1.01992238751, 1.0631658955, 1.03897867703, 1.53526851696, 1.04045141293, 1.08748895146, 4.2189783484, 1.00000041824, 1.00000009642, 103.227625838, 0.950574812784, 2.3425250218, 1.01289168901, 4.33462250458, 0.870000395341, 182.828605474, 18.3898886328, 1163.93713474, 1.87667560322
3.07582091148, 1.05227359465, 1.40491493949, 1.00000034873, 7.05553439924, 1.17846618339, 3.16049366685, 1.26000082397, 1.00000076087, 5.74367265128, 3.92266468198, 1.09173894252, 1.01992238751, 1.0631658955, 1.03897867703, 1.53526851696, 1.04045141293, 1.08748895146, 4.2189783484, 1.00000041824, 1.00000009642, 103.227625838, 0.950574812784, 2.3425250218, 1.01289168901, 4.33462250458, 0.870000395341, 182.828605474, 18.3898886328, 1163.93713474, 1.87667560322
3.12171598712, 1.25400085074, 1.59536533179, 1.00000039318, 5.05045672317, 1.02335513132, 3.03211582321, 1.26000082303, 1.00000034123, 5.80794886679, 3.19588149307, 1.05010126152, 2.3941044548, 1.02109675552, 1.03896154698, 1.51584243561, 1.04670376246, 0.973551540386, 5.2522009845, 1.0000005264, 1.00000016863, 90.1484236677, 1.08790814896, 3.34894689184, 0.971746122305, 3.65224844881, 0.870000056488, 1507.57859758, 48.7283516923, 4232.72021231, 1.07238605898
