3.0, -1.0, 0.0, 2.0, 2.0, -1.0, -1.0, 0.0, 1.0, 1.0, 2.0, 1.0, 2.0, -1.0, -1.0, -1.0, -1.0, 0.0, 1.0, 2.0, 0.0, 2.0, 1.0, 2.0, 2.0, 1.0, -1.0, 0.0, 2.0, 1.0, 0.0, 1.0, 3.0, 3.0, 1.0, 1.0, -1.0, 2.0, 3.0, 3.0, 2.0, 0.0, 0.0, 0.0, 2.0, 1.0, 0.0, -1.0, 1.0, 1.0, 96171.0, 560.0, 99472.0
1.0, 0.0, 0.0, 2.0, 0.0, -1.0, 1.0, -1.0, 0.0, 2.0, -1.0, 1.0, -1.0, 1.0, -1.0, 2.0, 1.0, -1.0, 3.0, -1.0, 3.0, 0.0, 0.0, 0.0, 0.0, 0.0, 3.0, 0.0, 0.0, 0.0, -1.0, 1.0, 3.0, 3.0, 1.0, 1.0, 1.0, 2.0, 1.0, -1.0, 0.0, 1.0, 1.0, 3.0, 2.0, 0.0, 1.0, 3.0, -1.0, 1.0, 95864.0, 569.0, 99471.0
0.0, 0.0, 0.0, 0.0, 0.0, -1.0, 1.0, 2.0, 1.0, 1.0, 1.0, -1.0, 0.0, 2.0, -1.0, 3.0, 0.0, 3.0, 3.0, 1.0, 1.0, 2.0, 2.0, 2.0, 1.0, -1.0, 0.0, 3.0, 2.0, -1.0, 2.0, 3.0, 3.0, 0.0, 1.0, 1.0, 2.0, 2.0, 1.0, 3.0, 2.0, 0.0, 1.0, 1.0, 2.0, 3.0, 2.0, 0.0, 2.0, 0.0, 95494.0, 643.0, 99392.0
1.0, 0.0, 0.0, 2.0, 0.0, -1.0, 1.0, -1.0, 0.0, 2.0, -1.0, 1.0, -1.0, 1.0, -1.0, 2.0, 1.0, -1.0, 3.0, -1.0, 3.0, 0.0, 0.0, 0.0, 0.0, 0.0, 3.0, 0.0, 0.0, 0.0, -1.0, 1.0, 3.0, 3.0, 1.0, 1.0, 1.0, 2.0, 1.0, -1.0, 0.0, 1.0, 1.0, 3.0, 2.0, 0.0, 1.0, 3.0, -1.0, 1.0, 95864.0, 569.0, 99471.0
3.0, -1.0, 0.0, 2.0, 2.0, -1.0, -1.0, 0.0, 1.0, 1.0, 2.0, 1.0, 2.0, -1.0, -1.0, -1.0, -1.0, 0.0, 1.0, 2.0, 0.0, 2.0, 1.0, 2.0, 2.0, 1.0, -1.0, 0.0, 2.0, 1.0, 0.0, 1.0, 3.0, 3.0, 1.0, 1.0, -1.0, 2.0, 3.0, 3.0, 2.0, 0.0, 0.0, 0.0, 2.0, 1.0, 0.0, -1.0, 1.0, 1.0, 96171.0, 560.0, 99472.0
0.0, 1.0, 0.0, 1.0, 1.0, 0.0, 0.0, 2.0, 1.0, -1.0, 1.0, 2.0, 3.0, 0.0, -1.0, 1.0, 1.0, 1.0, 3.0, 0.0, 2.0, 3.0, 3.0, 3.0, 2.0, 2.0, -1.0, 1.0, 3.0, -1.0, 3.0, 3.0, 0.0, 0.0, 0.0, 3.0, -1.0, 2.0, 1.0, 2.0, 1.0, 1.0, 3.0, 2.0, -1.0, 0.0, 2.0, 0.0, 2.0, 1.0, 95688.0, 619.0, 99413.0
2.0, 2.0, 2.0, 0.0, 1.0, 0.0, 3.0, -1.0, 2.0, 3.0, 1.0, 2.0, 0.0, 3.0, -1.0, 3.0, 1.0, 1.0, 3.0, 0.0, 1.0, 1.0, 0.0, 1.0, 3.0, 2.0, 0.0, -1.0, 2.0, 0.0, 2.0, 1.0, -1.0, 1.0, 2.0, 0.0, 1.0, 3.0, 3.0, 3.0, 0.0, 3.0, 0.0, 2.0, 2.0, 1.0, 3.0, 2.0, 0.0, 0.0, 95649.0, 650.0, 99391.0
1.0, 0.0, 0.0, 2.0, 0.0, -1.0, 1.0, -1.0, 0.0, 2.0, -1.0, 1.0, -1.0, 1.0, -1.0, 2.0, 1.0, -1.0, 3.0, -1.0, 3.0, 0.0, 0.0, 0.0, 0.0, 0.0, 3.0, 0.0, 0.0, 0.0, -1.0, 1.0, 3.0, 3.0, 1.0, 1.0, 1.0, 2.0, 1.0, -1.0, 0.0, 1.0, 1.0, 3.0, 2.0, 0.0, 1.0, 3.0, -1.0, 1.0, 95864.0, 569.0, 99471.0
0.0, 1.0, 1.0, -1.0, 1.0, -1.0, -1.0, -1.0, 2.0, 2.0, -1.0, 2.0, 3.0, 0.0, 2.0, 0.0, 1.0, 1.0, 2.0, 1.0, 3.0, 2.0, 2.0, 2.0, 3.0, 0.0, -1.0, 1.0, 0.0, 1.0, -1.0, -1.0, -1.0, 0.0, 0.0, 0.0, -1.0, 0.0, 1.0, 2.0, 0.0, 1.0, 1.0, 0.0, 0.0, 0.0, 1.0, 2.0, -1.0, 2.0, 95847.0, 538.0, 99487.0
-1.0, -1.0, 2.0, 3.0, 3.0, 2.0, -1.0, -1.0, 1.0, -1.0, 0.0, 3.0, 3.0, 1.0, -1.0, 0.0, 2.0, 2.0, 2.0, 1.0, 0.0, 1.0, 2.0, -1.0, 2.0, 0.0, 1.0, 0.0, 1.0, 1.0, 3.0, 2.0, 1.0, -1.0, 3.0, 0.0, -1.0, 3.0, 0.0, 0.0, 2.0, -1.0, 0.0, 0.0, 3.0, 0.0, 0.0, 0.0, 1.0, 1.0, 95966.0, 571.0, 99461.0
0.0, 1.0, 0.0, 1.0, 1.0, 0.0, 0.0, 2.0, 1.0, -1.0, 1.0, 0.0, 3.0, 0.0, -1.0, 1.0, 1.0, 1.0, 3.0, 0.0, 2.0, 3.0, 3.0, 3.0, 2.0, 2.0, 0.0, 1.0, 3.0, -1.0, 3.0, 3.0, 0.0, 0.0, 0.0, -1.0, -1.0, 2.0, 1.0, 2.0, 1.0, 1.0, 3.0, 2.0, -1.0, 0.0, 2.0, 0.0, 2.0, 1.0, 95564.0, 623.0, 99410.0
3.0, -1.0, 0.0, 2.0, 2.0, -1.0, -1.0, 0.0, 1.0, 1.0, 2.0, 1.0, 2.0, -1.0, -1.0, -1.0, -1.0, 0.0, 1.0, 2.0, 0.0, 2.0, 1.0, 2.0, 2.0, 1.0, -1.0, 0.0, 2.0, 1.0, 0.0, 1.0, 3.0, 3.0, 1.0, 1.0, -1.0, 2.0, 3.0, 3.0, 2.0, 0.0, 0.0, 0.0, 2.0, 1.0, 0.0, -1.0, 1.0, 1.0, 96171.0, 560.0, 99472.0
0.0, -1.0, 0.0, 0.0, 2.0, 0.0, -1.0, 2.0, -1.0, 0.0, 0.0, -1.0, 1.0, 0.0, 2.0, 1.0, 3.0, 3.0, 1.0, 1.0, 1.0, 1.0, 3.0, 2.0, 0.0, 0.0, 2.0, 2.0, 2.0, 3.0, 2.0, 2.0, 3.0, 0.0, 3.0, -1.0, -1.0, 3.0, 1.0, 1.0, 0.0, 1.0, 1.0, 1.0, 2.0, 2.0, -1.0, 1.0, 1.0, 3.0, 95624.0, 614.0, 99418.0
3.0, -1.0, 0.0, 2.0, 2.0, -1.0, -1.0, 0.0, 1.0, 1.0, 2.0, 1.0, 2.0, -1.0, -1.0, -1.0, -1.0, 0.0, 1.0, 2.0, 0.0, 2.0, 1.0, 2.0, 2.0, -1.0, -1.0, 0.0, 2.0, 1.0, 0.0, 1.0, 2.0, 3.0, 1.0, 1.0, -1.0, 2.0, 3.0, 3.0, 2.0, 0.0, 0.0, 0.0, 2.0, 1.0, 0.0, -1.0, 1.0, 1.0, 96223.0, 545.0, 99483.0
-1.0, 0.0, 1.0, 1.0, 2.0, -1.0, -1.0, 2.0, -1.0, 0.0, 0.0, 1.0, 1.0, -1.0, -1.0, -1.0, -1.0, 2.0, 0.0, 2.0, -1.0, 2.0, 0.0, 0.0, 1.0, 2.0, -1.0, 2.0, 1.0, 2.0, 3.0, -1.0, 1.0, 1.0, -1.0, 0.0, -1.0, 0.0, 1.0, 3.0, 1.0, 0.0, 2.0, 1.0, 0.0, -1.0, 2.0, 3.0, 1.0, 2.0, 96087.0, 504.0, 99509.0
0.0, 1.0, 0.0, 1.0, 1.0, 0.0, 0.0, 2.0, 1.0, -1.0, 1.0, 2.0, 3.0, 0.0, -1.0, 1.0, 1.0, 1.0, 3.0, 0.0, 2.0, 3.0, 3.0, 3.0, 2.0, 2.0, -1.0, 1.0, 3.0, -1.0, 3.0, 3.0, 0.0, 0.0, 0.0, 3.0, -1.0, 2.0, 1.0, 2.0, 1.0, 1.0, 3.0, 2.0, -1.0, 0.0, 2.0, 0.0, 2.0, 1.0, 95688.0, 619.0, 99413.0
0.0, -1.0, 2.0, 0.0, 2.0, 0.0, -1.0, 2.0, -1.0, 0.0, 0.0, -1.0, 1.0, 0.0, -1.0, 1.0, 3.0, 3.0, 1.0, 1.0, 1.0, 1.0, 3.0, 2.0, 0.0, 0.0, 1.0, 2.0, 2.0, 3.0, 2.0, 2.0, 3.0, 0.0, 3.0, -1.0, -1.0, 3.0, 1.0, -1.0, 0.0, 1.0, 1.0, 1.0, 2.0, 2.0, -1.0, 1.0, 0.0, 3.0, 95752.0, 587.0, 99435.0
1.0, 0.0, 0.0, 2.0, 0.0, -1.0, 1.0, -1.0, 0.0, 2.0, -1.0, 1.0, -1.0, 1.0, -1.0, 2.0, 1.0, -1.0, 3.0, -1.0, 3.0, 0.0, 0.0, 0.0, 0.0, 0.0, 3.0, 0.0, 0.0, 0.0, -1.0, 1.0, 3.0, 3.0, 1.0, 1.0, 1.0, 2.0, 1.0, -1.0, 0.0, 1.0, 1.0, 3.0, 2.0, 0.0, 1.0, 3.0, -1.0, 1.0, 95864.0, 569.0, 99471.0
0.0, 1.0, 1.0, -1.0, 1.0, 2.0, -1.0, -1.0, 2.0, 2.0, -1.0, 2.0, 3.0, 0.0, 2.0, 0.0, 1.0, 0.0, 2.0, 1.0, 3.0, 2.0, 2.0, 2.0, 2.0, 0.0, -1.0, 1.0, 0.0, -1.0, -1.0, -1.0, -1.0, 0.0, 0.0, 0.0, -1.0, 0.0, 1.0, 1.0, 0.0, 1.0, 1.0, 0.0, 0.0, 0.0, 1.0, 2.0, -1.0, 2.0, 95793.0, 546.0, 99482.0
0.0, 1.0, 1.0, -1.0, 1.0, -1.0, -1.0, -1.0, 2.0, 2.0, -1.0, 2.0, 3.0, 0.0, 2.0, 0.0, 1.0, 1.0, 2.0, 1.0, 3.0, 2.0, 2.0, 2.0, 3.0, 0.0, -1.0, 1.0, 0.0, 1.0, -1.0, -1.0, -1.0, 0.0, 0.0, 0.0, -1.0, 0.0, 1.0, 2.0, 0.0, 1.0, 1.0, 0.0, 0.0, 0.0, 1.0, 2.0, -1.0, 2.0, 95847.0, 538.0, 99487.0
-1.0, -1.0, 2.0, 3.0, 3.0, 2.0, -1.0, -1.0, 1.0, -1.0, 0.0, 3.0, 3.0, 1.0, -1.0, 0.0, 2.0, 2.0, 2.0, 1.0, 0.0, 1.0, 2.0, -1.0, 2.0, 0.0, 1.0, 0.0, 1.0, 1.0, 3.0, 2.0, 1.0, -1.0, 3.0, 0.0, -1.0, 3.0, 0.0, 0.0, 2.0, -1.0, 0.0, 0.0, 3.0, 0.0, 0.0, 0.0, 1.0, 1.0, 95966.0, 571.0, 99461.0
3.0, -1.0, 0.0, 2.0, 2.0, -1.0, -1.0, 0.0, 1.0, 1.0, 2.0, 1.0, 2.0, -1.0, -1.0, -1.0, -1.0, 0.0, 1.0, 2.0, 0.0, 2.0, 1.0, 2.0, 2.0, 1.0, -1.0, 0.0, 2.0, 1.0, 0.0, 1.0, 3.0, 3.0, 1.0, 1.0, -1.0, 2.0, 3.0, 3.0, 2.0, 0.0, 0.0, 0.0, 2.0, 1.0, 0.0, -1.0, 1.0, 1.0, 96171.0, 560.0, 99472.0
1.0, 0.0, 0.0, 2.0, 0.0, -1.0, 1.0, -1.0, 0.0, 2.0, -1.0, 1.0, -1.0, 1.0, -1.0, 2.0, 1.0, -1.0, 3.0, -1.0, 3.0, 0.0, 0.0, 0.0, 0.0, 0.0, 3.0, 0.0, 0.0, 0.0, -1.0, 1.0, 3.0, 3.0, 1.0, 1.0, 1.0, 2.0, 1.0, -1.0, 0.0, 1.0, 1.0, 3.0, 2.0, 0.0, 1.0, 3.0, -1.0, 1.0, 95864.0, 569.0, 99471.0
0.0, 0.0, 0.0, 0.0, 0.0, -1.0, 1.0, 2.0, 1.0, -1.0, 1.0, -1.0, 0.0, 2.0, -1.0, 3.0, 0.0, 3.0, 3.0, 1.0, 1.0, 2.0, 2.0, 2.0, 1.0, -1.0, 0.0, 3.0, 2.0, -1.0, 2.0, 3.0, 3.0, 0.0, 1.0, 1.0, 2.0, 2.0, 1.0, 3.0, 2.0, 0.0, 1.0, 1.0, 2.0, 3.0, 2.0, 0.0, 2.0, 0.0, 95600.0, 627.0, 99407.0
3.0, 2.0, 2.0, -1.0, 0.0, 0.0, 0.0, 1.0, 0.0, -1.0, 3.0, 0.0, 0.0, 2.0, -1.0, -1.0, -1.0, 3.0, 1.0, 0.0, 0.0, 1.0, 3.0, 2.0, -1.0, 1.0, 2.0, 2.0, 1.0, 1.0, 1.0, 2.0, 2.0, 0.0, -1.0, 1.0, -1.0, 1.0, 1.0, 1.0, 0.0, 1.0, 1.0, 0.0, 0.0, 1.0, 1.0, 2.0, 0.0, -1.0, 95750.0, 581.0, 99452.0
0.0, 0.0, 0.0, 0.0, 0.0, -1.0, 1.0, -1.0, 1.0, 1.0, 1.0, -1.0, 0.0, 2.0, -1.0, 3.0, 0.0, 3.0, 3.0, 1.0, 1.0, 2.0, 2.0, 2.0, 1.0, -1.0, 0.0, 3.0, 2.0, -1.0, 2.0, 3.0, 3.0, 0.0, 1.0, 1.0, 1.0, 2.0, 2.0, 3.0, 0.0, 0.0, 1.0, 1.0, 2.0, 3.0, 3.0, 0.0, 2.0, 0.0, 95517.0, 629.0, 99401.0
2.0, 2.0, 2.0, 0.0, 1.0, 0.0, 3.0, -1.0, 2.0, 3.0, 1.0, 2.0, 0.0, 3.0, -1.0, 3.0, 1.0, 1.0, 3.0, 0.0, 1.0, 1.0, 0.0, 1.0, 3.0, 2.0, 0.0, -1.0, 2.0, 0.0, 2.0, 1.0, -1.0, 1.0, 2.0, 0.0, 1.0, 3.0, 3.0, 3.0, 0.0, 3.0, 0.0, 2.0, 2.0, 1.0, 3.0, 2.0, 0.0, 0.0, 95649.0, 650.0, 99391.0
0.0, 0.0, 1.0, -1.0, 1.0, 2.0, -1.0, -1.0, 2.0, 2.0, -1.0, 2.0, 3.0, 0.0, 2.0, 0.0, 1.0, 1.0, 2.0, 1.0, 3.0, 2.0, 2.0, 2.0, 3.0, 0.0, -1.0, 1.0, 0.0, 1.0, -1.0, -1.0, -1.0, 0.0, 0.0, 0.0, -1.0, 0.0, 1.0, 2.0, 0.0, 1.0, 1.0, 0.0, 0.0, 0.0, 1.0, 2.0, -1.0, 1.0, 95725.0, 557.0, 99474.0
-1.0, 0.0, 1.0, 2.0, 2.0, -1.0, -1.0, 2.0, -1.0, 0.0, 0.0, 1.0, 1.0, -1.0, -1.0, -1.0, -1.0, 2.0, 0.0, 2.0, -1.0, 2.0, 0.0, 0.0, 1.0, 2.0, -1.0, 2.0, 1.0, 2.0, 3.0, -1.0, 1.0, 1.0, 2.0, 0.0, -1.0, 0.0, 1.0, 0.0, 1.0, 0.0, 2.0, 1.0, 0.0, -1.0, 2.0, 3.0, 1.0, 2.0, 95946.0, 516.0, 99493.0
3.0, -1.0, 0.0, 2.0, 2.0, -1.0, -1.0, -1.0, 1.0, 1.0, 2.0, 1.0, 2.0, -1.0, -1.0, -1.0, -1.0, 0.0, 2.0, 2.0, 0.0, 0.0, 1.0, 2.0, 2.0, 1.0, -1.0, 0.0, 2.0, 1.0, 0.0, 1.0, 3.0, 3.0, 1.0, 1.0, -1.0, 1.0, 3.0, 3.0, 2.0, 0.0, 0.0, 0.0, 2.0, 1.0, 0.0, -1.0, 1.0, 1.0, 96211.0, 546.0, 99481.0
0.0, 1.0, 1.0, -1.0, 1.0, -1.0, -1.0, -1.0, 2.0, 2.0, -1.0, 2.0, 3.0, 0.0, 2.0, 0.0, 1.0, 1.0, 2.0, 1.0, 3.0, 2.0, 2.0, 2.0, 3.0, 0.0, -1.0, 1.0, 1.0, 1.0, 3.0, -1.0, -1.0, 0.0, 0.0, 0.0, -1.0, 0.0, 1.0, 2.0, 0.0, 1.0, 1.0, 0.0, 0.0, 0.0, 1.0, 2.0, -1.0, 2.0, 95813.0, 553.0, 99475.0
-1.0, -1.0, 2.0, 3.0, 3.0, 2.0, -1.0, -1.0, 1.0, -1.0, 0.0, 3.0, 3.0, 1.0, -1.0, 0.0, 2.0, 2.0, 2.0, 1.0, 0.0, 1.0, 2.0, -1.0, 2.0, 0.0, 1.0, 0.0, 0.0, 1.0, -1.0, 2.0, 1.0, -1.0, 3.0, 0.0, -1.0, 3.0, 0.0, 0.0, 2.0, -1.0, 0.0, 0.0, 3.0, 0.0, 0.0, 0.0, 1.0, 1.0, 96000.0, 556.0, 99473.0
0.0, 1.0, 0.0, 1.0, 1.0, 0.0, 0.0, 2.0, 1.0, -1.0, 1.0, 0.0, 3.0, 0.0, -1.0, 1.0, 1.0, 1.0, 3.0, 0.0, 2.0, 3.0, 3.0, 3.0, 2.0, 2.0, 0.0, 1.0, 3.0, -1.0, 3.0, 3.0, 0.0, 0.0, 0.0, -1.0, -1.0, 2.0, 1.0, 2.0, 1.0, 1.0, 3.0, 2.0, -1.0, 0.0, 2.0, 0.0, 2.0, 1.0, 95564.0, 623.0, 99410.0
3.0, -1.0, 0.0, 2.0, 2.0, -1.0, -1.0, 0.0, 1.0, 1.0, 2.0, 1.0, 2.0, -1.0, -1.0, -1.0, -1.0, 0.0, 1.0, 2.0, 0.0, 2.0, 1.0, 2.0, 2.0, 1.0, -1.0, 0.0, 2.0, 1.0, 0.0, 1.0, 3.0, 3.0, 1.0, 1.0, -1.0, 2.0, 3.0, 3.0, 2.0, 0.0, 0.0, 0.0, 2.0, 1.0, 0.0, -1.0, 1.0, 1.0, 96171.0, 560.0, 99472.0
3.0, 2.0, 0.0, -1.0, 0.0, 2.0, -1.0, 1.0, 0.0, -1.0, 3.0, 0.0, 0.0, 2.0, 2.0, -1.0, -1.0, 3.0, 1.0, 0.0, 0.0, 1.0, 3.0, 2.0, -1.0, 1.0, 2.0, 2.0, 1.0, 1.0, 1.0, 2.0, 2.0, 0.0, -1.0, 1.0, -1.0, 1.0, 1.0, 1.0, 0.0, 1.0, 1.0, 0.0, 0.0, 1.0, 1.0, 2.0, 0.0, -1.0, 95743.0, 585.0, 99452.0
3.0, -1.0, 0.0, 2.0, 2.0, -1.0, -1.0, 0.0, 1.0, 1.0, 2.0, 1.0, 2.0, -1.0, -1.0, -1.0, -1.0, 0.0, 1.0, 2.0, 0.0, 2.0, 1.0, 2.0, 2.0, -1.0, -1.0, 0.0, 2.0, 1.0, 0.0, 1.0, 2.0, 3.0, 1.0, 1.0, -1.0, 2.0, 3.0, 3.0, 2.0, 0.0, 0.0, 0.0, 2.0, 1.0, 0.0, -1.0, 1.0, 1.0, 96223.0, 545.0, 99483.0
1.0, 0.0, 0.0, 2.0, 0.0, -1.0, 1.0, -1.0, 0.0, 2.0, -1.0, 1.0, -1.0, 1.0, -1.0, 2.0, 1.0, -1.0, 3.0, -1.0, 3.0, 0.0, 0.0, 0.0, 0.0, 0.0, 3.0, 0.0, 0.0, 0.0, -1.0, 1.0, 1.0, 3.0, 1.0, 1.0, -1.0, 2.0, 1.0, -1.0, 0.0, 1.0, 1.0, 3.0, 2.0, 0.0, 1.0, 3.0, -1.0, 1.0, 95869.0, 550.0, 99481.0
2.0, 3.0, 0.0, 1.0, 0.0, -1.0, 2.0, 3.0, 0.0, -1.0, 0.0, 2.0, 1.0, 2.0, 1.0, 0.0, 0.0, 3.0, 3.0, -1.0, 2.0, 0.0, 2.0, 0.0, 1.0, 2.0, -1.0, 1.0, 1.0, 3.0, -1.0, 2.0, 2.0, 2.0, 2.0, 0.0, -1.0, 1.0, 1.0, 0.0, 2.0, 1.0, 1.0, 2.0, 0.0, 3.0, 0.0, 0.0, 1.0, 2.0, 95533.0, 616.0, 99418.0
0.0, 1.0, 0.0, 1.0, 1.0, 0.0, 0.0, 2.0, 1.0, -1.0, 1.0, 2.0, 3.0, 0.0, -1.0, 1.0, 1.0, 1.0, 3.0, 0.0, 2.0, 3.0, 3.0, 3.0, 2.0, 2.0, -1.0, 1.0, 3.0, -1.0, 3.0, 3.0, 0.0, 0.0, 0.0, 3.0, -1.0, 2.0, 1.0, 2.0, 1.0, 1.0, 3.0, 2.0, -1.0, 0.0, 2.0, 0.0, 2.0, 1.0, 95688.0, 619.0, 99413.0
0.0, -1.0, 2.0, 0.0, 2.0, 0.0, -1.0, 2.0, -1.0, 0.0, 0.0, -1.0, 1.0, 0.0, -1.0, 1.0, 3.0, 3.0, 1.0, 1.0, 1.0, 1.0, 3.0, 2.0, 0.0, 0.0, 1.0, 2.0, 2.0, 3.0, 2.0, 2.0, 3.0, 0.0, 3.0, -1.0, -1.0, 3.0, 1.0, -1.0, 0.0, 1.0, 1.0, 1.0, 2.0, 2.0, -1.0, 1.0, 0.0, 3.0, 95752.0, 587.0, 99435.0
0.0, 1.0, 1.0, -1.0, 1.0, 2.0, -1.0, -1.0, 2.0, 2.0, -1.0, 2.0, 3.0, 0.0, 2.0, 0.0, 1.0, 0.0, 2.0, 1.0, 3.0, 2.0, 2.0, 2.0, 2.0, 0.0, -1.0, 1.0, 0.0, -1.0, -1.0, -1.0, -1.0, 0.0, 0.0, 0.0, -1.0, 0.0, 1.0, 1.0, 0.0, 1.0, 1.0, 0.0, 0.0, 0.0, 1.0, 2.0, -1.0, 2.0, 95793.0, 546.0, 99482.0
0.0, 1.0, 1.0, -1.0, 1.0, -1.0, -1.0, -1.0, 2.0, 2.0, -1.0, 2.0, 3.0, 0.0, 2.0, 0.0, 1.0, 1.0, 2.0, 1.0, 3.0, 2.0, 2.0, 2.0, 3.0, 0.0, -1.0, 1.0, 0.0, 1.0, -1.0, -1.0, -1.0, 0.0, 0.0, 0.0, -1.0, 0.0, 1.0, 2.0, 0.0, 1.0, 1.0, 0.0, 0.0, 0.0, 1.0, 2.0, -1.0, 2.0, 95847.0, 538.0, 99487.0
-1.0, -1.0, 2.0, 3.0, 3.0, 2.0, -1.0, -1.0, 1.0, -1.0, 0.0, 3.0, 3.0, 1.0, -1.0, 0.0, 2.0, 2.0, 2.0, 1.0, 0.0, 1.0, 2.0, -1.0, 2.0, 0.0, 1.0, 0.0, 1.0, 1.0, 3.0, 2.0, 1.0, -1.0, 3.0, 0.0, -1.0, 3.0, 0.0, 0.0, 2.0, -1.0, 0.0, 0.0, 3.0, 0.0, 0.0, 0.0, 1.0, 1.0, 95966.0, 571.0, 99461.0
0.0, 0.0, 2.0, 0.0, 0.0, 0.0, 1.0, 2.0, 1.0, 1.0, 1.0, -1.0, 0.0, 2.0, -1.0, 3.0, 0.0, 3.0, 3.0, 1.0, 1.0, 2.0, 2.0, 2.0, 1.0, -1.0, 0.0, 3.0, 2.0, -1.0, 2.0, 3.0, 3.0, 0.0, 1.0, 1.0, 2.0, 2.0, 1.0, 3.0, 2.0, 1.0, 1.0, 1.0, 2.0, 3.0, 2.0, 0.0, 2.0, 0.0, 95455.0, 662.0, 99379.0
0.0, 1.0, 0.0, 2.0, 1.0, 0.0, 0.0, 1.0, 1.0, 3.0, -1.0, 2.0, 0.0, 0.0, 2.0, 1.0, 1.0, 2.0, 2.0, -1.0, -1.0, -1.0, 2.0, 0.0, 0.0, -1.0, 3.0, 3.0, 2.0, 3.0, -1.0, 1.0, 1.0, 0.0, 0.0, -1.0, 3.0, 1.0, 2.0, 0.0, 1.0, 0.0, 0.0, 3.0, -1.0, 1.0, 2.0, 0.0, 1.0, 3.0, 95675.0, 602.0, 99449.0
3.0, 3.0, 2.0, 0.0, -1.0, -1.0, 3.0, 1.0, 0.0, 1.0, 0.0, 3.0, 0.0, 0.0, 2.0, 3.0, 2.0, 0.0, 0.0, 2.0, 3.0, 1.0, 3.0, 2.0, 1.0, 3.0, 2.0, 0.0, 2.0, 0.0, 1.0, 3.0, 2.0, 0.0, 3.0, 2.0, 1.0, 1.0, 1.0, 1.0, 1.0, 2.0, 1.0, 1.0, 2.0, 3.0, 0.0, 0.0, 3.0, 1.0, 95376.0, 681.0, 99371.0
0.0, 0.0, 2.0, 0.0, 0.0, -1.0, 1.0, 2.0, 1.0, 1.0, 1.0, -1.0, 0.0, 2.0, -1.0, 3.0, 0.0, 3.0, 3.0, 1.0, 1.0, 2.0, 2.0, 2.0, 1.0, -1.0, 0.0, 3.0, 2.0, -1.0, 2.0, 3.0, 3.0, 0.0, 1.0, 1.0, 2.0, 2.0, 1.0, 3.0, 2.0, 0.0, 1.0, 1.0, 2.0, 3.0, 2.0, 0.0, 2.0, 0.0, 95548.0, 643.0, 99392.0
0.0, 1.0, 0.0, 1.0, 1.0, 0.0, 0.0, 2.0, 1.0, -1.0, 1.0, 2.0, 3.0, 0.0, -1.0, 1.0, 1.0, 1.0, 3.0, 0.0, 2.0, 3.0, 2.0, 3.0, 2.0, 2.0, 0.0, 1.0, 3.0, -1.0, 3.0, 3.0, 0.0, 0.0, 0.0, 3.0, -1.0, 2.0, 1.0, 2.0, 1.0, 1.0, 3.0, 2.0, -1.0, 0.0, 2.0, 0.0, 2.0, 1.0, 95509.0, 637.0, 99399.0
0.0, 1.0, 0.0, 1.0, 1.0, 0.0, 0.0, 2.0, 1.0, -1.0, 1.0, 0.0, 3.0, 0.0, -1.0, 1.0, 1.0, 1.0, 3.0, -1.0, 2.0, 3.0, 3.0, 3.0, 2.0, 2.0, 0.0, 1.0, 3.0, -1.0, 3.0, 3.0, 0.0, 0.0, 0.0, 3.0, -1.0, 2.0, 1.0, 2.0, 1.0, 1.0, 3.0, 2.0, -1.0, 0.0, 2.0, 0.0, 2.0, 1.0, 95634.0, 624.0, 99411.0
0.0, 0.0, 0.0, 0.0, 0.0, -1.0, 1.0, -1.0, 1.0, 1.0, 1.0, -1.0, 0.0, 2.0, -1.0, 3.0, 0.0, 3.0, 3.0, 1.0, 1.0, 2.0, 2.0, 2.0, 1.0, -1.0, 0.0, 3.0, 2.0, -1.0, 2.0, 3.0, 3.0, 0.0, 1.0, 1.0, 1.0, 2.0, 1.0, 3.0, 2.0, 0.0, 1.0, 1.0, 2.0, 3.0, 3.0, 0.0, 2.0, 0.0, 95539.0, 629.0, 99401.0
1.0, 0.0, 0.0, 2.0, 0.0, -1.0, 1.0, -1.0, 0.0, 2.0, -1.0, 1.0, -1.0, 1.0, -1.0, 2.0, 1.0, -1.0, 3.0, -1.0, 3.0, 0.0, 0.0, 0.0, 0.0, 0.0, 3.0, 0.0, 0.0, 0.0, -1.0, 1.0, 3.0, 3.0, 1.0, 1.0, -1.0, 2.0, 1.0, -1.0, 0.0, 1.0, 1.0, 3.0, 2.0, 0.0, 1.0, 3.0, -1.0, 1.0, 95955.0, 550.0, 99481.0
0.0, 0.0, 0.0, 0.0, 0.0, -1.0, 1.0, -1.0, 1.0, 1.0, 1.0, -1.0, 0.0, 2.0, -1.0, 3.0, 0.0, 3.0, 3.0, 1.0, 1.0, 2.0, 2.0, 2.0, 1.0, -1.0, 0.0, 3.0, 2.0, -1.0, 2.0, 3.0, 3.0, 0.0, 1.0, 1.0, 1.0, 2.0, 1.0, 3.0, 2.0, 0.0, 1.0, 1.0, 2.0, 3.0, 3.0, 0.0, 2.0, 0.0, 95539.0, 629.0, 99401.0
-1.0, 0.0, 1.0, 2.0, 2.0, -1.0, -1.0, 2.0, -1.0, 0.0, 0.0, 1.0, 1.0, -1.0, -1.0, -1.0, -1.0, 2.0, 0.0, 2.0, -1.0, 2.0, 0.0, 0.0, 1.0, 2.0, -1.0, 2.0, 1.0, 2.0, 3.0, -1.0, 1.0, 1.0, -1.0, 0.0, -1.0, 0.0, 1.0, 3.0, 1.0, 0.0, 2.0, 1.0, 0.0, -1.0, 2.0, 3.0, 1.0, 2.0, 96112.0, 504.0, 99509.0
0.0, 0.0, 0.0, 0.0, 0.0, -1.0, 1.0, -1.0, 1.0, 1.0, 1.0, -1.0, 0.0, 2.0, -1.0, 3.0, 0.0, 3.0, 3.0, 1.0, 1.0, 2.0, 2.0, 2.0, 1.0, -1.0, 0.0, 3.0, 2.0, -1.0, 2.0, 3.0, 3.0, 0.0, 1.0, 1.0, 1.0, 2.0, 1.0, 3.0, 2.0, 0.0, 1.0, 1.0, 2.0, 3.0, 3.0, 0.0, 2.0, 0.0, 95539.0, 629.0, 99401.0
1.0, 0.0, 0.0, 2.0, 0.0, -1.0, 1.0, -1.0, 0.0, 2.0, -1.0, 1.0, -1.0, 1.0, -1.0, 2.0, 1.0, -1.0, 3.0, -1.0, 3.0, 0.0, 0.0, 0.0, 0.0, 0.0, 3.0, 0.0, 0.0, 0.0, -1.0, 1.0, 3.0, 3.0, 1.0, 1.0, -1.0, 2.0, 1.0, -1.0, 0.0, 1.0, 1.0, 3.0, 2.0, 0.0, 1.0, 3.0, -1.0, 1.0, 95955.0, 550.0, 99481.0
-1.0, 0.0, 1.0, 2.0, 2.0, -1.0, -1.0, 2.0, -1.0, 0.0, 0.0, 1.0, 1.0, -1.0, -1.0, -1.0, -1.0, 2.0, 0.0, 2.0, -1.0, 2.0, 0.0, 0.0, 1.0, 2.0, -1.0, 2.0, 1.0, 2.0, 3.0, -1.0, 1.0, 1.0, 2.0, 0.0, -1.0, 0.0, 1.0, 3.0, 1.0, 0.0, 2.0, 1.0, 0.0, -1.0, 0.0, 3.0, 1.0, 2.0, 95987.0, 516.0, 99493.0
-1.0, 0.0, 1.0, 2.0, 2.0, -1.0, -1.0, 2.0, -1.0, 0.0, 0.0, 1.0, 1.0, -1.0, -1.0, -1.0, -1.0, 2.0, 0.0, 2.0, -1.0, 2.0, 0.0, 0.0, 1.0, 2.0, -1.0, 2.0, 1.0, 2.0, 3.0, -1.0, 1.0, 1.0, -1.0, 0.0, -1.0, 0.0, 1.0, 3.0, 1.0, 0.0, 2.0, 1.0, 0.0, -1.0, 2.0, 3.0, 1.0, 2.0, 96112.0, 504.0, 99509.0
3.0, 2.0, 2.0, -1.0, 0.0, 2.0, -1.0, 1.0, 0.0, -1.0, 3.0, 0.0, 0.0, 2.0, 2.0, -1.0, -1.0, 3.0, 1.0, 0.0, 0.0, 1.0, 3.0, 2.0, -1.0, 1.0, 2.0, 2.0, 1.0, 1.0, 1.0, 2.0, 2.0, 0.0, -1.0, 1.0, -1.0, 1.0, 1.0, 1.0, 0.0, 1.0, 1.0, 0.0, 0.0, 1.0, 1.0, 2.0, 0.0, -1.0, 95797.0, 585.0, 99452.0
-1.0, -1.0, 2.0, 3.0, 3.0, 2.0, -1.0, -1.0, 1.0, -1.0, 0.0, 0.0, 3.0, 1.0, -1.0, 0.0, 2.0, 2.0, 2.0, 1.0, 0.0, 1.0, 2.0, -1.0, -1.0, 0.0, 1.0, 0.0, 1.0, 1.0, 3.0, 2.0, 1.0, -1.0, 3.0, 0.0, -1.0, 3.0, 0.0, 0.0, 2.0, -1.0, 0.0, 0.0, 3.0, 0.0, 0.0, 0.0, 1.0, 1.0, 95982.0, 561.0, 99471.0
2.0, 2.0, 2.0, 0.0, 2.0, 0.0, 3.0, -1.0, 2.0, 3.0, 1.0, 2.0, 0.0, 3.0, -1.0, 3.0, 1.0, 1.0, 3.0, 0.0, 1.0, 1.0, 0.0, 1.0, 3.0, 2.0, 0.0, -1.0, 2.0, 0.0, 2.0, 1.0, -1.0, 1.0, 2.0, 0.0, 1.0, 3.0, 3.0, 3.0, 0.0, 3.0, 0.0, 2.0, 2.0, 1.0, 3.0, 2.0, 0.0, 0.0, 95689.0, 650.0, 99391.0
0.0, -1.0, 2.0, 0.0, 2.0, 0.0, -1.0, 2.0, -1.0, 0.0, 0.0, -1.0, 1.0, 0.0, 2.0, 1.0, 3.0, 3.0, 1.0, 1.0, 1.0, 1.0, 3.0, 2.0, 0.0, 0.0, 2.0, 2.0, 2.0, 3.0, 2.0, 2.0, 3.0, 0.0, 3.0, -1.0, -1.0, 3.0, 1.0, 1.0, 0.0, 1.0, 1.0, 1.0, 2.0, 2.0, -1.0, 1.0, 1.0, 3.0, 95678.0, 614.0, 99418.0
-1.0, -1.0, 2.0, 3.0, 3.0, 2.0, -1.0, -1.0, 1.0, -1.0, 0.0, 0.0, 3.0, 1.0, -1.0, 0.0, 2.0, 2.0, 2.0, 1.0, 0.0, 1.0, 2.0, -1.0, -1.0, 0.0, 1.0, 0.0, 1.0, 1.0, 3.0, 2.0, 1.0, -1.0, 3.0, 0.0, -1.0, 3.0, 0.0, 0.0, 2.0, -1.0, 0.0, 0.0, 3.0, 0.0, 0.0, 0.0, 1.0, 1.0, 95982.0, 561.0, 99471.0
2.0, 2.0, 2.0, 0.0, 2.0, 0.0, 3.0, -1.0, 2.0, 3.0, 1.0, 2.0, 0.0, 3.0, -1.0, 3.0, 1.0, 1.0, 3.0, 0.0, 1.0, 1.0, 0.0, 1.0, 3.0, 2.0, 0.0, -1.0, 2.0, 0.0, 2.0, 1.0, -1.0, 1.0, 2.0, 0.0, 1.0, 3.0, 3.0, 3.0, 0.0, 3.0, 0.0, 2.0, 2.0, 1.0, 3.0, 2.0, 0.0, 0.0, 95689.0, 650.0, 99391.0
-1.0, 0.0, 1.0, 2.0, 2.0, -1.0, -1.0, 2.0, -1.0, 0.0, 0.0, 1.0, 1.0, -1.0, -1.0, -1.0, -1.0, 2.0, 0.0, 2.0, -1.0, 2.0, 0.0, 0.0, 1.0, 2.0, -1.0, 2.0, 1.0, 2.0, 3.0, -1.0, 1.0, 1.0, 2.0, 0.0, -1.0, 0.0, 1.0, 3.0, 1.0, 0.0, 2.0, 1.0, 0.0, -1.0, 2.0, 3.0, 1.0, 2.0, 96015.0, 516.0, 99493.0
