-1.0, 1.0, 3.0, -1.0, 1.0, 0.0, -1.0, 3.0, 0.0, 1.0, -1.0, -1.0, 2.0, -1.0, 1.0, -1.0, 2.0, 2.0, -1.0, -1.0, 2.0, -1.0, -1.0, 2.0, -1.0, 0.0, -1.0, -1.0, 2.0, 0.0, -1.0, 2.0, 3.0, 2.0, -1.0, 1.0, -1.0, 3.0, 0.0, 0.0, 1.0, 0.0, 2.0, -1.0, -1.0, 0.0, 0.0, -1.0, -1.0, 1.0, 96484.0, 386.0, 99622.0
-1.0, 1.0, 3.0, -1.0, 1.0, 0.0, -1.0, 3.0, 0.0, 1.0, -1.0, -1.0, 2.0, -1.0, 1.0, -1.0, 2.0, 2.0, -1.0, -1.0, 2.0, -1.0, -1.0, 2.0, -1.0, 0.0, -1.0, -1.0, 2.0, 0.0, -1.0, 2.0, 3.0, 2.0, -1.0, 1.0, -1.0, 3.0, 0.0, 0.0, 1.0, 0.0, 2.0, -1.0, -1.0, 0.0, 0.0, -1.0, -1.0, 1.0, 96484.0, 386.0, 99622.0
-1.0, 1.0, 3.0, -1.0, 1.0, 0.0, -1.0, 3.0, 0.0, 1.0, -1.0, -1.0, 2.0, -1.0, 1.0, -1.0, 2.0, 2.0, -1.0, -1.0, 2.0, -1.0, -1.0, 2.0, -1.0, 0.0, -1.0, -1.0, 2.0, 0.0, -1.0, 2.0, 3.0, 2.0, -1.0, 1.0, -1.0, 3.0, 0.0, 0.0, 1.0, 0.0, 2.0, -1.0, -1.0, 0.0, 0.0, 1.0, -1.0, 1.0, 96399.0, 403.0, 99614.0
-1.0, 1.0, 3.0, 1.0, 1.0, 0.0, 0.0, 3.0, 0.0, 1.0, -1.0, -1.0, -1.0, -1.0, 1.0, -1.0, 2.0, 2.0, -1.0, -1.0, 2.0, -1.0, -1.0, 2.0, 0.0, 1.0, -1.0, -1.0, 2.0, 0.0, -1.0, 2.0, 3.0, 2.0, -1.0, -1.0, -1.0, 1.0, 0.0, 0.0, 1.0, 0.0, 2.0, -1.0, -1.0, 0.0, 0.0, 1.0, -1.0, 1.0, 96004.0, 408.0, 99591.0
3.0, 1.0, 3.0, 2.0, -1.0, -1.0, -1.0, 2.0, 0.0, 2.0, 1.0, 0.0, -1.0, 2.0, 1.0, -1.0, 3.0, -1.0, 1.0, 2.0, -1.0, 0.0, 2.0, -1.0, 2.0, 3.0, 2.0, -1.0, 0.0, 2.0, 0.0, 0.0, -1.0, 2.0, -1.0, 1.0, 0.0, -1.0, 2.0, 0.0, -1.0, 1.0, -1.0, 1.0, 1.0, 0.0, -1.0, -1.0, -1.0, 3.0, 95876.0, 444.0, 99556.0
-1.0, 1.0, 3.0, 1.0, 1.0, 0.0, 0.0, 3.0, 0.0, 0.0, -1.0, -1.0, 2.0, -1.0, 1.0, -1.0, 2.0, 2.0, -1.0, -1.0, 2.0, -1.0, 1.0, 1.0, 0.0, 1.0, -1.0, -1.0, 2.0, 0.0, -1.0, 2.0, 3.0, 2.0, 2.0, 1.0, -1.0, 3.0, 0.0, 0.0, 1.0, 0.0, 2.0, -1.0, -1.0, 0.0, 0.0, 1.0, -1.0, 1.0, 95719.0, 459.0, 99551.0
-1.0, 1.0, 3.0, -1.0, 1.0, 0.0, -1.0, 3.0, 0.0, 1.0, -1.0, -1.0, 2.0, -1.0, 1.0, -1.0, 2.0, 2.0, -1.0, -1.0, 2.0, -1.0, -1.0, 2.0, 0.0, 1.0, -1.0, 3.0, 2.0, 0.0, -1.0, 2.0, 3.0, 2.0, -1.0, 1.0, -1.0, 3.0, 0.0, 0.0, 1.0, 0.0, 2.0, -1.0, -1.0, 0.0, 0.0, 1.0, -1.0, 1.0, 96233.0, 429.0, 99584.0
3.0, 1.0, 3.0, 2.0, -1.0, -1.0, -1.0, 2.0, 0.0, 2.0, 1.0, 0.0, 2.0, 2.0, 1.0, -1.0, 3.0, -1.0, 1.0, 2.0, -1.0, 0.0, 2.0, -1.0, 2.0, 3.0, 2.0, 3.0, 0.0, 2.0, 0.0, 0.0, -1.0, 2.0, -1.0, 1.0, 0.0, -1.0, 2.0, 0.0, -1.0, 1.0, -1.0, 1.0, 1.0, 0.0, -1.0, 1.0, -1.0, 3.0, 95635.0, 488.0, 99518.0
3.0, 3.0, 2.0, 2.0, 0.0, 1.0, 2.0, 3.0, -1.0, 0.0, 1.0, -1.0, 1.0, 3.0, 0.0, -1.0, 0.0, 3.0, 2.0, 2.0, 3.0, 0.0, 1.0, 2.0, 1.0, 1.0, 3.0, 1.0, 1.0, 3.0, 0.0, 2.0, 2.0, 2.0, -1.0, -1.0, -1.0, -1.0, 1.0, 1.0, 1.0, 0.0, 3.0, 3.0, 0.0, 0.0, -1.0, -1.0, 0.0, 0.0, 95068.0, 550.0, 99456.0
-1.0, 1.0, 3.0, 1.0, 1.0, 0.0, 0.0, 3.0, 0.0, 1.0, -1.0, -1.0, 2.0, -1.0, 1.0, -1.0, 2.0, 2.0, -1.0, -1.0, 2.0, -1.0, -1.0, 2.0, 0.0, 1.0, -1.0, -1.0, 2.0, 0.0, -1.0, 2.0, 3.0, 2.0, -1.0, 1.0, -1.0, 3.0, 0.0, 0.0, 1.0, 0.0, 2.0, -1.0, -1.0, 0.0, 0.0, 1.0, -1.0, 1.0, 95902.0, 437.0, 99569.0
3.0, 1.0, 3.0, 2.0, 3.0, -1.0, -1.0, 2.0, 0.0, 2.0, 1.0, 3.0, -1.0, 2.0, 1.0, -1.0, 3.0, -1.0, 1.0, 1.0, -1.0, 0.0, 2.0, -1.0, 2.0, 3.0, 2.0, 3.0, 0.0, 2.0, 0.0, 0.0, -1.0, 2.0, -1.0, 1.0, 0.0, 0.0, 2.0, 0.0, -1.0, 1.0, -1.0, 1.0, 1.0, 0.0, -1.0, -1.0, -1.0, 0.0, 95381.0, 491.0, 99510.0
3.0, 1.0, 3.0, 2.0, -1.0, -1.0, -1.0, 2.0, 0.0, 2.0, 1.0, 0.0, -1.0, 2.0, 1.0, -1.0, 3.0, -1.0, 1.0, 2.0, -1.0, 0.0, 2.0, -1.0, 2.0, 3.0, 2.0, 3.0, 0.0, 2.0, 0.0, 0.0, -1.0, 2.0, -1.0, 1.0, 0.0, -1.0, 2.0, 0.0, -1.0, 1.0, -1.0, 1.0, 1.0, 0.0, -1.0, -1.0, -1.0, 3.0, 95802.0, 459.0, 99538.0
-1.0, 1.0, 3.0, -1.0, 1.0, 0.0, -1.0, 3.0, 0.0, 1.0, -1.0, -1.0, 2.0, -1.0, 1.0, -1.0, 2.0, 2.0, -1.0, -1.0, 2.0, -1.0, -1.0, 2.0, -1.0, 0.0, -1.0, -1.0, 2.0, 0.0, -1.0, 2.0, 3.0, 2.0, -1.0, 1.0, -1.0, 3.0, 0.0, 0.0, 1.0, 0.0, 2.0, -1.0, -1.0, 0.0, 0.0, 1.0, -1.0, 1.0, 96399.0, 403.0, 99614.0
-1.0, 1.0, 3.0, -1.0, 1.0, 0.0, 0.0, 3.0, 0.0, 1.0, -1.0, -1.0, 2.0, -1.0, 1.0, -1.0, 2.0, 2.0, -1.0, -1.0, 2.0, -1.0, -1.0, 2.0, 0.0, 1.0, -1.0, -1.0, 2.0, 0.0, -1.0, 2.0, 3.0, 2.0, -1.0, 1.0, -1.0, 3.0, 0.0, 0.0, 1.0, 0.0, 2.0, -1.0, -1.0, 0.0, 0.0, 1.0, -1.0, 1.0, 96095.0, 424.0, 99586.0
3.0, 1.0, 3.0, 2.0, 3.0, -1.0, -1.0, 2.0, 0.0, 2.0, 1.0, 3.0, -1.0, 2.0, 1.0, -1.0, 3.0, -1.0, 1.0, 1.0, -1.0, 0.0, 2.0, -1.0, 2.0, 3.0, 2.0, 3.0, 0.0, 2.0, 0.0, 0.0, -1.0, 2.0, -1.0, 1.0, 0.0, 0.0, 2.0, 0.0, -1.0, 1.0, -1.0, 1.0, 1.0, 0.0, -1.0, -1.0, -1.0, 0.0, 95381.0, 491.0, 99510.0
-1.0, 1.0, 3.0, -1.0, 1.0, 0.0, 0.0, 3.0, 0.0, 0.0, -1.0, -1.0, 2.0, -1.0, 1.0, -1.0, 2.0, -1.0, -1.0, -1.0, 2.0, -1.0, 1.0, 1.0, 0.0, 1.0, -1.0, -1.0, 2.0, 0.0, -1.0, 2.0, 3.0, 2.0, -1.0, 1.0, -1.0, 3.0, 0.0, 0.0, 1.0, 0.0, 2.0, -1.0, -1.0, 0.0, 0.0, 1.0, -1.0, 1.0, 96085.0, 418.0, 99589.0
1.0, 1.0, 0.0, 1.0, 2.0, 1.0, 3.0, 1.0, 2.0, 0.0, -1.0, 0.0, 0.0, -1.0, 0.0, 3.0, 0.0, 1.0, -1.0, 3.0, 0.0, -1.0, 0.0, 2.0, 2.0, 3.0, 0.0, 2.0, 2.0, 1.0, 1.0, 0.0, -1.0, 1.0, 2.0, 2.0, 2.0, 3.0, 2.0, 0.0, 2.0, 3.0, -1.0, -1.0, 1.0, -1.0, -1.0, -1.0, 3.0, 3.0, 95134.0, 535.0, 99472.0
3.0, 1.0, 3.0, 1.0, -1.0, -1.0, -1.0, 2.0, 0.0, 2.0, 1.0, -1.0, 2.0, 2.0, 1.0, -1.0, 3.0, -1.0, 1.0, 1.0, -1.0, 0.0, 2.0, -1.0, 2.0, 3.0, 2.0, 3.0, 0.0, 2.0, 0.0, 0.0, 2.0, 2.0, -1.0, 1.0, 0.0, 0.0, 2.0, 0.0, -1.0, 1.0, -1.0, 1.0, 1.0, 0.0, -1.0, -1.0, -1.0, 0.0, 95305.0, 494.0, 99511.0
-1.0, 1.0, 3.0, -1.0, 1.0, 0.0, -1.0, 3.0, 0.0, 1.0, -1.0, -1.0, 2.0, -1.0, 1.0, -1.0, 2.0, 1.0, -1.0, -1.0, 2.0, -1.0, -1.0, 2.0, 0.0, 1.0, -1.0, -1.0, 2.0, 0.0, -1.0, 2.0, 3.0, 2.0, -1.0, 1.0, 0.0, 3.0, 0.0, 0.0, 1.0, 0.0, 2.0, -1.0, -1.0, 0.0, 3.0, 1.0, -1.0, 1.0, 96081.0, 431.0, 99584.0
3.0, 1.0, 3.0, 1.0, -1.0, -1.0, -1.0, 2.0, 0.0, 2.0, 1.0, 0.0, 2.0, 2.0, 1.0, -1.0, 3.0, -1.0, 1.0, 1.0, -1.0, 0.0, 2.0, -1.0, 2.0, 3.0, 2.0, 3.0, 0.0, 2.0, 0.0, 0.0, -1.0, 2.0, -1.0, 1.0, 0.0, 0.0, 2.0, 0.0, -1.0, 1.0, -1.0, 1.0, 1.0, 0.0, -1.0, -1.0, -1.0, 0.0, 95264.0, 490.0, 99514.0
1.0, 1.0, 0.0, 1.0, 2.0, 1.0, 3.0, 1.0, 2.0, 0.0, -1.0, 0.0, 2.0, -1.0, 0.0, -1.0, 0.0, 1.0, -1.0, 1.0, 0.0, -1.0, 0.0, 2.0, 2.0, 3.0, 0.0, 2.0, -1.0, 1.0, 1.0, 0.0, -1.0, 1.0, 2.0, 2.0, 2.0, 3.0, 2.0, 0.0, 2.0, 3.0, 0.0, -1.0, 3.0, -1.0, -1.0, -1.0, 0.0, 3.0, 95204.0, 516.0, 99490.0
3.0, 1.0, 3.0, 2.0, -1.0, -1.0, 1.0, 2.0, 0.0, 2.0, 1.0, 0.0, 2.0, 2.0, 1.0, -1.0, 3.0, -1.0, 1.0, 1.0, -1.0, 0.0, 2.0, -1.0, 2.0, 3.0, 2.0, 3.0, 0.0, 2.0, 0.0, 0.0, -1.0, 2.0, -1.0, 1.0, 0.0, 0.0, 2.0, 0.0, -1.0, 1.0, -1.0, 1.0, 1.0, 0.0, -1.0, -1.0, -1.0, 1.0, 95201.0, 500.0, 99498.0
3.0, 1.0, 3.0, 2.0, -1.0, -1.0, -1.0, 2.0, 0.0, 2.0, 1.0, 0.0, 2.0, 2.0, 1.0, -1.0, 3.0, -1.0, 1.0, 2.0, -1.0, 0.0, 2.0, -1.0, 2.0, 3.0, 2.0, 3.0, 0.0, 2.0, 0.0, 0.0, -1.0, 2.0, -1.0, 1.0, 0.0, -1.0, 2.0, 0.0, -1.0, 1.0, -1.0, 1.0, 1.0, 0.0, -1.0, 1.0, -1.0, 3.0, 95635.0, 488.0, 99518.0
3.0, 1.0, 3.0, 2.0, -1.0, -1.0, 1.0, 2.0, 0.0, 2.0, 1.0, -1.0, 2.0, 2.0, 1.0, -1.0, 3.0, -1.0, 1.0, 1.0, -1.0, 0.0, 2.0, -1.0, 2.0, 3.0, 2.0, 3.0, 0.0, 2.0, 0.0, 0.0, 3.0, 2.0, -1.0, 1.0, 0.0, 0.0, 2.0, 0.0, -1.0, 1.0, -1.0, 1.0, 1.0, 0.0, -1.0, -1.0, -1.0, 1.0, 95273.0, 504.0, 99495.0
3.0, 1.0, 3.0, 2.0, -1.0, -1.0, 1.0, 2.0, 0.0, 2.0, 1.0, -1.0, 2.0, 2.0, 1.0, -1.0, 3.0, -1.0, 1.0, 1.0, -1.0, 0.0, 2.0, -1.0, 2.0, 3.0, 2.0, 3.0, 0.0, 2.0, 0.0, 0.0, 3.0, 2.0, -1.0, 1.0, 0.0, 0.0, 2.0, 0.0, -1.0, 1.0, -1.0, 1.0, 1.0, 0.0, -1.0, -1.0, -1.0, 1.0, 95273.0, 504.0, 99495.0
1.0, 1.0, 2.0, 3.0, 3.0, 1.0, 1.0, -1.0, 1.0, 0.0, -1.0, 1.0, 0.0, -1.0, 2.0, -1.0, 3.0, -1.0, 0.0, 1.0, 0.0, -1.0, 1.0, 3.0, -1.0, -1.0, 1.0, 1.0, -1.0, -1.0, 0.0, -1.0, 2.0, 0.0, 0.0, 0.0, 2.0, -1.0, -1.0, -1.0, -1.0, 0.0, -1.0, 2.0, 0.0, 2.0, -1.0, -1.0, 0.0, 3.0, 96029.0, 436.0, 99574.0
-1.0, 1.0, 3.0, -1.0, 1.0, 0.0, 0.0, 3.0, 0.0, 1.0, -1.0, -1.0, 2.0, -1.0, 1.0, -1.0, 2.0, 2.0, -1.0, -1.0, 2.0, -1.0, -1.0, 2.0, 0.0, 1.0, -1.0, -1.0, 2.0, 0.0, -1.0, 2.0, 3.0, 2.0, -1.0, 1.0, -1.0, 3.0, 0.0, 0.0, 1.0, 0.0, 2.0, -1.0, -1.0, 0.0, 0.0, 1.0, -1.0, 1.0, 96095.0, 424.0, 99586.0
0.0, 0.0, 2.0, 1.0, 1.0, -1.0, -1.0, 0.0, 2.0, -1.0, -1.0, 3.0, 1.0, 3.0, 1.0, 2.0, 1.0, 2.0, -1.0, 1.0, 1.0, -1.0, 3.0, 0.0, 3.0, 1.0, -1.0, 0.0, 0.0, 3.0, 2.0, 2.0, -1.0, -1.0, 1.0, 2.0, 2.0, -1.0, 0.0, 0.0, 2.0, 1.0, -1.0, -1.0, 1.0, 0.0, -1.0, 0.0, 2.0, 0.0, 95252.0, 495.0, 99517.0
3.0, 0.0, 2.0, 1.0, 1.0, -1.0, -1.0, 0.0, -1.0, -1.0, -1.0, 3.0, 0.0, 3.0, 1.0, 2.0, 1.0, 2.0, 1.0, 1.0, 1.0, -1.0, 3.0, 0.0, 3.0, -1.0, 2.0, 0.0, 0.0, 3.0, 2.0, 2.0, -1.0, -1.0, 1.0, 2.0, 2.0, -1.0, 0.0, 0.0, 2.0, 1.0, -1.0, -1.0, 1.0, 0.0, -1.0, 0.0, 1.0, 0.0, 95166.0, 501.0, 99510.0
-1.0, 1.0, 3.0, -1.0, 1.0, 0.0, 0.0, 3.0, 0.0, 1.0, -1.0, 0.0, 2.0, -1.0, 1.0, -1.0, 2.0, 2.0, -1.0, -1.0, 2.0, -1.0, -1.0, 2.0, 0.0, 1.0, -1.0, -1.0, 2.0, 0.0, -1.0, 2.0, -1.0, 2.0, -1.0, 1.0, -1.0, 3.0, 0.0, 0.0, 1.0, 0.0, 2.0, -1.0, -1.0, 0.0, 0.0, 1.0, -1.0, 1.0, 96023.0, 420.0, 99589.0
1.0, 1.0, 0.0, 1.0, 2.0, 1.0, 3.0, 1.0, 2.0, 0.0, -1.0, 0.0, 2.0, -1.0, 0.0, -1.0, 0.0, 1.0, -1.0, 1.0, 0.0, -1.0, 0.0, 2.0, 2.0, 3.0, 0.0, 2.0, -1.0, 1.0, 1.0, 0.0, -1.0, 1.0, 2.0, 2.0, 2.0, 3.0, 2.0, 0.0, 2.0, 3.0, 0.0, -1.0, 3.0, -1.0, -1.0, -1.0, 0.0, 3.0, 95204.0, 516.0, 99490.0
-1.0, 1.0, 3.0, -1.0, 1.0, 0.0, 0.0, 3.0, 0.0, 0.0, -1.0, -1.0, 2.0, -1.0, 1.0, -1.0, 2.0, 2.0, -1.0, -1.0, 2.0, -1.0, 1.0, 1.0, 0.0, 1.0, -1.0, -1.0, 2.0, 0.0, -1.0, 2.0, 3.0, 2.0, -1.0, 1.0, -1.0, 3.0, 0.0, 0.0, 1.0, 0.0, 2.0, -1.0, -1.0, 0.0, 0.0, 1.0, -1.0, 1.0, 95987.0, 436.0, 99577.0
1.0, 1.0, 2.0, 3.0, 3.0, 1.0, 1.0, -1.0, 1.0, 0.0, -1.0, 1.0, 0.0, -1.0, 2.0, -1.0, 3.0, -1.0, 0.0, 1.0, 0.0, -1.0, 1.0, 3.0, -1.0, -1.0, 1.0, 1.0, -1.0, -1.0, 0.0, -1.0, 2.0, 0.0, 0.0, 0.0, 2.0, -1.0, -1.0, -1.0, -1.0, 0.0, -1.0, 2.0, 0.0, 2.0, -1.0, -1.0, 0.0, 3.0, 96029.0, 436.0, 99574.0
3.0, 1.0, 3.0, 2.0, -1.0, -1.0, -1.0, 2.0, 0.0, 2.0, 1.0, 0.0, -1.0, 2.0, 1.0, -1.0, 3.0, -1.0, 1.0, 2.0, -1.0, 0.0, 2.0, -1.0, 2.0, 3.0, 2.0, 3.0, 0.0, 2.0, 0.0, 0.0, -1.0, 2.0, -1.0, 1.0, 0.0, -1.0, 2.0, 0.0, -1.0, 1.0, -1.0, 1.0, 1.0, 0.0, -1.0, -1.0, -1.0, 3.0, 95802.0, 459.0, 99538.0
0.0, 0.0, 2.0, 1.0, 1.0, -1.0, -1.0, 0.0, 2.0, -1.0, -1.0, 3.0, 1.0, 3.0, 1.0, 2.0, 1.0, 2.0, -1.0, 1.0, 1.0, -1.0, 3.0, 0.0, 3.0, 1.0, -1.0, 0.0, 0.0, 3.0, 2.0, 2.0, -1.0, -1.0, 1.0, 2.0, 2.0, -1.0, 0.0, 0.0, 2.0, 1.0, -1.0, -1.0, 1.0, 0.0, -1.0, 0.0, 2.0, 0.0, 95252.0, 495.0, 99517.0
-1.0, 1.0, 3.0, -1.0, 1.0, 0.0, 0.0, 3.0, 0.0, 0.0, -1.0, -1.0, 2.0, -1.0, 1.0, -1.0, 2.0, 2.0, -1.0, -1.0, 2.0, -1.0, 1.0, 1.0, 0.0, 1.0, -1.0, -1.0, 2.0, 0.0, -1.0, 2.0, 3.0, 2.0, -1.0, 1.0, -1.0, 3.0, 0.0, 0.0, 1.0, 0.0, 2.0, -1.0, -1.0, 0.0, 0.0, 1.0, -1.0, 1.0, 95987.0, 436.0, 99577.0
-1.0, 1.0, 3.0, -1.0, 1.0, 0.0, 0.0, 3.0, 0.0, 1.0, -1.0, 0.0, 2.0, -1.0, 1.0, -1.0, 2.0, 2.0, -1.0, -1.0, 2.0, -1.0, -1.0, 2.0, 0.0, 1.0, -1.0, -1.0, 2.0, 0.0, -1.0, 2.0, -1.0, 2.0, -1.0, 1.0, -1.0, 3.0, 0.0, 0.0, 1.0, 0.0, 2.0, -1.0, -1.0, 0.0, 0.0, 1.0, -1.0, 1.0, 96023.0, 420.0, 99589.0
3.0, 0.0, 2.0, 1.0, 1.0, -1.0, -1.0, 0.0, -1.0, -1.0, -1.0, 3.0, 0.0, 3.0, 1.0, 2.0, 1.0, 2.0, 1.0, 1.0, 1.0, -1.0, 3.0, 0.0, 3.0, -1.0, 2.0, 0.0, 0.0, 3.0, 2.0, 2.0, -1.0, -1.0, 1.0, 2.0, 2.0, -1.0, 0.0, 0.0, 2.0, 1.0, -1.0, -1.0, 1.0, 0.0, -1.0, 0.0, 1.0, 0.0, 95166.0, 501.0, 99510.0
3.0, 1.0, 3.0, 2.0, -1.0, -1.0, 1.0, 2.0, 0.0, 2.0, 1.0, 0.0, 2.0, 2.0, 1.0, -1.0, 3.0, -1.0, 1.0, 1.0, -1.0, 0.0, 2.0, -1.0, 2.0, 3.0, 2.0, 3.0, 0.0, 2.0, 0.0, 0.0, -1.0, 2.0, -1.0, 1.0, 0.0, 0.0, 2.0, 0.0, -1.0, 1.0, -1.0, 1.0, 1.0, 0.0, -1.0, -1.0, -1.0, 1.0, 95201.0, 500.0, 99498.0
3.0, 1.0, 3.0, 2.0, -1.0, -1.0, -1.0, 2.0, 0.0, 2.0, 1.0, 0.0, -1.0, 2.0, 1.0, -1.0, 3.0, -1.0, 1.0, 2.0, -1.0, 0.0, 2.0, -1.0, 2.0, 3.0, 2.0, 3.0, 0.0, 2.0, 0.0, 0.0, -1.0, 2.0, -1.0, 1.0, 0.0, -1.0, 2.0, 0.0, -1.0, 1.0, -1.0, 1.0, 1.0, 0.0, -1.0, -1.0, -1.0, 3.0, 95802.0, 459.0, 99538.0
3.0, 1.0, 3.0, 2.0, -1.0, -1.0, -1.0, 2.0, 0.0, 2.0, 1.0, 0.0, -1.0, 2.0, 1.0, -1.0, 3.0, -1.0, 1.0, 2.0, -1.0, 0.0, 2.0, -1.0, 2.0, 3.0, 2.0, 3.0, 0.0, 2.0, 0.0, 0.0, -1.0, 2.0, -1.0, 1.0, 0.0, -1.0, 2.0, 0.0, -1.0, 1.0, -1.0, 1.0, 1.0, 0.0, -1.0, -1.0, -1.0, 3.0, 95802.0, 459.0, 99538.0
3.0, 1.0, 3.0, 2.0, -1.0, -1.0, -1.0, 2.0, 0.0, 2.0, 1.0, 0.0, -1.0, 2.0, 1.0, -1.0, 3.0, -1.0, 1.0, 2.0, -1.0, 0.0, 2.0, -1.0, 2.0, 3.0, 2.0, 3.0, 0.0, 2.0, 0.0, 0.0, -1.0, 2.0, -1.0, 1.0, 0.0, -1.0, 2.0, 0.0, -1.0, 1.0, -1.0, 1.0, 1.0, 0.0, -1.0, -1.0, -1.0, 3.0, 95802.0, 459.0, 99538.0
-1.0, 1.0, 3.0, -1.0, 1.0, 0.0, -1.0, 3.0, 0.0, 1.0, -1.0, -1.0, 2.0, -1.0, 1.0, -1.0, 2.0, 2.0, -1.0, -1.0, 2.0, -1.0, -1.0, 2.0, -1.0, 0.0, -1.0, -1.0, 2.0, 0.0, -1.0, 2.0, 3.0, 2.0, -1.0, 1.0, -1.0, 3.0, 0.0, 0.0, 1.0, 0.0, 2.0, -1.0, -1.0, 0.0, 0.0, -1.0, -1.0, 1.0, 96484.0, 386.0, 99622.0
-1.0, 1.0, 3.0, -1.0, 1.0, 0.0, -1.0, 3.0, 0.0, 1.0, -1.0, -1.0, 2.0, -1.0, 1.0, -1.0, 2.0, 2.0, -1.0, -1.0, 2.0, -1.0, -1.0, 2.0, -1.0, 0.0, -1.0, -1.0, 2.0, 0.0, -1.0, 2.0, 3.0, 2.0, -1.0, 1.0, -1.0, 3.0, 0.0, 0.0, 1.0, 0.0, 2.0, -1.0, -1.0, 0.0, 0.0, -1.0, -1.0, 1.0, 96484.0, 386.0, 99622.0
-1.0, 1.0, 3.0, -1.0, 1.0, 0.0, -1.0, 3.0, 0.0, 1.0, -1.0, -1.0, 2.0, -1.0, 1.0, -1.0, 2.0, 2.0, -1.0, -1.0, 2.0, -1.0, -1.0, 2.0, -1.0, 0.0, -1.0, -1.0, 2.0, 0.0, -1.0, 2.0, 3.0, 2.0, -1.0, 1.0, -1.0, 3.0, 0.0, 0.0, 1.0, 0.0, 2.0, -1.0, -1.0, 0.0, 0.0, -1.0, -1.0, 1.0, 96484.0, 386.0, 99622.0
-1.0, 1.0, 3.0, -1.0, 1.0, 0.0, -1.0, 3.0, 0.0, 1.0, -1.0, -1.0, 2.0, -1.0, 1.0, -1.0, 2.0, 2.0, -1.0, -1.0, 2.0, -1.0, -1.0, 2.0, -1.0, 0.0, -1.0, -1.0, 2.0, 0.0, -1.0, 2.0, 3.0, 2.0, -1.0, 1.0, -1.0, 3.0, 0.0, 0.0, 1.0, 0.0, 2.0, -1.0, -1.0, 0.0, 0.0, -1.0, -1.0, 1.0, 96484.0, 386.0, 99622.0
-1.0, 1.0, 3.0, -1.0, 1.0, 0.0, -1.0, 3.0, 0.0, 1.0, -1.0, -1.0, 2.0, -1.0, 1.0, -1.0, 2.0, 2.0, -1.0, -1.0, 2.0, -1.0, -1.0, 2.0, -1.0, 0.0, -1.0, -1.0, 2.0, 0.0, -1.0, 2.0, 3.0, 2.0, -1.0, 1.0, -1.0, 3.0, 0.0, 0.0, 1.0, 0.0, 2.0, -1.0, -1.0, 0.0, 0.0, -1.0, -1.0, 1.0, 96484.0, 386.0, 99622.0
-1.0, 1.0, 3.0, -1.0, 1.0, 0.0, -1.0, 3.0, 0.0, 1.0, -1.0, -1.0, 2.0, -1.0, 1.0, -1.0, 2.0, 2.0, -1.0, -1.0, 2.0, -1.0, -1.0, 2.0, -1.0, 0.0, -1.0, -1.0, 2.0, 0.0, -1.0, 2.0, 3.0, 2.0, -1.0, 1.0, -1.0, 3.0, 0.0, 0.0, 1.0, 0.0, 2.0, -1.0, -1.0, 0.0, 0.0, -1.0, -1.0, 1.0, 96484.0, 386.0, 99622.0
-1.0, 1.0, 3.0, -1.0, 1.0, 0.0, 0.0, 3.0, 0.0, 1.0, -1.0, -1.0, 2.0, -1.0, 1.0, -1.0, 2.0, 2.0, -1.0, -1.0, 2.0, -1.0, -1.0, 2.0, 0.0, 1.0, -1.0, -1.0, 2.0, 0.0, -1.0, 2.0, 3.0, 2.0, -1.0, 1.0, -1.0, 3.0, 0.0, 0.0, 1.0, 0.0, 2.0, -1.0, -1.0, 0.0, 0.0, 1.0, -1.0, 1.0, 96095.0, 424.0, 99586.0
-1.0, 1.0, 3.0, -1.0, 1.0, 0.0, 0.0, 3.0, 0.0, 1.0, -1.0, -1.0, 2.0, -1.0, 1.0, -1.0, 2.0, 2.0, -1.0, -1.0, 2.0, -1.0, -1.0, 2.0, 0.0, 1.0, -1.0, -1.0, 2.0, 0.0, -1.0, 2.0, 3.0, 2.0, -1.0, 1.0, -1.0, 3.0, 0.0, 0.0, 1.0, 0.0, 2.0, -1.0, -1.0, 0.0, 0.0, 1.0, -1.0, 1.0, 96095.0, 424.0, 99586.0
-1.0, 1.0, 3.0, -1.0, 1.0, 0.0, 0.0, 3.0, 0.0, 1.0, -1.0, -1.0, 2.0, -1.0, 1.0, -1.0, 2.0, 2.0, -1.0, -1.0, 2.0, -1.0, -1.0, 2.0, 0.0, 1.0, -1.0, -1.0, 2.0, 0.0, -1.0, 2.0, 3.0, 2.0, -1.0, 1.0, -1.0, 3.0, 0.0, 0.0, 1.0, 0.0, 2.0, -1.0, -1.0, 0.0, 0.0, 1.0, -1.0, 1.0, 96095.0, 424.0, 99586.0
-1.0, 1.0, 3.0, -1.0, 1.0, 0.0, 0.0, 3.0, 0.0, 1.0, -1.0, -1.0, 2.0, -1.0, 1.0, -1.0, 2.0, 2.0, -1.0, -1.0, 2.0, -1.0, -1.0, 2.0, 0.0, 1.0, -1.0, -1.0, 2.0, 0.0, -1.0, 2.0, 3.0, 2.0, -1.0, 1.0, -1.0, 3.0, 0.0, 0.0, 1.0, 0.0, 2.0, -1.0, -1.0, 0.0, 0.0, 1.0, -1.0, 1.0, 96095.0, 424.0, 99586.0
-1.0, 1.0, 3.0, -1.0, 1.0, 0.0, 0.0, 3.0, 0.0, 1.0, -1.0, -1.0, 2.0, -1.0, 1.0, -1.0, 2.0, 2.0, -1.0, -1.0, 2.0, -1.0, -1.0, 2.0, 0.0, 1.0, -1.0, -1.0, 2.0, 0.0, -1.0, 2.0, 3.0, 2.0, -1.0, 1.0, -1.0, 3.0, 0.0, 0.0, 1.0, 0.0, 2.0, -1.0, -1.0, 0.0, 0.0, 1.0, -1.0, 1.0, 96095.0, 424.0, 99586.0
-1.0, 1.0, 3.0, -1.0, 1.0, 0.0, 0.0, 3.0, 0.0, 1.0, -1.0, -1.0, 2.0, -1.0, 1.0, -1.0, 2.0, 2.0, -1.0, -1.0, 2.0, -1.0, -1.0, 2.0, 0.0, 1.0, -1.0, -1.0, 2.0, 0.0, -1.0, 2.0, 3.0, 2.0, -1.0, 1.0, -1.0, 3.0, 0.0, 0.0, 1.0, 0.0, 2.0, -1.0, -1.0, 0.0, 0.0, 1.0, -1.0, 1.0, 96095.0, 424.0, 99586.0
-1.0, 1.0, 3.0, -1.0, 1.0, 0.0, 0.0, 3.0, 0.0, 1.0, -1.0, -1.0, 2.0, -1.0, 1.0, -1.0, 2.0, 2.0, -1.0, -1.0, 2.0, -1.0, -1.0, 2.0, 0.0, 1.0, -1.0, -1.0, 2.0, 0.0, -1.0, 2.0, 3.0, 2.0, -1.0, 1.0, -1.0, 3.0, 0.0, 0.0, 1.0, 0.0, 2.0, -1.0, -1.0, 0.0, 0.0, 1.0, -1.0, 1.0, 96095.0, 424.0, 99586.0
-1.0, 1.0, 3.0, -1.0, 1.0, 0.0, 0.0, 3.0, 0.0, 1.0, -1.0, -1.0, 2.0, -1.0, 1.0, -1.0, 2.0, 2.0, -1.0, -1.0, 2.0, -1.0, -1.0, 2.0, 0.0, 1.0, -1.0, -1.0, 2.0, 0.0, -1.0, 2.0, 3.0, 2.0, -1.0, 1.0, -1.0, 3.0, 0.0, 0.0, 1.0, 0.0, 2.0, -1.0, -1.0, 0.0, 0.0, 1.0, -1.0, 1.0, 96095.0, 424.0, 99586.0
-1.0, 1.0, 3.0, -1.0, 1.0, 0.0, 0.0, 3.0, 0.0, 1.0, -1.0, -1.0, 2.0, -1.0, 1.0, -1.0, 2.0, 2.0, -1.0, -1.0, 2.0, -1.0, -1.0, 2.0, 0.0, 1.0, -1.0, -1.0, 2.0, 0.0, -1.0, 2.0, 3.0, 2.0, -1.0, 1.0, -1.0, 3.0, 0.0, 0.0, 1.0, 0.0, 2.0, -1.0, -1.0, 0.0, 0.0, 1.0, -1.0, 1.0, 96095.0, 424.0, 99586.0
-1.0, 1.0, 3.0, -1.0, 1.0, 0.0, 0.0, 3.0, 0.0, 1.0, -1.0, -1.0, 2.0, -1.0, 1.0, -1.0, 2.0, 2.0, -1.0, -1.0, 2.0, -1.0, -1.0, 2.0, 0.0, 1.0, -1.0, -1.0, 2.0, 0.0, -1.0, 2.0, 3.0, 2.0, -1.0, 1.0, -1.0, 3.0, 0.0, 0.0, 1.0, 0.0, 2.0, -1.0, -1.0, 0.0, 0.0, 1.0, -1.0, 1.0, 96095.0, 424.0, 99586.0
-1.0, 1.0, 3.0, -1.0, 1.0, 0.0, 0.0, 3.0, 0.0, 1.0, -1.0, -1.0, 2.0, -1.0, 1.0, -1.0, 2.0, 2.0, -1.0, -1.0, 2.0, -1.0, -1.0, 2.0, 0.0, 1.0, -1.0, -1.0, 2.0, 0.0, -1.0, 2.0, 3.0, 2.0, -1.0, 1.0, -1.0, 3.0, 0.0, 0.0, 1.0, 0.0, 2.0, -1.0, -1.0, 0.0, 0.0, 1.0, -1.0, 1.0, 96095.0, 424.0, 99586.0
