0.683706238358, 0.823218063264, 80.1581919453, 0.694382200891, 92.2217147465, 17.7152575074, 0.690786736703, 3.40665915685, 1.70603028211, 1431.49355095, 0.0, 0.0
0.299713385831, 0.831369104223, 86.9379208683, 0.459703313893, 45.412375062, 8.60367670875, 0.0638422857219, 3.40665915685, 13.3568505413, 556.799549424, 0.123248522325, 0.0
0.323146621357, 0.841469359333, 81.8234141154, 0.671555895974, 61.8269896726, 1.18888578553, 0.132644138838, 4.84143449312, 2.76899437862, 1152.84543075, 0.0150140118411, 0.0
0.299713385831, 0.831369104223, 83.5819469766, 0.694382200891, 45.412375062, 1.02912318488, 0.623752753256, 3.40665915685, 6.31375425775, 886.951769849, 0.0281931140367, 0.5
0.705038049615, 0.823410767073, 80.5959442409, 0.566621281573, 23.3699906975, 1.05624440672, 0.623752753256, 3.89269219619, 4.82365682351, 889.341556144, 0.0781626963208, 0.571428571429
0.299713385831, 0.831369104223, 87.6677797287, 0.459703313893, 45.412375062, 1.22310620704, 0.623752753256, 4.31380951404, 9.85226260569, 1012.3419786, 0.0700716622552, 0.5
0.267271028121, 0.86377148351, 80.2909524978, 0.676911367576, 97.4265998749, 47.9186351716, 0.996886744442, 2.83816079481, 3.43718585843, 582.233213942, 0.679379551919, 0.454545454545
0.437552510532, 0.896010159044, 84.0362409454, 0.558968696392, 51.7052101736, 47.9186351716, 0.996886744442, 1.930831013, 1.83437194654, 703.995139636, 0.722775492096, 0.0
0.812006374146, 0.823410767073, 80.5959442409, 0.565813314022, 23.3699906975, 42.1977624921, 0.299016071279, 3.89269219619, 2.62730491586, 775.070643799, 0.399660629254, 0.0
0.53632862077, 0.824730329593, 88.0301751936, 0.453347767391, 42.9836127858, 2.90150375844, 0.869551571692, 4.05247974969, 3.41332912455, 845.945285089, 0.13915580313, 0.384615384615
0.437552510532, 0.896010159044, 88.9767635415, 0.554323746413, 51.7052101736, 49.9017843391, 0.996886744442, 3.89269219619, 1.83437194654, 997.45740211, 0.610432815723, 0.0
0.683706238358, 0.823218063264, 80.1581919453, 0.519425070356, 92.2217147465, 17.7152575074, 0.299016071279, 3.40665915685, 1.70603028211, 1113.98182348, 0.514715538524, 0.363636363636
0.844771468658, 0.830106404892, 80.1581919453, 0.668638779487, 84.0361485075, 13.089082953, 0.605115716506, 4.9469107854, 17.5539724879, 1049.86024184, 0.552593735684, 0.461538461538
0.267271028121, 0.86377148351, 80.6519192514, 0.676911367576, 97.4265998749, 10.6071273584, 0.393773125011, 2.83816079481, 7.50848381589, 1248.15467574, 0.0536203465155, 0.0
0.25566399192, 0.823072569342, 80.1581919453, 0.459703313893, 45.412375062, 1.02912318488, 0.623752753256, 3.40665915685, 11.5760620832, 1419.89373146, 0.0167184024149, 0.125
0.271561520733, 0.831369104223, 93.3946677166, 0.566621281573, 61.8714331058, 1.18888578553, 0.623752753256, 3.40665915685, 4.82365682351, 1342.08575464, 0.0305521588837, 0.470588235294
0.167401840129, 1.06315858863, 84.0362409454, 0.558968696392, 51.4497907754, 47.9186351716, 0.996886744442, 1.930831013, 1.83437194654, 5508.57948028, 0.0, 0.0
0.25566399192, 0.831369104223, 91.7618057722, 0.459703313893, 45.412375062, 1.02912318488, 0.623752753256, 3.40665915685, 11.5760620832, 1930.36951585, 0.00441147883653, 0.0
0.33983631082, 0.831369104223, 93.2190829813, 0.676911367576, 45.412375062, 1.22310620704, 0.623752753256, 2.83816079481, 9.85226260569, 1752.99808671, 0.0109069825017, 0.0
0.299713385831, 0.831369104223, 84.7303463793, 0.459703313893, 45.412375062, 1.34446361796, 0.623752753256, 3.40665915685, 9.85226260569, 1464.90935974, 0.00589228488192, 0.111111111111
0.267271028121, 0.820183997376, 84.7303463793, 0.676911367576, 49.7814681633, 1.22310620704, 0.656581986773, 2.51660499756, 1.03543196934, 1756.39959537, 0.00427438944346, 0.823529411765
0.110175030275, 0.830106404892, 81.8766269319, 0.566595468123, 62.0039191588, 1.34446361796, 0.605115716506, 4.9469107854, 11.5760620832, 2352.59475533, 0.000978011822868, 0.0
0.218329051659, 0.831369104223, 80.4532183639, 0.459703313893, 49.7814681633, 1.17000660608, 0.623752753256, 3.85671954531, 9.85226260569, 1875.64674775, 0.00941665663808, 0.0
0.297673536794, 1.2571839694, 88.2169034688, 0.680955416776, 20.7569637997, 28.6154243932, 0.418923776703, 0.0554387499786, 11.5839485985, 17345.7418782, 1.11022302463e-16, 0.0
0.861487981308, 0.820183997376, 84.7303463793, 0.566621281573, 49.7814681633, 1.22310620704, 0.000453998895984, 2.51660499756, 1.03543196934, 1334.53281658, 0.0284011052663, 0.5
0.121024428658, 0.830106404892, 81.8766269319, 0.684653649441, 62.0039191588, 1.34446361796, 0.605115716506, 2.30377162344, 1.05291669695, 3026.28370898, 0.00317197035237, 0.785714285714
0.861487981308, 0.823218063264, 84.7303463793, 0.566621281573, 98.67159755, 17.7152575074, 0.0503933569448, 2.51660499756, 1.03543196934, 1225.93749464, 0.177045311411, 0.333333333333
0.683706238358, 0.823218063264, 80.4305308881, 0.566621281573, 92.2217147465, 17.7152575074, 0.771602950981, 2.51660499756, 1.89935174251, 1234.25382834, 0.190864453784, 0.0
0.812006374146, 0.823410767073, 80.5959442409, 0.565813314022, 23.3699906975, 1.22310620704, 0.00010356708097, 3.89269219619, 2.62730491586, 1268.54595669, 0.0624382170046, 0.363636363636
0.683706238358, 0.831369104223, 84.7303463793, 0.566621281573, 92.2217147465, 17.7152575074, 0.623752753256, 2.51660499756, 1.05291669695, 1805.61697704, 0.0123464663255, 0.0
0.218329051659, 0.831369104223, 83.5819469766, 0.566595468123, 45.412375062, 1.02912318488, 0.623752753256, 3.89185681265, 14.6141084547, 2281.77198741, 0.00485675644726, 0.0
0.299713385831, 0.831369104223, 91.7618057722, 0.566595468123, 45.412375062, 1.02912318488, 0.623752753256, 3.89185681265, 14.6141084547, 2064.36822884, 0.00938099848563, 0.0
0.323146621357, 0.841469359333, 83.8436365034, 0.437621094774, 61.8269896726, 1.18888578553, 0.132644138838, 3.89185681265, 3.82273482344, 1707.77803552, 0.00850936472116, 0.142857142857
0.102802149272, 0.825624060292, 85.6743790919, 0.488445308903, 64.1133988405, 1.02912318488, 0.00487877980348, 3.35386938951, 9.85226260569, 1590.4431562, 0.00931711069264, 0.5
0.299713385831, 0.830106404892, 86.9379208683, 0.678774241523, 81.617722598, 1.34446361796, 0.97652428062, 4.9469107854, 11.5760620832, 1537.47707451, 0.0282908587137, 0.0
0.25566399192, 0.831369104223, 80.1581919453, 0.459703313893, 45.412375062, 1.02912318488, 0.623752753256, 3.40665915685, 11.5760620832, 1635.27030741, 0.0215185728135, 0.0909090909091
0.299713385831, 0.831369104223, 93.3946677166, 0.566621281573, 61.8714331058, 1.18888578553, 0.623752753256, 3.89185681265, 4.82365682351, 1285.95289037, 0.0627229016171, 0.5
0.114895152006, 0.830676397455, 93.3946677166, 0.643443280868, 52.049350998, 1.9446198384, 0.623752753256, 3.40665915685, 14.6141084547, 2328.22064249, 0.00771565215232, 0.0
0.177692485944, 0.831369104223, 90.2252866687, 0.437647539297, 50.0791621815, 35.7807204452, 0.0459105870106, 3.96097718528, 15.7547405575, 1282.9160058, 0.182531622214, 0.0
0.683706238358, 0.823218063264, 84.7303463793, 0.566621281573, 98.67159755, 17.7152575074, 0.0638422857219, 2.51660499756, 1.03543196934, 1235.2531291, 0.213744457066, 0.363636363636
0.110175030275, 0.830106404892, 81.8766269319, 0.674795275973, 62.0039191588, 1.34446361796, 0.605115716506, 4.9469107854, 11.5760620832, 1987.16349396, 0.010068896495, 0.0
0.114895152006, 0.823218063264, 89.9426661885, 0.488445308903, 45.412375062, 1.02912318488, 0.00487877980348, 2.30377162344, 9.85226260569, 2231.68836667, 0.00739585291763, 0.333333333333
0.114895152006, 0.848283431989, 82.3062486381, 0.566621281573, 49.7814681633, 1.22310620704, 0.517925354851, 4.73689053066, 4.82365682351, 1937.85508435, 0.00801120339977, 0.333333333333
0.218329051659, 0.831369104223, 81.7850296586, 0.566595468123, 45.412375062, 1.02912318488, 0.623752753256, 3.89185681265, 14.6141084547, 2459.4936093, 0.00614139828497, 0.0
0.110175030275, 0.830106404892, 81.8766269319, 0.687496676293, 62.0039191588, 1.13707079774, 0.542447792466, 4.9469107854, 11.5760620832, 2644.5527803, 0.00605393295068, 0.0
0.776165166286, 0.843398052758, 89.8914050189, 0.459703313893, 91.5270104547, 1.97456238417, 0.287831842589, 4.20878748004, 6.10162393473, 1238.45562979, 0.197216685694, 0.454545454545
0.683706238358, 0.823218063264, 80.4305308881, 0.566621281573, 92.2217147465, 17.7152575074, 0.690786736703, 2.51660499756, 3.12322209395, 1168.28808395, 0.331403587421, 0.588235294118
0.605612285209, 0.823218063264, 83.3403546202, 0.647380373069, 92.2217147465, 27.2275825648, 0.690786736703, 3.30905199636, 13.3568505413, 1154.76488719, 0.428172007565, 0.571428571429
0.299713385831, 0.831369104223, 80.4532183639, 0.459703313893, 49.7814681633, 1.22310620704, 0.623752753256, 3.85671954531, 9.85226260569, 1432.23787192, 0.0522379579448, 0.416666666667
0.299713385831, 0.831369104223, 92.1202437859, 0.459703313893, 45.412375062, 1.02893072562, 0.623752753256, 4.31380951404, 9.85226260569, 1443.30470035, 0.0528356065632, 0.230769230769
0.299713385831, 0.831369104223, 87.6677797287, 0.459703313893, 84.0361485075, 1.34446361796, 0.623752753256, 4.31380951404, 15.5951946919, 2496.01948517, 0.00668970492039, 0.0
0.25566399192, 0.831369104223, 80.1581919453, 0.459703313893, 45.412375062, 1.02912318488, 0.623752753256, 4.9469107854, 11.5760620832, 1665.09286621, 0.0283850050697, 0.0
0.121024428658, 0.830106404892, 81.8766269319, 0.668638779487, 62.0039191588, 1.34446361796, 0.605115716506, 4.9469107854, 11.5760620832, 2414.29722453, 0.00875319857178, 0.0714285714286
0.444007594906, 0.831369104223, 82.8978280272, 0.459703313893, 45.412375062, 1.02912318488, 0.368833506915, 3.40665915685, 11.5760620832, 1509.41796388, 0.019263453161, 0.111111111111
0.121024428658, 0.830106404892, 81.8766269319, 0.684653649441, 62.0039191588, 1.34446361796, 0.605115716506, 3.35386938951, 1.05291669695, 2148.55872088, 0.00885724879568, 0.3
0.218329051659, 0.823218063264, 89.9426661885, 0.488445308903, 49.7166781313, 1.22310620704, 0.00487877980348, 1.6342200906, 9.85226260569, 2618.47119454, 0.00704151862411, 0.0
0.812006374146, 0.823410767073, 80.5959442409, 0.565813314022, 23.3699906975, 42.1977624921, 0.299016071279, 3.89269219619, 2.62730491586, 1293.69816101, 0.38727119341, 0.0
0.844771468658, 0.830106404892, 80.1581919453, 0.668638779487, 84.0361485075, 13.089082953, 0.605115716506, 4.9469107854, 17.5539724879, 1423.872953, 0.239789961718, 0.0
0.683706238358, 0.823218063264, 80.1581919453, 0.694382200891, 92.2217147465, 17.7152575074, 0.690786736703, 2.51660499756, 1.70603028211, 1356.15178511, 0.313536444633, 0.0
0.432153358635, 0.831369104223, 84.7303463793, 0.566621281573, 95.8440652896, 17.7152575074, 0.690786736703, 4.31380951404, 3.59593478448, 1303.42011518, 0.34176776422, 0.166666666667
0.776165166286, 0.83045849452, 88.6896883686, 0.447845273261, 74.28865621, 48.8236940216, 0.326424771594, 1.78107606163, 12.7439388049, 1260.2189019, 0.382328230988, 0.363636363636
0.432153358635, 0.823218063264, 84.7303463793, 0.566621281573, 98.0672084111, 17.7152575074, 0.690786736703, 3.22681563815, 3.59593478448, 1275.90003942, 0.129240301911, 0.625
0.102802149272, 0.823218063264, 85.6743790919, 0.488445308903, 64.1133988405, 1.02912318488, 0.00487877980348, 2.30377162344, 9.85226260569, 3035.05816736, 0.00688060436888, 0.0
0.121024428658, 0.830106404892, 81.8766269319, 0.684653649441, 62.0039191588, 1.34446361796, 0.605115716506, 3.35386938951, 11.5760620832, 2112.93333535, 0.00892250473363, 0.5
0.812006374146, 0.823410767073, 80.5959442409, 0.461921987385, 23.3699906975, 42.1977624921, 0.299016071279, 3.85671954531, 2.62730491586, 1288.59481521, 0.830465163392, 0.25
0.261384988662, 0.824730329593, 88.0301751936, 0.453347767391, 90.2348017723, 2.90150375844, 0.623752753256, 4.05247974969, 9.85226260569, 1703.20780038, 0.0338829692806, 0.0
0.683706238358, 0.824730329593, 80.1581919453, 0.519425070356, 92.2217147465, 17.7152575074, 0.299016071279, 3.40665915685, 1.70603028211, 1321.83382746, 0.397038827591, 0.3
0.218329051659, 0.831369104223, 83.5819469766, 0.566595468123, 45.412375062, 1.02912318488, 0.623752753256, 3.89185681265, 14.6141084547, 2705.61258558, 0.00706741148278, 0.0
0.683706238358, 0.824730329593, 88.0301751936, 0.694382200891, 42.9836127858, 2.90150375844, 0.690786736703, 4.05247974969, 3.41332912455, 1629.22795647, 0.0982309803981, 0.0
0.683706238358, 0.823218063264, 89.1567226819, 0.488445308903, 93.0802255586, 17.7152575074, 0.57788292386, 0.577317901495, 1.05291669695, 1326.29159099, 0.412230145238, 0.0
0.299713385831, 0.831369104223, 87.6677797287, 0.459703313893, 45.412375062, 1.22310620704, 0.623752753256, 4.31380951404, 9.85226260569, 1874.0876298, 0.0225021801759, 0.0
0.683706238358, 0.823218063264, 84.7303463793, 0.566621281573, 92.2217147465, 17.7152575074, 0.0638422857219, 2.51660499756, 1.89935174251, 1304.12856388, 0.449419475888, 0.25
0.791211385298, 0.821467080192, 80.1581919453, 0.502334695483, 74.28865621, 48.8236940216, 0.326424771594, 4.77264415168, 12.7439388049, 1399.30740079, 0.534448698041, 0.0
0.265102626142, 0.823218063264, 81.4666201236, 0.566621281573, 95.8440652896, 17.7152575074, 0.690786736703, 4.31380951404, 3.59593478448, 1371.33524503, 0.313005297433, 0.380952380952
0.789986235786, 0.853712256665, 81.4666201236, 0.437647539297, 0.240002729675, 35.7807204452, 0.146948468014, 2.70308821667, 15.7547405575, 1395.38587193, 0.44430686367, 0.272727272727
0.299713385831, 0.841469359333, 91.7618057722, 0.437621094774, 45.412375062, 1.02912318488, 0.623752753256, 3.89185681265, 14.6141084547, 2889.79697076, 0.0086361219064, 0.0
0.299713385831, 0.831369104223, 87.6677797287, 0.437621094774, 45.412375062, 1.22310620704, 0.132644138838, 2.31437994314, 9.85226260569, 1875.13343763, 0.0246445663897, 0.0
0.776165166286, 0.843398052758, 82.1779088767, 0.419790194237, 91.5270104547, 1.97456238417, 0.287831842589, 4.20878748004, 6.10162393473, 1700.22518573, 0.0768395919578, 0.0
0.861487981308, 0.820183997376, 80.4305308881, 0.566621281573, 92.2217147465, 17.7152575074, 0.690786736703, 2.51660499756, 3.12322209395, 1326.03581878, 0.298572588424, 0.416666666667
0.121024428658, 0.830106404892, 80.8134196744, 0.668638779487, 62.0039191588, 1.34446361796, 0.605115716506, 4.9469107854, 11.5760620832, 1583.43339287, 0.0196650686524, 0.214285714286
0.323146621357, 0.835927688329, 93.1582698546, 0.437621094774, 61.8269896726, 1.18888578553, 0.132644138838, 3.89185681265, 3.82273482344, 1788.92837188, 0.0318987952955, 0.0
0.683706238358, 0.824730329593, 88.0301751936, 0.694382200891, 42.9836127858, 2.90150375844, 0.690786736703, 4.05247974969, 3.41332912455, 1401.78587708, 0.150570205098, 0.653846153846
0.53632862077, 0.824730329593, 88.0301751936, 0.453347767391, 42.9836127858, 2.90150375844, 0.314714764121, 4.05247974969, 8.99249080424, 1465.67883632, 0.127963068846, 0.111111111111
0.218329051659, 0.831369104223, 83.5819469766, 0.566595468123, 45.412375062, 1.02912318488, 0.623752753256, 3.89185681265, 14.6141084547, 1777.15176362, 0.0209012825433, 0.115384615385
0.121024428658, 0.830106404892, 81.8766269319, 0.668638779487, 62.0039191588, 1.34446361796, 0.605115716506, 4.9469107854, 11.5760620832, 1886.06389069, 0.0194693480514, 0.0
0.218329051659, 0.831369104223, 83.5819469766, 0.566595468123, 45.412375062, 1.02912318488, 0.623752753256, 3.89185681265, 14.6141084547, 2191.67091656, 0.0123269327274, 0.0
0.299713385831, 0.831369104223, 84.7303463793, 0.665243837234, 92.2217147465, 1.18888578553, 0.623752753256, 3.89185681265, 1.05291669695, 1736.63835095, 0.0183220446267, 0.814814814815
0.323146621357, 0.835927688329, 83.8436365034, 0.437621094774, 61.8269896726, 1.18888578553, 0.132644138838, 3.89185681265, 3.82273482344, 1482.78941406, 0.0344790002206, 0.5625
0.683706238358, 0.823218063264, 80.4305308881, 0.566621281573, 92.2217147465, 17.7152575074, 0.257776630281, 4.64079912505, 3.12322209395, 1267.01665443, 0.478525939916, 0.52
0.432153358635, 0.823218063264, 84.7303463793, 0.566621281573, 98.0672084111, 17.7152575074, 0.690786736703, 2.51660499756, 3.59593478448, 1635.8381558, 0.145756037129, 0.0
0.25566399192, 0.831369104223, 80.1581919453, 0.459703313893, 45.412375062, 1.02912318488, 0.623752753256, 3.40665915685, 11.5760620832, 2103.88832769, 0.00946894661793, 0.333333333333
0.121024428658, 0.831369104223, 81.8766269319, 0.684653649441, 62.0039191588, 1.34446361796, 0.605115716506, 3.40665915685, 11.5760620832, 1621.2050083, 0.0205068071576, 0.466666666667
0.121024428658, 0.830106404892, 81.8766269319, 0.668638779487, 62.0039191588, 1.34446361796, 0.605115716506, 4.9469107854, 11.5760620832, 1706.9762362, 0.0197876829121, 0.4375
0.683706238358, 0.823218063264, 84.7303463793, 0.566621281573, 92.2217147465, 17.7152575074, 0.0638422857219, 2.51660499756, 1.03543196934, 1256.91197921, 0.452903927843, 0.75
0.110175030275, 0.830106404892, 81.8766269319, 0.687496676293, 62.0039191588, 1.13707079774, 0.542447792466, 4.9469107854, 11.5760620832, 1892.83611292, 0.0138778446136, 0.6
0.299713385831, 0.830106404892, 91.7618057722, 0.668638779487, 96.4253410269, 17.7152575074, 0.97652428062, 4.9469107854, 11.5760620832, 1470.99120341, 0.242154756262, 0.0
0.299713385831, 0.831369104223, 91.7618057722, 0.668638779487, 45.412375062, 1.02912318488, 0.623752753256, 4.46260785186, 14.6141084547, 2415.05286886, 0.010180018878, 0.0
0.299713385831, 0.831369104223, 84.7303463793, 0.459703313893, 45.412375062, 1.34446361796, 0.623752753256, 3.40665915685, 9.85226260569, 1778.87995064, 0.0429199440066, 0.0
0.145300439791, 0.823218063264, 81.4666201236, 0.566621281573, 95.8440652896, 17.7152575074, 0.690786736703, 4.31380951404, 3.59593478448, 1326.32424136, 0.195810443519, 0.529411764706
0.114895152006, 0.848283431989, 93.3946677166, 0.566621281573, 49.7814681633, 1.97456238417, 0.996886744442, 3.89185681265, 4.82365682351, 3261.91694143, 0.00811781071688, 0.25
