1.03660392026, -0.993562755432, -1.0, -0.0516176739907, 2.0, 0.0, 2.73719582506, 2.88649345209, 0.0219316838534, -1.0, -1.0, 3.0, 1.0, 2.0, 2.0, -0.000844578187944, -0.970896424711, 0.0315025231055, 0.0, 1.01311477798, 1.0, -1.0, 1.00621390327, 1.0, 0.0, 2.969039473, -1.0, 2.90121878424, 2.0, 2.9346854041, 2.0, 1.97437359387, 2.96886615926, 0.0, -1.0, -0.99727006438, 0.947495672316, 0.443444143884, 3.0, -0.975306270414, 2.92776795153, -1.0, 1.00703849034, 1.04891174361, -0.977533355978, 0.0, -1.0, 0.0101875265589, 2.05936504162, 0.949966984033, 97966.0, 530, 99499.0
2.0, -0.00313441859804, -1.0, -0.0205899278483, 0.975845539305, 2.99951001414, 2.51212959564, 2.80602400924, -0.98809036762, -1.0, -1.0, 3.0, 1.00798339677, 2.0, 2.0, -0.0314371777952, -1.0, 2.03659043497, 0.0, 1.01311477798, 2.02367720916, -0.994577851641, 0.998692820232, 1.0, 0.00891126927593, 0.0698439238739, -1.0, 2.99983227524, 2.0, 2.84207751581, 2.0, -0.991770311107, 2.99894527747, 0.0, -0.971966475587, -0.992855447926, 0.947495672316, -0.0156146957564, 2.99498456098, -0.977970330417, 2.92776795153, -1.0, 0.989786393982, 1.03326328391, 0.0102414365702, -0.986289185723, -0.998587517302, 2.0, 2.05852884527, 0.928985409751, 98039.0, 521, 99515.0
1.03660392026, -0.993617071343, -1.0, -0.0391927882171, 2.0, 2.93380644747, 2.73719582506, 2.92210395042, 0.0324670897828, -1.0, -1.0, 3.0, 0.990398553067, 2.0, 2.0, -0.982785218739, -0.970896424711, -0.00143667043233, 0.0, 1.06353368633, 1.0, -1.0, 1.00621390327, 1.0, 0.960656848759, 2.94073548807, -1.0, 2.90121878424, -0.957316734034, 2.9346854041, 2.0, 1.86184175887, 2.96886615926, 0.0, -0.977618209889, -0.984020391409, 0.947495672316, 0.443444143884, 2.99925711542, -0.975306270414, 2.92776795153, -1.0, 1.00703849034, 1.04891174361, -0.0124362754556, 0.0, -1.0, 0.0104223008924, 2.05936504162, 0.949966984033, 98086.0, 519, 99519.0
1.03660392026, -0.993617071343, -1.0, -0.0391927882171, 2.0, 2.93380644747, 2.73719582506, 2.92210395042, 0.0324670897828, -1.0, -1.0, 3.0, 0.990398553067, 2.0, 2.0, -0.982785218739, -0.970896424711, -0.00143667043233, 0.0, 1.06353368633, 1.0, -1.0, 1.00621390327, 1.0, 0.960656848759, 2.94073548807, -1.0, 2.90121878424, -0.957316734034, 2.9346854041, 2.0, 1.86184175887, 2.96886615926, 0.0, -0.977618209889, -0.984020391409, 0.947495672316, 0.443444143884, 2.99925711542, -0.975306270414, 2.92776795153, -1.0, 1.00703849034, 1.04891174361, -0.0124362754556, 0.0, -1.0, 0.0104223008924, 2.05936504162, 0.949966984033, 98086.0, 519, 99519.0
1.03660392026, -0.993617071343, -1.0, -0.0391927882171, 2.0, 2.93380644747, 2.73719582506, 2.92210395042, 0.0324670897828, -1.0, -1.0, 3.0, 0.990398553067, 2.0, 2.0, -0.982785218739, -0.970896424711, -0.00143667043233, 0.0, 1.06353368633, 1.0, -1.0, 1.00621390327, 1.0, 0.960656848759, 2.94073548807, -1.0, 2.90121878424, -0.957316734034, 2.9346854041, 2.0, 1.86184175887, 2.96886615926, 0.0, -0.977618209889, -0.984020391409, 0.947495672316, 0.443444143884, 2.99925711542, -0.975306270414, 2.92776795153, -1.0, 1.00703849034, 1.04891174361, -0.0124362754556, 0.0, -1.0, 0.0104223008924, 2.05936504162, 0.949966984033, 98086.0, 519, 99519.0
1.02637840817, -1.0, -0.397639806453, 2.0, 1.0, -0.202954728856, -1.0, 0.0, 0.0324742379005, -1.0, -1.0, 3.0, 2.43787622742, 2.0, 2.0, 2.99812507397, 0.999896610603, 0.0, 0.0, -1.0, 1.99999377348, 0.0, 1.00002475512, 1.0, 1.0, 0.0068204268509, -1.0, 3.0, -1.0, 3.0, 1.0, -0.980785784318, 3.0, 3.0, 1.0, -0.0124537474528, 1.0, 2.92342063258, 2.76510060949, -1.0, 0.00264287510202, 2.0, 1.90976368673, 0.980082405733, -0.00418400450723, -1.0, 2.0, 0.0, 2.0011094337, 0.949879191944, 97711.0, 588, 99461.0
1.02637840817, -1.0, -0.386335267375, 2.0, 1.0, -0.202954728856, -1.0, 0.0, 0.0324932189807, -1.0, -1.0, 3.0, 2.44690565429, 2.0, 2.0, 2.80827372982, 0.999896610603, 0.0, 0.0, -1.0, 1.99999377348, 0.0, 1.00002450972, 1.0, 1.0, 0.00697033413589, -1.0, 3.0, -1.0, 3.0, 1.0, -0.980785784318, 3.0, 3.0, 1.0, -0.0124537474528, 1.0, 2.92342063258, 2.76510395731, -1.0, 0.00264287510202, 2.0, 1.90974537898, 0.999594926049, -0.00418400450723, -1.0, 2.0, 0.0, 2.0011094337, 0.949257126218, 97711.0, 588, 99461.0
1.02637840817, -1.0, -1.0, 2.0, 1.0, -0.202954728856, -1.0, 0.0, 0.0324744900203, -1.0, -1.0, 3.0, 2.43822448089, 2.0, 2.0, 2.79663488635, 0.999896610603, 0.0, 0.0, -1.0, 1.99999377348, 0.0, 1.0000250774, 1.0, 1.0, 0.0068204268509, -0.431211886391, 3.0, -1.0, 3.0, 1.0, -0.980785784318, 3.0, 2.97681513352, 1.0, -0.0124537474528, 1.0, 2.92342063258, 2.76510057297, -1.0, 0.00264287510202, 2.0, 1.90972497178, 0.980452244119, -0.00418400450723, -1.0, 2.0, 0.0, 2.0011094337, 0.951786864911, 97712.0, 582, 99466.0
1.03638911912, -1.0, -1.0, 2.0, 2.01309102976, 2.54405132485, -0.99999570715, 0.0, 0.0323131659181, -1.0, -1.0, 3.0, 2.41982222931, 1.72795755705, 2.0, -0.992850216273, 0.997992091607, 0.0, 0.0, -0.987300122008, 0.950652845043, -0.998808094466, 0.88835840128, 1.0, 1.0, 0.100450069006, -1.0, 2.99997031692, -1.0, 2.99981426886, 1.0, -0.98085102286, 2.99999826158, 3.0, 0.615583592131, -0.0114364884973, 1.0, 0.394046753794, 2.9418503443, -1.0, 2.2431647712, -0.972722253099, 1.9928445546, 0.98030621815, -0.00413331311753, -0.00468048575468, 2.09560698848, 0.000142520774419, 1.9269201818, 0.951709561131, 97830.0, 543, 99504.0
1.03638911912, -1.0, -1.0, 2.0, 2.01309102976, 2.54405132485, -0.99999570715, 0.0, 0.0323131659181, -1.0, -1.0, 3.0, 2.41982222931, 1.72795755705, 2.0, -0.992850216273, 0.997992091607, 0.0, 0.0, -0.987300122008, 0.950652845043, -0.998808094466, 0.88835840128, 1.0, 1.0, 0.100450069006, -1.0, 2.99997031692, -1.0, 2.99981426886, 1.0, -0.98085102286, 2.99999826158, 3.0, 0.615583592131, -0.0114364884973, 1.0, 0.394046753794, 2.9418503443, -1.0, 2.2431647712, -0.972722253099, 1.9928445546, 0.98030621815, -0.00413331311753, -0.00468048575468, 2.09560698848, 0.000142520774419, 1.9269201818, 0.951709561131, 97830.0, 543, 99504.0
1.03638911912, -1.0, -1.0, 2.0, 2.01309102976, 2.54405132485, -0.99999570715, 0.0, 0.0323131659181, -1.0, -1.0, 3.0, 2.41982222931, 1.72795755705, 2.0, -0.992850216273, 0.997992091607, 0.0, 0.0, -0.987300122008, 0.950652845043, -0.998808094466, 0.88835840128, 1.0, 1.0, 0.100450069006, -1.0, 2.99997031692, -1.0, 2.99981426886, 1.0, -0.98085102286, 2.99999826158, 3.0, 0.615583592131, -0.0114364884973, 1.0, 0.394046753794, 2.9418503443, -1.0, 2.2431647712, -0.972722253099, 1.9928445546, 0.98030621815, -0.00413331311753, -0.00468048575468, 2.09560698848, 0.000142520774419, 1.9269201818, 0.951709561131, 97830.0, 543, 99504.0
1.03638911912, -1.0, -1.0, 2.0, 2.01309102976, 2.54405132485, -0.99999570715, 0.0, 0.0323131659181, -1.0, -1.0, 3.0, 2.41982222931, 1.72795755705, 2.0, -0.992850216273, 0.997992091607, 0.0, 0.0, -0.987300122008, 0.925301942987, -0.998808094466, 0.88835840128, 1.0, 1.0, 0.100450069006, -1.0, 2.99997031692, -1.0, 2.99981426886, 1.0, -0.98085102286, 2.99999826158, 3.0, 0.615583592131, -0.0114364884973, 1.0, 0.394046753794, 2.9418503443, -1.0, 2.2431647712, -0.972722253099, 1.9928445546, 0.98030621815, -0.00413331311753, -0.00468048575468, 2.09560698848, 0.000142520774419, 1.9269201818, 0.951709561131, 97830.0, 543, 99504.0
1.03654687477, -1.0, -1.0, 2.0, 0.988469684711, 2.45426944352, -0.999994625247, 0.0, 0.0323131659181, -1.0, -1.0, 3.0, 2.41982222931, 1.72795755705, 2.0, -0.934131255897, 1.05156257457, 0.0, 0.0, -0.987714779848, 2.03036177332, -0.998808094466, 1.00020429491, 1.0, 1.0, 0.0989383695293, -1.0, 2.99993376573, -1.0, 2.99981570583, 1.0, 1.81685047698, 2.99985764521, 3.0, 0.615583592131, -0.0110683667929, 1.0, 0.394046753794, 2.94000799682, -1.0, 2.94337923438, -0.983908083463, 1.99263978692, 0.98030621815, -0.00479585011538, 0.149200563967, 2.09581592103, 0.0102553446003, 2.00169547476, 0.950788667298, 97802.0, 557, 99487.0
1.02637840817, -1.0, -0.401328652041, 2.0, 0.99569720014, -0.181179503591, -0.962225838556, 0.0, 0.0324932189807, -1.0, -1.0, 3.0, 2.00681061264, 1.74166838402, 2.0, 2.80732201464, 0.999889939216, 0.0, 0.0, -1.0, 1.99999377348, 0.00989986926267, 1.00002450972, 1.0, 1.0, 0.00402157318579, -1.0, 2.99589009971, -1.0, 3.0, 1.0, 2.97995782502, 3.0, 3.0, 1.0, -0.152694191065, 1.0, 2.99694087425, 2.9621224009, -1.0, 0.00274462109456, 2.0, 2.01032897041, 0.999614943858, 1.99793740883, -0.859232445109, 2.0, 0.0, 2.000323624, 0.912525949827, 97725.0, 602, 99444.0
1.02637840817, -1.0, -0.401328652041, 2.0, 0.99569720014, -0.181179503591, -0.962225838556, 0.0, 0.0324932189807, -1.0, -1.0, 3.0, 2.00681061264, 1.74166838402, 2.0, 2.80732201464, 0.999889939216, 0.0, 0.0, -1.0, 1.99999377348, 0.00989986926267, 1.00002450972, 1.0, 1.0, 0.00402157318579, -1.0, 2.99589009971, -1.0, 3.0, 1.0, 2.97995782502, 3.0, 3.0, 1.0, -0.152694191065, 1.0, 2.99694087425, 2.9621224009, -1.0, 0.00274462109456, 2.0, 2.01032897041, 0.999614943858, 1.99793740883, -0.859232445109, 2.0, 0.0, 2.000323624, 0.912525949827, 97725.0, 602, 99444.0
1.02637840817, -1.0, -0.401328652041, 2.0, 0.99569720014, -0.181179503591, -0.962225838556, 0.0, 0.0324932189807, -1.0, -1.0, 3.0, 2.00681061264, 1.74166838402, 2.0, 2.80732201464, 0.999889939216, 0.0, 0.0, -1.0, 1.99999377348, 0.00989986926267, 1.00002450972, 1.0, 1.0, 0.00402157318579, -1.0, 2.99589009971, -1.0, 3.0, 1.0, 2.97995782502, 3.0, 3.0, 1.0, -0.152694191065, 1.0, 2.99694087425, 2.9621224009, -1.0, 0.00274462109456, 2.0, 2.01032897041, 0.999614943858, 1.99793740883, -0.859232445109, 2.0, 0.0, 2.000323624, 0.912525949827, 97725.0, 602, 99444.0
1.02637840817, -1.0, -0.401328652041, 2.0, 0.99569720014, -0.181179503591, -0.962225838556, 0.0, 0.0324932189807, -1.0, -1.0, 3.0, 2.00681061264, 1.74166838402, 2.0, 2.80732201464, 0.999889939216, 0.0, 0.0, -1.0, 1.99999377348, 0.00989986926267, 1.00002450972, 1.0, 1.0, 0.00402157318579, -1.0, 2.99589009971, -1.0, 3.0, 1.0, 2.97995782502, 3.0, 3.0, 1.0, -0.152694191065, 1.0, 2.99694087425, 2.9621224009, -1.0, 0.00274462109456, 2.0, 2.01032897041, 0.999614943858, 1.99793740883, -0.859232445109, 2.0, 0.0, 2.000323624, 0.912525949827, 97725.0, 602, 99444.0
1.02637840817, -1.0, -0.401328652041, 2.0, 0.99569720014, -0.181179503591, -0.962225838556, 0.0, 0.0324932189807, -1.0, -1.0, 3.0, 2.00681061264, 1.74166838402, 2.0, 2.80732201464, 0.999889939216, 0.0, 0.0, -1.0, 1.99999377348, 0.00989986926267, 1.00002450972, 1.0, 1.0, 0.00402157318579, -1.0, 2.99589009971, -1.0, 3.0, 1.0, 2.97995782502, 3.0, 3.0, 1.0, -0.152694191065, 1.0, 2.99694087425, 2.9621224009, -1.0, 0.00274462109456, 2.0, 2.01032897041, 0.999614943858, 1.99793740883, -0.859232445109, 2.0, 0.0, 2.000323624, 0.912525949827, 97725.0, 602, 99444.0
1.02652754864, -1.0, -0.991265514728, 2.0, 1.92706270329, -0.202382372412, -0.962225838556, 0.0, 0.0324932189807, -1.0, -1.0, 3.0, 2.00681061264, 1.72811052021, 2.03417290726, -0.952665929394, 1.05024269638, 0.0, 0.0, -0.979037166233, 1.99999377348, -0.992561535746, 0.882322116432, 1.0, 1.0, 0.00402157318579, -1.0, 2.99589009971, -1.0, 2.99981656493, 1.0, 2.96732624402, 3.0, 3.0, 1.0, -0.152694191065, 1.0, 0.372776181459, 2.9621224009, -1.0, 0.00274462109456, -0.950029768506, 1.99266313055, 0.999614943858, 1.99793740883, -0.0496264491973, 2.0, 0.0, 2.000323624, 0.913059042891, 97782.0, 557, 99487.0
1.02652754864, -1.0, -0.991265514728, 2.0, 1.92706270329, -0.202382372412, -0.962225838556, 0.0, 0.0324932189807, -1.0, -1.0, 3.0, 2.00681061264, 1.72811052021, 2.03417290726, -0.952665929394, 1.05024269638, 0.0, 0.0, -0.979037166233, 1.99999377348, -0.992561535746, 0.882322116432, 1.0, 1.0, 0.00402157318579, -1.0, 2.99589009971, -1.0, 2.99981656493, 1.0, 2.96732624402, 3.0, 3.0, 1.0, -0.152694191065, 1.0, 0.372776181459, 2.9621224009, -1.0, 0.00274462109456, -0.950029768506, 1.99266313055, 0.999614943858, 1.99793740883, -0.0496264491973, 2.0, 0.0, 2.000323624, 0.913059042891, 97782.0, 557, 99487.0
1.02652754864, -1.0, -0.991265514728, 2.0, 1.92706270329, -0.202382372412, -0.962225838556, 0.0, 0.0324932189807, -1.0, -1.0, 3.0, 2.00681061264, 1.72811052021, 2.03417290726, -0.952665929394, 1.05024269638, 0.0, 0.0, -0.979037166233, 1.99999377348, -0.992561535746, 0.882322116432, 1.0, 1.0, 0.00402157318579, -1.0, 2.99589009971, -1.0, 2.99981656493, 1.0, 2.96732624402, 3.0, 3.0, 1.0, -0.152694191065, 1.0, 0.372776181459, 2.9621224009, -1.0, 0.00274462109456, -0.950029768506, 1.99266313055, 0.999614943858, 1.99793740883, -0.0496264491973, 2.0, 0.0, 2.000323624, 0.913059042891, 97782.0, 557, 99487.0
1.03654687477, -1.0, -0.991218712682, 2.0, 0.988469684711, -0.161705982981, -0.999459489982, 0.0, 0.0325005672943, -1.0, -1.0, 3.0, 2.00862518149, 1.72811041874, 2.0, -0.934131255897, 1.05161141532, 0.0, 0.0, -0.987714779848, 2.03036177332, -0.99882076583, 0.995131857821, 1.0, 1.0, 0.0989383695293, -1.0, 2.99993376573, -1.0, 2.99981570583, 1.0, 1.81685047698, 2.99985764521, 3.0, 0.615583592131, -0.150919268432, 1.0, 0.394046753794, 2.93949680356, -1.0, 2.94337923438, -0.983908083463, 1.99263978692, 0.999642035938, -0.00479585011538, 0.147248345026, 2.09581592103, 0.0102553446003, 2.00171542585, 0.950788667298, 97778.0, 557, 99487.0
1.03654687477, -1.0, -0.991218712682, 2.0, 0.988469684711, -0.161705982981, -0.999459489982, 0.0, 0.0325005672943, -1.0, -1.0, 3.0, 2.00862518149, 1.72811041874, 2.0, -0.934131255897, 1.05161141532, 0.0, 0.0, -0.987714779848, 2.03036177332, -0.99882076583, 0.995131857821, 1.0, 1.0, 0.0989383695293, -1.0, 2.99993376573, -1.0, 2.99981570583, 1.0, 1.81685047698, 2.99985764521, 3.0, 0.615583592131, -0.150919268432, 1.0, 0.394046753794, 2.93949680356, -1.0, 2.94337923438, -0.983908083463, 1.99263978692, 0.999642035938, -0.00479585011538, 0.147248345026, 2.09581592103, 0.0102553446003, 2.00171542585, 0.950788667298, 97778.0, 557, 99487.0
1.02638062686, -1.0, -1.0, 2.0, 0.987593875251, 2.4989924322, -0.999997989783, 0.0, 0.0324718175614, -1.0, -1.0, 3.0, 2.41982222931, 1.99622730089, 2.0, 2.97770675218, 0.99989702807, 0.0, 0.0, -0.987545297212, 2.00069364671, 0.000368275028719, 1.00069152768, 1.0, 1.0, 0.0981432562471, -1.0, 3.0, -1.0, 2.99999847035, 1.0, -0.980880918148, 2.99901218056, 3.0, 0.999985676198, -0.0108122238538, 1.0, 2.92352593554, 2.76501267094, -1.0, 0.00275200035558, 1.99296541338, 1.99267022308, 0.98030621815, -0.00413331311753, -0.00110802174882, 2.0, 0.0101874967213, 2.00110943438, 0.949174950144, 97680.0, 589, 99460.0
1.02638062686, -1.0, -1.0, 2.0, 0.987593875251, 2.4989924322, -0.999997989783, 0.0, 0.0324718175614, -1.0, -1.0, 3.0, 2.41982222931, 1.99622730089, 2.0, 2.97770675218, 0.99989702807, 0.0, 0.0, -0.987545297212, 2.00069364671, 0.000368275028719, 1.00069152768, 1.0, 1.0, 0.0981432562471, -1.0, 3.0, -1.0, 2.99999847035, 1.0, -0.980880918148, 2.99901218056, 3.0, 0.999985676198, -0.0108122238538, 1.0, 2.92352593554, 2.76501267094, -1.0, 0.00275200035558, 1.99296541338, 1.99267022308, 0.98030621815, -0.00413331311753, -0.00110802174882, 2.0, 0.0101874967213, 2.00110943438, 0.949174950144, 97680.0, 589, 99460.0
1.03575132558, -1.0, -0.99999912444, 1.99889062492, 2.01309102976, 2.55720486683, -0.99999570715, 0.0, 0.0323131659181, -1.0, -1.0, 3.0, 2.41982222931, 1.73049826352, 2.0, -0.992850216273, 0.994824159154, 0.0, 0.0, -0.986820796411, 2.02965249969, -0.0107085932007, 0.88835840128, 1.0, 1.0, 0.100450069006, -0.994727741277, 2.99997031692, -1.0, 2.99981621098, 1.0, -0.98085102286, 2.99999999388, 3.0, 0.615583592131, -0.0114364884973, 1.0, 0.394046753794, 2.9418503443, -1.0, 2.2431647712, -0.972722253099, 1.99076696029, 0.979568903535, -0.0192766422587, -0.00468048575468, 2.09560698848, 0.00014069375306, 1.9269201818, 0.951709561131, 97800.0, 557, 99490.0
1.03575132558, -1.0, -0.99999912444, 1.99889062492, 2.01309102976, 2.55720486683, -0.99999570715, 0.0, 0.0323131659181, -1.0, -1.0, 3.0, 2.41982222931, 1.73049826352, 2.0, -0.992850216273, 0.994824159154, 0.0, 0.0, -0.986820796411, 2.02965249969, -0.0107085932007, 0.88835840128, 1.0, 1.0, 0.100450069006, -0.994727741277, 2.99997031692, -1.0, 2.99981621098, 1.0, -0.98085102286, 2.99999999388, 3.0, 0.615583592131, -0.0114364884973, 1.0, 0.394046753794, 2.9418503443, -1.0, 2.2431647712, -0.972722253099, 1.99076696029, 0.979568903535, -0.0192766422587, -0.00468048575468, 2.09560698848, 0.00014069375306, 1.9269201818, 0.951709561131, 97800.0, 557, 99490.0
1.03638911912, -1.0, -1.0, 2.0, 1.98928474427, 2.54405132485, -0.99999570715, 0.0, 0.0323153547611, -1.0, -1.0, 3.0, 2.41982222931, 1.72795755705, 2.0, -0.992850216273, 1.05236472536, 0.0, 0.0, -0.987300122008, 0.950652845043, -0.998808094466, 0.88835840128, 1.0, 1.0, 0.00342417199652, -1.0, 2.99997031692, -1.0, 2.99981457124, 1.0, -0.94115589818, 2.99999826158, 3.0, 0.615583592131, -0.0114357826955, 1.0, 0.394046753794, 2.9418503443, -1.0, 2.24880677486, -0.972722253099, 1.99284238753, 0.938596072314, -0.00413331311753, -0.00468048575468, 2.09560278337, 0.0110970448564, 1.9269201818, 0.951709561131, 97830.0, 543, 99504.0
1.03638911912, -1.0, -1.0, 2.0, 1.98928474427, 2.54405132485, -0.99999570715, 0.0, 0.0323153547611, -1.0, -1.0, 3.0, 2.41982222931, 1.72795755705, 2.0, -0.992850216273, 1.05236472536, 0.0, 0.0, -0.987300122008, 0.950652845043, -0.998808094466, 0.88835840128, 1.0, 1.0, 0.00342417199652, -1.0, 2.99997031692, -1.0, 2.99981457124, 1.0, -0.94115589818, 2.99999826158, 3.0, 0.615583592131, -0.0114357826955, 1.0, 0.394046753794, 2.9418503443, -1.0, 2.24880677486, -0.972722253099, 1.99284238753, 0.938596072314, -0.00413331311753, -0.00468048575468, 2.09560278337, 0.0110970448564, 1.9269201818, 0.951709561131, 97830.0, 543, 99504.0
1.03638911912, -1.0, -1.0, 2.0, 1.98928474427, 2.54405132485, -0.99999570715, 0.0, 0.0323153547611, -1.0, -1.0, 3.0, 2.41982222931, 1.72795755705, 2.0, -0.992850216273, 1.05236472536, 0.0, 0.0, -0.987300122008, 0.950652845043, -0.998808094466, 0.88835840128, 1.0, 1.0, 0.00342417199652, -1.0, 2.99997031692, -1.0, 2.99981457124, 1.0, -0.94115589818, 2.99999826158, 3.0, 0.615583592131, -0.0114357826955, 1.0, 0.394046753794, 2.9418503443, -1.0, 2.24880677486, -0.972722253099, 1.99284238753, 0.938596072314, -0.00413331311753, -0.00468048575468, 2.09560278337, 0.0110970448564, 1.9269201818, 0.951709561131, 97830.0, 543, 99504.0
1.02637840817, -1.0, -0.407067591743, 2.0, 1.00004292657, -0.217017184747, -0.962225838556, 0.0, 0.0349531784696, -1.0, -1.0, 3.0, 2.35330146265, 2.01388841494, 2.0, 2.80167215913, 0.999889939216, 0.0, 0.0, -1.0, 2.08684525194, 0.0, 1.00002450972, 1.0, 1.0, 0.00686303506064, -1.0, -0.0991073894103, -1.0, 3.0, 1.0, 2.91478462893, 3.0, 3.0, 0.999972968121, -0.0123397465123, 1.0, 2.99694087425, -0.961475600019, -1.0, 0.00264287510202, 2.0, 1.90851615402, 0.908923301953, 1.99793740883, -1.0, 2.0, 0.0, 2.00033702165, 0.912896176182, 97682.0, 583, 99455.0
1.02637840817, -1.0, -0.407067591743, 2.0, 1.00004292657, -0.217017184747, -0.962225838556, 0.0, 0.0349531784696, -1.0, -1.0, 3.0, 2.35330146265, 2.01388841494, 2.0, 2.80167215913, 0.999889939216, 0.0, 0.0, -1.0, 2.08684525194, 0.0, 1.00002450972, 1.0, 1.0, 0.00686303506064, -1.0, -0.0991073894103, -1.0, 3.0, 1.0, 2.91478462893, 3.0, 3.0, 0.999972968121, -0.0123397465123, 1.0, 2.99694087425, -0.961475600019, -1.0, 0.00264287510202, 2.0, 1.90851615402, 0.908923301953, 1.99793740883, -1.0, 2.0, 0.0, 2.00033702165, 0.912896176182, 97682.0, 583, 99455.0
1.02637840817, -1.0, -0.407067591743, 2.0, 1.00004292657, -0.217017184747, -0.962225838556, 0.0, 0.0349531784696, -1.0, -1.0, 3.0, 2.35330146265, 2.01388841494, 2.0, 2.80167215913, 0.999889939216, 0.0, 0.0, -1.0, 2.08684525194, 0.0, 1.00002450972, 1.0, 1.0, 0.00686303506064, -1.0, -0.0991073894103, -1.0, 3.0, 1.0, 2.91478462893, 3.0, 3.0, 0.999972968121, -0.0123397465123, 1.0, 2.99694087425, -0.961475600019, -1.0, 0.00264287510202, 2.0, 1.90851615402, 0.908923301953, 1.99793740883, -1.0, 2.0, 0.0, 2.00033702165, 0.912896176182, 97682.0, 583, 99455.0
1.02637840817, -1.0, -0.407067591743, 2.0, 1.00004292657, -0.217017184747, -0.962225838556, 0.0, 0.0349531784696, -1.0, -1.0, 3.0, 2.35330146265, 2.01388841494, 2.0, 2.80167215913, 0.999889939216, 0.0, 0.0, -1.0, 2.08684525194, 0.0, 1.00002450972, 1.0, 1.0, 0.00686303506064, -1.0, -0.0991073894103, -1.0, 3.0, 1.0, 2.91478462893, 3.0, 3.0, 0.999972968121, -0.0123397465123, 1.0, 2.99694087425, -0.961475600019, -1.0, 0.00264287510202, 2.0, 1.90851615402, 0.908923301953, 1.99793740883, -1.0, 2.0, 0.0, 2.00033702165, 0.912896176182, 97682.0, 583, 99455.0
1.02637840817, -1.0, -0.999692633513, 2.0, 1.0, -0.202954728856, -1.0, 0.0, 0.0324744895297, -1.0, -1.0, 3.0, 2.43810981409, 2.0, 2.0, 2.80857025302, 0.999896610603, 0.0, 0.0, -1.0, 1.99999377348, 0.0, 1.00002451333, 1.0, 1.0, 0.00681823771957, -0.432061365878, 3.0, -1.0, 3.0, 1.0, -0.980785784318, 3.0, 2.97668158266, 1.0, -0.0124537474528, 1.0, 2.92342063258, 2.76510057381, -1.0, 0.00264287510202, 2.0, 1.90974607896, 0.980529012576, -0.00418400450723, -1.0, 2.30152685467, 0.0, 2.0011094337, 0.951848211519, 97712.0, 582, 99466.0
1.02637840817, -1.0, -0.407067591743, 2.0, 1.00004292657, -0.217017184747, -0.962225838556, 0.0, 0.0349531784696, -1.0, -1.0, 3.0, 2.35330146265, 2.01388841494, 2.0, 2.80167215913, 0.999889939216, 0.0, 0.0, -1.0, 2.08684525194, 0.0, 1.00002450972, 1.0, 1.0, 0.00686303506064, -1.0, -0.0991073894103, -1.0, 3.0, 1.0, 2.91478462893, 3.0, 3.0, 0.999972968121, -0.0123397465123, 1.0, 2.99694087425, -0.961475600019, -1.0, 0.00264287510202, 2.0, 1.90851615402, 0.908923301953, 1.99793740883, -1.0, 2.0, 0.0, 2.00033702165, 0.912896176182, 97682.0, 583, 99455.0
1.02637840817, -1.0, -0.407067591743, 2.0, 1.00004292657, -0.217017184747, -0.962225838556, 0.0, 0.0349531784696, -1.0, -1.0, 3.0, 2.35330146265, 2.01388841494, 2.0, 2.80167215913, 0.999889939216, 0.0, 0.0, -1.0, 2.08684525194, 0.0, 1.00002450972, 1.0, 1.0, 0.00686303506064, -1.0, -0.0991073894103, -1.0, 3.0, 1.0, 2.91478462893, 3.0, 3.0, 0.999972968121, -0.0123397465123, 1.0, 2.99694087425, -0.961475600019, -1.0, 0.00264287510202, 2.0, 1.90851615402, 0.908923301953, 1.99793740883, -1.0, 2.0, 0.0, 2.00033702165, 0.912896176182, 97682.0, 583, 99455.0
1.02637840817, -1.0, -0.407067591743, 2.0, 1.00004292657, -0.217017184747, -0.962225838556, 0.0, 0.0349531784696, -1.0, -1.0, 3.0, 2.35330146265, 2.01388841494, 2.0, 2.80167215913, 0.999889939216, 0.0, 0.0, -1.0, 2.08684525194, 0.0, 1.00002450972, 1.0, 1.0, 0.00686303506064, -1.0, -0.0991073894103, -1.0, 3.0, 1.0, 2.91478462893, 3.0, 3.0, 0.999972968121, -0.0123397465123, 1.0, 2.99694087425, -0.961475600019, -1.0, 0.00264287510202, 2.0, 1.90851615402, 0.908923301953, 1.99793740883, -1.0, 2.0, 0.0, 2.00033702165, 0.912896176182, 97682.0, 583, 99455.0
1.02637840817, -1.0, -0.407067591743, 2.0, 1.00004292657, -0.217017184747, -0.962225838556, 0.0, 0.0349531784696, -1.0, -1.0, 3.0, 2.35330146265, 2.01388841494, 2.0, 2.80167215913, 0.999889939216, 0.0, 0.0, -1.0, 2.08684525194, 0.0, 1.00002450972, 1.0, 1.0, 0.00686303506064, -1.0, -0.0991073894103, -1.0, 3.0, 1.0, 2.91478462893, 3.0, 3.0, 0.999972968121, -0.0123397465123, 1.0, 2.99694087425, -0.961475600019, -1.0, 0.00264287510202, 2.0, 1.90851615402, 0.908923301953, 1.99793740883, -1.0, 2.0, 0.0, 2.00033702165, 0.912896176182, 97682.0, 583, 99455.0
1.02637840817, -1.0, -0.407067591743, 2.0, 1.00004292657, -0.217017184747, -0.962225838556, 0.0, 0.0349531784696, -1.0, -1.0, 3.0, 2.35330146265, 2.01388841494, 2.0, 2.80167215913, 0.999889939216, 0.0, 0.0, -1.0, 2.08684525194, 0.0, 1.00002450972, 1.0, 1.0, 0.00686303506064, -1.0, -0.0991073894103, -1.0, 3.0, 1.0, 2.91478462893, 3.0, 3.0, 0.999972968121, -0.0123397465123, 1.0, 2.99694087425, -0.961475600019, -1.0, 0.00264287510202, 2.0, 1.90851615402, 0.908923301953, 1.99793740883, -1.0, 2.0, 0.0, 2.00033702165, 0.912896176182, 97682.0, 583, 99455.0
1.02637840817, -1.0, -0.407067591743, 2.0, 1.00004292657, -0.217017184747, -0.962225838556, 0.0, 0.0349531784696, -1.0, -1.0, 3.0, 2.35330146265, 2.01388841494, 2.0, 2.80167215913, 0.999889939216, 0.0, 0.0, -1.0, 2.08684525194, 0.0, 1.00002450972, 1.0, 1.0, 0.00686303506064, -1.0, -0.0991073894103, -1.0, 3.0, 1.0, 2.91478462893, 3.0, 3.0, 0.999972968121, -0.0123397465123, 1.0, 2.99694087425, -0.961475600019, -1.0, 0.00264287510202, 2.0, 1.90851615402, 0.908923301953, 1.99793740883, -1.0, 2.0, 0.0, 2.00033702165, 0.912896176182, 97682.0, 583, 99455.0
1.02637840817, -1.0, -0.407067591743, 2.0, 1.00004292657, -0.217017184747, -0.962225838556, 0.0, 0.0349531784696, -1.0, -1.0, 3.0, 2.35330146265, 2.01388841494, 2.0, 2.80167215913, 0.999889939216, 0.0, 0.0, -1.0, 2.08684525194, 0.0, 1.00002450972, 1.0, 1.0, 0.00686303506064, -1.0, -0.0991073894103, -1.0, 3.0, 1.0, 2.91478462893, 3.0, 3.0, 0.999972968121, -0.0123397465123, 1.0, 2.99694087425, -0.961475600019, -1.0, 0.00264287510202, 2.0, 1.90851615402, 0.908923301953, 1.99793740883, -1.0, 2.0, 0.0, 2.00033702165, 0.912896176182, 97682.0, 583, 99455.0
1.02637840817, -1.0, -0.407067591743, 2.0, 1.00004292657, -0.217017184747, -0.962225838556, 0.0, 0.0349531784696, -1.0, -1.0, 3.0, 2.35330146265, 2.01388841494, 2.0, 2.80167215913, 0.999889939216, 0.0, 0.0, -1.0, 2.08684525194, 0.0, 1.00002450972, 1.0, 1.0, 0.00686303506064, -1.0, -0.0991073894103, -1.0, 3.0, 1.0, 2.91478462893, 3.0, 3.0, 0.999972968121, -0.0123397465123, 1.0, 2.99694087425, -0.961475600019, -1.0, 0.00264287510202, 2.0, 1.90851615402, 0.908923301953, 1.99793740883, -1.0, 2.0, 0.0, 2.00033702165, 0.912896176182, 97682.0, 583, 99455.0
1.02637840817, -1.0, -0.407067591743, 2.0, 1.00004292657, -0.217017184747, -0.962225838556, 0.0, 0.0349531784696, -1.0, -1.0, 3.0, 2.35330146265, 2.01388841494, 2.0, 2.80167215913, 0.999889939216, 0.0, 0.0, -1.0, 2.08684525194, 0.0, 1.00002450972, 1.0, 1.0, 0.00686303506064, -1.0, -0.0991073894103, -1.0, 3.0, 1.0, 2.91478462893, 3.0, 3.0, 0.999972968121, -0.0123397465123, 1.0, 2.99694087425, -0.961475600019, -1.0, 0.00264287510202, 2.0, 1.90851615402, 0.908923301953, 1.99793740883, -1.0, 2.0, 0.0, 2.00033702165, 0.912896176182, 97682.0, 583, 99455.0
1.03662911506, -1.0, -0.990920357058, 2.0, 0.988469684711, -0.163990037948, -0.999459489982, 0.0, 0.0325007890472, -1.0, -1.0, 3.0, 2.44443761421, 1.73222032531, 2.0, -0.892831824966, 1.00043011283, 0.0, 0.0, -0.999971267473, 2.03109813617, -0.984117154466, 1.00036701185, 0.7378948456, 1.00479819639, 0.0994090702187, -1.0, 2.99999874283, -1.0, 2.99981570583, 1.0, -0.938699057908, 2.99999985404, 3.0, 0.601446687603, -0.150919268432, 1.0, 0.394046753794, 2.93949680356, -1.0, 0.0461992393893, -0.983908083463, 1.99263978692, 0.999642035938, -0.00479585011538, -0.992089257732, 2.0000262059, 0.0102553446003, 2.00108988252, 0.950691609449, 97859.0, 526, 99518.0
1.03548833095, -1.0, -0.991218712682, 2.0, 0.999673152038, -0.161705982981, -0.999459489982, 0.0, 0.0324745740875, -1.0, -1.0, 3.0, 2.00862518149, 1.72811041874, 2.0, 2.82997880648, 1.05161141532, 0.0, 0.0, -0.999894873358, 2.03140590291, -0.996358331173, 0.995131857821, 1.0, 1.0, 0.0989383695293, -1.0, 2.99993376573, -1.0, 2.99981570583, 1.0, 1.81685047698, 2.99985764521, 3.0, 1.15525179385, -0.00858434327867, 1.0, 0.325822148299, 2.95150522962, -1.0, 2.94337923438, -0.983908083463, 1.99263978692, 0.999283530195, -0.00479585011538, 0.147248345026, 2.09581592103, 0.0102553446003, 2.00171106274, 0.950788667298, 97730.0, 570, 99471.0
1.03548833095, -1.0, -0.991218712682, 2.0, 0.999673152038, -0.161705982981, -0.999459489982, 0.0, 0.0324745740875, -1.0, -1.0, 3.0, 2.00862518149, 1.72811041874, 2.0, 2.82997880648, 1.05161141532, 0.0, 0.0, -0.999894873358, 2.03140590291, -0.996358331173, 0.995131857821, 1.0, 1.0, 0.0989383695293, -1.0, 2.99993376573, -1.0, 2.99981570583, 1.0, 1.81685047698, 2.99985764521, 3.0, 1.15525179385, -0.00858434327867, 1.0, 0.325822148299, 2.95150522962, -1.0, 2.94337923438, -0.983908083463, 1.99263978692, 0.999283530195, -0.00479585011538, 0.147248345026, 2.09581592103, 0.0102553446003, 2.00171106274, 0.950788667298, 97730.0, 570, 99471.0
1.03548833095, -1.0, -0.991218712682, 2.0, 0.999673152038, -0.161705982981, -0.999459489982, 0.0, 0.0324745740875, -1.0, -1.0, 3.0, 2.00862518149, 1.72811041874, 2.0, 2.82997880648, 1.05161141532, 0.0, 0.0, -0.999894873358, 2.03140590291, -0.996358331173, 0.995131857821, 1.0, 1.0, 0.0989383695293, -1.0, 2.99993376573, -1.0, 2.99981570583, 1.0, 1.81685047698, 2.99985764521, 3.0, 1.15525179385, -0.00858434327867, 1.0, 0.325822148299, 2.95150522962, -1.0, 2.94337923438, -0.983908083463, 1.99263978692, 0.999283530195, -0.00479585011538, 0.147248345026, 2.09581592103, 0.0102553446003, 2.00171106274, 0.950788667298, 97730.0, 570, 99471.0
1.03548833095, -1.0, -0.991218712682, 2.0, 0.999673152038, -0.161705982981, -0.999459489982, 0.0, 0.0324745740875, -1.0, -1.0, 3.0, 2.00862518149, 1.72811041874, 2.0, 2.82997880648, 1.05161141532, 0.0, 0.0, -0.999894873358, 2.03140590291, -0.996358331173, 0.995131857821, 1.0, 1.0, 0.0989383695293, -1.0, 2.99993376573, -1.0, 2.99981570583, 1.0, 1.81685047698, 2.99985764521, 3.0, 1.15525179385, -0.00858434327867, 1.0, 0.325822148299, 2.95150522962, -1.0, 2.94337923438, -0.983908083463, 1.99263978692, 0.999283530195, -0.00479585011538, 0.147248345026, 2.09581592103, 0.0102553446003, 2.00171106274, 0.950788667298, 97730.0, 570, 99471.0
1.03548833095, -1.0, -0.991218712682, 2.0, 0.999673152038, -0.161705982981, -0.999459489982, 0.0, 0.0324745740875, -1.0, -1.0, 3.0, 2.00862518149, 1.72811041874, 2.0, 2.82997880648, 1.05161141532, 0.0, 0.0, -0.999894873358, 2.03140590291, -0.996358331173, 0.995131857821, 1.0, 1.0, 0.0989383695293, -1.0, 2.99993376573, -1.0, 2.99981570583, 1.0, 1.81685047698, 2.99985764521, 3.0, 1.15525179385, -0.00858434327867, 1.0, 0.325822148299, 2.95150522962, -1.0, 2.94337923438, -0.983908083463, 1.99263978692, 0.999283530195, -0.00479585011538, 0.147248345026, 2.09581592103, 0.0102553446003, 2.00171106274, 0.950788667298, 97730.0, 570, 99471.0
1.03548833095, -1.0, -0.991218712682, 2.0, 0.999673152038, -0.161705982981, -0.999459489982, 0.0, 0.0324745740875, -1.0, -1.0, 3.0, 2.00862518149, 1.72811041874, 2.0, 2.82997880648, 1.05161141532, 0.0, 0.0, -0.999894873358, 2.03140590291, -0.996358331173, 0.995131857821, 1.0, 1.0, 0.0989383695293, -1.0, 2.99993376573, -1.0, 2.99981570583, 1.0, 1.81685047698, 2.99985764521, 3.0, 1.15525179385, -0.00858434327867, 1.0, 0.325822148299, 2.95150522962, -1.0, 2.94337923438, -0.983908083463, 1.99263978692, 0.999283530195, -0.00479585011538, 0.147248345026, 2.09581592103, 0.0102553446003, 2.00171106274, 0.950788667298, 97730.0, 570, 99471.0
1.03638424048, -0.846338638848, -1.0, 2.0, 2.01318540361, 2.4994940306, -0.99999036827, 0.0, 0.0323131659181, -1.0, -1.0, 3.0, 2.41982222931, 1.72795755705, 2.0, -0.992590875849, 1.04763412424, 0.0, 0.0, -0.987300122008, 0.95106852037, -0.998808094466, 0.88835840128, 1.0, 1.0, 0.100450069006, -1.0, 2.99835043009, -1.0, 2.99981567501, 1.0, -0.98085102286, 2.99999826158, 3.0, 0.615583592131, -0.0114364884973, 1.0, 0.394046753794, 2.9418503443, -1.0, 2.22397144555, -0.972722253099, 1.9928445546, 0.98030621815, -0.00413331311753, -0.00468048575468, 2.09560698848, 0.000142520774419, 1.9269201818, 0.951709561131, 97818.0, 543, 99504.0
1.03638424048, -0.846338638848, -1.0, 2.0, 2.01318540361, 2.4994940306, -0.99999036827, 0.0, 0.0323131659181, -1.0, -1.0, 3.0, 2.41982222931, 1.72795755705, 2.0, -0.992590875849, 1.04763412424, 0.0, 0.0, -0.987300122008, 0.95106852037, -0.998808094466, 0.88835840128, 1.0, 1.0, 0.100450069006, -1.0, 2.99835043009, -1.0, 2.99981567501, 1.0, -0.98085102286, 2.99999826158, 3.0, 0.615583592131, -0.0114364884973, 1.0, 0.394046753794, 2.9418503443, -1.0, 2.22397144555, -0.972722253099, 1.9928445546, 0.98030621815, -0.00413331311753, -0.00468048575468, 2.09560698848, 0.000142520774419, 1.9269201818, 0.951709561131, 97818.0, 543, 99504.0
1.03548833095, -1.0, -0.983208995621, 2.0, 1.00004398132, -0.161705982981, -0.999197943846, 0.0, 0.0350300811651, -1.0, -0.744490678225, 3.0, 2.0097083919, 1.72811041874, 2.0, 2.82997880648, 1.05161141532, 0.0, 0.0, -0.999998672678, 2.08694047761, 0.00913212287747, 0.995131857821, 1.0, 1.0, 0.0989383695293, -1.0, 2.98833345364, -1.0, 2.99999572991, 1.0, 2.93357730628, 2.99999162398, 3.0, 1.15525179385, -0.00858434327867, 1.0, 2.96631523355, -0.901575729374, -1.0, 2.99035968416, -0.983908083463, 1.99263978692, 0.999283530195, -0.00479585011538, 0.147248345026, 1.8372228049, 0.0102553446003, 2.00171106274, 0.950460779692, 97745.0, 565, 99468.0
1.03548833095, -1.0, -0.983208995621, 2.0, 1.00004398132, -0.161705982981, -0.999197943846, 0.0, 0.0350300811651, -1.0, -0.744490678225, 3.0, 2.0097083919, 1.72811041874, 2.0, 2.82997880648, 1.05161141532, 0.0, 0.0, -0.999998672678, 2.08694047761, 0.00913212287747, 0.995131857821, 1.0, 1.0, 0.0989383695293, -1.0, 2.98833345364, -1.0, 2.99999572991, 1.0, 2.93357730628, 2.99999162398, 3.0, 1.15525179385, -0.00858434327867, 1.0, 2.96631523355, -0.901575729374, -1.0, 2.99035968416, -0.983908083463, 1.99263978692, 0.999283530195, -0.00479585011538, 0.147248345026, 1.8372228049, 0.0102553446003, 2.00171106274, 0.950460779692, 97745.0, 565, 99468.0
1.03548833095, -1.0, -0.983208995621, 2.0, 1.00004398132, -0.161705982981, -0.999197943846, 0.0, 0.0350300811651, -1.0, -0.744490678225, 3.0, 2.0097083919, 1.72811041874, 2.0, 2.82997880648, 1.05161141532, 0.0, 0.0, -0.999998672678, 2.08694047761, 0.00913212287747, 0.995131857821, 1.0, 1.0, 0.0989383695293, -1.0, 2.98833345364, -1.0, 2.99999572991, 1.0, 2.93357730628, 2.99999162398, 3.0, 1.15525179385, -0.00858434327867, 1.0, 2.96631523355, -0.901575729374, -1.0, 2.99035968416, -0.983908083463, 1.99263978692, 0.999283530195, -0.00479585011538, 0.147248345026, 1.8372228049, 0.0102553446003, 2.00171106274, 0.950460779692, 97745.0, 565, 99468.0
1.03548833095, -1.0, -0.983208995621, 2.0, 1.00004398132, -0.161705982981, -0.999197943846, 0.0, 0.0350300811651, -1.0, -0.744490678225, 3.0, 2.0097083919, 1.72811041874, 2.0, 2.82997880648, 1.05161141532, 0.0, 0.0, -0.999998672678, 2.08694047761, 0.00913212287747, 0.995131857821, 1.0, 1.0, 0.0989383695293, -1.0, 2.98833345364, -1.0, 2.99999572991, 1.0, 2.93357730628, 2.99999162398, 3.0, 1.15525179385, -0.00858434327867, 1.0, 2.96631523355, -0.901575729374, -1.0, 2.99035968416, -0.983908083463, 1.99263978692, 0.999283530195, -0.00479585011538, 0.147248345026, 1.8372228049, 0.0102553446003, 2.00171106274, 0.950460779692, 97745.0, 565, 99468.0
1.03548833095, -1.0, -0.983208995621, 2.0, 1.00004398132, -0.161705982981, -0.999197943846, 0.0, 0.0350300811651, -1.0, -0.744490678225, 3.0, 2.0097083919, 1.72811041874, 2.0, 2.82997880648, 1.05161141532, 0.0, 0.0, -0.999998672678, 2.08694047761, 0.00913212287747, 0.995131857821, 1.0, 1.0, 0.0989383695293, -1.0, 2.98833345364, -1.0, 2.99999572991, 1.0, 2.93357730628, 2.99999162398, 3.0, 1.15525179385, -0.00858434327867, 1.0, 2.96631523355, -0.901575729374, -1.0, 2.99035968416, -0.983908083463, 1.99263978692, 0.999283530195, -0.00479585011538, 0.147248345026, 1.8372228049, 0.0102553446003, 2.00171106274, 0.950460779692, 97745.0, 565, 99468.0
1.03548833095, -1.0, -0.983208995621, 2.0, 1.00004398132, -0.161705982981, -0.999197943846, 0.0, 0.0350300811651, -1.0, -0.744490678225, 3.0, 2.0097083919, 1.72811041874, 2.0, 2.82997880648, 1.05161141532, 0.0, 0.0, -0.999998672678, 2.08694047761, 0.00913212287747, 0.995131857821, 1.0, 1.0, 0.0989383695293, -1.0, 2.98833345364, -1.0, 2.99999572991, 1.0, 2.93357730628, 2.99999162398, 3.0, 1.15525179385, -0.00858434327867, 1.0, 2.96631523355, -0.901575729374, -1.0, 2.99035968416, -0.983908083463, 1.99263978692, 0.999283530195, -0.00479585011538, 0.147248345026, 1.8372228049, 0.0102553446003, 2.00171106274, 0.950460779692, 97745.0, 565, 99468.0
1.02637840817, -1.0, -0.41731263458, 2.0, 1.00004780424, -0.217017184747, -0.962225838556, 0.0, 0.0349531784696, -1.0, -1.0, 3.0, 2.35330146265, 2.01388841494, 2.0, 2.80167215913, 0.996535541154, 0.0, 0.0, -1.0, 2.08684525194, 0.0, 1.00002450972, 1.0, 1.0, 0.00686303506064, -1.0, -0.0991073894103, -1.0, 2.99999727138, 1.0, 2.91478462893, 2.99999991943, 3.0, 1.15303128262, -0.0122846028851, 1.0, 2.99694087425, -0.961475600019, -1.0, 2.90270315847, 2.0, 1.90851615402, 0.909960751737, 1.94609019154, -1.0, 2.0, 0.0101892768428, 2.00033702165, 0.910833424642, 97742.0, 583, 99455.0
1.03548833095, -1.0, -0.983208995621, 2.0, 1.00004398132, -0.161705982981, -0.999197943846, 0.0, 0.0350300811651, -1.0, -0.744490678225, 3.0, 2.00863281527, 1.52053987399, 2.0, 2.82997880648, 1.05161141532, 0.0, 0.0, -0.999998470047, 2.03219804736, 0.00913212287747, 0.995131857821, 1.0, 1.0, 0.0989383695293, -1.0, 2.98833345364, -1.0, 2.99981861175, 1.0, 1.7916301297, 2.99999945569, 3.0, 1.15525179385, -0.00858434327867, 1.0, 2.96631523355, -0.901575729374, -1.0, 2.99035968416, -0.983908083463, 1.99263978692, 0.999283530195, -0.00479585011538, 0.147248345026, 1.8372228049, 0.0102553446003, 2.00171106274, 0.950465969477, 97733.0, 565, 99468.0
1.03548833095, -1.0, -0.983208995621, 2.0, 1.00004398132, -0.161705982981, -0.999197943846, 0.0, 0.0350300811651, -1.0, -0.744490678225, 3.0, 2.00863281527, 1.52053987399, 2.0, 2.82997880648, 1.05161141532, 0.0, 0.0, -0.999998470047, 2.03219804736, 0.00913212287747, 0.995131857821, 1.0, 1.0, 0.0989383695293, -1.0, 2.98833345364, -1.0, 2.99981861175, 1.0, 1.7916301297, 2.99999945569, 3.0, 1.15525179385, -0.00858434327867, 1.0, 2.96631523355, -0.901575729374, -1.0, 2.99035968416, -0.983908083463, 1.99263978692, 0.999283530195, -0.00479585011538, 0.147248345026, 1.8372228049, 0.0102553446003, 2.00171106274, 0.950465969477, 97733.0, 565, 99468.0
1.03548833095, -1.0, -0.983208995621, 2.0, 1.00004398132, -0.161705982981, -0.999197943846, 0.0, 0.0350300811651, -1.0, -0.744490678225, 3.0, 2.00863281527, 1.52053987399, 2.0, 2.82997880648, 1.05161141532, 0.0, 0.0, -0.999998470047, 2.03219804736, 0.00913212287747, 0.995131857821, 1.0, 1.0, 0.0989383695293, -1.0, 2.98833345364, -1.0, 2.99981861175, 1.0, 1.7916301297, 2.99999945569, 3.0, 1.15525179385, -0.00858434327867, 1.0, 2.96631523355, -0.901575729374, -1.0, 2.99035968416, -0.983908083463, 1.99263978692, 0.999283530195, -0.00479585011538, 0.147248345026, 1.8372228049, 0.0102553446003, 2.00171106274, 0.950465969477, 97733.0, 565, 99468.0
1.03548833095, -1.0, -0.983208995621, 2.0, 1.00004398132, -0.161705982981, -0.999197943846, 0.0, 0.0350300811651, -1.0, -0.744490678225, 3.0, 2.00863281527, 1.52053987399, 2.0, 2.82997880648, 1.05161141532, 0.0, 0.0, -0.999998470047, 2.03219804736, 0.00913212287747, 0.995131857821, 1.0, 1.0, 0.0989383695293, -1.0, 2.98833345364, -1.0, 2.99981861175, 1.0, 1.7916301297, 2.99999945569, 3.0, 1.15525179385, -0.00858434327867, 1.0, 2.96631523355, -0.901575729374, -1.0, 2.99035968416, -0.983908083463, 1.99263978692, 0.999283530195, -0.00479585011538, 0.147248345026, 1.8372228049, 0.0102553446003, 2.00171106274, 0.950465969477, 97733.0, 565, 99468.0
1.03548833095, -1.0, -0.983208995621, 2.0, 1.00004398132, -0.161705982981, -0.999197943846, 0.0, 0.0350300811651, -1.0, -0.744490678225, 3.0, 2.00863281527, 1.52053987399, 2.0, 2.82997880648, 1.05161141532, 0.0, 0.0, -0.999998470047, 2.03219804736, 0.00913212287747, 0.995131857821, 1.0, 1.0, 0.0989383695293, -1.0, 2.98833345364, -1.0, 2.99981861175, 1.0, 1.7916301297, 2.99999945569, 3.0, 1.15525179385, -0.00858434327867, 1.0, 2.96631523355, -0.901575729374, -1.0, 2.99035968416, -0.983908083463, 1.99263978692, 0.999283530195, -0.00479585011538, 0.147248345026, 1.8372228049, 0.0102553446003, 2.00171106274, 0.950465969477, 97733.0, 565, 99468.0
1.03548833095, -1.0, -0.983208995621, 2.0, 1.00004398132, -0.161705982981, -0.999197943846, 0.0, 0.0350300811651, -1.0, -0.744490678225, 3.0, 2.00863281527, 1.52053987399, 2.0, 2.82997880648, 1.05161141532, 0.0, 0.0, -0.999998470047, 2.03219804736, 0.00913212287747, 0.995131857821, 1.0, 1.0, 0.0989383695293, -1.0, 2.98833345364, -1.0, 2.99981861175, 1.0, 1.7916301297, 2.99999945569, 3.0, 1.15525179385, -0.00858434327867, 1.0, 2.96631523355, -0.901575729374, -1.0, 2.99035968416, -0.983908083463, 1.99263978692, 0.999283530195, -0.00479585011538, 0.147248345026, 1.8372228049, 0.0102553446003, 2.00171106274, 0.950465969477, 97733.0, 565, 99468.0
1.03548833095, -1.0, -0.983208995621, 2.0, 1.00004398132, -0.161705982981, -0.999197943846, 0.0, 0.0350300811651, -1.0, -0.744490678225, 3.0, 2.00863281527, 1.52053987399, 2.0, 2.82997880648, 1.05161141532, 0.0, 0.0, -0.999998470047, 2.03219804736, 0.00913212287747, 0.995131857821, 1.0, 1.0, 0.0989383695293, -1.0, 2.98833345364, -1.0, 2.99981861175, 1.0, 1.7916301297, 2.99999945569, 3.0, 1.15525179385, -0.00858434327867, 1.0, 2.96631523355, -0.901575729374, -1.0, 2.99035968416, -0.983908083463, 1.99263978692, 0.999283530195, -0.00479585011538, 0.147248345026, 1.8372228049, 0.0102553446003, 2.00171106274, 0.950465969477, 97733.0, 565, 99468.0
1.03548833095, -1.0, -0.983208995621, 2.0, 1.00004398132, -0.161705982981, -0.999197943846, 0.0, 0.0350300811651, -1.0, -0.744490678225, 3.0, 2.00863281527, 1.52053987399, 2.0, 2.82997880648, 1.05161141532, 0.0, 0.0, -0.999998470047, 2.03219804736, 0.00913212287747, 0.995131857821, 1.0, 1.0, 0.0989383695293, -1.0, 2.98833345364, -1.0, 2.99981861175, 1.0, 1.7916301297, 2.99999945569, 3.0, 1.15525179385, -0.00858434327867, 1.0, 2.96631523355, -0.901575729374, -1.0, 2.99035968416, -0.983908083463, 1.99263978692, 0.999283530195, -0.00479585011538, 0.147248345026, 1.8372228049, 0.0102553446003, 2.00171106274, 0.950465969477, 97733.0, 565, 99468.0
1.03541904794, -1.0, -0.98395259817, 2.0, 1.00004398132, -0.203105369923, -0.999224279497, 0.0, 0.0350274869534, -1.0, -0.753283882084, 3.0, 2.01532990123, 1.52632422504, 2.0, 2.79690994533, 1.05241586963, 0.0, 0.0, -0.999998470047, 2.03219804736, 0.00913212287747, 0.995193695829, 1.0, 1.0, 0.100549257837, -0.991505774636, 2.9885033769, -1.0, 2.99981861175, 1.0, 1.79054826939, 2.99999998489, 2.99993942365, 1.00191919629, -0.00858434327867, 1.0, 2.96631523355, -0.901575729374, -1.0, 2.99035968416, -0.983908083463, 1.99263978692, 0.999283530195, -0.00418157314907, 0.151945507902, 1.8372228049, 0.0112498254062, 2.00110783318, 0.950460087353, 97733.0, 565, 99468.0
1.03541904794, -1.0, -0.98395259817, 2.0, 1.00004398132, -0.203105369923, -0.999224279497, 0.0, 0.0350274869534, -1.0, -0.753283882084, 3.0, 2.01532990123, 1.52632422504, 2.0, 2.79690994533, 1.05241586963, 0.0, 0.0, -0.999998470047, 2.03219804736, 0.00913212287747, 0.995193695829, 1.0, 1.0, 0.100549257837, -0.991505774636, 2.9885033769, -1.0, 2.99981861175, 1.0, 1.79054826939, 2.99999998489, 2.99993942365, 1.00191919629, -0.00858434327867, 1.0, 2.96631523355, -0.901575729374, -1.0, 2.99035968416, -0.983908083463, 1.99263978692, 0.999283530195, -0.00418157314907, 0.151945507902, 1.8372228049, 0.0112498254062, 2.00110783318, 0.950460087353, 97733.0, 565, 99468.0
1.03541904794, -1.0, -0.98395259817, 2.0, 1.00004398132, -0.203105369923, -0.999224279497, 0.0, 0.0350274869534, -1.0, -0.753283882084, 3.0, 2.01532990123, 1.52632422504, 2.0, 2.79690994533, 1.05241586963, 0.0, 0.0, -0.999998470047, 2.03219804736, 0.00913212287747, 0.995193695829, 1.0, 1.0, 0.100549257837, -0.991505774636, 2.9885033769, -1.0, 2.99981861175, 1.0, 1.79054826939, 2.99999998489, 2.99993942365, 1.00191919629, -0.00858434327867, 1.0, 2.96631523355, -0.901575729374, -1.0, 2.99035968416, -0.983908083463, 1.99263978692, 0.999283530195, -0.00418157314907, 0.151945507902, 1.8372228049, 0.0112498254062, 2.00110783318, 0.950460087353, 97733.0, 565, 99468.0
1.03548833095, -1.0, -0.98301345185, 2.0, 0.999673152038, -0.161705982981, -0.999459489982, 0.0, 0.0324745740875, -1.0, -0.743723475403, 3.0, 2.00862518149, 1.72811041874, 2.0, 2.82997880648, 1.05161141532, 0.0, 0.0, -0.999894873358, 2.03141117438, -0.987438236059, 0.995131857821, 1.0, 1.0, 0.0989383695293, -1.0, 2.99963918582, -1.0, 2.99981569438, 1.0, 1.81685047698, 2.99985764521, 3.0, 1.15525179385, -0.00858434327867, 1.0, 0.325822148299, 2.95150522962, -1.0, 2.94087348712, -0.983908083463, 1.99263978692, 0.999283530195, -0.00479585011538, 0.147248345026, 2.12341809653, 0.0102553446003, 2.00171106274, 0.950788667298, 97730.0, 570, 99471.0
1.02637840817, -1.0, -0.401328652041, 2.0, 0.99569720014, -0.181179503591, -0.962225838556, 0.0, 0.0324932189807, -1.0, -1.0, 3.0, 2.00681061264, 1.74166838402, 2.0, 2.80732201464, 0.999889939216, 0.0, 0.0, -1.0, 1.99999377348, 0.0546460255693, 1.00002450972, 0.692164291766, 1.0, 0.00402157318579, -1.0, 2.99589009971, -1.0, 3.0, 1.0, 2.97995782502, 3.0, 3.0, 1.0, -0.152694191065, 1.0, 2.99694087425, 2.9621224009, -1.0, 0.00274462109456, 2.0, 2.01032897041, 0.999614943858, 1.99793740883, -0.859232445109, 2.0, 0.0, 2.000323624, 0.912525949827, 97725.0, 602, 99444.0
1.03548833095, -1.0, -0.99128688958, 2.0, 1.00004398132, -0.161705982981, -0.999455560349, 0.0, 0.0350199173621, -0.999712791935, -0.720560217726, 3.0, 2.00863263069, 1.52052874577, 2.0, 2.82997880648, 1.05161141532, 0.0, 0.0, -0.999891665937, 2.03221051507, 0.00913212287747, 0.995131857821, 1.0, 1.0, 0.0989383695293, -1.0, 2.98847798116, -1.0, 2.99981861175, 1.0, 1.7916301297, 2.99985593048, 3.0, 1.15525179385, -0.00858434327867, 1.0, 2.96631523355, -0.901575729374, -1.0, 2.99035968416, -0.983908083463, 1.99263978692, 0.999283530195, -0.00479585011538, 0.147248345026, 1.8372228049, 0.0102553446003, 2.00171106274, 0.950465969477, 97733.0, 565, 99468.0
1.03548833095, -1.0, -0.983208995621, 2.0, 1.00004775609, -0.1633813982, -0.999197943846, 0.0, 0.0350345328435, -1.0, -0.743121387701, 3.0, 2.00863281527, 1.52053987399, 2.0, 2.80137376104, 1.05203623374, 0.0, 0.0838176860405, -0.999998470047, 2.03219804736, 0.00913212287747, 0.995121179621, 1.0, 1.0, 0.0989383695293, -1.0, 2.84143029293, -1.0, 2.99981969592, 1.0, 1.68724971885, 2.99999993892, 3.0, 1.15525179385, -0.00858434327867, 1.0, 2.99607395, -0.900990897903, -1.0, 2.90311359913, -0.967328634982, 1.99263978692, 1.00211438891, -0.00479585011538, 0.147248345026, 1.83962169486, 0.0102544191825, 2.00171106274, 0.950465969477, 97733.0, 565, 99468.0
1.03548833095, -1.0, -0.983208995621, 2.0, 1.00004775609, -0.1633813982, -0.999197943846, 0.0, 0.0350345328435, -1.0, -0.743121387701, 3.0, 2.00863281527, 1.52053987399, 2.0, 2.80137376104, 1.05203623374, 0.0, 0.0838176860405, -0.999998470047, 2.03219804736, 0.00913212287747, 0.995121179621, 1.0, 1.0, 0.0989383695293, -1.0, 2.84143029293, -1.0, 2.99981969592, 1.0, 1.68724971885, 2.99999993892, 3.0, 1.15525179385, -0.00858434327867, 1.0, 2.99607395, -0.900990897903, -1.0, 2.90311359913, -0.967328634982, 1.99263978692, 1.00211438891, -0.00479585011538, 0.147248345026, 1.83962169486, 0.0102544191825, 2.00171106274, 0.950465969477, 97733.0, 565, 99468.0
1.03548833095, -1.0, -0.983208995621, 2.0, 1.00004775609, -0.1633813982, -0.999197943846, 0.0, 0.0350345328435, -1.0, -0.743121387701, 3.0, 2.00863281527, 1.52053987399, 2.0, 2.80137376104, 1.05203623374, 0.0, 0.0838176860405, -0.999998470047, 2.03219804736, 0.00913212287747, 0.995121179621, 1.0, 1.0, 0.0989383695293, -1.0, 2.84143029293, -1.0, 2.99981969592, 1.0, 1.68724971885, 2.99999993892, 3.0, 1.15525179385, -0.00858434327867, 1.0, 2.99607395, -0.900990897903, -1.0, 2.90311359913, -0.967328634982, 1.99263978692, 1.00211438891, -0.00479585011538, 0.147248345026, 1.83962169486, 0.0102544191825, 2.00171106274, 0.950465969477, 97733.0, 565, 99468.0
1.03548833095, -1.0, -0.983208995621, 2.0, 1.00004775609, -0.1633813982, -0.999197943846, 0.0, 0.0350345328435, -1.0, -0.743121387701, 3.0, 2.00863281527, 1.52053987399, 2.0, 2.80137376104, 1.05203623374, 0.0, 0.0838176860405, -0.999998470047, 2.03219804736, 0.00913212287747, 0.995121179621, 1.0, 1.0, 0.0989383695293, -1.0, 2.84143029293, -1.0, 2.99981969592, 1.0, 1.68724971885, 2.99999993892, 3.0, 1.15525179385, -0.00858434327867, 1.0, 2.99607395, -0.900990897903, -1.0, 2.90311359913, -0.967328634982, 1.99263978692, 1.00211438891, -0.00479585011538, 0.147248345026, 1.83962169486, 0.0102544191825, 2.00171106274, 0.950465969477, 97733.0, 565, 99468.0
1.02646872428, -1.0, -0.97987957647, 2.0, 0.999675288247, -0.217114526731, -0.998983919086, 0.0, 0.0349176483535, -1.0, -0.744441798304, 3.0, 2.01183158232, 2.01388841494, 2.0, 2.80167215913, 1.00072395154, 0.0, 0.0, -1.0, 2.08684525194, 0.0, 1.00004122379, 1.0, 1.0, 0.00686303506064, -1.0, -0.0942854743647, -1.0, 3.0, 1.0, 2.91478462893, 3.0, 3.0, 0.999972968121, -0.0123397465123, 1.0, 0.31403486728, -0.961475600019, -1.0, 2.86964376449, -0.957335428696, 1.90851615402, 0.908923301953, 1.99793740883, -1.0, 2.0, -0.000163030828305, 2.00035460319, 0.912896176182, 97798.0, 548, 99482.0
1.02646872428, -1.0, -0.97987957647, 2.0, 0.999675288247, -0.217114526731, -0.998983919086, 0.0, 0.0349176483535, -1.0, -0.744441798304, 3.0, 2.01183158232, 2.01388841494, 2.0, 2.80167215913, 1.00072395154, 0.0, 0.0, -1.0, 2.08684525194, 0.0, 1.00004122379, 1.0, 1.0, 0.00686303506064, -1.0, -0.0942854743647, -1.0, 3.0, 1.0, 2.91478462893, 3.0, 3.0, 0.999972968121, -0.0123397465123, 1.0, 0.31403486728, -0.961475600019, -1.0, 2.86964376449, -0.957335428696, 1.90851615402, 0.908923301953, 1.99793740883, -1.0, 2.0, -0.000163030828305, 2.00035460319, 0.912896176182, 97798.0, 548, 99482.0
1.02646872428, -1.0, -0.97987957647, 2.0, 0.999675288247, -0.217114526731, -0.998983919086, 0.0, 0.0349176483535, -1.0, -0.744441798304, 3.0, 2.01183158232, 2.01388841494, 2.0, 2.80167215913, 1.00072395154, 0.0, 0.0, -1.0, 2.08684525194, 0.0, 1.00004122379, 1.0, 1.0, 0.00686303506064, -1.0, -0.0942854743647, -1.0, 3.0, 1.0, 2.91478462893, 3.0, 3.0, 0.999972968121, -0.0123397465123, 1.0, 0.31403486728, -0.961475600019, -1.0, 2.86964376449, -0.957335428696, 1.90851615402, 0.908923301953, 1.99793740883, -1.0, 2.0, -0.000163030828305, 2.00035460319, 0.912896176182, 97798.0, 548, 99482.0
1.02646872428, -1.0, -0.97987957647, 2.0, 0.999675288247, -0.217114526731, -0.998983919086, 0.0, 0.0349176483535, -1.0, -0.744441798304, 3.0, 2.01183158232, 2.01388841494, 2.0, 2.80167215913, 1.00072395154, 0.0, 0.0, -1.0, 2.08684525194, 0.0, 1.00004122379, 1.0, 1.0, 0.00686303506064, -1.0, -0.0942854743647, -1.0, 3.0, 1.0, 2.91478462893, 3.0, 3.0, 0.999972968121, -0.0123397465123, 1.0, 0.31403486728, -0.961475600019, -1.0, 2.86964376449, -0.957335428696, 1.90851615402, 0.908923301953, 1.99793740883, -1.0, 2.0, -0.000163030828305, 2.00035460319, 0.912896176182, 97798.0, 548, 99482.0
1.02646872428, -1.0, -0.97987957647, 2.0, 0.999675288247, -0.217114526731, -0.998983919086, 0.0, 0.0349176483535, -1.0, -0.744441798304, 3.0, 2.01183158232, 2.01388841494, 2.0, 2.80167215913, 1.00072395154, 0.0, 0.0, -1.0, 2.08684525194, 0.0, 1.00004122379, 1.0, 1.0, 0.00686303506064, -1.0, -0.0942854743647, -1.0, 3.0, 1.0, 2.91478462893, 3.0, 3.0, 0.999972968121, -0.0123397465123, 1.0, 0.31403486728, -0.961475600019, -1.0, 2.86964376449, -0.957335428696, 1.90851615402, 0.908923301953, 1.99793740883, -1.0, 2.0, -0.000163030828305, 2.00035460319, 0.912896176182, 97798.0, 548, 99482.0
1.02646872428, -1.0, -0.97987957647, 2.0, 0.999675288247, -0.217114526731, -0.998983919086, 0.0, 0.0349176483535, -1.0, -0.744441798304, 3.0, 2.01183158232, 2.01388841494, 2.0, 2.80167215913, 1.00072395154, 0.0, 0.0, -1.0, 2.08684525194, 0.0, 1.00004122379, 1.0, 1.0, 0.00686303506064, -1.0, -0.0942854743647, -1.0, 3.0, 1.0, 2.91478462893, 3.0, 3.0, 0.999972968121, -0.0123397465123, 1.0, 0.31403486728, -0.961475600019, -1.0, 2.86964376449, -0.957335428696, 1.90851615402, 0.908923301953, 1.99793740883, -1.0, 2.0, -0.000163030828305, 2.00035460319, 0.912896176182, 97798.0, 548, 99482.0
1.03548833095, -1.0, -0.983208995621, 2.0, 1.00004398132, -0.163356999615, -0.999197943846, 0.0, 0.0350300811651, -1.0, -0.744490678225, 3.0, 2.00863281527, 1.52053987399, 2.0, 2.83047673685, 1.0516089678, 0.0, 0.0, -0.999998470047, 2.03219804736, 0.00913212287747, 0.995131857821, 1.0, 1.0, 0.0989383695293, -1.0, 2.98823732289, -1.0, 2.99981861175, 1.0, 1.78914629428, 2.99999945569, 3.0, 1.15525179385, -0.00858434327867, 1.0, 2.96631523355, -0.90097323431, -1.0, 2.99035968416, -0.984717481318, 1.99263978692, 0.999304226009, -0.00479585011538, 0.147248345026, 1.8372228049, 0.0102553446003, 2.00171106274, 0.950465969477, 97733.0, 565, 99468.0
1.03548833095, -1.0, -0.983208995621, 2.0, 1.00004398132, -0.163356999615, -0.999197943846, 0.0, 0.0350300811651, -1.0, -0.744490678225, 3.0, 2.00863281527, 1.52053987399, 2.0, 2.83047673685, 1.0516089678, 0.0, 0.0, -0.999998470047, 2.03219804736, 0.00913212287747, 0.995131857821, 1.0, 1.0, 0.0989383695293, -1.0, 2.98823732289, -1.0, 2.99981861175, 1.0, 1.78914629428, 2.99999945569, 3.0, 1.15525179385, -0.00858434327867, 1.0, 2.96631523355, -0.90097323431, -1.0, 2.99035968416, -0.984717481318, 1.99263978692, 0.999304226009, -0.00479585011538, 0.147248345026, 1.8372228049, 0.0102553446003, 2.00171106274, 0.950465969477, 97733.0, 565, 99468.0
1.03548833095, -1.0, -0.983208995621, 2.0, 1.00004398132, -0.163356999615, -0.999197943846, 0.0, 0.0350300811651, -1.0, -0.744490678225, 3.0, 2.00863281527, 1.52053987399, 2.0, 2.83047673685, 1.0516089678, 0.0, 0.0, -0.999998470047, 2.03219804736, 0.00913212287747, 0.995131857821, 1.0, 1.0, 0.0989383695293, -1.0, 2.98823732289, -1.0, 2.99981861175, 1.0, 1.78914629428, 2.99999945569, 3.0, 1.15525179385, -0.00858434327867, 1.0, 2.96631523355, -0.90097323431, -1.0, 2.99035968416, -0.984717481318, 1.99263978692, 0.999304226009, -0.00479585011538, 0.147248345026, 1.8372228049, 0.0102553446003, 2.00171106274, 0.950465969477, 97733.0, 565, 99468.0
1.02637840817, -1.0, -0.983794522825, 2.0, 1.0000439643, -0.218747435667, -0.962225838556, 0.0, 0.180127743834, -1.0, -1.0, 3.0, 2.35604981657, 1.52633762604, 2.0, 2.80167215913, 0.999921425236, 0.0, 0.0, -0.999999981073, 2.08684525194, 0.00964764913506, 1.00002450972, 1.0, 1.0, 0.0985978734134, -1.0, -0.0991073894103, -1.0, 3.0, 1.0, 2.92809911238, 2.99999999866, 3.0, 0.998664474116, -0.00847170908034, 1.0, 2.99694087425, -0.961140288413, -1.0, -0.0452632939487, 2.0, 1.90851615402, 1.00036385909, 1.99793740883, -1.0, 2.0, 0.0100028232036, 2.0003346448, 0.912896176182, 97734.0, 567, 99468.0
0.998695684717, -1.0, -0.983208995621, 2.0, 1.00004398132, -0.161705982981, -0.999197943846, 0.0, 0.0350300811651, -1.0, -0.744490678225, 3.0, 2.01516210736, 1.72675582584, 1.70393683501, 2.82983969181, 1.0524046492, 0.0, 0.0, -0.999998469414, 2.01896764251, 0.00913212287747, 0.995131857821, 1.0, 1.0, 0.0989210903943, -0.991316762659, 2.98850356578, -1.0, 2.99998534002, 1.0, 2.93357730628, 2.99999173521, 3.0, 1.15536672607, -0.00858434327867, 1.0, 2.96631523355, -0.901575729374, -1.0, 2.99035968416, -0.983908083463, 1.99263978692, 0.999283530195, -0.00479585011538, 0.151963534601, 1.8372228049, 0.0102553446003, 2.00172065754, 0.950460779692, 97745.0, 565, 99468.0
1.03548833095, -1.0, -0.983208995621, 2.0, 1.00004775609, -0.163382017652, -0.999197943846, 0.0, 0.0350345260693, -1.0, -0.74320639065, 3.0, 2.00863281527, 1.52053987399, 2.0, 2.83034728271, 1.05161043299, 0.0, 0.0838176860405, -0.999998470047, 2.03219804736, 0.00913212287747, 0.995121179621, 1.152347798, 1.0, 0.0989383695293, -1.0, 2.84143029293, -1.0, 2.99981973463, 1.0, 1.68724971885, 2.99999945039, 3.0, 1.15525179385, -0.00858434327867, 1.0, 2.99654921442, -0.900973348331, -1.0, 2.90311359913, -0.984641847268, 1.99263978692, 1.00208705003, -0.00479585011538, 0.147248345026, 1.83721065815, 0.0102544191825, 2.00171106274, 0.950465969477, 97733.0, 565, 99468.0
1.03548833095, -1.0, -0.983208995621, 2.0, 1.00004775609, -0.163382017652, -0.999197943846, 0.0, 0.0350345260693, -1.0, -0.74320639065, 3.0, 2.00863281527, 1.52053987399, 2.0, 2.83034728271, 1.05161043299, 0.0, 0.0838176860405, -0.999998470047, 2.03219804736, 0.00913212287747, 0.995121179621, 1.152347798, 1.0, 0.0989383695293, -1.0, 2.84143029293, -1.0, 2.99981973463, 1.0, 1.68724971885, 2.99999945039, 3.0, 1.15525179385, -0.00858434327867, 1.0, 2.99654921442, -0.900973348331, -1.0, 2.90311359913, -0.984641847268, 1.99263978692, 1.00208705003, -0.00479585011538, 0.147248345026, 1.83721065815, 0.0102544191825, 2.00171106274, 0.950465969477, 97733.0, 565, 99468.0
1.03548833095, -1.0, -0.999895316569, 2.0, 0.999995203341, -0.161910139761, -0.999459489982, 0.0, 0.0324744912374, -1.0, -1.0, 3.0, 2.00862518149, 1.72811041874, 2.0, 2.83157602516, 1.05161141532, 0.0, 0.0, -0.999894873358, 2.03131613271, -0.996358331173, 0.995201476299, 1.0, 1.0, 0.00714932631684, -0.998559739386, 2.99999941841, -1.0, 2.99999518684, 1.0, -0.976274518389, 2.99985764521, 3.0, 1.0773053016, -0.00853026436183, 1.0, 0.325822148299, 2.95150522962, -1.0, 2.94337923438, -0.983908083463, 1.91043413332, 0.98067244797, -0.00479585011538, 0.147248345026, 2.09597386713, 0.0105496745477, 2.00171106274, 0.950788667298, 97764.0, 556, 99488.0
1.03548833095, -1.0, -0.999895316569, 2.0, 0.999995203341, -0.161910139761, -0.999459489982, 0.0, 0.0324744912374, -1.0, -1.0, 3.0, 2.00862518149, 1.72811041874, 2.0, 2.83157602516, 1.05161141532, 0.0, 0.0, -0.999894873358, 2.03131613271, -0.996358331173, 0.995201476299, 1.0, 1.0, 0.00714932631684, -0.998559739386, 2.99999941841, -1.0, 2.99999518684, 1.0, -0.976274518389, 2.99985764521, 3.0, 1.0773053016, -0.00853026436183, 1.0, 0.325822148299, 2.95150522962, -1.0, 2.94337923438, -0.983908083463, 1.91043413332, 0.98067244797, -0.00479585011538, 0.147248345026, 2.09597386713, 0.0105496745477, 2.00171106274, 0.950788667298, 97764.0, 556, 99488.0
1.03548833095, -1.0, -0.999895316569, 2.0, 0.999995203341, -0.161910139761, -0.999459489982, 0.0, 0.0324744912374, -1.0, -1.0, 3.0, 2.00862518149, 1.72811041874, 2.0, 2.83157602516, 1.05161141532, 0.0, 0.0, -0.999894873358, 2.03131613271, -0.996358331173, 0.995201476299, 1.0, 1.0, 0.00714932631684, -0.998559739386, 2.99999941841, -1.0, 2.99999518684, 1.0, -0.976274518389, 2.99985764521, 3.0, 1.0773053016, -0.00853026436183, 1.0, 0.325822148299, 2.95150522962, -1.0, 2.94337923438, -0.983908083463, 1.91043413332, 0.98067244797, -0.00479585011538, 0.147248345026, 2.09597386713, 0.0105496745477, 2.00171106274, 0.950788667298, 97764.0, 556, 99488.0
1.03548833095, -1.0, -0.999895316569, 2.0, 0.999995203341, -0.161910139761, -0.999459489982, 0.0, 0.0324744912374, -1.0, -1.0, 3.0, 2.00862518149, 1.72811041874, 2.0, 2.83157602516, 1.05161141532, 0.0, 0.0, -0.999894873358, 2.03131613271, -0.996358331173, 0.995201476299, 1.0, 1.0, 0.00714932631684, -0.998559739386, 2.99999941841, -1.0, 2.99999518684, 1.0, -0.976274518389, 2.99985764521, 3.0, 1.0773053016, -0.00853026436183, 1.0, 0.325822148299, 2.95150522962, -1.0, 2.94337923438, -0.983908083463, 1.91043413332, 0.98067244797, -0.00479585011538, 0.147248345026, 2.09597386713, 0.0105496745477, 2.00171106274, 0.950788667298, 97764.0, 556, 99488.0
1.03548833095, -1.0, -0.999895316569, 2.0, 0.999995203341, -0.161910139761, -0.999459489982, 0.0, 0.0324744912374, -1.0, -1.0, 3.0, 2.00862518149, 1.72811041874, 2.0, 2.83157602516, 1.05161141532, 0.0, 0.0, -0.999894873358, 2.03131613271, -0.996358331173, 0.995201476299, 1.0, 1.0, 0.00714932631684, -0.998559739386, 2.99999941841, -1.0, 2.99999518684, 1.0, -0.976274518389, 2.99985764521, 3.0, 1.0773053016, -0.00853026436183, 1.0, 0.325822148299, 2.95150522962, -1.0, 2.94337923438, -0.983908083463, 1.91043413332, 0.98067244797, -0.00479585011538, 0.147248345026, 2.09597386713, 0.0105496745477, 2.00171106274, 0.950788667298, 97764.0, 556, 99488.0
1.03548833095, -1.0, -0.999895316569, 2.0, 0.999995203341, -0.161910139761, -0.999459489982, 0.0, 0.0324744912374, -1.0, -1.0, 3.0, 2.00862518149, 1.72811041874, 2.0, 2.83157602516, 1.05161141532, 0.0, 0.0, -0.999894873358, 2.03131613271, -0.996358331173, 0.995201476299, 1.0, 1.0, 0.00714932631684, -0.998559739386, 2.99999941841, -1.0, 2.99999518684, 1.0, -0.976274518389, 2.99985764521, 3.0, 1.0773053016, -0.00853026436183, 1.0, 0.325822148299, 2.95150522962, -1.0, 2.94337923438, -0.983908083463, 1.91043413332, 0.98067244797, -0.00479585011538, 0.147248345026, 2.09597386713, 0.0105496745477, 2.00171106274, 0.950788667298, 97764.0, 556, 99488.0
1.03548833095, -1.0, -0.999895316569, 2.0, 0.999995203341, -0.161910139761, -0.999459489982, 0.0, 0.0324744912374, -1.0, -1.0, 3.0, 2.00862518149, 1.72811041874, 2.0, 2.83157602516, 1.05161141532, 0.0, 0.0, -0.999894873358, 2.03131613271, -0.996358331173, 0.995201476299, 1.0, 1.0, 0.00714932631684, -0.998559739386, 2.99999941841, -1.0, 2.99999518684, 1.0, -0.976274518389, 2.99985764521, 3.0, 1.0773053016, -0.00853026436183, 1.0, 0.325822148299, 2.95150522962, -1.0, 2.94337923438, -0.983908083463, 1.91043413332, 0.98067244797, -0.00479585011538, 0.147248345026, 2.09597386713, 0.0105496745477, 2.00171106274, 0.950788667298, 97764.0, 556, 99488.0
1.03548833095, -1.0, -0.999895316569, 2.0, 0.999995203341, -0.161910139761, -0.999459489982, 0.0, 0.0324744912374, -1.0, -1.0, 3.0, 2.00862518149, 1.72811041874, 2.0, 2.83157602516, 1.05161141532, 0.0, 0.0, -0.999894873358, 2.03131613271, -0.996358331173, 0.995201476299, 1.0, 1.0, 0.00714932631684, -0.998559739386, 2.99999941841, -1.0, 2.99999518684, 1.0, -0.976274518389, 2.99985764521, 3.0, 1.0773053016, -0.00853026436183, 1.0, 0.325822148299, 2.95150522962, -1.0, 2.94337923438, -0.983908083463, 1.91043413332, 0.98067244797, -0.00479585011538, 0.147248345026, 2.09597386713, 0.0105496745477, 2.00171106274, 0.950788667298, 97764.0, 556, 99488.0
1.03548833095, -1.0, -0.999895316569, 2.0, 0.999995203341, -0.161910139761, -0.999459489982, 0.0, 0.0324744912374, -1.0, -1.0, 3.0, 2.00862518149, 1.72811041874, 2.0, 2.83157602516, 1.05161141532, 0.0, 0.0, -0.999894873358, 2.03131613271, -0.996358331173, 0.995201476299, 1.0, 1.0, 0.00714932631684, -0.998559739386, 2.99999941841, -1.0, 2.99999518684, 1.0, -0.976274518389, 2.99985764521, 3.0, 1.0773053016, -0.00853026436183, 1.0, 0.325822148299, 2.95150522962, -1.0, 2.94337923438, -0.983908083463, 1.91043413332, 0.98067244797, -0.00479585011538, 0.147248345026, 2.09597386713, 0.0105496745477, 2.00171106274, 0.950788667298, 97764.0, 556, 99488.0
