-1.0, 0.0, -1.0, -1.0, -1.0, -1.0, -1.0, -1.0, -1.0, -1.0, 3.0, 2.0, 3.0, 0.0, -1.0, -1.0, 0.0, 3.0, 1.0, 2.0, 0.0, 0.0, 3.0, 3.0, 1.0, 2.0, -1.0, 1.0, 0.0, -1.0, 1.0, 2.0, 3.0, 0.0, 0.0, 0.0, 2.0, 2.0, 2.0, 2.0, -1.0, 2.0, 1.0, 0.0, 2.0, 1.0, 1.0, 3.0, 0.0, 1.0, 97418.0, 515.0, 99510.0
1.0, 2.0, 2.0, 0.0, 2.0, -1.0, 0.0, -1.0, 3.0, 1.0, 0.0, 1.0, -1.0, -1.0, -1.0, 0.0, 2.0, -1.0, -1.0, 3.0, -1.0, 1.0, -1.0, 0.0, -1.0, -1.0, -1.0, -1.0, 0.0, 1.0, -1.0, 2.0, -1.0, -1.0, 2.0, 0.0, 1.0, 2.0, 1.0, 2.0, 0.0, 0.0, 2.0, -1.0, 2.0, 0.0, 1.0, 0.0, 3.0, -1.0, 97278.0, 468.0, 99560.0
1.0, 2.0, 2.0, 0.0, 2.0, -1.0, 0.0, -1.0, 3.0, 1.0, 0.0, 1.0, -1.0, -1.0, -1.0, 0.0, 2.0, -1.0, -1.0, 3.0, -1.0, 1.0, -1.0, 0.0, -1.0, -1.0, -1.0, -1.0, 0.0, 1.0, -1.0, 2.0, -1.0, -1.0, 2.0, 0.0, 1.0, 2.0, 1.0, 2.0, 0.0, 0.0, 2.0, -1.0, 2.0, 0.0, 1.0, 0.0, 3.0, -1.0, 97278.0, 468.0, 99560.0
1.0, 3.0, 3.0, 2.0, 0.0, -1.0, 2.0, 2.0, -1.0, -1.0, 0.0, -1.0, 2.0, 2.0, -1.0, 1.0, 1.0, 0.0, 1.0, 1.0, -1.0, 1.0, 3.0, -1.0, 0.0, 2.0, -1.0, 3.0, 3.0, 3.0, 2.0, 1.0, 3.0, -1.0, 0.0, -1.0, -1.0, 2.0, 3.0, 2.0, 3.0, 0.0, 2.0, -1.0, 0.0, 0.0, 1.0, 0.0, 0.0, 1.0, 97063.0, 569.0, 99473.0
1.0, 2.0, 2.0, 0.0, 2.0, -1.0, 0.0, -1.0, 3.0, 1.0, 0.0, 1.0, 0.0, -1.0, -1.0, 0.0, 2.0, -1.0, -1.0, 3.0, -1.0, 1.0, -1.0, 0.0, 1.0, -1.0, -1.0, -1.0, 2.0, 1.0, -1.0, 2.0, -1.0, -1.0, 2.0, 0.0, 1.0, 2.0, 1.0, 2.0, 0.0, 0.0, 2.0, -1.0, 2.0, 0.0, 1.0, 0.0, 3.0, -1.0, 97118.0, 499.0, 99535.0
-1.0, 0.0, -1.0, -1.0, -1.0, -1.0, -1.0, -1.0, -1.0, -1.0, 3.0, 2.0, 3.0, 0.0, -1.0, -1.0, 0.0, 3.0, 1.0, 2.0, 0.0, 0.0, 3.0, 3.0, 1.0, 2.0, -1.0, 1.0, 0.0, -1.0, 1.0, 2.0, 3.0, 0.0, 0.0, 0.0, 2.0, 2.0, 2.0, 2.0, -1.0, 2.0, 1.0, 0.0, 2.0, 1.0, 1.0, 3.0, 0.0, 1.0, 97418.0, 515.0, 99510.0
1.0, 2.0, 2.0, 0.0, 2.0, -1.0, 0.0, -1.0, 3.0, 1.0, 0.0, 1.0, -1.0, -1.0, -1.0, 0.0, 2.0, -1.0, -1.0, 3.0, 1.0, 1.0, -1.0, 0.0, 1.0, -1.0, -1.0, -1.0, 2.0, 1.0, -1.0, 2.0, -1.0, -1.0, 2.0, 0.0, 1.0, 2.0, 1.0, 2.0, 0.0, 0.0, 2.0, -1.0, 2.0, 0.0, 1.0, 0.0, 3.0, -1.0, 97241.0, 497.0, 99545.0
0.0, 3.0, 2.0, 3.0, 0.0, -1.0, 2.0, -1.0, 0.0, 2.0, 0.0, -1.0, 3.0, -1.0, -1.0, -1.0, 2.0, 3.0, -1.0, 2.0, 1.0, 0.0, 1.0, 3.0, -1.0, 2.0, 3.0, -1.0, 0.0, 3.0, 1.0, 2.0, 0.0, 2.0, 1.0, -1.0, 0.0, -1.0, 1.0, 0.0, 3.0, 0.0, 2.0, -1.0, 2.0, 3.0, 1.0, -1.0, 1.0, -1.0, 97330.0, 531.0, 99515.0
-1.0, -1.0, 0.0, 2.0, 3.0, 3.0, 3.0, 3.0, 3.0, -1.0, 0.0, 2.0, 2.0, -1.0, -1.0, 1.0, 0.0, -1.0, 2.0, -1.0, 2.0, 0.0, -1.0, 0.0, 2.0, 0.0, -1.0, 2.0, 1.0, 1.0, 1.0, 2.0, 2.0, 1.0, 2.0, 3.0, 0.0, 2.0, 1.0, 2.0, 0.0, 1.0, -1.0, -1.0, 0.0, 1.0, -1.0, 1.0, 1.0, 3.0, 97230.0, 540.0, 99500.0
1.0, 2.0, 2.0, 0.0, 2.0, -1.0, 0.0, -1.0, 3.0, 1.0, 0.0, 1.0, -1.0, -1.0, -1.0, 0.0, 2.0, -1.0, -1.0, 3.0, -1.0, 1.0, -1.0, 0.0, 1.0, -1.0, -1.0, -1.0, 2.0, 1.0, -1.0, 2.0, -1.0, -1.0, 2.0, 0.0, 1.0, 2.0, 1.0, 2.0, 0.0, 0.0, 2.0, -1.0, 2.0, 0.0, 1.0, 0.0, 3.0, -1.0, 97251.0, 487.0, 99551.0
-1.0, 0.0, 0.0, 2.0, 3.0, 3.0, 3.0, 3.0, 3.0, -1.0, 0.0, 2.0, 2.0, -1.0, -1.0, 1.0, 0.0, 0.0, 2.0, -1.0, 2.0, 0.0, -1.0, 0.0, 2.0, 0.0, -1.0, 2.0, 1.0, 1.0, 1.0, 1.0, 2.0, 1.0, 2.0, 3.0, 0.0, 2.0, 1.0, 2.0, 0.0, 1.0, -1.0, -1.0, 0.0, 1.0, -1.0, 1.0, 1.0, 3.0, 96911.0, 573.0, 99465.0
1.0, 0.0, -1.0, -1.0, -1.0, 1.0, -1.0, -1.0, -1.0, -1.0, 3.0, 0.0, 3.0, 0.0, -1.0, -1.0, 0.0, 3.0, 1.0, 2.0, 0.0, 0.0, 3.0, 3.0, 1.0, 2.0, -1.0, 1.0, 0.0, -1.0, 0.0, 2.0, 3.0, 0.0, 0.0, 0.0, 2.0, 2.0, 2.0, 2.0, -1.0, 2.0, 1.0, 0.0, 2.0, 1.0, 1.0, 3.0, 0.0, 1.0, 97220.0, 549.0, 99489.0
1.0, 2.0, 2.0, 0.0, 2.0, -1.0, 0.0, -1.0, 3.0, 1.0, 0.0, 1.0, 0.0, -1.0, -1.0, 0.0, 2.0, -1.0, -1.0, 3.0, -1.0, 1.0, -1.0, 0.0, 1.0, -1.0, -1.0, -1.0, 2.0, 1.0, -1.0, 2.0, -1.0, -1.0, 2.0, 0.0, 1.0, 2.0, 1.0, 2.0, 0.0, 0.0, 2.0, -1.0, 2.0, 0.0, 1.0, 0.0, 3.0, -1.0, 97118.0, 499.0, 99535.0
0.0, 2.0, 3.0, 3.0, 2.0, -1.0, 1.0, 3.0, -1.0, -1.0, 2.0, 1.0, 3.0, 0.0, 2.0, 1.0, 2.0, 0.0, 1.0, 0.0, 3.0, 0.0, 3.0, -1.0, -1.0, 1.0, 0.0, 1.0, 2.0, -1.0, 2.0, 2.0, -1.0, 2.0, -1.0, 3.0, 0.0, -1.0, 0.0, 3.0, 3.0, 2.0, 3.0, 1.0, 1.0, 2.0, 1.0, 0.0, 1.0, 0.0, 96999.0, 598.0, 99437.0
1.0, 0.0, -1.0, -1.0, 3.0, 1.0, -1.0, -1.0, -1.0, -1.0, 3.0, 0.0, 3.0, 0.0, -1.0, -1.0, 0.0, 3.0, 1.0, 2.0, 0.0, 0.0, 3.0, 3.0, 1.0, 2.0, -1.0, 1.0, 0.0, -1.0, 0.0, 2.0, 3.0, 0.0, 0.0, 0.0, 2.0, 2.0, 2.0, 2.0, -1.0, 2.0, 1.0, 0.0, 2.0, 1.0, 1.0, 3.0, 0.0, 1.0, 97170.0, 561.0, 99475.0
0.0, 2.0, 3.0, 3.0, 2.0, -1.0, 1.0, 3.0, -1.0, -1.0, 2.0, 1.0, 3.0, 0.0, -1.0, 1.0, 2.0, -1.0, 1.0, 0.0, 3.0, 0.0, 3.0, -1.0, 0.0, 1.0, 0.0, 1.0, 2.0, -1.0, 2.0, 2.0, -1.0, 2.0, -1.0, 3.0, 0.0, -1.0, 0.0, 3.0, 3.0, 2.0, 3.0, 1.0, 1.0, 2.0, 1.0, 0.0, 1.0, -1.0, 97128.0, 562.0, 99462.0
1.0, 2.0, 2.0, 0.0, 2.0, -1.0, 0.0, -1.0, 3.0, 1.0, 0.0, 1.0, -1.0, -1.0, -1.0, 0.0, 2.0, -1.0, -1.0, 3.0, -1.0, 1.0, -1.0, 0.0, 1.0, -1.0, -1.0, -1.0, 2.0, 1.0, -1.0, 2.0, -1.0, -1.0, 2.0, 0.0, 1.0, 2.0, 1.0, 2.0, 0.0, 0.0, 2.0, -1.0, 2.0, 0.0, 1.0, 0.0, 3.0, -1.0, 97251.0, 487.0, 99551.0
0.0, 3.0, 2.0, 3.0, 0.0, -1.0, 2.0, -1.0, 0.0, 2.0, 0.0, -1.0, 3.0, -1.0, -1.0, -1.0, 2.0, -1.0, 0.0, 2.0, 1.0, 0.0, 1.0, 3.0, -1.0, 2.0, 3.0, -1.0, 0.0, 3.0, 1.0, 2.0, 0.0, 2.0, 1.0, -1.0, 0.0, -1.0, 1.0, 0.0, 3.0, 0.0, 2.0, 0.0, 2.0, 3.0, 1.0, -1.0, 1.0, -1.0, 97192.0, 538.0, 99506.0
0.0, 3.0, 2.0, 3.0, 0.0, -1.0, 2.0, -1.0, 0.0, 2.0, 0.0, -1.0, 3.0, -1.0, -1.0, -1.0, 2.0, 3.0, -1.0, 2.0, 1.0, 0.0, 1.0, 3.0, -1.0, 2.0, 3.0, -1.0, 0.0, 3.0, 1.0, 2.0, 0.0, 2.0, 1.0, -1.0, 0.0, -1.0, 1.0, 0.0, 3.0, 0.0, 2.0, -1.0, 2.0, 3.0, 1.0, -1.0, 1.0, -1.0, 97330.0, 531.0, 99515.0
1.0, 0.0, -1.0, -1.0, -1.0, 1.0, -1.0, -1.0, -1.0, -1.0, 3.0, 0.0, 3.0, 0.0, -1.0, -1.0, 0.0, 3.0, 1.0, 2.0, 0.0, 0.0, 3.0, 3.0, 1.0, 2.0, -1.0, 1.0, 0.0, -1.0, 0.0, 2.0, 3.0, 0.0, 0.0, 0.0, 2.0, 2.0, 2.0, 2.0, -1.0, 2.0, 1.0, 0.0, 2.0, 1.0, 1.0, 3.0, 0.0, 1.0, 97220.0, 549.0, 99489.0
0.0, 3.0, 2.0, 3.0, 0.0, -1.0, 2.0, -1.0, 0.0, 2.0, 0.0, -1.0, 3.0, -1.0, -1.0, -1.0, 2.0, -1.0, 2.0, 2.0, 1.0, 0.0, 1.0, 3.0, -1.0, 2.0, 3.0, -1.0, 0.0, 3.0, 1.0, 2.0, 0.0, 2.0, 1.0, -1.0, 0.0, -1.0, 1.0, 0.0, 3.0, 0.0, 2.0, -1.0, 0.0, 3.0, 1.0, -1.0, 1.0, -1.0, 97272.0, 524.0, 99518.0
1.0, 0.0, -1.0, -1.0, 3.0, 1.0, -1.0, -1.0, -1.0, -1.0, 3.0, 0.0, 3.0, 0.0, -1.0, -1.0, 0.0, 3.0, 1.0, 2.0, 0.0, 0.0, 3.0, 3.0, 1.0, 2.0, -1.0, 1.0, 0.0, -1.0, 0.0, 2.0, 3.0, 0.0, 0.0, 0.0, 2.0, 2.0, 2.0, 2.0, -1.0, 2.0, 1.0, 0.0, 2.0, 1.0, 1.0, 3.0, 0.0, 1.0, 97170.0, 561.0, 99475.0
2.0, 0.0, -1.0, -1.0, 1.0, 0.0, 1.0, 0.0, 2.0, 0.0, 1.0, 0.0, 1.0, 1.0, -1.0, -1.0, 1.0, 0.0, 2.0, -1.0, 0.0, 1.0, 2.0, -1.0, 3.0, 3.0, -1.0, 1.0, 1.0, 3.0, 1.0, 2.0, -1.0, 2.0, 0.0, 0.0, 1.0, -1.0, -1.0, 2.0, 0.0, 3.0, -1.0, 1.0, 2.0, 2.0, 3.0, 3.0, 2.0, 2.0, 97325.0, 553.0, 99488.0
1.0, 3.0, 3.0, 2.0, 0.0, -1.0, 2.0, 2.0, -1.0, -1.0, 0.0, -1.0, 2.0, 2.0, -1.0, 1.0, 1.0, 0.0, 1.0, 1.0, -1.0, 1.0, 3.0, -1.0, 0.0, 2.0, -1.0, 3.0, 3.0, 3.0, 2.0, 1.0, 3.0, -1.0, 0.0, -1.0, -1.0, 2.0, 3.0, 2.0, 3.0, 0.0, 2.0, -1.0, 0.0, 0.0, 1.0, 0.0, 0.0, 1.0, 97063.0, 569.0, 99473.0
-1.0, 0.0, -1.0, -1.0, -1.0, 1.0, -1.0, -1.0, -1.0, -1.0, 3.0, 0.0, 3.0, 0.0, -1.0, -1.0, 0.0, 3.0, 1.0, 2.0, 0.0, 0.0, 3.0, 3.0, 1.0, 2.0, -1.0, 1.0, 0.0, -1.0, 0.0, 2.0, 3.0, 0.0, 0.0, 0.0, 2.0, 2.0, 2.0, 2.0, -1.0, 2.0, 1.0, 0.0, 2.0, 1.0, 1.0, 3.0, 0.0, 1.0, 97322.0, 533.0, 99501.0
0.0, 3.0, 2.0, 3.0, 0.0, -1.0, 2.0, -1.0, 0.0, 2.0, 0.0, -1.0, 3.0, -1.0, -1.0, -1.0, 2.0, -1.0, 2.0, 2.0, 1.0, 0.0, 1.0, 3.0, -1.0, 2.0, 3.0, -1.0, 0.0, 3.0, 1.0, 2.0, 0.0, 2.0, 1.0, -1.0, 0.0, -1.0, 1.0, 0.0, 3.0, 0.0, 2.0, -1.0, 0.0, 3.0, 1.0, -1.0, 1.0, -1.0, 97272.0, 524.0, 99518.0
-1.0, -1.0, 0.0, 2.0, 3.0, 3.0, 3.0, 3.0, 3.0, -1.0, 0.0, 2.0, 2.0, -1.0, -1.0, 1.0, 0.0, 0.0, 2.0, -1.0, 2.0, 0.0, -1.0, 0.0, 2.0, 0.0, -1.0, 2.0, 1.0, 1.0, 1.0, 2.0, 2.0, 1.0, 2.0, 3.0, 0.0, 2.0, 1.0, 2.0, 0.0, 1.0, -1.0, -1.0, 0.0, 1.0, -1.0, 1.0, 1.0, 3.0, 97097.0, 558.0, 99485.0
-1.0, 0.0, -1.0, -1.0, -1.0, 1.0, -1.0, -1.0, -1.0, -1.0, 3.0, 0.0, 3.0, 0.0, -1.0, -1.0, 0.0, 3.0, 1.0, 2.0, 0.0, 0.0, 3.0, 3.0, 1.0, 2.0, -1.0, 1.0, 0.0, -1.0, 0.0, 2.0, 3.0, 0.0, 0.0, 0.0, 2.0, 2.0, 2.0, 2.0, -1.0, 2.0, 1.0, 0.0, 2.0, 1.0, 1.0, 3.0, 0.0, 1.0, 97322.0, 533.0, 99501.0
1.0, 2.0, 2.0, 0.0, 2.0, -1.0, 0.0, -1.0, 3.0, 1.0, 0.0, 1.0, -1.0, -1.0, -1.0, 0.0, 2.0, -1.0, -1.0, 3.0, 1.0, 1.0, -1.0, 0.0, 1.0, -1.0, -1.0, -1.0, 2.0, 1.0, -1.0, 2.0, -1.0, -1.0, 2.0, 0.0, 1.0, 2.0, 1.0, 2.0, 0.0, 0.0, 2.0, -1.0, 2.0, 0.0, 1.0, 0.0, 3.0, -1.0, 97241.0, 497.0, 99545.0
2.0, 0.0, -1.0, 2.0, 1.0, 0.0, 1.0, 0.0, 2.0, 0.0, 1.0, 0.0, 1.0, 1.0, -1.0, 0.0, 1.0, 0.0, 2.0, -1.0, 0.0, 1.0, 2.0, -1.0, 3.0, 3.0, -1.0, 1.0, 1.0, 3.0, 1.0, 2.0, -1.0, 2.0, 0.0, 0.0, 1.0, -1.0, -1.0, 2.0, 0.0, 3.0, -1.0, 1.0, 2.0, 2.0, 3.0, 3.0, 2.0, 2.0, 97079.0, 585.0, 99452.0
0.0, 2.0, 3.0, 3.0, 2.0, -1.0, 1.0, 3.0, -1.0, -1.0, 2.0, 1.0, 3.0, 0.0, 2.0, 1.0, 2.0, -1.0, 1.0, 0.0, 3.0, 0.0, 3.0, -1.0, -1.0, 1.0, 0.0, 1.0, 2.0, -1.0, 2.0, 2.0, -1.0, 2.0, -1.0, 3.0, 0.0, -1.0, 0.0, 3.0, 3.0, 2.0, 3.0, 1.0, 1.0, 2.0, 1.0, 0.0, 1.0, 0.0, 97132.0, 580.0, 99452.0
0.0, 3.0, 2.0, 3.0, 0.0, -1.0, 2.0, -1.0, 0.0, 2.0, 0.0, -1.0, 3.0, -1.0, -1.0, -1.0, 2.0, -1.0, 0.0, 2.0, 1.0, 0.0, 1.0, 3.0, -1.0, 2.0, 3.0, -1.0, 0.0, 3.0, 1.0, 2.0, 0.0, 2.0, 1.0, -1.0, 0.0, -1.0, 1.0, 0.0, 3.0, 0.0, 2.0, 0.0, 2.0, 3.0, 1.0, -1.0, 1.0, -1.0, 97192.0, 538.0, 99506.0
2.0, 0.0, -1.0, -1.0, 1.0, 0.0, 1.0, 0.0, 2.0, 0.0, 1.0, 0.0, 1.0, 1.0, -1.0, -1.0, 1.0, 0.0, 2.0, -1.0, 0.0, 1.0, 2.0, -1.0, 3.0, 3.0, -1.0, 1.0, 1.0, 3.0, 1.0, 2.0, -1.0, 2.0, 0.0, 0.0, 1.0, -1.0, -1.0, 2.0, 0.0, 3.0, -1.0, 1.0, 2.0, 2.0, 3.0, 3.0, 2.0, 2.0, 97325.0, 553.0, 99488.0
2.0, 0.0, -1.0, 2.0, 1.0, 0.0, 1.0, 0.0, 2.0, 0.0, 1.0, 0.0, 1.0, 1.0, -1.0, 0.0, 1.0, 0.0, 2.0, -1.0, 0.0, 1.0, 2.0, -1.0, 3.0, 3.0, -1.0, 1.0, 1.0, 3.0, 1.0, 2.0, -1.0, 2.0, 0.0, 0.0, 1.0, -1.0, -1.0, 2.0, 0.0, 3.0, -1.0, 1.0, 2.0, 2.0, 3.0, 3.0, 2.0, 2.0, 97079.0, 585.0, 99452.0
0.0, 2.0, 3.0, 3.0, 2.0, -1.0, 1.0, 3.0, -1.0, -1.0, 2.0, 1.0, 3.0, 0.0, -1.0, 1.0, 2.0, -1.0, 1.0, 0.0, 3.0, 0.0, 3.0, -1.0, 0.0, 1.0, 0.0, 1.0, 2.0, -1.0, 2.0, 2.0, -1.0, 2.0, -1.0, 3.0, 0.0, -1.0, 0.0, 3.0, 3.0, 2.0, 3.0, 1.0, 1.0, 2.0, 1.0, 0.0, 1.0, -1.0, 97128.0, 562.0, 99462.0
